0 0.19531250 0.83593750 0.07421875 0.05078125
0 0.19433594 0.96582031 0.08007812 0.07226562
0 0.29003906 0.96582031 0.09570312 0.07226562
0 0.39257812 0.96582031 0.09375000 0.07226562
0 0.49511719 0.96386719 0.09570312 0.07226562
0 0.59765625 0.96289062 0.09375000 0.07812500
0 0.70214844 0.95996094 0.09179688 0.08398438
0 0.69531250 0.83007812 0.08593750 0.07031250
0 0.59863281 0.83203125 0.08789062 0.07031250
0 0.49414062 0.82910156 0.08593750 0.06445312
0 0.39062500 0.82910156 0.08984375 0.06445312
0 0.28808594 0.82910156 0.08789062 0.06445312
