0 0.51464844 0.66503906 0.06054688 0.02148438
0 0.51660156 0.64257812 0.06054688 0.01953125
0 0.51855469 0.62109375 0.06054688 0.02343750
0 0.51757812 0.59179688 0.06250000 0.01953125
0 0.51953125 0.54785156 0.06640625 0.03320312
0 0.49707031 0.51269531 0.04882812 0.02539062
0 0.49707031 0.48730469 0.04882812 0.02539062
0 0.49804688 0.46093750 0.04687500 0.02734375
0 0.50683594 0.42187500 0.03710938 0.02734375
0 0.50976562 0.39257812 0.03515625 0.02734375
0 0.54492188 0.34960938 0.05078125 0.03125000
0 0.08105469 0.02734375 0.11132812 0.05078125
