0 0.87988281 0.04199219 0.19335938 0.08007812
0 0.96875000 0.78515625 0.06640625 0.16015625
0 0.86328125 0.99316406 0.04296875 0.01757812
0 0.93164062 0.93457031 0.14062500 0.13476562
0 0.09863281 0.95019531 0.19335938 0.10351562
0 0.32128906 0.92187500 0.35351562 0.16015625
0 0.06738281 0.82421875 0.13085938 0.15625000
0 0.29492188 0.72851562 0.58593750 0.35937500
0 0.56835938 0.75488281 0.15234375 0.14648438
0 0.38574219 0.66210938 0.17382812 0.15625000
0 0.15722656 0.54394531 0.22070312 0.18164062
0 0.85449219 0.19824219 0.15039062 0.14648438
0 0.65917969 0.09863281 0.17382812 0.15820312
0 0.45703125 0.04101562 0.19140625 0.07812500
0 0.39257812 0.44921875 0.63671875 0.38671875
0 0.71093750 0.47753906 0.15234375 0.14648438
0 0.52832031 0.38378906 0.17382812 0.15820312
0 0.30078125 0.26464844 0.21875000 0.18164062
0 0.53320312 0.18359375 0.63671875 0.36328125
