0 0.32519531 0.42382812 0.07617188 0.08593750
0 0.43847656 0.42285156 0.11523438 0.08789062
0 0.56835938 0.42187500 0.11718750 0.08984375
0 0.70019531 0.42187500 0.11523438 0.08984375
0 0.83203125 0.42187500 0.10937500 0.08593750
0 0.92089844 0.42187500 0.03710938 0.08593750
0 0.32324219 0.58300781 0.07226562 0.02929688
0 0.32714844 0.54101562 0.07617188 0.04296875
0 0.43847656 0.53906250 0.11132812 0.03906250
0 0.43066406 0.58398438 0.09960938 0.02734375
0 0.57031250 0.54003906 0.10937500 0.03710938
0 0.56933594 0.58496094 0.11132812 0.02539062
0 0.70019531 0.54003906 0.11132812 0.03710938
0 0.69824219 0.58496094 0.11132812 0.02539062
0 0.83398438 0.53906250 0.11328125 0.03906250
0 0.82910156 0.58203125 0.11132812 0.02734375
0 0.93261719 0.58203125 0.06054688 0.02734375
0 0.93652344 0.53808594 0.06054688 0.04101562
0 0.32617188 0.67871094 0.07421875 0.04101562
0 0.41210938 0.67871094 0.07421875 0.04101562
0 0.50000000 0.67871094 0.07421875 0.04101562
0 0.58691406 0.67773438 0.07226562 0.04296875
0 0.67480469 0.67773438 0.07617188 0.04296875
0 0.76171875 0.67773438 0.07421875 0.03906250
0 0.84863281 0.67675781 0.07226562 0.04101562
0 0.93554688 0.67675781 0.07421875 0.04101562
0 0.91601562 0.79199219 0.10156250 0.04101562
0 0.91503906 0.84082031 0.10351562 0.04492188
0 0.80664062 0.79199219 0.10156250 0.04101562
0 0.80273438 0.84570312 0.10156250 0.03906250
0 0.69726562 0.79101562 0.10546875 0.03906250
0 0.69628906 0.84179688 0.09960938 0.03515625
0 0.57617188 0.79101562 0.10546875 0.03906250
0 0.57128906 0.84179688 0.09960938 0.03906250
0 0.34863281 0.79296875 0.11132812 0.04296875
0 0.46093750 0.79687500 0.10156250 0.04687500
0 0.34765625 0.84375000 0.10546875 0.03906250
0 0.45996094 0.84570312 0.10351562 0.03906250
