0 0.93945312 0.79687500 0.12500000 0.14453125
0 0.78906250 0.79394531 0.15234375 0.14257812
0 0.61523438 0.79296875 0.15625000 0.14062500
0 0.44335938 0.79101562 0.16796875 0.14062500
0 0.27929688 0.78808594 0.14453125 0.14257812
0 0.12500000 0.78613281 0.12109375 0.14257812
0 0.01953125 0.78320312 0.03515625 0.14453125
0 0.94140625 0.49511719 0.12109375 0.09960938
0 0.79199219 0.46972656 0.15429688 0.14257812
0 0.62011719 0.46777344 0.15429688 0.14257812
0 0.44531250 0.46289062 0.16796875 0.14453125
0 0.28222656 0.46093750 0.14257812 0.14453125
0 0.12109375 0.46093750 0.12890625 0.14062500
0 0.02441406 0.45898438 0.04492188 0.14453125
0 0.94531250 0.17675781 0.11328125 0.09570312
0 0.79687500 0.15136719 0.15234375 0.14257812
0 0.62500000 0.17285156 0.15234375 0.09570312
0 0.44921875 0.14550781 0.16796875 0.14648438
0 0.28710938 0.14550781 0.14062500 0.15039062
0 0.13574219 0.13671875 0.11523438 0.14843750
0 0.02636719 0.13964844 0.04882812 0.14648438
