0 0.60253906 0.31054688 0.05273438 0.16015625
0 0.59667969 0.60351562 0.04882812 0.16015625
0 0.67382812 0.58203125 0.04687500 0.07812500
0 0.75097656 0.58496094 0.04882812 0.07617188
0 0.82910156 0.58496094 0.04882812 0.07617188
0 0.90527344 0.58593750 0.04882812 0.07421875
0 0.98046875 0.60937500 0.04296875 0.16015625
0 0.97753906 0.90039062 0.04882812 0.16406250
0 0.90039062 0.87695312 0.04687500 0.08203125
0 0.82421875 0.87695312 0.04687500 0.07812500
0 0.74511719 0.87792969 0.04882812 0.07226562
0 0.66894531 0.87500000 0.04882812 0.07421875
0 0.59277344 0.89257812 0.04882812 0.16015625
