0 0.16601562 0.25585938 0.32812500 0.23828125
0 0.17871094 0.38476562 0.29492188 0.17968750
0 0.01855469 0.29394531 0.02929688 0.08007812
0 0.11035156 0.56152344 0.21679688 0.20117188
0 0.05371094 0.67480469 0.10351562 0.13867188
0 0.03906250 0.88183594 0.07421875 0.13085938
0 0.55566406 0.91699219 0.39257812 0.16992188
0 0.71777344 0.86035156 0.56835938 0.28320312
0 0.75292969 0.73437500 0.49804688 0.35937500
0 0.79003906 0.59082031 0.42382812 0.31054688
0 0.82324219 0.41601562 0.35742188 0.27734375
0 0.87109375 0.23730469 0.26171875 0.22851562
0 0.89648438 0.09960938 0.21093750 0.19531250
0 0.39257812 0.04980469 0.23046875 0.09570312
0 0.29492188 0.10546875 0.24609375 0.19921875
0 0.08007812 0.03710938 0.15625000 0.07031250
