0 0.05957031 0.79101562 0.11523438 0.11718750
0 0.02929688 0.89746094 0.05468750 0.08007812
0 0.28320312 0.98339844 0.08984375 0.03710938
0 0.44921875 0.94921875 0.21875000 0.10546875
0 0.87109375 0.95214844 0.22265625 0.09960938
0 0.63964844 0.87109375 0.20117188 0.16796875
0 0.44335938 0.77148438 0.17578125 0.15625000
0 0.83886719 0.82617188 0.31835938 0.24609375
0 0.87597656 0.65820312 0.25195312 0.22656250
0 0.84667969 0.50292969 0.31054688 0.25976562
0 0.88867188 0.33300781 0.22656250 0.19335938
0 0.95410156 0.16894531 0.09570312 0.13085938
0 0.98828125 0.03222656 0.02734375 0.06054688
