0 0.18959141 0.25803052 0.18875162 0.24543362 0.00987565 0.24207445 0.00567668 0.33697109 0.20638727 0.34284964 0.20302810 0.25803052 0.18959141 0.25803052
0 0.21226583 0.23619590 0.21058624 0.34117006 0.25425549 0.34033026 0.25005653 0.23787548 0.21226583 0.23619590
0 0.28196867 0.24627342 0.28112888 0.25887032 0.25929425 0.25971011 0.25677487 0.34452923 0.45496609 0.34704861 0.45328650 0.26642846 0.43901001 0.26558866 0.43901001 0.25299176 0.28196867 0.24627342
0 0.83559292 0.26748455 0.80181599 0.18757327 0.78781092 0.19334007 0.78286795 0.17933500 0.78039647 0.17521586 0.67412270 0.22382169 0.71366643 0.31856187 0.83559292 0.26748455
0 1.00000000 0.26879008 0.92209482 0.30290914 0.96987682 0.41000673 1.00000000 0.39698050 1.00000000 0.26879008
0 0.44916617 0.55000000 0.45215938 0.58123906 0.38947656 0.57897500 0.38125000 0.68010469 0.38125000 0.72652031 0.38191094 0.72656250 0.51875000 0.72656250 0.51875000 0.55103078 0.50612238 0.55000000 0.44916617 0.55000000
0 0.81716654 1.00000000 0.84982344 0.88287031 0.81917344 0.87601875 0.78678866 1.00000000 0.81716654 1.00000000
0 0.85755734 1.00000000 0.88941406 0.89565469 0.85400000 0.88967188 0.82712514 1.00000000 0.85755734 1.00000000
0 0.90200500 1.00000000 0.92852813 0.89892656 0.90324844 0.88831250 0.87450847 1.00000000 0.90200500 1.00000000
0 0.93249240 1.00000000 0.95791719 0.90580781 0.94192500 0.90076563 0.91651883 1.00000000 0.93249240 1.00000000
0 0.77965469 0.80026562 0.74970313 0.79522344 0.70577812 0.96543594 0.73190156 0.97110312 0.77965469 0.80026562
0 0.73671094 0.79234688 0.70916563 0.78555000 0.66357344 0.94958438 0.68737969 0.95824688 0.73671094 0.79234688
0 0.69923594 0.78259062 0.66985937 0.77510937 0.62360938 0.93965312 0.64935938 0.94812344 0.69923594 0.78259062
0 0.65666875 0.77040625 0.62887031 0.76379219 0.58323594 0.92736875 0.60776875 0.93394687 0.65666875 0.77040625
