0 0.27016492 0.09408155 0.27500335 0.07079445 0.20407448 0.04957299 0.15526191 0.03986882 0.15054096 0.06259042 0.13231604 0.05956763 0.06468992 0.36084713 0.17355850 0.39390624 0.19859852 0.40010978 0.27016492 0.09408155
0 0.42822178 0.25049864 0.28231118 0.20711366 0.26887292 0.28149856 0.41493025 0.31446994 0.42822178 0.25049864
0 0.59895833 0.26433974 0.43343107 0.21481504 0.42903671 0.23522851 0.39773115 0.22896681 0.37130689 0.37358360 0.59895833 0.43362311 0.59895833 0.26433974
0 1.00000000 0.25671029 0.60422199 0.12973928 0.59918195 0.15399667 0.99640097 0.28142998 1.00000000 0.26410807 1.00000000 0.25671029
0 1.00000000 0.19450088 0.61631808 0.07152154 0.61127804 0.09577893 1.00000000 0.22207448 1.00000000 0.19450088
0 1.00000000 0.13068214 0.62875028 0.01168613 0.62337414 0.03756119 1.00000000 0.15827889 1.00000000 0.13068214
0 0.69991639 0.00000000 1.00000000 0.09618406 1.00000000 0.06858726 0.78601804 0.00000000 0.69991639 0.00000000
0 0.62751484 0.22431051 0.76295345 0.26826772 0.76832928 0.24239418 0.63255488 0.20005312 0.62751484 0.22431051
0 0.00000000 0.66473810 0.02831160 0.67399750 0.03492666 0.64215967 0.06271819 0.64403339 0.06775483 0.61333364 0.07217506 0.61143548 0.10976223 0.62429165 0.10851920 0.66256776 0.17232290 0.68487808 0.18906217 0.68827603 0.19757064 0.65378403 0.23673622 0.66550212 0.24177286 0.63480238 0.20576410 0.62080812 0.20543551 0.59655480 0.14289522 0.57462248 0.13689659 0.57765873 0.13343156 0.59433569 0.00000000 0.55141700 0.00000000 0.66473810
0 0.91650544 0.73419739 0.91498949 0.74239374 0.91309059 0.74393183 0.91157464 0.75212818 0.90967574 0.75366627 0.90815969 0.76186314 0.90626079 0.76340123 0.90474484 0.77159758 0.90284555 0.77313554 0.90132960 0.78133189 0.89943070 0.78286998 0.89791475 0.79106633 0.89601575 0.79260495 0.89525783 0.79670286 0.89677776 0.79721372 0.89791874 0.79977354 0.89678175 0.80592093 0.89830208 0.80643192 0.89944305 0.80899173 0.89906399 0.81104121 0.90020497 0.81360103 0.89944704 0.81769894 0.90552718 0.81974252 0.90666816 0.82230234 0.90628910 0.82435182 0.91540951 0.82741725 0.91655048 0.82997707 0.91579246 0.83407550 0.92035266 0.83560822 0.92149363 0.83816804 0.92111467 0.84021699 0.92567487 0.84174971 0.92681585 0.84430953 0.92605783 0.84840796 0.92757776 0.84891882 0.92871913 0.85147877 0.92834016 0.85352773 0.93289998 0.85506031 0.93404086 0.85762066 0.93366189 0.85966961 0.94278230 0.86273504 0.94392327 0.86529486 0.94316535 0.86939277 0.94544759 0.87451306 0.94848746 0.87553478 0.94962883 0.87809473 0.94924977 0.88014421 0.95380958 0.88167680 0.95495056 0.88423662 0.95457160 0.88628557 0.95761186 0.88730743 0.95875283 0.88986724 0.96027316 0.89037824 0.96141414 0.89293805 0.96103508 0.89498753 0.96559489 0.89652012 0.96673625 0.89908007 0.96597823 0.90317850 0.97205837 0.90522208 0.99366072 0.78842376 0.98910052 0.78689104 0.98795954 0.78433123 0.98833851 0.78228227 0.98377830 0.78074955 0.98263743 0.77818921 0.98339535 0.77409130 0.97883515 0.77255859 0.97769418 0.76999877 0.97807314 0.76794981 0.97351293 0.76641710 0.97237206 0.76385675 0.97275102 0.76180780 0.96819082 0.76027508 0.96704984 0.75771527 0.96742890 0.75566579 0.96628754 0.75310584 0.96324766 0.75208411 0.96210669 0.74952430 0.96248565 0.74747534 0.95640551 0.74543176 0.95526415 0.74287181 0.95564321 0.74082233 0.94652319 0.73775703 0.94538221 0.73519721 0.94614024 0.73109878 0.94461991 0.73058779 0.94347894 0.72802797 0.94385790 0.72597902 0.93321756 0.72240272 0.93207658 0.71984290 0.93245554 0.71779395 0.93093561 0.71728309 0.92979473 0.71472274 0.93055265 0.71062483 0.92599245 0.70909212 0.92523453 0.71319003 0.92333553 0.71472865 0.92181967 0.72292447 0.91992029 0.72446295 0.91840434 0.73265930 0.91650544 0.73419739
0 0.63340411 0.64992722 0.63492412 0.65043811 0.63606512 0.65299849 0.63758517 0.65350939 0.63872623 0.65606923 0.64024624 0.65658012 0.64138733 0.65913998 0.64290739 0.65965088 0.64404844 0.66221072 0.64556846 0.66272161 0.64670935 0.66528140 0.64822968 0.66579239 0.64937056 0.66835274 0.65089050 0.66886360 0.65203186 0.67142355 0.65355180 0.67193441 0.65469277 0.67449423 0.65621271 0.67500509 0.65735359 0.67756543 0.65887391 0.67807642 0.66001489 0.68063624 0.66305515 0.68165809 0.66419613 0.68421791 0.66571607 0.68472877 0.66951387 0.68165259 0.66989293 0.67960311 0.67748941 0.67345047 0.67786837 0.67140152 0.68736336 0.66371065 0.68774242 0.66166117 0.69723741 0.65397031 0.69761638 0.65192136 0.70141428 0.64884465 0.70179324 0.64679569 0.69837032 0.63911624 0.69685038 0.63860538 0.69114492 0.62580498 0.68962498 0.62529412 0.68391982 0.61249438 0.68239949 0.61198339 0.67669432 0.59918364 0.67517438 0.59867278 0.66946932 0.58587252 0.66794938 0.58536165 0.66224390 0.57256181 0.66072388 0.57205092 0.65501864 0.55925115 0.65349858 0.55874025 0.64779330 0.54594047 0.64627329 0.54542958 0.64056804 0.53262981 0.63904799 0.53211891 0.63334282 0.51931862 0.63182279 0.51880772 0.61438932 0.61306596 0.62237665 0.63098596 0.62389666 0.63149685 0.63074300 0.64685648 0.63226305 0.64736738 0.63340411 0.64992722
0 0.64281512 0.45937500 0.63637063 0.49421868 0.64207588 0.50701845 0.64359593 0.50752935 0.64816003 0.51776980 0.64968008 0.51828070 0.65424437 0.52852010 0.65576438 0.52903099 0.66032848 0.53927144 0.66184849 0.53978233 0.66755358 0.55258204 0.66907391 0.55309303 0.67363810 0.56333296 0.67515804 0.56384382 0.67972223 0.57408374 0.68124217 0.57459461 0.68694734 0.58739435 0.68846766 0.58790534 0.69303186 0.59814526 0.69455179 0.59865613 0.69911598 0.60889605 0.70063592 0.60940691 0.70634109 0.62220665 0.70786142 0.62271765 0.71242561 0.63295757 0.71394555 0.63346843 0.71964264 0.62885428 0.72002170 0.62680480 0.72571889 0.62219013 0.72609785 0.62014117 0.73369355 0.61398828 0.73407251 0.61193932 0.73976970 0.60732465 0.74014867 0.60527569 0.74774476 0.59912293 0.74622482 0.59861206 0.74051965 0.58581232 0.73899932 0.58530133 0.73329426 0.57250106 0.73177432 0.57199020 0.72606915 0.55919046 0.72454921 0.55867960 0.71884366 0.54587973 0.71732372 0.54536886 0.71047729 0.53000865 0.70895735 0.52949779 0.70325218 0.51669805 0.70173224 0.51618718 0.69374474 0.49826768 0.69222480 0.49775682 0.68423739 0.47983678 0.68271746 0.47932592 0.67473005 0.46140589 0.67321003 0.46089500 0.67253252 0.45937500 0.64281512 0.45937500
0 0.69125115 0.45937500 0.69068857 0.46241673 0.69372844 0.46343845 0.69486939 0.46599843 0.69411142 0.47009655 0.69563136 0.47060741 0.69791362 0.47572760 0.69943356 0.47623846 0.70057493 0.47879841 0.70019596 0.48084736 0.70171590 0.48135822 0.70285678 0.48391856 0.70247782 0.48596752 0.70551769 0.48698924 0.70665905 0.48954919 0.70628009 0.49159815 0.70931997 0.49261987 0.71046133 0.49517982 0.70970331 0.49927825 0.71274318 0.50029998 0.71388416 0.50285980 0.71350510 0.50490927 0.71806530 0.50644199 0.71844436 0.50439251 0.72034326 0.50285442 0.72946367 0.50591985 0.73060465 0.50847967 0.73022558 0.51052915 0.73136656 0.51308897 0.73288689 0.51359996 0.74087391 0.53151986 0.74239423 0.53203085 0.74924037 0.54739041 0.75076031 0.54790127 0.75760684 0.56326096 0.75912678 0.56377183 0.76597282 0.57913191 0.76749315 0.57964290 0.77548017 0.59756280 0.77700050 0.59807379 0.78384664 0.61343335 0.78536658 0.61394421 0.79221301 0.62930443 0.79373295 0.62981529 0.80057948 0.64517498 0.80209942 0.64568584 0.81122780 0.66616569 0.81274774 0.66667655 0.81959417 0.68203677 0.82111411 0.68254763 0.82910152 0.70046766 0.83062145 0.70097852 0.84545500 0.73425811 0.84697533 0.73476910 0.85039816 0.74244908 0.85799863 0.74500365 0.85837769 0.74295417 0.86027659 0.74141608 0.86331646 0.74243780 0.86445345 0.73629041 0.86635235 0.73475232 0.86976321 0.71631067 0.87166250 0.71477271 0.87279949 0.70862532 0.87469849 0.70708670 0.87773875 0.70810855 0.88001263 0.69581430 0.88191153 0.69427621 0.88456446 0.67993247 0.88646337 0.67839438 0.88911630 0.66405064 0.89101520 0.66251255 0.88341512 0.65995811 0.88227424 0.65739776 0.88265321 0.65534881 0.87961294 0.65432695 0.87847197 0.65176714 0.87885093 0.64971818 0.87581105 0.64869646 0.87466969 0.64613651 0.87504875 0.64408703 0.86896861 0.64204345 0.86782764 0.63948363 0.86858566 0.63538520 0.86554578 0.63436347 0.86440442 0.63180353 0.86478338 0.62975457 0.85870324 0.62771099 0.85756227 0.62515117 0.85832029 0.62105274 0.85680035 0.62054188 0.85490135 0.62208050 0.85186109 0.62105864 0.85072021 0.61849830 0.85147814 0.61440039 0.84387806 0.61184595 0.84273679 0.60928548 0.84425264 0.60108965 0.84121277 0.60006793 0.84007150 0.59750746 0.84045046 0.59545850 0.83437071 0.59341506 0.83322935 0.59085511 0.83360841 0.58880563 0.82904821 0.58727291 0.82790723 0.58471309 0.82866516 0.58061518 0.82410534 0.57908260 0.82296398 0.57652265 0.82334304 0.57447317 0.82182310 0.57396231 0.82068213 0.57140249 0.82106109 0.56935353 0.81650089 0.56782082 0.81536001 0.56526048 0.81611793 0.56116257 0.81459800 0.56065170 0.81345663 0.55809176 0.81383560 0.55604280 0.81079572 0.55502108 0.80965445 0.55246060 0.81079144 0.54631321 0.80623163 0.54478063 0.80509065 0.54222081 0.80584858 0.53812290 0.80128837 0.53659018 0.80014701 0.53403024 0.80052607 0.53198076 0.79900613 0.53146990 0.79786516 0.52891008 0.79824412 0.52686112 0.79672418 0.52635026 0.79558330 0.52378992 0.79634123 0.51969201 0.79330097 0.51867015 0.79215999 0.51611034 0.79253895 0.51406138 0.78949869 0.51303953 0.78835781 0.51047918 0.78873677 0.50843023 0.78113670 0.50587579 0.77999533 0.50331584 0.78151130 0.49511939 0.77391122 0.49256495 0.77277028 0.49000498 0.77314927 0.48795586 0.77010900 0.48693401 0.76896805 0.48437408 0.76934703 0.48232503 0.76782709 0.48181416 0.76668615 0.47925419 0.76744412 0.47515601 0.76592418 0.47464515 0.76478284 0.47208510 0.76516183 0.47003599 0.76212196 0.46901426 0.76098062 0.46645416 0.76135960 0.46440510 0.75983967 0.46389424 0.75869871 0.46133431 0.75906109 0.45937500 0.69125115 0.45937500
