0 0.22499280 0.21820611 0.28303226 0.39718303 0.28496420 0.39730753 0.36524217 0.37878018 0.36943442 0.33889364 0.32186097 0.19984979 0.31146200 0.19875681 0.22499280 0.21820611
0 0.07661630 0.56875000 0.09150380 0.42710490 0.00000000 0.42490330 0.00000000 0.51408380 0.00380646 0.56875000 0.07661630 0.56875000
0 0.85299511 0.19447503 0.85284387 0.19668496 0.89168604 0.20295510 0.89410530 0.16760295 0.84519278 0.15970720 0.84390550 0.15726505 0.79355409 0.14913703 0.79189084 0.17344177 0.79030076 0.17541887 0.78166929 0.17402552 0.78121567 0.18065420 0.85170742 0.19203339 0.85299511 0.19447503
0 0.76985799 0.17658700 0.77031162 0.16995833 0.76168015 0.16856499 0.76039245 0.16612334 0.76054365 0.16391398 0.75047366 0.16228842 0.74918601 0.15984621 0.74963963 0.15321754 0.75122971 0.15124045 0.76129970 0.15286601 0.76250933 0.13518993 0.74380750 0.13217097 0.74221779 0.13414813 0.72207708 0.13089690 0.72078976 0.12845532 0.72094095 0.12624595 0.71518652 0.12531703 0.71389920 0.12287545 0.69088145 0.11915979 0.68861339 0.15230257 0.68990071 0.15474415 0.72874324 0.16101434 0.73003056 0.16345592 0.72957694 0.17008459 0.76985799 0.17658700
0 0.68285895 0.15137365 0.68512702 0.11823087 0.66498638 0.11497965 0.66271831 0.14812243 0.68285895 0.15137365
0 0.65136068 0.14405467 0.65362870 0.11091246 0.64068124 0.10882240 0.63841321 0.14196461 0.65136068 0.14405467
0 0.83526951 0.11342641 0.83542070 0.11121704 0.79513929 0.10471458 0.79498809 0.10692395 0.83526951 0.11342641
0 0.64961532 0.10579647 0.65173216 0.07486363 0.64310050 0.07347026 0.64098367 0.10440310 0.64961532 0.10579647
0 0.80581446 0.09750216 0.80626808 0.09087349 0.79619772 0.08924787 0.79574410 0.09587654 0.80581446 0.09750216
0 0.72941704 0.08740398 0.73070436 0.08984556 0.77673985 0.09727688 0.77832993 0.09529979 0.78120696 0.09576422 0.78279671 0.09378650 0.79142855 0.09517990 0.79203337 0.08634186 0.76182230 0.08146502 0.76053498 0.07902343 0.76068618 0.07681406 0.76227589 0.07483691 0.76803069 0.07576589 0.76931801 0.07820747 0.78945835 0.08145864 0.78976078 0.07703934 0.76386600 0.07285925 0.76257831 0.07041761 0.76288074 0.06599831 0.76447082 0.06402122 0.79036560 0.06820130 0.79157522 0.05052534 0.76568044 0.04634526 0.76552926 0.04855451 0.76393914 0.05053217 0.70783367 0.04147529 0.70654601 0.03903309 0.70669720 0.03682383 0.67217077 0.03125037 0.66990271 0.06439304 0.67119014 0.06683463 0.67073652 0.07346330 0.72828095 0.08275247 0.72956827 0.08519405 0.72941704 0.08740398
0 0.64385655 0.06242229 0.65968127 0.06497681 0.66210052 0.02962477 0.66081310 0.02718306 0.64642701 0.02486077 0.64385655 0.06242229
0 0.62968750 0.59022538 0.42358755 0.57538988 0.41870245 0.60722140 0.41599925 0.60872065 0.40700037 0.66735773 0.40429657 0.66885684 0.40249678 0.68058434 0.40468640 0.68243570 0.46584230 0.68683783 0.46803129 0.68868913 0.49738619 0.69080216 0.49867173 0.68242556 0.50137491 0.68092640 0.57231578 0.68603287 0.57450539 0.68788422 0.61364527 0.69070159 0.61634845 0.68920243 0.61737689 0.68250106 0.62278394 0.67950235 0.62767611 0.67985450 0.62968750 0.68155605 0.62968750 0.59022538
0 0.03135717 0.56875000 0.01072363 0.70319897 0.03273978 0.70478374 0.03492889 0.70663549 0.04960634 0.70769200 0.05114904 0.69763974 0.05385234 0.69614058 0.07831495 0.69790145 0.08050395 0.69975276 0.14899873 0.70468316 0.15028426 0.69630655 0.15298751 0.69480697 0.22882117 0.70026563 0.22959245 0.69523992 0.22740346 0.69338862 0.22766062 0.69171295 0.23036380 0.69021379 0.34289126 0.69831375 0.34391970 0.69161238 0.34662288 0.69011322 0.38331667 0.69275451 0.39257264 0.63244220 0.39527589 0.63094261 0.40401761 0.57398120 0.33134401 0.56875000 0.03135717 0.56875000
0 0.63124342 0.75583497 0.62974622 0.81356782 0.70034479 0.82032043 0.71020742 0.63175212 0.66850078 0.62666248 0.63324989 0.73360319 0.63124342 0.75583497
