0 0.03139465 0.00000000 0.02660034 0.04433007 0.04117866 0.04644516 0.04605583 0.00000000 0.03139465 0.00000000
0 0.08877334 0.00000000 0.08185379 0.05967457 0.20889664 0.07661798 0.21694224 0.00000000 0.08877334 0.00000000
0 0.26912272 0.00000000 0.26003356 0.06903746 0.27476933 0.07243491 0.28443585 0.00000000 0.26912272 0.00000000
0 0.31650179 0.00000000 0.30905540 0.07603526 0.32651334 0.08040016 0.33281554 0.00000000 0.31650179 0.00000000
0 0.36670659 0.00000000 0.35872978 0.07774617 0.37490536 0.08226852 0.38220976 0.00000000 0.36670659 0.00000000
0 0.41731608 0.00000000 0.40790907 0.08602633 0.42649191 0.08895141 0.43520322 0.00000000 0.41731608 0.00000000
0 1.00000000 0.34855769 1.00000000 0.00000000 0.77456632 0.00000000 0.78351859 0.07291038 0.78142575 0.07558909 0.78464828 0.10183445 0.78255544 0.10451316 0.76585379 0.10656387 0.77347066 0.16859831 0.77137782 0.17127702 0.78163119 0.25478405 0.77953782 0.25746345 0.78715462 0.31949728 0.83725896 0.31334524 0.83993835 0.31543861 0.84198898 0.33213965 0.87539167 0.32803832 0.87807046 0.33013177 0.87982815 0.34444703 0.91323145 0.34034562 0.91591017 0.34243846 0.91666151 0.34855769 1.00000000 0.34855769
0 0.00000000 0.69420080 0.02578576 0.94381575 0.19578315 0.91900611 0.17960650 0.76241060 0.17722077 0.76019513 0.17565532 0.74504108 0.14378067 0.74969291 0.14139488 0.74747680 0.11802010 0.75088815 0.11563438 0.74867268 0.10519785 0.64764353 0.00000000 0.66299624 0.00000000 0.69420080
0 0.46379020 0.88245645 0.43404606 0.59452305 0.32354722 0.61064940 0.35329135 0.89858280 0.46379020 0.88245645
0 0.30841196 0.61029462 0.26166240 0.61711731 0.25979847 0.61995297 0.20667442 0.62770597 0.23641856 0.91563936 0.34054182 0.90044348 0.31079769 0.61251008 0.30841196 0.61029462
0 0.54807692 0.67523607 0.53764754 0.57427603 0.45902333 0.58575055 0.48902837 0.87620952 0.54807692 0.86759189 0.54807692 0.67523607
0 0.43307753 0.54338892 0.43069174 0.54117281 0.41608060 0.39973200 0.30983196 0.41523806 0.32574764 0.56930736 0.39587198 0.55907332 0.39825777 0.56128943 0.43225725 0.55632750 0.43412111 0.55349119 0.43307753 0.54338892
0 0.30263383 0.57524492 0.28645718 0.41864941 0.18233392 0.43384530 0.19851057 0.59044080 0.30263383 0.57524492
0 0.43020707 0.34855769 0.45112085 0.55101023 0.53399472 0.53891551 0.51433035 0.34855769 0.43020707 0.34855769
0 0.30294373 0.34855769 0.30800558 0.39755813 0.41425422 0.38205206 0.41079418 0.34855769 0.30294373 0.34855769
0 0.25727755 0.34855769 0.17476745 0.36059932 0.17815932 0.39343376 0.17629540 0.39626963 0.17812179 0.41394969 0.19087187 0.41208893 0.19325762 0.41430459 0.28463080 0.40096947 0.27921656 0.34855769 0.25727755 0.34855769
0 0.04126315 0.61338969 0.16026143 0.59602293 0.16212529 0.59318662 0.13864314 0.36587135 0.01752003 0.38354822 0.04126315 0.61338969
0 0.00000000 0.61684739 0.02825232 0.61272421 0.00477017 0.38540895 0.00000000 0.38610511 0.00000000 0.61684739
0 0.72174698 1.00000000 0.72014722 0.98121878 0.72168415 0.97838311 0.72017816 0.96070285 0.71316950 0.96194333 0.71120232 0.95972787 0.70769776 0.96034815 0.70573053 0.95813203 0.70551540 0.95560647 0.70025879 0.95653685 0.70262533 0.98432003 0.70108840 0.98715569 0.70218247 1.00000000 0.72174698 1.00000000
0 0.68973228 1.00000000 0.68946856 0.99690391 0.69100549 0.99406824 0.68863895 0.96628506 0.69017632 0.96344931 0.68953089 0.95587196 0.68756327 0.95365658 0.68055505 0.95489698 0.67662019 0.95046548 0.66961152 0.95170596 0.67111751 0.96938622 0.66958058 0.97222189 0.67087144 0.98737659 0.66933451 0.99021225 0.67016823 1.00000000 0.68973228 1.00000000
0 0.65949651 1.00000000 0.65925160 0.99712480 0.66078847 0.99428849 0.66014304 0.98671114 0.66167997 0.98387547 0.65467176 0.98511587 0.65270413 0.98290048 0.65424151 0.98006474 0.65359607 0.97248739 0.65513300 0.96965172 0.65448757 0.96207438 0.65602450 0.95923871 0.65494876 0.94660958 0.64794010 0.94785006 0.64597292 0.94563459 0.64575780 0.94310903 0.63874913 0.94434951 0.63678195 0.94213404 0.63721220 0.94718518 0.63567483 0.95002092 0.63632026 0.95759827 0.63478338 0.96043458 0.63521363 0.96548572 0.63367671 0.96832139 0.63432214 0.97589874 0.63278476 0.97873448 0.63321506 0.98378626 0.63167814 0.98662193 0.63232356 0.99419928 0.63078664 0.99703495 0.63779530 0.99579446 0.63976248 0.99800993 0.63993199 1.00000000 0.65949651 1.00000000
0 0.60979168 0.98024045 0.60825466 0.98307613 0.60868496 0.98812791 0.61065223 0.99034336 0.61108248 0.99539450 0.61984311 0.99384393 0.61941286 0.98879280 0.61744577 0.98657731 0.61723065 0.98405175 0.61876743 0.98121545 0.61790687 0.97111253 0.61944425 0.96827679 0.61858370 0.95817387 0.62012063 0.95533820 0.61926007 0.94523529 0.62079700 0.94239962 0.62058182 0.93987340 0.61182110 0.94142399 0.61028414 0.94426032 0.61114464 0.95436259 0.60960763 0.95719893 0.61046818 0.96730184 0.60893112 0.97013753 0.60979168 0.98024045
0 0.59140950 0.97323873 0.58987244 0.97607442 0.59073300 0.98617734 0.58919599 0.98901367 0.59970903 0.98715294 0.59927873 0.98210116 0.60081575 0.97926548 0.60017031 0.97168813 0.60170733 0.96885245 0.60084677 0.95874953 0.60238378 0.95591319 0.60173841 0.94833649 0.60327547 0.94550080 0.60284517 0.94044902 0.60109298 0.94075914 0.59912567 0.93854370 0.59386919 0.93947406 0.59233212 0.94230975 0.59319268 0.95241267 0.59165566 0.95524835 0.59230109 0.96282570 0.59076407 0.96566138 0.59140950 0.97323873
0 0.59519107 0.93411215 0.60395188 0.93256156 0.60591915 0.93477700 0.61467978 0.93322644 0.61424953 0.92817531 0.61578690 0.92533956 0.61753896 0.92502946 0.61950614 0.92724492 0.61972126 0.92977049 0.62848198 0.92821991 0.62826686 0.92569434 0.62980423 0.92285859 0.62937393 0.91780681 0.63091086 0.91497114 0.63069573 0.91244558 0.62872850 0.91022947 0.62786800 0.90012720 0.61735477 0.90198796 0.61756990 0.90451353 0.61603297 0.90734919 0.60902431 0.90858968 0.60705704 0.90637423 0.60684191 0.90384866 0.58581592 0.90757010 0.58710673 0.92272415 0.58556966 0.92555985 0.58599997 0.93061162 0.59476082 0.92906102 0.59672809 0.93127647 0.59519107 0.93411215
0 0.75752806 0.87717832 0.75731288 0.87465211 0.74680011 0.87651279 0.74701529 0.87903900 0.75752806 0.87717832
0 0.60641161 0.89879688 0.60619648 0.89627131 0.59743563 0.89782192 0.59765075 0.90034748 0.60641161 0.89879688
0 0.75491539 0.86738486 0.74265012 0.86955572 0.74068294 0.86734025 0.74046781 0.86481469 0.70016788 0.87194748 0.70213551 0.87416287 0.72491356 0.87013132 0.72688074 0.87234679 0.72534386 0.87518310 0.75513057 0.86991107 0.75491539 0.86738486
0 0.64056307 0.90300755 0.64120850 0.91058489 0.63967157 0.91342056 0.64031700 0.92099791 0.63878007 0.92383358 0.63921032 0.92888471 0.64621899 0.92764423 0.64818622 0.92986034 0.64840135 0.93238591 0.65365796 0.93145553 0.65562514 0.93367100 0.66789041 0.93150013 0.66985765 0.93371624 0.67007277 0.93624181 0.68759466 0.93314057 0.68956184 0.93535603 0.68999209 0.94040717 0.71101808 0.93668572 0.71298531 0.93890183 0.71320044 0.94142740 0.73072232 0.93832616 0.73268950 0.94054162 0.73311981 0.94559341 0.75064169 0.94249216 0.75217862 0.93965649 0.75153319 0.93207914 0.75307006 0.92924283 0.75220956 0.91914056 0.75374644 0.91630425 0.75353131 0.91377868 0.75506824 0.91094301 0.76207735 0.90970245 0.76164705 0.90465067 0.75639044 0.90558105 0.75442281 0.90336566 0.75399256 0.89831453 0.75552988 0.89547814 0.75509963 0.89042700 0.75334713 0.89073718 0.75137990 0.88852107 0.73561051 0.89131213 0.73364333 0.88909667 0.73342821 0.88657110 0.71941088 0.88905206 0.71744370 0.88683660 0.70517843 0.88900746 0.70321125 0.88679200 0.70299607 0.88426578 0.68547418 0.88736703 0.68350700 0.88515156 0.68329188 0.88262599 0.68132419 0.88040996 0.65504204 0.88506171 0.65307441 0.88284632 0.65264416 0.87779519 0.64388344 0.87934577 0.64409857 0.88187133 0.64256164 0.88470700 0.64320707 0.89228435 0.64167014 0.89512002 0.64210045 0.90017180 0.64056307 0.90300755
0 0.59553041 0.85457392 0.59399341 0.85741026 0.59224122 0.85772038 0.59267147 0.86277151 0.59968013 0.86153103 0.60164750 0.86374712 0.60186262 0.86627269 0.60032556 0.86910838 0.59506909 0.87003874 0.59353202 0.87287443 0.59374715 0.87540000 0.59221019 0.87823633 0.59307074 0.88833924 0.60007941 0.88709876 0.60204668 0.88931421 0.60226180 0.89183978 0.61803154 0.88904865 0.61999872 0.89126412 0.62021390 0.89379033 0.62218108 0.89600580 0.62371801 0.89317013 0.63072667 0.89192965 0.63051149 0.88940343 0.63204887 0.88656769 0.63140349 0.87899099 0.63294037 0.87615467 0.63251012 0.87110354 0.63404699 0.86826722 0.63361674 0.86321609 0.63164956 0.86100062 0.63143444 0.85847506 0.63297131 0.85563874 0.63472336 0.85532864 0.63429311 0.85027750 0.63582999 0.84744119 0.63496949 0.83733892 0.62095216 0.83981989 0.61898492 0.83760377 0.61876980 0.83507821 0.59774390 0.83879964 0.59795902 0.84132520 0.59642206 0.84416153 0.59685231 0.84921267 0.59531529 0.85204835 0.59356310 0.85235848 0.59553041 0.85457392
0 0.63410888 0.82723536 0.63389375 0.82470979 0.60410713 0.82998181 0.60432225 0.83250737 0.63410888 0.82723536
0 0.60023466 0.78451901 0.61600395 0.78172796 0.61993876 0.78615882 0.62015388 0.78868439 0.61861701 0.79152070 0.61511245 0.79214098 0.61314522 0.78992487 0.61293009 0.78739930 0.59365624 0.79081063 0.59387137 0.79333619 0.60263200 0.79178563 0.60459968 0.79400166 0.60502993 0.79905280 0.60349261 0.80188919 0.59297983 0.80374988 0.59341008 0.80880101 0.59516223 0.80849089 0.59712954 0.81070633 0.59755985 0.81575812 0.59602278 0.81859381 0.59777497 0.81828368 0.59974229 0.82049912 0.59820528 0.82333546 0.59294880 0.82426582 0.59337905 0.82931695 0.59863553 0.82838660 0.60017259 0.82555091 0.60367688 0.82493067 0.60346175 0.82240511 0.60499854 0.81956881 0.60696622 0.82178484 0.60718135 0.82431041 0.63696806 0.81903838 0.63610750 0.80893546 0.63764438 0.80609915 0.63742925 0.80357358 0.62866853 0.80512417 0.62670135 0.80290870 0.62494930 0.80321880 0.62101449 0.79878794 0.62255137 0.79595163 0.63481664 0.79378077 0.63438639 0.78872963 0.63592326 0.78589332 0.63942782 0.78527304 0.63899757 0.78022191 0.64053450 0.77738624 0.63967394 0.76728332 0.62390456 0.77007439 0.62193733 0.76785827 0.62172220 0.76533271 0.59193513 0.77060480 0.59215025 0.77313037 0.59915892 0.77188988 0.60112606 0.77410601 0.60155631 0.77915715 0.60001953 0.78199345 0.60023466 0.78451901
0 0.59328815 0.74472759 0.59175108 0.74756328 0.59218133 0.75261441 0.61671166 0.74827272 0.61867889 0.75048884 0.61714196 0.75332451 0.58910731 0.75828643 0.58932243 0.76081200 0.60158771 0.75864114 0.60355494 0.76085725 0.60377006 0.76338282 0.64407000 0.75625003 0.64363969 0.75119825 0.64517662 0.74836258 0.64388581 0.73320853 0.64542269 0.73037221 0.64520756 0.72784665 0.64170345 0.72846685 0.63973583 0.72625146 0.64127315 0.72341507 0.64652976 0.72248469 0.64631463 0.71995912 0.60601470 0.72709191 0.60622983 0.72961748 0.60469295 0.73245379 0.59067540 0.73493480 0.59110565 0.73998593 0.59307302 0.74220202 0.59328815 0.74472759
0 0.62310589 0.71893961 0.62289076 0.71641405 0.58259106 0.72354680 0.58280618 0.72607236 0.62310589 0.71893961
0 0.73220160 0.68424731 0.72344088 0.68579789 0.72387119 0.69084967 0.72583837 0.69306513 0.72712918 0.70821918 0.73588989 0.70666860 0.73416878 0.68646277 0.73220160 0.68424731
0 0.57475286 0.69416776 0.57650500 0.69385765 0.57847233 0.69607374 0.57868745 0.69859931 0.59971335 0.69487788 0.60168098 0.69709327 0.60211129 0.70214505 0.60057391 0.70498080 0.57954800 0.70870223 0.57997826 0.71375336 0.58348263 0.71313311 0.58544996 0.71534921 0.58566508 0.71787477 0.62596501 0.71074198 0.62793219 0.71295745 0.62836250 0.71800923 0.64763644 0.71459788 0.64677588 0.70449497 0.63275855 0.70697594 0.63079132 0.70475982 0.63036107 0.69970869 0.63189800 0.69687302 0.64241077 0.69501234 0.64219564 0.69248677 0.64022841 0.69027066 0.64176534 0.68743499 0.64155021 0.68490942 0.64308754 0.68207303 0.64834370 0.68114273 0.64812857 0.67861716 0.64966550 0.67578149 0.65141800 0.67547131 0.65120288 0.67294574 0.64923525 0.67073036 0.63521792 0.67321132 0.63325069 0.67099521 0.63303556 0.66846964 0.59098367 0.67591252 0.58901640 0.67369706 0.57149474 0.67679827 0.57192499 0.68184940 0.57367718 0.68153928 0.57564450 0.68375538 0.57607475 0.68880651 0.57453773 0.69164220 0.57475286 0.69416776
