0 0.00000000 0.24217153 0.02967398 0.17969914 0.01865892 0.17607876 0.00000000 0.21322422 0.00000000 0.24217153
0 0.00000000 0.31899543 0.06256131 0.19591061 0.04997285 0.18977228 0.00000000 0.29212714 0.00000000 0.31899543
0 0.01376508 0.34193882 0.02430787 0.34760487 0.09182957 0.20913185 0.08081451 0.20551146 0.01376508 0.34193882
0 0.05168700 0.36900880 0.14397582 0.41724921 0.26674256 0.16548007 0.17555485 0.12180329 0.05168700 0.36900880
0 0.18512544 0.42567199 0.19543208 0.43236088 0.25524074 0.31796366 0.24320284 0.31410713 0.18512544 0.42567199
0 0.23436570 0.44921875 0.31795478 0.26564638 0.30796255 0.26226214 0.22060899 0.44463756 0.22739131 0.44921875 0.23436570 0.44921875
0 0.27779827 0.44921875 0.35422503 0.28587092 0.34446894 0.28146384 0.26316312 0.44921875 0.27779827 0.44921875
0 0.32484286 0.44921875 0.39403607 0.30475821 0.38247046 0.29885602 0.30835069 0.44921875 0.32484286 0.44921875
0 1.00000000 0.16977554 0.73307072 0.09953257 0.72808970 0.13847262 0.88706857 0.17918478 0.88443243 0.19060318 0.81592203 0.17478631 0.80845296 0.20713844 0.90711869 0.23993972 0.91751029 0.26438831 0.92848934 0.26892753 0.93038995 0.29542482 1.00000000 0.31214003 1.00000000 0.16977554
0 0.00000000 0.94145703 0.04769245 0.95212716 0.06100579 0.94406489 0.06150519 0.94196868 0.07481840 0.93390695 0.07531780 0.93181074 0.08863157 0.92374913 0.08913109 0.92165238 0.10244430 0.91359065 0.10294370 0.91149444 0.11625704 0.90343217 0.11675644 0.90133596 0.13007021 0.89327435 0.13056960 0.89117813 0.14654545 0.88150360 0.14704485 0.87940739 0.16035806 0.87134566 0.16085746 0.86924945 0.17417136 0.86118730 0.17467075 0.85909109 0.18798396 0.85102936 0.18848349 0.84893261 0.20179671 0.84087088 0.20229610 0.83877466 0.21560931 0.83071293 0.21610871 0.82861672 0.22942205 0.82055445 0.22992145 0.81845824 0.24323521 0.81039663 0.24373474 0.80829988 0.25704795 0.80023815 0.25754735 0.79814194 0.26287304 0.79491700 0.14173096 0.76781413 0.14023265 0.77410330 0.13490696 0.77732825 0.08947882 0.76716470 0.08698172 0.77764630 0.08431921 0.77925856 0.04538041 0.77054687 0.04371669 0.76796671 0.04421609 0.76587049 0.04255194 0.76328967 0.04355073 0.75909724 0.01759199 0.75328955 0.01592811 0.75070935 0.01892472 0.73813100 0.00000000 0.73389701 0.00000000 0.94145703
0 0.00000000 0.71844029 0.28417446 0.78201806 0.29748768 0.77395633 0.29798707 0.77186012 0.30863778 0.76541065 0.30913718 0.76331444 0.31978789 0.75686497 0.32028741 0.75476822 0.33093799 0.74831929 0.33143751 0.74622254 0.34475073 0.73816081 0.34525012 0.73606460 0.35590083 0.72961513 0.35640035 0.72751838 0.36705093 0.72106945 0.36755046 0.71897270 0.38086367 0.71091097 0.38136307 0.70881475 0.39201378 0.70236529 0.39251330 0.70026854 0.40316388 0.69381961 0.40366340 0.69172286 0.41431411 0.68527339 0.41481350 0.68317718 0.42812672 0.67511545 0.42862624 0.67301870 0.43395181 0.66979429 0.31497284 0.64317537 0.31297514 0.65156076 0.31031263 0.65317303 0.27353750 0.64494540 0.27087431 0.64655808 0.25789508 0.64365426 0.25589750 0.65203911 0.25323487 0.65365191 0.21862284 0.64590823 0.21695870 0.64332741 0.21895628 0.63494256 0.21246694 0.63349071 0.21080334 0.63091002 0.19133367 0.62655411 0.18966995 0.62397395 0.19166765 0.61558856 0.02726054 0.57880609 0.00578520 0.66894914 0.00794845 0.66943312 0.00961231 0.67201331 0.00694966 0.67362554 0.00645014 0.67572229 0.00378749 0.67733453 0.00000000 0.69323258 0.00000000 0.71844029
0 0.05813296 0.44921875 0.03125595 0.56203532 0.44227400 0.65399154 0.44393771 0.65657170 0.45475383 0.65899157 0.45525323 0.65689536 0.46856645 0.64883362 0.46906597 0.64673687 0.48237974 0.63867527 0.48287913 0.63657905 0.49352929 0.63012946 0.49402868 0.62803325 0.50734258 0.61997111 0.50784197 0.61787489 0.52115519 0.60981316 0.52165458 0.60771695 0.53230529 0.60126748 0.53280469 0.59917127 0.54611803 0.59110900 0.54661742 0.58901279 0.55993064 0.58095106 0.56043016 0.57885431 0.56835938 0.57405351 0.56835938 0.53646693 0.48388856 0.51756845 0.48288971 0.52176115 0.48455396 0.52434154 0.48405453 0.52643791 0.48139143 0.52805021 0.43380017 0.51740272 0.43130305 0.52788443 0.42864052 0.52949680 0.38970171 0.52078510 0.38803802 0.51820483 0.39053514 0.50772312 0.36241301 0.50143142 0.36074878 0.49885097 0.36274648 0.49046558 0.17838491 0.44921875 0.05813296 0.44921875
0 0.31532459 0.44921875 0.31033222 0.45224206 0.30983279 0.45433844 0.30450717 0.45756305 0.44295526 0.48853776 0.44461949 0.49111821 0.56835938 0.51880227 0.56835938 0.50555378 0.31655788 0.44921875 0.31532459 0.44921875
0 0.99571746 0.51429909 0.89761807 0.47685485 0.87893499 0.52115764 0.90409655 0.53119413 0.89251658 0.55388562 0.87437875 0.54547068 0.82257601 0.66456321 0.92360880 0.69845720 0.99571746 0.51429909
