0 0.09299643 0.00000000 0.08527712 0.10566724 0.09737728 0.10487057 0.09817501 0.10478682 0.10724228 0.00000000 0.09299643 0.00000000
0 0.00787805 0.04029780 0.13830650 0.07077265 0.17612688 0.06680203 0.17594224 0.06426952 0.00989453 0.02485783 0.00787805 0.04029780
0 0.10287802 0.00000000 0.05219282 0.28517614 0.05742909 0.35699710 0.12256948 0.37670772 0.15585899 0.37321277 0.21439949 0.02521910 0.21428747 0.02056310 0.13485940 0.00000000 0.10287802 0.00000000
0 0.00000000 0.29798517 0.09055106 0.32203588 0.11871042 0.31907953 0.11825705 0.31286110 0.00000000 0.28169827 0.00000000 0.29798517
0 0.00000000 0.35033609 0.19380461 0.36305394 0.19276725 0.34882547 0.00000000 0.33169014 0.00000000 0.35033609
0 0.08363822 0.27998009 0.05138259 0.48919504 0.05513289 0.54063449 0.05572568 0.54057225 0.09786928 0.28689772 0.08363822 0.27998009
0 0.06635893 0.57968750 0.09260631 0.32652551 0.07805383 0.32805333 0.04962015 0.57968750 0.06635893 0.57968750
0 0.14647107 0.82534051 0.28125896 0.80962115 0.28443768 0.72772707 0.14953632 0.74188987 0.14647107 0.82534051
0 0.00000000 0.83857749 0.01393700 0.83611785 0.09599655 0.83220812 0.09889950 0.76445920 0.09375979 0.74774565 0.00000000 0.75758915 0.00000000 0.83857749
0 1.00000000 1.00000000 1.00000000 0.85869611 0.99905153 0.85852744 0.99035118 0.85161734 0.96146392 0.84738653 0.95436392 0.84883775 0.95394712 0.84023454 0.92631257 0.83719443 0.91928183 0.84007980 0.91775064 0.83315107 0.89095211 0.82270002 0.88663600 0.83227066 0.88134658 0.82176827 0.85336449 0.81155911 0.85169375 0.82638087 0.84389739 0.81349411 0.82197148 0.80494222 0.81862994 0.80997022 0.81111314 0.80281822 0.78313105 0.79260906 0.77589121 0.79119211 0.74693469 0.78552715 0.74234021 0.78936132 0.74073986 0.78100001 0.71415043 0.77485126 0.71066905 0.77701109 0.70677087 0.77056771 0.67670124 0.76657710 0.67210688 0.77041283 0.66570306 0.76158493 0.64983344 0.75469189 0.63820835 0.76141299 0.63166469 0.74971692 0.61008772 0.74833552 0.60319542 0.75408763 0.59755846 0.73641619 0.56999318 0.73481023 0.56658225 0.73840251 0.56266073 0.72966691 0.54148510 0.73189006 0.48760205 0.91658616 0.48832199 0.92646094 0.51012980 0.92950264 0.51855189 0.93067784 0.54284479 0.93874438 0.55975942 0.94252722 0.57764862 0.94176742 0.58627970 0.94724337 0.61168569 0.95363556 0.62630368 0.95933465 0.64802048 0.96358421 0.66772031 0.97548635 0.68588776 0.98046145 0.71609723 0.98732023 0.75368484 0.99846114 0.75877807 1.00000000 1.00000000 1.00000000
