0 0.46875000 0.00000000 0.43840094 0.00000000 0.42682017 0.21808795 0.44426161 0.28804172 0.46875000 0.29024983 0.46875000 0.00000000
0 0.46875000 0.23062261 0.34049670 0.22303564 0.33940362 0.23886078 0.46875000 0.24672763 0.46875000 0.23062261
0 0.46875000 0.26578444 0.33962042 0.27654490 0.33856407 0.29600506 0.46875000 0.28262078 0.46875000 0.26578444
0 0.46875000 0.20832160 0.46327723 0.20705290 0.45777545 0.41974714 0.46875000 0.46376365 0.46875000 0.20832160
0 0.49724526 0.42716167 0.49120460 0.42886268 0.48969305 0.43170367 0.49270532 0.44534875 0.49421687 0.44250776 0.49371487 0.44023377 0.49824939 0.43171022 0.49724526 0.42716167
0 0.48969859 0.42204073 0.48919646 0.41976616 0.48718290 0.42033317 0.48818704 0.42488172 0.48969859 0.42204073
0 0.51842278 0.35839550 0.51388816 0.36691846 0.51439029 0.36919303 0.50985580 0.37771657 0.51035780 0.37999055 0.50733465 0.38567255 0.50783665 0.38794653 0.50481373 0.39362908 0.50531573 0.39590307 0.50078119 0.40442662 0.50128319 0.40670061 0.49977167 0.40954159 0.50027380 0.41181616 0.50631443 0.41011515 0.50581230 0.40784058 0.50883540 0.40215861 0.50833340 0.39988462 0.51286794 0.39136106 0.51236594 0.38908708 0.51538886 0.38340453 0.51488686 0.38113055 0.51942140 0.37260699 0.51891940 0.37033300 0.52194237 0.36465044 0.52144037 0.36237646 0.52597499 0.35385349 0.52547286 0.35157893 0.53000741 0.34305537 0.52950541 0.34078138 0.53252876 0.33509933 0.53202676 0.33282535 0.53353805 0.32998381 0.52749727 0.33168486 0.52447404 0.33736750 0.52497604 0.33964148 0.52044180 0.34816495 0.52094381 0.35043894 0.51792078 0.35612151 0.51842278 0.35839550
0 0.46875000 0.27156754 0.47217060 0.26513780 0.47166847 0.26286324 0.47469162 0.25718124 0.47418962 0.25490726 0.47872411 0.24638371 0.47822211 0.24410973 0.48124508 0.23842717 0.48074308 0.23615318 0.48527762 0.22762963 0.48477562 0.22535564 0.48931012 0.21683210 0.48880812 0.21455811 0.49183121 0.20887613 0.49132908 0.20660157 0.49586373 0.19807798 0.49536173 0.19580399 0.49687315 0.19296304 0.49637115 0.19068906 0.49435772 0.19125602 0.49184178 0.18954915 0.47774719 0.19351810 0.47824920 0.19579209 0.47522605 0.20147408 0.47572805 0.20374807 0.47119355 0.21227161 0.47169568 0.21454618 0.46875000 0.22008265 0.46875000 0.22057884 0.46917459 0.22250214 0.46875000 0.22330028 0.46875000 0.27156754
0 0.57445745 0.06000274 0.57495949 0.06227690 0.57042480 0.07080031 0.57092684 0.07307447 0.56790354 0.07875675 0.56840558 0.08103091 0.56387140 0.08955418 0.56437345 0.09182834 0.56135015 0.09751068 0.56185218 0.09978479 0.55882893 0.10546730 0.55933093 0.10774129 0.55479680 0.11626473 0.55529880 0.11853871 0.55227544 0.12422077 0.55277757 0.12649533 0.54824292 0.13501892 0.54874492 0.13729290 0.54572208 0.14297481 0.54622408 0.14524880 0.54168943 0.15377238 0.54219156 0.15604695 0.53916872 0.16172886 0.53967073 0.16400284 0.53513607 0.17252643 0.53765150 0.17423345 0.53865564 0.17878200 0.53563279 0.18446390 0.53613480 0.18673789 0.53160015 0.19526148 0.53210228 0.19753604 0.52907892 0.20321810 0.52958092 0.20549208 0.52504679 0.21401552 0.52554879 0.21628951 0.52252556 0.22197214 0.52302757 0.22424612 0.51849292 0.23276971 0.51899492 0.23504370 0.51597220 0.24072619 0.51647421 0.24300017 0.51193943 0.25152318 0.51244156 0.25379775 0.50941872 0.25947965 0.50992085 0.26175422 0.50689759 0.26743624 0.50739960 0.26971022 0.50286510 0.27823377 0.50336710 0.28050775 0.50034413 0.28619032 0.50084613 0.28846430 0.49631159 0.29698786 0.49681359 0.29926184 0.49379067 0.30494439 0.49429267 0.30721838 0.48975800 0.31574135 0.49026013 0.31801592 0.48723703 0.32369790 0.48773916 0.32597246 0.48320454 0.33449542 0.48370654 0.33676941 0.48068352 0.34245199 0.48118552 0.34472597 0.47665102 0.35324952 0.47715303 0.35552350 0.47413005 0.36120606 0.48065648 0.39076961 0.48568759 0.39418358 0.48618972 0.39645814 0.48316662 0.40214012 0.48366876 0.40441469 0.49121545 0.40953562 0.49322898 0.40896862 0.49272697 0.40669464 0.49726152 0.39817108 0.49675952 0.39589710 0.50129401 0.38737355 0.50079201 0.38509957 0.50381511 0.37941759 0.50331298 0.37714302 0.50784753 0.36861946 0.50734552 0.36634548 0.51188015 0.35782252 0.51137802 0.35554795 0.51591251 0.34702441 0.51541051 0.34475042 0.51994518 0.33622745 0.51944305 0.33395288 0.52397770 0.32542929 0.52347570 0.32315531 0.52649854 0.31747340 0.52599654 0.31519942 0.53053119 0.30667583 0.53002906 0.30440126 0.53456384 0.29587826 0.53406184 0.29360427 0.53708455 0.28792178 0.53658255 0.28564780 0.54111720 0.27712421 0.54061519 0.27485023 0.54514985 0.26632664 0.54464784 0.26405265 0.54918249 0.25552907 0.54868049 0.25325508 0.55170320 0.24757259 0.55120120 0.24529861 0.55573585 0.23677502 0.55523385 0.23450104 0.55976850 0.22597745 0.55926650 0.22370347 0.56228921 0.21802098 0.56178721 0.21574699 0.56632199 0.20722398 0.56430805 0.20779110 0.56179249 0.20608350 0.55776564 0.20721744 0.55525021 0.20551042 0.55474821 0.20323643 0.56079377 0.19187204 0.56482113 0.19073796 0.56733656 0.19244497 0.57136392 0.19131089 0.57086192 0.18903691 0.57388463 0.18335442 0.57338263 0.18108044 0.57791728 0.17255685 0.57741528 0.17028286 0.58043864 0.16460081 0.57993650 0.16232624 0.58447064 0.15380280 0.58396864 0.15152882 0.58699200 0.14584676 0.58648999 0.14357278 0.59102464 0.13504919 0.59052251 0.13277462 0.59354535 0.12709272 0.59304335 0.12481873 0.59606606 0.11913625 0.59556406 0.11686226 0.60009871 0.10833867 0.59959671 0.10606469 0.60262007 0.10038264 0.60211793 0.09810807 0.60665207 0.08958463 0.60615009 0.08731076 0.60917340 0.08162848 0.60867136 0.07935431 0.61169465 0.07367197 0.61119262 0.07139787 0.61572678 0.06287455 0.61522475 0.06060045 0.61824804 0.05491804 0.61774601 0.05264394 0.62228068 0.04412047 0.62177865 0.04184637 0.62480143 0.03616417 0.62429939 0.03389001 0.62732218 0.02820787 0.62682014 0.02593371 0.62984343 0.02025137 0.58353158 0.03329251 0.58403362 0.03556664 0.58101085 0.04124887 0.58151287 0.04352297 0.57697820 0.05204644 0.57748023 0.05432054 0.57445745 0.06000274
0 0.27560600 0.82174239 0.28599978 0.81575473 0.30898397 0.80577889 0.28663636 0.75701170 0.25345985 0.77037783 0.25125893 0.77517182 0.27560600 0.82174239
0 0.23272808 1.00000000 0.31608363 0.95344119 0.28634682 0.89887491 0.18920675 0.95196228 0.17762790 0.93617016 0.11886124 0.97289758 0.13509938 1.00000000 0.23272808 1.00000000
0 0.65449297 0.79575851 0.65964386 0.80028728 0.64890091 0.80642650 0.66348944 0.82292679 0.67423240 0.81678757 0.67079988 0.81193491 0.67939552 0.80482422 0.66523592 0.78961928 0.65449297 0.79575851
0 0.61024259 0.81093593 0.61840629 0.80802878 0.62655994 0.81611759 0.64202744 0.80771685 0.63387419 0.79962926 0.64160935 0.79542798 0.63302756 0.78604625 0.60208894 0.80284712 0.61024259 0.81093593
