0 0.27472545 1.00000000 0.29979264 0.99108803 0.29930187 0.98828127 0.27175015 0.99807655 0.27093988 1.00000000 0.27472545 1.00000000
0 0.51923077 0.90413048 0.51676844 0.90500590 0.51774973 0.91061798 0.51627263 0.91412436 0.50052865 0.91972171 0.50101930 0.92252775 0.51923077 0.91605314 0.51923077 0.90413048
0 0.48331261 0.91690023 0.47347275 0.92039853 0.47101360 0.91829157 0.46954166 0.90987345 0.45970180 0.91337175 0.46215515 0.92740267 0.47199502 0.92390437 0.47445404 0.92601060 0.47543545 0.93162340 0.48527531 0.92812510 0.48331261 0.91690023
0 0.39574446 0.93014836 0.39525381 0.92734232 0.38738182 0.93014100 0.38787247 0.93294704 0.39574446 0.93014836
0 0.19926888 1.00000000 0.21665655 0.99381828 0.21616590 0.99101224 0.19088553 1.00000000 0.19926888 1.00000000
0 0.26438480 0.96790759 0.26585687 0.97632642 0.31308881 0.95953437 0.31259817 0.95672833 0.31013914 0.95462209 0.31161675 0.95111553 0.26438480 0.96790759
0 0.39427240 0.92172953 0.39378175 0.91892349 0.38590976 0.92172216 0.38640041 0.92452820 0.39427240 0.92172953
0 0.17411669 1.00000000 0.21518449 0.98539944 0.21469384 0.98259340 0.16943027 0.99868566 0.17096432 1.00000000 0.17411669 1.00000000
0 0.44149930 0.91686269 0.44297640 0.91335631 0.45281626 0.90985801 0.44987227 0.89302105 0.44003240 0.89651935 0.44101369 0.90213143 0.43953647 0.90563710 0.42969610 0.90913557 0.43214958 0.92316721 0.44198995 0.91966873 0.44149930 0.91686269
0 0.31457120 0.94410420 0.31408056 0.94129817 0.26291287 0.95948947 0.26340351 0.96229551 0.31457120 0.94410420
0 0.31309914 0.93568537 0.31260849 0.93287933 0.26144081 0.95107063 0.26193145 0.95387667 0.31309914 0.93568537
0 0.34604317 0.96868318 0.34751523 0.97710201 0.35538722 0.97430334 0.35440580 0.96869054 0.35588303 0.96518488 0.35834205 0.96729112 0.35932347 0.97290391 0.37900319 0.96590731 0.37753113 0.95748848 0.37900886 0.95398263 0.38884872 0.95048433 0.38638957 0.94837738 0.38589893 0.94557134 0.38737666 0.94206550 0.39721652 0.93856720 0.39672587 0.93576116 0.38688601 0.93925946 0.38442699 0.93715322 0.38050158 0.91470347 0.37263009 0.91750197 0.37017094 0.91539501 0.36918965 0.90978294 0.35934979 0.91328123 0.36180314 0.92731215 0.36032592 0.93081781 0.35048555 0.93431629 0.35539238 0.96237884 0.35391516 0.96588450 0.34604317 0.96868318
0 0.18124317 0.98256323 0.17976607 0.98606962 0.16992621 0.98956791 0.17041685 0.99237395 0.21371255 0.97698133 0.21224049 0.96856249 0.17878465 0.98045682 0.18124317 0.98256323
0 0.31162707 0.92726653 0.31113643 0.92446049 0.25996874 0.94265180 0.26045939 0.94545783 0.31162707 0.92726653
0 0.21125907 0.96294969 0.21076842 0.96014365 0.18124884 0.97063855 0.18173948 0.97344459 0.21125907 0.96294969
0 0.37608023 0.90137146 0.37558958 0.89856542 0.36771759 0.90136410 0.36820824 0.90417014 0.37608023 0.90137146
0 0.25554185 0.94124519 0.25505120 0.93843914 0.21569125 0.95243252 0.21618190 0.95523856 0.25554185 0.94124519
0 0.20978713 0.95453157 0.20929649 0.95172553 0.17977690 0.96222044 0.18026755 0.96502648 0.20978713 0.95453157
0 0.25406979 0.93282635 0.25357914 0.93002031 0.21421919 0.94401369 0.21470983 0.94681973 0.25406979 0.93282635
0 0.20782443 0.94330670 0.20733366 0.94049994 0.18765393 0.94749654 0.18814470 0.95030330 0.20782443 0.94330670
0 0.31754152 0.90131848 0.31705088 0.89851244 0.25604333 0.92020205 0.25653397 0.92300808 0.31754152 0.90131848
0 0.25259773 0.92440751 0.25210708 0.92160147 0.21274713 0.93559485 0.21323777 0.93840089 0.25259773 0.92440751
0 0.06121133 0.98946935 0.06072069 0.98666331 0.05481667 0.98876233 0.05530731 0.99156837 0.06121133 0.98946935
0 0.31803796 0.89220056 0.31754732 0.88939452 0.27621899 0.90408770 0.27670963 0.90689374 0.31803796 0.89220056
0 0.26883764 0.90969242 0.26834700 0.90688638 0.25457139 0.91178393 0.25506204 0.91458997 0.26883764 0.90969242
0 0.25112579 0.91598939 0.25063514 0.91318336 0.21127519 0.92717673 0.21176584 0.92998277 0.25112579 0.91598939
0 0.17485407 0.96993157 0.17338201 0.96151273 0.17485924 0.95800707 0.18273123 0.95520839 0.17978723 0.93837144 0.17191524 0.94117011 0.17387782 0.95239427 0.17240072 0.95590065 0.16994157 0.95379370 0.16207009 0.95659219 0.16501421 0.97342987 0.17485407 0.96993157
0 0.31656590 0.88378172 0.31410688 0.88167549 0.27474693 0.89566887 0.27523757 0.89847491 0.31656590 0.88378172
0 0.26736558 0.90127358 0.26687494 0.89846754 0.25506720 0.90266547 0.25358998 0.90617113 0.26736558 0.90127358
0 0.24965373 0.90757056 0.24916308 0.90476452 0.20980313 0.91875790 0.21029378 0.92156394 0.24965373 0.90757056
0 0.05629931 0.97333207 0.05236332 0.97473141 0.05285396 0.97753745 0.05531261 0.97964382 0.05383538 0.98315025 0.05973940 0.98105123 0.05728060 0.97894415 0.05629931 0.97333207
0 0.37510977 0.87191020 0.37265629 0.85787857 0.35297606 0.86487535 0.35542954 0.87890698 0.37510977 0.87191020
0 0.31509384 0.87536289 0.31263481 0.87325665 0.27327486 0.88725003 0.27376551 0.89005607 0.31509384 0.87536289
0 0.24818167 0.89915172 0.24769102 0.89634568 0.21226681 0.90893981 0.21275746 0.91174585 0.24818167 0.89915172
0 0.16306183 0.93835599 0.16109912 0.92713112 0.15125926 0.93062942 0.15322197 0.94185429 0.16306183 0.93835599
0 0.26491223 0.88724267 0.26442158 0.88443663 0.25064598 0.88933418 0.25113662 0.89214022 0.26491223 0.88724267
0 0.05827260 0.96070786 0.05581398 0.95860148 0.04990996 0.96070050 0.05040061 0.96350654 0.05285925 0.96561291 0.05138190 0.96911862 0.05728592 0.96701960 0.05679527 0.96421356 0.05827260 0.96070786
0 0.24670973 0.89073361 0.24621896 0.88792685 0.21079475 0.90052098 0.21128552 0.90332774 0.24670973 0.89073361
0 0.30083225 0.86553008 0.30034160 0.86272404 0.27082151 0.87321912 0.27131215 0.87602516 0.30083225 0.86553008
0 0.26540854 0.87812403 0.26294952 0.87601779 0.24917391 0.88091534 0.24966456 0.88372138 0.26540854 0.87812403
0 0.05680054 0.95228903 0.05630989 0.94948299 0.04843790 0.95228166 0.04892855 0.95508770 0.05680054 0.95228903
0 0.24523767 0.88231477 0.24474689 0.87950801 0.21522681 0.89000309 0.21571757 0.89280985 0.24523767 0.88231477
0 0.29936018 0.85711124 0.29886954 0.85430520 0.26934945 0.86480028 0.26984009 0.86760632 0.29936018 0.85711124
0 0.26393648 0.86970519 0.26344583 0.86689915 0.24770185 0.87249650 0.24819250 0.87530254 0.26393648 0.86970519
0 0.24130709 0.87178952 0.22359473 0.87808667 0.22605375 0.88019291 0.24376560 0.87389593 0.24278431 0.86828385 0.24130709 0.87178952
0 0.05041119 0.93965745 0.04992054 0.93685141 0.04598455 0.93825075 0.04647519 0.94105679 0.05041119 0.93965745
0 0.29985612 0.84799350 0.29739748 0.84588637 0.26787738 0.85638144 0.26836816 0.85918820 0.29985612 0.84799350
0 0.26049617 0.86198688 0.26000540 0.85918012 0.24622979 0.86407767 0.24672056 0.86688443 0.26049617 0.86198688
0 0.28657632 0.84377259 0.28608555 0.84096583 0.26640532 0.84796261 0.26689610 0.85076936 0.28657632 0.84377259
0 0.24033084 0.85425222 0.23639459 0.85565165 0.23688523 0.85845769 0.23540813 0.86196407 0.23344026 0.86266369 0.23196303 0.86616936 0.24180290 0.86267106 0.24033084 0.85425222
0 0.34610148 0.83751315 0.34217607 0.81506340 0.32052797 0.82275980 0.32445338 0.84520955 0.34610148 0.83751315
0 0.26001106 0.84725544 0.25952042 0.84444940 0.24377644 0.85004675 0.24426708 0.85285279 0.26001106 0.84725544
0 0.05877914 0.92774026 0.06271509 0.92634094 0.06517375 0.92844730 0.06615517 0.93406010 0.07009117 0.93266076 0.06861911 0.92424192 0.06665113 0.92494158 0.06419246 0.92283522 0.06370169 0.92002846 0.06517907 0.91652275 0.06468842 0.91371671 0.06272040 0.91441638 0.06026173 0.91231002 0.05435776 0.91440902 0.05484841 0.91721506 0.05337103 0.92072078 0.05582970 0.92282714 0.05779773 0.92212746 0.06025647 0.92423456 0.05877914 0.92774026
0 0.25853913 0.83883732 0.25804835 0.83603056 0.24230437 0.84162792 0.24279514 0.84443467 0.25853913 0.83883732
0 0.10896551 0.90393612 0.10602151 0.88709917 0.09618165 0.89059747 0.09912565 0.90743442 0.10896551 0.90393612
0 0.33037350 0.80733682 0.33283201 0.80944324 0.34070400 0.80664456 0.34021336 0.80383852 0.33037350 0.80733682
0 0.32004299 0.80802908 0.32053363 0.81083512 0.33037350 0.80733682 0.32791447 0.80523058 0.32004299 0.80802908
0 0.25116294 0.83251754 0.25067217 0.82971078 0.24083231 0.83320908 0.24132308 0.83601584 0.25116294 0.83251754
0 0.08485373 0.92145061 0.08337653 0.92495703 0.08582988 0.93898794 0.08779785 0.93828828 0.09025647 0.94039466 0.08877915 0.94390036 0.08484315 0.94529970 0.08582457 0.95091250 0.08434719 0.95441821 0.08532848 0.96003029 0.08778727 0.96213737 0.09565927 0.95933869 0.09418720 0.95091986 0.09566458 0.94741414 0.09517394 0.94460811 0.09271514 0.94250102 0.09566985 0.93548961 0.09223508 0.91584589 0.09371240 0.91234020 0.09076828 0.89550252 0.09224540 0.89199690 0.09028270 0.88077202 0.08044294 0.88427028 0.08240564 0.89549516 0.08092831 0.89900086 0.08338167 0.91303177 0.08190447 0.91653819 0.08239511 0.91934423 0.08485373 0.92145061
0 0.28462394 0.80869871 0.29052806 0.80659966 0.29200529 0.80309400 0.29397316 0.80239437 0.28413330 0.80589267 0.28462394 0.80869871
0 0.06076301 0.89126696 0.06321636 0.90529787 0.07305632 0.90179953 0.07109362 0.89057466 0.06715762 0.89197400 0.06469895 0.88986764 0.06420831 0.88706160 0.06568569 0.88355588 0.06470427 0.87794308 0.05880030 0.88004208 0.05634163 0.87793572 0.05437361 0.87863540 0.05486425 0.88144144 0.05338693 0.88494714 0.05387770 0.88775389 0.05978172 0.88565488 0.06224034 0.88776126 0.06076301 0.89126696
0 0.10307751 0.87026222 0.10455462 0.86675583 0.11439498 0.86325735 0.11194163 0.84922644 0.10210126 0.85272492 0.10308255 0.85833700 0.10160545 0.86184338 0.09176559 0.86534168 0.09421894 0.87937259 0.10405881 0.87587429 0.10307751 0.87026222
0 0.15031450 0.84154494 0.14883740 0.84505132 0.14981869 0.85066340 0.15965905 0.84716492 0.15916841 0.84435888 0.16064563 0.84085322 0.17048550 0.83735492 0.16901344 0.82893608 0.17049066 0.82543042 0.17442691 0.82403100 0.17246420 0.81280612 0.17394130 0.80929974 0.18378116 0.80580144 0.18230922 0.79738332 0.16853362 0.80228087 0.16607460 0.80017463 0.12671465 0.81416801 0.13113071 0.83942380 0.13506695 0.83802438 0.13752547 0.84013079 0.13801612 0.84293683 0.14785598 0.83943853 0.15031450 0.84154494
0 0.51923077 0.60407948 0.65378725 0.60936065 0.65663937 0.47410809 0.51923077 0.46748634 0.51923077 0.60407948
0 0.51923077 1.00000000 0.62110751 1.00000000 0.63932330 0.63517279 0.51923077 0.62840930 0.51923077 1.00000000
