0 0.06346186 0.53325373 0.09036970 0.57251685 0.17995476 0.51477089 0.15474696 0.47888938 0.06346186 0.53325373
0 0.09334505 0.38462493 0.00284601 0.44120104 0.02896780 0.47825240 0.11608523 0.42337632 0.09334505 0.38462493
0 0.00000000 0.39079045 0.06526736 0.34627580 0.03940144 0.30714061 0.00000000 0.33363164 0.00000000 0.39079045
0 0.00000000 0.11952313 0.15044667 0.02445362 0.13761860 0.00732522 0.00000000 0.09590468 0.00000000 0.11952313
0 0.06161122 0.00000000 0.00000000 0.03877519 0.00000000 0.06486823 0.10105583 0.00000000 0.06161122 0.00000000
0 0.80392220 0.53220261 0.80555621 0.53485516 0.81673302 0.53659569 0.81836745 0.53924892 0.82581881 0.54040930 0.82745282 0.54306185 0.82608048 0.55723732 0.82771443 0.55989048 0.82748572 0.56225295 0.84797710 0.56544401 0.84961110 0.56809656 0.87569112 0.57215792 0.87732513 0.57481047 0.87918785 0.57510055 0.89291154 0.43334286 0.87800881 0.43102210 0.87637480 0.42836955 0.81117523 0.41821623 0.80660067 0.46546879 0.80450923 0.46754120 0.79993467 0.51479376 0.79784318 0.51686677 0.79647084 0.53104223 0.80392220 0.53220261
0 0.51953125 0.57185414 0.69532303 0.59922962 0.70401473 0.50944945 0.70610664 0.50737712 0.73218618 0.51143840 0.73607454 0.47127388 0.73816598 0.46920147 0.74388423 0.41013531 0.74597614 0.40806299 0.74986451 0.36789846 0.69770447 0.35977575 0.69607052 0.35712259 0.62900823 0.34667920 0.62737422 0.34402664 0.56217474 0.33387334 0.56054064 0.33122077 0.51953125 0.32483451 0.51953125 0.57185414
0 0.92441022 0.06891815 0.92372404 0.07600600 0.92163211 0.07807851 0.92117466 0.08280371 0.91908323 0.08487599 0.91839703 0.09196402 0.91630554 0.09403703 0.91561940 0.10112446 0.91352796 0.10319686 0.91307048 0.10792242 0.91097904 0.10999482 0.91029284 0.11708286 0.90820093 0.11915518 0.90751473 0.12624322 0.90542330 0.12831562 0.90496581 0.13304118 0.90287437 0.13511358 0.90218817 0.14220162 0.90009626 0.14427395 0.89941006 0.15136198 0.89731863 0.15343438 0.89686120 0.15815933 0.89476971 0.16023234 0.89408351 0.16732038 0.89199207 0.16939278 0.89153464 0.17411773 0.88944321 0.17619013 0.88875701 0.18327817 0.88666504 0.18535110 0.88597890 0.19243853 0.88388746 0.19451093 0.88342998 0.19923649 0.88133854 0.20130889 0.88065234 0.20839693 0.87856043 0.21046926 0.87787423 0.21755729 0.87578279 0.21962969 0.87532531 0.22435525 0.87323387 0.22642765 0.87254767 0.23351569 0.87045624 0.23558809 0.86977004 0.24267612 0.86767860 0.24474853 0.86722118 0.24947348 0.86512921 0.25154641 0.86444301 0.25863445 0.86235157 0.26070685 0.86166543 0.26779428 0.85957394 0.26986729 0.85911651 0.27459224 0.85702454 0.27666517 0.85633839 0.28375260 0.85424696 0.28582500 0.85356076 0.29291304 0.85146927 0.29498604 0.85101184 0.29971100 0.84892040 0.30178340 0.84823421 0.30887144 0.84614277 0.31094384 0.84545657 0.31803187 0.84336466 0.32010420 0.84290717 0.32482976 0.84081573 0.32690216 0.84012954 0.33399020 0.83803810 0.33606260 0.83758067 0.34078755 0.84130612 0.34136770 0.84294054 0.34402094 0.87274601 0.34866244 0.87438002 0.35131499 0.90045956 0.35537628 0.90777886 0.27977218 0.90987077 0.27769985 0.93251488 0.04379951 0.93182869 0.05088742 0.92973676 0.05295987 0.92927931 0.05768513 0.92718786 0.05975771 0.92650167 0.06684556 0.92441022 0.06891815
0 0.67391635 0.00000000 0.67289361 0.01056430 0.68593314 0.01259491 0.68756762 0.01524765 0.69874443 0.01698818 0.70037842 0.01964086 0.69740498 0.05035475 0.69531349 0.05242776 0.68599940 0.05097730 0.68436545 0.04832415 0.66759952 0.04571324 0.66416858 0.08115282 0.66207715 0.08322522 0.65613019 0.14465385 0.65403875 0.14672626 0.64832050 0.20579241 0.64622906 0.20786481 0.64348433 0.23621635 0.65466114 0.23795688 0.65629562 0.24060951 0.67119835 0.24293026 0.67283236 0.24558281 0.66985891 0.27629683 0.66776742 0.27836983 0.63796196 0.27372833 0.63658961 0.28790379 0.67198324 0.29341553 0.67361725 0.29606808 0.69224590 0.29896906 0.69387986 0.30162222 0.69159261 0.32524820 0.74934081 0.33424114 0.75322917 0.29407661 0.75532061 0.29200421 0.75783663 0.26601515 0.75992854 0.26394282 0.81767627 0.27293569 0.81836247 0.26584765 0.82045438 0.26377532 0.82708749 0.19525926 0.82917898 0.19318625 0.83581208 0.12467019 0.83790352 0.12259779 0.84019083 0.09897120 0.84228227 0.09689880 0.86836228 0.10096016 0.86950591 0.08914717 0.87159735 0.08707477 0.87845922 0.01619562 0.77445899 0.00000000 0.67391635 0.00000000
0 0.54722421 0.00000000 0.52132192 0.26755543 0.54740170 0.27161675 0.54903585 0.27426933 0.61423504 0.28442259 0.61586953 0.28707521 0.62704634 0.28881574 0.62796119 0.27936584 0.63005268 0.27729283 0.64011672 0.17333719 0.64220864 0.17126486 0.64769811 0.11456179 0.62161810 0.11050043 0.61998409 0.10784788 0.62250011 0.08185881 0.62459154 0.07978641 0.65067156 0.08384777 0.65181519 0.07203478 0.65390669 0.06996178 0.66067975 0.00000000 0.54722421 0.00000000
0 0.45917982 0.87025946 0.46876659 0.79445132 0.45447394 0.78067479 0.42439412 0.77930842 0.42581138 0.75966020 0.42200048 0.67851278 0.40712133 0.67363711 0.39343861 0.67137534 0.37961516 0.67025978 0.37651895 0.69547636 0.37123121 0.73380397 0.36456004 0.77772078 0.34048505 0.95776946 0.44129052 0.97014681 0.45222314 0.89849253 0.40530377 0.89214979 0.40710304 0.86328351 0.45917982 0.87025946
