0 0.54882812 0.03546307 0.51658458 0.06551819 0.54812996 0.09751312 0.54882812 0.09686677 0.54882812 0.03546307
0 0.80455255 0.25937472 0.86852201 0.21117027 0.82575262 0.16772285 0.76804506 0.21576745 0.80455255 0.25937472
0 0.82961262 0.46875000 0.68761608 0.26269856 0.61939118 0.29678618 0.61532867 0.30349456 0.61885098 0.31542854 0.72333665 0.46875000 0.82961262 0.46875000
0 0.00000000 0.84266956 0.00361154 0.84003524 0.00390989 0.83798037 0.01359534 0.83091561 0.01389369 0.82886075 0.02600059 0.82002941 0.02629894 0.81797455 0.02872026 0.81620848 0.00000000 0.81230139 0.00000000 0.84266956
0 0.51079378 1.00000000 0.52792280 0.88202431 0.47697089 0.87509283 0.47454968 0.87685891 0.40449041 0.86732808 0.40419206 0.86938295 0.40177085 0.87114902 0.40087573 0.87731415 0.39845452 0.87908023 0.34962548 0.87243755 0.34813366 0.88271241 0.34571238 0.88447902 0.30962104 0.87956917 0.30779660 0.87722498 0.30958677 0.86489525 0.28198796 0.86114071 0.28016345 0.85879705 0.28165526 0.84852219 0.16489035 0.83263754 0.15762618 0.83793570 0.15732783 0.83999056 0.14764230 0.84705584 0.14734395 0.84911071 0.13765850 0.85617546 0.13736015 0.85823033 0.12525349 0.86706116 0.12495514 0.86911603 0.11526961 0.87618131 0.11497126 0.87823618 0.10528580 0.88530093 0.10498746 0.88735580 0.09530200 0.89442055 0.09500365 0.89647542 0.08531820 0.90354017 0.08501977 0.90559557 0.07291311 0.91442639 0.07261476 0.91648126 0.06535052 0.92177994 0.09082647 0.92524568 0.09265098 0.92758934 0.09477384 0.92787813 0.09659889 0.93022187 0.09417714 0.93198787 0.09387872 0.93404326 0.08661502 0.93934201 0.08631667 0.94139688 0.07905250 0.94669503 0.07875407 0.94875043 0.07148983 0.95404911 0.07119148 0.95610397 0.06877027 0.95787005 0.20888773 0.97693156 0.21071279 0.97927530 0.36305603 1.00000000 0.38633489 1.00000000 0.38751829 0.99913692 0.38781663 0.99708205 0.40234458 0.98648463 0.40264293 0.98442976 0.41474967 0.97559840 0.41504802 0.97354354 0.41989098 0.97001146 0.42838296 0.97116670 0.43020747 0.97351036 0.45568343 0.97697610 0.45750794 0.97931976 0.45720959 0.98137463 0.44752406 0.98843991 0.44722571 0.99049478 0.43511905 0.99932561 0.43502113 1.00000000 0.51079378 1.00000000
0 0.00000000 0.79553668 0.05021403 0.80236777 0.05263578 0.80060177 0.05293421 0.79854638 0.06261912 0.79148155 0.06291746 0.78942668 0.07502467 0.78059593 0.07532310 0.77854053 0.08742976 0.76970970 0.08772811 0.76765483 0.09741356 0.76059008 0.09771191 0.75853521 0.10981865 0.74970386 0.11011700 0.74764899 0.11980245 0.74058424 0.12010080 0.73852937 0.13220801 0.72969862 0.13250636 0.72764375 0.14461310 0.71881239 0.14491144 0.71675753 0.15701811 0.70792670 0.15731653 0.70587130 0.16942320 0.69704047 0.16972154 0.69498561 0.18182821 0.68615478 0.18212655 0.68409991 0.18454838 0.68233338 0.06566061 0.66615995 0.06416879 0.67643481 0.06174696 0.67820134 0.01504132 0.67184753 0.01384785 0.68006753 0.01142654 0.68183359 0.00505752 0.68096715 0.00000000 0.71580069 0.00000000 0.79553668
0 0.28834578 0.72788791 0.27139608 0.74025134 0.27109773 0.74230621 0.25899053 0.75113696 0.25869218 0.75319183 0.24658544 0.76202318 0.24628709 0.76407805 0.23418043 0.77290888 0.23388200 0.77496427 0.22177534 0.78379510 0.22147699 0.78584997 0.21905524 0.78761597 0.24877745 0.79165937 0.25060189 0.79400355 0.24851337 0.80838816 0.24609209 0.81015476 0.23972296 0.80928831 0.23912627 0.81339804 0.23670506 0.81516412 0.23610828 0.81927438 0.23368708 0.82104046 0.18698089 0.81468657 0.18213840 0.81821924 0.18426126 0.81850804 0.18608577 0.82085170 0.50241203 0.86388457 0.50360550 0.85566458 0.50602733 0.85389805 0.53150329 0.85736379 0.54821187 0.74228380 0.53122790 0.73997331 0.52880662 0.74173991 0.50545353 0.73856297 0.50426006 0.74678297 0.50183830 0.74854897 0.46362465 0.74335040 0.46180014 0.74100674 0.46299361 0.73278674 0.46116917 0.73044256 0.43781608 0.72726561 0.43599103 0.72492188 0.43718450 0.71670188 0.43293878 0.71612429 0.43111426 0.71378063 0.34831729 0.70251697 0.34649278 0.70017331 0.32313968 0.69699637 0.31345423 0.70406112 0.31315588 0.70611599 0.30104922 0.71494682 0.30075079 0.71700221 0.28864413 0.72583304 0.28834578 0.72788791
0 0.21118354 0.66290520 0.22086837 0.65584090 0.22116680 0.65378550 0.23327400 0.64495475 0.23357235 0.64289988 0.24325781 0.63583513 0.24355623 0.63377973 0.25324161 0.62671551 0.25354004 0.62466011 0.26564670 0.61582928 0.26594505 0.61377441 0.27563050 0.60670966 0.27592893 0.60465427 0.28561430 0.59759004 0.28591273 0.59553465 0.29801939 0.58670382 0.29831774 0.58464895 0.30800320 0.57758420 0.30830162 0.57552880 0.31798700 0.56846457 0.31828542 0.56640918 0.32797088 0.55934443 0.32826922 0.55728956 0.34037589 0.54845873 0.22148811 0.53228529 0.21999630 0.54256016 0.21757509 0.54432624 0.16874604 0.53768356 0.16755257 0.54590356 0.16513129 0.54767016 0.12691763 0.54247159 0.12509320 0.54012740 0.12628667 0.53190740 0.11354842 0.53017450 0.11172391 0.52783084 0.09898566 0.52609793 0.09716115 0.52375427 0.09835462 0.51553427 0.03041875 0.50629231 0.01042810 0.64397742 0.17389865 0.66621588 0.17632048 0.66444935 0.20604215 0.66849267 0.21088511 0.66496059 0.21118354 0.66290520
0 0.54882812 0.57472048 0.47442319 0.56459847 0.47200191 0.56636507 0.47170356 0.56841994 0.45717515 0.57901677 0.45687672 0.58107216 0.44477006 0.58990299 0.44447171 0.59195786 0.43236497 0.60078921 0.43206662 0.60284408 0.41995996 0.61167491 0.41966161 0.61372978 0.40755495 0.62256061 0.40725652 0.62461600 0.39514932 0.63344676 0.39485097 0.63550163 0.38274423 0.64433298 0.38244588 0.64638785 0.37033922 0.65521868 0.40430715 0.65983966 0.40613166 0.66218332 0.40553489 0.66629358 0.40311368 0.66805966 0.40221856 0.67422479 0.39979735 0.67599086 0.39555109 0.67541320 0.39312988 0.67717928 0.38888361 0.67660162 0.38769014 0.68482162 0.38526894 0.68658769 0.37889981 0.68572124 0.37800469 0.69188637 0.54882812 0.71512511 0.54882812 0.57472048
0 0.06617856 0.46875000 0.06551133 0.47334552 0.06308994 0.47511173 0.05672098 0.47424530 0.05429958 0.47601151 0.05310611 0.48423151 0.05068478 0.48599767 0.04219279 0.48484243 0.04129767 0.49100756 0.24935155 0.51931111 0.25117606 0.52165477 0.35732559 0.53609530 0.36943281 0.52726444 0.36973118 0.52520942 0.37941609 0.51814459 0.37971446 0.51608956 0.39182169 0.50725870 0.39212005 0.50520373 0.40180550 0.49813898 0.40210387 0.49608395 0.41421056 0.48725299 0.41450892 0.48519799 0.29360296 0.46875000 0.06617856 0.46875000
