0 0.46875000 0.13948100 0.42276274 0.17552098 0.45198950 0.21221438 0.46875000 0.19925823 0.46875000 0.13948100
0 0.46875000 0.06218312 0.44754204 0.03703942 0.36287816 0.10399480 0.39559688 0.13922818 0.46875000 0.08201657 0.46875000 0.06218312
0 0.32316650 0.00000000 0.10727058 0.17628300 0.11959656 0.19377619 0.35291333 0.00000000 0.32316650 0.00000000
0 0.24697587 0.00000000 0.23172171 0.01175809 0.08608660 0.13316400 0.09780643 0.15053936 0.25864498 0.01887860 0.28179703 0.00000000 0.24697587 0.00000000
0 0.17895369 0.00000000 0.06167028 0.09696532 0.07387844 0.11506466 0.20867098 0.00413222 0.21382001 0.00000000 0.17895369 0.00000000
0 0.11185468 0.00000000 0.03435807 0.06271995 0.04838468 0.08117276 0.14405661 0.00000000 0.11185468 0.00000000
0 0.03577204 0.00000000 0.03438794 0.00107861 0.00233152 0.03007441 0.01622327 0.04598479 0.07156273 0.00000000 0.03577204 0.00000000
0 0.69000134 0.07088638 0.63860852 0.05890694 0.63365602 0.06391332 0.60304289 0.21116817 0.60810314 0.22607955 0.64415804 0.23507759 0.66018744 0.22426562 0.69388970 0.08159060 0.69000134 0.07088638
0 0.76936241 0.22559028 0.80082863 0.09441870 0.75172572 0.08089470 0.72180407 0.21435619 0.76936241 0.22559028
0 0.56406490 0.29909630 0.54319517 0.40646178 0.59421532 0.42035845 0.60071239 0.41764199 0.62530886 0.29110411 0.57657863 0.27566287 0.56406490 0.29909630
0 0.58615086 0.56835938 0.60604199 0.48234776 0.54815210 0.47308478 0.52842394 0.56835938 0.58615086 0.56835938
0 0.74451815 0.56835938 0.74850596 0.54784388 0.65722375 0.52612106 0.64837638 0.56835938 0.74451815 0.56835938
0 0.37236489 1.00000000 0.42210315 0.75043929 0.41970550 0.73206611 0.25407746 0.70385064 0.24491780 0.71002890 0.18454819 1.00000000 0.37236489 1.00000000
0 0.46875000 0.89231413 0.52725098 0.90719314 0.53241848 0.88060868 0.46875000 0.86551348 0.46875000 0.89231413
0 0.76277544 1.00000000 0.77345269 0.95080592 0.75504718 0.94722825 0.74478939 1.00000000 0.76277544 1.00000000
0 0.68960758 1.00000000 0.69988696 0.94711716 0.68557284 0.94433477 0.68875287 0.92797496 0.67443683 0.92519220 0.66966661 0.94973288 0.68398264 0.95251564 0.67841751 0.98114579 0.66165813 0.98001109 0.65777268 1.00000000 0.67475262 1.00000000 0.67523711 0.99750752 0.68805979 1.00000000 0.68960758 1.00000000
