0 0.41099274 0.45105423 0.44768061 0.48137955 0.51787835 0.40117758 0.48375677 0.37363428 0.41099274 0.45105423
0 0.39875067 0.29994613 0.32735189 0.37927549 0.36267450 0.40769140 0.43129126 0.33092831 0.39875067 0.29994613
0 0.32553916 0.24033229 0.25845187 0.32004162 0.29513973 0.35036694 0.36119021 0.27082183 0.32553916 0.24033229
0 0.25614649 0.17798797 0.18627718 0.26026357 0.22225665 0.29282675 0.29021654 0.21191639 0.25614649 0.17798797
0 0.27163068 0.00000000 0.10062348 0.19511809 0.11494648 0.20660378 0.29909226 0.00000000 0.27163068 0.00000000
0 0.20763023 0.00000000 0.16854327 0.04369240 0.06725556 0.16601748 0.07942878 0.17971923 0.17471983 0.07084778 0.23696857 0.00000000 0.20763023 0.00000000
0 0.15024555 0.00000000 0.14345435 0.00765379 0.07745711 0.08437710 0.03327774 0.13701346 0.04596425 0.15000873 0.07564445 0.12030015 0.16172650 0.02038957 0.17973646 0.00000000 0.15024555 0.00000000
0 0.09378931 0.00000000 0.04418578 0.05588639 0.00000000 0.10730397 0.00000000 0.10983297 0.01269293 0.12151801 0.10798398 0.01264656 0.11949667 0.00000000 0.09378931 0.00000000
0 0.03595160 0.00000000 0.00000000 0.04295414 0.00000000 0.07661410 0.06187019 0.00000000 0.03595160 0.00000000
0 0.49749819 0.81048235 0.47593688 0.73677595 0.43745117 0.73100667 0.42169506 0.69395277 0.32717020 0.70892404 0.35127165 0.78618305 0.36051564 0.79460630 0.39729211 0.78572092 0.40551347 0.82900623 0.49262756 0.81718619 0.49749819 0.81048235
0 0.53906250 0.54262335 0.53412090 0.52981342 0.49523379 0.53399506 0.50166800 0.61207482 0.51226590 0.69147258 0.52089882 0.69603768 0.53906250 0.69217263 0.53906250 0.54262335
0 0.49975687 0.64994946 0.49232814 0.61553158 0.44795933 0.62255891 0.45701160 0.65474217 0.49975687 0.64994946
0 0.16608620 0.61578898 0.19409966 0.80514424 0.23390338 0.80674983 0.22766089 0.70491005 0.20657891 0.57180362 0.16769179 0.57598526 0.16608620 0.61578898
0 0.54438447 0.70590667 0.58331972 0.88836367 0.59296588 0.88741848 0.55327365 0.70495916 0.54438447 0.70590667
0 0.53906250 0.73886143 0.56676646 0.87279215 0.57717790 0.86736350 0.57677648 0.86741992 0.54483930 0.72531613 0.53906250 0.72629310 0.53906250 0.73886143
0 0.55006396 0.84727939 0.55955698 0.84629570 0.54852166 0.80039465 0.54018801 0.80408401 0.55006396 0.84727939
0 0.53906250 0.90450400 0.58561786 0.89926351 0.58169782 0.88885396 0.53906250 0.89404524 0.53906250 0.90450400
