0 0.43748125 0.94761250 0.48304219 0.98593750 0.48481875 0.98593750 0.56250000 0.88259844 0.56250000 0.87440781 0.51522188 0.83549375 0.43748125 0.94761250
0 0.53010000 0.83360781 0.57622969 0.86875000 0.58070781 0.86875000 0.65781250 0.77141406 0.65781250 0.76195781 0.61592813 0.72445625 0.53010000 0.83360781
0 0.66079844 0.77100781 0.66383437 0.77075938 0.74062500 0.66602187 0.74062500 0.65656875 0.70334688 0.62968750 0.68928125 0.62968750 0.61156094 0.73422969 0.66079844 0.77100781
0 0.77543281 0.53642813 0.68125000 0.63643594 0.68125000 0.65346719 0.71920000 0.68281250 0.72147969 0.68281250 0.82232969 0.57677812 0.77543281 0.53642813
0 0.89310469 0.21742500 0.87779531 0.20198281 0.57031250 0.53340937 0.57031250 0.57482188 0.89284844 0.22143281 0.89310469 0.21742500
0 0.93644531 0.19142969 0.93650625 0.19068594 0.91735625 0.17634063 0.76422031 0.32565000 0.61718750 0.48026563 0.61718750 0.52074062 0.80111563 0.33071719 0.93644531 0.19142969
0 0.81546719 0.27121406 0.67653594 0.46387187 0.69680156 0.48155469 0.69927500 0.48135312 0.83720000 0.29096719 0.94392500 0.14730313 0.96510000 0.11406250 0.93326875 0.11406250 0.89745312 0.16103125 0.81546719 0.27121406
0 0.81400938 0.22460625 0.68750000 0.38055312 0.68750000 0.39400781 0.70246719 0.40649688 0.70444062 0.40634687 0.87750938 0.18358437 0.96373906 0.07656250 0.93201875 0.07656250 0.92337031 0.08711719 0.81400938 0.22460625
0 0.73671875 0.26750313 0.71718750 0.29055313 0.71718750 0.32656250 0.72375937 0.32656250 0.87586094 0.16147344 0.98906250 0.04993906 0.98906250 0.04984687 0.95200000 0.04790469 0.73671875 0.26750313
0 0.91647031 0.02513594 0.91665156 0.02306094 0.90312344 0.01157656 0.89116094 0.01060000 0.76093750 0.14412188 0.76093750 0.16795781 0.76730781 0.17343750 0.77346719 0.17343750 0.89865469 0.04232344 0.91647031 0.02513594
0 0.96578594 0.00000000 0.83202344 0.16875000 0.83216094 0.16875000 0.85642187 0.16762031 0.98125000 0.01466250 0.98125000 0.00000000 0.96578594 0.00000000
0 0.93296094 0.21142812 0.94594844 0.22500000 0.95345156 0.22500000 0.99843750 0.17337969 0.99843750 0.16711094 0.97071250 0.16500937 0.93296094 0.21142812
0 0.98443281 0.00000000 0.91093750 0.08453906 0.91093750 0.08750000 0.93755781 0.08750000 0.98906250 0.02870000 0.98906250 0.00000000 0.98443281 0.00000000
