0 0.00000000 0.09445211 0.05868922 0.04986529 0.03962863 0.02041432 0.00000000 0.04836347 0.00000000 0.09445211
0 0.08827953 0.09517896 0.02146755 0.14335251 0.04112197 0.17383202 0.11020836 0.12365964 0.08827953 0.09517896
0 0.13023925 0.15597886 0.06142844 0.20187799 0.08248786 0.23360339 0.15151602 0.18689308 0.13023925 0.15597886
0 0.17117044 0.21737258 0.10111375 0.26467671 0.12401287 0.29602564 0.19531545 0.24731650 0.17117044 0.21737258
0 0.16074068 0.35726477 0.16868117 0.36962086 0.40333745 0.20389104 0.39447690 0.18924273 0.16074068 0.35726477
0 0.40945370 0.22496393 0.27374894 0.32106034 0.17916040 0.38777144 0.18904380 0.39860244 0.29483773 0.32824533 0.41783709 0.23948439 0.40945370 0.22496393
0 0.20000020 0.41688087 0.20927858 0.42806119 0.25485139 0.39731291 0.32141268 0.35122016 0.43530249 0.26973535 0.42656979 0.25460987 0.31280783 0.33561752 0.22611881 0.39575110 0.20000020 0.41688087
0 0.24028393 0.45000000 0.27473687 0.42616663 0.35636429 0.36774533 0.45518796 0.29858907 0.44502377 0.28308003 0.31447422 0.37902350 0.21988568 0.44573460 0.22305720 0.45000000 0.24028393 0.45000000
0 0.29976888 0.45000000 0.45172422 0.34778035 0.47892500 0.32642913 0.46872655 0.31295660 0.35786184 0.39269487 0.26935892 0.45000000 0.29976888 0.45000000
0 0.48906250 0.34949543 0.48485406 0.34438333 0.38236601 0.41767194 0.39351879 0.43140019 0.48256856 0.36627352 0.48906250 0.36192389 0.48906250 0.34949543
0 0.48906250 0.38776337 0.40128588 0.45000000 0.42177798 0.45000000 0.48906250 0.40377424 0.48906250 0.38776337
0 0.36564960 0.45000000 0.37934764 0.44038860 0.37283864 0.42841607 0.34007566 0.45000000 0.36564960 0.45000000
0 0.48906250 0.42959609 0.46051314 0.45000000 0.48415661 0.45000000 0.48906250 0.44652271 0.48906250 0.42959609
0 0.55233749 0.00000000 0.52387012 0.10445956 0.54739601 0.11180344 0.51317743 0.25865234 0.71212521 0.32562102 1.00000000 0.40275684 1.00000000 0.09614466 0.70947572 0.00000000 0.55233749 0.00000000
0 0.14475596 1.00000000 0.08466912 0.82237971 0.00000000 0.84634097 0.00000000 0.88392569 0.03099069 0.97814800 0.11254347 1.00000000 0.14475596 1.00000000
0 0.25871645 0.65664616 0.15197082 0.63486687 0.12980691 0.75259699 0.23241766 0.77070967 0.25871645 0.65664616
0 0.21563954 0.55640327 0.17266869 0.54488926 0.16003145 0.59523514 0.20465094 0.60377934 0.21563954 0.55640327
0 0.66829822 0.71250120 0.76209963 0.71108667 0.76125042 0.68616884 0.66909309 0.68805757 0.66829822 0.71250120
0 0.77317485 0.71617975 0.85458017 0.71498518 0.85449356 0.69408273 0.77308825 0.69527729 0.77317485 0.71617975
