0 0.43945312 0.04500325 0.42493840 0.04541733 0.42389487 0.04246432 0.40546153 0.04466895 0.40492507 0.04162653 0.38446346 0.04418879 0.38207630 0.05140657 0.37619967 0.05662546 0.37676552 0.06279971 0.37121714 0.06691505 0.37136533 0.07368578 0.34720480 0.07899161 0.34687531 0.08898357 0.33947747 0.09447069 0.33363023 0.10282141 0.32769359 0.11066506 0.31367445 0.11418269 0.31480616 0.12653118 0.29917640 0.12980997 0.29950341 0.13759484 0.29541622 0.14406671 0.28247124 0.14478075 0.28452768 0.15644336 0.27620511 0.16261637 0.26630255 0.16279395 0.26800134 0.17242828 0.26170705 0.17824365 0.25272922 0.17773534 0.25323506 0.18653435 0.24694077 0.19234972 0.23808174 0.19548031 0.23417337 0.20296632 0.23539572 0.20693347 0.23077208 0.21036292 0.21740944 0.21167344 0.21758702 0.22157600 0.21257510 0.22873376 0.20276196 0.22941842 0.20285013 0.23881390 0.18766742 0.24462804 0.19082740 0.25661889 0.20201233 0.25778370 0.20779708 0.26983458 0.21534310 0.27111818 0.22199379 0.27621951 0.23526702 0.27440192 0.23633994 0.28048676 0.24093296 0.28281390 0.25301199 0.28904940 0.25259310 0.29853430 0.25506719 0.30960043 0.25906249 0.32039833 0.31701665 0.31697630 0.31639202 0.30453839 0.33354298 0.30099138 0.32996534 0.28959700 0.34532687 0.28479701 0.34488105 0.27337324 0.36277793 0.26812620 0.36063209 0.25595652 0.37793248 0.25029182 0.37542900 0.23609386 0.39427999 0.23329276 0.39025530 0.21936303 0.40910630 0.21656193 0.40764635 0.20531698 0.42733266 0.20132292 0.42127969 0.18775083 0.43945312 0.18495216 0.43945312 0.04500325
0 0.75081204 0.18094044 0.78905251 0.18500833 0.79282729 0.16439516 0.74793653 0.16081963 0.75081204 0.18094044
0 0.66000639 0.65528867 0.65843581 0.67037259 0.68655358 0.67387722 0.68607343 0.65915292 0.66000639 0.65528867
0 0.78081336 0.64456385 0.78129352 0.65928815 0.81073985 0.65832625 0.81025970 0.64360195 0.78081336 0.64456385
0 0.66605306 0.56960294 0.66448090 0.58468912 0.69260026 0.58819148 0.69212044 0.57346911 0.66605306 0.56960294
0 0.78782035 0.58832671 0.78830017 0.60304909 0.81774877 0.60208877 0.81726669 0.58736481 0.78782035 0.58832671
0 0.66496264 0.59941116 0.66339048 0.61449734 0.69151018 0.61800162 0.69103002 0.60327732 0.66496264 0.59941116
0 0.71443959 0.61607270 0.70187791 0.70079108 0.72553108 0.70296680 0.73568081 0.61655957 0.71443959 0.61607270
0 0.78431572 0.61644449 0.78479780 0.63116845 0.81424414 0.63020655 0.81376432 0.61548417 0.78431572 0.61644449
0 0.75390236 0.62392332 0.73881844 0.62235273 0.73132458 0.69983110 0.74641043 0.70140134 0.75390236 0.62392332
0 0.70993522 0.56835938 0.71034198 0.58083286 0.77309605 0.58880687 0.77225435 0.57203217 0.73356938 0.56835938 0.70993522 0.56835938
0 0.66351068 0.62716898 0.66193851 0.64225516 0.69005787 0.64575752 0.68957805 0.63103514 0.66351068 0.62716898
0 0.77936139 0.67232167 0.77984121 0.68704404 0.80928789 0.68608406 0.80880773 0.67135976 0.77936139 0.67232167
0 0.77380444 0.70080132 0.77428652 0.71552528 0.80373286 0.71456338 0.80325304 0.69984100 0.77380444 0.70080132
