0 0.00000000 0.00000000 0.00000000 0.10756035 0.00006050 0.10755481 0.00662351 0.13690833 0.01661903 0.13666969 0.02248581 0.14540879 0.03113111 0.15205763 0.03927471 0.15884902 0.04352121 0.17585312 0.05579356 0.17366675 0.05988585 0.19266581 0.06764293 0.19176244 0.07431984 0.19636905 0.07571039 0.21223350 0.08724939 0.20895475 0.09384951 0.21878625 0.09454511 0.23094587 0.10407732 0.22823733 0.11021414 0.23559894 0.11017640 0.24666618 0.11893687 0.24547769 0.12507369 0.25283931 0.12866364 0.26352613 0.13634394 0.26784763 0.14024167 0.26608973 0.14390841 0.27155167 0.14591648 0.28789104 0.15579618 0.28703492 0.16320643 0.29273392 0.16440373 0.30475099 0.17378172 0.30403742 0.18038249 0.32232371 0.19219153 0.31766746 0.19276937 0.30384523 0.20450098 0.29595906 0.20538790 0.28660169 0.21013417 0.27809885 0.20762440 0.26190204 0.21364474 0.26019138 0.21572831 0.25439629 0.22132311 0.23914851 0.23081693 0.23905241 0.24173841 0.23529874 0.25231241 0.22969266 0.24586199 0.15868264 0.23347382 0.16025153 0.22903405 0.13940006 0.21784253 0.14453122 0.21224515 0.12595982 0.20086038 0.12724361 0.19468387 0.10558485 0.18264318 0.10900616 0.17608080 0.08810743 0.16203333 0.09209896 0.15824948 0.06910996 0.14454948 0.07495390 0.14076563 0.05196490 0.12961250 0.05448363 0.12459361 0.03054479 0.11135691 0.03885862 0.10653063 0.01031238 0.09668997 0.01701085 0.08974725 0.00000000 0.00000000 0.00000000
0 1.00000000 0.00000000 0.92217466 0.00000000 0.89605106 0.00711844 0.92812416 0.17810164 0.94409156 0.31665506 0.94965513 0.32494250 0.98391033 0.31520905 0.99371938 0.32475723 1.00000000 0.35243819 1.00000000 0.00000000
0 0.26960732 0.83560554 0.23728627 0.86847336 0.25212151 0.89057184 0.28444256 0.85770402 0.26960732 0.83560554
0 0.18747711 0.92209964 0.15718663 0.95439048 0.17249067 0.97898813 0.20434292 0.94362114 0.18747711 0.92209964
0 0.97876160 0.68259099 0.97657854 0.67556428 0.95057477 0.68002547 0.95275783 0.68705218 0.97876160 0.68259099
0 0.97548708 0.67205115 0.97275816 0.66326743 0.91838680 0.67259535 0.92111573 0.68137907 0.97548708 0.67205115
0 0.91456641 0.66029850 0.91674961 0.66732566 0.93329752 0.66448671 0.93620707 0.66583774 0.97166670 0.65975430 0.96893777 0.65097058 0.91456641 0.66029850
0 0.96784631 0.64745745 0.96566325 0.64043074 0.91129190 0.64975867 0.91347496 0.65678538 0.96784631 0.64745745
0 0.83692082 0.68287124 0.83091738 0.66354768 0.80254919 0.66841452 0.80855263 0.68773807 0.83692082 0.68287124
0 0.71090071 0.68598787 0.70926338 0.68071773 0.68325962 0.68517893 0.68035007 0.68382790 0.64961807 0.68910026 0.65452991 0.70491024 0.69708159 0.69761010 0.69544440 0.69234040 0.69726249 0.69017831 0.70908216 0.68815053 0.71090071 0.68598787
0 0.77854832 0.68733456 0.76927036 0.65747116 0.71017077 0.66761026 0.71944873 0.69747365 0.77854832 0.68733456
0 0.70544314 0.66842133 0.67471174 0.67369359 0.67689480 0.68072030 0.68398624 0.67950370 0.68689578 0.68085473 0.70580751 0.67761024 0.70762620 0.67544804 0.70544314 0.66842133
0 0.73744675 0.65922995 0.73471797 0.65044668 0.70635038 0.65531341 0.70907917 0.66409668 0.73744675 0.65922995
0 0.55269278 0.68167484 0.55487584 0.68870154 0.59033547 0.68261811 0.59324501 0.68396913 0.61688497 0.67991348 0.61415618 0.67113020 0.55269278 0.68167484
0 0.53850929 0.68410815 0.53905502 0.68586471 0.54141883 0.68545918 0.54432852 0.68681066 0.54614646 0.68464811 0.54560073 0.68289155 0.53850929 0.68410815
0 0.58233258 0.67288899 0.61306458 0.66761663 0.61033580 0.65883335 0.52050481 0.67424472 0.52105068 0.67600173 0.52577830 0.67519066 0.52868846 0.67654159 0.52977991 0.68005471 0.57942304 0.67153796 0.58233258 0.67288899
0 0.57341973 0.65221486 0.54741596 0.65667605 0.55014475 0.66545932 0.57614852 0.66099813 0.57796646 0.65883558 0.57742073 0.65707901 0.57451119 0.65572799 0.57341973 0.65221486
