0 0.40589913 0.54947917 0.32259735 0.46212269 0.28352479 0.49879919 0.32834576 0.54947917 0.40589913 0.54947917
0 0.36688844 0.25585957 0.39624207 0.30229158 0.43016824 0.27659719 0.40046200 0.23438808 0.36688844 0.25585957
0 0.34103422 0.12699841 0.09160936 0.25450490 0.11546016 0.31039906 0.37323362 0.17697578 0.35418614 0.12867959 0.34974116 0.12547301 0.34103422 0.12699841
0 0.84140803 0.29227434 0.84612797 0.27427165 0.80156999 0.24271028 0.74565664 0.22536477 0.72435831 0.24463765 0.70922800 0.27432939 0.79169326 0.31755944 0.81396206 0.32260287 0.84140803 0.29227434
0 0.79943670 0.49061548 0.81554767 0.49597732 0.83735925 0.51839004 0.88330418 0.51394944 0.98080805 0.43085248 0.95378874 0.41159997 0.97554428 0.37495781 0.93384170 0.35729050 0.91963603 0.36298092 0.90307802 0.38572562 0.84059546 0.43438543 0.79563629 0.47924822 0.79943670 0.49061548
0 0.57812500 1.00000000 0.57812500 0.91371368 0.18444268 0.83806730 0.17733984 0.84091251 0.16315963 0.87344606 0.13908232 0.95935426 0.14430024 0.96693130 0.31791121 1.00000000 0.36881407 1.00000000 0.37827357 0.97761769 0.43499590 0.98907984 0.43145127 1.00000000 0.57812500 1.00000000
0 0.57812500 0.94891870 0.67926792 0.97584878 0.67966657 0.97414132 0.67846602 0.97200759 0.57812500 0.94529103 0.57812500 0.94891870
0 0.57812500 0.93803614 0.68325892 0.96602885 0.68445487 0.96090646 0.68645252 0.95962428 0.68805182 0.96005011 0.68964652 0.95321982 0.69164407 0.95193808 0.69324296 0.95236379 0.69443901 0.94724097 0.69323877 0.94510779 0.69523631 0.94382604 0.69843410 0.94467748 0.69963015 0.93955465 0.70162811 0.93827302 0.70802410 0.93997600 0.70882150 0.93656064 0.71081905 0.93527889 0.71121770 0.93357143 0.71321534 0.93228925 0.71361399 0.93058179 0.71561154 0.92930004 0.71640884 0.92588512 0.71840689 0.92460304 0.71880554 0.92289558 0.72080309 0.92161384 0.72120184 0.91990594 0.72319938 0.91862419 0.72359803 0.91691673 0.72559599 0.91563509 0.72639339 0.91221973 0.72839094 0.91093799 0.72878958 0.90923052 0.73078723 0.90794834 0.73118588 0.90624088 0.73318343 0.90495914 0.73398072 0.90154421 0.73597837 0.90026203 0.73637702 0.89855457 0.73837498 0.89727293 0.73877373 0.89556503 0.74077127 0.89428329 0.74156857 0.89086836 0.74356612 0.88958662 0.74396487 0.88787872 0.74596282 0.88659708 0.74636147 0.88488962 0.74835912 0.88360744 0.74875777 0.88189997 0.75075532 0.88061823 0.75155262 0.87720330 0.75355026 0.87592112 0.75394891 0.87421366 0.75594646 0.87293192 0.75634521 0.87122402 0.75834316 0.86994238 0.75914046 0.86652745 0.76113801 0.86524571 0.76153676 0.86353781 0.76353430 0.86225607 0.76393295 0.86054860 0.76593101 0.85926653 0.76632966 0.85755907 0.69277554 0.83797472 0.69157530 0.83584154 0.61162519 0.81455421 0.60962764 0.81583595 0.60922899 0.81754341 0.60723135 0.81882560 0.60643405 0.82224052 0.60443599 0.82352259 0.60403734 0.82523006 0.60203988 0.82651182 0.60124258 0.82992675 0.59924485 0.83120891 0.59884620 0.83291637 0.59684857 0.83419809 0.59644982 0.83590599 0.59445215 0.83718770 0.59365485 0.84060263 0.59165719 0.84188434 0.59125843 0.84359224 0.58926081 0.84487396 0.58886216 0.84658143 0.58686443 0.84786359 0.58606713 0.85127851 0.58406946 0.85256022 0.58367081 0.85426769 0.58846779 0.85554492 0.58966805 0.85767857 0.58887075 0.86109349 0.58687298 0.86237564 0.58607568 0.86579057 0.58407806 0.86707229 0.58247908 0.86664655 0.58088438 0.87347684 0.57888661 0.87475899 0.57812500 0.87455620 0.57812500 0.93803614
0 0.57812500 0.84911585 0.58006979 0.84786807 0.58046844 0.84616061 0.58246616 0.84487845 0.58286481 0.84317098 0.58486244 0.84188926 0.58526119 0.84018136 0.58725886 0.83889965 0.58765751 0.83719219 0.58965518 0.83591047 0.59045258 0.83249511 0.59245021 0.83121339 0.59284886 0.82950593 0.59484659 0.82822377 0.59524523 0.82651630 0.59724290 0.82523459 0.59804020 0.82181967 0.60003797 0.82053752 0.60043662 0.81883005 0.60243425 0.81754833 0.60323165 0.81413297 0.60203132 0.81199977 0.57812500 0.80563452 0.57812500 0.84911585
0 0.70947706 0.69369663 0.70788237 0.70052692 0.70588441 0.70180855 0.69788952 0.69967985 0.69589198 0.70096160 0.69549322 0.70266950 0.69349568 0.70395124 0.69309703 0.70565870 0.69109908 0.70694034 0.69070043 0.70864780 0.68870278 0.70992998 0.68830413 0.71163745 0.68630658 0.71291919 0.68590783 0.71462709 0.68390988 0.71590873 0.68351123 0.71761619 0.68151368 0.71889793 0.68111504 0.72060540 0.67911739 0.72188758 0.67871874 0.72359504 0.67672119 0.72487679 0.67632244 0.72658469 0.67432490 0.72786643 0.67392625 0.72957389 0.67192829 0.73085553 0.67152964 0.73256299 0.66953200 0.73384517 0.66913335 0.73555264 0.66713580 0.73683438 0.66673705 0.73854228 0.67313304 0.74024526 0.67433329 0.74237844 0.67233574 0.74366019 0.67074104 0.75049048 0.66874350 0.75177222 0.66714419 0.75134639 0.66594814 0.75646922 0.66395060 0.75775096 0.65435681 0.75519654 0.65395816 0.75690401 0.65196011 0.75818608 0.65156146 0.75989354 0.64956391 0.76117529 0.64916516 0.76288319 0.64716761 0.76416493 0.64637032 0.76757986 0.64437236 0.76886149 0.64397361 0.77056939 0.64197606 0.77185114 0.64157741 0.77355860 0.63957977 0.77484078 0.63878247 0.77825571 0.63678492 0.77953745 0.63638627 0.78124491 0.63438863 0.78252710 0.63398998 0.78423456 0.63199202 0.78551619 0.63119462 0.78893156 0.62919708 0.79021330 0.62879843 0.79192076 0.62680088 0.79320251 0.62640213 0.79491041 0.62959992 0.79576185 0.63080058 0.79789513 0.62880723 0.80643288 0.62680927 0.80771452 0.62521038 0.80728880 0.62441298 0.81070417 0.74113973 0.84178356 0.74234039 0.84391685 0.76632505 0.85030295 0.76791975 0.84347266 0.76991771 0.84219103 0.77311550 0.84304246 0.77391280 0.83962754 0.76911570 0.83835028 0.76791556 0.83621666 0.76990891 0.82767891 0.77190645 0.82639716 0.77350576 0.82682299 0.77669516 0.81316241 0.77349696 0.81231087 0.77229671 0.81017769 0.77349276 0.80505486 0.76869567 0.80377760 0.76749552 0.80164398 0.76789417 0.79993652 0.76989171 0.79865477 0.77068902 0.79523985 0.76749122 0.79438841 0.76629067 0.79225468 0.76748672 0.78713186 0.76628647 0.78499868 0.76308827 0.78414713 0.76188803 0.78201395 0.76308408 0.77689113 0.75508919 0.77476242 0.75388894 0.77262924 0.75428759 0.77092178 0.75628524 0.76963960 0.75708254 0.76622467 0.75228544 0.76494741 0.75108520 0.76281423 0.75228125 0.75769140 0.74428636 0.75556270 0.74308570 0.75342941 0.74468040 0.74659913 0.71270085 0.73808432 0.71150020 0.73595103 0.71349365 0.72741285 0.71549160 0.72613121 0.76346134 0.73890352 0.76466158 0.74103670 0.76346554 0.74615953 0.76466619 0.74829282 0.76626509 0.74871854 0.76746523 0.75085215 0.76706658 0.75255962 0.76506904 0.75384136 0.76427174 0.75725629 0.76227409 0.75853847 0.76347433 0.76067165 0.77146922 0.76280035 0.77266947 0.76493353 0.77067182 0.76621571 0.77027317 0.76792317 0.76827563 0.76920492 0.76787698 0.77091238 0.77427297 0.77261536 0.77547321 0.77474854 0.77427717 0.77987137 0.77227952 0.78115355 0.77188087 0.78286102 0.77987576 0.78498971 0.78107600 0.78712290 0.78067735 0.78883036 0.77867981 0.79011210 0.77748376 0.79523493 0.80946372 0.80374984 0.81026102 0.80033491 0.81225867 0.79905273 0.81265732 0.79734527 0.81465486 0.79606352 0.81545216 0.79264860 0.81745022 0.79136653 0.81784887 0.78965906 0.81984641 0.78837732 0.82024516 0.78666942 0.82224271 0.78538767 0.82304001 0.78197275 0.82503796 0.78069111 0.82543671 0.77898321 0.82743426 0.77770147 0.82783291 0.77599401 0.82983055 0.77471183 0.83062786 0.77129690 0.83262540 0.77001515 0.81823452 0.76618347 0.81703427 0.76405029 0.79464810 0.75808980 0.79344795 0.75595618 0.79544550 0.75467444 0.81303458 0.75935767 0.81423063 0.75423484 0.81622817 0.75295310 0.82262417 0.75465608 0.82382022 0.74953325 0.82581776 0.74825151 0.82741707 0.74867733 0.82941461 0.74739559 0.83101351 0.74782131 0.83181091 0.74440595 0.82061823 0.74142581 0.81941757 0.73929252 0.82101227 0.73246223 0.78423562 0.72267017 0.78303497 0.72053688 0.78423102 0.71541405 0.78303077 0.71328087 0.73825883 0.70135999 0.73705858 0.69922681 0.73825463 0.69410399 0.72706154 0.69112374 0.72586140 0.68899013 0.72705735 0.68386774 0.72585710 0.68173455 0.71146581 0.67790276 0.71026986 0.68302515 0.71346806 0.68387670 0.71466831 0.68600988 0.71307351 0.69284060 0.71107596 0.69412235 0.70947706 0.69369663
0 0.57812500 0.80200731 0.57884363 0.80219865 0.58084136 0.80091649 0.60802414 0.80815412 0.61002210 0.80687248 0.61042075 0.80516502 0.61241839 0.80388284 0.61281704 0.80217538 0.61481459 0.80089363 0.61521324 0.79918617 0.61721119 0.79790453 0.61800859 0.79448917 0.62000614 0.79320742 0.62040489 0.79149952 0.62240243 0.79021778 0.62280108 0.78851032 0.62479863 0.78722857 0.62519728 0.78552111 0.62719493 0.78423893 0.62799222 0.78082400 0.62999028 0.77954193 0.63038893 0.77783447 0.63238648 0.77655272 0.63278512 0.77484526 0.63478267 0.77356352 0.63518142 0.77185562 0.63717938 0.77057398 0.63797678 0.76715862 0.63997432 0.76587687 0.64037297 0.76416941 0.64237052 0.76288767 0.64276917 0.76118020 0.64476682 0.75989802 0.64516546 0.75819056 0.64716301 0.75690882 0.64796041 0.75349345 0.64995837 0.75221182 0.65035702 0.75050436 0.65235456 0.74922261 0.65275331 0.74751471 0.65475086 0.74623297 0.65554826 0.74281760 0.65754621 0.74153597 0.65794486 0.73982851 0.65994241 0.73854676 0.66034106 0.73683930 0.66233870 0.73555712 0.66273735 0.73384965 0.66473490 0.73256791 0.66553230 0.72915255 0.66752984 0.72787080 0.66792849 0.72616334 0.66992645 0.72488170 0.67032520 0.72317380 0.67232275 0.72189206 0.67272139 0.72018460 0.67471904 0.71890242 0.67551634 0.71548749 0.67751429 0.71420585 0.67791295 0.71249839 0.67991059 0.71121621 0.68030924 0.70950875 0.68230679 0.70822700 0.68310419 0.70481164 0.68510173 0.70352989 0.68550038 0.70182243 0.68749793 0.70054069 0.68789668 0.69883279 0.68989463 0.69755115 0.69069204 0.69413579 0.69268958 0.69285404 0.69308823 0.69114658 0.69508578 0.68986484 0.69548443 0.68815737 0.69748248 0.68687530 0.69827978 0.68346038 0.70027743 0.68217820 0.70067608 0.68047073 0.70267362 0.67918899 0.70307227 0.67748153 0.70506982 0.67619978 0.65550077 0.66300164 0.65510212 0.66470911 0.65310458 0.66599085 0.64911788 0.68306635 0.64712023 0.68434853 0.59595229 0.67072468 0.57812500 0.74708108 0.57812500 0.80200731
0 0.82570621 0.55959469 0.82490887 0.56300983 0.82291129 0.56429171 0.82251262 0.56599926 0.81851707 0.56856286 0.80892328 0.56600844 0.80692571 0.56729031 0.80612837 0.57070541 0.80413038 0.57198718 0.80373170 0.57369477 0.80173414 0.57497661 0.80133547 0.57668416 0.79933789 0.57796603 0.79893921 0.57967362 0.80693410 0.58180233 0.80813433 0.58393560 0.80773566 0.58564314 0.80573808 0.58692502 0.80533940 0.58863261 0.80334183 0.58991445 0.80294316 0.59162200 0.79894758 0.59418573 0.78935380 0.59163131 0.78735625 0.59291305 0.78655885 0.59632841 0.78456090 0.59761005 0.78416225 0.59931751 0.78216470 0.60059926 0.79015959 0.60272796 0.79135984 0.60486114 0.79056244 0.60827650 0.78856489 0.60955825 0.78816614 0.61126615 0.78616860 0.61254789 0.78576995 0.61425535 0.78177486 0.61681884 0.77537845 0.61511575 0.77138326 0.61767968 0.77098461 0.61938714 0.76898696 0.62066932 0.76858831 0.62237678 0.76459282 0.62494016 0.77258770 0.62706886 0.77378836 0.62920215 0.77299096 0.63261752 0.77099300 0.63389915 0.77059425 0.63560705 0.76859671 0.63688880 0.76779941 0.64030372 0.76580186 0.64158547 0.75460877 0.63860522 0.75421002 0.64031312 0.75221248 0.64159486 0.75141508 0.64501023 0.74941753 0.64629197 0.74901888 0.64799943 0.74702134 0.64928118 0.75501622 0.65140988 0.75621647 0.65354306 0.75581772 0.65525096 0.75382017 0.65653270 0.75302277 0.65994807 0.75102482 0.66122970 0.75062617 0.66293717 0.74862862 0.66421891 0.74783122 0.66763427 0.76701920 0.67274322 0.76821986 0.67487651 0.76782121 0.67658397 0.77581609 0.67871267 0.77701624 0.68084629 0.77861513 0.68127201 0.77981579 0.68340530 0.80539976 0.69021723 0.80660000 0.69235041 0.80580271 0.69576533 0.83458446 0.70342870 0.83578461 0.70556232 0.83538596 0.70726978 0.83338842 0.70855152 0.83298966 0.71025942 0.87776161 0.72218030 0.87855901 0.71876494 0.88055696 0.71748330 0.88095572 0.71577540 0.88295326 0.71449365 0.88335191 0.71278619 0.88534946 0.71150445 0.88614686 0.70808909 0.88814440 0.70680734 0.88854305 0.70509988 0.89054070 0.70381770 0.89093935 0.70211023 0.89293730 0.70082860 0.89333596 0.69912114 0.89533350 0.69783939 0.89613090 0.69442403 0.89812845 0.69314229 0.89852720 0.69143439 0.90052515 0.69015275 0.90092380 0.68844529 0.90292135 0.68716354 0.90371875 0.68374818 0.90571629 0.68246643 0.90611494 0.68075897 0.90811259 0.67947679 0.90851124 0.67776933 0.91050878 0.67648758 0.91090743 0.67478012 0.91290539 0.67349849 0.91370279 0.67008312 0.91570033 0.66880138 0.91609909 0.66709348 0.91809663 0.66581173 0.91849528 0.66410427 0.92049323 0.66282264 0.92129064 0.65940727 0.92328818 0.65812553 0.92368683 0.65641807 0.92568448 0.65513588 0.92608313 0.65342842 0.92808067 0.65214668 0.92847932 0.65043921 0.93047687 0.64915747 0.93127427 0.64574211 0.93327222 0.64446047 0.93367097 0.64275257 0.93566852 0.64147083 0.93606717 0.63976336 0.93806471 0.63848162 0.93886212 0.63506626 0.94086007 0.63378462 0.94125872 0.63207716 0.94325637 0.63079498 0.94365500 0.62908760 0.94565256 0.62780577 0.94605123 0.62609822 0.94804881 0.62481635 0.94884616 0.62140120 0.94764593 0.61926793 0.94284884 0.61799067 0.94164862 0.61585736 0.94204730 0.61414976 0.94404487 0.61286793 0.94444354 0.61116038 0.94644152 0.60987861 0.94723887 0.60646347 0.94923644 0.60518164 0.94963512 0.60347404 0.95163269 0.60219217 0.95203136 0.60048462 0.95402893 0.59920279 0.95442761 0.59749519 0.95642518 0.59621332 0.95682385 0.59450577 0.95882183 0.59322404 0.95922051 0.59151645 0.96121808 0.59023460 0.96161675 0.58852702 0.81930603 0.55063570 0.81730805 0.55191744 0.81690937 0.55362502 0.82010757 0.55447656 0.82130779 0.55660987 0.82450599 0.55746142 0.82570621 0.55959469
0 0.65483124 0.54947917 0.65463491 0.55032008 0.65263722 0.55160188 0.65223859 0.55330926 0.65024087 0.55459142 0.64984221 0.55629888 0.64784459 0.55758060 0.64704719 0.56099597 0.64504952 0.56227768 0.64465087 0.56398514 0.64265320 0.56526685 0.64225445 0.56697475 0.64025682 0.56825648 0.63985817 0.56996394 0.63786044 0.57124610 0.63706314 0.57466102 0.63506548 0.57594274 0.63466683 0.57765020 0.63266906 0.57893235 0.63227041 0.58063981 0.63027278 0.58192153 0.62947538 0.58533690 0.62747775 0.58661862 0.62707910 0.58832608 0.62508143 0.58960779 0.62468268 0.59131569 0.62268501 0.59259740 0.62188762 0.59601277 0.61988999 0.59729449 0.61949134 0.59900195 0.61749371 0.60028367 0.61709506 0.60199114 0.61509729 0.60327329 0.62309230 0.60540202 0.62429263 0.60753522 0.62389398 0.60924269 0.64308196 0.61435163 0.64428218 0.61648527 0.64388354 0.61819273 0.65187834 0.62032141 0.65307900 0.62245470 0.65268035 0.62416217 0.67186832 0.62927111 0.67306857 0.63140429 0.67266982 0.63311219 0.70145158 0.64077556 0.70265223 0.64290885 0.70145619 0.64803167 0.73503504 0.65697230 0.73583244 0.65355694 0.73782999 0.65227520 0.73822864 0.65056773 0.74022629 0.64928555 0.74102358 0.64587062 0.74302154 0.64458899 0.74342019 0.64288153 0.73542530 0.64075283 0.73422475 0.63861910 0.73502204 0.63520417 0.73702010 0.63392210 0.73781740 0.63050718 0.73981495 0.62922543 0.74021360 0.62751797 0.74221124 0.62623579 0.75340433 0.62921603 0.75540188 0.62793429 0.75580053 0.62622683 0.75779817 0.62494464 0.75819682 0.62323718 0.76019437 0.62195544 0.76099167 0.61854051 0.76298972 0.61725844 0.76338837 0.61555098 0.76538592 0.61426923 0.76578467 0.61256133 0.76778221 0.61127959 0.76818086 0.60957212 0.77017882 0.60829049 0.77097622 0.60487513 0.77297377 0.60359338 0.77337241 0.60188592 0.77537006 0.60060374 0.77576871 0.59889627 0.77776626 0.59761453 0.77816491 0.59590707 0.78016245 0.59462532 0.78095985 0.59120996 0.78295781 0.58992832 0.78335656 0.58822042 0.78535408 0.58693877 0.78575275 0.58523122 0.78775032 0.58394939 0.78814900 0.58224179 0.79014698 0.58096003 0.79094432 0.57754492 0.79294190 0.57626305 0.79334058 0.57455546 0.79533815 0.57327362 0.79573682 0.57156607 0.79773439 0.57028420 0.79813307 0.56857660 0.80013064 0.56729477 0.80092799 0.56387963 0.80292597 0.56259786 0.80332464 0.56089031 0.80532221 0.55960848 0.80572089 0.55790088 0.80771846 0.55661901 0.80851580 0.55320391 0.81051379 0.55192214 0.81091246 0.55021457 0.81205848 0.54947917 0.65483124 0.54947917
