0 0.28718296 0.20095145 0.28711276 0.20088507 0.27825910 0.20245015 0.20380388 0.25443600 0.25504534 0.32006818 0.25571622 0.31992730 0.34557098 0.26126136 0.34394475 0.25365298 0.30474935 0.20392587 0.29401865 0.21084312 0.28718296 0.20095145
0 0.54980469 0.28394665 0.51101438 0.22577116 0.49447248 0.22869531 0.42441003 0.27799296 0.42615772 0.28616961 0.46960506 0.35209639 0.47633520 0.35041882 0.54980469 0.30414074 0.54980469 0.28394665
0 0.80408478 0.11975557 0.84279113 0.14875295 0.86828530 0.11098926 0.82724666 0.07740340 0.80408478 0.11975557
0 0.74766195 0.81955057 0.74488070 0.82413011 0.74315454 0.82450276 0.74176400 0.82679302 0.74003741 0.82716576 0.73864678 0.82945553 0.73692063 0.82982818 0.73552956 0.83211804 0.73586518 0.83403565 0.73792731 0.83558002 0.73826284 0.83749714 0.74032452 0.83904161 0.74066005 0.84095873 0.74272182 0.84250369 0.74305735 0.84442080 0.74511948 0.84596518 0.74545510 0.84788279 0.74957847 0.85097172 0.74991400 0.85288884 0.75197569 0.85443331 0.75231130 0.85635091 0.75437299 0.85789538 0.75470852 0.85981250 0.75677073 0.86135736 0.75710626 0.86327448 0.75916795 0.86481895 0.75950348 0.86673607 0.76156516 0.86828054 0.76190078 0.87019814 0.76396291 0.87174252 0.76429844 0.87365963 0.76842189 0.87674906 0.76875743 0.87866618 0.77081911 0.88021065 0.77254527 0.87983800 0.77393633 0.87754813 0.77566249 0.87717548 0.77705311 0.87488572 0.77877971 0.87451297 0.78156087 0.86993294 0.78328703 0.86956030 0.78467765 0.86727053 0.78640425 0.86689778 0.78779487 0.86460801 0.78952103 0.86423536 0.79091201 0.86194501 0.79263816 0.86157236 0.79230263 0.85965524 0.79024095 0.85811077 0.78990542 0.85619365 0.78784329 0.85464928 0.78750767 0.85273167 0.78544599 0.85118721 0.78511046 0.84927009 0.78304868 0.84772513 0.78271315 0.84580801 0.78065103 0.84426364 0.78031550 0.84234652 0.77825381 0.84080205 0.77791819 0.83888445 0.77585651 0.83733998 0.77552098 0.83542286 0.77345921 0.83387790 0.77312368 0.83196078 0.77106199 0.83041631 0.77072646 0.82849920 0.76866433 0.82695482 0.76832872 0.82503721 0.76626703 0.82349275 0.76593150 0.82157563 0.76386973 0.82003067 0.76353420 0.81811355 0.75941038 0.81502471 0.75907486 0.81310759 0.75701308 0.81156263 0.75562254 0.81385289 0.75389639 0.81422555 0.75250532 0.81651541 0.75077917 0.81688806 0.74938854 0.81917783 0.74766195 0.81955057
0 0.78022276 0.79063458 0.77883222 0.79292484 0.77710562 0.79329758 0.77571500 0.79558735 0.77398884 0.79596000 0.77259778 0.79824987 0.77087162 0.79862252 0.76809037 0.80320205 0.76636422 0.80357470 0.76497324 0.80586505 0.76324708 0.80623770 0.76185646 0.80852747 0.76391814 0.81007194 0.76425376 0.81198955 0.76631545 0.81353402 0.76665098 0.81545113 0.76871310 0.81699551 0.76904864 0.81891263 0.77111041 0.82045758 0.77144594 0.82237470 0.77350762 0.82391917 0.77384324 0.82583678 0.77590493 0.82738125 0.77624046 0.82929837 0.77830214 0.83084283 0.77863767 0.83275995 0.78069989 0.83430481 0.78103542 0.83622193 0.78309710 0.83776640 0.78343272 0.83968401 0.78755653 0.84277285 0.78789206 0.84468997 0.78995375 0.84623443 0.79028936 0.84815204 0.79235105 0.84969651 0.79302220 0.85353124 0.79508388 0.85507570 0.79541941 0.85699282 0.79714557 0.85662017 0.79853663 0.85433031 0.80026279 0.85395766 0.80165341 0.85166789 0.80338001 0.85129515 0.80477055 0.84900489 0.80649670 0.84863224 0.80788733 0.84634247 0.80961348 0.84596982 0.81100455 0.84367996 0.81273070 0.84330731 0.81551231 0.83872719 0.81723846 0.83835454 0.81862909 0.83606477 0.82035524 0.83569212 0.82174587 0.83340235 0.82347246 0.83302960 0.82486309 0.83073984 0.82658924 0.83036719 0.82798022 0.82807683 0.82591810 0.82653246 0.82558257 0.82461534 0.82352079 0.82307038 0.82318526 0.82115327 0.82112358 0.81960880 0.82078805 0.81769168 0.81666415 0.81460235 0.81632862 0.81268523 0.81426693 0.81114076 0.81393132 0.80922315 0.81186963 0.80767869 0.81153410 0.80576157 0.80947241 0.80421710 0.80913689 0.80229998 0.80707467 0.80075512 0.80673914 0.79883800 0.80467745 0.79729353 0.80434184 0.79537592 0.80021803 0.79228708 0.79988249 0.79036997 0.79782081 0.78882550 0.79748519 0.78690789 0.79542351 0.78536342 0.79508798 0.78344630 0.79302621 0.78190134 0.79269068 0.77998423 0.79096452 0.78035688 0.78957345 0.78264674 0.78784730 0.78301939 0.78506569 0.78759951 0.78333954 0.78797216 0.78194892 0.79026193 0.78022276 0.79063458
0 0.72575016 0.78647692 0.72435962 0.78876718 0.72263347 0.78913983 0.72124284 0.79142959 0.71951624 0.79180234 0.71812562 0.79409211 0.71639946 0.79446476 0.71500840 0.79675462 0.71534393 0.79867174 0.71740614 0.80021660 0.71774167 0.80213372 0.71980336 0.80367819 0.72013898 0.80559580 0.72220066 0.80714026 0.72253619 0.80905738 0.72666000 0.81214622 0.72699562 0.81406383 0.73044793 0.81331853 0.73183847 0.81102827 0.73356507 0.81065553 0.73634631 0.80607599 0.73807291 0.80570325 0.73946354 0.80341348 0.74118969 0.80304083 0.74258031 0.80075106 0.74430647 0.80037841 0.74569745 0.79808806 0.74742361 0.79771541 0.74881423 0.79542564 0.75054083 0.79505289 0.75020530 0.79313577 0.74814308 0.79159091 0.74780755 0.78967379 0.74574587 0.78812933 0.74541034 0.78621221 0.74334865 0.78466774 0.74301303 0.78275013 0.74095091 0.78120576 0.74061538 0.77928864 0.73855360 0.77774368 0.73821808 0.77582656 0.73649192 0.77619921 0.73510130 0.77848898 0.73337514 0.77886163 0.73198416 0.78115199 0.73025800 0.78152464 0.72747631 0.78610427 0.72575016 0.78647692
0 0.89833247 0.68753935 0.89694140 0.68982922 0.89521525 0.69020187 0.89382462 0.69249163 0.89209847 0.69286429 0.88931678 0.69744392 0.88759062 0.69781657 0.88826177 0.70165129 0.89032346 0.70319576 0.89065907 0.70511337 0.89272120 0.70665774 0.89305673 0.70857486 0.89511842 0.71011933 0.89545395 0.71203645 0.89751572 0.71358140 0.89785125 0.71549852 0.89991293 0.71704299 0.90024855 0.71896060 0.90231024 0.72050507 0.90264577 0.72242219 0.90470789 0.72396656 0.90504342 0.72588368 0.90710520 0.72742863 0.90744073 0.72934575 0.90950241 0.73089022 0.90983803 0.73280783 0.91190016 0.73435220 0.91223569 0.73626932 0.91429737 0.73781379 0.91463290 0.73973090 0.91669467 0.74127586 0.91703021 0.74319298 0.92115366 0.74628241 0.92148919 0.74819952 0.92288026 0.74590966 0.92460641 0.74553701 0.92599695 0.74324675 0.92772355 0.74287401 0.92911417 0.74058424 0.93084033 0.74021159 0.93223095 0.73792182 0.93395711 0.73754917 0.93534809 0.73525882 0.93707424 0.73488617 0.93846487 0.73259640 0.94019146 0.73222366 0.94297271 0.72764412 0.94469887 0.72727147 0.94436334 0.72535435 0.94023988 0.72226493 0.93990435 0.72034781 0.93784258 0.71880285 0.93750705 0.71688573 0.93544492 0.71534136 0.93510939 0.71342424 0.93304770 0.71187977 0.93271209 0.70996216 0.93065040 0.70841770 0.93031487 0.70650058 0.92825266 0.70495571 0.92791713 0.70303860 0.92585544 0.70149413 0.92551991 0.69957701 0.92345823 0.69803254 0.92312261 0.69611494 0.91899924 0.69302600 0.91866362 0.69110839 0.91660150 0.68956402 0.91626596 0.68764690 0.91420428 0.68610243 0.91386875 0.68418531 0.91180698 0.68264036 0.91147145 0.68072324 0.90940932 0.67917887 0.90907370 0.67726126 0.90768316 0.67955152 0.90595701 0.67992416 0.90317576 0.68450370 0.90144916 0.68487645 0.90005862 0.68716670 0.89833247 0.68753935
0 0.73299485 0.71527394 0.73160431 0.71756420 0.72987771 0.71793694 0.72848709 0.72022671 0.72676093 0.72059936 0.72537031 0.72288913 0.72364415 0.72326178 0.72086255 0.72784190 0.71913639 0.72821455 0.71774533 0.73050441 0.71601917 0.73087706 0.71462855 0.73316683 0.71290239 0.73353948 0.71496408 0.73508395 0.71529969 0.73700156 0.71736138 0.73854602 0.71769691 0.74046314 0.71975868 0.74200810 0.72009421 0.74392522 0.72215634 0.74546959 0.72249187 0.74738671 0.72455356 0.74893118 0.72488917 0.75084879 0.72695086 0.75239325 0.72728639 0.75431037 0.72934860 0.75585524 0.72968413 0.75777235 0.73380750 0.76086129 0.73414303 0.76277841 0.73620481 0.76432337 0.73654034 0.76624048 0.73860202 0.76778495 0.73893764 0.76970256 0.74099977 0.77124693 0.74133530 0.77316405 0.74339698 0.77470852 0.74373251 0.77662564 0.74579428 0.77817060 0.74612981 0.78008771 0.74819194 0.78163209 0.74852756 0.78354970 0.75058924 0.78509416 0.75092477 0.78701128 0.75298646 0.78855575 0.75332199 0.79047287 0.75538376 0.79201782 0.75571929 0.79393494 0.75917204 0.79318955 0.76056267 0.79089978 0.76228882 0.79052713 0.76367980 0.78823678 0.76540596 0.78786413 0.76679658 0.78557436 0.76852274 0.78520171 0.76991336 0.78291194 0.77163996 0.78253920 0.77303058 0.78024943 0.77475674 0.77987678 0.77614781 0.77758691 0.77787396 0.77721426 0.78065512 0.77263424 0.78238128 0.77226159 0.78377235 0.76997172 0.78549850 0.76959907 0.78688904 0.76730881 0.78655351 0.76539170 0.78449182 0.76384723 0.78415629 0.76193011 0.78209461 0.76038564 0.78175899 0.75846804 0.77969686 0.75692366 0.77936133 0.75500655 0.77729956 0.75346159 0.77696403 0.75154447 0.77490234 0.75000000 0.77456681 0.74808288 0.77250513 0.74653841 0.77183398 0.74270369 0.76771008 0.73961436 0.76737455 0.73769724 0.76531287 0.73615277 0.76497734 0.73423565 0.76291565 0.73269119 0.76258003 0.73077358 0.76051791 0.72922920 0.76018238 0.72731209 0.75812060 0.72576713 0.75778507 0.72385001 0.75572339 0.72230554 0.75538786 0.72038842 0.75332617 0.71884395 0.75299056 0.71692635 0.75092887 0.71538188 0.75059334 0.71346476 0.74853113 0.71191990 0.74819560 0.71000278 0.74613391 0.70845831 0.74579838 0.70654119 0.74373669 0.70499673 0.74234563 0.70728659 0.74061947 0.70765924 0.73922885 0.70994901 0.73750269 0.71032166 0.73472100 0.71490129 0.73299485 0.71527394
0 0.91842492 0.66927381 0.91703430 0.67156358 0.91530815 0.67193623 0.91391708 0.67422609 0.91425261 0.67614321 0.91631482 0.67768807 0.91665035 0.67960519 0.91871204 0.68114966 0.91904766 0.68306727 0.92110934 0.68461174 0.92144487 0.68652885 0.92556824 0.68961779 0.92590386 0.69153540 0.92796599 0.69307977 0.92830152 0.69499689 0.93036329 0.69654185 0.93069882 0.69845897 0.93276050 0.70000343 0.93309604 0.70192055 0.93515816 0.70346492 0.93549378 0.70538253 0.93755546 0.70692700 0.93789100 0.70884412 0.93995277 0.71038908 0.94028830 0.71230620 0.94234998 0.71385066 0.94268551 0.71576778 0.94474720 0.71731225 0.94508282 0.71922986 0.94920663 0.72231870 0.95093278 0.72194605 0.95232385 0.71965619 0.95405000 0.71928354 0.95544063 0.71699377 0.95716678 0.71662112 0.95855732 0.71433086 0.96028392 0.71395811 0.96167454 0.71166835 0.96340070 0.71129570 0.96272964 0.70746146 0.96066795 0.70591699 0.96033234 0.70399938 0.95827065 0.70245492 0.95793512 0.70053780 0.95587291 0.69899293 0.95553738 0.69707582 0.95347569 0.69553135 0.95314016 0.69361423 0.94901670 0.69052480 0.94868117 0.68860769 0.94661949 0.68706322 0.94628387 0.68514561 0.94422174 0.68360124 0.94388621 0.68168412 0.94182453 0.68013965 0.94148900 0.67822253 0.93942722 0.67667757 0.93909169 0.67476046 0.93702957 0.67321608 0.93669395 0.67129848 0.93257058 0.66820954 0.93223505 0.66629242 0.93017336 0.66474795 0.92983775 0.66283034 0.92777606 0.66128588 0.92638499 0.66357574 0.92465884 0.66394839 0.92326830 0.66623865 0.92154170 0.66661139 0.92015108 0.66890116 0.91842492 0.66927381
0 0.95098529 0.64035792 0.94959467 0.64264768 0.94786852 0.64302033 0.94647754 0.64531069 0.94475138 0.64568334 0.94336076 0.64797311 0.94163460 0.64834576 0.94024398 0.65063552 0.93851738 0.65100827 0.93885291 0.65292539 0.94091504 0.65446976 0.94125065 0.65638737 0.94331234 0.65793184 0.94364787 0.65984895 0.94570964 0.66139391 0.94604517 0.66331103 0.94810686 0.66485550 0.94844239 0.66677262 0.95050407 0.66831708 0.95083969 0.67023469 0.95290182 0.67177907 0.95323735 0.67369618 0.95529912 0.67524114 0.95563465 0.67715826 0.95975846 0.68024710 0.96009399 0.68216422 0.96215576 0.68370918 0.96249130 0.68562630 0.96455298 0.68717076 0.96488860 0.68908837 0.96695028 0.69063284 0.96728581 0.69254996 0.96934750 0.69409443 0.96968303 0.69601154 0.97174524 0.69755641 0.97208077 0.69947353 0.97414246 0.70101799 0.97553308 0.69872822 0.97725968 0.69835548 0.97865031 0.69606571 0.98037646 0.69569306 0.98176700 0.69340280 0.98349315 0.69303015 0.98488422 0.69074029 0.98661038 0.69036764 0.98800100 0.68807787 0.98972760 0.68770513 0.99111822 0.68541536 0.98809827 0.66816032 0.98603650 0.66661536 0.98570097 0.66469824 0.98363884 0.66315387 0.98330323 0.66123626 0.98124154 0.65969179 0.98090601 0.65777467 0.97884433 0.65623020 0.97850880 0.65431309 0.97644658 0.65276822 0.97611105 0.65085111 0.97404937 0.64930664 0.97371375 0.64738903 0.97165206 0.64584456 0.97131653 0.64392744 0.96925485 0.64238297 0.96891932 0.64046586 0.96685755 0.63892090 0.96652202 0.63700378 0.96445989 0.63545941 0.96412427 0.63354180 0.96206259 0.63199733 0.96033643 0.63236998 0.95894537 0.63465984 0.95721921 0.63503249 0.95582867 0.63732275 0.95410252 0.63769540 0.95271189 0.63998517 0.95098529 0.64035792
0 0.85450845 0.62139214 0.85311783 0.62368191 0.85139167 0.62405456 0.85000105 0.62634433 0.84827445 0.62671707 0.84688391 0.62900733 0.84515776 0.62937998 0.84376669 0.63166985 0.84204054 0.63204250 0.84271168 0.63587722 0.84477337 0.63742169 0.84510890 0.63933881 0.84717103 0.64088318 0.84750656 0.64280030 0.84956833 0.64434526 0.84990386 0.64626237 0.85196554 0.64780684 0.85230116 0.64972445 0.85436329 0.65126882 0.85469882 0.65318594 0.85882219 0.65627488 0.85915781 0.65819249 0.86121949 0.65973695 0.86155502 0.66165407 0.86361679 0.66319903 0.86395232 0.66511615 0.86601445 0.66666052 0.86634998 0.66857764 0.86841167 0.67012211 0.86874728 0.67203972 0.87080897 0.67358418 0.87114450 0.67550130 0.87320671 0.67704617 0.87354224 0.67896328 0.87560393 0.68050775 0.87593946 0.68242487 0.87800115 0.68396934 0.87833676 0.68588695 0.88039845 0.68743141 0.88212460 0.68705876 0.88351567 0.68476890 0.88524182 0.68439625 0.88663236 0.68210599 0.88835896 0.68173325 0.89114021 0.67715371 0.89286636 0.67678106 0.89425699 0.67449129 0.89598358 0.67411855 0.89737421 0.67182878 0.89910036 0.67145613 0.90049134 0.66916577 0.90221750 0.66879312 0.90360812 0.66650336 0.90293698 0.66266863 0.89881361 0.65957970 0.89847807 0.65766258 0.89641595 0.65611820 0.89608033 0.65420060 0.89401865 0.65265613 0.89368311 0.65073901 0.89162134 0.64919405 0.89128581 0.64727693 0.88716200 0.64418809 0.88682647 0.64227098 0.88476470 0.64072602 0.88442917 0.63880890 0.88236748 0.63726443 0.88203187 0.63534682 0.87997018 0.63380235 0.87963465 0.63188524 0.87757252 0.63034086 0.87723699 0.62842375 0.87311353 0.62533432 0.87277801 0.62341720 0.87071579 0.62187234 0.87038026 0.61995522 0.86831857 0.61841075 0.86798305 0.61649363 0.86592136 0.61494917 0.86558574 0.61303156 0.86385959 0.61340421 0.86246905 0.61569447 0.86074245 0.61606721 0.85935183 0.61835698 0.85762567 0.61872963 0.85623461 0.62101949 0.85450845 0.62139214
0 0.88256150 0.59742892 0.88117044 0.59971879 0.87944428 0.60009144 0.87805366 0.60238120 0.87632750 0.60275386 0.87493688 0.60504362 0.87321028 0.60541637 0.87181974 0.60770663 0.87009359 0.60807928 0.87076465 0.61191351 0.87282642 0.61345847 0.87316195 0.61537559 0.87522364 0.61692006 0.87555917 0.61883718 0.87762129 0.62038155 0.87795691 0.62229916 0.88001860 0.62384363 0.88035413 0.62576074 0.88447758 0.62885017 0.88481312 0.63076729 0.88687480 0.63231175 0.88721033 0.63422887 0.88927254 0.63577374 0.88960808 0.63769085 0.89166976 0.63923532 0.89200538 0.64115293 0.89406706 0.64269740 0.89440259 0.64461452 0.89646472 0.64615889 0.89680025 0.64807601 0.89886202 0.64962096 0.89919755 0.65153808 0.90332101 0.65462751 0.90365654 0.65654463 0.90571823 0.65808910 0.90605376 0.66000621 0.90811588 0.66155059 0.90984204 0.66117794 0.91123266 0.65888817 0.91295926 0.65851542 0.91434988 0.65622565 0.91607604 0.65585301 0.91746666 0.65356324 0.91919282 0.65319059 0.92058389 0.65090072 0.92231004 0.65052807 0.92370058 0.64823781 0.92163889 0.64669335 0.92130336 0.64477623 0.91924159 0.64323127 0.91890606 0.64131415 0.91684393 0.63976978 0.91650840 0.63785266 0.91444672 0.63630820 0.91411110 0.63439059 0.90998773 0.63130165 0.90965211 0.62938404 0.90759043 0.62783957 0.90725490 0.62592245 0.90519277 0.62437808 0.90485724 0.62246096 0.90279547 0.62091601 0.90245994 0.61899889 0.90039825 0.61745442 0.89972710 0.61361969 0.90111773 0.61132993 0.90284388 0.61095728 0.90423495 0.60866741 0.90596110 0.60829476 0.90562557 0.60637764 0.90356380 0.60483269 0.90322827 0.60291557 0.90116615 0.60137120 0.90083053 0.59945359 0.89876884 0.59790912 0.89843331 0.59599200 0.89637163 0.59444753 0.89603610 0.59253042 0.89397388 0.59098555 0.89363835 0.58906843 0.89191220 0.58944108 0.89052157 0.59173085 0.88879542 0.59210350 0.88740488 0.59439376 0.88567828 0.59476651 0.88428766 0.59705627 0.88256150 0.59742892
0 0.91200510 0.57117545 0.91061411 0.57346580 0.90888796 0.57383845 0.90610627 0.57841808 0.90438011 0.57879073 0.90298949 0.58108050 0.90126333 0.58145315 0.90193448 0.58528788 0.90399617 0.58683234 0.90433170 0.58874946 0.90639347 0.59029442 0.90672900 0.59221154 0.90879068 0.59375601 0.90912622 0.59567312 0.91118834 0.59721750 0.91152396 0.59913511 0.91358564 0.60067957 0.91392118 0.60259669 0.91598295 0.60414165 0.91631848 0.60605877 0.91838060 0.60760314 0.91871614 0.60952026 0.92077782 0.61106473 0.92111344 0.61298233 0.92523681 0.61607127 0.92557243 0.61798888 0.92763411 0.61953335 0.92796964 0.62145046 0.93003177 0.62299484 0.93036730 0.62491195 0.93242907 0.62645691 0.93276460 0.62837403 0.93482629 0.62991850 0.93516190 0.63183611 0.93722403 0.63338048 0.93755956 0.63529760 0.93928572 0.63492495 0.94067634 0.63263518 0.94240250 0.63226253 0.94379312 0.62997276 0.94551972 0.62960002 0.94691026 0.62730976 0.94863641 0.62693711 0.95002748 0.62464725 0.95175363 0.62427460 0.95314426 0.62198483 0.95487041 0.62161218 0.95626095 0.61932192 0.95798755 0.61894917 0.96076880 0.61436964 0.96249539 0.61399689 0.96043326 0.61245252 0.96009773 0.61053540 0.95803596 0.60899044 0.95770043 0.60707333 0.95563875 0.60552886 0.95530313 0.60361125 0.95117932 0.60052241 0.95084379 0.59860529 0.94878210 0.59706082 0.94844649 0.59514321 0.94638480 0.59359875 0.94604927 0.59168163 0.94398750 0.59013667 0.94365197 0.58821955 0.94158984 0.58667518 0.94125431 0.58475806 0.93713085 0.58166863 0.93679532 0.57975152 0.93473319 0.57820714 0.93439758 0.57628954 0.93233589 0.57474507 0.93200036 0.57282795 0.92993868 0.57128348 0.92960315 0.56936637 0.92754137 0.56782141 0.92720584 0.56590429 0.92514416 0.56435982 0.92480854 0.56244221 0.92135579 0.56318761 0.91996525 0.56547787 0.91823865 0.56585061 0.91684803 0.56814038 0.91512187 0.56851303 0.91373125 0.57080280 0.91200510 0.57117545
0 0.94144833 0.54492255 0.94005771 0.54721232 0.93833155 0.54758497 0.93694093 0.54987474 0.93521433 0.55024749 0.93243317 0.55482751 0.93070657 0.55520026 0.92931595 0.55749003 0.92758979 0.55786268 0.92792532 0.55977979 0.92998701 0.56132426 0.93032262 0.56324187 0.93238431 0.56478634 0.93271984 0.56670345 0.93684374 0.56979279 0.93717927 0.57170990 0.93924095 0.57325437 0.93957648 0.57517149 0.94163870 0.57671635 0.94197423 0.57863347 0.94403591 0.58017794 0.94437153 0.58209555 0.94643322 0.58364002 0.94676875 0.58555713 0.94883043 0.58710160 0.94916596 0.58901872 0.95122773 0.59056368 0.95156326 0.59248080 0.95362539 0.59402517 0.95396101 0.59594278 0.95602269 0.59748725 0.95635822 0.59940436 0.95841991 0.60094883 0.95875544 0.60286595 0.96287934 0.60595528 0.96321487 0.60787240 0.96527664 0.60941736 0.96561217 0.61133448 0.96700280 0.60904471 0.96872895 0.60867206 0.97011993 0.60638170 0.97184609 0.60600905 0.97323671 0.60371929 0.97496331 0.60334654 0.97635393 0.60105677 0.96964289 0.56271196 0.96551899 0.55962263 0.96518346 0.55770551 0.96312178 0.55616104 0.96278616 0.55424344 0.96072448 0.55269897 0.96038894 0.55078185 0.95832682 0.54923748 0.95799129 0.54732036 0.95592952 0.54577540 0.95559398 0.54385828 0.95353230 0.54231381 0.95319668 0.54039620 0.95113500 0.53885174 0.95079947 0.53693462 0.94940884 0.53922439 0.94768225 0.53959713 0.94629162 0.54188690 0.94456547 0.54225955 0.94317449 0.54454990 0.94144833 0.54492255
