0 0.00000000 0.38530933 0.09538919 0.38638979 0.14442636 0.34161790 0.07168904 0.30778390 0.00000000 0.37196037 0.00000000 0.38530933
0 0.33816377 0.25217230 0.27829006 0.21996207 0.20258290 0.18363099 0.14505077 0.23372623 0.28059189 0.30374515 0.33816377 0.25217230
0 0.43437176 0.14733404 0.41724551 0.13482285 0.43125235 0.12217161 0.33839245 0.07431441 0.24212762 0.15303954 0.38519270 0.22560713 0.43399139 0.18970093 0.41225802 0.17910830 0.41235076 0.17566054 0.40414727 0.17014805 0.43437176 0.14733404
0 0.49544806 0.56127585 0.45859934 0.49744045 0.42224918 0.52124970 0.45913273 0.58304893 0.49544806 0.56127585
0 0.64241651 0.86450731 0.64238917 0.86689479 0.64079559 0.86924121 0.64236182 0.86928289 0.64390112 0.87171205 0.64387378 0.87409954 0.64227980 0.87644595 0.63914734 0.87636260 0.63755337 0.87870840 0.63741667 0.89064643 0.63898330 0.89068812 0.64052219 0.89311728 0.64208842 0.89315895 0.64362771 0.89558873 0.64519394 0.89563040 0.64673283 0.89805956 0.64829906 0.89810123 0.64989263 0.89575542 0.64994731 0.89097985 0.65154128 0.88863404 0.65156863 0.88624595 0.65316220 0.88390014 0.65318954 0.88151265 0.65478311 0.87916685 0.65483779 0.87439127 0.65643176 0.87204546 0.65645910 0.86965798 0.65805267 0.86731156 0.65961890 0.86735324 0.66115779 0.86978300 0.66272402 0.86982468 0.66591156 0.86513246 0.66277870 0.86504910 0.66123981 0.86261994 0.65967358 0.86257827 0.65813469 0.86014911 0.65656846 0.86010744 0.65502917 0.85767827 0.65189671 0.85759492 0.65035742 0.85516514 0.64879119 0.85512346 0.64725230 0.85269431 0.64722496 0.85508179 0.64876385 0.85751156 0.64717028 0.85985737 0.64403782 0.85977403 0.64401048 0.86216151 0.64241651 0.86450731
0 0.88886926 0.68716094 0.89040815 0.68959010 0.88722101 0.69428233 0.88875990 0.69671149 0.88716633 0.69905730 0.88403387 0.69897395 0.88400653 0.70136144 0.88241256 0.70370784 0.88238522 0.70609533 0.88079165 0.70844114 0.88076430 0.71082923 0.87917073 0.71317504 0.88070963 0.71560420 0.88227586 0.71564587 0.88381515 0.71807504 0.88538138 0.71811672 0.88692027 0.72054588 0.88848650 0.72058755 0.89002538 0.72301732 0.89159201 0.72305900 0.89313091 0.72548816 0.89469714 0.72552983 0.89623643 0.72795900 0.89780266 0.72800068 0.89934154 0.73043045 0.90090777 0.73047212 0.90244667 0.73290128 0.90401330 0.73294296 0.90555219 0.73537212 0.90868505 0.73545548 0.91022394 0.73788463 0.91179017 0.73792631 0.91332906 0.74035546 0.91489529 0.74039714 0.91648926 0.73805134 0.91651660 0.73566386 0.91811017 0.73331804 0.91813751 0.73093056 0.91973108 0.72858414 0.91978576 0.72380917 0.91821953 0.72376750 0.91668065 0.72133773 0.92146176 0.71430031 0.92302799 0.71434198 0.92462155 0.71199617 0.92464890 0.70960808 0.92624247 0.70726227 0.92626981 0.70487478 0.92786338 0.70252836 0.92791806 0.69775339 0.92635183 0.69771172 0.92481294 0.69528256 0.92324671 0.69524089 0.92170782 0.69281173 0.92014118 0.69277005 0.91860230 0.69034028 0.91703607 0.69029861 0.91549678 0.68786944 0.91393055 0.68782776 0.91239166 0.68539860 0.91082543 0.68535693 0.90928654 0.68292716 0.90771991 0.68288548 0.90618102 0.68045632 0.90461479 0.68041464 0.90307550 0.67798548 0.90150927 0.67794380 0.89997037 0.67551465 0.89840414 0.67547297 0.89686525 0.67304381 0.89373239 0.67296046 0.89370505 0.67534794 0.89211148 0.67769375 0.89208415 0.68008123 0.89049018 0.68242703 0.89046283 0.68481513 0.88886926 0.68716094
0 0.84847296 0.65742572 0.84844562 0.65981320 0.84685205 0.66215901 0.84682470 0.66454711 0.84523073 0.66689291 0.84520339 0.66928039 0.84360982 0.67162681 0.84358248 0.67401430 0.84198891 0.67636011 0.84196157 0.67874759 0.84036760 0.68109339 0.84034026 0.68348149 0.83874669 0.68582730 0.83871935 0.68821478 0.83712577 0.69056120 0.83709843 0.69294869 0.83550487 0.69529450 0.83547753 0.69768198 0.83388396 0.70002779 0.83385661 0.70241588 0.83226264 0.70476169 0.83223531 0.70714917 0.83064173 0.70949559 0.83061439 0.71188307 0.82902082 0.71422888 0.82899348 0.71661637 0.82739951 0.71896217 0.82737217 0.72135027 0.82577860 0.72369607 0.82575126 0.72608356 0.82415768 0.72842998 0.82413035 0.73081746 0.82253678 0.73316327 0.82248210 0.73793824 0.82088852 0.74028466 0.82086119 0.74267215 0.81926722 0.74501795 0.81923987 0.74740604 0.81764630 0.74975185 0.81761896 0.75213934 0.81602539 0.75448515 0.81599805 0.75687263 0.81440408 0.75921904 0.81437674 0.76160653 0.81278317 0.76395234 0.81275583 0.76634043 0.81429472 0.76876959 0.81586135 0.76881127 0.81740024 0.77124043 0.81896647 0.77128210 0.82050576 0.77371127 0.82207199 0.77375295 0.82361088 0.77618210 0.82674334 0.77626545 0.82677068 0.77387797 0.82836465 0.77153217 0.82839199 0.76914468 0.82998556 0.76679887 0.83001290 0.76441078 0.83160647 0.76206497 0.83163381 0.75967748 0.83322779 0.75733107 0.83325513 0.75494359 0.83484870 0.75259778 0.83487604 0.75021029 0.83646961 0.74786448 0.83649695 0.74547639 0.83809052 0.74313058 0.83811786 0.74074310 0.83971143 0.73839667 0.83973877 0.73600919 0.84133274 0.73366339 0.84136008 0.73127591 0.84295365 0.72893010 0.84300833 0.72415452 0.84460190 0.72180871 0.84462925 0.71942061 0.84622322 0.71707481 0.84625056 0.71468733 0.84784413 0.71234152 0.84787146 0.70995403 0.85105861 0.70526180 0.85259750 0.70769096 0.85416413 0.70773264 0.85570302 0.71016241 0.85726925 0.71020409 0.85880854 0.71263326 0.86037477 0.71267493 0.86040211 0.71028744 0.86199568 0.70794102 0.86202302 0.70555354 0.86361659 0.70320773 0.86364394 0.70081963 0.86523751 0.69847382 0.86526484 0.69608634 0.86685881 0.69374054 0.86688615 0.69135305 0.86847973 0.68900663 0.86850707 0.68661915 0.87010064 0.68427334 0.87012798 0.68188524 0.87172195 0.67953945 0.87174929 0.67715196 0.87334286 0.67480615 0.87337020 0.67241867 0.87496377 0.67007225 0.87499111 0.66768476 0.87658468 0.66533895 0.87661203 0.66295086 0.87820560 0.66060505 0.87666670 0.65817589 0.87510047 0.65813421 0.87356158 0.65570505 0.87199535 0.65566338 0.87045606 0.65323421 0.86888983 0.65319254 0.86735094 0.65076277 0.86578431 0.65072109 0.86424542 0.64829193 0.86267919 0.64825026 0.86114030 0.64582110 0.85800744 0.64573774 0.85646855 0.64330797 0.85490232 0.64326630 0.85336303 0.64083713 0.85333569 0.64322461 0.85174212 0.64557104 0.85171478 0.64795852 0.85012121 0.65030433 0.85006652 0.65507991 0.84847296 0.65742572
0 0.82052487 0.63518696 0.82049753 0.63757444 0.81890396 0.63992026 0.81887663 0.64230774 0.81728305 0.64465416 0.81725571 0.64704164 0.81566174 0.64938745 0.81563439 0.65177554 0.81404083 0.65412135 0.81401349 0.65650883 0.81241992 0.65885464 0.81239258 0.66124213 0.81079900 0.66358855 0.81077167 0.66597603 0.80917810 0.66832184 0.80915075 0.67070994 0.80755678 0.67305574 0.80752944 0.67544322 0.80593587 0.67778903 0.80590853 0.68017652 0.80431496 0.68252294 0.80428762 0.68491042 0.80269365 0.68725622 0.80266630 0.68964432 0.80107274 0.69199013 0.80104540 0.69437761 0.79945183 0.69672342 0.79942449 0.69911090 0.79783091 0.70145733 0.79780358 0.70384481 0.79621001 0.70619062 0.79618266 0.70857872 0.79458869 0.71092452 0.79453401 0.71569948 0.79294044 0.71804529 0.79291310 0.72043339 0.79131953 0.72277920 0.79129219 0.72516668 0.78969821 0.72751309 0.78967088 0.72990058 0.78807731 0.73224639 0.78804997 0.73463387 0.78645640 0.73697968 0.78642905 0.73936778 0.78483549 0.74171359 0.78480815 0.74410107 0.78634703 0.74653084 0.78791326 0.74657251 0.78945215 0.74900167 0.79101878 0.74904336 0.79255767 0.75147252 0.79412390 0.75151419 0.79566320 0.75394336 0.79722943 0.75398503 0.79876832 0.75641419 0.80033455 0.75645586 0.80187343 0.75888563 0.80344007 0.75892731 0.80497896 0.76135647 0.80654519 0.76139815 0.80657252 0.75901066 0.80816650 0.75666425 0.80819384 0.75427677 0.80978741 0.75193096 0.80981475 0.74954347 0.81140832 0.74719766 0.81143566 0.74480957 0.81302923 0.74246376 0.81305657 0.74007627 0.81465015 0.73772985 0.81467748 0.73534237 0.81627145 0.73299657 0.81629879 0.73060908 0.81789236 0.72826328 0.81791971 0.72587518 0.81951328 0.72352937 0.81954061 0.72114188 0.82113459 0.71879547 0.82116193 0.71640799 0.82275550 0.71406218 0.82278284 0.71167470 0.82437641 0.70932889 0.82440375 0.70694079 0.82599732 0.70459498 0.82602466 0.70220750 0.82761824 0.69986107 0.82764557 0.69747359 0.82923954 0.69512779 0.82926688 0.69274031 0.83086045 0.69039450 0.83088780 0.68800640 0.83407534 0.68331479 0.83410268 0.68092670 0.83569625 0.67858089 0.83572359 0.67619340 0.83731716 0.67384759 0.83734450 0.67146011 0.83893807 0.66911369 0.83896541 0.66672620 0.84055898 0.66438039 0.84058633 0.66199230 0.84218030 0.65964650 0.84220763 0.65725901 0.84380120 0.65491320 0.84382854 0.65252572 0.84542212 0.65017930 0.84544946 0.64779181 0.84704343 0.64544601 0.84707077 0.64305792 0.84866434 0.64071211 0.84712545 0.63828295 0.84715279 0.63589547 0.84561350 0.63346630 0.84404727 0.63342462 0.84250838 0.63099486 0.84094175 0.63095317 0.83940286 0.62852402 0.83783663 0.62848234 0.83629774 0.62605318 0.83473151 0.62601151 0.83319222 0.62358173 0.83162599 0.62354005 0.83008710 0.62111090 0.82538801 0.62098587 0.82536067 0.62337335 0.82376709 0.62571977 0.82373976 0.62810726 0.82214619 0.63045307 0.82211884 0.63284116 0.82052487 0.63518696
0 0.78639389 0.60561845 0.78480032 0.60796425 0.78477298 0.61035174 0.78317900 0.61269815 0.78315166 0.61508563 0.78155810 0.61743145 0.78153076 0.61981893 0.77993719 0.62216474 0.77990984 0.62455283 0.77831587 0.62689863 0.77828853 0.62928612 0.77669496 0.63163254 0.77666762 0.63402002 0.77507405 0.63636583 0.77504671 0.63875332 0.77345314 0.64109913 0.77342580 0.64348722 0.77183223 0.64583303 0.77180489 0.64822052 0.77021091 0.65056693 0.77018357 0.65295441 0.76859001 0.65530022 0.76856267 0.65768771 0.76696910 0.66003352 0.76694175 0.66242161 0.76534778 0.66476741 0.76532044 0.66715489 0.76372687 0.66950132 0.76369953 0.67188880 0.76210596 0.67423461 0.76207862 0.67662209 0.76048505 0.67896791 0.76045771 0.68135600 0.75886414 0.68370181 0.75883680 0.68608929 0.75724282 0.68843571 0.75721548 0.69082319 0.75562192 0.69316900 0.75559458 0.69555648 0.75400101 0.69790229 0.75397366 0.70029039 0.75237969 0.70263619 0.75235235 0.70502367 0.75075878 0.70737009 0.75073144 0.70975758 0.74913787 0.71210339 0.74908319 0.71687836 0.75064942 0.71692003 0.75218831 0.71934980 0.75375494 0.71939148 0.75529383 0.72182064 0.75686006 0.72186231 0.75839935 0.72429148 0.75996558 0.72433316 0.76150447 0.72676293 0.76307070 0.72680460 0.76460959 0.72923376 0.76774245 0.72931712 0.76928134 0.73174627 0.77084797 0.73178796 0.77238686 0.73421712 0.77241420 0.73182963 0.77400777 0.72948382 0.77403511 0.72709634 0.77562869 0.72474992 0.77565603 0.72236243 0.77724960 0.72001662 0.77727694 0.71762853 0.77887091 0.71528272 0.77889825 0.71289524 0.78049182 0.71054943 0.78051916 0.70816195 0.78211273 0.70581553 0.78216741 0.70104056 0.78376139 0.69869415 0.78378873 0.69630666 0.78697586 0.69161504 0.78700320 0.68922756 0.78859678 0.68688114 0.78862412 0.68449365 0.79021768 0.68214784 0.79024503 0.67975975 0.79183900 0.67741395 0.79186634 0.67502646 0.79345991 0.67268065 0.79348724 0.67029317 0.79508082 0.66794675 0.79510816 0.66555926 0.79670213 0.66321346 0.79672948 0.66082537 0.79832305 0.65847956 0.79837772 0.65370459 0.79997129 0.65135878 0.79999864 0.64897069 0.80159220 0.64662487 0.80161954 0.64423739 0.80321312 0.64189097 0.80324046 0.63950349 0.80483443 0.63715769 0.80486177 0.63477020 0.80645533 0.63242439 0.80648268 0.63003630 0.80807625 0.62769049 0.80810359 0.62530300 0.80969757 0.62295659 0.80972490 0.62056911 0.81131847 0.61822330 0.81134581 0.61583581 0.81293938 0.61349000 0.81299406 0.60871442 0.81145517 0.60628527 0.80832231 0.60620191 0.80678343 0.60377214 0.80521720 0.60373047 0.80367790 0.60130130 0.80211167 0.60125962 0.80057278 0.59883046 0.79900655 0.59878879 0.79746766 0.59635963 0.79590103 0.59631795 0.79436214 0.59388879 0.79279591 0.59384712 0.79125662 0.59141734 0.78966305 0.59376376 0.78963571 0.59615125 0.78804214 0.59849705 0.78801480 0.60088454 0.78642123 0.60323035 0.78639389 0.60561845
0 0.75685223 0.58572550 0.75682489 0.58811298 0.75523132 0.59045879 0.75520398 0.59284689 0.75361001 0.59519269 0.75358267 0.59758017 0.75198910 0.59992598 0.75196176 0.60231346 0.75036819 0.60465988 0.75034085 0.60704737 0.74874728 0.60939318 0.74871993 0.61178128 0.74712636 0.61412708 0.74709902 0.61651457 0.74550506 0.61886037 0.74547772 0.62124785 0.74388414 0.62359427 0.74385680 0.62598176 0.74226323 0.62832757 0.74223589 0.63071566 0.74064192 0.63306146 0.74061458 0.63544895 0.73902101 0.63779476 0.73899367 0.64018224 0.73740010 0.64252866 0.73737276 0.64491615 0.73577919 0.64726196 0.73575184 0.64965005 0.73415828 0.65199586 0.73413094 0.65438335 0.73253697 0.65672915 0.73250963 0.65911663 0.73091605 0.66146305 0.73088871 0.66385054 0.72929514 0.66619635 0.72926780 0.66858444 0.72767383 0.67093024 0.72764649 0.67331773 0.72605292 0.67566354 0.72602558 0.67805102 0.72443201 0.68039744 0.72440467 0.68278493 0.72281110 0.68513073 0.72278376 0.68751883 0.72119019 0.68986464 0.72113551 0.69463961 0.72270174 0.69468128 0.72424063 0.69711044 0.72580686 0.69715211 0.72734574 0.69958188 0.72891238 0.69962357 0.73045127 0.70205272 0.73201750 0.70209440 0.73355679 0.70452357 0.73512302 0.70456524 0.73666190 0.70699501 0.73822813 0.70703668 0.73976703 0.70946584 0.74289989 0.70954920 0.74292723 0.70716172 0.74452080 0.70481529 0.74454814 0.70242781 0.74614211 0.70008201 0.74616946 0.69769392 0.74776302 0.69534810 0.74779036 0.69296062 0.74938393 0.69061481 0.74941127 0.68822733 0.75100485 0.68588090 0.75103218 0.68349342 0.75262575 0.68114761 0.75265310 0.67875951 0.75424707 0.67641371 0.75427441 0.67402623 0.75746155 0.66933461 0.75748889 0.66694652 0.75908286 0.66460071 0.75911020 0.66221323 0.76070378 0.65986681 0.76073111 0.65747933 0.76232468 0.65513352 0.76235202 0.65274603 0.76394559 0.65040022 0.76397294 0.64801213 0.76556651 0.64566632 0.76559384 0.64327883 0.76718782 0.64093242 0.76721516 0.63854494 0.76880873 0.63619913 0.76883607 0.63381164 0.77042964 0.63146583 0.77045698 0.62907774 0.77205095 0.62673194 0.77207829 0.62434446 0.77367187 0.62199803 0.77369920 0.61961055 0.77529277 0.61726474 0.77532011 0.61487726 0.77691368 0.61253144 0.77694103 0.61014335 0.77853460 0.60779754 0.77856193 0.60541005 0.78015591 0.60306364 0.78018325 0.60067616 0.78177682 0.59833035 0.78180416 0.59594287 0.78339773 0.59359705 0.78342507 0.59120896 0.78501904 0.58886316 0.78347975 0.58643399 0.78191352 0.58639232 0.78037463 0.58396255 0.77880800 0.58392087 0.77726911 0.58149171 0.77570288 0.58145004 0.77262510 0.57659172 0.77105847 0.57655004 0.76951957 0.57412088 0.76795334 0.57407920 0.76641406 0.57164942 0.76484783 0.57160775 0.76330894 0.56917859 0.76174271 0.56913692 0.76171537 0.57152440 0.76012179 0.57387082 0.76009445 0.57625831 0.75850048 0.57860411 0.75844581 0.58337908 0.75685223 0.58572550
