0 0.08711928 0.14851155 0.14647894 0.20022094 0.14733954 0.20032281 0.19624942 0.11061542 0.19672606 0.10700418 0.13626909 0.05771548 0.13204055 0.05691180 0.08711928 0.14851155
0 0.02457339 0.21996569 0.09215535 0.28662767 0.09899457 0.28792755 0.13174204 0.22979201 0.13236676 0.22505883 0.06033893 0.16194659 0.02457339 0.21996569
0 0.00000000 0.35200106 0.01424966 0.36228774 0.07044643 0.27487336 0.07071118 0.27333695 0.02799606 0.23962999 0.02222426 0.23853299 0.00000000 0.27390709 0.00000000 0.35200106
0 0.00000000 0.55000000 0.04411474 0.55000000 0.04968057 0.54340467 0.04986912 0.54247550 0.00867108 0.50172915 0.00607968 0.50123663 0.00000000 0.50893965 0.00000000 0.55000000
0 0.04749098 0.54074685 0.10790093 0.46414081 0.10807974 0.46303577 0.06476673 0.41818721 0.06393737 0.41801851 0.00355818 0.49181447 0.00298805 0.49613407 0.04501661 0.54027657 0.04749098 0.54074685
0 0.11838236 0.33683480 0.06075801 0.41801539 0.06011271 0.42290445 0.09781024 0.46013792 0.10426880 0.46136544 0.16137691 0.38481527 0.16175068 0.38198338 0.11838236 0.33683480
0 0.12172745 0.33916804 0.16356906 0.38088148 0.16946433 0.38200194 0.21858224 0.31097452 0.22013803 0.29918707 0.18075557 0.25396394 0.12172745 0.33916804
0 0.23804413 0.15299386 0.17090780 0.23269880 0.16949826 0.24337818 0.22539157 0.29843748 0.22759093 0.29882386 0.29676315 0.21034622 0.29726676 0.20765924 0.23885949 0.15314883 0.23804413 0.15299386
0 0.71541784 0.18141260 0.71210684 0.16654552 0.71924798 0.08247603 0.70401904 0.07799962 0.68926139 0.07994069 0.68577472 0.16628673 0.68651361 0.18066496 0.70451834 0.18408696 0.71541784 0.18141260
0 0.65658685 0.02785320 0.65462989 0.18251498 0.67987965 0.18098608 0.68440871 0.02681315 0.65658685 0.02785320
0 0.85844923 0.18644967 0.87325474 0.06428746 0.86933268 0.05405016 0.85518610 0.05136145 0.80252186 0.05084387 0.79646308 0.13670105 0.81987962 0.14906152 0.82243976 0.17960566 0.85844923 0.18644967
0 0.70705733 0.77329604 0.71422302 0.77531489 0.70611969 0.77780260 0.69734989 0.78713938 0.69921830 0.78909700 0.69407500 0.79194160 0.68323915 0.80391653 0.68105590 0.80711801 0.67232287 0.81992393 0.67333407 0.82235566 0.66877680 0.82238365 0.66027819 0.83406293 0.66066658 0.83584211 0.65661491 0.83708597 0.64850469 0.85054443 0.64951589 0.85297615 0.64374979 0.85516820 0.63704604 0.86186682 0.63809401 0.86776769 0.63084789 0.86978130 0.62577814 0.87956418 0.62729493 0.88321177 0.61720598 0.88430517 0.61081019 0.89681543 0.61193859 0.89868384 0.60480968 0.90013413 0.60083156 0.90831627 0.69035211 0.95202428 0.69725349 0.94072988 0.69955396 0.93696508 0.70855817 0.92650167 0.71389910 0.91906129 0.71713721 0.91078992 0.72165770 0.90729279 0.73003911 0.89617683 0.73588564 0.88995231 0.74243541 0.88034787 0.75245082 0.87231618 0.75864897 0.86440170 0.76823921 0.85112168 0.78149273 0.83481863 0.79572067 0.81747815 0.80675415 0.80090744 0.81821281 0.78958504 0.82788348 0.77227256 0.84347423 0.75567385 0.85329888 0.74126719 0.86643520 0.72552745 0.88202595 0.70892874 0.79203658 0.66747401 0.78478357 0.68045837 0.77928866 0.68499293 0.77386729 0.69646577 0.76810119 0.69865782 0.76034259 0.71042632 0.75508209 0.71383424 0.74708907 0.72672938 0.74638584 0.73010930 0.74194578 0.72957397 0.73480998 0.74199502 0.73484675 0.74546416 0.73102949 0.74558137 0.72031085 0.75699299 0.72428209 0.75978160 0.71789318 0.76132111 0.70705733 0.77329604
