0 0.28245127 0.00000000 0.26674215 0.05857314 0.26894280 0.06810522 0.33077225 0.07793128 0.35260219 0.00000000 0.28245127 0.00000000
0 0.23256238 0.16752465 0.29755794 0.18040264 0.32592359 0.06916128 0.26617297 0.05726772 0.26038765 0.05860337 0.22993186 0.15613061 0.23256238 0.16752465
0 0.20587548 0.27409042 0.26577219 0.29148588 0.27629082 0.28905746 0.29880365 0.19744676 0.29722688 0.19061703 0.23284374 0.16684712 0.20587548 0.27409042
0 0.37373333 0.21043508 0.33751993 0.30263181 0.34090299 0.31728543 0.38974592 0.33654169 0.39228747 0.33586032 0.43804100 0.22993279 0.43790271 0.22898652 0.37680107 0.20972683 0.37373333 0.21043508
0 0.43460918 0.22845278 0.47312541 0.13026895 0.47291040 0.12916399 0.40791889 0.10705153 0.40693293 0.10726794 0.36739825 0.20283249 0.36838206 0.20709384 0.43167998 0.22912904 0.43460918 0.22845278
0 0.43709759 0.00752117 0.40339433 0.10869425 0.40450784 0.11351739 0.46039879 0.13109357 0.46804455 0.12932841 0.50290802 0.03268063 0.50226304 0.02988693 0.43709759 0.00752117
0 0.76785922 0.26717807 0.84830429 0.22294826 0.83693580 0.20333736 0.75811366 0.24719249 0.76785922 0.26717807
0 0.86004749 0.22194817 0.92987564 0.18358995 0.92087981 0.16685176 0.85105165 0.20520998 0.86004749 0.22194817
0 0.29692374 1.00000000 0.26309048 0.85345206 0.25407227 0.84911968 0.23732529 0.85298603 0.23182194 0.86387818 0.26324814 1.00000000 0.29692374 1.00000000
0 0.76465588 0.76534296 0.82584322 0.71631656 0.81033835 0.68580764 0.74914976 0.73483440 0.76465588 0.76534296
