0 0.59252813 0.37008438 0.59356406 0.37002344 0.63750000 0.27223906 0.63750000 0.26858281 0.55813438 0.23125000 0.55299688 0.23125000 0.51408438 0.33015469 0.59252813 0.37008438
0 0.45113125 0.41247031 0.54165937 0.46562500 0.54996875 0.46562500 0.57968750 0.40205781 0.57968750 0.39726563 0.48444531 0.34845156 0.45113125 0.41247031
0 0.40312500 0.53149531 0.46115937 0.55497812 0.51409062 0.45809062 0.51416406 0.45652344 0.45826406 0.43125000 0.45125156 0.43125000 0.40312500 0.52171250 0.40312500 0.53149531
0 0.34531250 0.62018281 0.40574531 0.64735156 0.45840781 0.54534219 0.40286406 0.52031250 0.39692656 0.52031250 0.34531250 0.60848906 0.34531250 0.62018281
0 0.29533750 0.71801406 0.34978594 0.74843750 0.36058125 0.74843750 0.40312500 0.66423906 0.40312500 0.65722969 0.34573906 0.61958594 0.29533750 0.71801406
0 0.41718750 0.79047656 0.46044687 0.82022656 0.46307656 0.82013437 0.53148594 0.72721406 0.53156406 0.72626094 0.47636094 0.69375000 0.47321250 0.69375000 0.41718750 0.77543750 0.41718750 0.79047656
0 0.58812969 0.63687187 0.52977812 0.60070625 0.52876875 0.60069531 0.46875000 0.68491719 0.46875000 0.68929063 0.52546875 0.72500000 0.52847500 0.72500000 0.58809062 0.63799688 0.58812969 0.63687187
0 0.52500000 0.60128906 0.52500000 0.60623906 0.57550469 0.63593750 0.58335156 0.63593750 0.63906250 0.54960937 0.63906250 0.54674219 0.58059844 0.51029062 0.52500000 0.60128906
0 0.58492813 0.51196719 0.64104531 0.54531250 0.64820781 0.54531250 0.69531250 0.46593906 0.69531250 0.45400469 0.64156094 0.41673125 0.58492813 0.51196719
0 0.62656250 0.40838906 0.70142188 0.45227813 0.70408906 0.45224687 0.77223281 0.35187344 0.77240937 0.34912500 0.69465625 0.30625000 0.69366563 0.30625000 0.62656250 0.39757656 0.62656250 0.40838906
0 0.85311875 0.76562500 0.93783125 0.76562500 0.99687500 0.66570156 0.99687500 0.65639063 0.93768281 0.61605469 0.85311875 0.76562500
0 0.99545000 0.81878594 0.99656563 0.79748281 0.88780156 0.71798594 0.74062500 0.93766406 0.74062500 0.95468750 0.90367188 0.95468750 0.99545000 0.81878594
