0 0.14171042 0.23026125 0.17235601 0.26031995 0.20421580 0.21856437 0.17095334 0.18786706 0.14171042 0.23026125
0 0.18347688 0.27250291 0.20944281 0.29559249 0.24376843 0.25516705 0.21453140 0.23127920 0.18347688 0.27250291
0 0.21930530 0.31038191 0.24491909 0.33192878 0.27697998 0.29240744 0.25166827 0.26947752 0.21930530 0.31038191
0 0.25427841 0.34586702 0.28140174 0.36996743 0.31260730 0.32805220 0.28779877 0.30597346 0.25427841 0.34586702
0 0.29332785 0.38161851 0.31622380 0.40614407 0.35019728 0.36417592 0.32553978 0.34140564 0.29332785 0.38161851
0 0.33882693 0.32789522 0.35976022 0.35194182 0.39755803 0.31454889 0.37385683 0.29055521 0.33882693 0.32789522
0 0.30073377 0.29092032 0.32493815 0.31576518 0.36047124 0.27927636 0.33677004 0.25528267 0.30073377 0.29092032
0 0.26646495 0.25852064 0.28981401 0.28097161 0.32499495 0.24294007 0.30129375 0.21894638 0.26646495 0.25852064
0 0.23013335 0.21979045 0.25156982 0.24468824 0.28982075 0.20522071 0.26662272 0.18207822 0.23013335 0.21979045
0 0.18413951 0.17797394 0.21674775 0.20851160 0.25711237 0.16883150 0.22364881 0.13589995 0.18413951 0.17797394
0 0.36732812 0.13745690 0.45694147 0.03950563 0.42095948 0.03072475 0.34392899 0.11208015 0.36732812 0.13745690
0 0.52975558 0.05755725 0.47198848 0.04317764 0.37744262 0.14793749 0.42439191 0.19799944 0.52975558 0.08040502 0.52975558 0.05755725
0 0.67310056 0.38410431 0.67454724 0.40338595 0.76743123 0.36554208 0.76339424 0.30026015 0.63735534 0.35301744 0.63905595 0.37354657 0.65455176 0.36725279 0.65602753 0.39239168 0.67310056 0.38410431
0 0.10465748 0.72559183 0.02214266 0.70805745 0.01725616 0.72029597 0.01733202 0.75031443 0.03702971 0.76139727 0.03547630 0.80313942 0.05579511 0.80211191 0.17002840 0.82828316 0.17336797 0.74312405 0.16724186 0.73371817 0.12295997 0.72379100 0.12024280 0.77390721 0.11372833 0.77493687 0.10310407 0.76733397 0.10465748 0.72559183
0 0.70722225 0.84136592 0.77114644 0.85746525 0.81663571 0.72763277 0.75449887 0.70676819 0.70722225 0.84136592
