0 0.50937500 0.07478655 0.38368657 0.07661080 0.39445290 0.18698355 0.50937500 0.18449346 0.50937500 0.07478655
0 0.50937500 0.22521239 0.31481073 0.22956396 0.31550553 0.23808865 0.32751899 0.33523951 0.50937500 0.33362778 0.50937500 0.22521239
0 0.49040245 0.41875000 0.48661217 0.37932190 0.29617201 0.38597222 0.24000750 0.39056638 0.24271736 0.41875000 0.49040245 0.41875000
0 0.79671884 0.04481116 0.75305805 0.09285636 0.77177932 0.11158471 0.81500040 0.06899100 0.79671884 0.04481116
0 0.73298696 0.20130727 0.83476673 0.08303785 0.81382726 0.06906480 0.71271493 0.18267371 0.73298696 0.20130727
0 0.83620450 0.10849536 0.82658179 0.09623779 0.73148411 0.20174436 0.74069356 0.21416646 0.83620450 0.10849536
0 0.79891994 0.17253715 0.79192797 0.16120395 0.74328045 0.21285037 0.75188971 0.22290448 0.79891994 0.17253715
0 0.74248312 0.14081400 0.73396113 0.13513921 0.69865801 0.17040838 0.70922978 0.18490608 0.74248312 0.14081400
0 0.74609007 0.05006409 0.70821344 0.09782287 0.71598489 0.10604729 0.75407867 0.05837317 0.74609007 0.05006409
0 0.73929144 0.04753576 0.72937230 0.03699739 0.69527271 0.08246514 0.70241000 0.08725960 0.73929144 0.04753576
0 0.72334050 0.03690784 0.71315444 0.02611300 0.67799410 0.06184466 0.68674380 0.07587597 0.72334050 0.03690784
0 0.09101560 0.44676667 0.09516641 0.48646702 0.12192606 0.48612646 0.11832757 0.44655761 0.09101560 0.44676667
0 0.50937500 0.84966685 0.40241230 0.85326132 0.40709542 0.89906672 0.50937500 0.89537148 0.50937500 0.84966685
0 0.37953175 0.70530571 0.38807378 0.75669258 0.48203587 0.75233615 0.47198047 0.70156541 0.37953175 0.70530571
0 0.50937500 0.69944893 0.49330662 0.69966496 0.50401167 0.75202822 0.50937500 0.75179752 0.50937500 0.69944893
0 0.68104468 0.76476607 0.70696760 0.75593828 0.70662515 0.74432036 0.68070223 0.75314815 0.68104468 0.76476607
0 0.67365189 0.73599170 0.69957328 0.72716398 0.69923083 0.71554606 0.67330944 0.72437379 0.67365189 0.73599170
0 0.67737681 0.75134644 0.70329978 0.74252047 0.70295733 0.73090255 0.67703436 0.73972852 0.67737681 0.75134644
0 0.66608635 0.70140844 0.70491289 0.68623077 0.70462753 0.67654978 0.66580099 0.69172745 0.66608635 0.70140844
0 0.65502415 0.65921451 0.69385075 0.64403865 0.69356534 0.63435585 0.65473879 0.64953352 0.65502415 0.65921451
0 0.65129924 0.64385977 0.69012578 0.62868210 0.68984042 0.61900111 0.65101388 0.63417878 0.65129924 0.64385977
0 0.64762983 0.63044021 0.68645643 0.61526435 0.68617102 0.60558154 0.64734447 0.62075921 0.64762983 0.63044021
0 0.66236143 0.68605370 0.70118798 0.67087603 0.70090262 0.66119504 0.66207602 0.67637090 0.66236143 0.68605370
0 0.68298001 0.66387399 0.69757566 0.65939339 0.69729030 0.64971240 0.68269465 0.65419299 0.68298001 0.66387399
