0 0.45990923 0.24658747 0.09155331 0.24003042 0.07740732 0.24156601 0.06847561 0.42377530 0.45990923 0.42896301 0.45990923 0.24658747
0 0.74176699 0.50937500 0.77654527 0.49808866 0.68696535 0.31346813 0.65759432 0.32394826 0.66198317 0.34187769 0.63656448 0.35302641 0.60821650 0.29692566 0.50780434 0.32899900 0.59374623 0.50937500 0.74176699 0.50937500
0 0.45990923 0.19514673 0.54258367 0.17033665 0.48358849 0.04694504 0.45990923 0.05210025 0.45990923 0.19514673
0 0.61231722 0.15004947 0.59298500 0.11087131 0.56377015 0.11978340 0.55527023 0.10274966 0.58721157 0.09171064 0.55631070 0.03110928 0.49197228 0.04511963 0.54848713 0.16791682 0.61231722 0.15004947
0 0.00000000 0.53386173 0.00632241 0.53221790 0.00303766 0.52236227 0.00000000 0.52269202 0.00000000 0.53386173
0 0.00000000 0.55459746 0.00837819 0.55241912 0.00525158 0.54411744 0.00000000 0.54468751 0.00000000 0.55459746
0 0.04489439 0.73934464 0.03995148 0.69824688 0.02708355 0.69885818 0.03202646 0.73995594 0.04489439 0.73934464
0 0.00000000 0.92062385 0.00202523 0.93095991 0.04870763 0.91882242 0.04186253 0.88892889 0.00000000 0.89774703 0.00000000 0.92062385
0 0.00000000 0.76479681 0.02624311 0.75786591 0.02398852 0.74318514 0.00000000 0.74778329 0.00000000 0.76479681
0 0.74319588 0.90858419 0.74832959 0.91962403 0.76774483 0.91337462 0.77258552 0.92941646 0.87384016 0.87617833 0.84750219 0.83016383 0.87702288 0.81287705 0.85243823 0.76832896 0.68161986 0.86308142 0.70399141 0.90952649 0.71910671 0.90043039 0.72553397 0.91630000 0.74319588 0.90858419
