0 0.27451784 0.30859375 0.28182797 0.27116518 0.21463436 0.23826950 0.21035735 0.24619199 0.20392545 0.24306420 0.19116207 0.30720383 0.19342129 0.30859375 0.27451784 0.30859375
0 1.00000000 0.00000000 0.77424080 0.00000000 0.94647185 0.08929625 0.97748065 0.10208247 0.98872689 0.09441778 1.00000000 0.03596878 1.00000000 0.00000000
0 0.42968750 0.74288375 0.39651865 0.74849334 0.39862397 0.78072478 0.42032440 0.77705476 0.42216947 0.77945892 0.42269583 0.78751712 0.42120167 0.79048532 0.40450917 0.79330840 0.40301501 0.79627660 0.39967668 0.79684119 0.39818295 0.79980932 0.40292005 0.87233177 0.40476465 0.87473531 0.42479591 0.87134758 0.42664056 0.87375182 0.42699143 0.87912349 0.42549770 0.88209162 0.41047436 0.88463241 0.41064980 0.88731824 0.40915568 0.89028714 0.40414819 0.89113402 0.40660443 0.92873782 0.42968750 0.92483396 0.42968750 0.74288375
0 0.22168136 0.81064972 0.20832718 0.81290821 0.20683307 0.81587710 0.20516390 0.81615939 0.20367017 0.81912752 0.20033142 0.81969218 0.20243679 0.85192430 0.20094306 0.85489244 0.20252208 0.87906636 0.21921458 0.87624328 0.22105965 0.87864745 0.22439799 0.87808286 0.22624301 0.88048633 0.22659393 0.88585870 0.22509978 0.88882690 0.21007643 0.89136768 0.20858271 0.89433581 0.20524395 0.89490047 0.20375022 0.89786860 0.20585559 0.93010073 0.22588685 0.92671300 0.22773150 0.92911723 0.22808237 0.93448890 0.22658864 0.93745704 0.21323447 0.93971553 0.21024663 0.94565255 0.20857746 0.94593484 0.20673282 0.94353061 0.20761009 0.95696117 0.24266469 0.95103266 0.24450972 0.95343613 0.34800437 0.93593288 0.34747802 0.92787468 0.34897175 0.92490655 0.35231050 0.92434189 0.35415510 0.92674544 0.37084761 0.92392236 0.37269268 0.92632652 0.37304356 0.93169820 0.37154940 0.93466640 0.39491942 0.93071401 0.39105960 0.87162213 0.38605168 0.87246908 0.38420703 0.87006485 0.38403159 0.86737901 0.37735451 0.86850825 0.37550990 0.86610471 0.36883282 0.86723395 0.36698779 0.86483048 0.36663687 0.85945811 0.36813103 0.85648991 0.38983145 0.85281988 0.38895423 0.83939000 0.39044796 0.83642187 0.38764080 0.79344571 0.38263330 0.79429259 0.38078823 0.79188843 0.38061279 0.78920259 0.37876819 0.78679904 0.36541401 0.78905753 0.36356937 0.78665329 0.36339393 0.78396746 0.36488766 0.78099933 0.38658809 0.77732930 0.38483364 0.75046954 0.36146404 0.75442186 0.35961897 0.75201770 0.23609305 0.77290868 0.23424845 0.77050513 0.19919342 0.77643372 0.19769969 0.77940185 0.19927875 0.80357646 0.22097961 0.79990636 0.22282421 0.80230991 0.22317508 0.80768159 0.22168136 0.81064972
0 0.42968750 0.66201568 0.42350788 0.56740898 0.42166328 0.56500544 0.40830911 0.56726393 0.40848454 0.56994976 0.40699043 0.57291866 0.38529000 0.57658868 0.38546544 0.57927452 0.38397171 0.58224265 0.36227085 0.58591275 0.36042625 0.58350921 0.36025082 0.58082337 0.32018829 0.58759883 0.31869456 0.59056696 0.31201747 0.59169621 0.31017287 0.58929266 0.30982195 0.58392030 0.30481403 0.58476725 0.30296943 0.58236370 0.26791440 0.58829229 0.26642067 0.59126042 0.27361401 0.70138668 0.29364527 0.69799894 0.29549034 0.70040310 0.29601665 0.70846062 0.29452250 0.71142882 0.28116832 0.71368731 0.27932372 0.71128376 0.27949915 0.71396960 0.27800547 0.71693842 0.27466671 0.71750308 0.27642117 0.74436284 0.27492748 0.74733166 0.27510292 0.75001750 0.27694752 0.75242104 0.34538756 0.74084631 0.34486121 0.73278811 0.34635537 0.72981990 0.35970954 0.72756141 0.36155415 0.72996496 0.36656207 0.72911800 0.37025132 0.73392579 0.37060219 0.73929746 0.42968750 0.72930482 0.42968750 0.66201568
0 0.40736672 0.32029617 0.40587300 0.32326450 0.40604845 0.32595055 0.40156687 0.33485550 0.40174232 0.33754154 0.40841941 0.33641230 0.40736672 0.32029617
0 0.25302040 0.30859375 0.25335749 0.31375437 0.27338875 0.31036663 0.27523337 0.31277039 0.27575971 0.32082838 0.27426599 0.32379672 0.26591974 0.32520826 0.26407470 0.32280458 0.25906720 0.32365146 0.25924265 0.32633750 0.25774894 0.32930584 0.25274101 0.33015279 0.25660085 0.38924481 0.25827001 0.38896252 0.26011461 0.39136606 0.27847671 0.38826063 0.28032136 0.39066486 0.28067223 0.39603654 0.27917855 0.39900535 0.26248604 0.40182843 0.26266148 0.40451427 0.26116732 0.40748247 0.25782899 0.40804706 0.26133794 0.46176726 0.28303837 0.45809724 0.28488297 0.46050078 0.28505845 0.46318731 0.28356473 0.46615544 0.28374016 0.46884128 0.28224643 0.47180941 0.27056142 0.47378561 0.26871682 0.47138206 0.26889226 0.47406790 0.26739853 0.47703603 0.26239061 0.47788298 0.26256609 0.48056951 0.26107193 0.48353771 0.26387909 0.52651388 0.26554868 0.52623151 0.26739329 0.52863506 0.28575538 0.52552962 0.28760003 0.52793385 0.28795090 0.53330553 0.28645717 0.53627366 0.27143383 0.53881444 0.26993968 0.54178264 0.26493175 0.54262960 0.26668625 0.56949004 0.29005627 0.56553765 0.29190088 0.56794120 0.35032550 0.55806029 0.35217015 0.56046453 0.42227979 0.54860742 0.40912121 0.34715648 0.40613332 0.35309281 0.40630880 0.35577934 0.40182719 0.36468380 0.40200263 0.36736964 0.39602780 0.37924354 0.39620324 0.38192938 0.39172162 0.39083385 0.39189710 0.39352038 0.38592181 0.40539366 0.38609724 0.40807950 0.38310936 0.41401583 0.38126476 0.41161229 0.35455640 0.41612927 0.35271180 0.41372572 0.35043100 0.37880776 0.34709224 0.37937242 0.34524759 0.37696818 0.34023967 0.37781513 0.33839507 0.37541159 0.33403059 0.30859375 0.25302040 0.30859375
0 0.20358427 0.30859375 0.14731601 0.31810997 0.14871959 0.33959805 0.17042002 0.33592802 0.17226506 0.33833163 0.17261596 0.34370372 0.17112181 0.34667206 0.15442931 0.34949514 0.15460475 0.35218111 0.15311104 0.35514945 0.14977228 0.35571411 0.15293033 0.40406229 0.15793826 0.40321535 0.15978286 0.40561889 0.17480620 0.40307811 0.17665123 0.40548158 0.17700215 0.41085395 0.17550799 0.41382215 0.15881548 0.41664522 0.15732180 0.41961404 0.15398304 0.42017870 0.15486027 0.43360858 0.15336654 0.43657671 0.15599827 0.47686704 0.17769869 0.47319702 0.17954330 0.47560056 0.17989421 0.48097293 0.17840048 0.48394106 0.16170798 0.48676413 0.16188341 0.48944997 0.16038968 0.49241810 0.15854466 0.49001463 0.15687549 0.49029692 0.15968265 0.53327309 0.18138308 0.52960306 0.18322768 0.53200661 0.18340312 0.53469244 0.18190943 0.53766126 0.17022442 0.53963746 0.16873069 0.54260559 0.16539236 0.54317018 0.16389864 0.54613831 0.16055988 0.54670297 0.16266525 0.57893509 0.16433441 0.57865280 0.16617944 0.58105627 0.18287195 0.57823320 0.18656120 0.58304098 0.18673663 0.58572681 0.18524295 0.58869563 0.16855044 0.59151871 0.16872588 0.59420454 0.16723215 0.59717268 0.16222423 0.59801963 0.16432960 0.63025175 0.18603003 0.62658173 0.18787463 0.62898527 0.18822555 0.63435764 0.18673182 0.63732577 0.17003931 0.64014885 0.17021475 0.64283468 0.16872059 0.64580289 0.16538226 0.64636747 0.16748768 0.67860028 0.18751894 0.67521255 0.18936354 0.67761610 0.18971442 0.68298777 0.18822069 0.68595591 0.17319735 0.68849669 0.17337283 0.69118321 0.17187867 0.69415142 0.16854034 0.69471600 0.16889126 0.70008837 0.16739710 0.70305657 0.16932699 0.73260217 0.19102785 0.72893207 0.19287249 0.73133630 0.19322337 0.73670798 0.19172968 0.73967680 0.17503675 0.74249995 0.17688178 0.74490342 0.17538762 0.74787162 0.17037970 0.74871857 0.17143241 0.76483498 0.17644033 0.76398803 0.17828536 0.76639150 0.24338665 0.75538143 0.24523167 0.75778490 0.26526251 0.75439724 0.25596380 0.61203886 0.25745791 0.60906997 0.24886099 0.47745563 0.25035472 0.47448750 0.23982787 0.31332688 0.24132159 0.31035861 0.24120631 0.30859375 0.20358427 0.30859375
0 0.21004675 1.00000000 0.42241490 0.96408382 0.42083588 0.93990990 0.37242667 0.94809697 0.37058203 0.94569274 0.30381115 0.95698518 0.30416207 0.96235754 0.30266833 0.96532568 0.28096791 0.96899570 0.27912288 0.96659223 0.27859652 0.95853403 0.21850316 0.96869715 0.21665813 0.96629368 0.20831188 0.96770522 0.20883823 0.97576342 0.20734450 0.97873155 0.20066742 0.97986079 0.20084285 0.98254663 0.19934870 0.98551484 0.19601037 0.98607942 0.19416576 0.98367588 0.19399033 0.98099004 0.18731324 0.98211928 0.18546821 0.97971581 0.18494186 0.97165761 0.18643597 0.96868872 0.18977430 0.96812413 0.19161937 0.97052829 0.19662687 0.96968141 0.19188977 0.89715896 0.18855144 0.89772355 0.18486181 0.89291653 0.16983847 0.89545731 0.16799382 0.89305308 0.16781839 0.89036724 0.17080580 0.88443029 0.19083706 0.88104255 0.19066163 0.87835671 0.19215536 0.87538858 0.18899732 0.82704074 0.18398983 0.82788762 0.18214518 0.82548339 0.18196975 0.82279755 0.16694598 0.82533840 0.16510138 0.82293486 0.16475046 0.81756249 0.16624419 0.81459436 0.18794462 0.81092434 0.18583924 0.77869221 0.16413882 0.78236224 0.16044957 0.77755446 0.15658974 0.71846257 0.15808347 0.71549444 0.14843385 0.56776370 0.14992758 0.56479557 0.14413777 0.47615671 0.13912985 0.47700366 0.13728525 0.47460012 0.12226191 0.47714090 0.12041730 0.47473735 0.12006643 0.46936568 0.12156012 0.46639686 0.14326055 0.46272683 0.14027795 0.41706483 0.14177210 0.41409662 0.14124575 0.40603842 0.13623783 0.40688537 0.13439280 0.40448190 0.13421736 0.40179606 0.11919402 0.40433684 0.11734937 0.40193261 0.11699850 0.39656093 0.11849219 0.39359211 0.14019304 0.38992201 0.13633322 0.33083013 0.13132530 0.33167708 0.12948026 0.32927347 0.12930481 0.32658742 0.11428147 0.32912821 0.11243686 0.32672449 0.11226141 0.32403848 0.06552179 0.33194319 0.06402808 0.33491149 0.05568182 0.33632303 0.05418768 0.33929140 0.05488947 0.35003545 0.05339575 0.35300378 0.04338033 0.35469762 0.04969645 0.45139412 0.05303479 0.45082954 0.05487939 0.45323309 0.05988731 0.45238613 0.06173191 0.45478968 0.06331097 0.47896429 0.06181724 0.48193242 0.06409805 0.51685038 0.08579848 0.51318036 0.08764308 0.51558390 0.08904666 0.53707198 0.09906251 0.53537808 0.10090715 0.53778231 0.10248617 0.56195624 0.11250201 0.56026234 0.11434662 0.56266588 0.11925915 0.63787417 0.11776542 0.64084230 0.12004623 0.67576026 0.11855254 0.67872908 0.11020586 0.68014069 0.10871213 0.68310882 0.11520368 0.78249104 0.11221627 0.78842799 0.09385417 0.79153343 0.09236001 0.79450163 0.10218508 0.94491821 0.11220092 0.94322431 0.11404552 0.94562785 0.11439644 0.95100022 0.11290271 0.95396835 0.11590946 1.00000000 0.21004675 1.00000000
0 0.77631171 0.91456137 0.79587207 0.91344144 0.80705221 0.88614834 0.80609947 0.87255136 0.79505935 0.86447249 0.80181022 0.83002215 0.79881200 0.82460319 0.70912603 0.77786237 0.69876643 0.77949563 0.68656355 0.81087774 0.66454939 0.81434841 0.65630136 0.82743206 0.65493641 0.84532221 0.72826635 0.88285836 0.71831115 0.92763329 0.74700226 0.94471268 0.76008787 0.94461353 0.77631171 0.91456137
