0 0.32645565 0.12993429 0.32527171 0.10734342 0.26586611 0.00982195 0.24666434 0.01082827 0.20766126 0.03212215 0.19589686 0.01519747 0.11707681 0.05840681 0.12405283 0.07024544 0.11551555 0.08092250 0.18781326 0.20309366 0.19221854 0.20263123 0.32645565 0.12993429
0 0.49513889 0.14478035 0.69097204 0.11642021 0.68059566 0.08047095 0.48476252 0.10883109 0.49513889 0.14478035
0 0.61607214 0.28697801 0.66587052 0.27810951 0.66516068 0.26835163 0.61526096 0.27582708 0.61607214 0.28697801
0 0.01471079 0.84631184 0.01642992 0.84846026 0.01651552 0.85072752 0.01341968 0.85549968 0.00851920 0.85585617 0.00877603 0.86265850 0.00722816 0.86504516 0.00559466 0.86516399 0.00636513 0.88557041 0.00963213 0.88533275 0.01135125 0.88748117 0.01143685 0.88974842 0.00988893 0.89213450 0.00662193 0.89237216 0.00876215 0.94905750 0.01202915 0.94881984 0.01374828 0.95096826 0.01383388 0.95323552 0.02363484 0.95252254 0.02535399 0.95467154 0.02543959 0.95693880 0.03197359 0.95646348 0.03369272 0.95861190 0.04022672 0.95813658 0.04194580 0.96028501 0.04203140 0.96255226 0.05183219 0.96183930 0.05355163 0.96398827 0.05363724 0.96625553 0.06833864 0.96518607 0.07005763 0.96733450 0.07014326 0.96960233 0.07831066 0.96900820 0.08174907 0.97330502 0.09808429 0.97211672 0.09963208 0.96973064 0.09928965 0.96066106 0.10083742 0.95827441 0.10049501 0.94920540 0.10204278 0.94681875 0.10178595 0.94001641 0.10333374 0.93763034 0.10299131 0.92856076 0.10453952 0.92617465 0.10445392 0.92390740 0.09955331 0.92426390 0.09783429 0.92211489 0.09774869 0.91984764 0.09611529 0.91996646 0.09439588 0.91781806 0.08786188 0.91829338 0.08614288 0.91614495 0.08605727 0.91387770 0.07298927 0.91482833 0.06955125 0.91053089 0.06138344 0.91112506 0.05794542 0.90682762 0.04487733 0.90777826 0.04315820 0.90562984 0.04307260 0.90336259 0.03980560 0.90360025 0.03808652 0.90145182 0.03791529 0.89691674 0.03946317 0.89453066 0.03912074 0.88546108 0.04066861 0.88307500 0.04041178 0.87627266 0.04195970 0.87388658 0.04161727 0.86481700 0.04316519 0.86243092 0.04282273 0.85336075 0.04437061 0.85097467 0.04411380 0.84417292 0.04566166 0.84178626 0.04557605 0.83951901 0.03904205 0.83999433 0.03732297 0.83784590 0.02915549 0.83844005 0.02743634 0.83629105 0.02735074 0.83402380 0.00938226 0.83533091 0.00783434 0.83771700 0.00791996 0.83998483 0.00637206 0.84237091 0.00473856 0.84248974 0.00490979 0.84702482 0.01471079 0.84631184
0 0.00045815 0.72911964 0.00028694 0.72458514 0.00183484 0.72219906 0.00166361 0.71766398 0.00003011 0.71778280 0.00045815 0.72911964
0 0.02109439 0.71170352 0.02126560 0.71623803 0.02453264 0.71600036 0.02625174 0.71814937 0.02642295 0.72268387 0.02332715 0.72745603 0.02006015 0.72769369 0.01851230 0.73008035 0.01876913 0.73688268 0.01722121 0.73926876 0.01730681 0.74153601 0.01894033 0.74141718 0.02065941 0.74356561 0.02074502 0.74583286 0.03217954 0.74500105 0.03561773 0.74929848 0.04215173 0.74882316 0.04387065 0.75097160 0.04395627 0.75323943 0.05212408 0.75264526 0.05367186 0.75025861 0.06183925 0.74966447 0.06166805 0.74512997 0.06321624 0.74274328 0.06244577 0.72233686 0.06399356 0.71995079 0.06562696 0.71983197 0.06545575 0.71529747 0.06700352 0.71291081 0.06657549 0.70157398 0.05840809 0.70216812 0.05668909 0.70001969 0.05660349 0.69775244 0.04680228 0.69846542 0.04508326 0.69631642 0.04499766 0.69404917 0.02866265 0.69523746 0.02711473 0.69762354 0.02384777 0.69786120 0.02393340 0.70012903 0.02238548 0.70251511 0.02264229 0.70931686 0.02109439 0.71170352
0 0.00000000 0.71096398 0.00304028 0.71074281 0.00458820 0.70835673 0.00416017 0.69701989 0.00570804 0.69463382 0.00553682 0.69009873 0.00226981 0.69033639 0.00055071 0.68818797 0.00046511 0.68592072 0.00201301 0.68353464 0.00528001 0.68329698 0.00682786 0.68091032 0.00665666 0.67637582 0.00820455 0.67398916 0.00794775 0.66718740 0.00949567 0.66480132 0.00915321 0.65573116 0.00000000 0.65639701 0.00000000 0.71096398
0 0.00000000 0.64502904 0.00055765 0.64498847 0.00047205 0.64272122 0.00201997 0.64033514 0.01345445 0.63950333 0.01311202 0.63043375 0.01465994 0.62804767 0.01448871 0.62351258 0.01122167 0.62375025 0.00950258 0.62160182 0.00933136 0.61706674 0.01087923 0.61468066 0.01577976 0.61432417 0.01732763 0.61193809 0.01707080 0.60513576 0.00726984 0.60584873 0.00555072 0.60370031 0.00546509 0.60143248 0.00000000 0.60183004 0.00000000 0.64502904
0 0.77218477 0.81424280 0.73565156 0.78191892 0.64047701 0.89142435 0.67773482 0.92611296 0.77218477 0.81424280
0 0.77696345 0.73350184 0.81169956 0.76591990 0.88148745 0.68777871 0.84303158 0.65315288 0.77696345 0.73350184
0 0.86690370 0.62727410 0.90107218 0.66032259 0.94317145 0.61546830 0.90654407 0.58134732 0.86690370 0.62727410
