0 0.19690102 0.36264952 0.28044492 0.39586887 0.28332682 0.39576759 0.29995850 0.33993216 0.30020357 0.32589211 0.22647106 0.29881993 0.22461666 0.29878756 0.19690102 0.36264952
0 0.60001762 0.36259495 0.74670539 0.40203113 0.75820205 0.35456217 0.60937857 0.31508613 0.60001762 0.36259495
0 0.93505279 0.50288171 0.99652255 0.52997433 0.99704430 0.49964629 0.94617480 0.47707472 0.93505279 0.50288171
0 0.97172133 0.48186251 0.99715610 0.49314728 0.99745424 0.47581727 0.97628902 0.46460608 0.97172133 0.48186251
0 0.72094006 0.03751937 0.80593442 0.06286298 0.81053934 0.04344156 0.72550971 0.02026500 0.72094006 0.03751937
0 0.29456052 0.84093612 0.31625351 0.83964733 0.31648620 0.82631655 0.25474114 0.83023954 0.25450845 0.84357032 0.27620141 0.84228310 0.27766475 0.85397604 0.29599477 0.85429600 0.29456052 0.84093612
0 0.77180881 0.99680289 0.76935058 0.99541214 0.71930873 0.99493492 0.71926506 0.99630181 0.71671948 0.99764519 0.71667581 0.99901209 0.80674998 0.99987107 0.80683733 0.99713694 0.77180881 0.99680289
0 0.76657350 0.92564838 0.76648614 0.92838252 0.76394057 0.92972555 0.76389690 0.93109244 0.76135068 0.93243582 0.76126334 0.93516960 0.75871777 0.93651264 0.75867410 0.93787953 0.75612851 0.93922291 0.75604117 0.94195669 0.75349559 0.94330008 0.75345192 0.94466697 0.75090635 0.94601000 0.75081901 0.94874378 0.74827278 0.95008716 0.74822912 0.95145405 0.74568354 0.95279708 0.74559619 0.95553122 0.74305062 0.95687425 0.74300695 0.95824114 0.74046074 0.95958417 0.74037338 0.96231830 0.73782781 0.96366133 0.73778413 0.96502858 0.77781710 0.96541035 0.78027533 0.96680110 0.78023165 0.96816799 0.77768608 0.96951102 0.77759873 0.97224516 0.79511331 0.97241218 0.79757154 0.97380293 0.85011529 0.97430401 0.85257352 0.97569477 0.86007922 0.97576634 0.86253808 0.97715745 0.85999186 0.97850048 0.85994819 0.97986737 0.85740262 0.98121040 0.85990452 0.98123426 0.86236339 0.98262502 0.89489002 0.98293520 0.89734823 0.98432630 0.92737296 0.98461263 0.92983183 0.98600339 0.95235021 0.98621814 0.95480844 0.98760889 0.95459008 0.99444370 0.97460656 0.99463458 0.97706477 0.99602568 0.99207746 0.99616885 0.99456686 0.91825077 0.77438556 0.91615103 0.77434187 0.91751827 0.77179630 0.91886130 0.77170895 0.92159543 0.76916274 0.92293846 0.76911907 0.92430535 0.76657350 0.92564838
0 0.83205097 0.83465755 0.82950540 0.83600058 0.82946173 0.83736748 0.82691615 0.83871051 0.82682880 0.84144464 0.82428259 0.84278767 0.82419524 0.84552180 0.82164967 0.84686483 0.82156233 0.84959862 0.81901676 0.85094165 0.81892940 0.85367579 0.81638383 0.85501882 0.81634015 0.85638606 0.81379458 0.85772909 0.81370724 0.86046288 0.81116103 0.86180590 0.81107367 0.86454004 0.80852810 0.86588307 0.80844075 0.86861720 0.80589518 0.86996023 0.80580784 0.87269402 0.80326161 0.87403739 0.80321794 0.87540429 0.80067237 0.87674732 0.80058502 0.87948145 0.79803945 0.88082448 0.79795211 0.88355827 0.79540652 0.88490165 0.90299464 0.88592766 0.90545350 0.88731841 0.91796365 0.88743772 0.92042187 0.88882847 0.92020351 0.89566328 0.99526564 0.89637910 0.99744931 0.82803031 0.88485612 0.82695657 0.88231055 0.82829961 0.88213586 0.83376753 0.87704470 0.83645394 0.85702822 0.83626305 0.85456999 0.83487230 0.83205097 0.83465755
0 1.00000000 0.73643903 0.90279494 0.73551204 0.90275126 0.73687929 0.90020569 0.73822232 0.90011834 0.74095610 0.89757277 0.74229913 0.89748542 0.74503327 0.89493921 0.74637629 0.89485186 0.74911043 0.89230629 0.75045346 0.89221895 0.75318725 0.88967336 0.75453063 0.88958602 0.75726441 0.88703980 0.75860779 0.88695246 0.76134157 0.88440689 0.76268460 0.88431953 0.76541874 0.88177396 0.76676177 0.88168661 0.76949590 0.87914104 0.77083894 0.87905370 0.77357272 0.87650812 0.77491575 0.87642077 0.77764988 0.87387456 0.77899291 0.87378721 0.78172704 0.87124164 0.78307008 0.87115429 0.78580386 0.86860871 0.78714724 0.86852137 0.78988103 0.86597515 0.79122440 0.86588781 0.79395819 0.86334224 0.79530122 0.86325488 0.79803535 0.86070931 0.79937839 0.86062196 0.80211252 0.85807639 0.80345555 0.90061125 0.80386118 0.90306948 0.80525193 0.99814809 0.80615864 1.00000000 0.74819419 1.00000000 0.73643903
0 0.75358847 0.70537392 0.75350113 0.70810771 0.75095554 0.70945109 0.75086820 0.71218487 0.74832198 0.71352825 0.74823464 0.71626203 0.74568907 0.71760507 0.74560171 0.72033920 0.74305614 0.72168223 0.74296879 0.72441637 0.74042322 0.72575940 0.74033588 0.72849318 0.73779031 0.72983622 0.73770295 0.73257035 0.73515674 0.73391337 0.73506939 0.73664751 0.73252382 0.73799054 0.73248015 0.73935743 0.72993458 0.74070047 0.72984722 0.74343460 0.72730101 0.74477762 0.72721366 0.74751176 0.72466809 0.74885479 0.72458075 0.75158857 0.72203516 0.75293196 0.72194782 0.75566574 0.71940224 0.75700912 0.71931490 0.75974291 0.71676933 0.76108594 0.71668197 0.76382007 0.71413576 0.76516310 0.71404841 0.76789723 0.71150284 0.76924027 0.71141550 0.77197405 0.70886992 0.77331708 0.70878257 0.77605122 0.70623636 0.77739424 0.70614901 0.78012838 0.70360344 0.78147141 0.70355977 0.78283830 0.70101420 0.78418133 0.70092684 0.78691547 0.69838127 0.78825850 0.69829392 0.79099263 0.69574835 0.79233566 0.69566101 0.79506945 0.69311478 0.79641282 0.69298376 0.80051385 0.69548630 0.80053772 0.69794453 0.80192847 0.69539896 0.80327150 0.69531162 0.80600528 0.69276540 0.80734866 0.69267805 0.81008244 0.69013247 0.81142583 0.69008880 0.81279272 0.68754323 0.81413575 0.68745589 0.81686953 0.68490966 0.81821291 0.68482233 0.82094669 0.68227674 0.82229008 0.68218940 0.82502386 0.67964383 0.82636689 0.67955648 0.82910102 0.67701091 0.83044406 0.67696723 0.83181095 0.67442165 0.83315433 0.67433431 0.83588812 0.67178810 0.83723114 0.67170075 0.83996527 0.66915517 0.84130831 0.66906782 0.84404244 0.66652225 0.84538547 0.66643491 0.84811926 0.66388870 0.84946228 0.66384502 0.85082953 0.66129945 0.85217256 0.66121209 0.85490669 0.65866652 0.85624972 0.65857918 0.85898351 0.65603361 0.86032654 0.65594625 0.86306068 0.65340068 0.86440371 0.65335700 0.86577095 0.65081079 0.86711397 0.65072345 0.86984776 0.64817788 0.87119079 0.64809053 0.87392493 0.64554495 0.87526796 0.64545760 0.87800209 0.64291139 0.87934512 0.64282405 0.88207890 0.64027847 0.88342228 0.64023480 0.88478918 0.63768923 0.88613221 0.63760187 0.88886634 0.63505630 0.89020938 0.63496896 0.89294316 0.63242338 0.89428654 0.63233604 0.89702033 0.62978981 0.89836370 0.62970247 0.90109748 0.62715690 0.90244052 0.62711323 0.90380741 0.62456765 0.90515079 0.62448031 0.90788457 0.62193408 0.90922795 0.62184674 0.91196173 0.61930117 0.91330477 0.61921382 0.91603890 0.61666825 0.91738193 0.61658090 0.92011607 0.61403532 0.92145910 0.61399165 0.92282599 0.61144608 0.92416902 0.61135873 0.92690316 0.60881252 0.92824618 0.60872516 0.93098032 0.60617959 0.93232335 0.60609225 0.93505713 0.60354668 0.93640017 0.60345933 0.93913430 0.60091312 0.94047733 0.60086943 0.94184457 0.59832386 0.94318760 0.59828019 0.94455449 0.60828843 0.94464993 0.61074730 0.94604069 0.61070363 0.94740758 0.60815741 0.94875096 0.60807007 0.95148474 0.60552449 0.95282813 0.60548082 0.95419502 0.60293525 0.95553805 0.59793080 0.95549033 0.59547257 0.95409958 0.59297067 0.95407572 0.59292700 0.95544261 0.59038143 0.95678564 0.59033776 0.95815253 0.58779154 0.95949591 0.58770420 0.96222969 0.58515861 0.96357308 0.58507127 0.96630686 0.58252570 0.96764989 0.58248203 0.96901678 0.57993581 0.97036016 0.57984847 0.97309394 0.57730288 0.97443733 0.57721554 0.97717111 0.57466997 0.97851414 0.57462630 0.97988103 0.57208072 0.98122442 0.57199338 0.98395820 0.56944780 0.98530158 0.56936045 0.98803537 0.56681424 0.98937839 0.56677057 0.99074528 0.56422499 0.99208867 0.56413765 0.99482245 0.56159207 0.99616583 0.56154840 0.99753272 0.61158960 0.99800994 0.61167695 0.99527580 0.61422252 0.99393277 0.61430988 0.99119864 0.61685545 0.98985561 0.61694279 0.98712182 0.61948836 0.98577879 0.61957571 0.98304466 0.62212193 0.98170163 0.62220928 0.97896750 0.62475485 0.97762446 0.62479852 0.97625757 0.62734409 0.97491454 0.62743144 0.97218041 0.62997765 0.97083738 0.63006501 0.96810325 0.63261058 0.96676021 0.63269792 0.96402643 0.63524350 0.96268305 0.63533085 0.95994926 0.63282894 0.95992540 0.63037073 0.95853430 0.62286439 0.95846272 0.61794729 0.95568121 0.61799096 0.95431432 0.62053653 0.95297129 0.62058021 0.95160405 0.62567199 0.94891799 0.63067643 0.94896571 0.63322202 0.94762233 0.64573215 0.94774163 0.64577583 0.94637474 0.64832140 0.94503171 0.64840874 0.94229792 0.65095496 0.94095455 0.65104230 0.93822076 0.65358789 0.93687738 0.65367523 0.93414360 0.65622080 0.93280056 0.65626447 0.93143367 0.65881005 0.93009029 0.65889739 0.92735651 0.66144298 0.92601312 0.66153032 0.92327934 0.66407653 0.92193631 0.66416388 0.91920218 0.66670945 0.91785915 0.66679681 0.91512501 0.66934238 0.91378198 0.66942972 0.91104820 0.67197593 0.90970517 0.67201961 0.90833793 0.67456518 0.90699490 0.67465254 0.90426076 0.67719811 0.90291773 0.67728545 0.90018395 0.67983102 0.89884092 0.67991837 0.89610678 0.68246394 0.89476375 0.68255130 0.89202962 0.68509751 0.89068659 0.68514118 0.88931970 0.68768675 0.88797666 0.68777410 0.88524253 0.69031967 0.88389950 0.69040703 0.88116536 0.69295324 0.87982234 0.69304058 0.87708855 0.69558616 0.87574517 0.69567350 0.87301139 0.69821908 0.87166801 0.69830643 0.86893422 0.70085200 0.86759119 0.70089567 0.86622430 0.70344125 0.86488092 0.70352859 0.86214713 0.70607481 0.86080376 0.70616216 0.85806997 0.70870773 0.85672694 0.70879508 0.85399280 0.71134065 0.85264977 0.71142800 0.84991564 0.71397422 0.84857261 0.71401789 0.84720572 0.71656346 0.84586269 0.71665081 0.84312855 0.71919638 0.84178552 0.71928373 0.83905139 0.72182930 0.83770836 0.72191665 0.83497457 0.72446222 0.83363154 0.72454957 0.83089741 0.72709578 0.82955438 0.72718313 0.82682025 0.72972871 0.82547721 0.72977238 0.82411032 0.73231795 0.82276729 0.73240530 0.82003316 0.73495151 0.81869013 0.73503886 0.81595600 0.73758443 0.81461296 0.73767178 0.81187918 0.74021736 0.81053580 0.74030470 0.80780201 0.74285028 0.80645863 0.74289395 0.80509174 0.74798574 0.80240568 0.75799398 0.80250112 0.75803765 0.80113423 0.76058323 0.79979085 0.76067057 0.79705707 0.76321615 0.79571368 0.76330350 0.79297990 0.76584907 0.79163687 0.76589274 0.79026997 0.76843896 0.78892660 0.76852630 0.78619282 0.77107188 0.78484943 0.77115923 0.78211565 0.77370480 0.78077262 0.77379215 0.77803848 0.77633836 0.77669546 0.77638203 0.77532856 0.77892761 0.77398518 0.77901495 0.77125140 0.78156053 0.76990837 0.78164788 0.76717423 0.78419345 0.76583120 0.78428080 0.76309707 0.78682637 0.76175403 0.78691372 0.75902025 0.78945993 0.75767722 0.78950361 0.75630998 0.79204918 0.75496695 0.79213653 0.75223282 0.79468210 0.75088978 0.79476945 0.74815600 0.79731566 0.74681297 0.79740301 0.74407884 0.79994858 0.74273581 0.79999226 0.74136857 0.80253783 0.74002553 0.80262518 0.73729175 0.80517075 0.73594872 0.80525810 0.73321458 0.80780367 0.73187155 0.80789102 0.72913742 0.81043724 0.72779439 0.81052458 0.72506061 0.81307016 0.72371722 0.81311383 0.72235033 0.81565940 0.72100730 0.81574675 0.71827317 0.81829296 0.71693014 0.81838031 0.71419636 0.82092589 0.71285297 0.82101323 0.71011919 0.82355881 0.70877581 0.82360248 0.70740892 0.82614805 0.70606588 0.82623540 0.70333210 0.82878098 0.70198872 0.82886832 0.69925493 0.82641010 0.69786383 0.82645377 0.69649694 0.82399554 0.69510619 0.76144420 0.69450967 0.76140052 0.69587657 0.75885495 0.69721960 0.75876760 0.69995373 0.75622139 0.70129676 0.75613404 0.70403089 0.75358847 0.70537392
0 1.00000000 0.65302798 0.92297361 0.65229342 0.92543184 0.65368426 0.92538816 0.65505124 0.92784639 0.65644210 0.92775904 0.65917602 0.93021727 0.66056688 0.93017359 0.66193387 0.92762802 0.66327697 0.92754067 0.66601093 0.92499510 0.66735407 0.92490775 0.67008799 0.92236218 0.67143113 0.92231851 0.67279813 1.00000000 0.67353893 1.00000000 0.65302798
