0 0.08914846 0.26580557 0.14926717 0.23543890 0.10587962 0.16287256 0.05156514 0.19891129 0.08914846 0.26580557
0 0.58191231 0.52421133 0.58169719 0.52173236 0.58784530 0.51059825 0.58763017 0.50811928 0.59531529 0.49420116 0.59510016 0.49172219 0.59663718 0.48893883 0.56159386 0.49502681 0.56697232 0.55700486 0.56850936 0.55422149 0.56829424 0.55174252 0.57597933 0.53782441 0.57576421 0.53534544 0.58191231 0.52421133
0 1.00000000 0.41634744 0.96612921 0.42223171 0.96459228 0.42501506 0.90677046 0.43506028 0.90698559 0.43753925 0.90544866 0.44032260 0.90609409 0.44776014 0.90455716 0.45054349 0.86425723 0.45754468 0.86533291 0.46994016 0.86379604 0.47272415 0.83400888 0.47789898 0.83204164 0.47572376 0.83075084 0.46084930 0.80797279 0.46480647 0.80600561 0.46263188 0.80492993 0.45023639 0.70856069 0.46697834 0.70394945 0.47532847 0.70416458 0.47780744 0.69801652 0.48894218 0.69823165 0.49142115 0.69208354 0.50255526 0.69229866 0.50503423 0.68461363 0.51895169 0.68482875 0.52143066 0.67868070 0.53256540 0.67889582 0.53504437 0.67274772 0.54617848 0.67296284 0.54865745 0.66681473 0.55979156 0.66702986 0.56227053 0.66088175 0.57340464 0.66109693 0.57588424 0.65341189 0.58980170 0.65362702 0.59228067 0.64901584 0.60063143 0.67004183 0.59697865 0.67200901 0.59915324 0.67376106 0.59884886 0.67572869 0.60102337 0.67419131 0.60380680 0.67440649 0.60628640 0.66979576 0.61463708 0.67001089 0.61711606 0.66539965 0.62546618 0.66561483 0.62794579 0.66100365 0.63629655 0.66121878 0.63877551 0.66086120 0.63942308 0.67197578 0.63942308 0.77532458 0.62146859 0.77729221 0.62364310 0.91921755 0.59898682 0.92229186 0.59342005 0.92207673 0.59094108 0.93129864 0.57423964 0.93108352 0.57176067 0.93876850 0.55784257 0.93855338 0.55536360 0.94162768 0.54979683 0.94863635 0.54857923 0.95060352 0.55075382 0.97162952 0.54710104 0.97359670 0.54927563 0.97381182 0.55175460 0.96766377 0.56288934 0.96787889 0.56536831 0.96019386 0.57928577 0.96040898 0.58176474 0.95579780 0.59011550 0.95601293 0.59259447 1.00000000 0.58495272 1.00000000 0.41634744
0 0.54807692 0.33926593 0.55987275 0.47519378 0.61068545 0.46636623 0.61222283 0.46358281 0.61200765 0.46110320 0.61815531 0.44996917 0.61794019 0.44749020 0.62562567 0.43357266 0.62541049 0.43109306 0.63309553 0.41717560 0.63288040 0.41469663 0.63902851 0.40356252 0.63881339 0.40108355 0.64649837 0.38716546 0.64628324 0.38468649 0.65243135 0.37355238 0.65221623 0.37107341 0.65990171 0.35715588 0.65968659 0.35467690 0.66737157 0.34075881 0.66715644 0.33827984 0.67484148 0.32436238 0.67462630 0.32188278 0.68231134 0.30796532 0.68209621 0.30548635 0.68978125 0.29156889 0.68956613 0.28908992 0.69110345 0.28630586 0.59298215 0.30335219 0.59405783 0.31574767 0.59252051 0.31853173 0.55397308 0.32522847 0.55483363 0.33514498 0.55329662 0.33792834 0.54807692 0.33883515 0.54807692 0.33926593
0 1.00000000 0.32065111 0.99355169 0.24634476 0.97953436 0.24877995 0.97799749 0.25156394 0.95872355 0.25491234 0.95958410 0.26482886 0.95804673 0.26761229 0.92650796 0.27309142 0.92454078 0.27091683 0.92368023 0.26100032 0.92171300 0.25882509 0.90243906 0.26217350 0.90047143 0.25999899 0.89961087 0.25008247 0.89610676 0.25069123 0.89413958 0.24851664 0.82580500 0.26038821 0.82383782 0.25821362 0.80456388 0.26156202 0.79841577 0.27269613 0.79863090 0.27517510 0.79094586 0.28909256 0.79116104 0.29157217 0.78347600 0.30548962 0.78369113 0.30796859 0.77293184 0.32745346 0.77314696 0.32993243 0.76546148 0.34384997 0.76567660 0.34632894 0.75799162 0.36024703 0.75820675 0.36272600 0.75052171 0.37664346 0.75073689 0.37912306 0.74305185 0.39304052 0.74326698 0.39551949 0.74172960 0.39830292 0.76626015 0.39404130 0.76822738 0.39621652 0.76973331 0.41356995 0.76819644 0.41635393 0.76293983 0.41726715 0.76337008 0.42222509 0.76183315 0.42500844 0.76226346 0.42996701 0.76072653 0.43275036 0.72217865 0.43944717 0.71910485 0.44501450 0.72085690 0.44471012 0.72282408 0.44688471 0.98389671 0.40152932 0.98303616 0.39161281 0.98457348 0.38882875 1.00000000 0.38614875 1.00000000 0.32065111
0 0.54807692 0.29353840 0.67908430 0.27077887 0.68062162 0.26799481 0.70515172 0.26373326 0.70822602 0.25816649 0.70801084 0.25568688 0.71415856 0.24455349 0.71394338 0.24207388 0.72162887 0.22815634 0.72141374 0.22567738 0.72756185 0.21454326 0.72734667 0.21206366 0.73349483 0.20093019 0.73327965 0.19845058 0.74096469 0.18453313 0.74074956 0.18205415 0.74689767 0.17092004 0.74668249 0.16844044 0.75283065 0.15730696 0.75261548 0.15482736 0.76030051 0.14090990 0.76008539 0.13843093 0.76623350 0.12729682 0.76601831 0.12481722 0.77216648 0.11368374 0.77195130 0.11120414 0.77809941 0.10007003 0.77788428 0.09759106 0.78556932 0.08367360 0.68744802 0.10071993 0.68852370 0.11311541 0.68698677 0.11589876 0.64668684 0.12289995 0.64754740 0.13281647 0.64601052 0.13560045 0.61447176 0.14107959 0.61250452 0.13890436 0.61164397 0.12898785 0.60113075 0.13081428 0.59916357 0.12863969 0.58865035 0.13046612 0.58668317 0.12829153 0.58582261 0.11837501 0.54807692 0.12493246 0.54807692 0.29353840
0 0.87794182 0.10285673 0.87025684 0.11677482 0.87047196 0.11925379 0.86278692 0.13317125 0.86300205 0.13565022 0.85531701 0.14956768 0.85553219 0.15204728 0.84784671 0.16596482 0.84806183 0.16844379 0.84037685 0.18236188 0.84059197 0.18484085 0.83290694 0.19875831 0.86094159 0.19388793 0.86290877 0.19606252 0.86333908 0.20102110 0.86180215 0.20380445 0.86244758 0.21124199 0.86091065 0.21402534 0.85740610 0.21463418 0.85586917 0.21741753 0.85236461 0.21802636 0.85322516 0.22794288 0.85168824 0.23072623 0.84643162 0.23163944 0.84707706 0.23907699 0.99075490 0.21411625 0.97634057 0.04801448 0.89574071 0.06201686 0.89420384 0.06480084 0.89441896 0.06727981 0.88519655 0.08398070 0.88541173 0.08646030 0.87772669 0.10037776 0.87794182 0.10285673
0 0.95438783 0.00000000 0.95451594 0.00147625 0.94990474 0.00982682 0.95011988 0.01230598 0.94704606 0.01787300 0.94726119 0.02035209 0.94265000 0.02870273 0.94286514 0.03118182 0.93979132 0.03674903 0.97483464 0.03066106 0.97217388 0.00000000 0.95438783 0.00000000
0 0.76021806 0.00000000 0.54807692 0.03685467 0.54807692 0.04692068 0.55462297 0.04578345 0.55659029 0.04795815 0.55809627 0.06531208 0.55655921 0.06809558 0.54955055 0.06931318 0.55041111 0.07922969 0.54887406 0.08201325 0.54807692 0.08215174 0.54807692 0.10480043 0.70675335 0.07723404 0.70872053 0.07940863 0.79632861 0.06418873 0.80401408 0.05027107 0.80379894 0.04779191 0.80994660 0.03665788 0.80973146 0.03417872 0.81741693 0.02026106 0.81720180 0.01778196 0.82334991 0.00664785 0.82313476 0.00416869 0.82543663 0.00000000 0.76021806 0.00000000
0 0.54807692 0.94169722 0.53841585 0.94288345 0.53573714 0.94079062 0.53456531 0.93124690 0.53188660 0.92915406 0.50086969 0.93296246 0.49819029 0.93086909 0.49701855 0.92132598 0.36817873 0.93714552 0.35771400 0.95053977 0.35800693 0.95292555 0.34544875 0.96899858 0.34574176 0.97138496 0.33527703 0.98477921 0.33556997 0.98716499 0.32554259 1.00000000 0.34938837 1.00000000 0.54807692 0.97560411 0.54807692 0.94169722
0 0.18749117 1.00000000 0.19124245 0.99519858 0.19094951 0.99281281 0.20141425 0.97941856 0.20112131 0.97703279 0.20949313 0.96631664 0.20920019 0.96393087 0.21547932 0.95589465 0.08425311 0.97200721 0.08216027 0.97468592 0.08303908 0.98184325 0.08094632 0.98452257 0.05231518 0.98803803 0.05022234 0.99071674 0.02874865 0.99335338 0.02956475 1.00000000 0.18749117 1.00000000
0 0.00000000 0.96055464 0.00765284 0.95961499 0.01033181 0.96170841 0.23460888 0.93417065 0.23670225 0.93149125 0.23640932 0.92910548 0.24687405 0.91571123 0.24658111 0.91332546 0.25495293 0.90260931 0.25465999 0.90022354 0.26512472 0.88682929 0.26483179 0.88444351 0.27320368 0.87372798 0.27291075 0.87134221 0.28128256 0.86062606 0.28098963 0.85824029 0.29145436 0.84484604 0.29116142 0.84246026 0.29953331 0.83174473 0.29924038 0.82935896 0.30970503 0.81596410 0.30941210 0.81357832 0.31778460 0.80286272 0.31749166 0.80047694 0.32586294 0.78976148 0.32557001 0.78737570 0.33603528 0.77398077 0.33574234 0.77159500 0.34411423 0.76087946 0.21050225 0.77728495 0.21196701 0.78921444 0.20987356 0.79189323 0.15738344 0.79833820 0.15855534 0.80788253 0.15646250 0.81056124 0.11112971 0.81612741 0.10845100 0.81403457 0.10698616 0.80210447 0.07596864 0.80591294 0.07328993 0.80382010 0.07211811 0.79427639 0.00000000 0.80313138 0.00000000 0.96055464
0 0.54807692 0.73341425 0.49652070 0.73974456 0.48814881 0.75046009 0.48844175 0.75284587 0.47797641 0.76624019 0.47826942 0.76862658 0.46989806 0.77934142 0.47019107 0.78172781 0.46181857 0.79244342 0.46211150 0.79482919 0.45164677 0.80822344 0.45193978 0.81060983 0.44356782 0.82132475 0.44386083 0.82371113 0.43339610 0.83710538 0.43368903 0.83949116 0.42531714 0.85020669 0.42561015 0.85259308 0.45901345 0.84849167 0.46169217 0.85058450 0.46198510 0.85297028 0.45361321 0.86368581 0.45390615 0.86607159 0.44553425 0.87678713 0.44582719 0.87917290 0.43745537 0.88988904 0.43774831 0.89227482 0.42937642 0.90299035 0.42966935 0.90537613 0.42757651 0.90805484 0.54807692 0.89325925 0.54807692 0.73341425
0 0.00000000 0.63942308 0.00000000 0.72563062 0.03172663 0.72173508 0.03440534 0.72382792 0.03674898 0.74291535 0.03465622 0.74559467 0.02511250 0.74676649 0.02657726 0.75869598 0.02448442 0.76137469 0.01494071 0.76254651 0.01611253 0.77209023 0.01401908 0.77476901 0.00447567 0.77594080 0.00535456 0.78309873 0.36085802 0.73944840 0.36504362 0.73409036 0.36475068 0.73170459 0.37521542 0.71831034 0.37492248 0.71592457 0.38329498 0.70520896 0.38300205 0.70282318 0.39346670 0.68942833 0.39317376 0.68704255 0.40363850 0.67364831 0.40334549 0.67126192 0.41171745 0.66054700 0.41142444 0.65816061 0.42188917 0.64476636 0.42159624 0.64238059 0.42390690 0.63942308 0.00000000 0.63942308
0 1.00000000 1.00000000 1.00000000 0.85676935 0.99416524 0.85748577 0.99148653 0.85539293 0.99031471 0.84584922 0.97361306 0.84789992 0.97093435 0.84580708 0.86118134 0.85928306 0.85071661 0.87267730 0.85100955 0.87506308 0.84054481 0.88845732 0.84083775 0.89084310 0.83246594 0.90155924 0.83275887 0.90394502 0.82229353 0.91733934 0.82258646 0.91972511 0.81212173 0.93311936 0.81241475 0.93550575 0.80404285 0.94622128 0.80433579 0.94860706 0.79387106 0.96200130 0.79416407 0.96438769 0.78579210 0.97510261 0.82396695 0.97041533 0.82664574 0.97250878 0.82246006 0.97786620 0.82275307 0.98025259 0.81438111 0.99096751 0.81467412 0.99335390 0.80948161 1.00000000 1.00000000 1.00000000
0 1.00000000 0.68803221 0.99697419 0.66338898 0.98981625 0.66426787 0.97935152 0.67766211 0.97964446 0.68004789 0.97127264 0.69076403 0.97156558 0.69314981 0.96319369 0.70386534 0.96348662 0.70625112 0.95511473 0.71696665 0.95540767 0.71935243 0.94494301 0.73274728 0.94523595 0.73513306 0.93686344 0.74584867 0.93715638 0.74823444 0.92878510 0.75894990 0.92907804 0.76133568 0.92070553 0.77205128 0.92099854 0.77443767 0.91890570 0.77711638 0.92158442 0.77920922 0.95260194 0.77540075 0.95528065 0.77749359 0.94900160 0.78553041 0.94929454 0.78791619 0.94301548 0.79595301 0.94330842 0.79833878 0.93912282 0.80369682 0.93941575 0.80608259 0.93313670 0.81411941 0.93342964 0.81650519 0.92715058 0.82454201 0.92744352 0.82692779 0.92325792 0.83228582 0.92355085 0.83467160 1.00000000 0.82528482 1.00000000 0.68803221
