0 0.86302948 0.30000000 0.83863335 0.28546322 0.83629867 0.28536110 0.81073200 0.27012618 0.80839731 0.27002405 0.78283054 0.25478973 0.78049526 0.25468758 0.75705956 0.24072246 0.75472488 0.24062033 0.72915756 0.22538569 0.72682288 0.22528356 0.70125616 0.21004895 0.69892148 0.20994682 0.62861318 0.16805140 0.62627790 0.16794925 0.62414748 0.16667978 0.61947812 0.16647552 0.61734769 0.16520605 0.61267773 0.16500177 0.61247348 0.16616911 0.60485600 0.16936502 0.60465175 0.17053236 0.56910458 0.18544644 0.56890032 0.18661378 0.53081362 0.20259305 0.53060936 0.20376039 0.49252266 0.21973966 0.49231840 0.22090700 0.45423230 0.23688630 0.45402804 0.23805364 0.41848033 0.25296740 0.41827602 0.25413503 0.40000000 0.26180264 0.40000000 0.28627340 0.71379151 0.30000000 0.86302948 0.30000000
0 1.00000000 0.01255033 0.95729517 0.01068223 0.94713876 0.01494335 0.94693450 0.01611075 0.93423853 0.02143715 0.93403426 0.02260458 0.91879995 0.02899624 0.91412998 0.02879196 0.90905207 0.03092256 0.90884780 0.03208996 0.89107392 0.03954699 0.89086966 0.04071433 0.86293997 0.05243250 0.86273571 0.05359984 0.83226588 0.06638318 0.83206163 0.06755052 0.78635805 0.08672572 0.78615379 0.08789306 0.73283280 0.11026388 0.73262849 0.11143152 0.70977613 0.12101894 0.70957187 0.12218628 0.68925905 0.13070852 0.68905480 0.13187586 0.67635939 0.13720249 0.67574662 0.14070452 0.67787764 0.14197401 0.68021232 0.14207614 0.71003984 0.15985000 0.71237512 0.15995215 0.74646408 0.18026497 0.74879876 0.18036710 0.75945142 0.18671478 0.76178611 0.18681691 0.76604750 0.18935617 0.76584324 0.19052351 0.78075730 0.19941045 0.78309198 0.19951258 0.79587507 0.20712973 0.79821035 0.20723188 0.81312380 0.21611880 0.81545908 0.21622095 0.82824217 0.22383810 0.83057685 0.22394023 0.86679678 0.24552284 0.86913147 0.24562497 0.89256716 0.25959009 0.89490244 0.25969225 0.91194692 0.26984866 0.91428161 0.26995078 0.93345651 0.28137667 0.93579179 0.28147882 0.95283627 0.29163523 0.95517095 0.29173736 0.96903731 0.30000000 0.97254680 0.30000000 1.00000000 0.14310424 1.00000000 0.01255033
0 0.40000000 0.60376608 0.38748666 0.60185022 0.38735049 0.60457401 0.38877074 0.60753681 0.38849839 0.61298440 0.39005485 0.61322270 0.39147513 0.61618480 0.39120275 0.62163309 0.39262303 0.62459518 0.39207831 0.63549106 0.39363516 0.63572942 0.39505544 0.63869152 0.39423834 0.65503569 0.39254572 0.65752118 0.37697997 0.65513799 0.37589053 0.67692975 0.37731081 0.67989184 0.38353742 0.68084517 0.38380977 0.67539758 0.38550240 0.67291209 0.39328507 0.67410365 0.39369362 0.66593157 0.39538628 0.66344538 0.39849959 0.66392204 0.40000000 0.63390990 0.40000000 0.60376608
0 0.24901189 0.61084221 0.25368125 0.61155712 0.25504308 0.58431707 0.25362280 0.58135497 0.22560502 0.57706530 0.22383468 0.61247674 0.22850404 0.61319164 0.22992433 0.61615374 0.24704652 0.61877524 0.24731887 0.61332765 0.24901189 0.61084221
0 0.21823050 0.56770159 0.22290027 0.56841656 0.22317261 0.56296897 0.22486524 0.56048347 0.22953500 0.56119844 0.22967121 0.55847395 0.22655830 0.55799734 0.22513762 0.55503518 0.22527379 0.55231139 0.22696685 0.54982526 0.22751154 0.53893008 0.22284177 0.53821511 0.22142113 0.53525225 0.22196585 0.52435638 0.21418318 0.52316481 0.21276290 0.52020271 0.20342377 0.51877284 0.20192577 0.54873669 0.20334606 0.55169878 0.20239278 0.57076675 0.21640167 0.57291158 0.21653788 0.57018709 0.21823050 0.56770159
0 0.32672249 0.56235372 0.32502946 0.56483915 0.32475709 0.57028744 0.32306446 0.57277293 0.31683824 0.57181967 0.31397845 0.62902286 0.32176112 0.63021443 0.32318177 0.63317728 0.32222853 0.65224455 0.32392116 0.64975905 0.32859052 0.65047396 0.33001120 0.65343612 0.32946644 0.66433269 0.33880557 0.66576256 0.34022585 0.66872466 0.33804696 0.71230817 0.34583003 0.71349980 0.34596620 0.71077601 0.34765886 0.70828982 0.35544153 0.70948138 0.35585008 0.70130930 0.35754311 0.69882387 0.36532578 0.70001543 0.36764085 0.65370812 0.35985818 0.65251655 0.35843750 0.64955440 0.36402090 0.53787180 0.34689870 0.53525031 0.34199623 0.63331253 0.34030357 0.63579872 0.33888332 0.63283592 0.34351345 0.54022130 0.32794811 0.53783816 0.32672249 0.56235372
0 0.18846121 0.53569591 0.19935719 0.53736414 0.19990191 0.52646826 0.19367570 0.52551500 0.19225545 0.52255220 0.19307252 0.50620873 0.18217654 0.50454050 0.18149564 0.51816018 0.18460855 0.51863678 0.18602923 0.52159894 0.18548447 0.53249551 0.18704093 0.53273382 0.18846121 0.53569591
0 0.30432735 0.53971099 0.31677979 0.54161752 0.31759685 0.52527405 0.30825733 0.52384412 0.30683705 0.52088203 0.29749752 0.51945210 0.29722518 0.52489969 0.29553252 0.52738588 0.29403455 0.55734902 0.30181762 0.55854065 0.30263469 0.54219718 0.30432735 0.53971099
0 0.40000000 0.52416648 0.39143590 0.52285527 0.39061883 0.53919874 0.38892577 0.54168487 0.38750552 0.53872208 0.38845876 0.51965481 0.38067609 0.51846324 0.37898346 0.52094874 0.37275685 0.51999541 0.37262067 0.52271920 0.37092805 0.52520470 0.36983860 0.54699646 0.37295191 0.54747312 0.37437219 0.55043522 0.37314654 0.57495147 0.38559897 0.57685800 0.38701925 0.57982010 0.38647453 0.59071598 0.40000000 0.59278680 0.40000000 0.52416648
0 0.12139311 0.52817208 0.11997282 0.52520999 0.12160700 0.49252235 0.12329966 0.49003616 0.12641296 0.49051282 0.12682148 0.48234143 0.11436905 0.48043490 0.11294876 0.47747280 0.11008897 0.53467600 0.11631519 0.53562926 0.11773547 0.53859136 0.12396169 0.53954463 0.12450641 0.52864875 0.12139311 0.52817208
0 0.10969928 0.47971994 0.10191661 0.47852837 0.10049633 0.47556627 0.09582657 0.47485131 0.09528188 0.48574649 0.09839479 0.48622309 0.09981543 0.48918595 0.09927071 0.50008183 0.10860984 0.50151170 0.10969928 0.47971994
0 0.21819127 0.47437206 0.19795577 0.47127390 0.19618542 0.50668534 0.20396850 0.50787696 0.20538878 0.51083906 0.21472790 0.51226893 0.21642093 0.50978350 0.21819127 0.47437206
0 0.18239042 0.46889077 0.18089246 0.49885391 0.19023159 0.50028378 0.19104865 0.48394031 0.18962837 0.48097821 0.19017310 0.47008233 0.18239042 0.46889077
0 0.35915651 0.50967849 0.36024596 0.48788673 0.34156731 0.48502693 0.33979696 0.52043837 0.34757964 0.52162994 0.34927266 0.51914450 0.34968121 0.51097242 0.35137384 0.50848692 0.35915651 0.50967849
0 0.26377939 0.56644143 0.26228143 0.59640458 0.27629032 0.59854941 0.27778828 0.56858626 0.27948094 0.56610007 0.28570716 0.56705334 0.29129056 0.45537075 0.26171593 0.45084272 0.25694960 0.54618184 0.26006290 0.54665850 0.26148319 0.54962060 0.26080229 0.56324027 0.26235875 0.56347857 0.26377939 0.56644143
0 0.14232837 0.45452242 0.14402139 0.45203699 0.15647383 0.45394352 0.15715472 0.44032385 0.15884738 0.43783766 0.15952828 0.42421798 0.14551939 0.42207315 0.14538322 0.42479694 0.14369019 0.42728238 0.13435107 0.42585251 0.13285307 0.45581635 0.14219220 0.45724622 0.14232837 0.45452242
0 0.23509918 0.51264323 0.25222138 0.51526473 0.25344700 0.49074917 0.25202675 0.48778638 0.25461416 0.43603148 0.22503953 0.43150345 0.22449480 0.44239933 0.22760811 0.44287599 0.22902840 0.44583809 0.22589623 0.50848957 0.23367890 0.50968114 0.23509918 0.51264323
0 0.12594596 0.46848276 0.12812485 0.42489924 0.12345509 0.42418428 0.12203480 0.42122218 0.12244332 0.41305080 0.12413598 0.41056460 0.08366577 0.40436841 0.08230395 0.43160845 0.08372423 0.43457055 0.08249861 0.45908610 0.09028128 0.46027767 0.09170156 0.46323977 0.12594596 0.46848276
0 0.06280783 0.44509206 0.06592114 0.44556873 0.06734139 0.44853152 0.06720521 0.45125532 0.07654474 0.45268525 0.07763418 0.43089349 0.07932681 0.42840799 0.08055247 0.40389174 0.06498672 0.40150855 0.06356644 0.39854645 0.05578377 0.39735488 0.05523905 0.40825076 0.05990881 0.40896573 0.06132909 0.41192782 0.06288555 0.41216612 0.06430583 0.41512822 0.06280783 0.44509206
0 0.32179921 0.50395890 0.32349184 0.50147340 0.32971845 0.50242673 0.33298679 0.43705145 0.30029885 0.43204676 0.29675817 0.50286963 0.31388037 0.50549113 0.31530061 0.50845392 0.31997037 0.50916888 0.32166304 0.50668269 0.32179921 0.50395890
0 0.35789166 0.44086451 0.35647101 0.43790166 0.34401858 0.43599513 0.34279293 0.46051138 0.34901914 0.46146465 0.35186011 0.46738890 0.36898230 0.47001040 0.37034409 0.44277105 0.35789166 0.44086451
0 0.16310820 0.44672464 0.17244772 0.44815457 0.17386800 0.45111667 0.17359562 0.45656496 0.18760451 0.45870979 0.18991961 0.41240178 0.17902403 0.41073361 0.17733097 0.41321974 0.17577452 0.41298144 0.17563835 0.41570524 0.17394572 0.41819073 0.16460619 0.41676080 0.16310820 0.44672464
0 0.40000000 0.43907688 0.37853532 0.43579053 0.37839914 0.43851433 0.37670612 0.44099976 0.37479957 0.47913568 0.37310694 0.48162118 0.37155049 0.48138288 0.37114194 0.48955496 0.36944931 0.49204046 0.36876841 0.50566013 0.40000000 0.51044185 0.40000000 0.43907688
0 0.21420244 0.46003672 0.21692602 0.40555802 0.19669092 0.40245992 0.19396733 0.45693862 0.21420244 0.46003672
0 0.15744596 0.37174741 0.15575330 0.37423360 0.14641377 0.37280368 0.14627760 0.37552747 0.14458498 0.37801297 0.13680230 0.37682140 0.13530431 0.40678524 0.14464343 0.40821511 0.14477964 0.40549062 0.14647266 0.40300518 0.15425534 0.40419675 0.15439151 0.40147296 0.15608413 0.39898746 0.16386681 0.40017903 0.16555943 0.39769353 0.16569564 0.39496904 0.16738867 0.39248361 0.17517134 0.39367517 0.17666933 0.36371147 0.16888666 0.36251990 0.16875049 0.36524356 0.16705743 0.36772969 0.16083161 0.36677649 0.15913859 0.36926192 0.15758213 0.36902362 0.15744596 0.37174741
0 0.02126720 0.39756021 0.02295998 0.39507404 0.02607305 0.39555066 0.02675394 0.38193099 0.02844669 0.37944551 0.02986709 0.38240763 0.02959475 0.38785522 0.03893403 0.38928511 0.04062678 0.38679963 0.04373989 0.38727627 0.04619113 0.33824502 0.01506005 0.33347869 0.01056608 0.42336966 0.01212264 0.42360798 0.01266736 0.41271210 0.01436009 0.41022662 0.02058630 0.41117988 0.02126720 0.39756021
0 0.12131428 0.34151226 0.09173965 0.33698423 0.08915220 0.38873984 0.11872683 0.39326787 0.11913538 0.38509578 0.12082801 0.38261029 0.12273455 0.34447450 0.12131428 0.34151226
0 0.05580262 0.33422688 0.05335136 0.38325854 0.08292599 0.38778657 0.08551343 0.33603097 0.05749565 0.33174130 0.05580262 0.33422688
0 0.16787453 0.35138566 0.16828307 0.34321379 0.15427418 0.34106896 0.15386564 0.34924083 0.16787453 0.35138566
0 0.14709470 0.35918344 0.14878773 0.35669787 0.15034418 0.35693617 0.15116127 0.34059235 0.12781286 0.33701759 0.12631488 0.36698109 0.13254109 0.36793435 0.13267727 0.36521056 0.13436989 0.36272506 0.14682233 0.36463159 0.14709470 0.35918344
0 0.18884939 0.37106615 0.19026967 0.37402825 0.18999729 0.37947654 0.19933682 0.38090647 0.20075710 0.38386856 0.20048476 0.38931616 0.21449364 0.39146099 0.21680871 0.34515367 0.20279982 0.34300884 0.20110719 0.34549448 0.18554145 0.34311128 0.18472436 0.35945517 0.18783767 0.35993183 0.18925794 0.36289407 0.18884939 0.37106615
0 0.25755168 0.34590199 0.22953350 0.34161227 0.22544808 0.42333136 0.25346625 0.42762109 0.25673460 0.36224581 0.25842723 0.35976018 0.25897195 0.34886430 0.25755168 0.34590199
0 0.32913413 0.41999232 0.34469947 0.42237545 0.34796781 0.35700032 0.31372381 0.35175738 0.31113638 0.40351285 0.30944375 0.40599834 0.30862665 0.42234251 0.32730490 0.42520224 0.32744107 0.42247845 0.32913413 0.41999232
0 0.30127138 0.34985085 0.29773067 0.42067428 0.30551334 0.42186584 0.30769224 0.37828219 0.30938488 0.37579648 0.31061051 0.35128072 0.30127138 0.34985085
0 0.28533673 0.44896919 0.28844963 0.44944579 0.29014266 0.44696036 0.29150445 0.41972101 0.29008377 0.41675885 0.29348831 0.34865922 0.26858344 0.34484616 0.26831108 0.35029417 0.26661844 0.35277980 0.26506199 0.35254150 0.26056803 0.44243233 0.28391644 0.44600710 0.28533673 0.44896919
0 0.40000000 0.35722909 0.39974294 0.35669293 0.35460257 0.34978171 0.35092569 0.42332872 0.36804789 0.42595022 0.36832023 0.42050262 0.37001289 0.41801643 0.40000000 0.42260761 0.40000000 0.35722909
0 0.12057491 0.32493014 0.12111963 0.31403426 0.08998855 0.30926793 0.08944383 0.32016381 0.12057491 0.32493014
0 0.40000000 0.32928409 0.37619988 0.32564017 0.37579133 0.33381211 0.37734779 0.33405041 0.37876806 0.33701265 0.40000000 0.34026337 0.40000000 0.32928409
0 0.36915618 0.34103066 0.36997326 0.32468684 0.33417281 0.31920561 0.33335573 0.33554943 0.36915618 0.34103066
0 0.32712951 0.33459616 0.32794660 0.31825234 0.30148527 0.31420098 0.30066819 0.33054480 0.32712951 0.33459616
0 0.29403303 0.33776334 0.29525866 0.31324765 0.25167554 0.30657485 0.25044991 0.33109054 0.29403303 0.33776334
0 0.21587469 0.30109355 0.21464907 0.32560925 0.24422330 0.33013722 0.24435948 0.32741328 0.24293920 0.32445104 0.24389247 0.30538322 0.21587469 0.30109355
0 0.17985449 0.30000000 0.17857586 0.32557596 0.20815049 0.33010399 0.20964848 0.30014029 0.20873218 0.30000000 0.17985449 0.30000000
0 0.15946450 0.30000000 0.15847693 0.31975386 0.16470315 0.32070713 0.16612342 0.32366943 0.17079318 0.32438440 0.17248582 0.32189869 0.17316673 0.30827881 0.17174645 0.30531657 0.17201225 0.30000000 0.15946450 0.30000000
0 0.13280023 0.30000000 0.13160667 0.32387431 0.15495509 0.32744907 0.15632736 0.30000000 0.13280023 0.30000000
0 0.02771306 0.30000000 0.02745394 0.30518320 0.02576118 0.30766882 0.02264808 0.30719219 0.02223953 0.31536413 0.07827548 0.32394352 0.07841166 0.32121959 0.08010430 0.31873388 0.08321761 0.31921055 0.08417801 0.30000000 0.02771306 0.30000000
0 0.66781060 0.75699627 0.74249019 0.81866626 0.74593403 0.81872601 0.90578788 0.66599733 0.90657337 0.65701912 0.84767510 0.61190318 0.82200286 0.60965715 0.66781060 0.75699627
0 1.00000000 0.48182500 0.97723271 0.46193200 0.81491306 0.60679240 0.90885317 0.68940512 0.92001366 0.69038154 1.00000000 0.62086392 1.00000000 0.48182500
0 1.00000000 1.00000000 1.00000000 0.78269417 0.93542722 0.77385035 0.88166386 0.97759143 0.87970337 1.00000000 1.00000000 1.00000000
0 0.66530683 0.95313065 0.68047805 0.96272850 0.68469320 0.96309727 0.72845370 0.91809626 0.72881975 0.91391224 0.71545840 0.90306112 0.66530683 0.95313065
