0 0.18596259 0.14524018 0.18621039 0.14171032 0.10533837 0.10014977 0.03202609 0.24700318 0.03266285 0.28348356 0.08072097 0.30671712 0.10761218 0.30624773 0.18596259 0.14524018
0 0.21568815 0.31735699 0.29928526 0.33383021 0.30208395 0.33355164 0.34553652 0.21263425 0.34541083 0.20543378 0.27083967 0.18150502 0.26049437 0.18168560 0.21568815 0.31735699
0 0.34670648 0.36059574 0.42412495 0.38667357 0.44019594 0.38639305 0.48560147 0.26885146 0.48555972 0.26645964 0.39487061 0.23591273 0.34670648 0.36059574
0 0.42170264 0.45937500 0.45223885 0.38059918 0.45224899 0.37903157 0.06229804 0.25390560 0.04915473 0.25413502 0.02885291 0.30944776 0.00211570 0.30343066 0.00000000 0.30819112 0.00000000 0.33759002 0.38293064 0.45937500 0.42170264 0.45937500
0 1.00000000 0.12448876 0.99206153 0.12462732 0.98830981 0.08874984 0.88202145 0.08747963 0.88108638 0.12343893 0.85296567 0.12392978 0.85197606 0.15676455 0.88176812 0.16249548 0.88551984 0.19837297 1.00000000 0.19736176 1.00000000 0.12448876
0 0.10926937 1.00000000 0.10783274 0.99850033 0.10975185 0.99635157 0.11170455 0.99631472 0.11167047 0.99420336 0.11358909 0.99205514 0.11160229 0.98998010 0.10769639 0.99005381 0.10570960 0.98797931 0.10375690 0.98801616 0.10176961 0.98594167 0.09981691 0.98597852 0.09783012 0.98390401 0.09587742 0.98394087 0.09389063 0.98186636 0.09193743 0.98190323 0.08995063 0.97982818 0.08799793 0.97986503 0.08601064 0.97779054 0.08210524 0.97786425 0.08011845 0.97578974 0.07816575 0.97582659 0.07617845 0.97375156 0.07422575 0.97378841 0.07223896 0.97171390 0.07031985 0.97386213 0.07038802 0.97808539 0.06655080 0.98238235 0.06661897 0.98660507 0.07052437 0.98653137 0.07251166 0.98860586 0.07446436 0.98856901 0.07645115 0.99064352 0.07840435 0.99060665 0.08039115 0.99268170 0.08234385 0.99264484 0.08433063 0.99471935 0.08628334 0.99468250 0.08827063 0.99675699 0.09217603 0.99668328 0.09416332 0.99875832 0.09611603 0.99872147 0.09734050 1.00000000 0.10926937 1.00000000
0 0.14027742 1.00000000 0.14106527 0.99998513 0.14298389 0.99783692 0.14294980 0.99572502 0.14486841 0.99357680 0.14480023 0.98935354 0.14671885 0.98720533 0.14668477 0.98509397 0.14860339 0.98294576 0.14856930 0.98083440 0.15048841 0.97868563 0.15042024 0.97446291 0.15233885 0.97231416 0.15038615 0.97235101 0.14839886 0.97027652 0.14644616 0.97031337 0.14445937 0.96823887 0.14254075 0.97038708 0.14055397 0.96831257 0.14051988 0.96620121 0.13856668 0.96623808 0.13657989 0.96416357 0.13462719 0.96420042 0.12866632 0.95797638 0.12671362 0.95801323 0.12472682 0.95593818 0.12277362 0.95597505 0.12078683 0.95390054 0.11883413 0.95393740 0.11684684 0.95186290 0.11489414 0.95189975 0.11290735 0.94982525 0.11095465 0.94986210 0.10896786 0.94778760 0.10701466 0.94782446 0.10502787 0.94574941 0.10112196 0.94582313 0.09913517 0.94374862 0.09718247 0.94378548 0.09519568 0.94171097 0.09324298 0.94174783 0.09125569 0.93967279 0.08930298 0.93970964 0.08731620 0.93763514 0.08536299 0.93767200 0.08344438 0.93982022 0.08347847 0.94193212 0.08155985 0.94408033 0.08159394 0.94619169 0.07967533 0.94834044 0.07974349 0.95256316 0.07782488 0.95471138 0.07785896 0.95682274 0.07593985 0.95897150 0.07984576 0.95889778 0.08183255 0.96097229 0.08378525 0.96093543 0.08577203 0.96300994 0.08772524 0.96297308 0.08971203 0.96504812 0.09166473 0.96501127 0.09365202 0.96708576 0.09755743 0.96701206 0.09954422 0.96908656 0.10149692 0.96904971 0.10348420 0.97112420 0.10543691 0.97108735 0.10742369 0.97316186 0.11132960 0.97308814 0.11331639 0.97516318 0.11526910 0.97512633 0.11725588 0.97720084 0.11920909 0.97716398 0.12119587 0.97923848 0.12510178 0.97916476 0.12708857 0.98123981 0.12712266 0.98335117 0.12520404 0.98549938 0.12523813 0.98761074 0.12331901 0.98975896 0.12335310 0.99187086 0.12143448 0.99401908 0.12146857 0.99613044 0.11954996 0.99827919 0.11957774 1.00000000 0.12761250 1.00000000 0.12931397 0.99809491 0.13113850 1.00000000 0.14027742 1.00000000
0 0.06391635 0.94018877 0.06199774 0.94233753 0.06203182 0.94444889 0.06011271 0.94659711 0.06014680 0.94870901 0.05822818 0.95085722 0.06021497 0.95293173 0.06216817 0.95289487 0.06415496 0.95496937 0.06607358 0.95282116 0.06603949 0.95070980 0.06795811 0.94856159 0.06792402 0.94644969 0.06984263 0.94430147 0.06980855 0.94219011 0.07172766 0.94004135 0.07169358 0.93792999 0.07361219 0.93578177 0.07354402 0.93155906 0.06956994 0.92740951 0.06765132 0.92955773 0.06768542 0.93166963 0.06576680 0.93381784 0.06580088 0.93592920 0.06388227 0.93807741 0.06391635 0.94018877
0 0.18621422 0.65062983 0.18624831 0.65274173 0.18432969 0.65488994 0.18436378 0.65700130 0.18635058 0.65907635 0.19018780 0.65477938 0.19214100 0.65474252 0.19210692 0.65263116 0.19402553 0.65048240 0.19793143 0.65040869 0.19991823 0.65248373 0.20382363 0.65241003 0.20574224 0.65026127 0.20567407 0.64603855 0.20759319 0.64389033 0.20560591 0.64181583 0.20365320 0.64185269 0.20166641 0.63977764 0.19971370 0.63981449 0.19772692 0.63773999 0.19577371 0.63777685 0.19378693 0.63570235 0.19183423 0.63573920 0.19186831 0.63785056 0.18994919 0.63999878 0.18998328 0.64211068 0.18806467 0.64425890 0.18813284 0.64848162 0.18621422 0.65062983
0 0.79422341 0.76834473 0.78260871 0.77162255 0.78342679 0.79696048 0.74841224 0.80151518 0.75025293 0.85852554 0.78351917 0.86032375 0.78629008 0.88564326 0.88975585 0.88361082 0.89391988 0.77057214 0.79422341 0.76834473
