0 0.02924986 0.19363622 0.02913479 0.20022896 0.11493016 0.23195144 0.11578863 0.23192111 0.19707642 0.04388613 0.11977028 0.01303382 0.10948123 0.01285422 0.02924986 0.19363622
0 0.22493585 0.23876297 0.31515952 0.27516970 0.31524550 0.27516807 0.35506366 0.14985016 0.35532883 0.13465872 0.27145380 0.11100848 0.26950410 0.11097445 0.22493585 0.23876297
0 0.35550836 0.29940257 0.44554059 0.32869237 0.45080652 0.32863114 0.49785094 0.20625854 0.49796119 0.19994232 0.40974549 0.17124368 0.40480875 0.17115751 0.35550836 0.29940257
0 0.35416928 0.11155997 0.26559575 0.07336926 0.11040446 0.48424526 0.17051039 0.50887144 0.16284180 0.53628084 0.18812295 0.54868332 0.19462664 0.54879684 0.35395764 0.12368468 0.35416928 0.11155997
0 0.75353982 0.33936689 0.78092388 0.33421165 0.78107440 0.32261967 0.75366525 0.32970751 0.75353982 0.33936689
0 0.38913225 1.00000000 0.36640709 0.87255185 0.20525882 0.87653902 0.21735595 0.94463022 0.23952851 0.94250727 0.24574550 0.97243256 0.22357290 0.97455715 0.22670683 0.99634549 0.26451122 0.99977578 0.28189333 1.00000000 0.38913225 1.00000000
0 0.56875000 0.74130960 0.30909910 0.74328905 0.32499153 0.84232688 0.56220661 0.84208293 0.56844659 0.80452330 0.56875000 0.79167774 0.56875000 0.74130960
0 1.00000000 0.58332378 0.93467358 0.58221242 0.93435018 0.60027000 0.93263658 0.60188292 0.93231318 0.61994049 0.93059914 0.62155340 0.93027574 0.63961106 0.92856214 0.64122390 0.92823874 0.65928156 0.92652513 0.66089440 0.92623114 0.67731014 0.92451710 0.67892339 0.90598997 0.67860820 0.90581357 0.68845757 0.90409997 0.69007041 0.90383537 0.70484508 0.90212133 0.70645791 0.90182733 0.72287408 0.90011372 0.72448692 0.89984913 0.73926117 0.89813552 0.74087401 0.89787093 0.75564827 0.89615688 0.75726152 0.89586289 0.77367726 0.89414928 0.77529052 0.89388468 0.79006478 0.89217108 0.79167762 0.89187709 0.80809336 0.89016347 0.80970662 0.88989888 0.82448088 0.88818527 0.82609372 0.88789127 0.84250988 0.88617724 0.84412271 0.88591264 0.85889697 0.88419904 0.86050981 0.88390504 0.87692597 0.88219143 0.87853881 0.88192683 0.89331349 0.88021279 0.89492632 0.87991880 0.91134206 0.87820519 0.91295490 0.87794059 0.92772958 0.87622699 0.92934242 0.87593298 0.94575858 0.87421938 0.94737142 0.87395478 0.96214568 0.87224118 0.96375852 0.87194718 0.98017468 0.87023314 0.98178751 0.86996855 0.99656177 0.86825494 0.99817503 0.86822554 0.99981652 0.87901080 1.00000000 0.96257256 1.00000000 0.96272351 0.99157137 0.96443711 0.98995853 0.96476051 0.97190087 0.96647455 0.97028804 0.96679795 0.95223038 0.96851155 0.95061755 0.96883495 0.93255989 0.97054856 0.93094705 0.97087195 0.91288939 0.97258556 0.91127655 0.97276196 0.90142677 0.96434050 0.90128350 0.96268569 0.89961336 0.96280329 0.89304698 0.96451690 0.89143414 0.96454629 0.88979265 0.96625990 0.88817939 0.96794454 0.88820805 0.96959934 0.88987861 0.97296775 0.88993592 0.97468137 0.88832266 0.97494596 0.87354840 0.97666000 0.87193557 0.97698340 0.85387791 0.97869700 0.85226508 0.97902040 0.83420742 0.98073401 0.83259458 0.98105740 0.81453692 0.98277144 0.81292409 0.98309484 0.79486643 0.98480844 0.79325360 0.98510244 0.77683785 0.98681605 0.77522459 0.98713945 0.75716693 0.98885305 0.75555410 0.98917645 0.73749686 0.99089006 0.73588360 0.99121346 0.71782594 0.99292749 0.71621311 0.99325088 0.69815588 0.99496449 0.69654262 0.99528790 0.67848496 0.99700150 0.67687212 0.99732489 0.65881489 0.99903893 0.65720163 0.99936233 0.63914398 1.00000000 0.63854381 1.00000000 0.58332378
0 0.80105409 0.61113908 0.80099529 0.61442223 0.79756808 0.61764816 0.77567168 0.61727565 0.77552468 0.62548361 0.77381107 0.62709644 0.77363467 0.63694623 0.77192107 0.63855907 0.77174467 0.64840843 0.77003106 0.65002169 0.76985466 0.65987105 0.76814063 0.66148388 0.76796423 0.67133367 0.76625062 0.67294650 0.76607422 0.68279629 0.76436062 0.68440913 0.76421362 0.69261700 0.76249958 0.69423025 0.76232318 0.70407961 0.76060958 0.70569245 0.76043318 0.71554224 0.75871957 0.71715507 0.75854318 0.72700444 0.75682957 0.72861770 0.75665317 0.73846706 0.75493957 0.74007990 0.75476316 0.74992968 0.75304913 0.75154251 0.75287273 0.76139230 0.75115912 0.76300514 0.75101213 0.77121301 0.74929851 0.77282627 0.74912212 0.78267563 0.74740808 0.78428846 0.74723168 0.79413825 0.74551808 0.79575108 0.74534168 0.80560045 0.74362807 0.80721371 0.74345168 0.81706307 0.74173807 0.81867591 0.74159107 0.82688420 0.73987746 0.82849704 0.73970106 0.83834683 0.73798703 0.83995965 0.73781063 0.84980902 0.73609702 0.85142228 0.73592062 0.86127164 0.73420702 0.86288448 0.73403062 0.87273426 0.73231658 0.87434710 0.73214019 0.88419646 0.73042657 0.88580972 0.73025018 0.89565908 0.72853658 0.89727192 0.72836017 0.90712170 0.72664657 0.90873454 0.72644077 0.92022582 0.72472717 0.92183865 0.72452137 0.93332993 0.72280733 0.93494276 0.72260153 0.94643403 0.72088793 0.94804687 0.72065273 0.96117964 0.72402157 0.96123695 0.72567638 0.96290709 0.76104686 0.96350883 0.76270166 0.96517939 0.76264286 0.96846237 0.76429810 0.97013294 0.76420990 0.97505742 0.78273703 0.97537260 0.78439184 0.97704275 0.78430364 0.98196764 0.78595887 0.98363821 0.78764307 0.98366686 0.78929788 0.98533701 0.79266672 0.98539432 0.79432153 0.98706446 0.79768995 0.98712176 0.79934518 0.98879192 0.80271360 0.98884922 0.80436883 0.99051937 0.80442763 0.98723639 0.80614124 0.98562355 0.80631764 0.97577377 0.80803124 0.97416093 0.80817824 0.96595306 0.80989185 0.96433980 0.81006825 0.95449043 0.81178185 0.95287760 0.81195825 0.94302781 0.81367229 0.94141498 0.81384868 0.93156562 0.81556229 0.92995236 0.81570929 0.92174448 0.81742289 0.92013165 0.81759930 0.91028186 0.81931333 0.90866903 0.81948973 0.89881925 0.82120334 0.89720641 0.82137973 0.88735705 0.82309334 0.88574379 0.82324034 0.87753591 0.82495395 0.87592307 0.82513034 0.86607371 0.82684395 0.86446045 0.82702035 0.85461109 0.82873438 0.85299826 0.82888139 0.84478997 0.83059499 0.84317713 0.83077139 0.83332734 0.83248500 0.83171450 0.83266139 0.82186514 0.83437544 0.82025189 0.83455183 0.81040253 0.83626543 0.80878969 0.83641243 0.80058182 0.83812604 0.79896855 0.83830244 0.78911919 0.84001604 0.78750635 0.84019244 0.77765657 0.84190605 0.77604373 0.84205305 0.76783544 0.84376709 0.76622261 0.84394348 0.75637324 0.84565709 0.75475998 0.84580409 0.74655211 0.84751770 0.74493927 0.84769409 0.73508991 0.84940813 0.73347666 0.84955513 0.72526879 0.85126873 0.72365595 0.85144514 0.71380616 0.85315874 0.71219332 0.85333514 0.70234354 0.85504875 0.70073070 0.85519574 0.69252283 0.85690935 0.69090999 0.85708575 0.68106021 0.85879979 0.67944738 0.85894678 0.67123950 0.86066039 0.66962667 0.86083679 0.65977688 0.86255039 0.65816404 0.86269740 0.64995575 0.86441143 0.64834292 0.86458783 0.63849355 0.86630144 0.63688030 0.86644844 0.62867242 0.86816204 0.62705959 0.86833844 0.61721001 0.87005205 0.61559705 0.87019905 0.60738909 0.87191265 0.60577617 0.87208905 0.59592655 0.87380308 0.59431364 0.87397948 0.58446406 0.87569309 0.58285112 0.87572249 0.58120952 0.80666573 0.58003471 0.80657753 0.58495951 0.80486350 0.58657243 0.80465770 0.59806362 0.80294409 0.59967654 0.80276770 0.60952611 0.80105409 0.61113908
0 0.64492857 0.57968750 0.64488341 0.58220871 0.64316938 0.58382163 0.64305178 0.59038801 0.64133817 0.59200093 0.64124998 0.59692574 0.63953637 0.59853866 0.63941877 0.60510505 0.63770516 0.60671801 0.63758756 0.61328439 0.63587396 0.61489736 0.63575636 0.62146382 0.63404232 0.62307665 0.63395412 0.62800155 0.63224052 0.62961439 0.63212292 0.63618077 0.63040931 0.63779361 0.63029172 0.64435999 0.62857768 0.64597282 0.62848948 0.65089771 0.62677587 0.65251097 0.62665827 0.65907693 0.62494466 0.66069019 0.62482706 0.66725657 0.62311346 0.66886941 0.62299586 0.67543579 0.62128226 0.67704863 0.62119406 0.68197352 0.61948002 0.68358636 0.61936242 0.69015274 0.61764881 0.69176600 0.61753122 0.69833196 0.61581761 0.69994522 0.61572941 0.70487011 0.61401537 0.70648294 0.61389777 0.71304932 0.61218425 0.71466216 0.61206665 0.72122855 0.61035297 0.72284138 0.61026476 0.72776628 0.60855107 0.72937911 0.60843348 0.73594549 0.60671974 0.73755833 0.60660213 0.74412513 0.60488840 0.74573797 0.60477080 0.75230435 0.60305711 0.75391719 0.60296891 0.75884208 0.60125522 0.76045492 0.60113762 0.76702130 0.59942389 0.76863414 0.59930629 0.77520052 0.59759256 0.77681335 0.59750435 0.78173825 0.59579066 0.78335150 0.59567307 0.78991747 0.59395937 0.79153072 0.59384177 0.79809710 0.59212804 0.79970994 0.59203983 0.80463483 0.58861241 0.80786051 0.56875000 0.80752260 0.56875000 0.90276437 0.58353859 0.90301595 0.58519353 0.90468610 0.58687782 0.90471475 0.58853271 0.90638490 0.58838571 0.91459319 0.63217800 0.91533820 0.63383280 0.91700835 0.63380341 0.91864984 0.63208980 0.92026267 0.63197220 0.92682906 0.65723702 0.92725887 0.65732522 0.92233398 0.65903882 0.92072114 0.65912702 0.91579667 0.66084063 0.91418341 0.66095823 0.90761703 0.66267183 0.90600419 0.66278943 0.89943781 0.66450303 0.89782497 0.66459123 0.89290008 0.66630527 0.89128725 0.66642287 0.88472086 0.66813648 0.88310760 0.66825407 0.87654164 0.66996768 0.87492838 0.67008528 0.86836200 0.67179932 0.86674917 0.67188752 0.86182428 0.67360112 0.86021144 0.67371872 0.85364506 0.67543233 0.85203222 0.67554992 0.84546584 0.67726354 0.84385258 0.67738113 0.83728662 0.67909474 0.83567336 0.67918294 0.83074847 0.68089698 0.82913563 0.68101458 0.82256925 0.68272818 0.82095641 0.68284578 0.81439003 0.68455938 0.81277719 0.68464758 0.80785230 0.68636162 0.80623947 0.68647922 0.79967309 0.68819282 0.79806025 0.68831043 0.79149345 0.69002403 0.78988061 0.69011223 0.78495614 0.69182584 0.78334288 0.69194344 0.77677650 0.69365704 0.77516366 0.69377464 0.76859727 0.69548868 0.76698444 0.69560628 0.76041806 0.69731988 0.75880522 0.69740808 0.75388033 0.69912169 0.75226707 0.69923928 0.74570111 0.70095333 0.74408786 0.70107093 0.73752147 0.70278453 0.73590864 0.70290213 0.72934225 0.70461573 0.72772942 0.70470393 0.72280453 0.70641754 0.72119169 0.70653514 0.71462530 0.70824875 0.71301205 0.70836634 0.70644608 0.71008038 0.70483283 0.71016858 0.69990794 0.71188219 0.69829510 0.71199979 0.69172872 0.71371339 0.69011588 0.71383099 0.68354950 0.71554502 0.68193667 0.71566262 0.67537028 0.71737623 0.67375703 0.71746443 0.66883255 0.71917803 0.66721972 0.71929564 0.66065291 0.72100924 0.65904007 0.72112684 0.65247369 0.72284045 0.65086085 0.72295804 0.64429447 0.72467208 0.64268164 0.72476028 0.63775675 0.72647389 0.63614391 0.72659148 0.62957753 0.72830509 0.62796469 0.72842269 0.62139789 0.73013673 0.61978514 0.73022493 0.61486038 0.73193853 0.61324741 0.73205613 0.60668103 0.73376974 0.60506810 0.73388734 0.59850172 0.73560094 0.59688880 0.73571854 0.59032242 0.73743215 0.58870945 0.73752035 0.58378469 0.73923438 0.58217173 0.73927888 0.57968750 0.64492857 0.57968750
