0 0.18406807 0.30695206 0.23866449 0.28836443 0.19841400 0.17488563 0.14541986 0.19438220 0.18406807 0.30695206
0 0.21162616 0.39501693 0.26544299 0.37556348 0.23979250 0.29832304 0.18632058 0.31119490 0.21162616 0.39501693
0 0.23862024 0.47810249 0.29555540 0.46211230 0.26912532 0.38400605 0.21219016 0.39999624 0.23862024 0.47810249
0 0.25769142 0.17716727 0.26176529 0.19387994 0.22569940 0.20518913 0.31062267 0.45795219 0.36604179 0.43940767 0.27622194 0.16988883 0.25769142 0.17716727
0 0.55000000 0.40871307 0.62467910 0.39395515 0.61968750 0.36273393 0.55000000 0.37903108 0.55000000 0.40871307
0 0.55000000 0.39561424 0.55275539 0.40360105 0.56452674 0.40421796 0.66521624 0.38690297 0.66563762 0.37886244 0.65993812 0.36234308 0.55000000 0.38124822 0.55000000 0.39561424
0 0.61583098 0.31337696 0.64880557 0.43366913 0.65923033 0.43421547 0.67067673 0.43198647 0.67192740 0.40812235 0.64131034 0.30852724 0.61583098 0.31337696
0 0.34018900 1.00000000 0.34134001 0.98040845 0.29413943 0.97820182 0.29290258 0.99925459 0.30884712 1.00000000 0.34018900 1.00000000
0 0.39612531 1.00000000 0.39712310 0.98301632 0.37352254 0.98191299 0.37148962 0.97989894 0.34788906 0.97879561 0.34755173 0.98453736 0.34529394 0.98635082 0.34449205 1.00000000 0.39612531 1.00000000
0 0.40750412 0.95279549 0.40671703 0.96619275 0.40445870 0.96800618 0.40299698 0.99288647 0.48238063 0.99659766 0.48474188 0.95640636 0.40750412 0.95279549
0 0.53381401 1.00000000 0.53634615 0.95689985 0.51060023 0.95569623 0.51015047 0.96335174 0.51218339 0.96536579 0.51014862 1.00000000 0.53381401 1.00000000
0 0.40067518 0.73945223 0.39841736 0.74126618 0.39830493 0.74317994 0.40033785 0.74519399 0.39898856 0.76816052 0.39673078 0.76997398 0.38600345 0.76947247 0.38431683 0.79818075 0.38205904 0.79999421 0.37133172 0.79949271 0.37043219 0.81480373 0.38115952 0.81530523 0.38319241 0.81731977 0.38251778 0.82880279 0.38026000 0.83061625 0.37167802 0.83021505 0.36942020 0.83202899 0.36807095 0.85499503 0.36581258 0.85680896 0.35723061 0.85640775 0.35610622 0.87554628 0.35384840 0.87736023 0.33668445 0.87655781 0.33645959 0.88038532 0.33860494 0.88048561 0.34063787 0.88249967 0.34052543 0.88441342 0.33826761 0.88622737 0.33183155 0.88592648 0.33171911 0.88784024 0.32720296 0.89146762 0.32607856 0.91060615 0.32382078 0.91241961 0.31309345 0.91191810 0.31174416 0.93488464 0.33319882 0.93588764 0.33523171 0.93790218 0.33500685 0.94172969 0.42082657 0.94574178 0.42308436 0.94392832 0.42342169 0.93818656 0.42138877 0.93617251 0.42206342 0.92468900 0.41348145 0.92428779 0.41144853 0.92227374 0.41268538 0.90122097 0.41494317 0.89940751 0.42352514 0.89980872 0.42498686 0.87492843 0.42724468 0.87311448 0.42780688 0.86354522 0.42577395 0.86153117 0.42148324 0.86133058 0.41922545 0.86314404 0.41707955 0.86304372 0.41504663 0.86102967 0.41628348 0.83997689 0.41854127 0.83816343 0.42712324 0.83856464 0.43443187 0.71416273 0.42370454 0.71366123 0.42325478 0.72131674 0.42099699 0.72313020 0.41241502 0.72272899 0.41151549 0.73804001 0.40925770 0.73985347 0.40067518 0.73945223
0 0.55000000 0.64471921 0.54609199 0.64453651 0.52810150 0.95075689 0.53668348 0.95115810 0.55000000 0.72449432 0.55000000 0.64471921
0 0.43816991 0.76039670 0.44889724 0.76089820 0.45093016 0.76291226 0.45003064 0.77822327 0.44777285 0.78003673 0.43704552 0.77953523 0.42726319 0.94604269 0.52381024 0.95055627 0.52392268 0.94864252 0.52188975 0.94662847 0.52312660 0.92557570 0.51454463 0.92517449 0.51251174 0.92315995 0.51318637 0.91167693 0.51544416 0.90986347 0.52402613 0.91026468 0.52605007 0.87581464 0.52830786 0.87400118 0.52898252 0.86251767 0.52254645 0.86221678 0.52028809 0.86403071 0.51814273 0.86393041 0.51610984 0.86191587 0.51689690 0.84851909 0.51915472 0.84670515 0.52988204 0.84720665 0.53055667 0.83572363 0.52852375 0.83370958 0.53043526 0.80117330 0.52185329 0.80077209 0.51982037 0.79875804 0.52049500 0.78727502 0.52275281 0.78546107 0.53133479 0.78586228 0.53392090 0.74184346 0.52533892 0.74144226 0.52330603 0.73942772 0.52398066 0.72794470 0.52623845 0.72613124 0.52838380 0.72623153 0.53064217 0.72441761 0.53707824 0.72471850 0.53977681 0.67878544 0.52904948 0.67828393 0.52701656 0.67626988 0.52769119 0.66478686 0.52994901 0.66297291 0.53853098 0.66337412 0.53965537 0.64423560 0.49460015 0.64212926 0.49032740 0.71485684 0.48806906 0.71667028 0.44301384 0.71456394 0.44211432 0.72987496 0.43985653 0.73168842 0.43816991 0.76039670
0 0.45587755 0.67870165 0.45361976 0.68051511 0.44503779 0.68011390 0.44335117 0.70882218 0.46480638 0.70982522 0.46706416 0.70801176 0.47779149 0.70851326 0.48161448 0.64344119 0.47958156 0.64142714 0.47099959 0.64102593 0.47088716 0.64293968 0.46862937 0.64475314 0.46761738 0.66197841 0.46535959 0.66379187 0.45677707 0.66339063 0.45587755 0.67870165
0 0.55000000 0.56027731 0.53602078 0.55962378 0.53398787 0.55760963 0.53410031 0.55569573 0.53206684 0.55368151 0.49773895 0.55207667 0.49977242 0.55409090 0.49684896 0.60385171 0.49459062 0.60566514 0.48171794 0.60506334 0.48081842 0.62037436 0.48285131 0.62238890 0.48217668 0.63387192 0.55000000 0.63704267 0.55000000 0.56027731
0 0.98675692 1.00000000 0.98809269 0.97221087 0.96878314 0.97110754 0.96711986 0.96909300 0.96748783 0.96143798 0.77088264 0.95020415 0.77051467 0.95785917 0.76866692 0.95967310 0.76164575 0.95927191 0.76118578 0.96884118 0.75933805 0.97065461 0.69438823 0.96694344 0.69272493 0.96492939 0.69318491 0.95536013 0.67212006 0.95415650 0.67045634 0.95214194 0.67082430 0.94448692 0.57252193 0.93887001 0.56697977 0.94431037 0.56688778 0.94622413 0.55949815 0.95347892 0.55940617 0.95539267 0.55201656 0.96264697 0.55192457 0.96456073 0.55000000 0.96645006 0.55000000 0.98556136 0.80269311 1.00000000 0.98675692 1.00000000
0 0.66562793 0.83287998 0.65639105 0.84194774 0.65629906 0.84386150 0.64890943 0.85111629 0.64881744 0.85303004 0.63958056 0.86209780 0.63948857 0.86401156 0.63025124 0.87307930 0.63015922 0.87499354 0.62461735 0.88043441 0.64919278 0.88183862 0.65085608 0.88385267 0.65021209 0.89724994 0.64836481 0.89906340 0.64134320 0.89866219 0.64088322 0.90823145 0.63903594 0.91004491 0.63025858 0.90954338 0.62979860 0.91911265 0.62795130 0.92092660 0.62619601 0.92082630 0.62453273 0.91881176 0.62277744 0.91871147 0.62250144 0.92445322 0.66112009 0.92665985 0.66278337 0.92867439 0.88571973 0.94141276 0.88627172 0.92992925 0.88811900 0.92811579 0.89338532 0.92841670 0.89384533 0.91884695 0.89569261 0.91703349 0.90271422 0.91743470 0.90280621 0.91552095 0.90465394 0.91370751 0.90483795 0.90987951 0.90668523 0.90806605 0.91195110 0.90836694 0.91241108 0.89879767 0.91425881 0.89698424 0.94761159 0.89888999 0.94927489 0.90090404 0.94863091 0.91430130 0.94678362 0.91611476 0.93800627 0.91561323 0.93754630 0.92518250 0.93569901 0.92699595 0.92867740 0.92659475 0.92821742 0.93616401 0.92637011 0.93797796 0.92110379 0.93767705 0.92091981 0.94150456 0.98938066 0.94541635 0.99536044 0.82101444 0.88652520 0.81479570 0.88615722 0.82245120 0.88430993 0.82426466 0.84569083 0.82205800 0.84523083 0.83162776 0.84338355 0.83344122 0.81178651 0.83163580 0.81012321 0.82962175 0.81039921 0.82387999 0.81224651 0.82206604 0.81233850 0.82015229 0.78776263 0.81874804 0.78609933 0.81673399 0.78655931 0.80716473 0.69176730 0.80174840 0.68253041 0.81081617 0.68243842 0.81272992 0.67504882 0.81998422 0.67495681 0.82189847 0.66571992 0.83096623 0.66562793 0.83287998
0 1.00000000 0.68885941 0.96308912 0.68675036 0.96272113 0.69440587 0.96438443 0.69641992 0.96253715 0.69823338 0.92742908 0.69622734 0.92576578 0.69421329 0.92622575 0.68464402 0.90516091 0.68344040 0.90349761 0.68142635 0.90386562 0.67377035 0.90220232 0.67175630 0.80741031 0.66633997 0.80731832 0.66825373 0.79992870 0.67550852 0.79983670 0.67742227 0.79059982 0.68649003 0.79050783 0.68840379 0.78311823 0.69565809 0.78302624 0.69757185 0.77563661 0.70482664 0.77554462 0.70674039 0.76815502 0.71399469 0.76806303 0.71590845 0.75882615 0.72497621 0.75873416 0.72688996 0.75134408 0.73414473 0.75125209 0.73605848 0.74386294 0.74331281 0.74377095 0.74522657 0.75781418 0.74602898 0.75947748 0.74804303 0.76474335 0.74834392 0.76640708 0.75035849 0.76585511 0.76184151 0.76400738 0.76365494 0.75698621 0.76325376 0.75652623 0.77282302 0.75467848 0.77463695 0.74765686 0.77423574 0.74719689 0.78380500 0.74534960 0.78561846 0.73832799 0.78521725 0.73814399 0.78904525 0.99618841 0.80378966 1.00000000 0.72449432 1.00000000 0.68885941
0 1.00000000 0.53532859 0.92656389 0.53113253 0.91917429 0.53838683 0.91908229 0.54030068 0.90799812 0.55118214 0.90790612 0.55309605 0.89866878 0.56216388 0.89857678 0.56407773 0.88933988 0.57314588 0.88924789 0.57505964 0.87816373 0.58594086 0.87807171 0.58785510 0.86883438 0.59692284 0.86874239 0.59883659 0.85950550 0.60790435 0.85941352 0.60981811 0.88223365 0.61112203 0.88389692 0.61313657 0.88334495 0.62461959 0.87965037 0.62824700 0.87438405 0.62794608 0.87392407 0.63751535 0.87207678 0.63932881 0.86681046 0.63902790 0.86496318 0.64084135 0.86320789 0.64074106 0.86283988 0.64839706 0.86099260 0.65021052 0.85397053 0.64980928 0.85378655 0.65363679 0.85554229 0.65373712 0.85720559 0.65575117 1.00000000 0.66391030 1.00000000 0.53532859
