0 0.24380508 0.24277387 0.27672148 0.29013187 0.37470976 0.22016162 0.34136129 0.17459437 0.24380508 0.24277387
0 0.16674773 0.29353837 0.20028152 0.33990834 0.26745956 0.29396115 0.24034748 0.24610862 0.16674773 0.29353837
0 0.09432134 0.34238823 0.12538556 0.39271034 0.19318100 0.34577511 0.16211678 0.29545301 0.09432134 0.34238823
0 0.38885558 0.27777164 0.37391324 0.28629433 0.35310104 0.25474281 0.13353762 0.40604724 0.16663933 0.45420796 0.40095977 0.29357812 0.38885558 0.27777164
0 0.83342528 0.39654976 0.82186982 0.30621280 0.81550955 0.30429920 0.81347102 0.29546935 0.78278261 0.30170884 0.78568528 0.30695718 0.72332042 0.31881875 0.72418559 0.32622849 0.71813453 0.32931648 0.71572536 0.31888122 0.60229505 0.33661369 0.60272815 0.34581418 0.56327132 0.35069601 0.56734941 0.37934693 0.57877272 0.37755515 0.58470299 0.40324196 0.59686757 0.40466104 0.59952453 0.42349408 0.72894767 0.40545136 0.72709343 0.38643300 0.73129231 0.38630911 0.73783997 0.41100789 0.83342528 0.39654976
0 0.56114555 0.07048156 0.61171646 0.05880634 0.60238899 0.02206686 0.55342350 0.03337144 0.56114555 0.07048156
0 0.79913162 0.14912677 0.79301603 0.12263725 0.73238049 0.13832706 0.73695208 0.16179106 0.79913162 0.14912677
0 0.23432071 0.62908707 0.19297281 0.61986204 0.18590479 0.64833195 0.22569422 0.65794727 0.23432071 0.62908707
0 0.16241130 0.61505474 0.10524294 0.60089037 0.09937392 0.62728115 0.15498348 0.64183420 0.16241130 0.61505474
0 0.23229421 0.75063373 0.22211138 0.80302417 0.24416390 0.80640120 0.25434706 0.75401234 0.23229421 0.75063373
0 0.09937180 0.60414118 0.06113937 0.59413596 0.05454929 0.61714621 0.09434019 0.62676115 0.09937180 0.60414118
