0 0.69645156 0.38022813 0.68124219 0.43979688 0.74841563 0.44740156 0.76235781 0.38910000 0.69645156 0.38022813
0 0.55956875 0.43726250 0.56463906 0.38149531 0.48986094 0.37515781 0.49239531 0.43472813 0.55956875 0.43726250
0 0.46704688 0.42712344 0.46324531 0.37515781 0.39607031 0.37135625 0.40367500 0.43092500 0.46704688 0.42712344
0 0.42775625 0.46134375 0.42268750 0.51837813 0.49366250 0.52344687 0.49619844 0.46768125 0.42775625 0.46134375
0 0.51520937 0.46387813 0.50633750 0.52091250 0.57984844 0.52851719 0.58365000 0.47148281 0.51520937 0.46387813
0 0.65462656 0.47401719 0.64828906 0.52217969 0.71546250 0.53231875 0.71926563 0.48162187 0.65462656 0.47401719
0 0.70152031 0.55133125 0.69898594 0.61216719 0.77249688 0.61723750 0.77376406 0.55386563 0.70152031 0.55133125
0 0.66223125 0.55386563 0.59378906 0.55006406 0.59125469 0.61090000 0.66096250 0.61216719 0.66223125 0.55386563
0 0.54182500 0.55133125 0.48098906 0.54499375 0.47338438 0.60202813 0.53675469 0.60836563 0.54182500 0.55133125
0 0.45183750 0.54372656 0.38846719 0.53992344 0.38593125 0.60329531 0.45437187 0.60456250 0.45183750 0.54372656
0 0.48225625 0.63117813 0.47591875 0.68441094 0.61026563 0.69328281 0.61533594 0.63751563 0.48225625 0.63117813
0 0.64321875 0.99619844 0.64195156 0.82002500 0.60519688 0.81495625 0.60519688 0.99873281 0.64321875 0.99619844
0 0.73193906 1.00000000 0.72813750 0.80608437 0.69138125 0.80608437 0.69391563 1.00000000 0.73193906 1.00000000
0 0.81812344 0.99619844 0.81685625 0.79467656 0.78643906 0.79214219 0.78643906 0.85297812 0.78390312 0.99366250 0.81812344 0.99619844
