0 0.69645120 0.38022814 0.68124208 0.43979721 0.74841571 0.44740177 0.76235741 0.38910013 0.69645120 0.38022814
0 0.55956907 0.43726236 0.56463879 0.38149556 0.48986058 0.37515843 0.49239544 0.43472750 0.55956907 0.43726236
0 0.46704689 0.42712294 0.46324461 0.37515843 0.39607098 0.37135615 0.40367554 0.43092522 0.46704689 0.42712294
0 0.42775665 0.46134347 0.42268694 0.51837769 0.49366286 0.52344740 0.49619772 0.46768061 0.42775665 0.46134347
0 0.51520913 0.46387833 0.50633714 0.52091255 0.57984791 0.52851711 0.58365019 0.47148289 0.51520913 0.46387833
0 0.65462611 0.47401774 0.64828897 0.52217998 0.71546261 0.53231939 0.71926489 0.48162231 0.65462611 0.47401774
0 0.70152091 0.55133080 0.69898606 0.61216730 0.77249683 0.61723701 0.77376426 0.55386565 0.70152091 0.55133080
0 0.66223067 0.55386565 0.59378961 0.55006337 0.59125475 0.61089987 0.66096325 0.61216730 0.66223067 0.55386565
0 0.54182509 0.55133080 0.48098859 0.54499366 0.47338403 0.60202788 0.53675539 0.60836502 0.54182509 0.55133080
0 0.45183777 0.54372623 0.38846641 0.53992395 0.38593156 0.60329531 0.45437263 0.60456274 0.45183777 0.54372623
0 0.48225602 0.63117871 0.47591888 0.68441064 0.61026616 0.69328264 0.61533587 0.63751584 0.48225602 0.63117871
0 0.64321926 0.99619772 0.64195184 0.82002535 0.60519645 0.81495564 0.60519645 0.99873257 0.64321926 0.99619772
0 0.73193916 1.00000000 0.72813688 0.80608365 0.69138150 0.80608365 0.69391635 1.00000000 0.73193916 1.00000000
0 0.81812421 0.99619772 0.81685678 0.79467681 0.78643853 0.79214195 0.78643853 0.85297845 0.78390368 0.99366286 0.81812421 0.99619772
