0 0.32968750 0.52968750 0.32968750 0.32396673 0.16106531 0.00924303 0.14797647 0.01202515 0.00000000 0.08342403 0.00000000 0.20562772 0.17836958 0.52968750 0.32968750 0.52968750
0 0.64042247 0.30143691 0.68547336 0.32455560 0.69672873 0.31544595 0.64949117 0.29269285 0.64042247 0.30143691
0 0.55398186 0.29429501 0.58936296 0.31542830 0.63656937 0.27861762 0.59900204 0.25785154 0.55398186 0.29429501
0 0.75179125 0.10402900 0.76588655 0.08000065 0.75310114 0.07492730 0.75779986 0.06691893 0.74766333 0.06320629 0.75236162 0.05519630 0.73785467 0.05221774 0.70999194 0.09299852 0.75179125 0.10402900
0 0.85650814 0.10268593 0.85008788 0.11278909 0.86287330 0.11786244 0.89213174 0.08226244 0.86920979 0.07347646 0.84637160 0.09897330 0.85650814 0.10268593
0 0.79011839 0.05968493 0.85404665 0.08504811 0.86046691 0.07494495 0.79653660 0.04958212 0.79011839 0.05968493
0 0.50536255 0.03711601 0.52522398 0.01753437 0.49899739 0.02193950 0.48992664 0.03068390 0.50536255 0.03711601
0 0.71015066 0.01715892 0.76175863 0.03917794 0.76864315 0.03080074 0.71484938 0.00915055 0.71015066 0.01715892
0 0.34383251 0.19240670 0.39289727 0.16250473 0.37732293 0.14707109 0.33044440 0.17660585 0.34383251 0.19240670
0 0.00000000 0.78955967 0.01243821 0.87303676 0.09179935 0.84897284 0.09279123 0.84679400 0.09198794 0.84140285 0.09297982 0.83922401 0.09217653 0.83383286 0.09316840 0.83165402 0.09236512 0.82626287 0.09335732 0.82408393 0.09255403 0.81869278 0.09354591 0.81651394 0.09274262 0.81112279 0.09373450 0.80894395 0.09293121 0.80355280 0.09392341 0.80137386 0.09312012 0.79598271 0.09411200 0.79380387 0.09357645 0.79020962 0.09456833 0.78803078 0.10590554 0.78459310 0.10563780 0.78279621 0.10662968 0.78061737 0.10609413 0.77702312 0.10708633 0.77484418 0.10628304 0.76945303 0.10727492 0.76727419 0.10673944 0.76368040 0.10773125 0.76150110 0.10719577 0.75790730 0.10818790 0.75572790 0.10738468 0.75033721 0.10837656 0.74815838 0.10784101 0.74456412 0.10883289 0.74238528 0.10802960 0.73699413 0.10902148 0.73481529 0.10848593 0.73122104 0.10947781 0.72904220 0.10867452 0.72365105 0.10966672 0.72147211 0.10913124 0.71787832 0.11012305 0.71569902 0.10958757 0.71210522 0.11057938 0.70992593 0.10977616 0.70453523 0.11076836 0.70235630 0.11023281 0.69876204 0.11122469 0.69658321 0.11042140 0.69119206 0.11141328 0.68901322 0.11087773 0.68541896 0.11186961 0.68324012 0.11133406 0.67964587 0.11232593 0.67746703 0.11152271 0.67207634 0.11251485 0.66989694 0.11197937 0.66630315 0.11297118 0.66412385 0.11216796 0.65873316 0.11315983 0.65655432 0.11262429 0.65296007 0.11361649 0.65078113 0.11281320 0.64538998 0.11380508 0.64321114 0.11326953 0.63961688 0.11426140 0.63743805 0.11372586 0.63384379 0.11471774 0.63166495 0.11391452 0.62627426 0.11490633 0.62409496 0.11437084 0.62050117 0.11536298 0.61832177 0.11455976 0.61293108 0.11555163 0.61075224 0.11501608 0.60715799 0.11600796 0.60497915 0.11520468 0.59958800 0.11619688 0.59740906 0.11566133 0.59381481 0.11665320 0.59163597 0.11611766 0.58804172 0.11710955 0.58586297 0.11630628 0.58047196 0.11729814 0.57829298 0.11676263 0.57469900 0.11775449 0.57252002 0.11695122 0.56712901 0.11569160 0.56751095 0.11416422 0.56609586 0.11038504 0.56724179 0.10885766 0.56582669 0.10381886 0.56735456 0.10229149 0.56593951 0.09851231 0.56708544 0.09698494 0.56567039 0.09320576 0.56681631 0.09167838 0.56540122 0.08789920 0.56654715 0.08637182 0.56513205 0.08133303 0.56665992 0.07980565 0.56524487 0.07602648 0.56639080 0.07449878 0.56497585 0.07071992 0.56612168 0.06919255 0.56470658 0.06415343 0.56623455 0.06262605 0.56481946 0.05884719 0.56596528 0.05731949 0.56455033 0.05354032 0.56569626 0.05201294 0.56428121 0.04823409 0.56542704 0.04670638 0.56401204 0.04166759 0.56553991 0.04014021 0.56412484 0.03636103 0.56527077 0.03483366 0.56385570 0.01719803 0.56920318 0.01422212 0.57574016 0.01448988 0.57753715 0.01250583 0.58189516 0.00000000 0.58568718 0.00000000 0.78955967
0 0.32968750 0.65705884 0.34762824 0.65438322 0.34964510 0.65220435 0.34910059 0.65040699 0.35313418 0.64604927 0.35258982 0.64425238 0.35662353 0.63989416 0.35607917 0.63809727 0.36011235 0.63373913 0.35956799 0.63194223 0.36360197 0.62758445 0.36305761 0.62578756 0.36507413 0.62360826 0.36452977 0.62181136 0.36856296 0.61745322 0.36801862 0.61565642 0.37205255 0.61129846 0.37150815 0.60950142 0.37554206 0.60514342 0.37499766 0.60334643 0.37701429 0.60116745 0.37646988 0.59937042 0.38050315 0.59501255 0.37995875 0.59321552 0.38197537 0.59103654 0.38143098 0.58923955 0.38344827 0.58706052 0.37064248 0.58897033 0.36753640 0.58755534 0.36699199 0.58575830 0.36900928 0.58357927 0.36846489 0.58178228 0.37048151 0.57960331 0.36993711 0.57780627 0.37195374 0.57562734 0.39244326 0.57257161 0.39189887 0.57077462 0.39593212 0.56641669 0.39538772 0.56461968 0.32968750 0.57441797 0.32968750 0.65705884
