0 0.00000000 0.46875000 0.14197007 0.46875000 0.17762930 0.31550679 0.18157513 0.29393808 0.00000000 0.26425348 0.00000000 0.46875000
0 0.44883467 0.08937055 0.46403804 0.04356896 0.45585768 0.03368768 0.36294790 0.02293149 0.35469291 0.05101209 0.32794928 0.05128821 0.32901793 0.08018543 0.42969741 0.09162214 0.44883467 0.08937055
0 0.15964791 0.76041060 0.15919599 0.76921736 0.15317679 0.76792158 0.15272495 0.77672670 0.15874415 0.77802247 0.15829231 0.78682758 0.16431151 0.78812336 0.16340774 0.80573524 0.17028625 0.80721600 0.17363010 0.74205354 0.16675159 0.74057278 0.16566711 0.76170637 0.15964791 0.76041060
0 0.15019216 0.79220674 0.14159342 0.79035566 0.14087046 0.80444417 0.14946920 0.80629525 0.15019216 0.79220674
0 0.12656572 0.74438649 0.12701756 0.73558138 0.12013905 0.73410061 0.11968721 0.74290573 0.12398618 0.74383118 0.12172681 0.78786004 0.11742784 0.78693459 0.11697600 0.79573970 0.12471463 0.79740563 0.12516647 0.78860051 0.12946543 0.78952597 0.12982695 0.78248089 0.13326661 0.78322135 0.13362813 0.77617627 0.13792710 0.77710173 0.13865006 0.76301322 0.13435110 0.76208776 0.13471262 0.75504268 0.13127296 0.75430221 0.13172480 0.74549710 0.12656572 0.74438649
0 0.13395061 0.85459266 0.12191302 0.85200128 0.12137078 0.86256808 0.13340837 0.86515945 0.13395061 0.85459266
0 0.41773234 0.95001107 0.41380106 0.97684069 0.54039938 0.98638509 0.55219330 0.90589570 0.42559498 0.89635130 0.42045399 0.93143676 0.44059470 0.93295519 0.44316935 0.93523579 0.44105247 0.94968271 0.43787305 0.95152950 0.41773234 0.95001107
0 0.55250399 0.94347866 0.54675830 0.98269098 0.61005747 0.98746318 0.61035985 0.98539949 0.61353927 0.98355269 0.67108363 0.98789103 0.67803903 0.94042287 0.68121845 0.93857608 0.69848139 0.93987756 0.70362231 0.90479263 0.62593798 0.89893591 0.62336333 0.89665531 0.62366580 0.89459109 0.56036663 0.88981889 0.55522564 0.92490435 0.57536635 0.92642278 0.57794100 0.92870338 0.57582412 0.94315030 0.57264470 0.94499709 0.55250399 0.94347866
0 0.45828977 0.83204416 0.45253570 0.83161036 0.44437068 0.88733382 0.52493278 0.89340750 0.52765443 0.87483319 0.53083385 0.87298639 0.61427298 0.87927697 0.61457545 0.87721275 0.61775561 0.87536601 0.62229174 0.84440847 0.61971636 0.84212782 0.61108526 0.84147711 0.60851062 0.83919651 0.60941786 0.83300490 0.61259728 0.83115811 0.62122838 0.83180882 0.62757900 0.78846805 0.62182494 0.78803424 0.61925029 0.78575364 0.61985507 0.78162625 0.62303449 0.77977946 0.63166633 0.78043023 0.63710970 0.74328107 0.47023070 0.73069986 0.46705128 0.73254665 0.45404773 0.82129135 0.45980179 0.82172516 0.46237717 0.82400581 0.46146993 0.83019743 0.45828977 0.83204416
0 0.25937500 0.81913476 0.26233686 0.81935806 0.27745729 0.71616644 0.26019398 0.71486493 0.25937500 0.72045419 0.25937500 0.81913476
0 0.45251829 0.75231752 0.45614718 0.72755160 0.28926855 0.71497041 0.27384573 0.82022573 0.38605704 0.82868548 0.38863169 0.83096607 0.44329901 0.83508751 0.45509294 0.75459812 0.45251829 0.75231752
0 0.70891934 0.88849897 0.72948307 0.74815872 0.72690776 0.74587754 0.72115370 0.74544373 0.71797420 0.74729105 0.64316616 0.74165118 0.64165414 0.75197019 0.64422952 0.75425084 0.62548020 0.88220839 0.70891934 0.88849897
0 0.62300812 0.66083939 0.61982862 0.66268671 0.59968791 0.66116827 0.59031332 0.72514652 0.73417459 0.73599240 0.74566605 0.65756723 0.71113943 0.65496423 0.70856478 0.65268363 0.71733467 0.59283224 0.72051409 0.59098545 0.72339112 0.59120235 0.72596577 0.59348295 0.75186128 0.59543525 0.75504071 0.59358845 0.75625033 0.58533315 0.75367569 0.58305255 0.75609495 0.56654193 0.61223369 0.55569605 0.60043985 0.63618492 0.61770352 0.63748645 0.62027809 0.63976757 0.62315512 0.63998448 0.62572977 0.64226507 0.62300812 0.66083939
0 0.46641997 0.61773502 0.46899535 0.62001568 0.46476168 0.64890899 0.46158145 0.65075626 0.43568667 0.64880402 0.43250725 0.65065081 0.42963022 0.65043391 0.42055802 0.71234846 0.55578745 0.72254357 0.55896687 0.72069678 0.56184390 0.72091368 0.58664138 0.55167959 0.44278085 0.54083377 0.43733747 0.57798292 0.43991212 0.58026352 0.43446874 0.61741268 0.44597761 0.61828034 0.44915703 0.61643355 0.46641997 0.61773502
0 0.29984417 0.60308964 0.29666452 0.60493695 0.28515565 0.60406929 0.28364363 0.61438829 0.28621842 0.61666890 0.28379916 0.63317952 0.28061959 0.63502630 0.27198790 0.63437554 0.26261324 0.69835432 0.26836768 0.69878815 0.27094254 0.70106877 0.39178547 0.71017926 0.40206730 0.64000940 0.39343546 0.63935864 0.39086089 0.63707751 0.39297769 0.62263112 0.39615719 0.62078380 0.40478903 0.62143456 0.41718773 0.53681778 0.32223972 0.52965954 0.31709881 0.56474446 0.31391916 0.56659177 0.31104191 0.56637485 0.30786226 0.56822163 0.30498508 0.56800472 0.29984417 0.60308964
0 0.62788251 0.46875000 0.62025171 0.52082750 0.64039243 0.52234593 0.64296699 0.52462706 0.64175736 0.53288237 0.76260088 0.54199291 0.77197554 0.47801413 0.64909475 0.46875000 0.62788251 0.46875000
0 0.45334312 0.46875000 0.44610728 0.51813207 0.44868193 0.52041267 0.53499809 0.52692015 0.53817825 0.52507341 0.58996781 0.52897789 0.59879286 0.46875000 0.45334312 0.46875000
0 0.34861867 0.46875000 0.34857524 0.46904638 0.34539558 0.47089326 0.33676397 0.47024251 0.33132059 0.50739167 0.32814094 0.50923844 0.31950933 0.50858769 0.31860216 0.51477878 0.42505941 0.52280472 0.42823883 0.52095793 0.43588873 0.46875000 0.34861867 0.46875000
