0 0.00000000 0.72968750 0.12820255 0.72968750 0.18999642 0.32009857 0.03089178 0.27863757 0.00000000 0.51647287 0.00000000 0.72968750
0 0.11361899 0.71837495 0.12316964 0.65507028 0.08926980 0.64596284 0.08397338 0.71226552 0.11361899 0.71837495
0 0.05132841 0.67353300 0.05876803 0.63326391 0.02460234 0.62296726 0.02128234 0.63755889 0.01154527 0.70209919 0.04381616 0.70874965 0.05132841 0.67353300
0 0.37967914 0.58915913 0.36759265 0.58666832 0.36179175 0.58599485 0.36129407 0.58838484 0.35416799 0.63561868 0.37967914 0.63963479 0.37967914 0.58915913
0 0.99322118 0.17584852 0.96267634 0.16951308 0.95202388 0.22657913 0.88146932 0.20700623 0.87680178 0.23814415 0.97586389 0.26363225 0.99322118 0.17584852
0 0.63639260 0.16111260 0.65471951 0.16491387 0.67123632 0.05472750 0.65494637 0.05134872 0.63639260 0.16111260
0 0.75113612 0.09599879 0.73484426 0.09261962 0.73304908 0.10459557 0.71879610 0.10163929 0.70946035 0.16391962 0.72371333 0.16687590 0.72084098 0.18603787 0.73509587 0.18899454 0.73940457 0.16025046 0.72514968 0.15729379 0.73017639 0.12375978 0.74682741 0.12474286 0.75113612 0.09599879
0 0.14993406 0.75366832 0.14017733 0.76435046 0.17464559 0.81032556 0.18471238 0.80208722 0.19152426 0.77493215 0.16619580 0.74036023 0.14993406 0.75366832
0 0.22209126 0.72968750 0.21026174 0.74071511 0.20468692 0.75067247 0.21460110 0.76144193 0.23310803 0.74225012 0.22212422 0.72968750 0.22209126 0.72968750
0 0.19679382 0.80299038 0.20802458 0.81403116 0.23520381 0.78234712 0.22164834 0.75972103 0.20476645 0.76814150 0.19679382 0.80299038
0 0.65583711 0.81260806 0.43503376 0.80573346 0.42339047 0.81708031 0.72448700 0.82811184 0.72897135 0.81648995 0.65583711 0.81260806
0 0.53061305 0.78796151 0.43909152 0.78551760 0.42941376 0.79747607 0.77304321 0.81067774 0.78075542 0.79810766 0.53061305 0.78796151
