0 0.50000000 0.30937500 0.50000000 0.00000000 0.31918292 0.00000000 0.31389340 0.09898364 0.31756579 0.30937500 0.50000000 0.30937500
0 0.43540379 0.30937500 0.43596362 0.28825236 0.39276083 0.28614197 0.39104453 0.30937500 0.43540379 0.30937500
0 0.31287758 0.30937500 0.31185057 0.25053769 0.23972962 0.25453292 0.24215408 0.30937500 0.31287758 0.30937500
0 0.72175565 0.00000000 0.72644477 0.01930637 0.78831854 0.01144408 0.78807043 0.00698835 0.77497182 0.00745140 0.77407152 0.00000000 0.72175565 0.00000000
0 0.72975550 0.06071740 0.78645571 0.05360957 0.78163983 0.02677860 0.72365750 0.03322120 0.72975550 0.06071740
0 0.90282574 0.00000000 0.90438235 0.01104342 0.87504611 0.01531075 0.87571204 0.02552881 0.92596337 0.02042134 0.92366363 0.00000000 0.90282574 0.00000000
0 0.92911204 0.04467008 0.92563584 0.02538250 0.87637390 0.03372319 0.88013170 0.05571409 0.92911204 0.04467008
0 0.94878815 0.13024128 0.94116746 0.07173412 0.89723729 0.07764077 0.90668968 0.12326556 0.93371688 0.11930577 0.93551472 0.13152156 0.94878815 0.13024128
0 0.50000000 0.90498588 0.44656829 0.90627411 0.44673872 0.91976065 0.44481961 0.92250491 0.39795174 0.92363489 0.39808809 0.93442426 0.39616947 0.93716851 0.36297153 0.93796891 0.36098474 0.93531882 0.36084840 0.92452944 0.33546126 0.92514152 0.33347448 0.92249143 0.33330405 0.90900489 0.15169121 0.91338354 0.14977259 0.91612779 0.11266874 0.91702236 0.11280509 0.92781173 0.11088647 0.93055598 0.06792402 0.93159179 0.06806037 0.94238117 0.06614175 0.94512542 0.03099085 0.94597290 0.02900391 0.94332281 0.02886757 0.93253344 0.00348083 0.93314551 0.00432569 1.00000000 0.14027737 1.00000000 0.50000000 0.99132716 0.50000000 0.90498588
0 0.50000000 0.80624187 0.49910000 0.73502302 0.48152467 0.73544676 0.47953739 0.73279668 0.47940104 0.72200731 0.45596711 0.72257230 0.45398031 0.71992152 0.45391215 0.71452717 0.45192536 0.71187708 0.45185718 0.70648205 0.26243304 0.71104903 0.26051393 0.71379398 0.23317459 0.71445313 0.23327684 0.72254464 0.23526363 0.72519473 0.23334502 0.72793967 0.18842986 0.72902257 0.18860030 0.74250911 0.18668167 0.74525336 0.16910635 0.74567710 0.16711907 0.74302702 0.15149645 0.74340368 0.14950966 0.74075359 0.14944148 0.73535855 0.14745470 0.73270846 0.14738652 0.72731343 0.14348061 0.72740760 0.14156200 0.73015254 0.12398668 0.73057628 0.12199988 0.72792550 0.12182945 0.71443896 0.01442371 0.71702849 0.01445781 0.71972635 0.00678283 0.73070336 0.00681693 0.73340122 0.00106068 0.74163467 0.00300362 0.89538305 0.06158870 0.89397057 0.06357549 0.89662066 0.24128242 0.89233619 0.24118015 0.88424398 0.23919337 0.88159389 0.23915928 0.87889672 0.24107789 0.87615178 0.24888970 0.87596344 0.24871927 0.86247690 0.25063789 0.85973265 0.25844920 0.85954432 0.25827877 0.84605778 0.26019738 0.84331353 0.26800870 0.84312520 0.26790643 0.83503300 0.26591964 0.83238222 0.26588555 0.82968504 0.26780417 0.82694080 0.30490802 0.82604623 0.30689481 0.82869632 0.30497619 0.83144057 0.30518071 0.84762497 0.30326160 0.85036923 0.29935619 0.85046339 0.29949254 0.86125277 0.29565531 0.86674196 0.28784350 0.86693030 0.28801393 0.88041684 0.28609531 0.88316109 0.27828400 0.88334942 0.27838627 0.89144162 0.33111273 0.89017040 0.33303135 0.88742615 0.50000000 0.88340056 0.50000000 0.80624187
0 0.10816930 0.56097308 0.10820338 0.56367025 0.09860980 0.57739220 0.09864389 0.58009006 0.08905031 0.59381201 0.08908440 0.59650918 0.07949032 0.61023183 0.07952441 0.61292900 0.06993083 0.62665095 0.06996491 0.62934813 0.06612718 0.63483733 0.09346702 0.63417817 0.09545381 0.63682826 0.09565833 0.65301266 0.09373971 0.65575691 0.08592840 0.65594524 0.08609883 0.66943179 0.08418022 0.67217603 0.07636891 0.67236437 0.07650525 0.68315374 0.07458663 0.68589798 0.07263343 0.68594508 0.07071482 0.68869002 0.06876212 0.68873710 0.06883029 0.69413144 0.35980147 0.68711618 0.35963103 0.67362964 0.36154965 0.67088539 0.36936096 0.67069706 0.36922462 0.65990768 0.37114373 0.65716273 0.37700183 0.65702149 0.37683140 0.64353495 0.37875002 0.64079070 0.38656183 0.64060236 0.38639140 0.62711582 0.38831002 0.62437157 0.42541337 0.62347702 0.42740065 0.62612709 0.42750291 0.63421860 0.42558380 0.63696356 0.42568606 0.64505576 0.42376744 0.64780001 0.41790933 0.64794125 0.41807976 0.66142779 0.41616065 0.66417205 0.40639663 0.66440746 0.40643073 0.66710532 0.40841751 0.66975541 0.40851977 0.67784692 0.40660116 0.68059186 0.39878985 0.68078019 0.39885802 0.68617453 0.49845235 0.68377333 0.49620263 0.50574904 0.35364634 0.50918604 0.35381677 0.52267258 0.35189766 0.52541685 0.30698300 0.52649973 0.30711934 0.53728910 0.30520023 0.54003405 0.27004959 0.54088153 0.26806229 0.53823076 0.26792595 0.52744139 0.24253931 0.52805346 0.24055253 0.52540336 0.24038210 0.51191682 0.13492966 0.51445926 0.13496374 0.51715643 0.12536966 0.53087839 0.12540375 0.53357556 0.11772879 0.54455395 0.11776288 0.54725113 0.10816930 0.56097308
0 0.35972983 0.30937500 0.25543500 0.31188953 0.24584142 0.32561165 0.24587551 0.32830903 0.23628193 0.34203112 0.23631601 0.34472843 0.22672243 0.35845058 0.22675652 0.36114796 0.21716244 0.37487006 0.21719653 0.37756737 0.20760295 0.39128988 0.20763704 0.39398705 0.19612484 0.41045325 0.19615893 0.41315111 0.18656485 0.42687307 0.18659894 0.42957024 0.21589147 0.42886400 0.21787826 0.43151410 0.21595965 0.43425903 0.21599374 0.43695620 0.20831877 0.44793391 0.20835286 0.45063107 0.20067790 0.46160878 0.20071198 0.46430595 0.19495563 0.47253940 0.19498972 0.47523657 0.18731476 0.48621427 0.18734884 0.48891144 0.18543023 0.49165638 0.36313766 0.48737189 0.36512445 0.49002198 0.47838870 0.48729120 0.47821826 0.47380466 0.48205549 0.46831547 0.48400819 0.46826839 0.48599499 0.47091917 0.48794819 0.47087208 0.48788001 0.46547705 0.48979863 0.46273280 0.48969637 0.45464060 0.49161499 0.45189635 0.49552089 0.45180218 0.49372102 0.30937500 0.47418654 0.30937500 0.47432212 0.32010302 0.47240350 0.32284748 0.42748834 0.32393038 0.42759060 0.33202237 0.42957789 0.33467266 0.42961198 0.33736997 0.42769286 0.34011437 0.42570607 0.33746414 0.39055492 0.33831163 0.38856814 0.33566140 0.38839770 0.32217465 0.36301107 0.32278671 0.36102428 0.32013642 0.36088829 0.30937500 0.35972983 0.30937500
0 1.00000000 0.91307986 0.95057595 0.91427146 0.94673872 0.91976065 0.93697471 0.91999606 0.93505559 0.92274032 0.87647102 0.92415278 0.87650511 0.92685065 0.87458649 0.92959490 0.84529395 0.93030113 0.84330717 0.92765104 0.84320490 0.91955884 0.83539310 0.91974718 0.83141951 0.91444631 0.83138543 0.91174914 0.82162141 0.91198455 0.81963413 0.90933447 0.81956595 0.90393944 0.81370784 0.90408068 0.81172105 0.90143058 0.81168697 0.89873341 0.79996976 0.89901591 0.79798296 0.89636513 0.79794888 0.89366796 0.78623166 0.89395046 0.78636801 0.90473983 0.78444940 0.90748477 0.78448348 0.91018195 0.78256486 0.91292619 0.78061216 0.91297327 0.78074851 0.92376265 0.78465391 0.92366849 0.78664070 0.92631858 0.78667480 0.92901644 0.78475618 0.93176069 0.78479026 0.93445786 0.78287164 0.93720211 0.77896574 0.93729628 0.77913618 0.95078351 0.78112346 0.95343359 0.78115755 0.95613076 0.78506295 0.95603660 0.78704974 0.95868669 0.78708383 0.96138386 0.78907062 0.96403465 0.78913879 0.96942899 0.78722018 0.97217392 0.78331478 0.97226809 0.78334886 0.97496526 0.78920697 0.97482402 0.79119426 0.97747410 0.79122834 0.98017127 0.78930922 0.98291553 0.78540382 0.98300969 0.78557426 0.99649692 0.90274391 0.99367198 0.90230077 0.95860600 0.90421939 0.95586175 0.90812530 0.95576758 0.91004392 0.95302333 0.92566654 0.95264668 0.92765332 0.95529677 0.92768741 0.95799394 0.96283855 0.95714645 0.96280447 0.95444928 0.96472309 0.95170503 0.99792103 0.95090463 0.99984015 0.94816037 0.99973788 0.94006817 1.00000000 0.93969326 1.00000000 0.91307986
