0 0.41328859 0.19790262 0.20730756 0.28612594 0.23714529 0.35784558 0.36484162 0.30454226 0.37717249 0.32568717 0.45502723 0.28770788 0.41328859 0.19790262
0 0.47236771 0.36914062 0.49388343 0.39470202 0.53479095 0.37112755 0.53321134 0.36914062 0.47236771 0.36914062
0 0.61819413 0.47213656 0.55112779 0.39117661 0.50953854 0.41301096 0.63836494 0.57400798 0.65530995 0.56678574 0.61819413 0.47213656
0 0.55093631 0.63566310 0.58971827 0.61207474 0.45888436 0.45315371 0.41587630 0.47677324 0.55093631 0.63566310
0 0.67968750 0.71845848 0.61517415 0.64096298 0.57294615 0.66297023 0.67968750 0.79024609 0.67968750 0.71845848
0 0.67968750 0.84132400 0.56654102 0.70787481 0.52391122 0.73066360 0.64728774 0.87055973 0.67968750 0.85250522 0.67968750 0.84132400
0 0.55634425 0.93405696 0.59478685 0.91320295 0.47162965 0.77206382 0.43143717 0.79205612 0.55634425 0.93405696
0 0.33117861 0.78856330 0.37217213 0.76881489 0.24049088 0.60953904 0.19753403 0.62788371 0.33117861 0.78856330
0 0.23812512 0.38325862 0.33909908 0.50074398 0.38046446 0.47833414 0.29441600 0.37196652 0.25717614 0.37682425 0.23812512 0.38325862
0 0.28787940 0.54304837 0.17628221 0.40415148 0.12875613 0.42020800 0.24878052 0.56403029 0.28787940 0.54304837
0 0.22471991 0.58733079 0.10024498 0.42983983 0.04728837 0.44772953 0.18210581 0.61015238 0.22471991 0.58733079
0 0.00000000 0.55641357 0.09598311 0.67333182 0.13820289 0.65130573 0.00253593 0.48727414 0.00000000 0.48856851 0.00000000 0.55641357
0 0.24925516 0.85884714 0.28582256 0.83141673 0.15351937 0.67235390 0.10920016 0.69443236 0.24925516 0.85884714
0 0.26111285 0.88368358 0.36577342 0.99971753 0.41837039 0.99285654 0.30572805 0.85695529 0.26111285 0.88368358
0 0.35154315 0.81708045 0.48370904 0.97164206 0.52951100 0.95616879 0.39371956 0.79313889 0.35154315 0.81708045
0 0.32821027 0.36914062 0.40396031 0.45720014 0.44532532 0.43478786 0.39208943 0.36914062 0.32821027 0.36914062
0 0.00000000 0.68004395 0.03078026 0.71961279 0.06995991 0.69523347 0.00000000 0.60787661 0.00000000 0.68004395
0 0.04751443 0.73886845 0.17798351 0.89865579 0.21682154 0.87701360 0.08945502 0.72153230 0.04751443 0.73886845
0 0.32325281 1.00000000 0.24075544 0.90381841 0.19834805 0.92717295 0.25922188 1.00000000 0.32325281 1.00000000
0 0.17376057 1.00000000 0.14669589 0.96837410 0.10343821 0.99135429 0.11103298 1.00000000 0.17376057 1.00000000
0 0.04084671 0.83354767 0.03699154 0.83452337 0.08693368 0.96187573 0.12570987 0.94187905 0.04084671 0.83354767
0 0.76399416 0.57724943 0.74833197 0.58094289 0.74777943 0.61857646 0.73113941 0.63027679 0.74094797 0.95830750 0.77077209 0.94428556 0.76399416 0.57724943
0 0.78771013 0.56909744 0.77089597 0.57591714 0.77961954 0.94436470 0.81333493 0.93316561 0.80662397 0.60342008 0.78919029 0.61058274 0.78771013 0.56909744
