0 0.42053543 0.20817204 0.40276450 0.20910338 0.33733820 0.22933181 0.34940300 0.28453072 0.35449940 0.28782163 0.36184732 0.28696246 0.43316465 0.26085515 0.43272036 0.25237773 0.42896539 0.24231984 0.42053543 0.20817204
0 0.67968750 0.40937500 0.67968750 0.32222568 0.49341745 0.39547063 0.49352122 0.39745072 0.49713755 0.40937500 0.67968750 0.40937500
0 1.00000000 0.29964691 0.98785894 0.30046011 0.98798991 0.30365418 0.98680565 0.30533471 0.97306132 0.30625530 0.97319230 0.30944937 0.97200835 0.31112988 0.95076651 0.31255265 0.95083199 0.31414948 0.94964805 0.31582999 0.93715283 0.31666692 0.93596890 0.31834784 0.93603437 0.31994467 0.93485043 0.32162518 0.92235553 0.32246209 0.91998733 0.32582355 0.90124466 0.32707892 0.90137562 0.33027258 0.90019168 0.33195309 0.88644703 0.33287370 0.88657801 0.33606777 0.88539406 0.33774828 0.86540197 0.33908735 0.86546746 0.34068458 0.86428352 0.34236510 0.85553690 0.34295094 0.85435295 0.34463145 0.84435690 0.34530099 0.84540464 0.37085186 0.84915292 0.37060080 0.85046815 0.37211392 0.85190880 0.40724658 0.95436813 0.40038388 0.95423715 0.39718982 0.95542142 0.39550928 0.98415981 0.39358439 0.98409433 0.39198757 0.98527858 0.39030662 1.00000000 0.38932059 1.00000000 0.29964691
0 0.67968750 0.12233160 0.67985747 0.12252723 0.68064326 0.14168998 0.68195824 0.14320352 0.68267857 0.16076985 0.68399354 0.16228299 0.69024109 0.16186453 0.69155609 0.16337766 0.69175254 0.16816855 0.69306751 0.16968169 0.69326397 0.17447258 0.69207996 0.17615310 0.68458289 0.17665525 0.68471385 0.17984890 0.68602887 0.18136245 0.68622532 0.18615334 0.69372236 0.18565119 0.69503733 0.18716433 0.69543022 0.19674570 0.69674524 0.19825924 0.69740007 0.21422833 0.69871507 0.21574147 0.69917346 0.22692008 0.70667047 0.22641793 0.70798547 0.22793107 0.70844386 0.23910967 0.70725982 0.24079020 0.70101230 0.24120865 0.70160165 0.25558092 0.70291664 0.25709446 0.70370245 0.27625762 0.70501745 0.27777075 0.70560680 0.29214301 0.71310383 0.29164087 0.71441880 0.29315400 0.71487720 0.30433261 0.71369318 0.30601313 0.70744567 0.30643159 0.70796954 0.31920702 0.70928453 0.32072057 0.70987388 0.33509283 0.71118885 0.33660597 0.76366819 0.33309092 0.76485214 0.33141040 0.77109959 0.33099195 0.77241482 0.33250507 0.77248031 0.33410231 0.77379522 0.33561545 0.77405715 0.34200317 0.78155403 0.34150103 0.78286925 0.34301415 0.78339313 0.35578958 0.78470803 0.35730272 0.78352410 0.35898365 0.77602691 0.35948581 0.77648528 0.37066401 0.77780020 0.37217756 0.77832407 0.38495300 0.82205686 0.38202379 0.82153299 0.36924835 0.82021807 0.36773480 0.81956324 0.35176571 0.81824800 0.35025218 0.81752769 0.33268626 0.81621278 0.33117312 0.81549245 0.31360679 0.81417753 0.31209324 0.81345722 0.29452732 0.81214232 0.29301418 0.81201134 0.28982012 0.80451415 0.29032228 0.80319924 0.28880914 0.80280633 0.27922736 0.80149142 0.27771422 0.80267537 0.27603370 0.81142199 0.27544785 0.81010707 0.27393431 0.80932128 0.25477156 0.80800604 0.25325803 0.80722023 0.23409488 0.80590533 0.23258174 0.80531598 0.21820947 0.79656935 0.21879532 0.79525445 0.21728218 0.79479606 0.20610357 0.79598000 0.20442305 0.80347720 0.20392089 0.80308429 0.19433911 0.80176906 0.19282599 0.80098325 0.17366284 0.79966833 0.17214929 0.79888254 0.15298654 0.79013592 0.15357239 0.78882100 0.15205884 0.78836262 0.14088064 0.78954655 0.13919972 0.79704375 0.13869756 0.79678182 0.13230984 0.79546691 0.13079670 0.79468110 0.11163354 0.79336620 0.11012040 0.79284233 0.09734496 0.78409570 0.09793081 0.78278078 0.09641726 0.78232241 0.08523906 0.78350634 0.08355814 0.78725462 0.08330708 0.78843888 0.08162655 0.79093773 0.08145917 0.79054484 0.07187780 0.78922992 0.07036425 0.78844413 0.05120150 0.78712921 0.04968795 0.78653986 0.03531569 0.78522463 0.03380249 0.77772775 0.03430463 0.77641284 0.03279136 0.77595445 0.02161288 0.77713840 0.01993224 0.78463527 0.01943010 0.78430785 0.01144543 0.78299294 0.00993221 0.78273101 0.00354449 0.67968750 0.01044631 0.67968750 0.08891068 0.68348032 0.08865664 0.68479529 0.09016977 0.68531916 0.10294521 0.68413517 0.10462614 0.67968750 0.10492404 0.67968750 0.12233160
0 0.08381086 1.00000000 0.08217433 0.97286481 0.08468647 0.97044026 0.08121260 0.91284064 0.01227678 0.91598002 0.01734407 1.00000000 0.08381086 1.00000000
0 0.28852905 1.00000000 0.28660967 0.96817501 0.28912195 0.96575045 0.28578706 0.91045524 0.28829934 0.90803068 0.28496445 0.85273547 0.11527545 0.86046320 0.11610915 0.87428671 0.12141160 0.87404523 0.12420247 0.87622887 0.15336794 0.87490066 0.15615811 0.87708374 0.15699181 0.89090725 0.15196662 0.89575699 0.11749871 0.89732668 0.11958302 0.93188633 0.14079414 0.93092036 0.14358431 0.93310345 0.15418987 0.93262046 0.15698072 0.93480351 0.15795340 0.95093143 0.15544044 0.95335602 0.11832131 0.95504644 0.12040562 0.98960610 0.15487354 0.98803641 0.15766370 0.99021949 0.15825357 1.00000000 0.28852905 1.00000000
0 0.91384787 0.53119488 0.91009927 0.53155712 0.90878437 0.52937404 0.86130298 0.53396240 0.85998808 0.53177932 0.85499005 0.53226230 0.85518649 0.53917376 0.85400254 0.54159832 0.84775477 0.54220207 0.84643987 0.54001899 0.84637439 0.53771517 0.77640205 0.54447693 0.77508715 0.54229385 0.77495617 0.53768562 0.72247708 0.54275693 0.72352482 0.57962040 0.77475449 0.57466983 0.77606941 0.57685350 0.77613489 0.57915732 0.85485385 0.57155033 0.85616875 0.57373341 0.85623423 0.57603723 0.95369585 0.56661904 0.95501076 0.56880213 0.95507626 0.57110653 0.98881268 0.56784642 0.99012790 0.57002947 0.99019338 0.57233329 0.99519141 0.57185031 0.99420916 0.53729125 0.96297159 0.54030988 0.96165635 0.53812624 0.96159087 0.53582242 0.96277514 0.53339783 0.96527399 0.53315636 0.96481560 0.51702844 0.96599954 0.51460388 0.96731445 0.51678696 0.96783832 0.53521870 0.98408214 0.53364898 0.98526608 0.53122442 0.98658099 0.53340750 0.99407818 0.53268302 0.99316142 0.50042777 0.98566422 0.50115226 0.98605712 0.51497577 0.98487317 0.51740033 0.98355827 0.51521725 0.98316537 0.50139374 0.96692155 0.50296346 0.96560663 0.50077979 0.93187021 0.50403990 0.93068596 0.50646508 0.92943654 0.50658581 0.93009137 0.52962519 0.92890742 0.53204975 0.91516277 0.53337796 0.91384787 0.53119488
0 0.74108847 0.53633813 0.74036815 0.51099434 0.72287522 0.51268477 0.72359555 0.53802855 0.74108847 0.53633813
0 0.67968750 0.58154647 0.71721157 0.57792033 0.71544351 0.51571308 0.71662745 0.51328852 0.71636552 0.50407265 0.67968750 0.50761702 0.67968750 0.58154647
0 0.84513019 0.49393965 0.84486826 0.48472378 0.73616116 0.49522867 0.73642309 0.50444454 0.84513019 0.49393965
0 0.71728785 0.49243219 0.71663301 0.46939235 0.69913983 0.47108280 0.69979467 0.49412264 0.71728785 0.49243219
0 0.69729569 0.49436413 0.69664085 0.47132429 0.68039725 0.47289398 0.68105210 0.49593383 0.69729569 0.49436413
0 0.95403374 0.49034680 0.95409922 0.49265062 0.99283399 0.48890749 0.99172077 0.44974020 0.97172867 0.45167213 0.97041376 0.44948893 0.97034828 0.44718494 0.87288665 0.45660313 0.87025683 0.45223667 0.85651219 0.45356488 0.85762541 0.49273217 0.90885507 0.48778160 0.91017000 0.48996527 0.91023548 0.49226909 0.95271884 0.48816372 0.95403374 0.49034680
0 0.84868757 0.44276956 0.79995708 0.44747863 0.79864185 0.44529540 0.79857637 0.44299140 0.79232892 0.44359512 0.79101401 0.44141192 0.79094853 0.43910799 0.74471657 0.44357560 0.74340165 0.44139235 0.74333617 0.43908835 0.72584325 0.44077878 0.72715292 0.48685800 0.72840235 0.48673726 0.72971727 0.48892093 0.85091959 0.47720857 0.85000280 0.44495273 0.84868757 0.44276956
0 0.71643655 0.46248048 0.71578172 0.43944080 0.69828854 0.44113125 0.69894338 0.46417092 0.71643655 0.46248048
0 0.67968750 0.44792218 0.68020080 0.46598211 0.69644440 0.46441241 0.69578956 0.44137274 0.68954201 0.44197647 0.68822701 0.43979328 0.67968750 0.44061850 0.67968750 0.44792218
