0 0.30742024 0.38498432 0.38190413 0.38738407 0.38723469 0.33682799 0.39750026 0.33814111 0.39990259 0.23617914 0.31908991 0.22914766 0.31777679 0.23941322 0.26953594 0.23778779 0.26837639 0.25654379 0.21951737 0.26217375 0.21820167 0.29991739 0.20924793 0.30207775 0.20082654 0.38891077 0.30749703 0.38922954 0.30742024 0.38498432
0 0.23273181 0.09506813 0.18426059 0.08070705 0.17290710 0.15735130 0.22052979 0.16623212 0.23273181 0.09506813
0 0.70499995 0.06044316 0.69817776 0.02841614 0.62424196 0.04533698 0.61289876 0.11342100 0.62670773 0.18689939 0.72366125 0.15965162 0.71848412 0.13339383 0.73413330 0.12749056 0.72021462 0.05504572 0.70499995 0.06044316
0 0.05053193 0.95919666 0.04880532 0.95717462 0.04431499 0.95641599 0.04379672 0.95805877 0.04552377 0.96008133 0.04500550 0.96172410 0.05174013 0.96286190 0.05001353 0.96083986 0.05053193 0.95919666
0 0.14585919 0.97184120 0.14309603 0.97310471 0.13860628 0.97234618 0.13808800 0.97398896 0.13532472 0.97525289 0.12634405 0.97373564 0.12582578 0.97537841 0.19093190 0.98637787 0.19196857 0.98309190 0.19024197 0.98106986 0.19076024 0.97942708 0.18903319 0.97740452 0.19006973 0.97411897 0.18834312 0.97209693 0.17038293 0.96906262 0.16986466 0.97070539 0.16710151 0.97196890 0.15138620 0.96931386 0.15086793 0.97095663 0.14810464 0.97222056 0.14585919 0.97184120
0 0.00000000 0.95412058 0.03602482 0.96020685 0.03429822 0.95818481 0.03533489 0.95489884 0.03360828 0.95287679 0.03412669 0.95123360 0.03240008 0.94921155 0.03343662 0.94592600 0.03171001 0.94390396 0.03222842 0.94226076 0.03050123 0.94023862 0.03101951 0.93859585 0.02929303 0.93657339 0.03032957 0.93328783 0.02860296 0.93126579 0.02912124 0.92962302 0.02739419 0.92760046 0.02791246 0.92595768 0.02618585 0.92393564 0.02722252 0.92064967 0.02549591 0.91862763 0.02601419 0.91698485 0.02428758 0.91496281 0.02480598 0.91331961 0.00000000 0.90912872 0.00000000 0.95412058
0 0.03447601 0.92014478 0.03343946 0.92343033 0.03516594 0.92545280 0.03464767 0.92709557 0.03637485 0.92911771 0.03585645 0.93076091 0.03758306 0.93278295 0.03654652 0.93606850 0.03827312 0.93809054 0.03775472 0.93973374 0.03948133 0.94175578 0.03844465 0.94504176 0.04017126 0.94706380 0.03965299 0.94870657 0.04138018 0.95072871 0.04811539 0.95186660 0.04638821 0.94984446 0.04742475 0.94655891 0.04569827 0.94453645 0.04621654 0.94289367 0.04448994 0.94087163 0.04552661 0.93758566 0.04379943 0.93556352 0.04431770 0.93392074 0.04259109 0.93189870 0.04310949 0.93025551 0.04138288 0.92823346 0.04241956 0.92494749 0.04069295 0.92292545 0.04121122 0.92128267 0.03948462 0.91926063 0.04000289 0.91761785 0.03827584 0.91559530 0.03931238 0.91230974 0.03758590 0.91028728 0.03085069 0.90914939 0.03033228 0.91079259 0.03205889 0.91281463 0.03154062 0.91445740 0.03326767 0.91647996 0.03274940 0.91812274 0.03447601 0.92014478
0 0.04829247 0.91382690 0.04725593 0.91711245 0.04898241 0.91913491 0.04794586 0.92242047 0.04967305 0.92444261 0.04863637 0.92772858 0.05036298 0.92975062 0.04984471 0.93139340 0.05157118 0.93341586 0.05105291 0.93505864 0.05554325 0.93581726 0.05726986 0.93783930 0.05675159 0.93948208 0.05847820 0.94150412 0.05744152 0.94479010 0.05916813 0.94681214 0.05864972 0.94845533 0.06037691 0.95047747 0.05934036 0.95376303 0.06106697 0.95578507 0.06054857 0.95742826 0.06227518 0.95945030 0.06123850 0.96273628 0.06296569 0.96475842 0.11235592 0.97310273 0.11339260 0.96981676 0.11166599 0.96779471 0.11270266 0.96450874 0.11097548 0.96248660 0.11201202 0.95920105 0.11028542 0.95717901 0.11080382 0.95553581 0.10907721 0.95351377 0.11011389 0.95022780 0.10838728 0.94820575 0.10942382 0.94492020 0.10769721 0.94289816 0.10873389 0.93961219 0.10700671 0.93759005 0.10752511 0.93594685 0.10579850 0.93392481 0.10683504 0.93063926 0.10510843 0.92861721 0.10614511 0.92533124 0.10441792 0.92330910 0.10545460 0.92002313 0.10372799 0.91800109 0.10424626 0.91635831 0.10148311 0.91762182 0.06107297 0.91079467 0.05554609 0.91332159 0.05330121 0.91294233 0.05053735 0.91420616 0.04829247 0.91382690
0 0.11443527 0.92154038 0.11616188 0.92356242 0.11564347 0.92520562 0.11737008 0.92722766 0.11685181 0.92887044 0.11857829 0.93089290 0.11754174 0.93417845 0.11926835 0.93620050 0.11875008 0.93784327 0.12047713 0.93986583 0.11944059 0.94315138 0.12116707 0.94517385 0.12064879 0.94681662 0.12237540 0.94883866 0.12133886 0.95212422 0.12306591 0.95414678 0.12202937 0.95743233 0.12375585 0.95945479 0.12323757 0.96109757 0.12496418 0.96311961 0.13843461 0.96539539 0.14396092 0.96286837 0.15743135 0.96514415 0.15794975 0.96350096 0.16071290 0.96223744 0.17418276 0.96451313 0.17470103 0.96287035 0.17746489 0.96160652 0.18644441 0.96312358 0.18471780 0.96110154 0.18575434 0.95781598 0.18402773 0.95579394 0.18454614 0.95415074 0.18281953 0.95212870 0.18385621 0.94884273 0.18212960 0.94682069 0.18264787 0.94517791 0.18092068 0.94315577 0.18195736 0.93986980 0.18023075 0.93784776 0.18074902 0.93620498 0.17902254 0.93418252 0.17954082 0.93253974 0.17781363 0.93051761 0.17885018 0.92723205 0.17712370 0.92520959 0.17764197 0.92356681 0.17591536 0.92154477 0.12652455 0.91320036 0.12600628 0.91484314 0.12324313 0.91610665 0.11426303 0.91458949 0.11374463 0.91623269 0.11547181 0.91825483 0.11443527 0.92154038
0 1.00000000 0.61935483 0.80664926 0.76295027 0.80079197 0.77963851 0.80488938 0.79662047 0.84894874 0.84888688 0.86227020 0.85196238 0.91702467 0.81449094 0.92903051 0.79721771 0.99915760 0.74525481 0.97983811 0.69870005 1.00000000 0.68533080 1.00000000 0.61935483
