0 0.26457326 0.23922121 0.30831407 0.23004634 0.30353056 0.20288231 0.30971229 0.20213114 0.29520422 0.14851536 0.24705604 0.15615607 0.24789301 0.16170412 0.21955236 0.16760919 0.22180331 0.17757234 0.19423464 0.18735522 0.19935688 0.20726208 0.19448081 0.20964461 0.20312421 0.25619764 0.26528025 0.24142876 0.26457326 0.23922121
0 0.17585880 0.09818529 0.14539718 0.09746770 0.15074392 0.13910720 0.17985655 0.13707993 0.17585880 0.09818529
0 0.12082582 0.02465735 0.11753211 0.00385704 0.09147786 0.00467361 0.09291055 0.02553224 0.12082582 0.02465735
0 0.06021377 0.22277152 0.00032247 0.23189514 0.00424342 0.33266665 0.09103973 0.31266611 0.06021377 0.22277152
0 0.46421419 0.05458741 0.48337972 0.05231446 0.48223160 0.02280678 0.46366474 0.02450354 0.46421419 0.05458741
0 0.42192285 0.40430514 0.45061010 0.40730804 0.45205165 0.38050634 0.42772844 0.37792408 0.42192285 0.40430514
0 0.87137492 0.11970133 0.85734064 0.10992539 0.88300077 0.05592798 0.85867467 0.04737510 0.86742743 0.03286131 0.79433404 0.01050891 0.78164688 0.03593121 0.77037557 0.03373079 0.65980228 0.28064640 0.67665638 0.28910689 0.65473888 0.33309598 0.72563412 0.35877819 0.72808651 0.35384853 0.75291495 0.36116942 0.87137492 0.11970133
0 0.26765919 0.70322366 0.27396302 0.68591321 0.22121842 0.64679625 0.19080210 0.70842740 0.19846280 0.71522897 0.19585935 0.73168077 0.20352004 0.73848235 0.19477819 0.75731177 0.23986209 0.78962715 0.27715925 0.70924096 0.26765919 0.70322366
0 0.05777179 0.60286322 0.05578277 0.65980447 0.07638395 0.66324582 0.07653361 0.60708885 0.05777179 0.60286322
0 1.00000000 0.47739620 0.99889970 0.47708582 0.96508865 0.72439139 0.98368276 0.73053729 1.00000000 0.60508215 1.00000000 0.47739620
