0 0.27265915 0.32284957 0.31571098 0.30392091 0.30709791 0.26789374 0.31325789 0.26595639 0.29112360 0.19560189 0.24339299 0.21311246 0.24501025 0.22049161 0.21711053 0.23270245 0.22077269 0.24584240 0.19419282 0.26318301 0.20214305 0.28934416 0.19753230 0.29329336 0.21274463 0.35496940 0.27368160 0.32572998 0.27265915 0.32284957
0 0.16321027 0.14531698 0.13224320 0.14888660 0.14343377 0.20440831 0.17265334 0.19732724 0.16321027 0.14531698
0 0.09725053 0.05407077 0.09102933 0.02642867 0.06474105 0.03141639 0.06908451 0.05941475 0.09725053 0.05407077
0 0.06329566 0.33105984 0.00387099 0.35232635 0.02181436 0.48803830 0.10699471 0.44805036 0.06329566 0.33105984
0 0.45478148 0.00000000 0.44463723 0.00276400 0.44936459 0.04337140 0.46847044 0.03744063 0.46352017 0.00000000 0.45478148 0.00000000
0 0.45499171 0.52267799 0.48447758 0.52246379 0.48222276 0.48599885 0.45721740 0.48613156 0.45499171 0.52267799
0 0.71936065 0.40482970 0.73068107 0.45606811 0.73913067 0.45890782 0.92074685 0.43230021 0.90615781 0.34721705 0.88690536 0.34580318 0.86911949 0.35210563 0.73948540 0.36921565 0.74160857 0.38871013 0.72227944 0.39521626 0.71936065 0.40482970
0 0.00000000 0.85873759 0.06180680 0.95328359 0.06925459 0.95230058 0.26975944 0.85537530 0.26956109 0.85370744 0.19635121 0.74293431 0.17251763 0.75429840 0.16126517 0.73445589 0.15614945 0.72882297 0.00000000 0.80988041 0.00000000 0.85873759
0 1.00000000 0.93108783 0.97051971 0.93483293 0.97571380 0.96113662 1.00000000 0.95805137 1.00000000 0.93108783
0 0.83112896 0.96998754 0.83143456 0.97153512 0.96454087 0.95462562 0.96087444 0.93605824 0.92808022 0.94022434 0.92584575 0.93892220 0.87183155 0.94578403 0.87305361 0.95197277 0.87143025 0.95376539 0.85213922 0.95621608 0.84990466 0.95491355 0.84868260 0.94872482 0.79852630 0.95509655 0.79629175 0.95379402 0.74806491 0.95992064 0.75050920 0.97229890 0.78137446 0.96837785 0.78360901 0.96968038 0.78422004 0.97277474 0.82666002 0.96738327 0.83112896 0.96998754
0 1.00000000 0.88984912 0.97800836 0.89264288 0.97984162 0.90192677 0.97821818 0.90371900 0.98310676 0.92847551 1.00000000 0.92632943 1.00000000 0.88984912
0 0.97731989 0.92921066 0.95929324 0.83792093 0.96091668 0.83612869 0.95175056 0.78971004 0.90545267 0.79559161 0.90321820 0.79428947 0.89935979 0.79477964 0.90822040 0.83965111 0.90659696 0.84144334 0.92492912 0.93428026 0.92878703 0.93379016 0.93102200 0.93509223 0.97731989 0.92921066
0 0.90401465 0.93852318 0.90248699 0.93078687 0.87933804 0.93372765 0.87710357 0.93242552 0.87465928 0.92004726 0.87628264 0.91825463 0.89943159 0.91531385 0.90105503 0.91352161 0.89952737 0.90578530 0.89374050 0.90652045 0.89150553 0.90521838 0.87414395 0.90742396 0.87190940 0.90612143 0.86946511 0.89374317 0.87108855 0.89195094 0.87687591 0.89121573 0.87911038 0.89251786 0.89454301 0.89055734 0.89616645 0.88876510 0.89524982 0.88412316 0.89301535 0.88282103 0.86986640 0.88576181 0.86763193 0.88445968 0.86518765 0.87208142 0.86681108 0.87028919 0.89188898 0.86710336 0.89005573 0.85781947 0.86497783 0.86100530 0.86274335 0.85970317 0.86029907 0.84732491 0.86192251 0.84553268 0.88700041 0.84234684 0.88577819 0.83615732 0.86070028 0.83934315 0.85846581 0.83804102 0.85602152 0.82566277 0.85764496 0.82387053 0.88272286 0.82068470 0.88088961 0.81140081 0.85967011 0.81409648 0.85743515 0.81279441 0.85550619 0.81303946 0.85327172 0.81173733 0.85113295 0.80090626 0.72188455 0.81732565 0.72830086 0.84981887 0.72667742 0.85161110 0.74745387 0.95682627 0.83812070 0.94530818 0.84035517 0.94661032 0.90401465 0.93852318
0 0.99010455 0.74359933 0.98246617 0.70491739 0.97282041 0.70614276 0.97058593 0.70484063 0.96966931 0.70019868 0.91951351 0.70657035 0.92043013 0.71121230 0.91880669 0.71300453 0.89372830 0.71619043 0.89149383 0.71488829 0.89057720 0.71024635 0.86549930 0.71343218 0.86326426 0.71212971 0.86295874 0.71058253 0.83788084 0.71376837 0.83879746 0.71841031 0.83717403 0.72020254 0.81402508 0.72314333 0.81179061 0.72184120 0.81087398 0.71719925 0.80863951 0.71589712 0.77198689 0.72055338 0.77595884 0.74066794 0.77433498 0.74246063 0.77952908 0.76876433 0.86055063 0.75847155 0.86278510 0.75977368 0.99010455 0.74359933
0 0.76433066 0.65173776 0.76209570 0.65043569 0.70229463 0.65803267 0.70626657 0.67814723 0.70464264 0.67993953 0.71258662 0.72016906 0.77817554 0.71183680 0.76625962 0.65149271 0.76433066 0.65173776
0 0.93188064 0.59895833 0.94619700 0.67145862 0.94457356 0.67325085 0.94885110 0.69491299 0.97971637 0.69099195 0.96154283 0.59895833 0.93188064 0.59895833
0 0.84684926 0.59895833 0.85469148 0.63867255 0.85306804 0.64046478 0.77397593 0.65051245 0.77519808 0.65670157 0.80027598 0.65351574 0.80251045 0.65481787 0.80434370 0.66410176 0.80272027 0.66589399 0.77764237 0.66907983 0.78130880 0.68764721 0.78709616 0.68691200 0.78933063 0.68821414 0.80669221 0.68600856 0.80892677 0.68731109 0.81045442 0.69504740 0.80883099 0.69683963 0.78375309 0.70002547 0.78619738 0.71240373 0.80548792 0.70995310 0.80772288 0.71125517 0.85787868 0.70488350 0.86011323 0.70618603 0.91219848 0.69956925 0.91443296 0.70087138 0.94336926 0.69719539 0.94499270 0.69540316 0.94102067 0.67528819 0.91594277 0.67847403 0.91370830 0.67717189 0.91187505 0.66788801 0.91349848 0.66609577 0.93857638 0.66290994 0.93552106 0.64743732 0.92394684 0.64890768 0.92171237 0.64760554 0.91013765 0.64907597 0.90790310 0.64777344 0.90637544 0.64003713 0.90799887 0.63824489 0.93307677 0.63505906 0.92971586 0.61803886 0.90656691 0.62097965 0.90433244 0.61967751 0.90280474 0.61194100 0.90442816 0.61014865 0.92757710 0.60720787 0.92594810 0.59895833 0.84684926 0.59895833
0 0.76379573 0.59895833 0.76817074 0.62111407 0.77974497 0.61964371 0.78197947 0.62094596 0.78289607 0.62558779 0.78127265 0.62738014 0.76969843 0.62885050 0.77305930 0.64587050 0.84636405 0.63655805 0.83893938 0.59895833 0.76379573 0.59895833
0 0.73032458 0.59895833 0.69352980 0.60363265 0.69414087 0.60672721 0.69251745 0.60851957 0.70168351 0.65493790 0.76534299 0.64685076 0.75588585 0.59895833 0.73032458 0.59895833
