0 0.49452487 0.35000000 0.48361852 0.24735008 0.45253251 0.25096535 0.44543338 0.23219233 0.40211740 0.23345205 0.40043146 0.21452226 0.35312576 0.21996437 0.36102922 0.28480823 0.35104438 0.28692402 0.35656281 0.35000000 0.49452487 0.35000000
0 0.28800524 0.10421360 0.28538389 0.07425148 0.20112605 0.08162309 0.18351369 0.08415054 0.18468476 0.10648189 0.18646438 0.12682294 0.20277084 0.12539631 0.20290842 0.12537329 0.28823332 0.10857751 0.28800524 0.10421360
0 0.51875000 0.25118470 0.68015429 0.24536690 0.70634335 0.23993872 0.70165463 0.20427416 0.69048639 0.20211431 0.51875000 0.21852468 0.51875000 0.25118470
0 0.55774331 0.35000000 0.63512993 0.34027720 0.62419595 0.26908425 0.51875000 0.27939476 0.51875000 0.34874013 0.54178867 0.35000000 0.55774331 0.35000000
0 0.46547925 0.71357622 0.46477282 0.70345863 0.46257769 0.70115067 0.46240105 0.69862078 0.41799035 0.70348927 0.41614847 0.70624044 0.39192459 0.70889596 0.39227779 0.71395444 0.39447296 0.71626305 0.39482615 0.72132153 0.46547925 0.71357622
0 0.36913997 0.58650392 0.37037625 0.60420989 0.37257137 0.60651785 0.37274802 0.60904773 0.39697241 0.60639215 0.39916753 0.60870011 0.39934413 0.61122935 0.40153930 0.61353795 0.39969737 0.61628847 0.38758518 0.61761626 0.38776178 0.62014550 0.38591985 0.62289602 0.37582669 0.62400247 0.37398425 0.62675305 0.37433749 0.63181218 0.38039359 0.63114828 0.38258923 0.63345618 0.38311907 0.64104455 0.38531420 0.64335251 0.38549079 0.64588174 0.38364891 0.64863291 0.37961134 0.64907553 0.38014118 0.65666389 0.38233630 0.65897185 0.38321934 0.67161869 0.38541498 0.67392659 0.38629802 0.68657343 0.38849319 0.68888204 0.38919963 0.69899964 0.46388978 0.69081178 0.46353654 0.68575266 0.46134141 0.68344470 0.46098817 0.67838557 0.46283010 0.67563505 0.49109103 0.67253697 0.49003139 0.65736089 0.49187379 0.65460967 0.51609767 0.65195414 0.51556787 0.64436642 0.51337275 0.64205846 0.51231307 0.62688174 0.51415500 0.62413122 0.51132925 0.58366081 0.50913412 0.58135285 0.50807444 0.56617612 0.50587880 0.56386822 0.50481912 0.54869150 0.50262399 0.54638353 0.50156431 0.53120681 0.49936919 0.52889885 0.49830955 0.51372277 0.49611387 0.51141422 0.49593727 0.50888498 0.37481841 0.52216256 0.37262277 0.51985465 0.35849256 0.52140367 0.35990544 0.54163887 0.36210056 0.54394683 0.36351344 0.56418204 0.36570857 0.56649000 0.36694484 0.58419596 0.36913997 0.58650392
0 0.17560142 0.58223317 0.17666110 0.59740990 0.17885675 0.59971780 0.17973978 0.61236464 0.18193491 0.61467260 0.18299459 0.62984933 0.18518971 0.63215729 0.18536631 0.63468653 0.19142241 0.63402263 0.19361758 0.63633124 0.19414737 0.64391895 0.19634250 0.64622691 0.19722558 0.65887440 0.19942122 0.66118230 0.20048090 0.67635903 0.20267603 0.67866699 0.20355906 0.69131383 0.20575419 0.69362179 0.20681387 0.70879852 0.20900951 0.71110642 0.20989255 0.72375326 0.21208767 0.72606122 0.21314735 0.74123795 0.21534248 0.74354591 0.21622556 0.75619339 0.21842068 0.75850135 0.21912712 0.76861896 0.22132225 0.77092692 0.28390072 0.76406679 0.28574265 0.76131627 0.29785485 0.75998848 0.29969673 0.75723731 0.30373430 0.75679470 0.30592947 0.75910330 0.30996704 0.75866069 0.31216217 0.76096865 0.32023679 0.76008347 0.32207872 0.75733295 0.33419040 0.75600522 0.33603280 0.75325400 0.35016301 0.75170498 0.35200545 0.74895441 0.37017323 0.74696278 0.37201516 0.74421226 0.38816441 0.74244191 0.38675153 0.72220670 0.38455641 0.71989874 0.38367332 0.70725125 0.38147820 0.70494330 0.38059516 0.69229645 0.37839952 0.68998855 0.37751648 0.67734171 0.37532131 0.67503310 0.37443828 0.66238626 0.37224315 0.66007830 0.37153671 0.64996070 0.36934154 0.64765210 0.36845851 0.63500525 0.36626338 0.63269729 0.36538035 0.62005045 0.36318470 0.61774255 0.36230162 0.60509506 0.36010650 0.60278710 0.35922346 0.59014026 0.35702829 0.58783166 0.35596865 0.57265557 0.35377301 0.57034768 0.35288997 0.55770083 0.35069481 0.55539222 0.34963517 0.54021615 0.34744005 0.53790819 0.34638037 0.52273146 0.34199012 0.51811554 0.16636689 0.53736812 0.16724993 0.55001497 0.16944505 0.55232292 0.17032809 0.56496976 0.17252322 0.56727772 0.17340630 0.57992521 0.17560142 0.58223317
0 0.31804693 0.35000000 0.31822167 0.35250257 0.32041680 0.35481066 0.32147646 0.36998713 0.32367160 0.37229522 0.32473125 0.38747162 0.32692691 0.38977972 0.32780996 0.40242669 0.33000509 0.40473478 0.33018168 0.40726389 0.33421925 0.40682127 0.33641442 0.40912987 0.33729746 0.42177671 0.34133451 0.42133416 0.34572528 0.42595002 0.34607852 0.43100914 0.34423608 0.43375972 0.34204095 0.43145176 0.33598537 0.43211560 0.33704500 0.44729168 0.33924017 0.44960028 0.34047640 0.46730560 0.34267158 0.46961421 0.34373121 0.48479029 0.34592634 0.48709825 0.34680942 0.49974574 0.48811561 0.48425514 0.48723253 0.47160765 0.48503741 0.46929969 0.48380113 0.45159372 0.48160549 0.44928582 0.48072245 0.43663898 0.47852733 0.43433102 0.47764429 0.42168418 0.47544912 0.41937557 0.47456608 0.40672873 0.47237044 0.40442083 0.47148736 0.39177334 0.46929224 0.38946551 0.46840920 0.37681854 0.46621406 0.37451045 0.46533101 0.36186342 0.46313588 0.35955526 0.46246870 0.35000000 0.31804693 0.35000000
0 0.24805044 0.35000000 0.12170570 0.36385046 0.12241214 0.37396806 0.12460727 0.37627615 0.12566694 0.39145262 0.12786207 0.39376071 0.12892173 0.40893711 0.13111687 0.41124527 0.13217652 0.42642160 0.13437215 0.42872938 0.13525523 0.44137687 0.13745036 0.44368482 0.13780356 0.44874330 0.14184113 0.44830069 0.14403630 0.45060929 0.14456614 0.45819766 0.14676126 0.46050561 0.14491933 0.46325613 0.14088176 0.46369875 0.13903983 0.46644927 0.14123496 0.46875723 0.14194144 0.47887548 0.14413708 0.48118338 0.14502012 0.49383022 0.14721525 0.49613818 0.14792168 0.50625578 0.15011681 0.50856374 0.15047005 0.51362286 0.16258225 0.51229508 0.16477737 0.51460303 0.16495402 0.51713292 0.32846504 0.49920813 0.32775856 0.48908988 0.32556343 0.48678192 0.32450380 0.47160584 0.32230863 0.46929723 0.32124900 0.45412115 0.31905335 0.45181325 0.31887671 0.44928337 0.29061578 0.45238145 0.29079242 0.45491134 0.28895049 0.45766186 0.27683830 0.45898965 0.27701490 0.46151888 0.27517301 0.46427005 0.26306082 0.46559784 0.26323742 0.46812708 0.26139549 0.47087760 0.24928329 0.47220539 0.24945989 0.47473463 0.24761796 0.47748515 0.23752481 0.47859160 0.23876109 0.49629757 0.23691916 0.49904809 0.23472352 0.49674019 0.23366388 0.48156411 0.23146871 0.47925550 0.22339408 0.48014068 0.22155220 0.48289184 0.21953368 0.48311312 0.21769123 0.48586370 0.20557955 0.48719143 0.20338442 0.48488347 0.20522631 0.48213231 0.21128241 0.48146841 0.21312434 0.47871789 0.21716139 0.47827533 0.21698479 0.47574610 0.21882724 0.47299552 0.23093892 0.47166778 0.23076232 0.46913855 0.23444665 0.46363680 0.26068905 0.46076000 0.26033581 0.45570087 0.26217774 0.45295035 0.27428993 0.45162256 0.27613186 0.44887205 0.28824406 0.44754425 0.28806746 0.44501501 0.28990939 0.44226450 0.30202107 0.44093676 0.30184442 0.43840688 0.30368687 0.43565630 0.31579855 0.43432857 0.31544531 0.42926944 0.31325018 0.42696148 0.31201390 0.40925552 0.30981827 0.40694774 0.30875862 0.39177140 0.30656348 0.38946325 0.30454495 0.38968453 0.30270304 0.39243524 0.30068451 0.39265652 0.29848885 0.39034842 0.29742920 0.37517202 0.29927163 0.37242132 0.30330869 0.37197876 0.30313208 0.36944932 0.30093694 0.36714117 0.29974009 0.35000000 0.24805044 0.35000000
0 0.90966063 1.00000000 0.96758030 0.92699016 0.96755542 0.92485922 0.51875000 0.53353910 0.51875000 0.70868683 0.85779859 1.00000000 0.90966063 1.00000000
