0 0.00000000 0.31769132 0.00092870 0.32648264 0.16339618 0.30958899 0.16190945 0.28574963 0.16716027 0.28577803 0.17426239 0.31691834 0.29430196 0.30302654 0.28380734 0.18967003 0.27594532 0.18700201 0.27378390 0.17588250 0.23517456 0.18233834 0.23857173 0.18902141 0.16014569 0.20111871 0.16090326 0.21041298 0.15320933 0.21400665 0.15065493 0.20086541 0.00817984 0.21806918 0.00831953 0.22958167 0.00000000 0.23031731 0.00000000 0.31769132
0 0.17820938 0.44921875 0.17616584 0.41306174 0.11237009 0.40867744 0.10886212 0.44921875 0.17820938 0.44921875
0 0.34521829 0.44921875 0.39021493 0.65903616 0.41970646 0.65157654 0.41237448 0.61385675 0.43327295 0.60693135 0.39840848 0.44921875 0.34521829 0.44921875
0 0.11372997 0.44921875 0.16090675 0.67388133 0.18284623 0.66775637 0.19086202 0.70723344 0.28618056 0.68611085 0.27927566 0.65058822 0.30136611 0.64629427 0.25867942 0.44921875 0.11372997 0.44921875
0 0.00000000 0.44921875 0.00000000 0.74573463 0.01720844 0.74167671 0.08576053 0.73132611 0.02971131 0.44921875 0.00000000 0.44921875
0 0.47851562 0.62175727 0.53797360 0.58396306 0.51651975 0.54818246 0.47851562 0.57483955 0.47851562 0.62175727
0 0.47851562 0.80090835 0.61783287 0.99548922 0.75299260 0.90512920 0.52372079 0.59261901 0.47851562 0.62111804 0.47851562 0.80090835
0 0.75334267 1.00000000 0.81659391 0.95580343 0.77335677 0.89373537 0.62518103 0.99297252 0.62965555 1.00000000 0.75334267 1.00000000
0 0.48643387 0.44921875 0.54630354 0.53746663 0.57352365 0.51697044 0.64766486 0.44921875 0.48643387 0.44921875
0 0.64312488 0.44921875 0.57356829 0.50900104 0.80953281 0.83146792 0.93911119 0.71809579 0.73979197 0.44921875 0.64312488 0.44921875
0 1.00000000 0.80541148 0.94187575 0.72345383 0.80674850 0.83627501 0.79655010 0.84714927 0.80634755 0.86358969 0.79248435 0.87506887 0.84093527 0.93951588 1.00000000 0.81006197 1.00000000 0.80541148
