0 0.00000000 0.37565825 0.01173790 0.37860347 0.00601565 0.41105595 0.01931951 0.41863013 0.01317837 0.44159771 0.17090897 0.48404926 0.17806425 0.46126050 0.18295613 0.46316874 0.17842684 0.49478590 0.29547182 0.52483512 0.32629758 0.41524676 0.31991388 0.40993846 0.32188091 0.39878292 0.28352241 0.39097362 0.28429895 0.39843023 0.20674665 0.38161866 0.20412313 0.39056710 0.19565237 0.39116482 0.19797703 0.37798100 0.05879980 0.34298359 0.05480450 0.35378149 0.00701989 0.34012742 0.00000000 0.36651178 0.00000000 0.37565825
0 0.06808176 0.59871821 0.13179622 0.62877486 0.14574915 0.58522563 0.08776188 0.55827019 0.06808176 0.59871821
0 0.14474815 0.00000000 0.14143454 0.01666571 0.20532535 0.02793138 0.20962671 0.00000000 0.14474815 0.00000000
0 0.37685730 0.22339304 0.38275836 0.18992643 0.30532610 0.17836437 0.29912617 0.20759561 0.37685730 0.22339304
0 0.68100307 0.43185835 0.61829213 0.41237982 0.60818863 0.44104324 0.68353400 0.46320373 0.68723625 0.45537812 0.67433488 0.44918237 0.68100307 0.43185835
0 0.70965444 0.38460002 0.63480185 0.36279416 0.62212563 0.39316967 0.68584496 0.40993243 0.69239570 0.38691956 0.70847683 0.39005258 0.70965444 0.38460002
0 0.63408161 0.34506974 0.70440739 0.36436188 0.71559973 0.33217779 0.64698695 0.31231506 0.63408161 0.34506974
0 0.86759474 0.45027578 0.88134761 0.40043210 0.82030553 0.38430006 0.81748529 0.39678516 0.85286968 0.40779014 0.84229621 0.44232444 0.86759474 0.45027578
0 0.83166462 0.34789724 0.82272503 0.37431261 0.88191337 0.39424295 0.88997668 0.37111005 0.83166462 0.34789724
0 0.91015261 0.34005386 0.93100186 0.26931048 0.91486470 0.26513430 0.91025635 0.27986449 0.87766260 0.26969071 0.85707097 0.32417121 0.91015261 0.34005386
0 0.24113328 0.98992839 0.28376528 0.83026906 0.20507774 0.81482557 0.16206111 0.96746577 0.24113328 0.98992839
