0 0.20595700 0.00000000 0.22750408 0.19170051 0.25974017 0.18567153 0.26722145 0.20474143 0.31216357 0.20028149 0.31393908 0.21897505 0.32491477 0.21788490 0.36308355 0.21079573 0.35448383 0.14372286 0.36986581 0.13936582 0.35655453 0.00000000 0.20595700 0.00000000
0 0.27372175 0.21182086 0.28284634 0.27056339 0.29078476 0.27000828 0.37397640 0.23728165 0.37388396 0.23201747 0.35838513 0.18226648 0.34820686 0.18297822 0.27372175 0.21182086
0 0.41619241 0.74172992 0.44468728 0.73963518 0.44722774 0.74195682 0.47809764 0.73968749 0.48063814 0.74200976 0.50913301 0.73991502 0.51167347 0.74223666 0.54254276 0.73996737 0.54508382 0.74228896 0.58307699 0.73949598 0.58257884 0.73200678 0.58478722 0.72933604 0.58412304 0.71935066 0.56512646 0.72074715 0.56258600 0.71842552 0.52221781 0.72139310 0.51967735 0.71907146 0.48168419 0.72186445 0.47914369 0.71954217 0.43877611 0.72250970 0.43623565 0.72018807 0.42198791 0.72123546 0.42232003 0.72622847 0.42011164 0.72889921 0.40586390 0.72994660 0.40652809 0.73993198 0.41365195 0.73940828 0.41619241 0.74172992
0 0.48085393 0.70938224 0.48339438 0.71170387 0.51188986 0.70960909 0.51443036 0.71193137 0.54292523 0.70983663 0.54546569 0.71215826 0.57396056 0.71006353 0.57650102 0.71238516 0.58599931 0.71168691 0.58450490 0.68921997 0.56788335 0.69044186 0.56534228 0.68812027 0.53209857 0.69056411 0.52955807 0.68824183 0.49393933 0.69086027 0.49139887 0.68853863 0.45578013 0.69115706 0.45323968 0.68883543 0.41999536 0.69127931 0.42099166 0.70625771 0.41878327 0.70892844 0.42132373 0.71125008 0.44981860 0.70915534 0.45235905 0.71147698 0.48085393 0.70938224
0 0.50111300 0.65521350 0.50365345 0.65753514 0.53214832 0.65544040 0.53468882 0.65776268 0.56318369 0.65566794 0.56572476 0.65798953 0.56809918 0.65781498 0.57063964 0.66013661 0.57080567 0.66263280 0.56859728 0.66530353 0.56622286 0.66547808 0.56368180 0.66315650 0.52331422 0.66612403 0.52077376 0.66380239 0.46853286 0.66764277 0.46599240 0.66532113 0.43274869 0.66776497 0.43308076 0.67275734 0.43087177 0.67542813 0.43103785 0.67792495 0.43341287 0.67775035 0.43595333 0.68007199 0.46919705 0.67762815 0.47173811 0.67994974 0.50498182 0.67750590 0.50752232 0.67982818 0.54076664 0.67738430 0.54330710 0.67970593 0.57892584 0.67708750 0.58146630 0.67940913 0.58384072 0.67923458 0.58367468 0.67673840 0.58588367 0.67406761 0.58438923 0.65160002 0.58659761 0.64892929 0.58626550 0.64393628 0.56489449 0.64550732 0.56235343 0.64318573 0.52673530 0.64580412 0.52419423 0.64348253 0.48620107 0.64627551 0.48366061 0.64395388 0.44566745 0.64674686 0.44312700 0.64442522 0.43125429 0.64529802 0.43191843 0.65528276 0.44141611 0.65458456 0.44395722 0.65690679 0.47245209 0.65481205 0.47499255 0.65713369 0.50111300 0.65521350
0 0.60937500 0.70437360 0.60160908 0.58762050 0.59685963 0.58796965 0.59935034 0.62541499 0.59714195 0.62808573 0.59946658 0.66303425 0.59725823 0.66570562 0.59974890 0.70315032 0.59753995 0.70582175 0.60937500 0.70495172 0.60937500 0.70437360
0 0.29404758 0.35937500 0.14333364 0.37045440 0.14112526 0.37312530 0.13637581 0.37347445 0.13737209 0.38845255 0.13516372 0.39112341 0.13549581 0.39611610 0.14024526 0.39576696 0.14278573 0.39808879 0.14057735 0.40075965 0.15245006 0.39988686 0.15499053 0.40220862 0.19298369 0.39941563 0.19552416 0.40173746 0.23351732 0.39894448 0.23605840 0.40126626 0.27167653 0.39864787 0.27421760 0.40096959 0.31458519 0.39800206 0.31226054 0.36305322 0.31446891 0.36038232 0.31440191 0.35937500 0.29404758 0.35937500
0 1.00000000 0.93695022 0.99785257 0.94100156 0.99795901 0.94349775 0.99512738 0.94883990 0.99523382 0.95133609 0.99098656 0.95934898 0.99109299 0.96184517 0.98826175 0.96718728 0.98836819 0.96968347 0.98412093 0.97769636 1.00000000 0.97587535 1.00000000 0.93695022
0 0.78963499 1.00000000 0.80755015 0.99794549 0.81038177 0.99260333 0.81027534 0.99010715 0.81310657 0.98476504 0.81300014 0.98226885 0.81583180 0.97692733 0.81572536 0.97443115 0.81997223 0.96641830 0.81986577 0.96392148 0.82269742 0.95857996 0.82259099 0.95608378 0.82683824 0.94807088 0.82673181 0.94557470 0.82956305 0.94023259 0.82945661 0.93773640 0.83370387 0.92972351 0.83359744 0.92722732 0.83642906 0.92188517 0.83632263 0.91938898 0.84056952 0.91137677 0.84046306 0.90887995 0.84329471 0.90353843 0.84286895 0.89355305 0.83678031 0.89425129 0.83515181 0.89192966 0.80623063 0.89524634 0.80481462 0.89791712 0.80492105 0.90041330 0.80067418 0.90842615 0.80078061 0.91092233 0.79794899 0.91626449 0.79805542 0.91876068 0.79380814 0.92677293 0.79391460 0.92926975 0.79108334 0.93461123 0.79118980 0.93710805 0.78694251 0.94512031 0.78704894 0.94761649 0.78421771 0.95295860 0.78432414 0.95545479 0.78007689 0.96346768 0.78018332 0.96596387 0.77735208 0.97130598 0.77745852 0.97380216 0.77321126 0.98181506 0.77331769 0.98431124 0.77048604 0.98965276 0.77059250 0.99214958 0.76643173 1.00000000 0.78963499 1.00000000
0 0.75642392 1.00000000 0.75710601 0.99871300 0.75699958 0.99621681 0.75983081 0.99087470 0.75972438 0.98837851 0.76397166 0.98036626 0.76386520 0.97786944 0.76669685 0.97252792 0.76659039 0.97003110 0.77083729 0.96201889 0.77073085 0.95952270 0.77356248 0.95418055 0.77345605 0.95168436 0.77770330 0.94367147 0.77759687 0.94117528 0.78042810 0.93583317 0.78032167 0.93333698 0.78456893 0.92532409 0.78446249 0.92282790 0.78729415 0.91748639 0.78718769 0.91498956 0.79143455 0.90697672 0.79132812 0.90448053 0.79415977 0.89913901 0.79405334 0.89664283 0.79830060 0.88862994 0.79819414 0.88613311 0.80102540 0.88079164 0.79939690 0.87847000 0.77199779 0.88161213 0.76916653 0.88695361 0.76927296 0.88944979 0.76502570 0.89746268 0.76513217 0.89995951 0.76230090 0.90530098 0.76240734 0.90779717 0.75816008 0.91581006 0.75826651 0.91830624 0.75401925 0.92631914 0.75412569 0.92881532 0.75129445 0.93415743 0.75140089 0.93665362 0.74715363 0.94466651 0.74726006 0.94716270 0.74442841 0.95250421 0.74453487 0.95500104 0.74028800 0.96301389 0.74039444 0.96551007 0.73756278 0.97085159 0.73766922 0.97334777 0.73342196 0.98136067 0.73352842 0.98385749 0.72928153 0.99186970 0.72938796 0.99436589 0.72655634 0.99970804 0.72656878 1.00000000 0.75642392 1.00000000
0 0.83783399 0.81134840 0.83794042 0.81384458 0.83510916 0.81918605 0.83521559 0.82168224 0.83238436 0.82702435 0.83249079 0.82952054 0.83107480 0.83219196 0.83118123 0.83468814 0.82834997 0.84002962 0.82845640 0.84252580 0.82562477 0.84786796 0.82573121 0.85036414 0.82431560 0.85303552 0.86236956 0.84867149 0.86215666 0.84367848 0.86357229 0.84100775 0.86335940 0.83601473 0.86477542 0.83334395 0.86934200 0.83282026 0.86912914 0.82782789 0.86750022 0.82550566 0.86718090 0.81801646 0.86859692 0.81534568 0.87620763 0.81447288 0.87567544 0.80199132 0.87709107 0.79932058 0.88317972 0.79862233 0.88275396 0.78863695 0.87209873 0.78985889 0.87047023 0.78753726 0.84459357 0.79050479 0.84470001 0.79300098 0.84186835 0.79834249 0.84197479 0.80083868 0.84055918 0.80351005 0.84066562 0.80600624 0.83783399 0.81134840
0 0.81113771 0.75922146 0.80972208 0.76189220 0.80363343 0.76259044 0.80416565 0.77507265 0.80275002 0.77774338 0.79818343 0.77826708 0.79839630 0.78325945 0.79698067 0.78593019 0.79729999 0.79341938 0.79588439 0.79609076 0.79131781 0.79661445 0.79185000 0.80909602 0.79043437 0.81176676 0.78434572 0.81246500 0.78487791 0.82494657 0.78346228 0.82761731 0.77585118 0.82849015 0.77648983 0.84346854 0.81758830 0.83875537 0.81705611 0.82627380 0.81847171 0.82360243 0.82608243 0.82272963 0.82555023 0.81024806 0.82696625 0.80757728 0.83001038 0.80722818 0.83142640 0.80455740 0.83089421 0.79207583 0.83230982 0.78940446 0.83535395 0.78905536 0.83676958 0.78638462 0.83623738 0.77390305 0.83765341 0.77123227 0.84374205 0.77053403 0.84310340 0.75555563 0.84451903 0.75288490 0.85212974 0.75201210 0.85159752 0.73952989 0.85301355 0.73685911 0.85757974 0.73633546 0.85694111 0.72135771 0.84324175 0.72292875 0.84182612 0.72559949 0.84019762 0.72327785 0.84009116 0.72078103 0.81878070 0.72322491 0.81736510 0.72589628 0.81789729 0.73837785 0.81648166 0.74104859 0.81191507 0.74157229 0.81049905 0.74424307 0.81113771 0.75922146
0 1.00000000 0.70437361 0.99938588 0.68997051 0.99655425 0.69531267 0.99666068 0.69780885 0.99382942 0.70315032 0.99393588 0.70564715 0.98968862 0.71366004 0.98979506 0.71615623 0.98554777 0.72416848 0.98565423 0.72666531 0.98282297 0.73200678 0.98292943 0.73450360 0.97868215 0.74251586 0.97878858 0.74501204 0.97454133 0.75302494 0.97464779 0.75552176 0.97181652 0.76086323 0.97192295 0.76335942 0.96767570 0.77137231 0.96778213 0.77386850 0.96353488 0.78188139 0.96364131 0.78437757 0.96081007 0.78971969 0.96091650 0.79221587 0.95808488 0.79755803 0.95819131 0.80005421 0.95394442 0.80806642 0.95405088 0.81056325 0.95121923 0.81590477 0.95132569 0.81840159 0.94707840 0.82641384 0.94718484 0.82891003 0.94435360 0.83425214 0.94446003 0.83674832 0.94021278 0.84476122 0.94031921 0.84725740 0.93748759 0.85259956 0.93759402 0.85509575 0.93334715 0.86310859 0.93345359 0.86560478 0.93062193 0.87094629 0.93072839 0.87344312 0.92789713 0.87878459 0.92800359 0.88128142 0.92375631 0.88929367 0.92386274 0.89178986 0.92103150 0.89713197 0.92113794 0.89962815 0.91689068 0.90764105 0.91699711 0.91013723 0.91416549 0.91547939 0.91427192 0.91797557 0.91002505 0.92598842 0.91013149 0.92848461 0.90729984 0.93382612 0.90740630 0.93632295 0.90315904 0.94433584 0.90326547 0.94683203 0.90043421 0.95217350 0.90054064 0.95466969 0.89770902 0.96001184 0.89781545 0.96250802 0.89356820 0.97052092 0.89367463 0.97301710 0.89084339 0.97835921 0.89094983 0.98085540 0.88670257 0.98886829 0.97498816 0.97874370 0.97640379 0.97607297 0.97629733 0.97357614 0.98054458 0.96556325 0.98043815 0.96306707 0.98326941 0.95772559 0.98316298 0.95522941 0.98741024 0.94721652 0.98730378 0.94471969 0.99013504 0.93937822 0.99002861 0.93688203 0.99427586 0.92886914 0.99416943 0.92637295 0.99700105 0.92103080 0.99689462 0.91853461 1.00000000 0.91267549 1.00000000 0.70437361
0 0.97939585 0.43639098 0.97514896 0.44440318 0.97525542 0.44690001 0.97242376 0.45224152 0.97253023 0.45473835 0.96969857 0.46007987 0.96980500 0.46257605 0.96555814 0.47058890 0.96566457 0.47308508 0.96283295 0.47842724 0.96293938 0.48092343 0.96010812 0.48626490 0.96021458 0.48876172 0.95738292 0.49410324 0.95748938 0.49660007 0.95324249 0.50461228 0.95334893 0.50710846 0.95051730 0.51245062 0.95062373 0.51494680 0.94779211 0.52028896 0.94789854 0.52278514 0.96007583 0.52138865 0.96170472 0.52371024 0.98301480 0.52126640 0.98464329 0.52358804 0.98616575 0.52341345 0.98899701 0.51807197 0.98889058 0.51557579 0.99172220 0.51023363 0.98757106 0.41287663 0.98473941 0.41821815 0.98484585 0.42071434 0.98201461 0.42605645 0.98212104 0.42855263 0.97928942 0.43389479 0.97939585 0.43639098
