0 0.40166195 0.36950176 0.35266717 0.38816480 0.37050998 0.40997503 0.41646798 0.39255610 0.40166195 0.36950176
0 0.51739414 0.24600102 0.48353538 0.20679858 0.44365531 0.22642430 0.48075506 0.26617769 0.51739414 0.24600102
0 0.33244753 0.20575904 0.34239645 0.23268194 0.30655236 0.23656387 0.32970642 0.30739312 0.38356702 0.29425151 0.37908999 0.27119271 0.39751925 0.27021815 0.37760617 0.19993986 0.33244753 0.20575904
0 0.06271868 0.24909697 0.02524974 0.24800842 0.02508040 0.28377333 0.06173691 0.28237664 0.06271868 0.24909697
0 0.03869339 0.11240003 0.07554757 0.10575591 0.06215348 0.07648699 0.04150203 0.08353839 0.03685564 0.09624451 0.03869339 0.11240003
0 1.00000000 0.07372712 0.99128258 0.08062440 0.99096020 0.08232701 0.96672939 0.10149903 0.96640703 0.10320156 0.94863750 0.11726098 0.94831513 0.11896351 0.94669983 0.12024155 0.94476548 0.13045759 0.95058914 0.14322023 0.95188241 0.14364483 0.95867656 0.15853492 0.95996983 0.15895951 0.96773488 0.17597673 0.96902782 0.17640122 0.97582230 0.19129142 0.97711523 0.19171590 0.98390980 0.20660567 0.98520273 0.20703015 0.99296779 0.22404737 0.99426072 0.22447186 1.00000000 0.23704956 1.00000000 0.07372712
0 0.47297660 0.63316992 0.46476277 0.62843809 0.36369030 0.60323789 0.34949481 0.62787940 0.35076161 0.63356303 0.45941452 0.66065324 0.47108659 0.64075035 0.47297660 0.63316992
0 0.33558376 0.60293987 0.33399856 0.59315102 0.16722898 0.55157070 0.15208849 0.58000242 0.16914617 0.58693927 0.15937430 0.61536760 0.30845619 0.65253789 0.33558376 0.60293987
0 0.71945866 0.44921875 0.80123759 0.50180840 0.81321380 0.44921875 0.71945866 0.44921875
0 0.65885417 0.79817948 0.67018065 0.80384702 0.72062754 0.83775299 0.74564581 0.72738384 0.66144886 0.67399392 0.65885417 0.69079566 0.65885417 0.79817948
