0 0.18836740 0.09858728 0.22441406 0.07504922 0.21074255 0.04863496 0.17692846 0.07060727 0.18836740 0.09858728
0 0.10473093 0.25131345 0.13063263 0.29876530 0.15988902 0.27418254 0.13156889 0.22610405 0.10473093 0.25131345
0 0.24290611 0.29783755 0.23500227 0.26505559 0.26155951 0.25978627 0.24300953 0.17349896 0.20324269 0.19035512 0.20700759 0.21849091 0.19333374 0.21995105 0.20946529 0.30561171 0.24290611 0.29783755
0 0.44248219 0.24090922 0.47034119 0.24169515 0.46978674 0.19795212 0.44257862 0.20019382 0.44248219 0.24090922
0 0.46293231 0.40774017 0.43567715 0.41640237 0.44618527 0.45200336 0.46139455 0.44307889 0.46460500 0.42747165 0.46293231 0.40774017
0 0.72013782 0.46033552 0.72814171 0.44882003 0.68784076 0.38606248 0.67856979 0.37991311 0.64519004 0.40294246 0.63533162 0.41670246 0.67631547 0.48229034 0.68392774 0.48404777 0.72013782 0.46033552
0 0.79858662 0.54947917 0.74209590 0.46941394 0.73223911 0.46580199 0.66918866 0.50737165 0.66801541 0.52981846 0.68314122 0.54533753 0.71212739 0.54133884 0.73689444 0.54947917 0.79858662 0.54947917
0 0.39414793 0.84439879 0.40719198 0.84716997 0.40862500 0.84928089 0.40819482 0.85099553 0.40590134 0.85231431 0.39285729 0.84954312 0.39242711 0.85125776 0.43528587 0.86036301 0.43987330 0.85772555 0.44546320 0.85891312 0.44632367 0.85548341 0.44861715 0.85416463 0.45234422 0.85495644 0.45750667 0.83437954 0.41464791 0.82527428 0.41235443 0.82659306 0.40676405 0.82540540 0.40633388 0.82712003 0.40404029 0.82843925 0.39844991 0.82725158 0.39414793 0.84439879
0 0.38684905 0.73267384 0.38641887 0.73438847 0.38928501 0.73860989 0.39860199 0.74058926 0.40146871 0.74481033 0.40060825 0.74824004 0.40204137 0.75035052 0.40949505 0.75193404 0.41035540 0.74850478 0.41264899 0.74718556 0.42755634 0.75035259 0.42898983 0.75246362 0.42669588 0.75378230 0.42626570 0.75549693 0.45794419 0.76222696 0.45966501 0.75536799 0.45780123 0.75497203 0.45636810 0.75286155 0.45679839 0.75114647 0.45120849 0.74995891 0.44977489 0.74784832 0.45206885 0.74652965 0.46138582 0.74850902 0.46396710 0.73822035 0.40061061 0.72476039 0.39975014 0.72819010 0.40347722 0.72898191 0.40491035 0.73109239 0.40261676 0.73241161 0.39143600 0.73003628 0.38684905 0.73267384
0 0.78262211 1.00000000 0.80190175 0.98608788 0.87315191 0.92636627 0.86739580 0.90499236 0.84739096 0.88166521 0.80698313 0.91777167 0.79536891 0.92177198 0.74773881 0.96022004 0.77156461 1.00000000 0.78262211 1.00000000
0 0.72958686 0.95202033 0.66205880 0.86827725 0.59832544 0.90701658 0.60915803 0.91219015 0.67180706 0.98812516 0.72812233 0.95836389 0.72958686 0.95202033
