0 0.26085434 0.45197027 0.22903529 0.47479868 0.24062308 0.50147671 0.27046993 0.48017007 0.26085434 0.45197027
0 0.33601517 0.30090559 0.31402601 0.25295362 0.28812640 0.27695958 0.31222037 0.32558547 0.33601517 0.30090559
0 0.21590390 0.25168207 0.22236510 0.28461385 0.19908660 0.28936218 0.21412372 0.37599970 0.24910282 0.35992504 0.24619526 0.33171978 0.25816392 0.33052771 0.24523162 0.24456411 0.21590390 0.25168207
0 0.04073186 0.30469252 0.01639813 0.30336103 0.01628815 0.34710825 0.04009426 0.34539984 0.04073186 0.30469252
0 0.02512894 0.13748642 0.04906343 0.12935940 0.04036480 0.09355800 0.02695297 0.10218320 0.02393544 0.11772517 0.02512894 0.13748642
0 0.52258761 0.47431476 0.48325314 0.44413006 0.46984775 0.45790899 0.50918222 0.48809368 0.52258761 0.47431476
0 0.79348407 0.25603411 0.71296546 0.19522356 0.69817599 0.21433406 0.77684537 0.27470178 0.79348407 0.25603411
0 0.27976427 0.54947917 0.25833254 0.59603974 0.26300369 0.60203837 0.30265520 0.60739341 0.31314806 0.60612661 0.33922275 0.54947917 0.27976427 0.54947917
0 0.16693625 0.71386507 0.12216370 0.81651595 0.13266909 0.82598640 0.16998816 0.83102644 0.25956459 0.65256781 0.20474908 0.64248094 0.20705644 0.62132144 0.14990849 0.61091957 0.14872659 0.59734050 0.12190038 0.59103366 0.06779807 0.69242453 0.06607225 0.71232062 0.11447198 0.72019908 0.12786628 0.70724662 0.16693625 0.71386507
0 0.89912706 0.99063206 0.94259883 0.98369105 0.94675105 0.97057689 0.89680507 0.97934316 0.89912706 0.99063206
0 0.68761509 0.82064499 0.72507457 0.81407029 0.71440922 0.77947438 0.67879898 0.78641216 0.68761509 0.82064499
