0 0.55000000 0.48906250 0.55000000 0.33232571 0.41891190 0.44028332 0.46323758 0.48906250 0.55000000 0.48906250
0 0.23531063 0.12082139 0.27158947 0.12911114 0.29031583 0.13163250 0.30120655 0.06986812 0.30351000 0.05541891 0.25196631 0.04469140 0.25010902 0.04436391 0.23531063 0.12082139
0 0.55000000 0.44777758 0.72584752 0.48147580 0.73195233 0.44384825 0.73398907 0.44229832 0.73673622 0.42536604 0.63806277 0.40645694 0.63663699 0.40424397 0.63785796 0.39671846 0.57207610 0.38411247 0.57064988 0.38189942 0.55000000 0.37794221 0.55000000 0.44777758
0 1.00000000 0.03934517 0.83484413 0.00769583 0.83331793 0.01710269 0.86447808 0.02307401 0.86590383 0.02528713 0.85918853 0.06667742 0.85715231 0.06822696 0.83811002 0.06457783 0.83607328 0.06612777 0.82395586 0.06380567 0.81846157 0.09767022 0.81988734 0.09988319 0.81164582 0.15068049 0.82203224 0.15267087 0.82345846 0.15488393 0.84076931 0.15820127 0.84219545 0.16041480 0.83609071 0.19804186 0.83751641 0.20025532 0.83690596 0.20401783 0.83486967 0.20556785 0.80197852 0.19926482 0.79648422 0.23312937 0.79790999 0.23534234 0.78936325 0.28802090 0.79282568 0.28868442 0.79425138 0.29089787 0.82021810 0.29587396 0.82164388 0.29808693 0.81492862 0.33947698 0.81289232 0.34102701 0.77826973 0.33439217 0.77185969 0.37390097 0.92419714 0.40309387 0.92562336 0.40530693 0.97409436 0.41459558 1.00000000 0.25492411 1.00000000 0.03934517
0 0.58620258 0.00000000 0.55000000 0.22313754 0.55000000 0.29452762 0.65994443 0.31559662 0.66137020 0.31780959 0.72195863 0.32942034 0.72399529 0.32787089 0.75787705 0.11903790 0.75991327 0.11748836 0.77897498 0.00000000 0.58620258 0.00000000
0 0.31617235 0.68351477 0.23627768 0.49095467 0.16513630 0.49557535 0.25211005 0.70510079 0.31617235 0.68351477
0 0.25259678 0.71157051 0.37232654 0.99430121 0.44119066 0.98982835 0.31872835 0.68885210 0.25259678 0.71157051
0 0.22565253 0.71840681 0.13612348 0.49746018 0.06267159 0.50223135 0.16101605 0.73952385 0.22565253 0.71840681
0 0.28461421 1.00000000 0.33917449 0.99645446 0.22645093 0.72185520 0.16342265 0.74286682 0.26946393 1.00000000 0.28461421 1.00000000
0 0.47308626 0.81537320 0.40791450 0.83650591 0.47235492 0.98780345 0.50851304 0.98545558 0.52011783 0.92431586 0.47308626 0.81537320
0 0.13387323 0.75087743 0.03841135 0.51981074 0.01565021 0.63972761 0.06977190 0.77195648 0.13387323 0.75087743
0 0.07057030 0.77540487 0.15898053 0.98493659 0.23646951 0.99762958 0.13581763 0.75525326 0.07057030 0.77540487
0 0.02496762 0.79186958 0.10171011 0.97555548 0.13843613 0.98157134 0.05606103 0.78294251 0.02496762 0.79186958
0 0.00000000 0.73034222 0.02302284 0.78749571 0.05415503 0.77906544 0.00976686 0.67072399 0.00000000 0.72218064 0.00000000 0.73034222
0 0.98130793 1.00000000 0.89915185 0.90169127 0.89907338 0.90167743 0.85331149 0.94557601 0.89827208 1.00000000 0.98130793 1.00000000
0 1.00000000 0.78056873 0.80100051 0.57341014 0.79919708 0.57309215 0.77789622 0.59044441 1.00000000 0.81758163 1.00000000 0.78056873
0 1.00000000 0.71838718 0.85476485 0.54582717 0.83254371 0.56100218 1.00000000 0.76357070 1.00000000 0.71838718
0 1.00000000 0.69511608 0.86000653 0.82504019 0.87603324 0.84574240 0.87765190 0.84590247 1.00000000 0.73283722 1.00000000 0.69511608
0 1.00000000 0.68153581 0.89485312 0.76072191 0.89013965 0.78745329 0.89760419 0.78876949 0.94088196 0.75675446 1.00000000 0.71162345 1.00000000 0.68153581
