0 0.42968750 0.02657497 0.39464145 0.04673218 0.37984843 0.01726806 0.24864435 0.09465883 0.31566057 0.21523541 0.42968750 0.14576506 0.42968750 0.02657497
0 0.16730296 0.14053661 0.09524121 0.18733406 0.19102592 0.35087324 0.26739413 0.29867442 0.27564210 0.28463572 0.20807119 0.17657472 0.19994970 0.18011240 0.16730296 0.14053661
0 0.42968750 0.36565607 0.46026398 0.39736979 0.48261704 0.38614701 0.50561607 0.35309718 0.59168722 0.26756070 0.56078772 0.22505115 0.56907546 0.20484842 0.56346407 0.19367188 0.42968750 0.06497721 0.42968750 0.36565607
0 0.42968750 0.96814551 0.39698304 0.95429430 0.39147913 0.97016475 0.42968750 0.98495542 0.42968750 0.96814551
0 0.35640417 0.96483788 0.31083468 0.94876216 0.29939398 0.98253959 0.34292693 0.99818244 0.35640417 0.96483788
0 0.24239392 0.82985202 0.19521928 0.81130457 0.19058385 0.82309854 0.22800146 0.83744153 0.21903441 0.86961421 0.22675148 0.87338307 0.24239392 0.82985202
0 0.11024319 0.81028069 0.12247003 0.81287959 0.12550181 0.79861621 0.13569021 0.80078182 0.13828911 0.78855498 0.09111446 0.77000753 0.07794334 0.81193532 0.10721101 0.82454598 0.11024319 0.81028069
0 0.24579126 1.00000000 0.26167065 0.95961145 0.22221458 0.94483518 0.20366713 0.99200982 0.22500275 1.00000000 0.24579126 1.00000000
0 0.00000000 0.70342473 0.03981537 0.72076579 0.04995430 0.69310329 0.00000000 0.67017632 0.00000000 0.70342473
0 0.29178405 0.86803728 0.25479931 0.85165776 0.24422518 0.88135830 0.28164471 0.89570170 0.29178405 0.86803728
0 0.16118710 0.82110916 0.13148615 0.81053694 0.11627660 0.85203145 0.14480717 0.85809581 0.16956466 0.87187835 0.18637979 0.83285365 0.16118710 0.82110916
0 0.75004099 0.75069368 0.71331099 0.71306888 0.67438673 0.75591230 0.70951117 0.79106729 0.75004099 0.75069368
0 0.58030208 1.00000000 0.54639938 0.96725455 0.53521574 0.97978520 0.55555149 1.00000000 0.58030208 1.00000000
0 0.62118747 0.96611091 0.60019884 0.94461130 0.58944999 0.95510582 0.61043862 0.97660543 0.62118747 0.96611091
0 1.00000000 0.68339973 0.98679092 0.66896477 0.95744515 0.69680582 0.98207548 0.72121005 1.00000000 0.70521352 1.00000000 0.68339973
