0 0.26648561 0.30260530 0.26085485 0.25349882 0.18788681 0.26808299 0.18938548 0.29109542 0.19500218 0.32847249 0.26751327 0.31346993 0.26648561 0.30260530
0 0.25869478 0.28231705 0.26432475 0.31669857 0.27261699 0.31498290 0.30447136 0.30420914 0.29971464 0.27255498 0.27198207 0.27829286 0.25869478 0.28231705
0 0.71266223 0.53971354 0.70072606 0.42535574 0.69605913 0.42380861 0.61943231 0.44050161 0.61745194 0.44427262 0.62038934 0.48523039 0.62677119 0.53971354 0.71266223 0.53971354
0 0.83095690 0.53971354 0.83014895 0.53045051 0.82316837 0.47391618 0.81483468 0.37340727 0.80986000 0.33953933 0.80454263 0.33682295 0.73945652 0.35080269 0.73459097 0.35525202 0.74860788 0.47624059 0.75389550 0.53971354 0.83095690 0.53971354
0 1.00000000 0.36708032 0.99366238 0.30095450 0.98602549 0.29944453 0.92037373 0.31289617 0.91743164 0.31689329 0.93091194 0.43007500 0.93028819 0.44410443 0.93616652 0.49230380 0.93757771 0.52172085 0.94136770 0.52413524 1.00000000 0.51035063 1.00000000 0.36708032
0 0.85875864 0.53971354 0.92083229 0.52631883 0.92298224 0.52383012 0.90967152 0.41193071 0.90517887 0.36671099 0.90433332 0.33782204 0.90156315 0.32062401 0.89392626 0.31911404 0.83011317 0.33147233 0.82691670 0.33354600 0.82527549 0.33988162 0.83527826 0.43801486 0.84132733 0.47625781 0.84214501 0.50118681 0.84658191 0.53848661 0.84931458 0.53971354 0.85875864 0.53971354
0 0.57048118 0.53971354 0.55556935 0.38874637 0.54897897 0.38765145 0.48870150 0.40050067 0.48117726 0.40359181 0.47953605 0.40992743 0.49380063 0.53971354 0.57048118 0.53971354
0 0.34364478 0.71602448 0.34785891 0.72440954 0.36076633 0.71482908 0.32933985 0.67107961 0.31976401 0.67368215 0.28968160 0.69450895 0.29124159 0.70336234 0.29628915 0.70612315 0.31325038 0.73508061 0.32017208 0.73294640 0.33729579 0.71623190 0.34364478 0.71602448
0 0.24558899 0.79631432 0.25032239 0.81282354 0.25989824 0.81022100 0.28805521 0.78882107 0.28243710 0.77246796 0.26963440 0.77746561 0.24558899 0.79631432
0 0.23272205 0.88895839 0.23729945 0.90458228 0.24864472 0.90166752 0.28736698 0.87292614 0.28263358 0.85641691 0.27467116 0.85782189 0.23272205 0.88895839
0 0.65589316 0.97086716 0.65406160 0.96201388 0.59797006 0.97044372 0.59980162 0.97929699 0.65589316 0.97086716
0 0.62143978 0.92857629 0.62388342 0.93003465 0.62217236 0.93211742 0.59101004 0.93680071 0.58929899 0.93888348 0.58966528 0.94065404 0.59210901 0.94211286 0.59284160 0.94565399 0.60530621 0.94378072 0.60701779 0.94169788 0.62363762 0.93920013 0.62608126 0.94065850 0.62644765 0.94242951 0.62473660 0.94451228 0.59565162 0.94888338 0.59638420 0.95242451 0.59467315 0.95450727 0.59259581 0.95481947 0.59406116 0.96190263 0.65223004 0.95316060 0.65113108 0.94784845 0.64868734 0.94638963 0.64136112 0.91097652 0.61850925 0.91441086 0.62584017 0.91878596 0.62412911 0.92086872 0.58673476 0.92648861 0.58783373 0.93180076 0.59027746 0.93325958 0.62143978 0.92857629
