0 0.48097556 0.22647955 0.51594494 0.06805752 0.40729782 0.04885109 0.37488574 0.20133798 0.48097556 0.22647955
0 0.31282697 0.09096632 0.29039836 0.17819666 0.35388814 0.19039609 0.37383729 0.10263872 0.31282697 0.09096632
0 0.96485684 0.57932692 0.90971976 0.56760718 0.90722866 0.57932692 0.96485684 0.57932692
0 0.89494106 0.57932692 0.89796333 0.56510827 0.85799111 0.55661191 0.85613970 0.55376099 0.79030284 0.53976693 0.78830381 0.54917159 0.78545277 0.55102361 0.76193930 0.54602567 0.76008802 0.54317414 0.76208704 0.53376948 0.70095252 0.52077493 0.69910123 0.51792341 0.64031848 0.50542875 0.63632017 0.52423928 0.67394124 0.53223588 0.67579252 0.53508741 0.67479301 0.53978974 0.72652227 0.55078513 0.73022509 0.55648698 0.72972520 0.55883874 0.82611451 0.57932692 0.89494106 0.57932692
0 0.94152484 0.51047095 0.93852605 0.52457915 0.93567513 0.52643056 0.92767852 0.56405162 0.97940779 0.57504701 0.99090294 0.52096659 0.94152484 0.51047095
0 0.92062503 0.56255235 0.95011253 0.42382454 0.95296346 0.42197313 0.96795715 0.35143334 0.91152556 0.33943843 0.90967415 0.33658751 0.90497122 0.33558787 0.89047728 0.40377650 0.88762635 0.40562791 0.85763909 0.54670689 0.86234142 0.54770640 0.86419344 0.55055745 0.92062503 0.56255235
0 0.83127470 0.54356036 0.83377361 0.53180393 0.80555781 0.52580647 0.80370641 0.52295555 0.80770471 0.50414502 0.81055576 0.50229301 0.83877155 0.50829046 0.84162247 0.50643905 0.84412138 0.49468262 0.83706788 0.49318335 0.83521587 0.49033230 0.81405418 0.48583425 0.81220289 0.48298272 0.81620119 0.46417219 0.81905212 0.46232078 0.82610622 0.46382018 0.82795763 0.46667110 0.84676816 0.47066940 0.84961908 0.46881799 0.85111847 0.46176389 0.84926706 0.45891297 0.82105127 0.45291551 0.81919986 0.45006459 0.82319816 0.43125406 0.82604908 0.42940265 0.85661604 0.43589986 0.85961483 0.42179166 0.82904787 0.41529445 0.82719646 0.41244353 0.83119476 0.39363300 0.83404568 0.39178159 0.86461265 0.39827880 0.86661193 0.38887293 0.83604496 0.38237572 0.83419355 0.37952480 0.83819185 0.36071427 0.84104278 0.35886286 0.87160974 0.36536007 0.87460853 0.35125187 0.84874450 0.34575430 0.84689249 0.34290325 0.84454132 0.34240350 0.84268991 0.33955257 0.84618846 0.32309321 0.68865011 0.28960740 0.67815447 0.33898550 0.67530355 0.34083691 0.64131799 0.50072642 0.75183001 0.52421647 0.75368142 0.52706739 0.83127470 0.54356036
0 1.00000000 0.22307950 0.97663485 0.21811309 0.97513545 0.22516719 0.97228453 0.22701860 0.94171697 0.22052126 0.93986556 0.21767034 0.94136495 0.21061624 0.91079799 0.20411903 0.90894611 0.20126738 0.90944586 0.19891621 0.87887890 0.19241900 0.87737951 0.19947311 0.87452858 0.20132451 0.84631279 0.19532706 0.84446138 0.19247614 0.84596077 0.18542204 0.84410936 0.18257112 0.79943420 0.17307512 0.79293700 0.20364208 0.79008534 0.20549397 0.78158898 0.24546619 0.88034457 0.26645734 0.88219598 0.26930826 1.00000000 0.29434828 1.00000000 0.22307950
0 0.82847896 0.07111660 0.82662695 0.06826555 0.75373659 0.05277222 0.74723938 0.08333919 0.74438786 0.08519047 0.73139332 0.14632500 0.81133837 0.16331784 0.83083013 0.07161635 0.82847896 0.07111660
0 1.00000000 0.01910274 0.95698274 0.00995913 0.93949013 0.09225536 0.93663921 0.09410677 0.84023539 0.07361550 0.83823624 0.08302077 0.86880320 0.08951798 0.87065461 0.09236890 0.86765582 0.10647710 0.86480490 0.10832851 0.83423794 0.10183130 0.82824049 0.13004710 0.83529459 0.13154649 0.83714600 0.13439741 0.85830769 0.13889547 0.86015898 0.14174700 0.85766007 0.15350343 0.85480915 0.15535484 0.82424219 0.14885763 0.82024388 0.16766816 0.84375675 0.17266597 0.84560876 0.17551702 0.90674268 0.18851144 0.90859396 0.19136296 0.97207966 0.20485726 0.97393107 0.20770818 1.00000000 0.21324931 1.00000000 0.17884330 0.98798226 0.17628885 0.98613085 0.17343793 0.98912964 0.15932973 0.99198056 0.15747832 1.00000000 0.15918290 1.00000000 0.13215033 0.99747813 0.13161429 0.99562685 0.12876276 0.99812575 0.11700633 1.00000000 0.11578918 1.00000000 0.01910274
0 0.85588285 0.00000000 0.84973137 0.02894046 0.86383896 0.03193912 0.86569033 0.03479023 0.86419098 0.04184415 0.86134002 0.04369574 0.84723242 0.04069707 0.84173479 0.06656140 0.93108451 0.08555327 0.94757747 0.00795999 0.91012869 0.00000000 0.85588285 0.00000000
0 0.76495368 0.00000000 0.75473623 0.04806929 0.83232952 0.06456225 0.84605265 0.00000000 0.76495368 0.00000000
0 0.32728953 1.00000000 0.32870737 0.99332957 0.32685596 0.99047865 0.32885511 0.98107339 0.32700323 0.97822174 0.32900225 0.96881707 0.32715097 0.96596555 0.32915012 0.95656028 0.32729871 0.95370936 0.32879810 0.94665526 0.32644694 0.94615551 0.32359589 0.94800752 0.31419002 0.94600824 0.31133910 0.94785965 0.30193383 0.94586050 0.29908291 0.94771191 0.28967765 0.94571276 0.28682672 0.94756417 0.27742146 0.94556502 0.27456994 0.94741630 0.26516527 0.94541728 0.26231362 0.94726916 0.25290836 0.94527001 0.25005743 0.94712142 0.24065217 0.94512227 0.23780125 0.94697368 0.23630185 0.95402778 0.23815326 0.95687870 0.23615411 0.96628397 0.23800539 0.96913549 0.23550649 0.98089192 0.23735850 0.98374297 0.23535935 0.99314824 0.23721076 0.99599916 0.23636035 1.00000000 0.32728953 1.00000000
0 0.51747341 1.00000000 0.51675567 0.99889447 0.51875469 0.98948981 0.51690341 0.98663828 0.51940232 0.97488185 0.51755091 0.97203093 0.51955006 0.96262566 0.51769878 0.95977414 0.52019768 0.94801771 0.51834567 0.94516666 0.51364334 0.94416715 0.51079181 0.94601843 0.50138715 0.94401941 0.49853550 0.94587129 0.48913024 0.94387214 0.48627931 0.94572355 0.47687405 0.94372440 0.47402313 0.94557581 0.46461786 0.94357666 0.46176694 0.94542807 0.45236107 0.94342879 0.44951015 0.94528020 0.44010488 0.94328105 0.43725383 0.94513306 0.42784857 0.94313391 0.42499765 0.94498532 0.41559238 0.94298617 0.41274086 0.94483745 0.40568736 0.94333818 0.40283631 0.94519019 0.39343044 0.94319092 0.39057952 0.94504233 0.38908025 0.95209582 0.39093154 0.95494735 0.38893239 0.96435261 0.39078440 0.96720366 0.38878525 0.97660893 0.39063666 0.97945985 0.38813775 0.99121628 0.38998903 0.99406781 0.38872811 1.00000000 0.51747341 1.00000000
0 1.00000000 0.81627044 0.98318840 0.80035525 0.91954106 0.86546818 0.95828906 0.90516095 1.00000000 0.86121478 1.00000000 0.81627044
