0 0.37853334 0.21349907 0.37412678 0.10529390 0.20068891 0.11135111 0.19947942 0.18261520 0.20211421 0.23288996 0.37870936 0.22363500 0.37853334 0.21349907
0 0.36317946 0.22914282 0.46319065 0.22390145 0.46233487 0.18332970 0.46218417 0.17964817 0.46081918 0.15360266 0.36182429 0.16241291 0.36317946 0.22914282
0 1.00000000 0.24128683 0.99495463 0.16178348 0.99089500 0.16195918 0.99132049 0.16866385 0.98939730 0.17042774 0.98127856 0.17077912 0.98181041 0.17915985 0.97988721 0.18092374 0.97176847 0.18127512 0.97219399 0.18798021 0.97027028 0.18974414 0.96215205 0.19009549 0.96268390 0.19847621 0.96076019 0.20024014 0.95264145 0.20059151 0.95306694 0.20729618 0.94922058 0.21082440 0.94516095 0.21100010 0.94558644 0.21770477 0.94366325 0.21946867 0.93554451 0.21982004 0.93586363 0.22484865 0.93394044 0.22661255 0.92988080 0.22678825 0.92795761 0.22855214 0.92838310 0.23525681 0.92645991 0.23702071 0.92037073 0.23728425 0.92079624 0.24398934 0.91887305 0.24575324 0.91075430 0.24610462 0.91107340 0.25113279 0.93745918 0.24999082 0.93959512 0.25157947 0.94023334 0.26163626 0.93831015 0.26340016 0.93019141 0.26375153 0.93029780 0.26542802 0.92837461 0.26719192 0.92869373 0.27222053 0.92677002 0.27398445 0.92271090 0.27416012 0.92313639 0.28086479 0.92121320 0.28262869 0.91309446 0.28298006 0.91362631 0.29136079 0.91170262 0.29312514 0.86704981 0.29505770 0.86747529 0.30176237 0.86555210 0.30352626 0.85743336 0.30387764 0.85785885 0.31058231 0.85401197 0.31411055 0.84589323 0.31446193 0.84621233 0.31949011 0.84834825 0.32107833 0.84642508 0.32284265 0.84033642 0.32310617 0.84065554 0.32813478 0.83680863 0.33166260 0.83071945 0.33192613 0.83114494 0.33863080 0.82729858 0.34215903 0.82120940 0.34242256 0.82163485 0.34912680 0.81971169 0.35089113 0.81565206 0.35106683 0.81372887 0.35283072 0.81426072 0.36121145 0.81233753 0.36297535 0.80421879 0.36332672 0.80464430 0.37003182 0.80272059 0.37179574 0.79663192 0.37205925 0.79705741 0.37876392 0.79513422 0.38052782 0.78701495 0.38087922 0.78733408 0.38590782 0.78541089 0.38767172 0.77729214 0.38802310 0.77782399 0.39640382 0.77590083 0.39816815 0.76981164 0.39843169 0.77023710 0.40513593 0.79662340 0.40399393 0.79875935 0.40558258 0.79929120 0.41396331 0.79736801 0.41572721 0.79127882 0.41599075 0.79170430 0.42269541 0.78978062 0.42445976 0.78166240 0.42481112 0.77973869 0.42657504 0.95226181 0.41910829 0.95418552 0.41734437 0.96433382 0.41690515 0.96380194 0.40852400 0.96572513 0.40676010 0.97587395 0.40632086 0.97534210 0.39794014 0.97726526 0.39617581 0.98335393 0.39591230 0.98292847 0.38920806 0.98485215 0.38744371 0.99094134 0.38718017 0.99051585 0.38047550 0.99243904 0.37871161 1.00000000 0.37838437 1.00000000 0.24128683
0 0.14113346 0.66619265 0.17613309 0.79882658 0.21956715 0.77757626 0.18491245 0.65152391 0.14113346 0.66619265
0 0.24625593 0.70440620 0.29090073 0.69051705 0.25676692 0.55866269 0.21142876 0.57506306 0.24625593 0.70440620
0 0.31507829 0.61665363 0.36288454 0.60012392 0.32888007 0.47073767 0.28267610 0.48635845 0.31507829 0.61665363
0 0.47968750 0.62704808 0.46896954 0.59373929 0.42445409 0.61009653 0.46581973 0.73827205 0.47968750 0.73109520 0.47968750 0.62704808
0 0.40023341 0.68313725 0.35576107 0.70031719 0.39799253 0.82927229 0.44155593 0.81049006 0.40023341 0.68313725
0 0.37009301 0.89508118 0.33214752 0.76920130 0.28680936 0.78560166 0.32332504 0.91568127 0.37009301 0.89508118
0 1.00000000 0.76459357 0.97634245 0.76595256 0.97644884 0.76817772 0.96683239 0.77988418 0.96693876 0.78210877 0.95924498 0.79147409 0.95935135 0.79369868 0.94973493 0.80540572 0.94984129 0.80763031 0.94214803 0.81699560 0.94225440 0.81922018 0.93263795 0.83092665 0.93274432 0.83315124 0.92312790 0.84485828 0.92323426 0.84708286 0.91554100 0.85644816 0.91564737 0.85867274 0.90603092 0.87037921 0.90613732 0.87260437 0.90421360 0.87494557 0.91233235 0.87447920 0.91446827 0.87658720 0.93476538 0.87542125 0.93690133 0.87752983 0.93743318 0.88865333 0.93550998 0.89099451 0.92739124 0.89146088 0.92781673 0.90035980 0.92589354 0.90270097 0.89341857 0.90456646 0.89149538 0.90690764 0.88134657 0.90749062 0.87365334 0.91685649 0.87375970 0.91908108 0.86414326 0.93078754 0.86424962 0.93301213 0.85655636 0.94237743 0.85666273 0.94460201 0.84704631 0.95630905 0.84715267 0.95853364 0.83945942 0.96789893 0.83956578 0.97012352 0.82994933 0.98182998 0.83005573 0.98405514 0.82236195 0.99342046 1.00000000 0.98321623 1.00000000 0.76459357
0 0.99749903 0.74019785 0.99952858 0.74008127 0.99931585 0.73563209 0.99739266 0.73797327 0.99749903 0.74019785
0 0.83611384 0.42968750 0.83615060 0.43045647 0.82653364 0.44216308 0.82664001 0.44438778 0.81702358 0.45609442 0.81712995 0.45831918 0.80751350 0.47002576 0.80761987 0.47225046 0.79800290 0.48395684 0.79810930 0.48618200 0.78849285 0.49788847 0.78859921 0.50011305 0.77898279 0.51182009 0.77908916 0.51404468 0.76947271 0.52575115 0.76957908 0.52797573 0.75803895 0.54202397 0.75814531 0.54424856 0.74852886 0.55595502 0.74863523 0.55817961 0.73901881 0.56988665 0.73912517 0.57211124 0.72950873 0.58381770 0.72961512 0.58604286 0.71999815 0.59774936 0.72010452 0.59997394 0.71048807 0.61168041 0.71059443 0.61390500 0.70097801 0.62561203 0.70108438 0.62783662 0.69146741 0.63954312 0.69157380 0.64176827 0.68003417 0.65581592 0.68014053 0.65804050 0.67052408 0.66974697 0.67063048 0.67197213 0.66101351 0.68367862 0.66111987 0.68590321 0.65150345 0.69761025 0.65160982 0.69983484 0.64199337 0.71154130 0.64209974 0.71376589 0.63248329 0.72547236 0.63258968 0.72769751 0.62297323 0.73940398 0.62307960 0.74162857 0.61538582 0.75099389 0.61581131 0.75989281 0.63001924 0.75907665 0.63194243 0.75673548 0.64412080 0.75603590 0.64625672 0.75814390 0.64689496 0.77149257 0.64497177 0.77383375 0.63685303 0.77430012 0.62723658 0.78600658 0.62734297 0.78823174 0.61772601 0.79993824 0.61783237 0.80216282 0.60629273 0.81621047 0.60639912 0.81843562 0.59678268 0.83014209 0.59688904 0.83236668 0.58727210 0.84407374 0.58737847 0.84629833 0.57776202 0.85800480 0.57786839 0.86022938 0.56632878 0.87427759 0.56643514 0.87650218 0.55681817 0.88820868 0.55692454 0.89043326 0.54730812 0.90214030 0.54741448 0.90436489 0.53779803 0.91607136 0.53790443 0.91829651 0.52636453 0.93234417 0.52647089 0.93456875 0.51685429 0.94627523 0.51696068 0.94850039 0.50734413 0.96020686 0.50745050 0.96243145 0.49783397 0.97413849 0.49794034 0.97636308 0.49217035 0.98338662 0.49296469 1.00000000 0.70782359 1.00000000 0.78379832 0.99563571 0.78956787 0.98861162 0.78946150 0.98638703 0.79715528 0.97702171 0.79704891 0.97479712 0.80474162 0.96543129 0.80463526 0.96320670 0.81232903 0.95384138 0.81222267 0.95161679 0.81991540 0.94225153 0.81980904 0.94002694 0.82750282 0.93066162 0.82739642 0.92843646 0.83508919 0.91907177 0.83498280 0.91684661 0.84267657 0.90748129 0.84257021 0.90525670 0.84833975 0.89823261 0.84823339 0.89600802 0.81778798 0.89775693 0.81565206 0.89564892 0.82142212 0.88862480 0.82131576 0.88640022 0.82516263 0.88171727 0.82505627 0.87949268 0.83082581 0.87246859 0.83071945 0.87024401 0.83264264 0.86790283 0.87323687 0.86557094 0.87516006 0.86322977 0.87505366 0.86100461 0.88274692 0.85163931 0.88264056 0.84941473 0.88841062 0.84239061 0.88830426 0.84016602 0.89599699 0.83080076 0.89589063 0.82857617 0.90358440 0.81921085 0.90347801 0.81698569 0.91117078 0.80762100 0.91106438 0.80539584 0.91683445 0.79837172 0.91672808 0.79614713 0.92442134 0.78678184 0.92431498 0.78455725 0.93200823 0.77519196 0.93190187 0.77296737 0.93767193 0.76594325 0.93756557 0.76371866 0.94525883 0.75435337 0.91684349 0.75598566 0.91257110 0.75176911 0.91214562 0.74287019 0.91406881 0.74052902 0.92421711 0.73994606 0.92389798 0.73327173 0.92582170 0.73093052 0.94002910 0.73011440 0.94195281 0.72777319 0.97036815 0.72614090 0.97026175 0.72391575 0.97603185 0.71689220 0.97592548 0.71466761 0.98361871 0.70530175 0.98351235 0.70307716 0.99120560 0.69371187 0.99109924 0.69148728 0.99686930 0.68446316 0.98468768 0.42968750 0.83611384 0.42968750
