0 0.19321384 0.23917337 0.03442987 0.30648848 0.05198667 0.34438303 0.18485569 0.28665664 0.17617233 0.27062049 0.18724458 0.26699508 0.19535572 0.27978598 0.20991231 0.27220005 0.19321384 0.23917337
0 0.05451466 0.35397572 0.08118399 0.41034036 0.24345230 0.33906472 0.21759428 0.28255702 0.05451466 0.35397572
0 0.22608954 0.27854947 0.24827315 0.33319545 0.38104614 0.27966868 0.35747899 0.22192050 0.22608954 0.27854947
0 0.22208199 0.27005420 0.35170576 0.21290004 0.32718425 0.15448361 0.19636702 0.21435782 0.22208199 0.27005420
0 0.34522121 0.17138008 0.36153753 0.20698375 0.37867111 0.19977996 0.37218260 0.18670293 0.38230048 0.18240927 0.38931420 0.19372061 0.52299453 0.13585116 0.50395816 0.09905404 0.34522121 0.17138008
0 0.36936256 0.21815203 0.39126006 0.27117540 0.55219185 0.20180849 0.52580863 0.14706647 0.36936256 0.21815203
0 0.72043823 0.10652287 0.72229769 0.10845361 0.72285514 0.11314173 0.72471501 0.11507236 0.72527254 0.11976107 0.72713200 0.12169181 0.72768952 0.12638053 0.72954899 0.12831127 0.73010644 0.13299938 0.73196638 0.13493061 0.73280263 0.14196339 0.73466209 0.14389412 0.73494082 0.14623818 0.74442564 0.14375815 0.74628551 0.14568878 0.74712176 0.15272156 0.74581935 0.15547904 0.73949600 0.15713243 0.74033225 0.16416520 0.74219171 0.16609594 0.74274923 0.17078466 0.74460910 0.17271529 0.74516662 0.17740400 0.74702609 0.17933474 0.74786227 0.18636692 0.74972180 0.18829825 0.75027925 0.19298637 0.75213919 0.19491760 0.75269665 0.19960572 0.75455611 0.20153645 0.75511363 0.20622517 0.75697310 0.20815591 0.75753062 0.21284462 0.75939009 0.21477536 0.76022626 0.22180753 0.76208580 0.22373887 0.76264325 0.22842698 0.76450319 0.23035822 0.76506064 0.23504633 0.76692011 0.23697707 0.76747763 0.24166578 0.76933709 0.24359652 0.77017334 0.25062930 0.77203321 0.25255993 0.77259066 0.25724804 0.77445020 0.25917938 0.77500765 0.26386750 0.77686719 0.26579883 0.77742464 0.27048695 0.77928410 0.27241769 0.78012035 0.27945046 0.78197982 0.28138120 0.78253734 0.28606992 0.78439721 0.28800055 0.78523346 0.29503332 0.78709292 0.29696406 0.78765045 0.30165277 0.78950991 0.30358351 0.79006736 0.30827162 0.79192723 0.31020226 0.79248475 0.31489097 0.79434422 0.31682171 0.79462302 0.31916637 0.79620375 0.31875305 0.79750569 0.31599507 0.80224830 0.31475500 0.80038884 0.31282426 0.80169085 0.31006689 0.80801420 0.30841350 0.80615467 0.30648216 0.80531849 0.29944999 0.80345903 0.29751925 0.80290150 0.29283053 0.80104163 0.29089990 0.80048411 0.28621119 0.79862465 0.28428045 0.79778840 0.27724768 0.79592893 0.27531694 0.79537141 0.27062822 0.79351154 0.26869759 0.79295409 0.26400947 0.79109463 0.26207874 0.79053710 0.25739002 0.78867764 0.25545928 0.78812011 0.25077057 0.78626065 0.24883983 0.78570320 0.24415172 0.78384366 0.24222038 0.78300741 0.23518760 0.78114754 0.23325697 0.78059009 0.22856886 0.77873063 0.22663812 0.77817310 0.22194940 0.77631364 0.22001867 0.77575612 0.21532995 0.77389625 0.21339932 0.77306000 0.20636655 0.77120053 0.20443581 0.77064301 0.19974709 0.76878355 0.19781635 0.76794737 0.19078418 0.76608783 0.18885284 0.76553038 0.18416473 0.76367085 0.18223339 0.76311339 0.17754528 0.76125353 0.17561464 0.76041728 0.16858187 0.75855781 0.16665113 0.75800029 0.16196242 0.75614082 0.16003168 0.75530457 0.15299891 0.75344471 0.15106828 0.75288718 0.14637956 0.75102772 0.14444882 0.75047027 0.13976071 0.74861080 0.13782997 0.74777455 0.13079720 0.74591502 0.12886586 0.74535757 0.12417774 0.74349810 0.12224700 0.74294058 0.11755829 0.74108071 0.11562766 0.74052319 0.11093894 0.73866372 0.10900820 0.73810627 0.10432009 0.73624681 0.10238935 0.73541056 0.09535658 0.73355062 0.09342535 0.73299316 0.08873723 0.73113370 0.08680649 0.73057618 0.08211778 0.72871671 0.08018704 0.71290854 0.08432046 0.71476800 0.08625120 0.71532553 0.09093991 0.71718499 0.09287065 0.71802124 0.09990342 0.71988070 0.10183416 0.72043823 0.10652287
0 0.58906250 0.79638649 0.57273233 0.73497205 0.55686971 0.73682683 0.55153878 0.73435153 0.52661189 0.73726617 0.52860971 0.74477956 0.53127518 0.74601722 0.53207437 0.74902280 0.53473983 0.75026045 0.53513938 0.75176305 0.53780542 0.75300064 0.53820497 0.75450324 0.54087053 0.75574128 0.54127008 0.75724388 0.54393554 0.75848153 0.56886243 0.75556689 0.57152800 0.75680492 0.57232709 0.75981013 0.57499255 0.76104778 0.57539210 0.76255038 0.57352582 0.76431831 0.57125990 0.76458326 0.57165944 0.76608586 0.56979248 0.76785348 0.56526064 0.76838338 0.56339436 0.77015132 0.55433009 0.77121118 0.55699555 0.77244883 0.55739510 0.77395143 0.56006056 0.77518909 0.56046011 0.77669169 0.56312625 0.77792965 0.56392534 0.78093486 0.56659091 0.78217289 0.56699045 0.78367550 0.56965592 0.78491315 0.57005546 0.78641575 0.57272093 0.78765340 0.57312057 0.78915639 0.57578604 0.79039404 0.57658523 0.79339963 0.57925127 0.79463721 0.57965082 0.79613981 0.58231628 0.79737746 0.58271582 0.79888006 0.58538140 0.80011810 0.58618048 0.80312330 0.58884663 0.80436127 0.58906250 0.80517312 0.58906250 0.79638649
0 0.55073959 0.73134594 0.55034005 0.72984334 0.53221151 0.73196307 0.53261105 0.73346567 0.55073959 0.73134594
0 0.49403124 0.60937500 0.47451994 0.61165641 0.47491952 0.61315913 0.47305259 0.61492686 0.45945647 0.61651663 0.45759011 0.61828425 0.44852584 0.61934412 0.44892541 0.62084679 0.44705906 0.62261446 0.44252663 0.62314443 0.44612278 0.63666880 0.44425640 0.63843635 0.42839378 0.64029113 0.42572831 0.63905348 0.42119589 0.63958344 0.41932951 0.64135099 0.42386135 0.64082110 0.42652740 0.64205868 0.42812567 0.64806947 0.43265752 0.64753957 0.43532367 0.64877754 0.43692184 0.65478794 0.43958741 0.65602598 0.43998695 0.65752858 0.44265242 0.65876623 0.44305207 0.66026922 0.44838300 0.66274452 0.44878254 0.66424712 0.45144859 0.66548471 0.45184823 0.66698770 0.45451370 0.66822535 0.45491324 0.66972795 0.45757881 0.67096598 0.45797835 0.67246859 0.46064440 0.67370617 0.48557071 0.67079160 0.48823617 0.67202925 0.49063364 0.68104562 0.48876726 0.68281317 0.47517114 0.68440294 0.47557069 0.68590554 0.47823615 0.68714319 0.47903534 0.69014878 0.48170081 0.69138643 0.48210045 0.69288942 0.48476650 0.69412700 0.48556559 0.69713220 0.48823105 0.69836985 0.48863070 0.69987284 0.49129616 0.70111049 0.49169571 0.70261309 0.49436127 0.70385113 0.49516036 0.70685633 0.49742628 0.70659138 0.50275780 0.70906662 0.50355698 0.71207221 0.50888860 0.71454783 0.50928814 0.71605043 0.51195361 0.71728808 0.51275270 0.72029328 0.51728454 0.71976338 0.51995011 0.72100142 0.52034965 0.72250402 0.52301570 0.72374161 0.52341534 0.72524459 0.54607573 0.72259497 0.54567608 0.72109198 0.54754304 0.71932436 0.56567159 0.71720463 0.56487240 0.71419905 0.56673877 0.71243150 0.53933594 0.60937500 0.49403124 0.60937500
0 1.00000000 0.60937500 0.87710899 0.60937500 0.92055943 0.72392306 0.94990071 0.71821948 0.97203624 0.76965714 0.97876155 0.76835070 1.00000000 0.76132486 1.00000000 0.60937500
0 1.00000000 0.83288588 0.95183632 0.83006536 0.94914406 0.91679899 0.98653966 0.92212212 1.00000000 0.91974870 1.00000000 0.83288588
