0 0.00000000 0.20146902 0.00162846 0.20114001 0.02635436 0.19519397 0.02226954 0.16424538 0.00000000 0.16792539 0.00000000 0.20146902
0 0.00000000 0.31502121 0.03470776 0.30842461 0.02652734 0.24644562 0.00000000 0.24808079 0.00000000 0.31502121
0 0.24979275 0.00000000 0.26626499 0.33485837 0.27086901 0.36974075 0.29321741 0.36698657 0.30041431 0.36515045 0.27935280 0.00000000 0.24979275 0.00000000
0 0.55989583 0.19065788 0.46476233 0.19869004 0.47382474 0.27059757 0.55989583 0.26255707 0.55989583 0.19065788
0 0.29557431 0.04478511 0.23824394 0.05215991 0.26528481 0.46508949 0.28396945 0.46354262 0.32805661 0.45516336 0.29859704 0.06043536 0.29651817 0.04468481 0.29557431 0.04478511
0 0.95092824 0.16315842 0.95049292 0.15757293 0.78648136 0.13417964 0.78467675 0.15270903 0.78471505 0.15299917 0.92388313 0.16907223 0.95093010 0.16393165 0.95092824 0.16315842
0 0.86961467 0.29170692 0.88224936 0.10289965 0.88151608 0.09734390 0.86806610 0.09640089 0.85749491 0.29401041 0.86961467 0.29170692
0 0.86165661 0.32902748 0.87359370 0.33001441 0.87409457 0.32989390 0.87927095 0.15025111 0.87769377 0.13830162 0.86758539 0.14022283 0.86165661 0.32902748
0 0.85282199 0.52678945 0.94717398 0.53641008 0.95856198 0.53424566 0.98163344 0.19666156 0.98138412 0.19477260 0.87339192 0.17923184 0.85282199 0.52678945
0 0.77338537 0.47540787 0.87168854 0.49538775 0.90778032 0.48852810 0.90770655 0.48721010 0.77594579 0.46070718 0.77338537 0.47540787
0 0.87656161 0.55937500 0.88664282 0.40664735 0.88628544 0.40316057 0.88582041 0.39963730 0.87607968 0.39969942 0.86291879 0.55937500 0.87656161 0.55937500
0 0.88075578 0.55937500 0.88352018 0.51205630 0.88272823 0.50605609 0.86795575 0.50342335 0.86522382 0.55937500 0.88075578 0.55937500
0 0.76453610 0.90978280 0.75815778 0.87144565 0.72519170 0.87138332 0.71570608 0.84945652 0.65079238 0.85704817 0.63751251 0.82635065 0.57408855 0.83524114 0.57613743 0.88072905 0.60504166 0.87998141 0.61026174 0.89955497 0.63552347 0.93113916 0.76453610 0.90978280
