0 0.59451406 0.13031094 0.54807812 0.13265625 0.57839531 0.23281250 0.60521250 0.23281250 0.61718750 0.23137188 0.61718750 0.19802812 0.59905781 0.13068281 0.59451406 0.13031094
0 0.76871563 0.19683438 0.79030156 0.14106563 0.79034063 0.14040469 0.68825000 0.11299844 0.67343750 0.15509531 0.67343750 0.16458281 0.76558281 0.19694375 0.76871563 0.19683438
0 0.82270312 0.35415937 0.82650000 0.35389375 0.84687500 0.30896250 0.84687500 0.30237344 0.74702500 0.27031250 0.74505625 0.27031250 0.72605156 0.32542656 0.82270312 0.35415937
0 0.77968750 0.47944687 0.86233906 0.51823594 0.86417969 0.51816094 0.89841719 0.46625625 0.89867656 0.46284375 0.80863906 0.42656250 0.80550781 0.42656250 0.77968750 0.47232031 0.77968750 0.47944687
0 0.96781250 0.62341406 0.86675156 0.59163594 0.84687500 0.63716094 0.84687500 0.64728750 0.93052187 0.67968750 0.93703281 0.67968750 0.96776875 0.62391406 0.96781250 0.62341406
0 0.85638906 0.85382969 0.91034844 0.87500000 0.91837969 0.87500000 0.94375000 0.78030781 0.94375000 0.77521406 0.89342187 0.75456563 0.85638906 0.85382969
0 0.75311250 0.99687500 0.81510313 0.99687500 0.81718750 0.98357344 0.81718750 0.96022500 0.76637656 0.94089219 0.75311250 0.99687500
0 0.53957500 0.73437500 0.54783906 0.73437500 0.65625000 0.69653906 0.65625000 0.68813125 0.63188906 0.61562500 0.62968437 0.61562500 0.51064062 0.65361563 0.53957500 0.73437500
0 0.46562500 0.53627187 0.49202969 0.61266562 0.49658125 0.61240156 0.61225000 0.56391094 0.58610000 0.49062500 0.56989531 0.49062500 0.46562500 0.53594844 0.46562500 0.53627187
0 0.54997656 0.48994844 0.52037656 0.36853750 0.43750000 0.39132656 0.43750000 0.39405781 0.47139688 0.50000000 0.52119844 0.50000000 0.54967031 0.49743281 0.54997656 0.48994844
0 0.50524531 0.35226875 0.47747656 0.23377656 0.47704062 0.23375313 0.39531250 0.25863906 0.39531250 0.26599688 0.42155625 0.37968750 0.43216250 0.37968750 0.50488437 0.35640313 0.50524531 0.35226875
