0 0.57935938 0.22888437 0.58854063 0.22851094 0.62031250 0.22080781 0.62031250 0.19781875 0.60403125 0.12656250 0.59369219 0.12656250 0.55415000 0.13340781 0.57935938 0.22888437
0 0.78882031 0.15144688 0.69071562 0.11464219 0.67500000 0.15792813 0.67500000 0.16272813 0.74948906 0.19687500 0.77162344 0.19687500 0.78864687 0.15441406 0.78882031 0.15144688
0 0.72670313 0.31909688 0.80555781 0.35312500 0.82630000 0.35312500 0.84218750 0.32207500 0.84218750 0.31177969 0.74650781 0.26818906 0.72670313 0.31909688
0 0.80968438 0.41736094 0.77812500 0.46700313 0.77812500 0.46976406 0.85854531 0.50625000 0.87250156 0.50625000 0.89608594 0.46206562 0.80968438 0.41736094
0 0.86505156 0.65344844 0.91296094 0.67656250 0.92390625 0.67656250 0.94687500 0.58878281 0.94687500 0.58070781 0.89550781 0.56158594 0.86505156 0.65344844
0 0.94856406 0.79766250 0.85443437 0.74876406 0.83125000 0.80170000 0.83125000 0.80548281 0.90897500 0.83750000 0.93146250 0.83750000 0.94845313 0.80040625 0.94856406 0.79766250
0 0.81399375 0.99347031 0.81898594 0.93231094 0.75153281 0.91726406 0.73437500 0.95893281 0.73437500 0.96990781 0.81187344 0.99352031 0.81399375 0.99347031
0 0.51718750 0.64246094 0.53812031 0.71606562 0.54038281 0.71597344 0.65493750 0.67435312 0.65507969 0.67191875 0.63666094 0.60156250 0.62057344 0.60156250 0.51718750 0.63618594 0.51718750 0.64246094
0 0.52775625 0.60873906 0.53145000 0.60865313 0.60514531 0.58082188 0.60516562 0.57913125 0.56542500 0.46718750 0.56328906 0.46718750 0.48633281 0.49706875 0.52775625 0.60873906
0 0.48947969 0.48714687 0.49104687 0.48712813 0.56250000 0.46007344 0.56250000 0.44452656 0.52422500 0.35312500 0.52018125 0.35312500 0.44866094 0.36639531 0.48947969 0.48714687
0 0.51875625 0.34987344 0.48622656 0.23148125 0.40781250 0.25522656 0.40781250 0.26033750 0.43841094 0.37031250 0.45584062 0.37031250 0.51865625 0.35230938 0.51875625 0.34987344
