0 0.18576407 0.07025209 0.20310700 0.11782912 0.20657604 0.11660167 0.21806132 0.10896952 0.21619892 0.09683266 0.20422094 0.06104063 0.20028037 0.06220086 0.18576407 0.07025209
0 0.27684050 0.05502755 0.27666622 0.05344159 0.23629358 0.04501994 0.23381053 0.06963590 0.23419939 0.07217002 0.26535600 0.08183858 0.27379216 0.07935473 0.27684050 0.05502755
0 0.26657301 0.14892145 0.29938389 0.15803742 0.30728943 0.15570979 0.31082926 0.13753438 0.30999521 0.13209907 0.26999707 0.11982272 0.26657301 0.14892145
0 0.30616057 0.19148711 0.29815387 0.22123674 0.29837754 0.22269435 0.33198424 0.23293221 0.33730344 0.23136608 0.34271275 0.20539278 0.30616057 0.19148711
0 0.34638890 0.30991413 0.36652131 0.31674073 0.37069293 0.31551247 0.37233585 0.26659252 0.37168167 0.26232940 0.35055480 0.25799847 0.34638890 0.30991413
0 0.38964844 0.37658217 0.35006409 0.36142655 0.34551621 0.39197527 0.34582267 0.39397237 0.37804007 0.40215346 0.38661082 0.39962997 0.38964844 0.38082128 0.38964844 0.37658217
0 0.35447506 0.49515505 0.35142308 0.46230632 0.32449544 0.46193187 0.32133170 0.48585590 0.32222082 0.49165004 0.35367099 0.49541938 0.35447506 0.49515505
0 0.24900665 0.30995610 0.21240771 0.33983690 0.21291607 0.34314973 0.22685716 0.37965961 0.22771201 0.37935705 0.26800090 0.34452898 0.26785787 0.34322782 0.25513813 0.30815080 0.24900665 0.30995610
0 0.18937773 0.26985372 0.21421228 0.32416059 0.21561313 0.32370071 0.24144622 0.30073758 0.24131700 0.29984275 0.21710167 0.24520269 0.21628759 0.24544238 0.18937773 0.26985372
0 0.16443353 0.20509334 0.18977331 0.26426242 0.19036910 0.26407666 0.21541052 0.24177512 0.21415103 0.23356729 0.19215848 0.18960781 0.19061727 0.19006159 0.16443353 0.20509334
0 0.18996996 0.18980212 0.18981073 0.18850487 0.16782133 0.12965122 0.13985876 0.15098674 0.14027281 0.15368501 0.16084425 0.20831161 0.16748729 0.20635570 0.18996996 0.18980212
0 0.59917192 0.30792170 0.60248809 0.37369761 0.70996974 0.30520754 0.70865324 0.29470703 0.70202184 0.29916510 0.70129633 0.29087798 0.69736590 0.29212171 0.69334248 0.24605137 0.59917192 0.30792170
0 0.23714362 0.76291821 0.23633447 0.77139272 0.26000383 0.91157690 0.30259296 0.90180273 0.29413145 0.83316130 0.27930480 0.75508956 0.27585252 0.75319924 0.23714362 0.76291821
0 0.54763304 1.00000000 0.54051117 0.97473338 0.53768356 0.97334865 0.44440014 0.98830091 0.44769774 1.00000000 0.54763304 1.00000000
0 0.52911016 0.93428543 0.52068316 0.90438854 0.46471323 0.91335987 0.48057563 0.96963575 0.48990397 0.96814052 0.49273188 0.96952567 0.53937330 0.96204959 0.53193777 0.93567016 0.52911016 0.93428543
0 0.66706792 1.00000000 0.66172308 0.98103781 0.65889547 0.97965308 0.65790401 0.97613562 0.65974028 0.97400333 0.67140115 0.97213422 0.64215482 0.86837546 0.62349813 0.87136591 0.62067053 0.86998119 0.53438291 0.88381210 0.54479258 0.92074303 0.54295644 0.92287577 0.56469534 1.00000000 0.66706792 1.00000000
0 0.52575344 0.87049069 0.51176063 0.87273358 0.50893302 0.87134886 0.50794156 0.86783139 0.47529206 0.87306473 0.47826633 0.88361668 0.47643018 0.88574895 0.47176606 0.88649655 0.47374887 0.89353104 0.52971904 0.88455966 0.52575344 0.87049069
0 0.66274895 0.53973510 0.54975146 0.55784730 0.56610953 0.61588168 0.60342290 0.60990078 0.60625110 0.61128541 0.62257525 0.60866883 0.61910545 0.59635882 0.62094219 0.59422599 0.68157612 0.58450707 0.68440385 0.58589224 0.68906832 0.58514458 0.68708549 0.57811001 0.68892172 0.57597758 0.67870610 0.53973510 0.66274895 0.53973510
0 0.39338896 0.63437654 0.39438043 0.63789400 0.39254404 0.64002631 0.39303971 0.64178482 0.44201348 0.63393489 0.44484108 0.63531962 0.55444925 0.61775069 0.53809118 0.55971630 0.39816605 0.58214469 0.39915745 0.58566193 0.39732121 0.58779436 0.39032481 0.58891580 0.40222164 0.63112280 0.40038525 0.63325511 0.39338896 0.63437654
