0 0.22900616 0.07061884 0.15893497 0.10751825 0.17522632 0.14046690 0.24410770 0.10708463 0.22900616 0.07061884
0 0.29129576 0.01661449 0.28316735 0.09768474 0.32867595 0.10041630 0.33103130 0.01769461 0.29129576 0.01661449
0 0.35802203 0.12240417 0.35035526 0.20121849 0.39248955 0.21125087 0.40234082 0.12865287 0.35802203 0.12240417
0 0.43496178 0.22652326 0.41999420 0.30196327 0.46617868 0.31517485 0.47782424 0.23529441 0.43496178 0.22652326
0 0.35790996 0.47211874 0.32301908 0.41750103 0.24069274 0.46834532 0.27810607 0.52441936 0.35790996 0.47211874
0 0.22228831 0.44342565 0.30129262 0.38814095 0.26341765 0.33432283 0.18567456 0.39033571 0.22228831 0.44342565
0 0.24222424 0.30695213 0.21681867 0.25192507 0.13150824 0.30356894 0.16964974 0.35838175 0.24222424 0.30695213
0 0.11130953 0.27593171 0.19310282 0.22309804 0.15423315 0.16954645 0.07343456 0.22211360 0.11130953 0.27593171
0 0.69819864 0.38825878 0.81661318 0.38510362 0.81517381 0.33564180 0.69514848 0.33936300 0.69819864 0.38825878
0 1.00000000 0.40479974 0.98217711 0.40166068 0.97930462 0.42993078 1.00000000 0.43350761 1.00000000 0.40479974
0 0.71999571 0.03758717 0.78913655 0.03818602 0.78847351 0.01797723 0.71976568 0.01949777 0.71999571 0.03758717
0 0.17948968 1.00000000 0.17681309 0.99317147 0.15983405 0.99628149 0.15744164 0.99533755 0.15592509 0.99146852 0.13517314 0.99526962 0.13278121 0.99432559 0.13177026 0.99174646 0.13315111 0.99011102 0.11428513 0.99356667 0.11189321 0.99262264 0.11037666 0.98875361 0.08962432 0.99255479 0.08723230 0.99161077 0.08470480 0.98516260 0.06583906 0.98861821 0.07030039 1.00000000 0.17948968 1.00000000
0 0.50000000 0.89112458 0.48751967 0.89341058 0.48512761 0.89246622 0.48260011 0.88601806 0.46184768 0.88981925 0.45945575 0.88887522 0.45692813 0.88242672 0.43806214 0.88588237 0.43567022 0.88493834 0.43364819 0.87977974 0.41478270 0.88323530 0.41239077 0.88229128 0.40986327 0.87584311 0.39099729 0.87929876 0.38860537 0.87835473 0.38607774 0.87190623 0.36532530 0.87570742 0.36293338 0.87476339 0.36040588 0.86831522 0.34153990 0.87177087 0.33914785 0.87082652 0.33712595 0.86566825 0.31825997 0.86912390 0.31586791 0.86817954 0.31485697 0.86560040 0.31246491 0.86465604 0.31094849 0.86078734 0.29396945 0.86389737 0.29157752 0.86295334 0.28955537 0.85779441 0.26880293 0.86159560 0.26641052 0.86065166 0.26438850 0.85549306 0.24552300 0.85894862 0.27635883 0.93761719 0.29522433 0.93416163 0.29761687 0.93510590 0.29963889 0.94026450 0.31850439 0.93680894 0.32089680 0.93775288 0.32342430 0.94420105 0.32908366 0.94316443 0.33147571 0.94410879 0.34279540 0.94203538 0.34518732 0.94297941 0.34771482 0.94942758 0.36658080 0.94597193 0.36897273 0.94691596 0.36998380 0.94949542 0.37237573 0.95043945 0.37338668 0.95301859 0.39225266 0.94956293 0.39464471 0.95050729 0.39666674 0.95566589 0.41553224 0.95221033 0.41792465 0.95315427 0.41944120 0.95702330 0.43830669 0.95356774 0.44069910 0.95451168 0.44221565 0.95838071 0.47240084 0.95285174 0.47479276 0.95379577 0.48422551 0.95206799 0.48220349 0.94690939 0.48358447 0.94527428 0.50000000 0.94226748 0.50000000 0.89112458
0 0.50000000 0.85518609 0.49512888 0.85607833 0.49273695 0.85513430 0.49071493 0.84997570 0.47184895 0.85343135 0.46945702 0.85248732 0.46692939 0.84603882 0.44617696 0.84984001 0.44378504 0.84889598 0.44125754 0.84244781 0.42239156 0.84590346 0.41999950 0.84495911 0.41747200 0.83851094 0.39860651 0.84196650 0.39722566 0.84360194 0.39483312 0.84265767 0.39230562 0.83620950 0.37344012 0.83966506 0.37104771 0.83872112 0.36852009 0.83227262 0.34965459 0.83572819 0.34726266 0.83478416 0.34473516 0.82833599 0.34284871 0.82868153 0.34146725 0.83031672 0.32637466 0.83308121 0.32398273 0.83213718 0.32145523 0.82568901 0.30824910 0.82810796 0.30686812 0.82974306 0.30120827 0.83077977 0.29881635 0.82983574 0.29628872 0.82338724 0.27930968 0.82649727 0.27691775 0.82555324 0.27489573 0.82039463 0.25414329 0.82419583 0.26071484 0.84096120 0.27958033 0.83750563 0.28197287 0.83844990 0.28500584 0.84618764 0.30575779 0.84238654 0.30814972 0.84333056 0.31017187 0.84848950 0.32903786 0.84503384 0.33142978 0.84597787 0.33395728 0.85242604 0.35282326 0.84897039 0.35521519 0.84991442 0.35673174 0.85378345 0.37559723 0.85032789 0.37798964 0.85127183 0.38102274 0.85900990 0.40177518 0.85520871 0.40416710 0.85615273 0.40618913 0.86131134 0.42128172 0.85854685 0.42367365 0.85949088 0.42556010 0.85914534 0.42795215 0.86008970 0.42997405 0.86524797 0.44884003 0.86179232 0.45123209 0.86273668 0.45274864 0.86660571 0.47161462 0.86315006 0.47400654 0.86409409 0.47703951 0.87183182 0.49779195 0.86803063 0.50000000 0.86890235 0.50000000 0.85518609
0 0.73823098 1.00000000 0.74716602 0.99010958 0.71994128 0.94887586 0.78465316 0.88098577 0.76322360 0.84628733 0.74573893 0.84895031 0.60241950 1.00000000 0.73823098 1.00000000
