0 0.07134912 0.00000000 0.00000000 0.32519068 0.00000000 0.35699593 0.07291030 0.39843750 0.09030178 0.39843750 0.18106115 0.00000000 0.07134912 0.00000000
0 0.82475597 0.38318251 0.82381322 0.38781660 0.83661128 0.38876502 0.83885638 0.39049938 0.87980860 0.39353421 0.88106560 0.38735543 0.82475597 0.38318251
0 0.77037784 0.38228870 0.76750424 0.38364373 0.81101582 0.38686823 0.81195856 0.38223414 0.77100634 0.37919930 0.77037784 0.38228870
0 0.82282519 0.37990306 0.88169417 0.38426564 0.88295125 0.37808646 0.88070615 0.37635210 0.82439652 0.37217918 0.82282519 0.37990306
0 0.81002779 0.37895468 0.81159911 0.37123080 0.77064689 0.36819597 0.76907557 0.37591985 0.81002779 0.37895468
0 0.95935240 0.39843750 0.96418200 0.37469749 0.92067043 0.37147299 0.91595637 0.39464502 0.91820148 0.39637938 0.94597384 0.39843750 0.95935240 0.39843750
0 0.82884152 0.36309988 0.88515115 0.36727279 0.86979374 0.36613471 0.86754864 0.36440034 0.82915577 0.36155518 0.82884152 0.36309988
0 0.89781230 0.33057704 0.83638397 0.32602479 0.83351037 0.32737982 0.83225322 0.33355939 0.87576479 0.33678389 0.87801054 0.33851830 0.89592665 0.33984601 0.89781230 0.33057704
0 0.23159703 1.00000000 0.25384901 0.78948702 0.19972782 0.77755136 0.19408226 0.78241496 0.17501727 0.99929640 0.17883751 1.00000000 0.23159703 1.00000000
0 0.33984375 0.84319519 0.31205182 0.83169131 0.30425174 0.79877004 0.26822385 0.79016674 0.26257828 0.79503034 0.24704844 1.00000000 0.33598110 1.00000000 0.33984375 0.94236879 0.33984375 0.84319519
0 0.85963618 0.82145795 0.86614906 0.80602514 0.73605860 0.73490167 0.72736067 0.75009188 0.85963618 0.82145795
