0 0.00000000 0.32631118 0.45449649 0.23785333 0.40887124 0.13318162 0.00000000 0.21090478 0.00000000 0.32631118
0 0.79201698 0.27933551 0.86308561 0.16351195 0.76061282 0.13700320 0.68738827 0.25336600 0.79201698 0.27933551
0 1.00000000 0.20972560 0.87877377 0.17565608 0.83626115 0.24170770 1.00000000 0.28875013 1.00000000 0.20972560
0 0.00000000 0.78619370 0.03540163 0.78375948 0.04501461 0.79752561 0.05861159 0.79847835 0.07885248 0.79465959 0.08396227 0.78716210 0.05009508 0.66564679 0.04252954 0.66380742 0.00245608 0.66885502 0.00051952 0.69359519 0.00000000 0.69366581 0.00000000 0.78619370
0 0.77670742 0.94139305 0.78950782 0.94293753 0.79114413 0.94525726 0.79095195 0.94735636 0.80009535 0.94845959 0.80028754 0.94636049 0.79865076 0.94404071 0.80067195 0.94216175 0.80981489 0.94326493 0.81183557 0.94138645 0.81366406 0.94160708 0.81568521 0.93972866 0.83031410 0.94149377 0.83069847 0.93729556 0.80692616 0.93442722 0.80490549 0.93630570 0.77199071 0.93233423 0.77122193 0.94073117 0.77285825 0.94305090 0.77468674 0.94327152 0.77670742 0.94139305
0 0.71482052 0.91057901 0.71193758 0.94206768 0.73022346 0.94427404 0.73272204 0.91698357 0.73108572 0.91466384 0.73127791 0.91256474 0.71482052 0.91057901
0 0.64129169 0.90595167 0.60289050 0.90131821 0.60086977 0.90319723 0.59914003 0.92209022 0.60077634 0.92440994 0.60000756 0.93280689 0.64389424 0.93810221 0.64523962 0.92340743 0.64726029 0.92152895 0.64889707 0.92384873 0.64755170 0.93854352 0.64957237 0.93666504 0.69528755 0.94218099 0.69730869 0.94030257 0.69913719 0.94052320 0.70048256 0.92582841 0.69884625 0.92350868 0.70019162 0.90881390 0.68556273 0.90704879 0.68354159 0.90892721 0.64879785 0.90473506 0.64677717 0.90661354 0.64514086 0.90429381 0.64331237 0.90407319 0.64129169 0.90595167
0 0.82944610 0.93077704 0.83127506 0.93099772 0.83185166 0.92469988 0.81173681 0.92227284 0.80971567 0.92415126 0.80240169 0.92326876 0.80076491 0.92094898 0.80095709 0.91884988 0.79364265 0.91796732 0.78960129 0.92172428 0.77131494 0.91951786 0.77295172 0.92183765 0.77256731 0.92603639 0.82742542 0.93265552 0.82944610 0.93077704
0 0.86034067 0.93662704 0.86582615 0.93728891 0.86717153 0.92259413 0.85985708 0.92171157 0.85783635 0.92359059 0.83589301 0.92094292 0.83339449 0.94823286 0.85716633 0.95110114 0.85831952 0.93850546 0.86034067 0.93662704
0 0.87323407 0.91695821 0.87054332 0.94634779 0.89980111 0.94987800 0.90076207 0.93938196 0.89912581 0.93706169 0.90066336 0.92026781 0.87323407 0.91695821
0 0.91173350 0.94070576 0.91337029 0.94302554 0.91260151 0.95142249 0.91625849 0.95186374 0.91827964 0.94998532 0.96033735 0.95505996 0.96235850 0.95318154 0.97881589 0.95516727 0.98150664 0.92577770 0.96687775 0.92401259 0.96485707 0.92589107 0.91914143 0.92037506 0.91798824 0.93297075 0.91394688 0.93672770 0.91211792 0.93650702 0.91173350 0.94070576
0 0.61097367 0.89380436 0.64571741 0.89799651 0.64821598 0.87070604 0.65023666 0.86882756 0.64860034 0.86650783 0.64311439 0.86584590 0.64109371 0.86772438 0.60269299 0.86309099 0.60000224 0.89248056 0.60163855 0.89480028 0.60895300 0.89568284 0.61097367 0.89380436
0 0.69181700 0.89931372 0.69913144 0.90019627 0.70182214 0.87080724 0.68719325 0.86904213 0.68517258 0.87092061 0.65225733 0.86694908 0.65023666 0.86882756 0.65187297 0.87114729 0.64937440 0.89843776 0.65139559 0.89655880 0.68979632 0.90119220 0.69181700 0.89931372
0 0.79412049 0.89255587 0.79007914 0.89631282 0.78459319 0.89565089 0.78622945 0.89797115 0.78603727 0.90007026 0.78767358 0.90238998 0.78728921 0.90658819 0.78892594 0.90890851 0.79806888 0.91001168 0.80008961 0.90813267 0.80191811 0.90835329 0.80028179 0.90603357 0.80230247 0.90415509 0.81693136 0.90592020 0.81770014 0.89752326 0.80124276 0.89553752 0.79960644 0.89321780 0.80162717 0.89133878 0.81442757 0.89288327 0.81461975 0.89078417 0.81298297 0.88846438 0.81317515 0.88636528 0.80403221 0.88526210 0.80239590 0.88294238 0.80258813 0.88084274 0.78978773 0.87929825 0.78959550 0.88139789 0.79123228 0.88371767 0.79104010 0.88581678 0.79267641 0.88813650 0.79248423 0.89023560 0.79412049 0.89255587
0 0.71895535 0.88560880 0.72059166 0.88792853 0.71857094 0.88980754 0.71674244 0.88958692 0.71558930 0.90218206 0.73204669 0.90416780 0.73492962 0.87267912 0.73290889 0.87455814 0.71645104 0.87257235 0.71625886 0.87467145 0.71789564 0.87699123 0.71712686 0.88538818 0.71895535 0.88560880
0 0.76851442 0.84914003 0.76909102 0.84284219 0.75629062 0.84129771 0.75417646 0.86438943 0.75783392 0.86483074 0.75985460 0.86295226 0.76899754 0.86405544 0.77015073 0.85145976 0.76851442 0.84914003
0 0.72751595 0.85268290 0.71837301 0.85157972 0.71721987 0.86417487 0.73550622 0.86638128 0.73665936 0.85378613 0.73502305 0.85146641 0.73636842 0.83677162 0.71808208 0.83456521 0.71769766 0.83876395 0.71933397 0.84108367 0.71875743 0.84738098 0.72790037 0.84848416 0.72953710 0.85080448 0.72751595 0.85268290
0 0.63358176 0.82861460 0.60432398 0.82508438 0.60393961 0.82928259 0.60557592 0.83160231 0.60346177 0.85469404 0.64369099 0.85954806 0.64571213 0.85766964 0.65302611 0.85855214 0.65398707 0.84805610 0.65600827 0.84617714 0.65764453 0.84849740 0.65668357 0.85899345 0.70239874 0.86450940 0.70508949 0.83511983 0.70345318 0.83280010 0.69065279 0.83125561 0.68863211 0.83313409 0.65937432 0.82960388 0.65735360 0.83148289 0.65571686 0.82916257 0.63560249 0.82673559 0.63358176 0.82861460
0 0.80759092 0.86658979 0.82221981 0.86835490 0.82424054 0.86647589 0.83155498 0.86735844 0.83328472 0.84846545 0.80585543 0.84515586 0.80421912 0.84283613 0.80441135 0.84073649 0.79161095 0.83919201 0.79026558 0.85388680 0.79190189 0.85620652 0.79055651 0.87090131 0.80518541 0.87266642 0.80556977 0.86846821 0.80759092 0.86658979
0 0.73713721 0.82837468 0.73790598 0.81997773 0.71961963 0.81777132 0.71885086 0.82616826 0.73713721 0.82837468
0 0.77428556 0.82648955 0.77630671 0.82461113 0.77688331 0.81831329 0.76225441 0.81654818 0.76206223 0.81864728 0.76004104 0.82052624 0.75821254 0.82030561 0.75802036 0.82240471 0.75965667 0.82472444 0.77428556 0.82648955
0 0.76263878 0.81234998 0.77543871 0.81389440 0.77620749 0.80549746 0.76706455 0.80439428 0.76504387 0.80627276 0.75955792 0.80561083 0.75936574 0.80770993 0.76119423 0.80793055 0.76283096 0.81025087 0.76263878 0.81234998
0 0.65186237 0.79049409 0.63357602 0.78828768 0.63155534 0.79016615 0.60412605 0.78685656 0.60335727 0.79525351 0.60499358 0.79757323 0.60326384 0.81646622 0.63069313 0.81977581 0.63271381 0.81789734 0.65100016 0.82010375 0.65176894 0.81170681 0.65378962 0.80982833 0.65542593 0.81214805 0.65465715 0.82054500 0.70402978 0.82650226 0.70691271 0.79501358 0.67765493 0.79148337 0.67563420 0.79336238 0.65551936 0.79093534 0.65398180 0.80772923 0.65196112 0.80960771 0.65032481 0.80728798 0.65186237 0.79049409
0 0.72173379 0.79467959 0.72077278 0.80517617 0.73357318 0.80672066 0.73559390 0.80484164 0.73742240 0.80506227 0.73819118 0.79666532 0.72173379 0.79467959
0 0.79324194 0.80118541 0.79266534 0.80748325 0.79430165 0.80980297 0.79391724 0.81400172 0.82866098 0.81819386 0.83068170 0.81631485 0.83799615 0.81719740 0.83963241 0.81951767 0.83944023 0.82161677 0.83741955 0.82349524 0.79901883 0.81886185 0.79699815 0.82074033 0.79516919 0.82051964 0.79459259 0.82681749 0.79786563 0.83145753 0.80700857 0.83256071 0.80537231 0.83024045 0.80556449 0.82814135 0.80758517 0.82626287 0.83135700 0.82913116 0.83337773 0.82725214 0.83703519 0.82769345 0.83867145 0.83001371 0.86792924 0.83354393 0.86995043 0.83166497 0.87177893 0.83188560 0.87370085 0.81089351 0.87206454 0.80857378 0.84097779 0.80482288 0.84040124 0.81112018 0.83838052 0.81299920 0.80912273 0.80946898 0.80748647 0.80714872 0.80787083 0.80295052 0.79324194 0.80118541
0 0.76878901 0.74517442 0.76859683 0.74727353 0.81065454 0.75234817 0.81103891 0.74814997 0.81306011 0.74627101 0.81854606 0.74693294 0.82056673 0.74505446 0.84251007 0.74770212 0.84289449 0.74350339 0.84125771 0.74118360 0.82662881 0.73941849 0.82460814 0.74129697 0.78072146 0.73600164 0.77870073 0.73788066 0.77138629 0.73699810 0.77080969 0.74329595 0.76878901 0.74517442
0 0.74097536 0.74606304 0.74366606 0.71667400 0.72537971 0.71446759 0.72422657 0.72706273 0.72586335 0.72938251 0.72432579 0.74617640 0.72981174 0.74683833 0.73183242 0.74495986 0.74097536 0.74606304
0 0.60777197 0.70664456 0.60719543 0.71294186 0.60883221 0.71526165 0.60691023 0.73625427 0.63251056 0.73934319 0.63453124 0.73746471 0.68573283 0.74364264 0.68775356 0.74176363 0.70969689 0.74441129 0.71219542 0.71712136 0.71055864 0.71480158 0.71075082 0.71270248 0.69612192 0.71093737 0.69410125 0.71281585 0.65570052 0.70818245 0.65367985 0.71006093 0.61527912 0.70542753 0.61325793 0.70730649 0.60777197 0.70664456
0 0.77109535 0.71998359 0.76926639 0.71976291 0.76868979 0.72606075 0.77032657 0.72838054 0.77013439 0.73047964 0.80304916 0.73445110 0.80507031 0.73257268 0.84164207 0.73698540 0.84366322 0.73510698 0.84202649 0.73278666 0.84221867 0.73068756 0.81296088 0.72715734 0.81132457 0.72483761 0.81151680 0.72273797 0.80968831 0.72251735 0.80805200 0.72019762 0.80073755 0.71931507 0.80054537 0.72141417 0.79852417 0.72329313 0.78389528 0.72152802 0.78187460 0.72340650 0.78023829 0.72108677 0.78043052 0.71898713 0.77311608 0.71810458 0.77109535 0.71998359
0 0.86387681 0.75664763 0.87667721 0.75819212 0.87725381 0.75189427 0.87561703 0.74957449 0.87753900 0.72858186 0.84645272 0.72483102 0.84568394 0.73322796 0.84366322 0.73510698 0.84529953 0.73742670 0.84510735 0.73952581 0.84674366 0.74184553 0.84559047 0.75444122 0.85839086 0.75598570 0.86041154 0.75410723 0.86224050 0.75432790 0.86387681 0.75664763
0 0.77773450 0.70804984 0.77975517 0.70617136 0.79804105 0.70837772 0.79880983 0.69998077 0.78966689 0.69887760 0.78764622 0.70075607 0.76570288 0.69810841 0.76454968 0.71070410 0.77552112 0.71202790 0.77754227 0.71014948 0.77773450 0.70804984
0 0.81469063 0.70826435 0.83480547 0.71069139 0.83682666 0.70881243 0.84231215 0.70947430 0.84067583 0.70715458 0.84106020 0.70295637 0.83374575 0.70207382 0.83172508 0.70395230 0.80246729 0.70042208 0.80131410 0.71301777 0.81228553 0.71434157 0.81266995 0.71014283 0.81469063 0.70826435
0 0.74433609 0.68916344 0.74529710 0.67866686 0.72701075 0.67646044 0.72528101 0.69535343 0.72691727 0.69767370 0.72595631 0.70816974 0.74424266 0.71037616 0.74597240 0.69148317 0.74433609 0.68916344
0 0.61123150 0.66885804 0.60969395 0.68565193 0.61133072 0.68797171 0.61036976 0.69846776 0.65242748 0.70354240 0.65444863 0.70166398 0.70016380 0.70717993 0.70218447 0.70530146 0.71132742 0.70640464 0.71421035 0.67491596 0.69226748 0.67226835 0.69024633 0.67414677 0.65367410 0.66973400 0.65165337 0.67161302 0.61508114 0.66720025 0.61306047 0.66907872 0.61123150 0.66885804
0 0.81642042 0.68937082 0.81478410 0.68705110 0.81497629 0.68495199 0.80217589 0.68340751 0.80102270 0.69600320 0.80468015 0.69644450 0.80670088 0.69456549 0.84144461 0.69875763 0.84202121 0.69245979 0.81642042 0.68937082
0 0.79245635 0.68860217 0.79082009 0.68628191 0.77619119 0.68451680 0.77455488 0.68219708 0.77474706 0.68009798 0.76560412 0.67899480 0.76425875 0.69368958 0.78620162 0.69633719 0.78822276 0.69445877 0.79370872 0.69512070 0.79428531 0.68882286 0.79245635 0.68860217
0 0.76550490 0.65988112 0.76454394 0.67037717 0.76637290 0.67059785 0.76839358 0.66871937 0.79216541 0.67158766 0.79293419 0.66319072 0.76550490 0.65988112
0 0.81632166 0.67025721 0.83460801 0.67246362 0.83662869 0.67058515 0.84211464 0.67124708 0.84249901 0.66704887 0.80044082 0.66197417 0.80024864 0.66407327 0.80188495 0.66639300 0.80169277 0.66849210 0.80332908 0.67081183 0.81430098 0.67213569 0.81632166 0.67025721
0 0.64510771 0.66233352 0.67619399 0.66608436 0.67821513 0.66420594 0.71112991 0.66817741 0.71315063 0.66629839 0.71564915 0.63900846 0.66993398 0.63349251 0.66791330 0.63537099 0.61854068 0.62941373 0.61652000 0.63129221 0.61382925 0.66068178 0.64308703 0.66421200 0.64510771 0.66233352
0 0.74606588 0.67026992 0.74875658 0.64088088 0.73047023 0.63867447 0.72777953 0.66806350 0.74606588 0.67026992
0 0.78003504 0.64253262 0.76723464 0.64098814 0.76588932 0.65568239 0.77868971 0.65722687 0.78071039 0.65534839 0.83191152 0.66152627 0.83393219 0.65964780 0.84490410 0.66097165 0.84528851 0.65677291 0.84365220 0.65445319 0.84384438 0.65235409 0.82921549 0.65058898 0.82719481 0.65246745 0.81805140 0.65136422 0.81641509 0.64904449 0.81679950 0.64484575 0.80582760 0.64352189 0.80380688 0.64540091 0.80361469 0.64750001 0.80159402 0.64937849 0.78147917 0.64695145 0.77984286 0.64463172 0.78003504 0.64253262
0 0.61709655 0.62499490 0.61911722 0.62311642 0.65386096 0.62730857 0.65588169 0.62542956 0.69062542 0.62962171 0.69264610 0.62774323 0.71458944 0.63039089 0.71728014 0.60100186 0.68253640 0.59680971 0.68051573 0.59868819 0.62931460 0.59251031 0.62729393 0.59438878 0.61815052 0.59328555 0.61545977 0.62267512 0.61709655 0.62499490
0 0.73027277 0.60044670 0.73008054 0.60254634 0.73171685 0.60486607 0.72941052 0.63005690 0.74769639 0.63226325 0.75038715 0.60287368 0.73027277 0.60044670
0 0.94297359 0.66006980 0.95760248 0.66183491 0.95962362 0.65995649 0.96020022 0.65365865 0.95856344 0.65133886 0.96086978 0.62614803 0.95538383 0.62548610 0.95374752 0.62316638 0.92814719 0.62007746 0.92776282 0.62427567 0.92939909 0.62659593 0.92728498 0.64968712 0.94191387 0.65145223 0.94355018 0.65377196 0.94297359 0.66006980
0 0.80668981 0.61391223 0.79023242 0.61192650 0.78859611 0.60960677 0.77396722 0.60784167 0.77194654 0.60972014 0.77011758 0.60949946 0.76809690 0.61137794 0.76771254 0.61557614 0.79331286 0.61866506 0.79533401 0.61678663 0.83922069 0.62208196 0.84124136 0.62020348 0.85038430 0.62130666 0.85202062 0.62362639 0.85182844 0.62572549 0.84980771 0.62760450 0.82420738 0.62451559 0.82218623 0.62639401 0.77464257 0.62065744 0.77262189 0.62253592 0.76713594 0.62187399 0.76877220 0.62419425 0.76781124 0.63469029 0.78426910 0.63667608 0.78465351 0.63247734 0.78869486 0.62872039 0.80149526 0.63026487 0.80313157 0.63258460 0.81776047 0.63434971 0.81795265 0.63225061 0.81997333 0.63037213 0.84923111 0.63390235 0.85086742 0.63622207 0.88195417 0.63997297 0.88445274 0.61268250 0.85336599 0.60893160 0.84932459 0.61268909 0.83652419 0.61114461 0.83450352 0.61302309 0.80890272 0.60993412 0.80871049 0.61203376 0.80668981 0.61391223
0 0.73449529 0.51393685 0.73613207 0.51625664 0.73401792 0.53934837 0.76144674 0.54265790 0.76346788 0.54077948 0.80735456 0.54607481 0.80937524 0.54419633 0.84777596 0.54882973 0.85027452 0.52153937 0.82467420 0.51845045 0.82265306 0.52032877 0.78790932 0.51613662 0.78588860 0.51801563 0.75114533 0.51382354 0.74912418 0.51570196 0.73449529 0.51393685
0 0.63863871 0.51086059 0.63671679 0.53185268 0.65866013 0.53450035 0.66068127 0.53262192 0.70639644 0.53813788 0.70841712 0.53625940 0.71390307 0.53692133 0.71467185 0.52852438 0.71303507 0.52620460 0.71611020 0.49261672 0.68502392 0.48886588 0.68300323 0.49074446 0.64825949 0.48655232 0.64623881 0.48843090 0.63892436 0.48754834 0.63700240 0.50854087 0.63863871 0.51086059
0 1.00000000 0.52050330 0.96903541 0.51676714 0.96701473 0.51864572 0.92861400 0.51401233 0.92659284 0.51589091 0.91744990 0.51478773 0.91552795 0.53578009 0.91716427 0.53809982 0.91581889 0.55279460 0.92679079 0.55411846 0.92881147 0.55223998 0.96721220 0.55687338 0.96923339 0.55499442 1.00000000 0.55870669 1.00000000 0.52050330
0 0.73946684 0.45963542 0.73699382 0.48664681 0.76259462 0.48973578 0.76461531 0.48785714 0.80850199 0.49315247 0.81052268 0.49127383 0.84892340 0.49590723 0.85094456 0.49402870 0.85113675 0.49192949 0.84949999 0.48960955 0.85142193 0.46861719 0.77698269 0.45963542 0.73946684 0.45963542
0 0.63963122 0.45963542 0.63959440 0.46003768 0.64123070 0.46235751 0.64026972 0.47285372 0.64229041 0.47097508 0.69714899 0.47759427 0.69916968 0.47571568 0.71745556 0.47792204 0.71783995 0.47372357 0.71620366 0.47140368 0.71728110 0.45963542 0.63963122 0.45963542
