0 0.00000000 0.39032837 0.07874792 0.49394350 0.07940267 0.49373487 0.21086034 0.37185599 0.21079551 0.37151148 0.01484334 0.12028102 0.00000000 0.12370787 0.00000000 0.39032837
0 0.69738412 0.60937500 0.69726029 0.59431771 0.66807831 0.58368257 0.67119827 0.55089026 0.64357790 0.54123093 0.63596564 0.54298836 0.61703696 0.59413006 0.61772149 0.60867169 0.61827497 0.60937500 0.69738412 0.60937500
0 0.92885440 0.60937500 0.93051383 0.60327456 0.93714540 0.55096287 0.74858475 0.48090718 0.71179050 0.47202947 0.70945052 0.49662370 0.74517188 0.51243078 0.74780802 0.52384918 0.74312481 0.53829372 0.75874097 0.54805178 0.75854842 0.57615923 0.79583139 0.59294212 0.79328703 0.60937500 0.92885440 0.60937500
0 0.31901042 0.91131492 0.31820255 0.90703012 0.28784773 0.91561130 0.28635323 0.91446747 0.25478398 0.92339196 0.25562496 0.92785237 0.25469114 0.92968227 0.26310075 0.97428559 0.31901042 0.95848016 0.31901042 0.91131492
0 0.25170523 0.96811076 0.24357599 0.92499450 0.20229348 0.93666489 0.20079875 0.93552153 0.19715608 0.93655130 0.19939864 0.94844546 0.19846482 0.95027536 0.20603346 0.99041827 0.25217307 0.97737480 0.25077142 0.96994066 0.25170523 0.96811076
0 0.28317663 0.90440368 0.31717443 0.89479264 0.31212864 0.86803058 0.31306246 0.86620068 0.30689540 0.83349153 0.29475329 0.83692405 0.29325887 0.83578060 0.25561871 0.84642132 0.25412429 0.84527787 0.24319660 0.84836708 0.24226247 0.85019707 0.24927044 0.88736624 0.24833669 0.88919652 0.25254143 0.91149780 0.28168213 0.90325985 0.28317663 0.90440368
0 0.23890520 0.91378679 0.24039962 0.91493024 0.24161374 0.91458701 0.24077276 0.91012660 0.24170658 0.90829670 0.23329704 0.86369377 0.23423078 0.86186349 0.23226860 0.85145638 0.19827142 0.86106723 0.19677662 0.85992349 0.18463482 0.86335593 0.19164285 0.90052548 0.19070872 0.90235547 0.19491353 0.92465713 0.20462710 0.92191114 0.20612183 0.92305451 0.23890520 0.91378679
0 0.31426879 0.76406832 0.30249542 0.70162414 0.28671064 0.70608643 0.28521622 0.70494299 0.23786249 0.71832968 0.24010505 0.73022385 0.23917123 0.73205375 0.24842175 0.78111709 0.26663477 0.77596835 0.26812919 0.77711180 0.31426879 0.76406832
0 0.23964200 0.78203317 0.23403561 0.75229776 0.23496974 0.75046777 0.22684050 0.70735151 0.20862748 0.71250026 0.20713299 0.71135642 0.16585017 0.72302690 0.17622196 0.77803732 0.17528821 0.77986761 0.17865204 0.79770885 0.19443652 0.79324665 0.19593125 0.79439001 0.23964200 0.78203317
0 0.27755621 0.69144808 0.27905101 0.69259182 0.29969226 0.68675663 0.28988107 0.63471956 0.28138162 0.63712232 0.27988713 0.63597849 0.26288823 0.64078400 0.26139381 0.63964055 0.24439491 0.64444607 0.24290049 0.64330262 0.24262019 0.64181594 0.24355400 0.63998604 0.24215235 0.63255190 0.22393965 0.63770056 0.23375084 0.68973763 0.23281671 0.69156762 0.23477896 0.70197511 0.23720751 0.70128857 0.23870193 0.70243202 0.27755621 0.69144808
0 0.21432370 0.69522960 0.21581812 0.69637305 0.22553169 0.69362706 0.21880403 0.65794457 0.21973784 0.65611466 0.21693461 0.64124677 0.19872191 0.64639542 0.19722718 0.64525206 0.19358451 0.64628183 0.19209009 0.64513838 0.19040814 0.63621756 0.18190869 0.63862032 0.18041428 0.63747695 0.15370212 0.64502836 0.16042977 0.68071078 0.15949564 0.68254077 0.16426113 0.70781616 0.18368826 0.70232419 0.18518299 0.70346755 0.21432370 0.69522960
0 0.75016157 0.60937500 0.75557889 0.62283484 0.80482519 0.61631319 0.80801535 0.61745671 0.82058159 0.64867873 0.81858833 0.65050901 0.82277699 0.66091612 0.82078373 0.66274640 0.81759345 0.66160257 0.77353068 0.66743777 0.80524578 0.74623690 0.85190031 0.74005848 0.85509044 0.74120193 0.87244388 0.78431819 0.87045062 0.78614847 0.84193914 0.78992422 0.83874886 0.78878039 0.82319757 0.79083983 0.82120365 0.79267020 0.82958111 0.81348480 0.83277190 0.81462817 0.85670774 0.87409899 0.90336227 0.86792057 0.90655255 0.86906440 0.92270912 0.90920693 0.92071571 0.91103683 0.89220424 0.91481258 0.88901411 0.91366913 0.87346282 0.91572858 0.87146874 0.91755857 0.89360950 0.97256937 1.00000000 0.95848016 1.00000000 0.78921718 0.92761708 0.60937500 0.75016157 0.60937500
0 0.62071072 0.60937500 0.61660556 0.60991864 0.62498310 0.63073343 0.62298974 0.63256345 0.57633454 0.63874196 0.58830248 0.66847745 0.58630907 0.67030735 0.58989937 0.67922779 0.58790611 0.68105807 0.55939464 0.68483382 0.55620435 0.68368999 0.54324483 0.68540621 0.54504006 0.68986661 0.54304680 0.69169690 0.55740830 0.72737939 0.55541422 0.72920938 0.51135146 0.73504458 0.52750803 0.77518710 0.52551477 0.77701739 0.47885957 0.78319589 0.48963062 0.80995758 0.48763736 0.81178786 0.49541647 0.83111578 0.49342305 0.83294568 0.44936029 0.83878088 0.45654104 0.85662213 0.45454696 0.85845212 0.45993249 0.87183296 0.45793923 0.87366324 0.44497971 0.87537946 0.44178943 0.87423563 0.40809388 0.87869790 0.42425061 0.91884081 0.42225721 0.92067111 0.37560235 0.92684957 0.38936534 0.96104501 0.38737188 0.96287532 0.37441223 0.96459156 0.38866342 1.00000000 0.68647514 1.00000000 0.86509803 0.97634512 0.86031086 0.96445095 0.80847279 0.97131583 0.80528200 0.97017246 0.79690438 0.94935748 0.79889846 0.94752749 0.79351293 0.93414665 0.79550619 0.93231637 0.84475250 0.92579472 0.82380861 0.87375765 0.81344152 0.87513056 0.81025073 0.87398720 0.77396394 0.87879262 0.77077382 0.87764917 0.76598665 0.86575501 0.76798006 0.86392511 0.76020080 0.84459680 0.76219421 0.84276690 0.76159586 0.84128022 0.76358927 0.83945032 0.80246849 0.83430158 0.79409087 0.81348660 0.79608429 0.81165670 0.75958218 0.72096378 0.71551942 0.72679897 0.71232914 0.72565514 0.70036137 0.69592011 0.70235463 0.69408983 0.70175628 0.69260315 0.70374969 0.69077325 0.74522068 0.68528128 0.73385112 0.65703254 0.73584454 0.65520264 0.71789262 0.61059940 0.71922673 0.60937500 0.62071072 0.60937500
0 0.31901042 0.75738391 0.35982192 0.75197928 0.34426370 0.71332343 0.34825104 0.70966316 0.38713026 0.70451442 0.37456399 0.67329232 0.37855074 0.66963233 0.42779770 0.66311060 0.42301054 0.65121643 0.41982036 0.65007287 0.41443481 0.63669195 0.31901042 0.64932892 0.31901042 0.75738391
