0 0.12935278 0.10823665 0.09784709 0.16672151 0.27865863 0.20662426 0.30917912 0.14944423 0.12935278 0.10823665
0 0.63626035 0.00000000 0.69761857 0.19668587 0.79625452 0.10914326 0.76223102 0.00000000 0.63626035 0.00000000
0 0.82475744 0.16729679 0.81065187 0.12269758 0.70665929 0.21374366 0.73605437 0.30441022 0.76606639 0.27698562 0.82410892 0.22716083 0.82475744 0.16729679
0 0.83345997 0.31958763 0.82674884 0.25069877 0.74431974 0.31855216 0.74465848 0.31958763 0.83345997 0.31958763
0 0.29672161 0.64253408 0.33159562 0.53567748 0.24378010 0.47711022 0.20286804 0.58501779 0.29672161 0.64253408
0 0.21088256 0.86860540 0.25413570 0.75942149 0.16633089 0.69390157 0.12459261 0.79934641 0.21088256 0.86860540
0 0.55429200 0.51289147 0.55379685 0.50761503 0.54774817 0.50858679 0.54548457 0.50627280 0.54424680 0.49308272 0.54601526 0.49012027 0.54576772 0.48748239 0.53971955 0.48845407 0.54120485 0.50428203 0.53943589 0.50724456 0.53993097 0.51252032 0.55001176 0.51090078 0.55227594 0.51321536 0.55429200 0.51289147
0 0.57650577 0.48790013 0.57448971 0.48822402 0.57547987 0.49877555 0.57371142 0.50173799 0.56766274 0.50270975 0.56815782 0.50798551 0.56638885 0.51094804 0.56663639 0.51358592 0.56865296 0.51326195 0.57091656 0.51557594 0.57696524 0.51460418 0.57922884 0.51691817 0.58527752 0.51594642 0.58354461 0.49747990 0.58531313 0.49451813 0.58333268 0.47341373 0.58131662 0.47373762 0.58255445 0.48692838 0.58078542 0.48989023 0.58152804 0.49780387 0.57975959 0.50076632 0.57749593 0.49845166 0.57650577 0.48790013
0 0.49886468 0.51108422 0.50063335 0.50812242 0.50516087 0.51275103 0.51120945 0.51177930 0.51347315 0.51409327 0.51524177 0.51113148 0.52733903 0.50918799 0.52960263 0.51150198 0.53363474 0.51085419 0.53540377 0.50789234 0.53466109 0.49997802 0.53239698 0.49766411 0.53214944 0.49502623 0.53568692 0.48910193 0.53342332 0.48678794 0.51326132 0.49002708 0.51099755 0.48771244 0.49083570 0.49095155 0.48857195 0.48863759 0.48931464 0.49655191 0.48754602 0.49951369 0.48878378 0.51270377 0.49684852 0.51140813 0.49911229 0.51372277 0.49886468 0.51108422
0 0.49946706 0.45207573 0.50173075 0.45438970 0.50296852 0.46757978 0.51103326 0.46628413 0.51329682 0.46859881 0.52337813 0.46697919 0.52040745 0.43532260 0.52217597 0.43236083 0.51991231 0.43004616 0.50378273 0.43263747 0.50151898 0.43032351 0.48942186 0.43226698 0.49041209 0.44281918 0.48864347 0.44578096 0.48913861 0.45105740 0.49317093 0.45040959 0.49543469 0.45272355 0.49946706 0.45207573
