0 0.00000000 0.24008868 0.02404266 0.20196326 0.00000000 0.18705294 0.00000000 0.24008868
0 0.19055068 0.37302428 0.21686055 0.33085020 0.23083406 0.33408587 0.30860058 0.20668716 0.21713059 0.14778899 0.13863095 0.27737055 0.12641033 0.27180871 0.10010046 0.31398280 0.19055068 0.37302428
0 0.37138636 0.44921875 0.38147785 0.43666294 0.38918947 0.43973876 0.47089172 0.31074701 0.38319762 0.25651771 0.30763047 0.37736789 0.30834706 0.38246670 0.28275379 0.42973961 0.31405098 0.44921875 0.37138636 0.44921875
0 0.08791036 0.44921875 0.11079973 0.41230998 0.06309687 0.38365742 0.03838004 0.42976724 0.06574202 0.44921875 0.08791036 0.44921875
0 0.50570512 0.00000000 0.50177603 0.02150990 0.55834460 0.03348407 0.56836224 0.00000000 0.50570512 0.00000000
0 0.49779452 0.03276929 0.48792276 0.08392027 0.54412546 0.09402089 0.55512849 0.04352352 0.49779452 0.03276929
0 0.59748122 0.00000000 0.59049287 0.04018843 0.64192665 0.05482304 0.65207609 0.00000000 0.59748122 0.00000000
0 0.58747917 0.05256621 0.57440984 0.10400879 0.62731644 0.11229658 0.63784052 0.06131032 0.58747917 0.05256621
0 0.60435761 0.23024320 0.56917629 0.39332227 0.69307306 0.41375260 0.78474149 0.01995736 0.68983914 0.00540247 0.63568897 0.23701502 0.60435761 0.23024320
0 0.88010170 0.04940400 0.81460206 0.03327295 0.72766798 0.42534764 0.79439874 0.44097628 0.88010170 0.04940400
0 0.68190879 0.44921875 0.68718890 0.43173875 0.56222778 0.41354471 0.55380502 0.44921875 0.68190879 0.44921875
0 0.77107229 0.44921875 0.72256059 0.43589350 0.71908944 0.44921875 0.77107229 0.44921875
0 0.39806706 0.75836615 0.44045511 0.77555012 0.44845030 0.75759667 0.40400021 0.74070053 0.39806706 0.75836615
0 0.34284393 0.81451417 0.43116570 0.84417685 0.43738722 0.82857713 0.34964718 0.80303966 0.34284393 0.81451417
