0 0.15157534 0.10969851 0.15151980 0.10971638 0.13626303 0.13855004 0.16045075 0.16123993 0.16190419 0.16074827 0.17426783 0.13479054 0.17332560 0.12966334 0.15157534 0.10969851
0 0.22435856 0.33995054 0.23121549 0.33451266 0.24639905 0.35143454 0.26069604 0.34659828 0.29041979 0.29644866 0.29040964 0.29638237 0.26837222 0.27182289 0.26289358 0.27854960 0.19634100 0.20246776 0.15996583 0.26302616 0.16084663 0.26781910 0.22435856 0.33995054
0 0.36841253 0.37290930 0.30511546 0.30548320 0.30157976 0.31003981 0.28148584 0.29369364 0.27951608 0.29435995 0.25287889 0.34177738 0.25420145 0.34897411 0.27211454 0.37124063 0.27256785 0.37512403 0.33150370 0.43874369 0.33199296 0.43856167 0.36852554 0.37387750 0.36841253 0.37290930
0 0.41992188 0.36905281 0.41913037 0.36823470 0.41754832 0.36876986 0.40077630 0.39959867 0.40100503 0.40084333 0.41992188 0.41781961 0.41992188 0.36905281
0 0.38825526 0.22454874 0.41326625 0.21503228 0.41073007 0.20012764 0.40323949 0.19287422 0.40246088 0.19313760 0.38569916 0.22541340 0.38825526 0.22454874
0 0.30185783 0.13377411 0.30171287 0.13273139 0.28081269 0.10665875 0.26152741 0.13862213 0.26201678 0.14128506 0.28334678 0.16462237 0.28647777 0.16356325 0.30185783 0.13377411
0 0.67043597 0.23932471 0.65559970 0.23715954 0.65147063 0.24471442 0.60774273 0.28319895 0.60938726 0.28751769 0.62944009 0.29418299 0.65390198 0.28789596 0.67285845 0.29168211 0.71163798 0.25553448 0.67043597 0.23932471
0 0.58594785 0.37314936 0.56809661 0.36306651 0.56563571 0.35047117 0.54036338 0.34236435 0.53486682 0.34326167 0.53376160 0.34955837 0.50928198 0.37419712 0.49085891 0.38714365 0.48755803 0.39074066 0.49194936 0.39614004 0.54468970 0.41505337 0.55101148 0.41325680 0.56558844 0.39940908 0.58594785 0.37314936
0 0.19586440 0.85452442 0.19054505 0.85588340 0.19044061 0.85293597 0.18291437 0.85439185 0.18755193 0.89064671 0.19370499 0.88995632 0.19353647 0.88690800 0.19926700 0.88694383 0.19586440 0.85452442
0 0.23031573 0.79947710 0.19661246 0.80356133 0.19786755 0.81960468 0.23809989 0.81409652 0.23820285 0.80951312 0.23080911 0.80929459 0.23031573 0.79947710
0 0.23390904 0.77044257 0.19398391 0.77601615 0.19438421 0.79344193 0.22799271 0.78782663 0.22624802 0.77528222 0.23449924 0.77333412 0.23390904 0.77044257
0 0.18991796 0.76759639 0.22717737 0.76178176 0.22569628 0.74380062 0.18912571 0.74897024 0.18991796 0.76759639
0 0.32228561 0.76819595 0.31830120 0.74111975 0.28608934 0.74646352 0.28738230 0.75311116 0.30640224 0.75081356 0.30866957 0.76979840 0.32228561 0.76819595
0 0.28380015 0.72640549 0.28513220 0.74111054 0.31726728 0.73800364 0.31621151 0.72507536 0.28380015 0.72640549
0 0.31920907 0.70570485 0.31418180 0.66698904 0.30568484 0.66844455 0.30660550 0.67656349 0.28907787 0.67866212 0.29080812 0.70945462 0.31920907 0.70570485
0 0.86075807 0.56972112 0.88604780 0.64208765 0.89291278 0.63942917 0.89492622 0.64560827 0.93802665 0.60677806 0.92754258 0.57856914 0.93099970 0.57482374 0.92922450 0.56972112 0.86075807 0.56972112
0 1.00000000 0.60474629 0.99351958 0.58573358 0.95393635 0.62467004 0.95821964 0.63700687 0.97107968 0.62336780 0.98512341 0.66646958 0.97324967 0.67784897 1.00000000 0.75466470 1.00000000 0.60474629
0 0.89520030 0.67360336 0.91035330 0.71981866 0.91777144 0.71596527 0.92069260 0.72493012 0.92533106 0.72258956 0.93425739 0.75039182 0.94811818 0.73781553 0.95149722 0.74818640 0.96628898 0.73645985 0.97168810 0.75303013 0.98743678 0.73936544 0.96843284 0.68238821 0.94952303 0.70062553 0.93367037 0.65197178 0.94931006 0.63840071 0.94734381 0.63236582 0.89520030 0.67360336
