0 0.41563921 0.22439622 0.39772272 0.25116513 0.42604111 0.26529190 0.44351362 0.23982284 0.41563921 0.22439622
0 0.28114757 0.15390380 0.26436090 0.17926754 0.25484026 0.17765029 0.20528705 0.25423347 0.26849898 0.28701990 0.31849617 0.20913687 0.32688699 0.21215929 0.34367366 0.18679555 0.28114757 0.15390380
0 0.16948756 0.09838066 0.15060361 0.12037141 0.14531897 0.11871954 0.09314331 0.19632125 0.15369305 0.22643728 0.20191432 0.15375366 0.20130966 0.15076731 0.21749166 0.12241722 0.16948756 0.09838066
0 0.06601626 0.04837434 0.05048035 0.07293018 0.08549483 0.09218712 0.10203963 0.06562884 0.06601626 0.04837434
0 0.21125462 0.02176140 0.24751985 0.04021045 0.26600125 0.01273895 0.24383475 0.00105465 0.22943201 0.00326626 0.21125462 0.02176140
0 0.36703882 0.14502565 0.38265591 0.11737815 0.35304701 0.10037035 0.33412163 0.12914170 0.36703882 0.14502565
0 0.73108698 0.10490279 0.69080884 0.10110964 0.68871904 0.11607795 0.73047517 0.11959430 0.73108698 0.10490279
0 0.74089537 0.26503218 0.66181963 0.25716707 0.66129447 0.28156030 0.73889222 0.28970221 0.74089537 0.26503218
0 0.39356727 0.76363937 0.38110525 0.79915388 0.47510037 0.83487911 0.48476959 0.81072549 0.42744543 0.78987930 0.42818817 0.77686174 0.39356727 0.76363937
0 0.35490988 0.79317859 0.37269514 0.74479904 0.21175574 0.68539377 0.19123931 0.73450022 0.35490988 0.79317859
0 1.00000000 0.76133335 0.93807246 0.76458128 0.92547555 0.76989630 0.92411579 0.79207175 0.92577284 0.81741579 0.94055648 0.81945543 0.94492678 0.86788090 0.96785644 0.87173250 0.97343472 0.90793894 0.98338958 0.92513853 1.00000000 0.92427590 1.00000000 0.76133335
0 0.83767191 0.83278463 0.85622812 0.82192692 0.84740692 0.78062843 0.83239718 0.77666535 0.65159576 0.79077026 0.62594973 0.79755339 0.62323334 0.80818813 0.63725182 0.92744219 0.67866023 0.94227238 0.78750410 0.92340049 0.79892964 0.88568613 0.78317827 0.88401838 0.83879930 0.87611806 0.83767191 0.83278463
