0 0.60002084 0.18701458 0.55397099 0.23203354 0.58167351 0.24494544 0.62826461 0.20444892 0.60002084 0.18701458
0 0.55027414 0.32347140 0.65635491 0.21339054 0.62678103 0.20466157 0.52060995 0.31083835 0.55027414 0.32347140
0 0.66334180 0.23405668 0.64857041 0.22526470 0.54844291 0.32402440 0.56271971 0.33300476 0.66334180 0.23405668
0 0.62867290 0.29135149 0.61744888 0.28297538 0.56575781 0.33159112 0.57878888 0.33870968 0.62867290 0.29135149
0 0.55016553 0.27268839 0.53813192 0.26914567 0.50017295 0.30261530 0.51660983 0.31311906 0.55016553 0.27268839
0 0.53641307 0.19788568 0.49769364 0.24191963 0.50928438 0.24764815 0.54829831 0.20365538 0.53641307 0.19788568
0 0.52721735 0.19669670 0.51241513 0.18935141 0.47805678 0.23101873 0.48814356 0.23401999 0.52721735 0.19669670
0 0.50469231 0.19006060 0.48949725 0.18253986 0.45181424 0.21636979 0.46582934 0.22672793 0.50469231 0.19006060
0 0.05970595 0.89753210 0.10724391 0.87131410 0.10142801 0.85886065 0.05225379 0.88539829 0.05970595 0.89753210
0 0.41281283 0.97349250 0.42355861 0.96134175 0.49402713 0.93365432 0.49192475 0.91828738 0.47325642 0.91752577 0.33715442 0.97238529 0.35273152 0.99273586 0.38854705 0.98525003 0.39472578 0.97908876 0.41281283 0.97349250
