0 0.47968750 0.00000000 0.39669692 0.00000000 0.42200646 0.26507856 0.42671638 0.26596463 0.47968750 0.25773273 0.47968750 0.00000000
0 0.59023698 0.41939266 0.59145918 0.43984106 0.63557987 0.44948729 0.63149185 0.46781458 0.64226723 0.47016946 0.68075856 0.47522207 0.69330641 0.40877451 0.70928194 0.40938401 0.75179467 0.21831669 0.73387108 0.21439857 0.73986889 0.20417721 0.75268284 0.20553791 0.77973375 0.10045927 0.78857495 0.10527559 0.80258733 0.05356381 0.78742182 0.05024801 0.78569433 0.04336791 0.75783623 0.03642211 0.62863587 0.02129609 0.62859805 0.02142193 0.59364545 0.18229635 0.63598190 0.19299533 0.63533455 0.20006111 0.60240814 0.19718667 0.55771558 0.41516507 0.59023698 0.41939266
0 0.68459021 0.48906250 0.68510613 0.44663724 0.67520608 0.44416888 0.59545367 0.44858270 0.58891861 0.48906250 0.68459021 0.48906250
0 0.25731334 0.77549962 0.18439817 0.76315708 0.17976119 0.79000876 0.25306294 0.80069980 0.25731334 0.77549962
0 0.70155476 0.99433268 0.70401853 0.99287855 0.70598532 0.98513230 0.70204138 0.98416668 0.70056058 0.98174731 0.67295146 0.97498761 0.67147115 0.97256836 0.64386154 0.96580855 0.64238123 0.96338930 0.61477212 0.95662960 0.61329144 0.95420973 0.58568232 0.94745004 0.58420202 0.94503079 0.56053634 0.93923659 0.55856954 0.94698285 0.56251399 0.94794859 0.56399430 0.95036784 0.56104404 0.96198747 0.70106310 0.99626912 0.70155476 0.99433268
0 0.52012178 0.94991143 0.53589856 0.95377415 0.53737887 0.95619339 0.54526726 0.95812475 0.54772585 0.94844156 0.54575388 0.94795875 0.54427357 0.94553950 0.54624037 0.93779325 0.54475956 0.93537387 0.52503884 0.93054554 0.52355853 0.92812629 0.51764211 0.92667774 0.51518365 0.93636043 0.52307204 0.93829180 0.52455234 0.94071104 0.52356888 0.94458442 0.52110524 0.94603805 0.52012178 0.94991143
0 0.52404503 0.91796078 0.53193291 0.91989202 0.53439718 0.91843801 0.53488885 0.91650157 0.52502849 0.91408740 0.52404503 0.91796078
0 0.53882762 0.90923812 0.53931928 0.90730168 0.54178292 0.90584805 0.54473318 0.89422842 0.53092888 0.89084863 0.52847041 0.90053133 0.52600614 0.90198533 0.52551448 0.90392177 0.52748695 0.90440470 0.52896725 0.90682395 0.53882762 0.90923812
0 0.58666048 0.93534809 0.58814078 0.93776734 0.61180596 0.94356142 0.61328626 0.94598067 0.63892340 0.95225755 0.64040371 0.95467680 0.66406938 0.96047100 0.66554956 0.96289075 0.68921473 0.96868483 0.69560679 0.94350961 0.69807056 0.94205548 0.70495428 0.91494383 0.70741792 0.91349020 0.68966917 0.90914467 0.68818899 0.90672493 0.65663543 0.89899949 0.65515462 0.89658012 0.62360106 0.88885468 0.62212075 0.88643543 0.59056719 0.87871000 0.58908701 0.87629025 0.58317060 0.87484170 0.57923700 0.89033422 0.57677324 0.89178835 0.57185631 0.91115374 0.56939254 0.91260787 0.56496728 0.93003682 0.58666048 0.93534809
0 0.55801995 0.85839931 0.55950012 0.86081906 0.55507486 0.87824801 0.55261122 0.87970164 0.54671083 0.90294042 0.54868280 0.90342322 0.55016311 0.90584247 0.54672118 0.91939855 0.55263760 0.92084710 0.55411790 0.92326635 0.55952663 0.90196402 0.56445441 0.89905688 0.56494608 0.89712044 0.56740972 0.89566680 0.57527690 0.86468177 0.57774067 0.86322765 0.58364106 0.83998888 0.56786428 0.83612616 0.56442235 0.84968223 0.56195871 0.85113586 0.56047841 0.84871661 0.56392033 0.83516054 0.56194836 0.83467773 0.56046755 0.83225836 0.55060719 0.82984419 0.54765693 0.84146382 0.54519330 0.84291746 0.54125970 0.85840997 0.55506451 0.86178988 0.55555618 0.85985344 0.55801995 0.85839931
