0 0.18537228 0.23498869 0.13642593 0.25165946 0.13661966 0.25257503 0.15627027 0.29744040 0.16042339 0.29683015 0.22035944 0.27501965 0.22030412 0.27460072 0.19644367 0.23336187 0.18537228 0.23498869
0 0.00000000 0.38113715 0.00498785 0.39503340 0.00539562 0.39497349 0.00954759 0.39423779 0.06499146 0.36546639 0.06414780 0.36046695 0.04334715 0.31932191 0.03975875 0.31984918 0.00000000 0.33604394 0.00000000 0.38113715
0 0.83550470 0.52442767 0.83269783 0.52268671 0.78497155 0.53014118 0.78539229 0.53225484 0.78342700 0.53474174 0.78384774 0.53685540 0.86975395 0.52343751 0.86891236 0.51920966 0.83550470 0.52442767
0 1.00000000 0.37014327 0.81067947 0.39971367 0.81110032 0.40182787 0.80913493 0.40431423 0.80997651 0.40854209 0.80801051 0.41102854 0.80843125 0.41314220 0.80646586 0.41562855 0.80730744 0.41985641 0.80534205 0.42234276 0.80576279 0.42445642 0.80379690 0.42694341 0.80463837 0.43117073 0.80267298 0.43365708 0.80309372 0.43577074 0.80112844 0.43825764 0.80196992 0.44248496 0.80000463 0.44497185 0.80042537 0.44708551 0.79845998 0.44957187 0.79930146 0.45379918 0.79733556 0.45628618 0.79775630 0.45839983 0.79579091 0.46088619 0.79663250 0.46511405 0.79466710 0.46760040 0.79508784 0.46971406 0.79312184 0.47220051 0.79396343 0.47642837 0.79199804 0.47891472 0.79241888 0.48102892 0.83059942 0.47506542 0.83340629 0.47680638 0.83382703 0.47892004 0.83186164 0.48140640 0.83270322 0.48563426 0.84940736 0.48302520 0.85221423 0.48476616 0.90232664 0.47693899 0.90513351 0.47867996 0.91229190 0.47756187 0.91509949 0.47930328 0.91313349 0.48178973 0.91355423 0.48390339 0.91158884 0.48638974 0.91397497 0.48601705 0.91678245 0.48775792 0.94780398 0.48291260 0.95061096 0.48465410 0.97924636 0.48018147 0.98205384 0.48192234 1.00000000 0.47911929 1.00000000 0.37014327
0 1.00000000 0.26306283 0.99290190 0.22740425 0.88551869 0.24417668 0.88355330 0.24666303 0.88523636 0.25511821 0.88130568 0.26009146 0.86221542 0.26307321 0.85940855 0.26133224 0.83793154 0.26468679 0.83596615 0.26717314 0.83638689 0.26928680 0.83442149 0.27177315 0.83526308 0.27600101 0.83329708 0.27848746 0.83413866 0.28271532 0.83217327 0.28520168 0.83301475 0.28942899 0.83104936 0.29191535 0.83189095 0.29614321 0.82992555 0.29862956 0.83034640 0.30074376 0.82838101 0.30323012 0.82922249 0.30745743 0.82725648 0.30994388 0.82809807 0.31417174 0.82613268 0.31665810 0.82697427 0.32088596 0.82500887 0.32337231 0.82585035 0.32759963 0.82388446 0.33008662 0.82430520 0.33220028 0.82233981 0.33468663 0.82318139 0.33891449 0.82121600 0.34140085 0.82205748 0.34562816 0.82009220 0.34811506 0.92270192 0.33208821 0.92550940 0.33382908 0.93744067 0.33196551 0.94024754 0.33370648 0.94235135 0.34427531 1.00000000 0.33527104 1.00000000 0.26306283
0 0.86785246 0.11834450 0.86869405 0.12257235 0.86672865 0.12505871 0.86757013 0.12928603 0.86560485 0.13177292 0.86644633 0.13600024 0.86448043 0.13848723 0.86532191 0.14271455 0.86335652 0.14520090 0.86419810 0.14942876 0.86223271 0.15191512 0.86307430 0.15614298 0.86110891 0.15862933 0.86195039 0.16285665 0.85998500 0.16534300 0.86082658 0.16957086 0.85886058 0.17205731 0.85970217 0.17628517 0.85773678 0.17877152 0.85857825 0.18299884 0.85661297 0.18548574 0.85745445 0.18971305 0.85548855 0.19220005 0.85633003 0.19642736 0.85436464 0.19891372 0.85520622 0.20314158 0.85324083 0.20562793 0.85408242 0.20985579 0.85211703 0.21234214 0.89268369 0.20600595 0.89549056 0.20774691 0.98616964 0.19358354 0.96471054 0.08577990 0.87164533 0.10031596 0.87206618 0.10243016 0.87010079 0.10491652 0.87094227 0.10914383 0.86897688 0.11163019 0.86981846 0.11585805 0.86785246 0.11834450
0 0.68302092 0.54947917 0.68278256 0.54828169 0.68474795 0.54579533 0.68390636 0.54156747 0.68587176 0.53908112 0.68503028 0.53485380 0.68699567 0.53236745 0.68615408 0.52813959 0.68812009 0.52565314 0.68727850 0.52142528 0.68924389 0.51893893 0.68882315 0.51682527 0.69078854 0.51433891 0.68994696 0.51011105 0.69191296 0.50762460 0.69107137 0.50339674 0.69303677 0.50091039 0.69219529 0.49668307 0.69416057 0.49419618 0.69331909 0.48996886 0.69093296 0.49034155 0.68812598 0.48860005 0.68096698 0.48971823 0.67535263 0.48623640 0.67493189 0.48412274 0.67689728 0.48163638 0.67647643 0.47952218 0.68040783 0.47454938 0.68518070 0.47380390 0.68714598 0.47131700 0.69907725 0.46945343 0.69865651 0.46733977 0.70062190 0.46485341 0.69978042 0.46062610 0.70174632 0.45813911 0.70090484 0.45391179 0.70287012 0.45142489 0.70202864 0.44719758 0.70399404 0.44471122 0.70357330 0.44259756 0.70553858 0.44011067 0.70469710 0.43588335 0.70666238 0.43339645 0.70582091 0.42916914 0.70778691 0.42668268 0.70694532 0.42245483 0.70891071 0.41996847 0.70806913 0.41574061 0.71003452 0.41325426 0.70919304 0.40902694 0.71115904 0.40654049 0.71073820 0.40442629 0.71270359 0.40193994 0.71186200 0.39771208 0.71382739 0.39522572 0.71298592 0.39099840 0.71495131 0.38851205 0.71410972 0.38428419 0.71607511 0.38179784 0.71523353 0.37756998 0.71719953 0.37508353 0.71677879 0.37296987 0.71874418 0.37048352 0.71790260 0.36625566 0.71986798 0.36376930 0.71902640 0.35954144 0.72099240 0.35705499 0.72015092 0.35282768 0.72211621 0.35034078 0.72127473 0.34611346 0.72324001 0.34362657 0.72239853 0.33939925 0.72436393 0.33691290 0.72394319 0.33479924 0.72590847 0.33231234 0.72506699 0.32808502 0.72703289 0.32559803 0.72619141 0.32137071 0.72815680 0.31888436 0.72731521 0.31465650 0.72928060 0.31217015 0.72843902 0.30794229 0.73040502 0.30545584 0.72998428 0.30334218 0.73194967 0.30085583 0.73110809 0.29662797 0.73307348 0.29414161 0.73223189 0.28991375 0.73419728 0.28742740 0.73335580 0.28320008 0.73532120 0.28071373 0.73447961 0.27648587 0.73644561 0.27399942 0.73560403 0.26977156 0.73756942 0.26728520 0.73714868 0.26517155 0.73911407 0.26268519 0.73827248 0.25845733 0.74023849 0.25597088 0.73939690 0.25174302 0.74136229 0.24925667 0.74052081 0.24502935 0.74248610 0.24254245 0.74164462 0.23831514 0.74360990 0.23582824 0.74318916 0.23371458 0.74712056 0.22874178 0.75666569 0.22725090 0.75624495 0.22513724 0.75821024 0.22265035 0.75736876 0.21842303 0.75933404 0.21593614 0.75849256 0.21170882 0.76045795 0.20922246 0.76003721 0.20710880 0.76200311 0.20462181 0.76116163 0.20039450 0.76312692 0.19790760 0.76228544 0.19368028 0.76425083 0.19119393 0.76340924 0.18696607 0.76537524 0.18447962 0.76495450 0.18236596 0.76691979 0.17987907 0.76607831 0.17565175 0.76804370 0.17316539 0.76720212 0.16893753 0.76916751 0.16645118 0.76832592 0.16222332 0.77029131 0.15973697 0.76944983 0.15550965 0.77141584 0.15302320 0.77099499 0.15090900 0.77296038 0.14842264 0.77211879 0.14419478 0.77408419 0.14170843 0.77324271 0.13748111 0.77520871 0.13499466 0.77436712 0.13076680 0.77633252 0.12828045 0.77591167 0.12616625 0.77787706 0.12367990 0.77703558 0.11945258 0.77900097 0.11696622 0.77815939 0.11273836 0.78012478 0.11025201 0.77928319 0.10602415 0.78124920 0.10353770 0.78040772 0.09931038 0.78237300 0.09682349 0.78195226 0.09470983 0.78391765 0.09222348 0.78307607 0.08799562 0.78504207 0.08550917 0.78420059 0.08128185 0.78616588 0.07879495 0.78532439 0.07456764 0.78728968 0.07208074 0.78686894 0.06996708 0.78883433 0.06748073 0.78799285 0.06325341 0.78995814 0.06076651 0.78911666 0.05653920 0.78630968 0.05479769 0.78588894 0.05268403 0.78308207 0.05094307 0.72342514 0.06026102 0.72384588 0.06237468 0.72188049 0.06486103 0.72272207 0.06908889 0.72075607 0.07157534 0.72159766 0.07580320 0.71963226 0.07828955 0.72047374 0.08251687 0.71850846 0.08500377 0.71934994 0.08923108 0.71738404 0.09171808 0.71822552 0.09594539 0.71626013 0.09843175 0.71710172 0.10265961 0.71513633 0.10514596 0.71597791 0.10937382 0.71401252 0.11186017 0.71485400 0.11608749 0.71288861 0.11857385 0.71373019 0.12280171 0.71176419 0.12528815 0.71260577 0.12951601 0.71064039 0.13200237 0.71106112 0.13411603 0.70909573 0.13660238 0.70993732 0.14083024 0.70797132 0.14331669 0.70881290 0.14754455 0.70684751 0.15003090 0.70768899 0.15425822 0.70572371 0.15674512 0.70656518 0.16097243 0.70459990 0.16345933 0.70544138 0.16768665 0.70347599 0.17017300 0.70431757 0.17440086 0.70235157 0.17688731 0.70319316 0.18111517 0.70122777 0.18360152 0.70206924 0.18782884 0.70010385 0.19031520 0.70094544 0.19454306 0.69897944 0.19702951 0.69982102 0.20125736 0.69785563 0.20374372 0.69827637 0.20585738 0.69631098 0.20834373 0.69715257 0.21257159 0.69518717 0.21505794 0.69602876 0.21928580 0.69406337 0.22177216 0.69490485 0.22599948 0.69293895 0.22848647 0.69420128 0.23482799 0.69658802 0.23445519 0.69939489 0.23619616 0.69742950 0.23868251 0.69827098 0.24290983 0.69630508 0.24539682 0.69714656 0.24962414 0.69518128 0.25211104 0.69560202 0.25422470 0.69363662 0.25671105 0.69447810 0.26093837 0.69251221 0.26342536 0.69335369 0.26765268 0.69138840 0.27013957 0.69222988 0.27436689 0.69026449 0.27685324 0.69110608 0.28108110 0.68914068 0.28356746 0.68956142 0.28568111 0.68759614 0.28816801 0.68843762 0.29239533 0.68647162 0.29488178 0.68731320 0.29910964 0.68534781 0.30159599 0.68618940 0.30582385 0.68422400 0.30831020 0.68506548 0.31253752 0.68309948 0.31502397 0.68352033 0.31713817 0.68155494 0.31962452 0.68239652 0.32385239 0.68043113 0.32633874 0.68127261 0.33056606 0.67930722 0.33305241 0.68014880 0.33728027 0.67818341 0.33976662 0.67860426 0.34188082 0.67663826 0.34436727 0.67747973 0.34859459 0.67551435 0.35108095 0.67635593 0.35530881 0.67439054 0.35779516 0.67523212 0.36202302 0.67326612 0.36450947 0.67410760 0.36873679 0.67214232 0.37122368 0.67256305 0.37333734 0.67059767 0.37582370 0.67143925 0.38005155 0.66947386 0.38253791 0.67031534 0.38676523 0.66835005 0.38925212 0.66919153 0.39347944 0.66722564 0.39596643 0.66806712 0.40019375 0.66610173 0.40268010 0.66652246 0.40479376 0.66455718 0.40728066 0.66539866 0.41150798 0.66343277 0.41399497 0.66427424 0.41822228 0.66230885 0.42070864 0.66315044 0.42493650 0.66118505 0.42742285 0.66202663 0.43165071 0.66006124 0.43413707 0.66048198 0.43625073 0.65851659 0.43873708 0.65935818 0.44296494 0.65739217 0.44545139 0.65823376 0.44967925 0.65626837 0.45216560 0.65710985 0.45639292 0.65514445 0.45887927 0.65598604 0.46310713 0.65402004 0.46559358 0.65444088 0.46770778 0.65247549 0.47019414 0.65289623 0.47230779 0.66244137 0.47081692 0.66524885 0.47255779 0.66566959 0.47467145 0.66370369 0.47715844 0.66454517 0.48138576 0.66257989 0.48387265 0.66300063 0.48598631 0.66103523 0.48847266 0.65626236 0.48921815 0.65345549 0.48747718 0.65106936 0.48784988 0.65149010 0.48996354 0.64952471 0.49244989 0.64994545 0.49456355 0.64797955 0.49705054 0.64882103 0.50127786 0.64685575 0.50376476 0.64769723 0.50799208 0.64573184 0.51047843 0.64615258 0.51259209 0.64418668 0.51507908 0.64502816 0.51930640 0.64306287 0.52179329 0.64390435 0.52602061 0.64193896 0.52850696 0.64235970 0.53062062 0.64039442 0.53310752 0.64123590 0.53733484 0.63927061 0.53982173 0.64011209 0.54404905 0.63814609 0.54653550 0.63856683 0.54864916 0.63791091 0.54947917 0.68302092 0.54947917
0 0.17239863 0.54947917 0.14824642 0.55792783 0.15893257 0.58075660 0.21615555 0.56258871 0.21119669 0.54947917 0.17239863 0.54947917
0 0.25001642 0.54947917 0.24793977 0.55861548 0.28401765 0.56307381 0.28591413 0.54947917 0.25001642 0.54947917
0 0.30587208 0.57938173 0.29426671 0.63127920 0.32714637 0.64039017 0.34075651 0.58610677 0.30587208 0.57938173
0 0.37968750 0.65789818 0.35993000 0.65300081 0.34274147 0.70223310 0.37862729 0.71369080 0.37968750 0.70995172 0.37968750 0.65789818
0 0.37968750 0.92385619 0.37272238 0.92299547 0.36398010 0.97656359 0.37968750 0.97425555 0.37968750 0.92385619
0 0.28139906 0.81163108 0.25740077 0.77333055 0.18824522 0.80231427 0.21415225 0.84172857 0.28139906 0.81163108
0 0.17531522 0.78469501 0.24213286 0.75256924 0.21570063 0.71462635 0.14983735 0.74730900 0.17531522 0.78469501
0 0.20071884 0.69521724 0.18430846 0.65719597 0.11271898 0.68653733 0.13929426 0.72515632 0.20071884 0.69521724
0 0.09854849 0.66700901 0.16741793 0.63667309 0.14017439 0.59884941 0.07211626 0.62906611 0.09854849 0.66700901
0 0.37968750 0.82290741 0.40293887 0.81949087 0.40529536 0.80063423 0.43091167 0.79422585 0.42503170 0.77393513 0.40086497 0.77219748 0.39163615 0.75107667 0.37968750 0.74880829 0.37968750 0.82290741
0 0.68128019 0.74024870 0.67955929 0.74711242 0.68896649 0.78407307 0.74209837 0.78023242 0.76714949 0.90612410 0.77140150 0.91872101 0.78018062 0.92271970 0.79683567 0.91895025 0.79973482 0.90265821 0.82770386 0.89987063 0.83711857 0.89187639 0.79307469 0.67622359 0.75867927 0.67863328 0.75306687 0.68210230 0.75279179 0.70329745 0.71921035 0.70955404 0.71640039 0.73376600 0.68128019 0.74024870
