0 0.27291268 0.44839001 0.27990352 0.46276701 0.30031730 0.45984803 0.29054717 0.43656974 0.30410980 0.43078626 0.25744895 0.32026352 0.08981119 0.39690946 0.14320959 0.53129997 0.17825367 0.51189938 0.15812392 0.46231021 0.16783958 0.45832357 0.18754794 0.51114182 0.22784284 0.49176964 0.22045901 0.47537091 0.22753506 0.47399547 0.23455431 0.48312165 0.27178820 0.46958976 0.26805485 0.45038334 0.27291268 0.44839001
0 0.18060418 0.18938147 0.16308563 0.14243191 0.11874728 0.16259006 0.13907352 0.21319009 0.18060418 0.18938147
0 0.04863772 0.09334234 0.09379045 0.07197684 0.07528945 0.01997295 0.02746870 0.04920048 0.04863772 0.09334234
0 0.79151226 0.69921875 0.83800546 0.68490293 0.83636039 0.67149671 0.82620522 0.67462361 0.82418379 0.67246376 0.82079844 0.67350615 0.81877701 0.67134631 0.81708455 0.67186744 0.81304125 0.66754789 0.81134879 0.66806902 0.80730540 0.66374878 0.80561295 0.66426991 0.80156999 0.65994954 0.79141439 0.66307657 0.78939296 0.66091673 0.78906398 0.65823576 0.78060126 0.66084153 0.77923736 0.66404376 0.77077464 0.66664953 0.77340665 0.68809866 0.77204318 0.69130076 0.76696538 0.69286428 0.76425997 0.69921875 0.79151226 0.69921875
0 0.59094283 0.64689647 0.59357483 0.66834560 0.59865255 0.66678211 0.59634952 0.64801395 0.59465693 0.64853512 0.59263539 0.64637531 0.59094283 0.64689647
0 0.77707717 0.60349548 0.78036714 0.63030655 0.78375249 0.62926416 0.78577401 0.63142469 0.78643197 0.63678663 0.79150977 0.63522312 0.79353120 0.63738296 0.79860900 0.63581944 0.80063044 0.63797928 0.80095950 0.64066094 0.80603730 0.63909742 0.80805874 0.64125726 0.80838772 0.64393823 0.81177306 0.64289584 0.81379458 0.64505637 0.81412356 0.64773734 0.82766407 0.64356805 0.82968551 0.64572790 0.83001449 0.64840886 0.83339940 0.64736661 0.83542127 0.64952632 0.83575034 0.65220797 0.84929085 0.64803869 0.84665884 0.62658955 0.84802223 0.62338677 0.85310003 0.62182326 0.85211309 0.61378035 0.85347656 0.61057825 0.85686148 0.60953599 0.85455845 0.59076784 0.85592236 0.58756560 0.85493533 0.57952201 0.85629872 0.57631922 0.86137652 0.57475571 0.86038958 0.56671280 0.85531178 0.56827632 0.85126839 0.56395608 0.84111323 0.56708298 0.83909179 0.56492314 0.83401399 0.56648665 0.83199255 0.56432681 0.83133451 0.55896419 0.82625671 0.56052770 0.82423528 0.55836786 0.82390629 0.55568689 0.81882849 0.55725041 0.81680706 0.55509057 0.81647800 0.55240891 0.81309265 0.55345130 0.81107121 0.55129146 0.79922316 0.55493962 0.79720172 0.55277978 0.79687266 0.55009812 0.78333215 0.55426741 0.78464824 0.56499266 0.78328476 0.56819476 0.77820696 0.56975827 0.78182591 0.59925031 0.78046252 0.60245309 0.77707717 0.60349548
0 0.78483838 0.50928451 0.78648345 0.52269073 0.79156125 0.52112721 0.79358269 0.52328705 0.79391167 0.52596802 0.80406684 0.52284112 0.80608871 0.52500083 0.80641777 0.52768249 0.81826539 0.52403446 0.82230870 0.52835401 0.83246387 0.52522711 0.83448582 0.52738750 0.83547276 0.53543041 0.84732038 0.53178239 0.84934225 0.53394210 0.85272716 0.53289984 0.85474912 0.53506023 0.86151894 0.53297572 0.86424624 0.52657071 0.86932404 0.52500719 0.86833710 0.51696428 0.86970049 0.51376150 0.87308540 0.51271924 0.87045339 0.49127012 0.87181730 0.48806788 0.87689510 0.48650437 0.87426309 0.46505524 0.86918529 0.46661876 0.86716342 0.46445905 0.86547097 0.46498018 0.86344945 0.46281965 0.86175699 0.46334077 0.85973555 0.46118093 0.85465776 0.46274445 0.85263588 0.46058474 0.85230691 0.45790377 0.84892199 0.45894603 0.84690056 0.45678619 0.84657149 0.45410453 0.83980124 0.45618917 0.83777937 0.45402947 0.83745039 0.45134849 0.83406548 0.45239075 0.83204396 0.45023022 0.83171498 0.44754925 0.82155938 0.45067629 0.81953794 0.44851644 0.81920896 0.44583547 0.81243871 0.44792012 0.81041727 0.44576028 0.81008821 0.44307862 0.80501041 0.44464214 0.80298897 0.44248229 0.80265999 0.43980133 0.79081194 0.44344949 0.79443097 0.47294221 0.79306749 0.47614431 0.78798969 0.47770782 0.79127966 0.50451889 0.78991619 0.50772099 0.78483838 0.50928451
0 0.70633030 0.32755756 0.70802275 0.32703643 0.71004419 0.32919627 0.71173708 0.32867501 0.71375852 0.33083485 0.71545097 0.33031373 0.71747292 0.33247412 0.71916538 0.33195299 0.72118681 0.33411284 0.72287927 0.33359171 0.72490071 0.33575155 0.72659359 0.33523029 0.72861512 0.33739082 0.73030757 0.33686969 0.73435087 0.34118924 0.73604333 0.34066811 0.73806477 0.34282795 0.73975722 0.34230682 0.74177909 0.34446653 0.74347155 0.34394541 0.74549307 0.34610593 0.74718596 0.34558467 0.74920739 0.34774452 0.75089985 0.34722339 0.75292128 0.34938323 0.75461374 0.34886210 0.75663569 0.35102250 0.75832815 0.35050137 0.76034958 0.35266121 0.76067856 0.35534218 0.76674339 0.36182226 0.76843584 0.36130113 0.77045728 0.36346097 0.77215017 0.36293971 0.77619312 0.36726008 0.77788601 0.36673882 0.78192888 0.37105850 0.78362134 0.37053738 0.78564277 0.37269722 0.78733566 0.37217596 0.79137862 0.37649633 0.79307151 0.37597506 0.79509294 0.37813491 0.80035696 0.42103317 0.81051213 0.41790627 0.81253400 0.42006597 0.81422645 0.41954485 0.81624797 0.42170537 0.81794043 0.42118425 0.82198373 0.42550380 0.82367619 0.42498267 0.82569762 0.42714251 0.82739051 0.42662125 0.82941195 0.42878109 0.83110441 0.42825997 0.83312593 0.43042049 0.83481838 0.42989937 0.83684025 0.43205908 0.84868787 0.42841105 0.85070974 0.43057076 0.85103880 0.43325241 0.85442372 0.43221016 0.85846702 0.43652971 0.86185193 0.43548745 0.86387337 0.43764729 0.86420235 0.44032826 0.87774286 0.43615897 0.87741388 0.43347800 0.87877779 0.43027577 0.88216270 0.42923352 0.88352661 0.42603129 0.88221061 0.41530672 0.87713280 0.41687024 0.87511085 0.41470984 0.87346587 0.40130431 0.86838850 0.40286770 0.86636706 0.40070785 0.86538004 0.39266426 0.86030224 0.39422777 0.85828037 0.39206806 0.85630632 0.37598087 0.85428489 0.37382104 0.85089998 0.37486329 0.84887854 0.37270345 0.84854956 0.37002248 0.84516421 0.37106487 0.84314278 0.36890502 0.84281371 0.36622337 0.84079185 0.36406366 0.84013380 0.35870104 0.83609093 0.35438135 0.83439847 0.35490248 0.83035517 0.35058293 0.82866271 0.35110406 0.82461933 0.34678382 0.82292687 0.34730495 0.81686248 0.34082473 0.81516959 0.34134600 0.81314815 0.33918615 0.81145570 0.33970728 0.80741239 0.33538773 0.80571994 0.33590886 0.80167698 0.33158849 0.79998409 0.33210975 0.79391927 0.32562967 0.79222681 0.32615080 0.78818394 0.32183112 0.78649149 0.32235224 0.78244810 0.31803201 0.77060004 0.32168017 0.76857861 0.31952033 0.76759158 0.31147673 0.76420624 0.31251912 0.76218480 0.31035928 0.76185582 0.30767831 0.75508556 0.30976295 0.75306413 0.30760311 0.75207711 0.29955952 0.75038465 0.30008064 0.74836270 0.29792025 0.73989998 0.30052602 0.73787855 0.29836618 0.73689161 0.29032327 0.73519915 0.29084440 0.73317720 0.28868400 0.72640738 0.29076851 0.72438551 0.28860880 0.72372746 0.28324618 0.71187984 0.28689421 0.70985797 0.28473450 0.70821299 0.27132896 0.68282485 0.27914628 0.68710185 0.31400094 0.69725701 0.31087404 0.69927845 0.31303388 0.70059454 0.32375913 0.70228743 0.32323788 0.70633030 0.32755756
0 0.55859375 0.22836032 0.57582043 0.22305601 0.57784200 0.22521582 0.58047401 0.24666495 0.58249566 0.24882544 0.58588074 0.24778313 0.58790209 0.24994299 0.58888903 0.25798590 0.59396683 0.25642239 0.59598879 0.25858278 0.59730479 0.26930735 0.60915241 0.26565932 0.61117428 0.26781903 0.61216131 0.27586262 0.61554622 0.27482037 0.61756765 0.27698021 0.61789663 0.27966118 0.62297443 0.27809766 0.62499596 0.28025819 0.62598289 0.28830110 0.63783095 0.28465294 0.63985238 0.28681278 0.64083941 0.29485638 0.64591721 0.29329286 0.64793873 0.29545339 0.64826771 0.29813436 0.65334551 0.29657084 0.65536695 0.29873068 0.65569593 0.30141165 0.66754398 0.29776349 0.66589900 0.28435796 0.66726247 0.28115586 0.67234027 0.27959234 0.66872124 0.25009962 0.66467837 0.24577994 0.66298548 0.24630120 0.66096396 0.24414067 0.65927150 0.24466179 0.65724963 0.24250209 0.65555718 0.24302321 0.65151422 0.23870285 0.64982177 0.23922397 0.64779990 0.23706426 0.64610745 0.23758539 0.64408601 0.23542555 0.64239312 0.23594681 0.64037168 0.23378697 0.63867923 0.23430810 0.63463627 0.22998773 0.63294338 0.23050899 0.63092195 0.22834915 0.62922949 0.22887027 0.62720762 0.22671057 0.62551517 0.22723169 0.62147221 0.22291132 0.61977976 0.22343245 0.61775789 0.22127274 0.61606543 0.22179387 0.61404400 0.21963403 0.61235111 0.22015529 0.60830815 0.21583492 0.60661570 0.21635604 0.60459426 0.21419621 0.60290137 0.21471746 0.60087994 0.21255763 0.59918748 0.21307875 0.59716553 0.21091836 0.59547307 0.21143948 0.59143020 0.20711980 0.58973774 0.20764093 0.58771587 0.20548122 0.58602342 0.20600235 0.58400198 0.20384250 0.58230909 0.20436377 0.58028766 0.20220321 0.57690258 0.20324552 0.57488101 0.20108572 0.57422297 0.19572309 0.56406758 0.19885006 0.56002449 0.19453044 0.55903747 0.18648685 0.55859375 0.18662347 0.55859375 0.22836032
0 0.27599887 1.00000000 0.26598596 0.93805423 0.21365114 0.94531545 0.22277222 1.00000000 0.27599887 1.00000000
0 0.27827708 0.99801399 0.32717979 0.99105313 0.30933934 0.89272679 0.25820398 0.90097409 0.27827708 0.99801399
0 0.78988541 0.73582491 0.72057810 0.78325477 0.74204948 0.81728304 0.81095723 0.76780785 0.78988541 0.73582491
