0 0.00000000 0.22494244 0.03722548 0.27722530 0.04659996 0.27120929 0.05261597 0.28058377 0.15152691 0.21948384 0.08312973 0.12559524 0.00000000 0.17032123 0.00000000 0.22494244
0 0.76125580 0.32582789 0.76747280 0.32205029 0.76750836 0.32076850 0.76547175 0.32074613 0.76347069 0.31944230 0.74921339 0.31928572 0.74714124 0.32054481 0.74710568 0.32182660 0.74088868 0.32560420 0.74085313 0.32688566 0.76122025 0.32710935 0.76125580 0.32582789
0 0.73474278 0.32681855 0.73477833 0.32553709 0.73892265 0.32301858 0.73895820 0.32173712 0.74517521 0.31795951 0.74521075 0.31667805 0.73095398 0.31652147 0.72888130 0.31778056 0.72884575 0.31906202 0.72470143 0.32158053 0.72466588 0.32286199 0.71844888 0.32663960 0.73474278 0.32681855
0 0.76168242 0.31044905 0.75961026 0.31170847 0.77794077 0.31190979 0.77797633 0.31062800 0.78004900 0.30936891 0.78012010 0.30680599 0.78219226 0.30554690 0.78422887 0.30556927 0.78426443 0.30428748 0.78633658 0.30302838 0.78837319 0.30305075 0.78840874 0.30176929 0.78433553 0.30172456 0.78233447 0.30042040 0.77215039 0.30030855 0.76800607 0.30282706 0.76797052 0.30410852 0.76589836 0.30536795 0.76586281 0.30664940 0.76171797 0.30916759 0.76168242 0.31044905
0 0.75196103 0.29367722 0.74988886 0.29493664 0.74985331 0.29621811 0.74778116 0.29747720 0.74774561 0.29875866 0.73945593 0.30379535 0.73942037 0.30507714 0.73734821 0.30633623 0.73531161 0.30631386 0.73524051 0.30887679 0.75560763 0.30910047 0.75564318 0.30781902 0.75771585 0.30655993 0.75975246 0.30658229 0.75982357 0.30401904 0.76189573 0.30275995 0.76393286 0.30278233 0.76400396 0.30021908 0.76607612 0.29895998 0.76611167 0.29767852 0.76818383 0.29641943 0.77022043 0.29644180 0.77029154 0.29387855 0.77236370 0.29261945 0.77440083 0.29264183 0.77443638 0.29136037 0.77650854 0.29010095 0.77854515 0.29012331 0.77861625 0.28756039 0.76028573 0.28735907 0.76021464 0.28992199 0.75814247 0.29118141 0.75610534 0.29115904 0.75606979 0.29244050 0.75399763 0.29369959 0.75196103 0.29367722
0 0.85700585 0.32812500 0.85901922 0.32690162 0.85905478 0.32561983 0.86527178 0.32184223 0.86530733 0.32056077 0.86945165 0.31804259 0.86948720 0.31676112 0.87570420 0.31298352 0.87573976 0.31170173 0.87988459 0.30918355 0.87992014 0.30790209 0.88406446 0.30538358 0.88410001 0.30410212 0.89031701 0.30032452 0.89035256 0.29904305 0.89449740 0.29652488 0.89453296 0.29524308 0.90074944 0.29146548 0.90078498 0.29018402 0.90492982 0.28766584 0.90496537 0.28638438 0.90703754 0.28512496 0.90503647 0.28382113 0.90299935 0.28379875 0.89678287 0.28757636 0.89674732 0.28885782 0.89260248 0.29137600 0.89256692 0.29265779 0.88634992 0.29643539 0.88631437 0.29771685 0.88217006 0.30023504 0.88213451 0.30151650 0.87591751 0.30529410 0.87588195 0.30657589 0.87173764 0.30909408 0.87170209 0.31037554 0.86548509 0.31415314 0.86544954 0.31543460 0.85923254 0.31921220 0.85919699 0.32049366 0.85505267 0.32301218 0.85501712 0.32429364 0.84880012 0.32807124 0.85369505 0.32812500 0.85700585 0.32812500
0 0.97041471 0.20377728 0.96841365 0.20247345 0.95008313 0.20227212 0.94801098 0.20353122 0.94797542 0.20481301 0.94175843 0.20859028 0.94172288 0.20987174 0.93550588 0.21364934 0.93547032 0.21493113 0.93132601 0.21744932 0.93129046 0.21873078 0.92507346 0.22250838 0.92503791 0.22378984 0.91882090 0.22756744 0.91878536 0.22884890 0.91464103 0.23136742 0.91460548 0.23264888 0.90838848 0.23642648 0.90835293 0.23770794 0.90213593 0.24148554 0.90210038 0.24276701 0.89795606 0.24528552 0.89792051 0.24656698 0.89170352 0.25034425 0.89166796 0.25162604 0.88545096 0.25540364 0.88541541 0.25668511 0.88127110 0.25920329 0.88123555 0.26048475 0.87501855 0.26426235 0.87498299 0.26554414 0.86876600 0.26932142 0.86873045 0.27060288 0.86458612 0.27312139 0.86455058 0.27440285 0.85833357 0.27818046 0.85829803 0.27946192 0.85208102 0.28323952 0.85204548 0.28452098 0.84790115 0.28703949 0.84786560 0.28832095 0.84164860 0.29209855 0.84161305 0.29338002 0.83539605 0.29715762 0.83536050 0.29843908 0.83121619 0.30095727 0.83118063 0.30223905 0.82496363 0.30601666 0.82492808 0.30729812 0.82078325 0.30981630 0.82074770 0.31109776 0.81453122 0.31487537 0.81449566 0.31615715 0.81035082 0.31867533 0.81031528 0.31995680 0.80617095 0.32247531 0.80613540 0.32375677 0.79991840 0.32753437 0.84472690 0.32802650 0.84476245 0.32674504 0.85097893 0.32296744 0.85101449 0.32168565 0.85515932 0.31916746 0.85519487 0.31788600 0.86141187 0.31410840 0.86144742 0.31282694 0.86559175 0.31030843 0.86562729 0.30902697 0.87184429 0.30524937 0.87187984 0.30396790 0.87602417 0.30144939 0.87605971 0.30016793 0.88227671 0.29639065 0.88231227 0.29510887 0.88645658 0.29259068 0.88649214 0.29130889 0.89270913 0.28753162 0.89274468 0.28625016 0.89688952 0.28373165 0.89692507 0.28245019 0.90314155 0.27867258 0.90317710 0.27739112 0.90732195 0.27487261 0.90735749 0.27359115 0.91357450 0.26981355 0.91557555 0.27111738 0.91554000 0.27239916 0.91139568 0.27491735 0.91136013 0.27619914 0.91536224 0.27880680 0.91743440 0.27754771 0.91746995 0.27626624 0.92368695 0.27248864 0.92372251 0.27120685 0.92786734 0.26868867 0.92790289 0.26740721 0.93411937 0.26362961 0.93415492 0.26234814 0.93829976 0.25982963 0.93833531 0.25854817 0.94455231 0.25477057 0.94458786 0.25348911 0.94873219 0.25097060 0.94876773 0.24968914 0.95498473 0.24591186 0.95502029 0.24463007 0.95916460 0.24211189 0.95920016 0.24083010 0.96541715 0.23705283 0.96545270 0.23577137 0.96959702 0.23325285 0.96963257 0.23197139 0.97584957 0.22819379 0.97588512 0.22691233 0.98002996 0.22439382 0.98006551 0.22311236 0.98628199 0.21933475 0.98631754 0.21805329 0.99046238 0.21553511 0.99049794 0.21425332 0.99671494 0.21047572 0.99692824 0.20278662 0.99485608 0.20404572 0.99285451 0.20274188 0.99289005 0.20146042 0.99703490 0.19894191 0.99717710 0.19381574 0.99517604 0.19251191 0.99310337 0.19377100 0.99306781 0.19505279 0.98685082 0.19883006 0.98681527 0.20011152 0.98059879 0.20388913 0.97041471 0.20377728
0 0.89340999 0.18883019 0.89337443 0.19011198 0.88922959 0.19263016 0.88919404 0.19391195 0.88712188 0.19517104 0.88708633 0.19645250 0.88501417 0.19771159 0.88497862 0.19899305 0.88701523 0.19901542 0.88901628 0.20031958 0.88898073 0.20160104 0.89098231 0.20290488 0.89091120 0.20546813 0.88469421 0.20924540 0.88465865 0.21052719 0.87844165 0.21430479 0.87840610 0.21558625 0.87218911 0.21936352 0.86607929 0.21929642 0.86604373 0.22057821 0.85982673 0.22435581 0.85979118 0.22563727 0.85564635 0.22815545 0.85561079 0.22943691 0.85146647 0.23195543 0.85143092 0.23323689 0.84521392 0.23701449 0.84517837 0.23829595 0.84103405 0.24081446 0.84099850 0.24209593 0.83685366 0.24461443 0.83681811 0.24589590 0.83267379 0.24841408 0.83263825 0.24969554 0.82849340 0.25221405 0.84886104 0.25243775 0.85093320 0.25117865 0.85096876 0.24989687 0.85718575 0.24611959 0.85722130 0.24483813 0.86136562 0.24231962 0.86140117 0.24103816 0.86761817 0.23726055 0.86765372 0.23597909 0.87179804 0.23346058 0.87183359 0.23217912 0.87805059 0.22840152 0.87808614 0.22712005 0.88223098 0.22460188 0.88226654 0.22332009 0.88848302 0.21954248 0.88851857 0.21826102 0.89266340 0.21574284 0.89269895 0.21446138 0.89891595 0.21068378 0.89895151 0.20940199 0.90516798 0.20562471 0.90520353 0.20434325 0.90934837 0.20182474 0.90938392 0.20054328 0.91560092 0.19676567 0.91563647 0.19548421 0.91978079 0.19296570 0.91981634 0.19168424 0.92603335 0.18790664 0.92606889 0.18662518 0.93021373 0.18410699 0.93024929 0.18282521 0.93232144 0.18156611 0.90380685 0.18125294 0.90180579 0.17994911 0.90177024 0.18123057 0.89969809 0.18248966 0.89966253 0.18377145 0.89551769 0.18628963 0.89548214 0.18757109 0.89340999 0.18883019
0 0.99767482 0.17587430 0.99803034 0.16305871 0.99595817 0.16431813 0.99592262 0.16559959 0.98763294 0.17063628 0.98963452 0.17194011 0.99167113 0.17196248 0.99767482 0.17587430
0 0.98287408 0.12187037 0.98283852 0.12315216 0.97869368 0.12567034 0.97865813 0.12695180 0.97451381 0.12947032 0.96840347 0.12940321 0.96218646 0.13318081 0.96215092 0.13446227 0.95593392 0.13823954 0.95589837 0.13952133 0.95175405 0.14203952 0.95171849 0.14332131 0.94550150 0.14709858 0.94546595 0.14838004 0.93924895 0.15215764 0.93921339 0.15343943 0.93506908 0.15595762 0.93503353 0.15723908 0.92881653 0.16101668 0.92878098 0.16229814 0.92256398 0.16607574 0.92252843 0.16735721 0.91631195 0.17113481 0.91624084 0.17369806 0.94271831 0.17398887 0.94275387 0.17270707 0.94689870 0.17018889 0.94693426 0.16890711 0.95522289 0.16387073 0.95525845 0.16258895 0.95940328 0.16007076 0.95943884 0.15878897 0.96565583 0.15501170 0.96569138 0.15373024 0.96983570 0.15121172 0.96987125 0.14993027 0.97608825 0.14615266 0.97612380 0.14487120 0.98234080 0.14109360 0.98237635 0.13981214 0.98652068 0.13729363 0.98655622 0.13601216 0.99277322 0.13223456 0.99280878 0.13095310 0.99695362 0.12843459 0.99698917 0.12715313 0.99906132 0.12589404 0.99955905 0.10795227 0.99952349 0.10923406 0.99330649 0.11301166 0.99327094 0.11429312 0.98912611 0.11681130 0.98909056 0.11809277 0.98287408 0.12187037
0 0.19913434 0.53506328 0.40226249 0.53665547 0.41770479 0.43534705 0.21461073 0.43180203 0.19913434 0.53506328
0 0.00000000 0.52768136 0.00001410 0.52768078 0.12293998 0.53568672 0.13612267 0.45191966 0.13063914 0.43033630 0.00000000 0.42805598 0.00000000 0.52768136
0 0.59894438 0.99689568 0.67419982 0.99858809 0.80032653 0.91573168 0.77128605 0.83587714 0.76779295 0.83700867 0.75324553 0.79675661 0.56809067 0.91749121 0.59894438 0.99689568
0 0.75292162 1.00000000 0.76291378 0.99864599 0.81106236 0.96573619 0.79819443 0.92723597 0.68767895 0.99889122 0.73698234 1.00000000 0.75292162 1.00000000
