0 0.20846462 0.27391202 0.20801911 0.28331554 0.19335003 0.28888868 0.20409857 0.34354524 0.20849447 0.34084911 0.22165255 0.37843027 0.22881444 0.37365723 0.23109780 0.38176748 0.27294421 0.36561251 0.27130315 0.35520617 0.25058207 0.26329723 0.23640679 0.26970879 0.23313584 0.25992169 0.20846462 0.27391202
0 0.89809486 0.11857335 0.87683789 0.10091192 0.83727778 0.22153563 0.84060403 0.22622383 0.83097382 0.25014684 0.83798757 0.25772469 0.83531057 0.26611564 0.85121030 0.27871373 0.85449574 0.26583852 0.85843393 0.26710806 0.89629088 0.14676722 0.89152657 0.14205993 0.89809486 0.11857335
0 0.97252642 0.09761802 0.95700929 0.09978135 0.95567167 0.22946771 0.96235320 0.22965683 0.96260902 0.22303391 0.97020552 0.22299462 0.97252642 0.09761802
0 0.93484808 0.23566927 0.94069747 0.23514267 0.94090145 0.28040340 0.95515475 0.27883251 0.95466533 0.11910384 0.95174655 0.11936591 0.95138900 0.12482921 0.94867837 0.12462669 0.94880253 0.14451203 0.94512118 0.14434035 0.94449016 0.16397088 0.94133945 0.16373548 0.94095864 0.17047743 0.93874777 0.17020721 0.93797033 0.18861977 0.93536930 0.18919067 0.93484808 0.23566927
0 0.97098607 0.25202679 0.95653166 0.25539153 0.95592894 0.28381519 0.97078041 0.27779096 0.97098607 0.25202679
0 0.94419987 0.31005681 0.94429630 0.31768918 0.96551989 0.31396510 0.96519796 0.31954756 0.98168552 0.31976793 0.98401423 0.27930580 0.97628078 0.27951315 0.97565703 0.28738086 0.93652847 0.29341027 0.93636696 0.30962103 0.94419987 0.31005681
0 0.89758779 0.33195357 0.88402768 0.33175498 0.87901454 0.45159407 0.89455981 0.45370232 0.90561156 0.45102301 0.91087401 0.33087078 0.89758779 0.33195357
0 0.95871734 0.61979167 0.96647295 0.61803821 0.96573288 0.55372205 0.94159418 0.55690573 0.94160869 0.56367354 0.93603574 0.56711678 0.93598482 0.57809984 0.92936924 0.57978536 0.92880637 0.60471130 0.93145116 0.60490890 0.93166654 0.61762167 0.94898867 0.61398378 0.94898742 0.61979167 0.95871734 0.61979167
0 0.93810703 0.42671195 0.93874381 0.37190722 0.92941242 0.37346614 0.92851924 0.40212384 0.92493823 0.40371756 0.92509454 0.42524845 0.93810703 0.42671195
0 0.93828776 0.43372624 0.92508365 0.43714725 0.93197305 0.50453013 0.94182173 0.50164152 0.93828776 0.43372624
0 0.96784917 0.43466547 0.96826017 0.41152177 0.94740438 0.41340418 0.94345793 0.41291067 0.94274281 0.43700762 0.96784917 0.43466547
0 0.94332559 0.37098341 0.94307607 0.40858094 0.94721366 0.40817376 0.94772858 0.39782273 0.96778089 0.39610533 0.96784598 0.36832794 0.94332559 0.37098341
0 0.94557894 0.50145156 0.94697502 0.50155586 0.94649713 0.51112657 0.94647704 0.52425783 0.95075915 0.52431234 0.95032661 0.53092142 0.96750655 0.52896221 0.96774823 0.49814068 0.94994498 0.49964941 0.95013164 0.48829625 0.94507570 0.48949703 0.94557894 0.50145156
0 0.94729790 0.44934648 0.96217547 0.44874927 0.96335921 0.44361082 0.96772812 0.44311376 0.96752796 0.43694210 0.94308447 0.44010120 0.94253762 0.46202138 0.94661825 0.46218695 0.94729790 0.44934648
0 0.94257167 0.46398741 0.94232605 0.48844009 0.96773534 0.48416698 0.96854715 0.46903741 0.96180836 0.46785388 0.96152287 0.46211025 0.94257167 0.46398741
0 0.81310421 0.46875849 0.80721854 0.46368046 0.81591399 0.43873692 0.81085590 0.43185160 0.81729428 0.41519616 0.81303474 0.40884541 0.81459854 0.39667744 0.79091034 0.37453667 0.77735796 0.41741699 0.73659888 0.54708517 0.76999806 0.58049554 0.77551034 0.56385433 0.79006822 0.57824400 0.79123349 0.57192313 0.79711840 0.57883011 0.80395582 0.55627948 0.79860758 0.55194271 0.80958695 0.51830075 0.80457235 0.51320116 0.81170936 0.49244095 0.80659891 0.48810591 0.81310421 0.46875849
0 0.49679064 0.00000000 0.49548175 0.04782567 0.50179015 0.04790471 0.50217523 0.04061592 0.51023903 0.04220375 0.51129641 0.00000000 0.49679064 0.00000000
0 0.00000000 0.81771172 0.17353085 0.81472967 0.17358937 0.76762130 0.00401213 0.77051189 0.00205079 0.77670326 0.00000000 0.80325724 0.00000000 0.81771172
0 0.41992188 0.76462325 0.17837801 0.76731854 0.17865549 0.81605908 0.41992188 0.81043669 0.41992188 0.76462325
0 0.00000000 0.88561083 0.17632825 0.88266427 0.17689800 0.83530241 0.00000000 0.83705729 0.00000000 0.88561083
0 0.17977074 0.83566295 0.17954024 0.88195350 0.40665655 0.87849852 0.41787109 0.84308840 0.41869963 0.83236035 0.17977074 0.83566295
0 0.41992188 0.69621609 0.31639953 0.69924918 0.31570052 0.74696464 0.41992188 0.74434857 0.41992188 0.69621609
0 0.00000000 0.95248847 0.17754900 0.95019086 0.17800890 0.90318680 0.00000000 0.90599041 0.00000000 0.95248847
0 0.18042186 0.95054992 0.38527756 0.94600564 0.40008228 0.89926068 0.18189616 0.90303689 0.18042186 0.95054992
0 0.18122890 0.98436437 0.37430020 0.98066552 0.38131093 0.95853151 0.18245457 0.96189386 0.18122890 0.98436437
0 0.17896227 0.96214619 0.04164901 0.96396344 0.12253289 0.98496270 0.17734328 0.98451438 0.17896227 0.96214619
0 1.00000000 0.78350397 0.98153037 0.78264296 0.97052138 0.77560343 0.88298110 0.77021722 0.87074592 0.77486789 0.85855171 0.79779416 0.79606771 0.79618655 0.77970428 0.82152898 0.74617331 0.82388163 0.73996044 0.84578146 0.83724256 0.85162181 0.85124890 0.83008529 0.86905669 0.82830492 0.87408433 0.83637088 0.86646807 0.85298424 0.87580118 0.85733512 1.00000000 0.86454900 1.00000000 0.78350397
