0 0.22213047 0.20208927 0.22213047 0.19220334 0.18505822 0.17490296 0.17929143 0.18478890 0.15787191 0.17655062 0.11915201 0.27046697 0.11585670 0.28117673 0.17929143 0.30259625 0.18341057 0.29435797 0.19412033 0.30012476 0.21718750 0.26222869 0.22377812 0.26552400 0.24437381 0.20950372 0.22213047 0.20208927
0 0.90833281 0.37395781 0.84000000 0.33562500 0.82833281 0.35229219 0.89833281 0.39229219 0.90833281 0.37395781
0 0.00000000 0.92615369 0.16552734 0.92615369 0.16552734 0.80241076 0.16345838 0.80041504 0.16345838 0.78844020 0.13242187 0.78844020 0.13035292 0.78644396 0.10759277 0.78644396 0.10552381 0.78444824 0.10552381 0.70461426 0.00000000 0.70461426 0.00000000 0.92615369
0 0.42623318 0.92814941 0.42623318 0.70062230 0.31863987 0.70062230 0.31863987 0.92814941 0.42623318 0.92814941
0 0.30415663 0.69862658 0.25863634 0.69862658 0.25656738 0.70062230 0.20484022 0.70062230 0.20484022 0.92814941 0.30622559 0.92814941 0.30622559 0.70062230 0.30415663 0.69862658
0 0.52761854 0.92615369 0.52761854 0.69663086 0.45106175 0.69663086 0.45106175 0.92615369 0.52761854 0.92615369
0 0.43037109 0.66070582 0.42830213 0.65870959 0.42830213 0.54694201 0.32484728 0.54694201 0.32484728 0.66868871 0.39312771 0.66868871 0.39519667 0.67068494 0.42830213 0.67068494 0.43037109 0.66868871 0.43037109 0.66070582
0 0.30208714 0.67068494 0.30208714 0.54694201 0.20070177 0.54694201 0.20070177 0.67068494 0.30208714 0.67068494
0 0.44692383 0.48906250 0.44692383 0.66868871 0.52761854 0.66868871 0.52761854 0.48906250 0.44692383 0.48906250
0 0.32484728 0.48906250 0.32484728 0.53297119 0.42830213 0.53297119 0.42830213 0.48906250 0.32484728 0.48906250
0 0.20070177 0.48906250 0.20070177 0.51500852 0.19863281 0.51700439 0.19863281 0.53097532 0.21104763 0.53097532 0.21311659 0.53297119 0.30208714 0.53297119 0.30208714 0.48906250 0.20070177 0.48906250
0 0.04758914 0.48906250 0.04758914 0.67068494 0.16345838 0.67068494 0.16552734 0.66868871 0.16552734 0.48906250 0.04758914 0.48906250
0 0.00000000 0.48906250 0.00000000 0.66868871 0.03517453 0.66868871 0.03517453 0.48906250 0.00000000 0.48906250
0 0.95059036 1.00000000 0.82771875 0.73593750 0.79489375 0.73593750 0.64062500 0.82387344 0.64062500 0.83255156 0.71600223 1.00000000 0.95059036 1.00000000
