0 0.28029314 0.25782355 0.28234250 0.25728188 0.33496805 0.21071136 0.33481879 0.21014400 0.26497496 0.14653239 0.25536480 0.14837463 0.24318531 0.16225071 0.23679708 0.15866173 0.19877697 0.18851219 0.22150874 0.20691491 0.21852356 0.21034427 0.26707307 0.25887175 0.27465933 0.25224633 0.28029314 0.25782355
0 0.48666172 0.18130989 0.48494566 0.17460644 0.45411951 0.17489245 0.45907936 0.21585053 0.46048519 0.22090666 0.46512712 0.22030457 0.49039401 0.21546100 0.48666172 0.18130989
0 0.52968750 0.25941453 0.52312870 0.26067183 0.52422435 0.28373627 0.52502271 0.28358323 0.52968750 0.28249696 0.52968750 0.25941453
0 0.56266084 0.43981481 0.52968750 0.38902072 0.52968750 0.40328419 0.55307206 0.43981481 0.56266084 0.43981481
0 0.57402976 0.43981481 0.52968750 0.37138223 0.52968750 0.38612258 0.56420385 0.43981481 0.57402976 0.43981481
0 0.58419556 0.43981481 0.52968750 0.35537856 0.52968750 0.36900590 0.57558771 0.43981481 0.58419556 0.43981481
0 0.59573457 0.43981481 0.52999749 0.33912030 0.52968750 0.33991227 0.52968750 0.35200064 0.58641165 0.43981481 0.59573457 0.43981481
0 0.60633288 0.43981481 0.53393903 0.32895669 0.53085694 0.33738680 0.59732807 0.43981481 0.60633288 0.43981481
0 0.61764563 0.43981481 0.53897429 0.31967456 0.53538190 0.32724980 0.60882709 0.43981481 0.61764563 0.43981481
0 0.59533418 0.38942031 0.54303356 0.30941321 0.53995339 0.31784158 0.57337747 0.37033223 0.57504513 0.36792776 0.57812760 0.37201365 0.57697103 0.37527077 0.59148695 0.39720658 0.59533418 0.38942031
0 0.62886918 0.43981481 0.60337089 0.40089201 0.59924914 0.40916156 0.61879259 0.43981481 0.62886918 0.43981481
0 0.63348568 0.43981481 0.63452030 0.43202645 0.54806883 0.30013109 0.54425004 0.30738303 0.63102853 0.43981481 0.63348568 0.43981481
0 0.64097851 0.42488476 0.55212860 0.28986953 0.54875877 0.29828185 0.63545654 0.43176097 0.64097851 0.42488476
0 0.58396186 0.32580065 0.55579432 0.28248846 0.55305553 0.28782419 0.58118444 0.33218899 0.58396186 0.32580065
0 0.28560270 0.50786756 0.28970938 0.56818911 0.33047055 0.56398603 0.32636226 0.50366487 0.28560270 0.50786756
0 0.22274497 0.55196097 0.22579021 0.57421426 0.26615408 0.56819118 0.26310722 0.54593829 0.22274497 0.55196097
0 0.22009469 0.50661444 0.22181633 0.53110789 0.26218020 0.52508482 0.26045695 0.50059176 0.22009469 0.50661444
0 0.83499529 0.43981481 0.83587541 0.44435554 0.83807910 0.44599536 0.84097199 0.46092031 0.84317523 0.46256027 0.84441498 0.46895639 0.85694560 0.46551065 0.85832233 0.46288655 0.87085295 0.45944081 0.87222964 0.45681649 0.88476026 0.45337076 0.88613695 0.45074643 0.89866757 0.44730070 0.90004425 0.44467632 0.91257487 0.44123059 0.91331755 0.43981481 0.83499529 0.43981481
