0 0.25028463 0.16170302 0.25225917 0.20471570 0.25747501 0.20548125 0.27378446 0.20656676 0.27775569 0.18333139 0.27773484 0.16503514 0.25028463 0.16170302
0 0.26486285 0.34340658 0.27105541 0.34431549 0.32415557 0.34633581 0.33176713 0.30180110 0.32639332 0.22124513 0.25567340 0.21580261 0.25555674 0.21712938 0.26410912 0.29823018 0.27732472 0.29785072 0.28006538 0.31398732 0.26206462 0.31355845 0.26486285 0.34340658
0 0.76450942 0.38463412 0.76759620 0.37976349 0.78649197 0.13314694 0.78392379 0.11842124 0.75919367 0.10793715 0.72903756 0.10942894 0.72410536 0.21451580 0.71205895 0.35472748 0.71640362 0.37006425 0.76450942 0.38463412
0 0.29878684 0.77115365 0.28008309 0.75399904 0.26533529 0.77338949 0.28206920 0.78388325 0.29878684 0.77115365
0 0.27474841 0.75218168 0.23902181 0.72284321 0.22413655 0.73315727 0.26105438 0.76410044 0.27474841 0.75218168
0 0.78222415 0.78367864 0.81855449 0.98162550 0.83939853 0.97155272 0.79930594 0.75767125 0.78560464 0.76486423 0.78897098 0.77973940 0.78222415 0.78367864
0 0.77353843 1.00000000 0.75867223 0.91849739 0.75366416 0.92031354 0.75627709 0.93672627 0.76725631 1.00000000 0.77353843 1.00000000
0 0.77812555 0.90938313 0.77884039 0.91526151 0.79267491 0.99352736 0.79856626 0.99083048 0.78334094 0.90805918 0.77812555 0.90938313
0 1.00000000 0.76612001 0.97471841 0.79588562 0.98775399 0.82392987 1.00000000 0.81030020 1.00000000 0.76612001
0 1.00000000 0.70727229 0.98941692 0.69384868 0.97715589 0.71933504 1.00000000 0.74585011 1.00000000 0.70727229
0 0.91853199 0.65002926 0.91362599 0.64584384 0.89936733 0.70715295 0.90413030 0.71105265 0.91853199 0.65002926
0 0.90558134 0.62529325 0.90002828 0.61967033 0.88800826 0.65549391 0.89368923 0.66025606 0.90558134 0.62529325
