0 0.26153327 0.16491283 0.25731247 0.18956978 0.26348565 0.19101606 0.29980566 0.19759558 0.30508469 0.18036926 0.30568842 0.17467570 0.26153327 0.16491283
0 0.23498387 0.23772060 0.23360938 0.24220578 0.22048099 0.30050718 0.23039474 0.30282981 0.30890256 0.31342264 0.31009352 0.30120578 0.32756688 0.30259304 0.32493911 0.31900492 0.35658570 0.32359714 0.35898071 0.31660340 0.36896116 0.26032639 0.23498387 0.23772060
0 1.00000000 0.24352989 0.93579911 0.18483048 0.92450889 0.23256625 0.91241611 0.29287550 1.00000000 0.37184234 1.00000000 0.24352989
0 0.89869638 0.28247534 0.91483724 0.20784559 0.89624478 0.19247546 0.88161048 0.23760224 0.88347971 0.27001313 0.89869638 0.28247534
0 0.93239623 0.00000000 0.91049639 0.08921785 0.92583809 0.10253103 0.93004644 0.09572406 0.94839421 0.11287820 0.96868928 0.02715285 0.96757584 0.01451349 0.97183010 0.00000000 0.93239623 0.00000000
0 1.00000000 0.00787477 0.96644244 0.13898753 1.00000000 0.16793914 1.00000000 0.00787477
0 0.22889607 0.71486133 0.23833123 0.71704478 0.23895301 0.72871395 0.27556596 0.73711270 0.28820213 0.69863732 0.30358888 0.70154797 0.31058255 0.67946736 0.24388520 0.66482475 0.22889607 0.71486133
0 0.41992213 0.72725600 0.44582554 0.73306881 0.47738850 0.64850770 0.45503502 0.64438358 0.41992213 0.72725600
0 0.55984174 0.80029364 0.68654546 0.83006216 0.70426801 0.76719655 0.55998961 0.73110250 0.55984174 0.73197286 0.55984174 0.80029364
0 0.55984174 0.85738218 0.63973829 0.87648189 0.64984997 0.84704486 0.55984174 0.82383613 0.55984174 0.85738218
0 0.98863166 0.82756309 0.99073375 0.80720004 0.91975862 0.79163807 0.82936619 0.76594799 0.80356409 0.86821563 0.96976878 0.90920990 0.98863166 0.82756309
