0 0.26984527 0.00000000 0.13087019 0.03509707 0.21263085 0.29462880 0.25802037 0.28580597 0.33331688 0.26518962 0.32808087 0.23549309 0.35117657 0.22587673 0.34843322 0.21032222 0.37061175 0.20376679 0.31528723 0.00000000 0.26984527 0.00000000
0 0.48906250 0.23926969 0.48999156 0.24060174 0.61390449 0.15992738 0.56201359 0.08616243 0.48906250 0.13430067 0.48906250 0.23926969
0 0.62725388 0.19060795 0.61009080 0.16198347 0.49503095 0.24268947 0.50881056 0.26589594 0.62725388 0.19060795
0 0.79926908 0.44754086 0.61585163 0.19753270 0.50873324 0.26506416 0.69114130 0.51982887 0.79926908 0.44754086
0 0.77718765 0.53906250 0.85015013 0.48808025 0.81556041 0.43842580 0.69701982 0.51781552 0.71054817 0.53906250 0.77718765 0.53906250
0 0.66313946 0.00000000 0.58020105 0.07423228 0.63391783 0.15341081 0.65569392 0.13701385 0.75972252 0.04195049 0.72826426 0.00000000 0.66313946 0.00000000
0 0.75843847 0.04236244 0.65572963 0.13063834 0.84450125 0.38861184 0.94816395 0.29791413 0.75833740 0.04184248 0.75843847 0.04236244
0 0.86962322 0.47505021 0.99854793 0.37012558 0.95037560 0.30220057 0.84227380 0.39245751 0.83411508 0.40115691 0.84195304 0.41430925 0.83086248 0.42349260 0.86962322 0.47505021
0 0.48906250 0.53906250 0.62032251 0.53906250 0.54010611 0.42929692 0.48906250 0.47754036 0.48906250 0.53906250
0 0.00000000 0.77553320 0.00540678 0.78764557 0.16884364 0.71130781 0.16049575 0.66836162 0.22440495 0.63683799 0.19688642 0.56896679 0.18862118 0.56738990 0.00000000 0.66585651 0.00000000 0.77553320
0 1.00000000 0.73123297 0.98288047 0.66439440 0.97401895 0.65974993 0.71327423 0.71043357 0.73303760 0.79572967 0.74036533 0.80067228 0.99710495 0.75395064 1.00000000 0.74760909 1.00000000 0.73123297
