0 0.14399020 0.42479440 0.22324889 0.44670524 0.22486432 0.43267509 0.23056187 0.43335553 0.23324944 0.41856447 0.24412659 0.41986350 0.25190308 0.34434316 0.15439626 0.31047463 0.14399020 0.42479440
0 0.54108367 0.35028984 0.56102865 0.37999787 0.57741816 0.36966733 0.55761048 0.33763203 0.54108367 0.35028984
0 0.60705546 0.30198603 0.62700045 0.33169406 0.64339193 0.32136150 0.62358228 0.28932823 0.60705546 0.30198603
0 0.58823123 0.00000000 0.55819994 0.02673691 0.57787031 0.06109948 0.63795514 0.01230558 0.63124578 0.00000000 0.58823123 0.00000000
0 0.57610089 0.32513696 0.59604588 0.35484499 0.61243723 0.34451461 0.59262771 0.31247916 0.57610089 0.32513696
0 0.31668384 0.69966722 0.32247973 0.77174643 0.38181951 0.75778259 0.37560812 0.69966722 0.31668384 0.69966722
0 0.29984400 0.69966722 0.29227671 0.70125038 0.29437808 0.72714140 0.26495906 0.73463567 0.26109489 0.71231587 0.20385476 0.72701191 0.20634136 0.74939608 0.19558237 0.75164696 0.19676460 0.77679632 0.17795935 0.78294229 0.18192007 0.80605836 0.20988838 0.79953964 0.30781405 0.77478949 0.30077010 0.69966722 0.29984400 0.69966722
0 0.75585419 1.00000000 0.75732522 0.98929758 0.75502500 0.98921575 0.75354273 1.00000000 0.75585419 1.00000000
0 0.74429567 1.00000000 0.74582294 0.98888838 0.74352272 0.98880655 0.74198421 1.00000000 0.74429567 1.00000000
0 0.73504980 1.00000000 0.73533520 0.99792359 0.73319524 0.99667150 0.73432125 0.98847920 0.73202103 0.98839737 0.73042628 1.00000000 0.73504980 1.00000000
0 0.86681174 1.00000000 0.86822543 0.98971471 0.83371977 0.98848715 0.83125866 0.98957586 0.82435741 0.98933035 0.82419657 0.99050059 0.82173550 0.99158900 0.81483425 0.99134349 0.81237314 0.99243220 0.77786749 0.99120464 0.77665858 1.00000000 0.86681174 1.00000000
0 0.96852282 1.00000000 0.96960243 0.99214527 0.92359509 0.99050854 0.92113402 0.99159695 0.88662836 0.99036940 0.88530466 1.00000000 0.96852282 1.00000000
0 0.40966797 0.98869007 0.47047109 0.99085317 0.47224053 0.97797960 0.46303906 0.97765226 0.46089969 0.97640018 0.46122142 0.97405940 0.46368249 0.97297099 0.46598271 0.97305282 0.46614355 0.97188258 0.42933768 0.97057319 0.42885514 0.97408392 0.42639391 0.97517263 0.41949278 0.97492712 0.41933193 0.97609736 0.41687075 0.97718576 0.40996962 0.97694025 0.40966797 0.97676372 0.40966797 0.98869007
0 0.80772392 0.97580209 0.81018498 0.97471368 0.87689549 0.97708694 0.87737807 0.97357591 0.87523870 0.97232384 0.87604297 0.96647232 0.87358191 0.96756074 0.76776472 0.96379624 0.76530365 0.96488465 0.73309880 0.96373895 0.73181195 0.97310149 0.80772392 0.97580209
0 0.40966797 0.96608198 0.41157817 0.96523723 0.43918258 0.96621927 0.44132207 0.96747135 0.44116122 0.96864159 0.47106573 0.96970546 0.47352739 0.96861707 0.47138742 0.96736497 0.47347856 0.95215092 0.47133923 0.95089855 0.47198266 0.94621728 0.43747730 0.94498974 0.43501605 0.94607814 0.40966797 0.94517637 0.40966797 0.96608198
0 0.47888391 0.94646280 0.47743620 0.95699558 0.47957553 0.95824795 0.47812782 0.96878073 0.53103642 0.97066297 0.53119727 0.96949273 0.53365838 0.96840402 0.53595918 0.96848587 0.53842025 0.96739746 0.55222216 0.96788847 0.55436212 0.96914057 0.55404039 0.97148135 0.55864083 0.97164501 0.56078020 0.97289709 0.55831909 0.97398580 0.48700756 0.97144886 0.48454649 0.97253727 0.48438565 0.97370751 0.49128690 0.97395303 0.49342627 0.97520510 0.49310453 0.97754589 0.49064347 0.97863430 0.47684097 0.97814327 0.47507153 0.99101683 0.67750384 0.99821845 0.67996550 0.99713005 0.69376741 0.99762106 0.69441088 0.99293950 0.69227150 0.99168742 0.69355836 0.98232489 0.68895733 0.98216120 0.68253922 0.97840498 0.68286095 0.97606420 0.64605508 0.97475481 0.64359342 0.97584320 0.56308042 0.97297892 0.56094105 0.97172684 0.56340211 0.97063843 0.62551218 0.97284803 0.62797387 0.97175934 0.63257431 0.97192300 0.63273516 0.97075276 0.63519623 0.96966435 0.66280063 0.97064638 0.66494060 0.97189848 0.66477975 0.97306872 0.69468438 0.97413259 0.69741894 0.95423728 0.69527898 0.95298518 0.69297876 0.95290335 0.68870001 0.95039920 0.67489751 0.94990817 0.67243645 0.95099658 0.58962323 0.94805047 0.58716216 0.94913888 0.50434894 0.94619276 0.50188787 0.94728117 0.47888391 0.94646280
