0 0.38882021 0.50961538 0.39007904 0.49272349 0.41149405 0.48901927 0.40834654 0.37949378 0.21100866 0.38163090 0.21675586 0.50961538 0.38882021 0.50961538
0 0.57382152 0.34975206 0.66472504 0.33402818 0.65738583 0.26975597 0.56841643 0.28514530 0.57382152 0.34975206
0 0.58748584 0.00000000 0.60786195 0.16423119 0.65261847 0.15891697 0.63132629 0.00000000 0.58748584 0.00000000
0 1.00000000 0.05756224 0.92070803 0.07127763 0.75546123 0.10957080 0.76225679 0.16908211 0.79568043 0.16815565 0.81174931 0.29160461 1.00000000 0.25301386 1.00000000 0.05756224
0 0.96216517 0.65141886 0.90565911 0.61717558 0.90913843 0.64764537 0.95594199 0.67062122 0.96216517 0.65141886
0 0.93411882 0.68216395 0.89585791 0.66029813 0.89169843 0.67914353 0.92760561 0.69882637 0.93411882 0.68216395
0 0.89415059 0.62693416 0.75522355 0.55256975 0.75077404 0.56887521 0.88763930 0.64359624 0.89415059 0.62693416
0 0.92286606 0.71259189 0.74068115 0.60946053 0.73239620 0.62901953 0.91429108 0.72961094 0.92286606 0.71259189
0 0.79727072 0.50961538 0.89309107 0.56238408 0.89812038 0.55115612 0.82089322 0.50961538 0.79727072 0.50961538
0 0.98557259 0.58004897 0.91375631 0.54068362 0.91578600 0.55845846 0.98054301 0.59127454 0.98557259 0.58004897
