0 0.29881534 0.47968750 0.29878947 0.47956579 0.26117485 0.35284209 0.17831657 0.37045416 0.01964578 0.43906645 0.03259813 0.47968750 0.29881534 0.47968750
0 0.69748130 0.47968750 0.68612703 0.43044057 0.68769230 0.42821783 0.68093111 0.39889251 0.67852063 0.39744935 0.58110600 0.41653878 0.59566545 0.47968750 0.69748130 0.47968750
0 0.55731691 0.30434654 0.56069751 0.31900920 0.55913213 0.32123147 0.57983825 0.41104016 0.67924081 0.39156118 0.65473155 0.28525712 0.55731691 0.30434654
0 0.98136856 0.20592402 0.95939469 0.11061672 0.95144246 0.11217504 0.94903188 0.11073141 0.85956947 0.12826252 0.86590812 0.15575512 0.86434223 0.15797750 0.88251295 0.23678942 0.98191602 0.21731034 0.97980318 0.20814629 0.98136856 0.20592402
0 0.75221417 0.14929992 0.76193341 0.19145519 0.76036803 0.19367746 0.77515816 0.25782673 0.87654865 0.23795819 0.85161674 0.12982094 0.75221417 0.14929992
0 0.75756342 0.25361204 0.75912880 0.25138977 0.73630972 0.15241657 0.63690716 0.17189555 0.65803594 0.26353742 0.67791625 0.25964166 0.68032672 0.26108482 0.68328477 0.27391477 0.75883116 0.25911065 0.75756342 0.25361204
0 0.64573300 0.23721358 0.63094286 0.17306431 0.62299064 0.17462264 0.62058016 0.17317947 0.53111725 0.19071068 0.54590738 0.25485994 0.54434200 0.25708221 0.55363869 0.29740477 0.65304125 0.27792579 0.64416721 0.23943642 0.64573300 0.23721358
0 0.82999751 0.00000000 0.85661153 0.11543304 0.93812171 0.09946026 0.93643142 0.09212893 0.93799680 0.08990666 0.93757414 0.08807347 0.93913953 0.08585120 0.95305605 0.08312411 0.93389111 0.00000000 0.82999751 0.00000000
0 0.71986961 0.00000000 0.74363777 0.10308966 0.74207239 0.10531194 0.74841103 0.13280454 0.84980203 0.11293591 0.82376374 0.00000000 0.71986961 0.00000000
0 0.66292448 0.14955653 0.70268561 0.14176492 0.70509608 0.14320808 0.73292913 0.13775390 0.71729390 0.06993921 0.71885928 0.06771694 0.70364660 0.00173496 0.60424404 0.02121394 0.63213390 0.14218067 0.65599058 0.13750570 0.65840116 0.13894933 0.65966891 0.14444795 0.66207939 0.14589110 0.66292448 0.14955653
0 0.61053438 0.07553474 0.59827975 0.02238271 0.49887667 0.04186179 0.50437014 0.06568859 0.50280479 0.06791100 0.52773665 0.17604802 0.62713972 0.15656894 0.60896910 0.07775748 0.61053438 0.07553474
0 0.33341904 0.83184071 0.38607915 0.79889397 0.27924259 0.67658217 0.22970792 0.71219358 0.33341904 0.83184071
0 0.07872485 0.98076778 0.10258522 0.95992010 0.06738943 0.91952531 0.04186076 0.93485392 0.07872485 0.98076778
0 0.10976796 0.95878154 0.13183248 0.93879640 0.09754065 0.89455300 0.07755317 0.91409665 0.10976796 0.95878154
0 0.13491379 0.93125822 0.15160673 0.91905368 0.11655901 0.87886702 0.10574562 0.88852154 0.13491379 0.93125822
0 0.73004890 0.93509254 0.85722728 0.90965735 0.83406613 0.79317746 0.70961960 0.81643457 0.71380580 0.85867476 0.73004890 0.93509254
