0 0.00000000 0.40489122 0.23431554 0.27679547 0.23111390 0.25401466 0.19434981 0.17605378 0.19418427 0.17606600 0.00000000 0.28417769 0.00000000 0.40489122
0 0.52968750 0.27249698 0.53632262 0.32362952 0.53996118 0.32307568 0.53152365 0.25805320 0.52968750 0.25833269 0.52968750 0.27249698
0 0.83727062 0.28384915 0.83420242 0.26020457 0.83576639 0.25795734 0.83758555 0.25768044 0.83554009 0.24191738 0.83710358 0.23967022 0.84619986 0.23828565 0.84262027 0.21070004 0.84418423 0.20845282 0.84964171 0.20762211 0.84299393 0.15639193 0.84091910 0.15469857 0.83682817 0.12317246 0.76769533 0.13369542 0.76613183 0.13594258 0.69699946 0.14646547 0.71080637 0.25286635 0.71288120 0.25455971 0.71901760 0.30184888 0.83727062 0.28384915
0 0.98003993 0.09735481 0.96548570 0.09957017 0.97878128 0.20203054 0.98085611 0.20372389 0.98443564 0.23130899 0.99535155 0.22964744 0.99691505 0.22740028 0.98003993 0.09735481
0 0.96710799 0.06918411 0.96889773 0.08297641 0.96733430 0.08522407 0.96835703 0.09310560 0.97927293 0.09144405 0.97620474 0.06779946 0.96710799 0.06918411
0 0.69060740 0.09720605 0.69469833 0.12873216 0.71107172 0.12623990 0.71263522 0.12399275 0.81269569 0.10876218 0.81425912 0.10651452 0.83427130 0.10346839 0.83375997 0.09952788 0.83168514 0.09783452 0.82682715 0.06039714 0.78134529 0.06732010 0.77978132 0.06956732 0.70155221 0.08147487 0.69998878 0.08372253 0.68725371 0.08566098 0.68853211 0.09551276 0.69060740 0.09720605
0 0.86204264 0.11732530 0.87113892 0.11594072 0.87321375 0.11763408 0.87704901 0.14718993 0.87548552 0.14943709 0.87366589 0.14971406 0.87159106 0.14802071 0.87082399 0.14210944 0.86874916 0.14041608 0.86511084 0.14096989 0.86971310 0.17643651 0.87178793 0.17812986 0.88406071 0.27270820 0.97502443 0.25886228 0.95661526 0.11699477 0.95454043 0.11530142 0.94405744 0.03451588 0.86400916 0.04670033 0.86758875 0.07428593 0.86966358 0.07597928 0.87017492 0.07991979 0.86861142 0.08216695 0.85769598 0.08382843 0.86204264 0.11732530
0 0.74316944 0.05906575 0.74393651 0.06497702 0.82580442 0.05251561 0.82478168 0.04463408 0.74109461 0.05737240 0.74316944 0.05906575
0 0.33547086 0.66787405 0.35847578 0.65497042 0.36519547 0.66400461 0.39595743 0.64348472 0.38749039 0.63467800 0.39549487 0.62868154 0.38877518 0.61964735 0.32875117 0.65883986 0.33547086 0.66787405
0 0.01924018 0.81638610 0.06819546 0.81001328 0.06622972 0.79705778 0.01727443 0.80343060 0.01924018 0.81638610
0 0.72148191 0.83891503 0.73446246 0.86391427 0.88938422 0.85476428 0.96454924 0.83946696 0.95224615 0.80806108 0.91489364 0.81173278 0.89572392 0.78760336 0.86876755 0.78665827 0.85600446 0.76320631 0.82948301 0.76535580 0.81186058 0.74100893 0.75925258 0.74840250 0.76913855 0.77383667 0.75255323 0.77932329 0.76045698 0.80188032 0.74210691 0.80603711 0.75066304 0.83323603 0.72148191 0.83891503
