0 0.46875000 0.00000000 0.33520905 0.00000000 0.22891861 0.13522949 0.22777013 0.15165344 0.33939162 0.24049524 0.35312216 0.24145537 0.46875000 0.09437528 0.46875000 0.00000000
0 0.84552513 0.03683453 0.84330983 0.03842580 0.84138458 0.03659524 0.84341120 0.01264250 0.72127279 0.00558382 0.71924618 0.02953656 0.75029841 0.03133115 0.75222366 0.03316171 0.75034181 0.05540352 0.84349851 0.06078727 0.84552513 0.03683453
0 0.72174523 0.00000000 0.72156231 0.00216200 0.76917567 0.00491369 0.77139044 0.00332242 0.84384547 0.00750977 0.84399023 0.00579886 0.74365083 0.00000000 0.72174523 0.00000000
0 0.21461307 0.77268480 0.29194460 0.75331716 0.28904231 0.73577159 0.21023954 0.75255882 0.21461307 0.77268480
0 0.20834875 0.74416821 0.28468606 0.72720858 0.28078955 0.71207100 0.20445224 0.72903063 0.20834875 0.74416821
0 0.20256145 0.72064003 0.28054240 0.70379532 0.27611140 0.68449117 0.19877987 0.70385880 0.20256145 0.72064003
0 0.53610513 0.82350406 0.53803039 0.82584259 0.53585900 0.85863010 0.53364425 0.86066294 0.49224144 0.85760598 0.49093863 0.87727827 0.62342760 0.88706052 0.62487517 0.86520256 0.61245406 0.86428545 0.61052884 0.86194637 0.61125262 0.85101739 0.59883205 0.85010032 0.59690626 0.84776176 0.59748529 0.83901846 0.58506471 0.83810139 0.58313949 0.83576231 0.58386328 0.82483333 0.56937216 0.82376338 0.56744690 0.82142486 0.56817068 0.81049588 0.55782012 0.80973165 0.55589433 0.80739309 0.55632861 0.80083547 0.54390804 0.79991841 0.54198281 0.79757933 0.54270660 0.78665034 0.52821548 0.78558040 0.52629022 0.78324187 0.52672451 0.77668426 0.49774228 0.77454437 0.49542615 0.80951757 0.49735151 0.81185610 0.50770224 0.81262034 0.50962762 0.81495943 0.50919333 0.82151705 0.53610513 0.82350406
0 0.65954639 0.81284925 0.65911210 0.81940686 0.68809380 0.82154671 0.69030909 0.81951390 0.69444911 0.81981958 0.69531767 0.80670435 0.69753243 0.80467150 0.70374298 0.80513006 0.70432202 0.79638676 0.70653678 0.79435391 0.70860731 0.79450679 0.71082211 0.79247338 0.71289211 0.79262622 0.71347111 0.78388348 0.71568590 0.78185008 0.71982645 0.78215579 0.72204121 0.78012295 0.72305452 0.76482203 0.72526928 0.76278919 0.72940982 0.76309490 0.73013361 0.75216592 0.73234836 0.75013307 0.73855892 0.75059163 0.73928274 0.73966208 0.74149749 0.73762924 0.74563804 0.73793495 0.74785280 0.73590211 0.74843183 0.72715881 0.74222128 0.72670025 0.73837027 0.72202261 0.73865976 0.71765124 0.69725749 0.71459432 0.69711274 0.71678001 0.69489745 0.71881282 0.65349465 0.71575586 0.64727003 0.80974646 0.65762113 0.81051073 0.65954639 0.81284925
0 0.63115775 0.70751751 0.58768441 0.70430768 0.58725016 0.71086473 0.58503540 0.71289758 0.57261430 0.71198048 0.57102195 0.73602469 0.62898640 0.74030446 0.63115775 0.70751751
0 0.62832006 0.68753896 0.63053481 0.68550611 0.63260535 0.68565899 0.63882997 0.59166839 0.58293605 0.58754149 0.58076467 0.62032900 0.57854938 0.62236181 0.57435136 0.68575114 0.60333359 0.68789103 0.60554838 0.68585762 0.62832006 0.68753896
0 0.68120215 0.54867029 0.67898739 0.55070314 0.67277684 0.55024459 0.66351231 0.69013736 0.75045847 0.69655698 0.75267322 0.69452414 0.76716434 0.69559408 0.76937909 0.69356123 0.79629078 0.69554824 0.80613435 0.54691218 0.79371377 0.54599511 0.79178851 0.54365659 0.79222280 0.53709897 0.77980169 0.53618187 0.77787647 0.53384279 0.77802122 0.53165710 0.76560011 0.53074000 0.76367485 0.52840147 0.76410914 0.52184386 0.75168803 0.52092675 0.74976277 0.51858823 0.74990752 0.51640254 0.73748694 0.51548548 0.73556119 0.51314636 0.73599544 0.50658930 0.69873318 0.50383806 0.69680792 0.50149954 0.67817679 0.50012392 0.67687398 0.51979620 0.67465869 0.52182901 0.67350062 0.53931561 0.67971118 0.53977416 0.68163643 0.54211268 0.68120215 0.54867029
