0 0.00000000 0.50874658 0.23964478 0.24243296 0.23981620 0.24155047 0.15794209 0.17473240 0.09705110 0.16508821 0.00000000 0.27292022 0.00000000 0.50874658
0 0.72606811 0.65937500 0.72803225 0.64503733 0.72618051 0.64209063 0.73280208 0.59375498 0.70419759 0.58851697 0.70164834 0.59065778 0.65544101 0.58219637 0.65289223 0.58433793 0.60668490 0.57587652 0.60413621 0.57801743 0.55572811 0.56915301 0.55317941 0.57129392 0.50697152 0.56283240 0.50442283 0.56497331 0.46261650 0.55731780 0.45948000 0.58021339 0.46133165 0.58316075 0.48773591 0.58799586 0.48958765 0.59094257 0.48923917 0.59348638 0.49109081 0.59643374 0.48830280 0.61678552 0.51910806 0.62242653 0.52165684 0.62028497 0.52605783 0.62109088 0.52790948 0.62403824 0.52756100 0.62658205 0.70664156 0.65937500 0.72606811 0.65937500
0 0.49111117 0.54688930 0.49366052 0.54474784 0.53326663 0.55200045 0.53581589 0.54985964 0.57762222 0.55751515 0.58017092 0.55537424 0.58457191 0.55618014 0.58945098 0.52056420 0.55864629 0.51492330 0.55609694 0.51706475 0.49448699 0.50578283 0.49193829 0.50792374 0.46113303 0.50228273 0.45590548 0.54044248 0.49111117 0.54688930
0 0.60102007 0.55136857 0.60032302 0.55645684 0.68833724 0.57257387 0.69088593 0.57043296 0.72389141 0.57647687 0.72203920 0.57352940 0.72656970 0.54045792 0.72471797 0.53751121 0.72216927 0.53965212 0.63855548 0.52434090 0.63600679 0.52648181 0.60300131 0.52043790 0.59916777 0.54842176 0.60102007 0.55136857
0 0.46625145 0.44845659 0.46102390 0.48661634 0.46982521 0.48822803 0.47237455 0.48608656 0.50978046 0.49293628 0.51232915 0.49079537 0.55193527 0.49804798 0.55448453 0.49590717 0.58969022 0.50235398 0.59491777 0.46419423 0.56191230 0.45815032 0.55936360 0.46029123 0.51535649 0.45223271 0.51280771 0.45437427 0.47100081 0.44671866 0.46845156 0.44885947 0.46625145 0.44845659
0 0.65604917 0.51189724 0.65859786 0.50975633 0.72680902 0.52224705 0.72935772 0.52010614 0.73144877 0.50484198 0.72959704 0.50189527 0.73238506 0.48154349 0.73018484 0.48114059 0.72763615 0.48328150 0.65722477 0.47038788 0.65467599 0.47252944 0.60846810 0.46406792 0.60324064 0.50222703 0.65604917 0.51189724
0 0.50424505 0.43455160 0.50679374 0.43241069 0.55520184 0.44127510 0.55775063 0.43913355 0.59515653 0.44598325 0.60003551 0.41036796 0.59818378 0.40742125 0.55637745 0.39976574 0.55382819 0.40190655 0.50542065 0.39304224 0.50287195 0.39518315 0.47646712 0.39034793 0.47123957 0.42850769 0.50424505 0.43455160
0 0.71027254 0.46184787 0.71282132 0.45970631 0.73482459 0.46373552 0.73830957 0.43829612 0.73645783 0.43534941 0.73785184 0.42517352 0.73565163 0.42477062 0.73310293 0.42691153 0.66929220 0.41522660 0.66674351 0.41736751 0.61393498 0.40769730 0.60905590 0.44331324 0.71027254 0.46184787
0 0.47879753 0.35687357 0.47635808 0.37468089 0.48956038 0.37709848 0.49210908 0.37495757 0.52951498 0.38180728 0.53206367 0.37966637 0.56947014 0.38651618 0.57201883 0.38437528 0.60062331 0.38961328 0.60550239 0.35399734 0.60365065 0.35105063 0.59704945 0.34984183 0.59450075 0.35198274 0.53289080 0.34070082 0.53034210 0.34284173 0.47973379 0.33357441 0.47694577 0.35392619 0.47879753 0.35687357
0 0.65598054 0.39714259 0.65852989 0.39500113 0.72234006 0.40668595 0.72488875 0.40454504 0.74029138 0.40736555 0.74273092 0.38955757 0.74087918 0.38661086 0.74297015 0.37134735 0.69016162 0.36167714 0.68761292 0.36381805 0.62380219 0.35213312 0.62125350 0.35427404 0.61685307 0.35346824 0.61197399 0.38908418 0.65598054 0.39714259
0 0.71603971 0.23863369 0.72475224 0.17503454 0.71815103 0.17382574 0.71629930 0.17087903 0.71699634 0.16579075 0.71954504 0.16364984 0.73274745 0.16606745 0.73692948 0.13553978 0.73947817 0.13339887 0.74087218 0.12322298 0.74342087 0.12108207 0.74481497 0.11090552 0.74296324 0.10795882 0.68575371 0.09748270 0.68261722 0.12037829 0.68006843 0.12251985 0.68446942 0.12332575 0.68632116 0.12627246 0.67203260 0.23057518 0.71603971 0.23863369
0 0.27277857 0.76599973 0.23184375 0.75477036 0.22518184 0.75687917 0.20017341 0.90478799 0.20536874 0.91193876 0.24216263 0.91934831 0.27277857 0.76599973
0 0.81177941 1.00000000 0.81791903 0.97684777 0.82046782 0.97574147 0.83127131 0.93500199 0.83382010 0.93389568 0.83451706 0.93126748 0.83231684 0.93105935 0.83046520 0.92953678 0.76445425 0.92329236 0.76260251 0.92177012 0.73179725 0.91885605 0.73110021 0.92148458 0.72855151 0.92259055 0.66034035 0.91613800 0.65999187 0.91745210 0.65744309 0.91855840 0.64350300 0.97112580 0.64095431 0.97223177 0.63537828 0.99325873 0.70664156 1.00000000 0.81177941 1.00000000
0 1.00000000 0.80277627 0.97962408 0.80084877 0.97777234 0.79932654 0.92056338 0.79391476 0.90801731 0.84122541 0.90546861 0.84233138 0.89257406 0.89095614 0.89002480 0.89206205 0.87678168 0.94200125 0.87423298 0.94310722 0.86133834 0.99173231 0.85878965 0.99283828 0.85689046 1.00000000 0.95613479 1.00000000 1.00000000 0.83458634 1.00000000 0.80277627
0 0.66835592 0.88591166 0.66521934 0.89773958 0.72462907 0.90335955 0.72648137 0.90488183 0.80349339 0.91216692 0.80534513 0.91368915 0.83835060 0.91681136 0.85019963 0.87212924 0.82379536 0.86963149 0.82194371 0.86810891 0.81974350 0.86790078 0.81789120 0.86637849 0.81998217 0.85849355 0.82253152 0.85738730 0.83159253 0.82321866 0.83414131 0.82211236 0.84320232 0.78794372 0.84575101 0.78683775 0.82594795 0.78496445 0.82409622 0.78344221 0.74488342 0.77594894 0.74303178 0.77442637 0.70562531 0.77088784 0.70109481 0.78797216 0.69854602 0.78907846 0.68599995 0.83638912 0.68345125 0.83749509 0.67090518 0.88480575 0.66835592 0.88591166
