0 0.11643126 0.00000000 0.01911130 0.37243516 0.16490371 0.41070629 0.16698011 0.41000501 0.27415919 0.00000000 0.11643126 0.00000000
0 0.76067796 0.39020944 0.77291838 0.38665479 0.77073870 0.37647238 0.75849828 0.38002703 0.76067796 0.39020944
0 0.70476198 0.33722536 0.77645377 0.31640590 0.77427368 0.30622158 0.70258188 0.32704104 0.70476198 0.33722536
0 0.70955396 0.36828198 0.74977015 0.35660311 0.74759006 0.34641878 0.70737387 0.35809766 0.70955396 0.36828198
0 0.76594283 0.35406839 0.70998965 0.37031732 0.71260544 0.38253698 0.74058120 0.37441275 0.76899471 0.36832530 0.76594283 0.35406839
0 0.69602833 0.32245456 0.78389321 0.29910229 0.78171353 0.28891987 0.69384865 0.31227214 0.69602833 0.32245456
0 0.10485658 0.76829015 0.15147728 0.75505597 0.17380798 0.79940865 0.20071954 0.79108851 0.20149185 0.76835128 0.18978191 0.70846788 0.16859744 0.64933641 0.16329725 0.64099589 0.15230664 0.64212583 0.11894865 0.65688424 0.12991073 0.70085077 0.09617474 0.71409310 0.08745215 0.72431955 0.10485658 0.76829015
0 0.00000000 0.88461250 0.00075652 0.88683940 0.01495812 0.90181739 0.05779064 0.88630704 0.05723383 0.86792703 0.04776338 0.86223661 0.03868315 0.83873522 0.05479514 0.82908188 0.06294055 0.83268718 0.07013075 0.84860813 0.07315478 0.86073682 0.06746843 0.86376492 0.08622237 0.87116654 0.10555350 0.86473642 0.10196451 0.84711242 0.05615687 0.77318585 0.04990556 0.77071864 0.00000000 0.78950924 0.00000000 0.88461250
0 1.00000000 0.95652222 0.98257624 0.95949790 0.98001629 0.95844399 0.97796681 0.95879400 0.97540700 0.95774045 0.97285256 0.95072272 0.95236195 0.95422215 0.94980213 0.95316860 0.89857458 0.96191737 0.89601463 0.96086346 0.84273812 0.96996216 0.84017831 0.96890861 0.78895128 0.97765729 0.78639146 0.97660374 0.73516443 0.98535242 0.73260396 0.98429860 0.67932797 0.99339720 0.67676763 0.99234374 0.63193717 1.00000000 0.75414893 1.00000000 1.00000000 0.95801295 1.00000000 0.95652222
0 0.66089708 0.98461834 0.66345703 0.98567225 0.72492988 0.97517376 0.72748970 0.97622731 0.78691307 0.96607884 0.78947289 0.96713239 0.85094575 0.95663390 0.85350570 0.95768781 0.89858586 0.94998891 0.89705314 0.94577813 0.86426776 0.95137730 0.86170781 0.95032339 0.82892243 0.95592256 0.82636209 0.95486910 0.82380765 0.94785136 0.79102226 0.95345053 0.78846245 0.95239698 0.78386430 0.93976463 0.78130448 0.93871108 0.75261701 0.94361040 0.75005719 0.94255685 0.74801361 0.93694259 0.70088449 0.94499141 0.69832468 0.94393786 0.64504817 0.95303656 0.64248822 0.95198265 0.58716328 0.96143118 0.58460294 0.96037772 0.57025972 0.96282729 0.57587960 0.97826659 0.57434098 0.98002008 0.58047172 0.99686286 0.59686441 0.99406328 0.59942475 0.99511674 0.66089708 0.98461834
0 0.56637850 1.00000000 0.56357380 0.99229474 0.56511205 0.99054131 0.55847045 0.97229506 0.56000852 0.97054128 0.55694322 0.96212007 0.53440324 0.96596950 0.53184332 0.96491597 0.50725428 0.96911535 0.51849623 1.00000000 0.56637850 1.00000000
0 1.00000000 0.79808838 0.96233323 0.69460764 0.93774420 0.69880701 0.93518385 0.69775355 0.88600578 0.70615230 0.88344596 0.70509876 0.83426789 0.71349751 0.83170807 0.71244396 0.79482478 0.71874298 0.80657539 0.75102506 0.80503677 0.75277855 0.81934182 0.79207838 0.81780372 0.79383178 0.82189088 0.80506030 0.82035279 0.80681370 0.80191062 0.80996330 0.81468308 0.84505269 0.81314499 0.84680609 0.81365585 0.84820957 0.81211775 0.84996297 0.79572507 0.85276255 0.80389938 0.87521959 0.80236129 0.87697299 0.81104659 0.90083387 0.83973354 0.89593464 0.84229388 0.89698810 0.91196256 0.88508991 0.91452237 0.88614346 0.98624053 0.87389525 0.98880048 0.87494916 1.00000000 0.87303648 1.00000000 0.79808838
0 0.48545128 0.72983568 0.49771275 0.76352124 0.49617413 0.76527473 0.50894647 0.80036377 0.52738864 0.79721417 0.52994859 0.79826807 0.53250303 0.80528581 0.53096493 0.80703921 0.53454123 0.81686425 0.53300261 0.81861775 0.51660992 0.82141733 0.51712078 0.82282080 0.51558282 0.82457457 0.53755119 0.88492759 0.53601310 0.88668099 0.53703495 0.88948830 0.53959477 0.89054185 0.54164372 0.89019193 0.54318234 0.88843843 0.55547660 0.88633879 0.55803641 0.88739234 0.56110185 0.89581391 0.59798567 0.88951480 0.60054548 0.89056835 0.60361078 0.89898956 0.64049408 0.89269054 0.64305455 0.89374436 0.64560899 0.90076209 0.67019803 0.89656272 0.67275785 0.89761627 0.74447600 0.88536806 0.74703582 0.88642161 0.76547747 0.88327210 0.75679229 0.85941159 0.75833091 0.85765810 0.77882151 0.85415866 0.75838572 0.79801606 0.75992382 0.79626266 0.73948803 0.74012006 0.74102613 0.73836666 0.72518836 0.69485606 0.72672698 0.69310257 0.74721758 0.68960313 0.73137979 0.64609245 0.72523240 0.64714232 0.72267254 0.64608866 0.71242724 0.64783838 0.70986738 0.64678472 0.70731292 0.63976692 0.63764372 0.65166520 0.63508387 0.65061157 0.61254379 0.65446103 0.60998393 0.65340737 0.60691857 0.64498598 0.46758069 0.66878245 0.47166785 0.68001097 0.48806054 0.67721138 0.49062038 0.67826500 0.50747985 0.72458249 0.50594188 0.72633625 0.48545128 0.72983568
0 0.45937500 0.83757808 0.47864418 0.89051571 0.49298781 0.88806607 0.49554774 0.88911960 0.50579314 0.88736987 0.50733139 0.88561644 0.48587375 0.82666653 0.47153018 0.82911616 0.46641010 0.82700876 0.46027949 0.81016634 0.46181761 0.80841255 0.48025942 0.80526301 0.47412868 0.78842023 0.47566688 0.78666681 0.45937500 0.74190864 0.45937500 0.83757808
