0 0.00000000 0.47372836 0.08445526 0.46930225 0.14158240 0.37519650 0.14146879 0.37275509 0.01115310 0.29806016 0.00000000 0.31607475 0.00000000 0.47372836
0 0.23947402 0.16650208 0.24752174 0.33979104 0.24803633 0.34398731 0.33268122 0.34807205 0.40379976 0.34434488 0.39508589 0.17807437 0.23947402 0.16650208
0 0.53240965 0.26067638 0.47407434 0.26373360 0.46753945 0.26438249 0.46708401 0.30791390 0.46861361 0.33710041 0.52200295 0.33570275 0.53413500 0.33449975 0.53242178 0.26090783 0.53240965 0.26067638
0 0.88004282 0.30487713 0.90064316 0.29988590 0.89668518 0.24924239 0.91598522 0.24431931 0.91729105 0.21947734 0.92851672 0.20976194 0.92633606 0.16815237 0.89362415 0.16595512 0.88514090 0.15336101 0.87200162 0.15144187 0.86440979 0.13097781 0.84490531 0.13200000 0.84114070 0.13480504 0.84315190 0.32245695 0.85252658 0.32718112 0.87723225 0.32588635 0.88004282 0.30487713
0 0.40798111 0.54933435 0.43312418 0.62768965 0.44074845 0.62697845 0.46685277 0.61918230 0.46585014 0.60005101 0.44919331 0.54146226 0.44058923 0.54191318 0.40798111 0.54933435
0 0.52014492 0.52994792 0.50962084 0.56446927 0.50983018 0.56846379 0.57330859 0.59363181 0.59172863 0.59266646 0.60404352 0.55658839 0.60405844 0.55411156 0.52771836 0.52994792 0.52014492 0.52994792
0 0.55967683 0.69633756 0.62678309 0.72121636 0.64404456 0.72031172 0.65591181 0.69377927 0.65546279 0.68521161 0.57393786 0.65310877 0.55967683 0.69633756
0 0.65885417 0.78618925 0.63301872 0.77449297 0.60892035 0.81718117 0.60904076 0.81947880 0.65885417 0.83900382 0.65885417 0.78618925
0 0.50390635 1.00000000 0.51544800 0.99510865 0.51546016 0.99307658 0.49706377 0.93533003 0.48367589 0.93603165 0.39914905 0.96935398 0.39942273 0.97457598 0.40811517 1.00000000 0.50390635 1.00000000
0 0.36740469 0.85492754 0.40674723 0.94605199 0.40981739 0.94581938 0.46993217 0.91944436 0.46987534 0.91803655 0.43192130 0.82661116 0.43014379 0.82670431 0.36740469 0.85492754
0 0.33035539 0.74782524 0.36959077 0.84653340 0.37089415 0.84644945 0.42917688 0.82081846 0.42849883 0.80788049 0.39266038 0.73348621 0.38929521 0.73366257 0.33035539 0.74782524
0 0.38799054 0.73305032 0.38796752 0.73101880 0.35573313 0.63391258 0.29151324 0.65709311 0.29173614 0.66134639 0.32199627 0.75153213 0.33650110 0.75077196 0.38799054 0.73305032
