0 0.19032967 0.03300985 0.11016013 0.12927560 0.20273654 0.20852529 0.28382594 0.10857019 0.19032967 0.03300985
0 0.04921627 0.00000000 0.00928188 0.04664981 0.06648810 0.09487484 0.14193306 0.00000000 0.04921627 0.00000000
0 0.70037326 0.08466525 0.69862188 0.08175131 0.69920338 0.07941901 0.68287674 0.07534832 0.67706138 0.09867244 0.69105574 0.10216163 0.69280637 0.10507602 0.70213614 0.10740219 0.70737014 0.08640977 0.70037326 0.08466525
0 0.84264519 0.11022852 0.84322684 0.10789563 0.74992918 0.08463391 0.74701523 0.08638529 0.71436134 0.07824376 0.70563831 0.11322994 0.83625504 0.14579635 0.84439657 0.11314246 0.84264519 0.11022852
0 1.00000000 0.15689331 0.98318006 0.15269963 0.97967789 0.14687188 0.85139404 0.11488713 0.84208936 0.15220619 0.85608371 0.15569538 0.85783449 0.15860918 0.85725299 0.16094147 0.96921019 0.18885553 0.97096157 0.19176948 0.97037992 0.19410237 1.00000000 0.20148749 1.00000000 0.15689331
0 0.95809844 0.13405905 0.96043073 0.13464056 0.96218151 0.13755436 0.98783852 0.14395137 0.99598005 0.11129748 0.99131546 0.11013447 0.98956408 0.10722052 0.96623996 0.10140517 0.95984310 0.12706158 0.96917287 0.12938775 0.97092365 0.13230155 0.96800971 0.13405293 0.95867994 0.13172676 0.95809844 0.13405905
0 0.94410349 0.13056972 0.95343325 0.13289589 0.96157478 0.10024201 0.89393412 0.08337730 0.88521109 0.11836348 0.91553268 0.12592350 0.91844648 0.12417271 0.92019786 0.12708666 0.94118969 0.13232051 0.94410349 0.13056972
0 0.88054591 0.11720031 0.88926894 0.08221414 0.85894735 0.07465412 0.85022431 0.10964029 0.88054591 0.11720031
0 0.81406826 0.09567102 0.84438985 0.10323104 0.84730440 0.10147981 0.84788590 0.09914751 0.84613452 0.09623357 0.84904891 0.09448293 0.85544593 0.06882592 0.82279144 0.06068425 0.81639443 0.08634125 0.82572420 0.08866743 0.82747499 0.09158122 0.82456119 0.09333201 0.81523142 0.09100584 0.81406826 0.09567102
0 0.77966374 0.08461510 0.80998533 0.09217512 0.81754535 0.06185353 0.81579397 0.05893958 0.78780527 0.05196121 0.77966374 0.08461510
0 0.74001178 0.07472875 0.74700926 0.07647342 0.74875989 0.07938781 0.77441690 0.08578482 0.78314008 0.05079805 0.75281849 0.04323803 0.74583998 0.07122733 0.74292618 0.07297812 0.70793940 0.06425493 0.70677624 0.06892012 0.73709783 0.07648014 0.74001178 0.07472875
0 0.71783172 0.03451485 0.71491792 0.03626563 0.70910242 0.05959035 0.74175630 0.06773188 0.74757181 0.04440716 0.74582102 0.04149336 0.71783172 0.03451485
0 0.63942308 0.08928816 0.66773102 0.09634612 0.67005704 0.08701695 0.66830641 0.08410256 0.67121408 0.07244050 0.65721973 0.06895131 0.65546835 0.06603737 0.65779452 0.05670760 0.65546223 0.05612609 0.65371159 0.05321170 0.65662539 0.05146091 0.66302225 0.02580450 0.66593620 0.02405312 0.66709921 0.01938853 0.63942308 0.01248810 0.63942308 0.08928816
0 0.79828274 0.00000000 0.78896163 0.03738491 0.81928323 0.04494493 0.82103456 0.04785906 0.82045303 0.05019147 0.91841528 0.07461620 0.92016663 0.07753027 0.91958516 0.07986244 0.96856628 0.09207481 0.97148005 0.09032414 1.00000000 0.09743496 1.00000000 0.05284116 0.96328828 0.04368790 0.96153754 0.04077393 0.96211909 0.03844145 0.91547025 0.02681059 0.91371950 0.02389668 0.91430103 0.02156426 0.85132496 0.00586257 0.84957362 0.00294844 0.85015516 0.00061600 0.84978506 0.00000000 0.79828274 0.00000000
0 0.64895555 0.00000000 0.77788112 0.03214476 0.78079495 0.03039385 0.78837299 0.00000000 0.64895555 0.00000000
0 0.63942308 0.71928201 0.46478076 0.64742126 0.43870030 0.70962542 0.63942308 0.79221760 0.63942308 0.71928201
