0 0.21411429 0.26693056 0.27438981 0.28430657 0.29176179 0.22475815 0.22961402 0.20771875 0.21411429 0.26693056
0 0.19604435 0.32988500 0.25716404 0.34842145 0.26755799 0.31177911 0.20687847 0.29578794 0.19604435 0.32988500
0 0.16725034 0.42757280 0.28879175 0.46805173 0.30844000 0.40678186 0.18432836 0.37004556 0.16725034 0.42757280
0 0.19583326 0.50980392 0.20611996 0.47372932 0.14232002 0.45829917 0.13335664 0.50321371 0.15889822 0.50980392 0.19583326 0.50980392
0 0.27187216 0.50980392 0.27406538 0.50940962 0.27527890 0.49410098 0.21573752 0.47724910 0.20129019 0.50980392 0.27187216 0.50980392
0 1.00000000 0.25444326 0.97096486 0.25966333 0.97367811 0.27535267 0.97209391 0.27765949 0.98769507 0.36787294 1.00000000 0.36566071 1.00000000 0.25444326
0 0.93191458 0.37790140 0.97615411 0.36994782 0.96021382 0.27777333 0.96179792 0.27546601 0.95942389 0.26173821 0.95716134 0.26012245 0.90138134 0.27015082 0.89911838 0.26853566 0.89142506 0.26991879 0.88984038 0.27222571 0.90238915 0.34478878 0.90080504 0.34709611 0.90657068 0.38043583 0.92965211 0.37628615 0.93191458 0.37790140
0 0.86776249 0.38539092 0.87002496 0.38700618 0.89695354 0.38216484 0.89254453 0.35666979 0.89412872 0.35436296 0.87988410 0.27199368 0.82987458 0.28098461 0.82761162 0.27936944 0.81222400 0.28213589 0.81561552 0.30174732 0.81403142 0.30405465 0.82454521 0.36485046 0.82296110 0.36715779 0.82737011 0.39265284 0.86776249 0.38539092
0 0.81967630 0.39403606 0.80068353 0.28421069 0.75644400 0.29216427 0.75418145 0.29054851 0.73110001 0.29469819 0.74059649 0.34961138 0.73901180 0.35191829 0.74816896 0.40486943 0.76355658 0.40210298 0.76581963 0.40371865 0.81967630 0.39403606
0 0.73855182 0.40659845 0.72668141 0.33795797 0.72826609 0.33565105 0.72114374 0.29446616 0.65189895 0.30691529 0.66444781 0.37947886 0.66286362 0.38178568 0.66896839 0.41708645 0.67473887 0.41604900 0.67700134 0.41766426 0.73855182 0.40659845
0 0.62472886 0.42504002 0.65935125 0.41881546 0.65121149 0.37174744 0.65279569 0.36944062 0.64194268 0.30668326 0.57654553 0.31844064 0.57428258 0.31682547 0.57269838 0.31913230 0.58490802 0.38973433 0.58332382 0.39204115 0.58976782 0.42930346 0.62246639 0.42342477 0.62472886 0.42504002
0 0.56861940 0.36435303 0.57020351 0.36204570 0.56308124 0.32086131 0.53615290 0.32570261 0.53389029 0.32408738 0.50888543 0.32858286 0.52787820 0.43840823 0.57019416 0.43080048 0.57245677 0.43241572 0.57822686 0.43137834 0.57981155 0.42907143 0.56861940 0.36435303
0 0.98139062 0.13645987 0.95638536 0.14095543 0.95412290 0.13934017 0.95253870 0.14164699 0.96474843 0.21224952 0.96316423 0.21455635 0.96859074 0.24593503 0.99936598 0.24040212 0.98139062 0.13645987
0 0.90862445 0.25469402 0.95863397 0.24570309 0.94574597 0.17117847 0.94733066 0.16887156 0.94156502 0.13553184 0.89924882 0.14313963 0.89698627 0.14152387 0.87390483 0.14567355 0.87232073 0.14798088 0.88486950 0.22054395 0.88328530 0.22285078 0.88905095 0.25619050 0.90636190 0.25307826 0.90862445 0.25469402
0 0.79854658 0.19157607 0.79696197 0.19388349 0.80883239 0.26252397 0.80724820 0.26483080 0.80792655 0.26875338 0.81018902 0.27036864 0.86981617 0.25964861 0.87207872 0.26126437 0.87784921 0.26022692 0.87943331 0.25791960 0.87298932 0.22065729 0.87457351 0.21835046 0.86643375 0.17128245 0.86801844 0.16897553 0.86428770 0.14740257 0.83735911 0.15224390 0.83509665 0.15062865 0.81393854 0.15443254 0.81461690 0.15835513 0.81303271 0.16066195 0.79764509 0.16342841 0.79538262 0.16181315 0.79345929 0.16215893 0.79854658 0.19157607
0 0.79989361 0.26817557 0.79073636 0.21522392 0.79232055 0.21291709 0.78316330 0.15996545 0.73315378 0.16895638 0.73089132 0.16734112 0.71550370 0.17010758 0.71652119 0.17599120 0.71493650 0.17829812 0.72511115 0.23713289 0.72352704 0.23944022 0.73064931 0.28062461 0.79989361 0.26817557
0 0.67068294 0.28938309 0.67294598 0.29099877 0.72103217 0.28235362 0.71187492 0.22940198 0.71345912 0.22709515 0.70464100 0.17610454 0.68733005 0.17921678 0.68506759 0.17760152 0.68438923 0.17367894 0.68246541 0.17402481 0.68020294 0.17240956 0.63596341 0.18036313 0.63698090 0.18624676 0.63539671 0.18855359 0.64760634 0.25915561 0.64602215 0.26146244 0.65144866 0.29284112 0.67068294 0.28938309
0 0.57224759 0.30505822 0.57417141 0.30471234 0.57643388 0.30632760 0.63990769 0.29491600 0.63956856 0.29295496 0.64115325 0.29064805 0.62249961 0.18278371 0.59941769 0.18693348 0.59715522 0.18531823 0.57599761 0.18912203 0.57667588 0.19304412 0.57509128 0.19535153 0.55585700 0.19880956 0.56128351 0.23018824 0.55969882 0.23249515 0.57224759 0.30505822
0 0.50000000 0.27720299 0.50685045 0.31681560 0.56263045 0.30678723 0.54567267 0.20872911 0.54725735 0.20642220 0.54556151 0.19661598 0.50000000 0.20480723 0.50000000 0.27720299
0 0.97765996 0.11488741 0.96375456 0.03447967 0.93874930 0.03897522 0.94349745 0.06643132 0.94191326 0.06873814 0.95039224 0.11776770 0.96000987 0.11603860 0.96227234 0.11765386 0.97765996 0.11488741
0 0.90739817 0.12145282 0.90966063 0.12306808 0.93851255 0.11788096 0.93715592 0.11003629 0.93874012 0.10772946 0.93127863 0.06458353 0.93286282 0.06227670 0.92913216 0.04070423 0.90797406 0.04450813 0.90571151 0.04289237 0.85954865 0.05119173 0.86972339 0.11002701 0.86813920 0.11233383 0.87051331 0.12606213 0.87628379 0.12502469 0.87854626 0.12663994 0.90739817 0.12145282
0 0.86157444 0.13171323 0.85750456 0.10817922 0.85908876 0.10587239 0.84993151 0.05292074 0.81530911 0.05914531 0.81304665 0.05753005 0.78034808 0.06340874 0.78272220 0.07713704 0.78113800 0.07944387 0.79199101 0.14220122 0.82661291 0.13597675 0.82887538 0.13759201 0.86157444 0.13171323
0 0.78203424 0.14196928 0.77253786 0.08705660 0.77412255 0.08474968 0.77073094 0.06513776 0.75149616 0.06859587 0.74923370 0.06698061 0.70114751 0.07562576 0.70725228 0.11092652 0.70566818 0.11323385 0.71245122 0.15245669 0.71822121 0.15141934 0.72048376 0.15303510 0.78203424 0.14196928
0 0.69547900 0.15753057 0.70124948 0.15649312 0.69819701 0.13884224 0.69978120 0.13653541 0.68960654 0.07770064 0.65498464 0.08392512 0.65272209 0.08230936 0.62002303 0.08818814 0.63155440 0.15486808 0.62997020 0.15717491 0.63132683 0.16501958 0.63358929 0.16663483 0.69321645 0.15591480 0.69547900 0.15753057
0 0.61627834 0.16974707 0.61854089 0.17136283 0.62238804 0.17067117 0.62397215 0.16836385 0.61108424 0.09383974 0.61266844 0.09153291 0.61199008 0.08761032 0.56582722 0.09590969 0.56356476 0.09429443 0.54048332 0.09844411 0.55269296 0.16904614 0.55110877 0.17135296 0.55246539 0.17919763 0.56208253 0.17746862 0.56434500 0.17908388 0.61627834 0.16974707
0 0.50000000 0.18863009 0.54477158 0.18058086 0.53052705 0.09821208 0.50000000 0.10370036 0.50000000 0.18863009
0 0.93463267 0.82176838 0.93700911 0.81955014 0.92039044 0.75794937 0.96972190 0.74967161 0.95361196 0.68995657 0.94987889 0.68714618 0.93545299 0.68880871 0.90309346 0.69383428 0.90597629 0.70452013 0.85551353 0.71228015 0.89152456 0.82738456 0.93463267 0.82176838
