0 0.23768392 0.07500053 0.07104957 0.19226325 0.06883020 0.20320813 0.10301412 0.21425514 0.10393978 0.21427804 0.28854500 0.08789960 0.28859471 0.08772076 0.26557770 0.07707438 0.23768392 0.07500053
0 0.45936388 0.20600492 0.32036411 0.29791866 0.31714567 0.31379049 0.34210941 0.32750630 0.34328032 0.32759335 0.50146015 0.22805771 0.50148668 0.22797423 0.45988786 0.20604387 0.45936388 0.20600492
0 0.80957284 0.06600629 0.77799371 0.06088280 0.77297912 0.09954010 0.78791952 0.10272982 0.78078250 0.16366718 0.79647920 0.16694480 0.81080686 0.06832971 0.80957284 0.06600629
0 0.86320548 0.12601299 0.88191401 0.12382730 0.88879925 0.07666739 0.83255401 0.07231052 0.82905204 0.11114362 0.81850494 0.16877798 0.83505081 0.17142762 0.83899125 0.15880555 0.85723546 0.16019924 0.86320548 0.12601299
0 0.78691531 0.28210024 0.80043595 0.28439829 0.79895015 0.29585230 0.80132534 0.30121503 0.84764573 0.30514508 0.85141289 0.25834945 0.77748062 0.24830365 0.77531797 0.25313898 0.73514089 0.24919624 0.73421226 0.25635500 0.72561430 0.25753574 0.72257664 0.29278946 0.77987018 0.30090150 0.78383743 0.29990924 0.78691531 0.28210024
0 0.11780224 0.64350229 0.11606024 0.65817489 0.11340557 0.66031988 0.11195395 0.67254663 0.10929920 0.67469224 0.10755727 0.68936422 0.10490199 0.69150913 0.10316000 0.70618174 0.10050532 0.70832672 0.09905370 0.72055348 0.09639902 0.72269847 0.09465703 0.73737107 0.09200174 0.73951598 0.09025975 0.75418858 0.08760507 0.75633357 0.08586307 0.77100617 0.08320839 0.77315116 0.08146647 0.78782314 0.07881172 0.78996875 0.08590483 0.79086946 0.08797949 0.79361500 0.08739888 0.79850545 0.08474360 0.80065036 0.08416290 0.80554144 0.08681819 0.80339653 0.08918256 0.80369676 0.09125662 0.80644222 0.08980500 0.81866897 0.08715033 0.82081396 0.07769224 0.81961294 0.07565993 0.83673077 0.07300526 0.83887576 0.07271487 0.84132161 0.07980798 0.84222232 0.08188265 0.84496785 0.08130196 0.84985893 0.07864668 0.85200384 0.07748537 0.86178537 0.07483069 0.86393036 0.07275663 0.86118490 0.06802789 0.86058443 0.06657628 0.87281118 0.06392099 0.87495609 0.06275969 0.88473762 0.06748903 0.88533816 0.06956302 0.88808425 0.06811140 0.90031100 0.06545673 0.90245599 0.06516642 0.90490122 0.06251167 0.90704683 0.05541795 0.90614605 0.05396633 0.91837280 0.05131105 0.92051771 0.05044005 0.92785401 0.07172120 0.93055637 0.07379526 0.93330183 0.07176296 0.95041965 0.06910828 0.95256464 0.06852766 0.95745509 0.06587230 0.95960063 0.04222739 0.95659812 0.04106608 0.96637964 0.12382448 0.97688859 0.12440517 0.97199751 0.12705985 0.96985253 0.13415356 0.97075331 0.13560518 0.95852656 0.13825986 0.95638157 0.14000186 0.94170897 0.14265653 0.93956398 0.14439853 0.92489138 0.14705321 0.92274639 0.14879521 0.90807379 0.15145049 0.90592887 0.15290211 0.89370212 0.15555678 0.89155713 0.15729878 0.87688453 0.15995346 0.87473954 0.16169538 0.86006757 0.16435074 0.85792203 0.16609266 0.84325005 0.16874734 0.84110506 0.17136034 0.81909616 0.17666969 0.81480618 0.17841169 0.80013358 0.18106637 0.79798859 0.18280829 0.78331661 0.18546365 0.78117108 0.18720557 0.76649910 0.18986025 0.76435411 0.19131194 0.75212673 0.19396662 0.74998174 0.19570862 0.73530914 0.19836390 0.73316423 0.20010582 0.71849225 0.20276058 0.71634664 0.20450250 0.70167466 0.20715718 0.69952967 0.20889917 0.68485707 0.21155385 0.68271208 0.21300547 0.67048533 0.21566014 0.66834034 0.21740214 0.65366774 0.22005743 0.65152283 0.22179942 0.63685022 0.22445410 0.63470523 0.22474441 0.63226001 0.22267035 0.62951455 0.21084789 0.62801329 0.20877330 0.62526713 0.20935392 0.62037668 0.19989583 0.61917566 0.19782184 0.61642957 0.19545747 0.61612934 0.19130874 0.61063834 0.12983149 0.60283174 0.12925088 0.60772219 0.12659552 0.60986773 0.12485360 0.62453971 0.12219892 0.62668470 0.12045692 0.64135730 0.11780224 0.64350229
0 0.00000000 0.96116493 0.01505632 0.96307683 0.01563701 0.95818576 0.01829187 0.95604079 0.02003379 0.94136882 0.02268873 0.93922322 0.02414034 0.92699647 0.02679514 0.92485150 0.02853714 0.91017890 0.03119194 0.90803392 0.03293394 0.89336132 0.03558849 0.89121632 0.03733042 0.87654434 0.03998577 0.87439880 0.04143739 0.86217205 0.04409207 0.86002706 0.04583399 0.84535509 0.04848874 0.84320947 0.05023067 0.82853749 0.05288595 0.82639258 0.05462795 0.81171998 0.05728262 0.80957499 0.05902462 0.79490239 0.05429528 0.79430184 0.05222122 0.79155638 0.05280183 0.78666593 0.05545658 0.78452031 0.05603720 0.77962986 0.05869256 0.77748432 0.05985379 0.76770342 0.06250854 0.76555781 0.06487291 0.76585804 0.06516322 0.76341282 0.05570514 0.76221180 0.05363107 0.75946634 0.05392146 0.75702049 0.05657614 0.75487550 0.05773744 0.74509397 0.06039212 0.74294898 0.06748583 0.74384977 0.06864714 0.73406824 0.07130182 0.73192325 0.07275351 0.71969587 0.06802477 0.71909540 0.06595071 0.71634994 0.06653132 0.71145949 0.06918600 0.70931450 0.07005700 0.70197820 0.07271175 0.69983259 0.07980547 0.70073337 0.08125708 0.68850662 0.08391176 0.68636163 0.08507307 0.67658011 0.08034372 0.67597956 0.07826966 0.67323410 0.07943097 0.66345257 0.08208572 0.66130695 0.08266634 0.65641650 0.08532162 0.65427159 0.09241533 0.65517238 0.09357664 0.64539085 0.09623139 0.64324524 0.09768301 0.63101849 0.09295366 0.63041794 0.09087960 0.62767248 0.09233122 0.61544572 0.09498589 0.61330073 0.09701820 0.59618291 0.08519574 0.59468165 0.08312168 0.59193619 0.00982137 0.58262826 0.00000000 0.66535231 0.00000000 0.96116493
0 0.46670492 1.00000000 0.47563831 0.92475529 0.45199279 0.92175270 0.44991873 0.91900724 0.45137042 0.90677986 0.45402510 0.90463487 0.45518641 0.89485335 0.45784108 0.89270836 0.48621595 0.89631150 0.48853856 0.87674844 0.49119324 0.87460345 0.50164500 0.78656972 0.49928063 0.78626948 0.49720596 0.78352395 0.48774788 0.78232293 0.48567389 0.77957684 0.48886750 0.75267748 0.49152218 0.75053250 0.50570961 0.75233407 0.51500006 0.67408186 0.51765474 0.67193687 0.52474846 0.67283765 0.53897445 0.55301411 0.54162913 0.55086913 0.55962942 0.39925516 0.38701951 0.37733655 0.38672919 0.37978193 0.38407389 0.38192700 0.37698078 0.38102630 0.37523882 0.39569859 0.37258412 0.39784370 0.37113249 0.41007064 0.37822560 0.41097135 0.38029964 0.41371699 0.37855768 0.42838922 0.37590298 0.43053440 0.37117424 0.42993393 0.37001297 0.43971514 0.37474171 0.44031561 0.37681570 0.44306170 0.37478347 0.46017890 0.37212872 0.46232451 0.36503561 0.46142381 0.36474530 0.46386903 0.37183841 0.46476974 0.37391247 0.46751520 0.37217047 0.48218780 0.36951580 0.48433279 0.36242269 0.48343208 0.36184200 0.48832316 0.36893511 0.48922387 0.37100917 0.49196933 0.36897686 0.50908716 0.36632218 0.51123214 0.36159344 0.51063167 0.35951938 0.50788621 0.35864846 0.51522189 0.36574157 0.51612260 0.36781563 0.51886806 0.36607363 0.53354066 0.36341895 0.53568565 0.35632584 0.53478494 0.35545484 0.54212124 0.37909975 0.54512375 0.38117382 0.54786921 0.37943182 0.56254182 0.37677714 0.56468680 0.35076725 0.56138398 0.35047695 0.56382920 0.35993503 0.56503023 0.36200902 0.56777631 0.35997679 0.58489352 0.35732204 0.58703913 0.35022893 0.58613842 0.34761600 0.60814670 0.35470912 0.60904741 0.35678318 0.61179287 0.35475087 0.62891069 0.35209619 0.63105568 0.34500308 0.63015498 0.34355147 0.64238173 0.35064458 0.64328244 0.35271856 0.64602852 0.35126695 0.65825527 0.36545438 0.66005684 0.36752844 0.66280230 0.36462514 0.68725643 0.36197046 0.68940142 0.34778303 0.68759985 0.34662172 0.69738138 0.34396705 0.69952637 0.33687394 0.69862566 0.33421865 0.70077057 0.33102504 0.72766992 0.34757684 0.72977173 0.34965090 0.73251719 0.34645729 0.75941654 0.34380261 0.76156153 0.33907327 0.76096098 0.33641851 0.76310660 0.33409590 0.78266965 0.33144122 0.78481464 0.32434751 0.78391386 0.32173458 0.80592213 0.32882830 0.80682292 0.33090236 0.80956838 0.32887006 0.82668621 0.32621538 0.82883120 0.31912166 0.82793041 0.31650874 0.84993869 0.32360246 0.85083947 0.32567644 0.85358556 0.32306352 0.87559384 0.33725095 0.87739540 0.33932501 0.88014087 0.33816371 0.88992239 0.33550903 0.89206738 0.31186351 0.88906479 0.31128282 0.89395587 0.30862814 0.89610086 0.30833776 0.89854671 0.31779585 0.89974773 0.31986991 0.90249319 0.31783760 0.91961102 0.31518293 0.92175600 0.30572484 0.92055499 0.30456353 0.93033651 0.31165725 0.93123729 0.31373131 0.93398276 0.31198939 0.94865473 0.30933463 0.95080035 0.30460529 0.95019980 0.30195061 0.95234479 0.30136992 0.95723587 0.30846364 0.95813665 0.31053770 0.96088211 0.30821508 0.98044516 0.30556041 0.98259015 0.29846669 0.98168937 0.29643438 0.99880719 0.30582778 1.00000000 0.46670492 1.00000000
0 0.25116581 0.36928105 0.24962841 0.38223036 0.24697371 0.38437554 0.23303806 0.50175353 0.24013178 0.50265432 0.24220577 0.50540041 0.23930254 0.52985391 0.23664779 0.53199952 0.22955407 0.53109874 0.22345723 0.58245160 0.22080255 0.58459658 0.22789626 0.58549737 0.22997033 0.58824283 0.22793802 0.60536066 0.24212485 0.60716215 0.24419951 0.60990769 0.24332851 0.61724399 0.27406714 0.62114729 0.27614120 0.62389275 0.27585089 0.62633797 0.32550630 0.63264338 0.32579660 0.63019816 0.32845128 0.62805317 0.33554439 0.62895388 0.34106062 0.58249147 0.33396751 0.58159077 0.33189345 0.57884530 0.33421606 0.55928225 0.33687074 0.55713726 0.34396385 0.55803797 0.34483485 0.55070167 0.32118994 0.54769916 0.31911587 0.54495370 0.32201918 0.52049957 0.32467386 0.51835458 0.32674792 0.52110004 0.33857098 0.52260137 0.34122566 0.52045638 0.34238696 0.51067486 0.34504164 0.50852987 0.34977038 0.50913034 0.35151238 0.49445774 0.35416766 0.49231283 0.35532897 0.48253130 0.35059963 0.48193075 0.34645158 0.47643920 0.34819350 0.46176723 0.35084818 0.45962224 0.35794189 0.46052302 0.36055489 0.43851412 0.35848020 0.43576871 0.35935118 0.42843259 0.35462244 0.42783212 0.35254840 0.42508647 0.35458069 0.40796883 0.35723539 0.40582366 0.36432910 0.40672444 0.36752269 0.37982527 0.36042898 0.37892449 0.35835493 0.37617887 0.35864526 0.37373349 0.32358206 0.36928105 0.25116581 0.36928105
0 0.03515092 0.36928105 0.01272468 0.55817414 0.05055702 0.56297822 0.05470537 0.56846980 0.08307993 0.57207290 0.08515399 0.57481836 0.08486368 0.57726359 0.14161219 0.58446971 0.14368625 0.58721517 0.14339595 0.58966040 0.20723817 0.59776730 0.20989285 0.59562232 0.21076377 0.58828664 0.20367006 0.58738586 0.20159607 0.58463977 0.20566061 0.55040474 0.20831529 0.54825975 0.21540900 0.54916053 0.21773162 0.52959748 0.21063790 0.52869670 0.20856391 0.52595061 0.21030583 0.51127863 0.21296051 0.50913365 0.22005423 0.51003443 0.22121561 0.50025228 0.21914155 0.49750682 0.21441220 0.49690627 0.21233814 0.49416081 0.21408014 0.47948821 0.21673482 0.47734322 0.22382853 0.47824400 0.22498984 0.46846248 0.21789612 0.46756169 0.21582206 0.46481623 0.21785437 0.44769840 0.22050905 0.44555341 0.22760276 0.44645420 0.22963507 0.42933637 0.22727070 0.42903614 0.22519603 0.42629060 0.22283166 0.42599036 0.22075760 0.42324490 0.22341235 0.42109929 0.22486395 0.40887266 0.22751864 0.40672754 0.23224799 0.40732809 0.23457060 0.38776504 0.22984126 0.38716449 0.22776721 0.38441891 0.22892852 0.37463738 0.23158322 0.37249220 0.23631256 0.37309275 0.23676510 0.36928105 0.03515092 0.36928105
0 1.00000000 0.41201448 0.99939540 0.39657849 0.98017613 0.39888250 0.98681190 0.53241806 1.00000000 0.53176255 1.00000000 0.41201448
0 0.97081694 0.39935008 0.95138511 0.39916738 0.96098901 0.58203372 0.97587176 0.58050070 0.97081694 0.39935008
0 0.93785100 0.40144172 0.91932698 0.40289917 0.92779662 0.59136765 0.94486479 0.58744545 0.93785100 0.40144172
0 0.91001808 0.42177401 0.89099542 0.42780768 0.90318979 0.68012763 0.91944421 0.67726554 0.91001808 0.42177401
0 0.87966494 0.43195629 0.86244945 0.43571405 0.87332918 0.68875332 0.89218461 0.68553496 0.87966494 0.43195629
