0 0.43906250 0.22826085 0.40124495 0.22242990 0.37739695 0.35375232 0.43906250 0.36232395 0.43906250 0.22826085
0 0.25899087 0.32821877 0.26182036 0.31366232 0.30371513 0.32264509 0.31862394 0.21140548 0.11955134 0.17774517 0.09547797 0.29727433 0.25899087 0.32821877
0 0.43906250 0.48906250 0.43906250 0.42766929 0.09116931 0.36693356 0.07327207 0.48906250 0.43906250 0.48906250
0 1.00000000 0.08790794 0.95949627 0.09776436 0.95651488 0.11310228 0.96299129 0.12072815 0.97249572 0.17828669 0.98506420 0.17913801 1.00000000 0.17270970 1.00000000 0.08790794
0 0.82449006 0.23547153 0.82189300 0.26520986 0.83906286 0.26695560 0.89811210 0.24978220 0.89917536 0.21974573 0.87527406 0.21987502 0.82449006 0.23547153
0 0.74589293 0.37777653 0.74359402 0.40598107 0.76383146 0.40832309 0.84460883 0.38582275 0.84720589 0.35608441 0.83340176 0.35340116 0.74589293 0.37777653
0 0.05429808 0.70795601 0.01304619 0.75671340 0.16424709 0.89406716 0.20883990 0.84562173 0.05429808 0.70795601
0 0.67452398 0.64733886 0.62253302 0.63723284 0.57357225 0.74107671 0.51094387 0.71843249 0.48536612 0.77182360 0.73198801 0.87749144 0.73258623 0.87755838 0.81050799 0.71945137 0.81355139 0.70379441 0.67452398 0.64733886
0 1.00000000 0.80720619 0.89041385 0.74748028 0.90412448 0.71316435 0.84162587 0.68210592 0.79552020 0.76420283 0.81913450 0.77820179 0.79617173 0.82522327 0.81675544 0.83464423 0.75020606 0.93960092 0.74846373 0.94856440 0.76703939 0.96631780 0.74861784 1.00000000 0.95532038 1.00000000 1.00000000 0.91503862 1.00000000 0.80720619
0 0.59792767 0.94284029 0.65317334 0.95357896 0.67431668 0.91503323 0.67496307 0.91273146 0.47097551 0.79492244 0.44551135 0.82841176 0.44402095 0.83607919 0.55553571 0.90252169 0.55131565 0.91756632 0.59792767 0.94284029
