0 0.00000000 0.00000000 0.00000000 0.16326076 0.02536875 0.16562500 0.30625000 0.16562500 0.30625000 0.00000000 0.00000000 0.00000000
0 0.58906250 0.00000000 0.45758573 0.00000000 0.45882812 0.14697188 0.52533281 0.14939375 0.52871406 0.17324375 0.58906250 0.17008076 0.58906250 0.00000000
0 0.58906250 0.47968750 0.58906250 0.11459655 0.30512969 0.10403125 0.31181465 0.47968750 0.58906250 0.47968750
0 0.00000000 0.44062500 0.04609219 0.44062500 0.04829844 0.35956875 0.04843750 0.33577031 0.04843750 0.33513750 0.00000000 0.33401050 0.00000000 0.44062500
0 0.60216648 0.00000000 0.58906250 0.03077922 0.58906250 0.04260695 0.64500156 0.06408281 0.64751719 0.06387812 0.67563634 0.00000000 0.60216648 0.00000000
0 0.58906250 0.15526794 0.59097187 0.15625000 0.59497813 0.15625000 0.63125000 0.07022344 0.63125000 0.06413594 0.58906250 0.04239756 0.58906250 0.15526794
0 0.59062500 0.27857813 0.59062500 0.28454219 0.63849687 0.31549531 0.69973281 0.22692500 0.69991250 0.22306875 0.64965937 0.19531250 0.64412031 0.19531250 0.59062500 0.27857813
0 0.69741875 0.10768281 0.64062500 0.18976875 0.64062500 0.19090937 0.69503906 0.22500000 0.70033281 0.22500000 0.75312500 0.14552656 0.75312500 0.14205156 0.69741875 0.10768281
0 0.70050781 0.11143125 0.75070469 0.14218750 0.76199062 0.14218750 0.80312500 0.06945781 0.80312500 0.06118906 0.74640625 0.02465000 0.70050781 0.11143125
0 0.76289351 0.00000000 0.74905625 0.02319375 0.74907500 0.02362812 0.80621875 0.05564844 0.80670469 0.05564375 0.83983689 0.00000000 0.76289351 0.00000000
0 1.00000000 0.20405612 0.98866250 0.19843750 0.97700313 0.19843750 0.91268750 0.31533125 1.00000000 0.35819936 1.00000000 0.20405612
0 0.28604613 0.68115904 0.28566897 0.69243566 0.27129607 0.69796400 0.26992474 0.74169192 0.32095878 0.73960546 0.32115302 0.75772531 0.35037688 0.75624425 0.35205674 0.67685856 0.28604613 0.68115904
0 0.31801331 0.89625945 0.31720400 0.92714299 0.43030719 0.92672424 0.42989501 0.90044353 0.31801331 0.89625945
0 1.00000000 1.00000000 1.00000000 0.85139095 0.72122969 0.60277500 0.64203906 0.70313906 0.97940208 1.00000000 1.00000000 1.00000000
