0 0.43801880 0.41992188 0.45562504 0.20481321 0.34705247 0.18712441 0.32801049 0.41992188 0.43801880 0.41992188
0 0.36064861 0.00000000 0.35730524 0.03330009 0.36867146 0.03777602 0.36709128 0.08423862 0.45906102 0.10154706 0.46691748 0.00000000 0.36064861 0.00000000
0 0.15755768 0.00000000 0.13725325 0.25832581 0.20786126 0.27425068 0.20623699 0.29158664 0.28062638 0.30414905 0.30558968 0.00000000 0.15755768 0.00000000
0 0.26218758 0.41992188 0.26616227 0.36973357 0.18759828 0.35733102 0.18268710 0.41992188 0.26218758 0.41992188
0 0.97368662 0.19858768 0.98837198 0.16815409 0.99054656 0.14494468 0.97172812 0.12125435 0.95367636 0.11744883 0.93586853 0.15314113 0.89752771 0.12730758 0.84589547 0.20123266 0.83066647 0.23746860 0.82702126 0.26234031 0.84731033 0.28436834 0.84586061 0.29984128 0.82841521 0.33166535 0.86161929 0.37022225 0.97368662 0.19858768
0 0.51953125 0.45783383 0.43860462 0.44513485 0.43380314 0.48328075 0.43151115 0.48520932 0.42219060 0.55925745 0.41989812 0.56118577 0.41086003 0.63298987 0.40856806 0.63491827 0.40828557 0.63716258 0.50274013 0.65198436 0.50446725 0.65454343 0.49966577 0.69268921 0.49737382 0.69461762 0.49483187 0.71481237 0.51894789 0.71859665 0.51953125 0.71396210 0.51953125 0.45783383
0 0.22864445 0.41992188 0.22479759 0.45048367 0.26097137 0.45616005 0.26269846 0.45871929 0.30691143 0.46565718 0.30863853 0.46821642 0.35084196 0.47483897 0.35256906 0.47739815 0.34268363 0.55593404 0.35072230 0.55719546 0.35244942 0.55975454 0.40671060 0.56826918 0.41461894 0.50544059 0.41691090 0.50351219 0.42453681 0.44292733 0.27793020 0.41992188 0.22864445 0.41992188
0 0.72150921 0.97347744 0.71915839 0.99367220 0.75632970 0.99997933 0.75841934 0.98202830 0.74355081 0.97950545 0.74195355 0.97694638 0.72150921 0.97347744
0 0.61022645 0.93628968 0.60578599 0.97443547 0.69685560 0.98988792 0.69894523 0.97193689 0.67664244 0.96815262 0.67504518 0.96559354 0.67687363 0.94988625 0.67899326 0.94795785 0.68085171 0.94827319 0.68297189 0.94634430 0.68453908 0.93288132 0.68294135 0.93032216 0.67179019 0.92843006 0.67019300 0.92587042 0.67437227 0.88996837 0.65764482 0.88713010 0.65604756 0.88457103 0.65657000 0.88008298 0.65868963 0.87815459 0.65921201 0.87366712 0.62389914 0.86767532 0.62154832 0.88787008 0.61942868 0.88979848 0.61681660 0.91223755 0.61469697 0.91416595 0.61234615 0.93436071 0.61022645 0.93628968
0 0.51953125 0.95979999 0.59277591 0.97222796 0.59826125 0.92510608 0.60038088 0.92317768 0.60247052 0.90522665 0.60459015 0.90329826 0.60641860 0.88759096 0.60853871 0.88566265 0.61376280 0.84078508 0.61216507 0.83822593 0.61373232 0.82476237 0.60629854 0.82350103 0.60470080 0.82094188 0.55823677 0.81305798 0.55663952 0.81049891 0.56108004 0.77235255 0.54435283 0.76951432 0.54275543 0.76695522 0.54406143 0.75573598 0.54220289 0.75542062 0.54060554 0.75286154 0.52759555 0.75065404 0.52599826 0.74809438 0.52887146 0.72341215 0.53099119 0.72148376 0.53177482 0.71475199 0.51953125 0.71267453 0.51953125 0.95979999
0 0.94228705 0.80271220 0.92555960 0.79987393 0.92320877 0.82006869 0.93064304 0.82133012 0.93224030 0.82388919 0.94710882 0.82641204 0.94870649 0.82897177 0.95056494 0.82928711 0.95216220 0.83184618 0.95402112 0.83216159 0.95561838 0.83472066 0.95933527 0.83535134 0.96093253 0.83791041 0.96836727 0.83917191 0.96996453 0.84173099 0.97739879 0.84299241 0.97899599 0.84555206 0.97768998 0.85677131 0.98326580 0.85771739 0.99266916 0.77693778 0.97222481 0.77346884 0.97062755 0.77090976 0.96876863 0.77059435 0.96720144 0.78405733 0.96508180 0.78598573 0.94835483 0.78314754 0.94623513 0.78507651 0.94440675 0.80078323 0.94228705 0.80271220
0 1.00000000 0.67978896 0.97416391 0.67540516 0.97233546 0.69111245 0.97021583 0.69304085 0.95534730 0.69051800 0.95273522 0.71295707 0.95061511 0.71488539 0.94643584 0.75078744 0.95944592 0.75299496 0.96104318 0.75555403 0.99078023 0.76059973 0.99237790 0.76315946 0.99423635 0.76347479 1.00000000 0.71396211 1.00000000 0.67978896
0 1.00000000 0.45783383 0.99206645 0.45648768 0.98997682 0.47443871 0.98785670 0.47636714 0.98945441 0.47892647 0.98867080 0.48565807 0.99026804 0.48821732 0.98948443 0.49494892 0.99108167 0.49750817 0.99029806 0.50423977 0.99189577 0.50679910 0.99111216 0.51353070 0.99270944 0.51608966 0.99166455 0.52506575 0.99326181 0.52762482 0.99195581 0.53884406 0.99355307 0.54140314 0.99250825 0.55037865 0.99410551 0.55293772 0.99306062 0.56191381 0.99465836 0.56447296 0.99361354 0.57344847 0.99521080 0.57600754 0.99416598 0.58498306 0.99576324 0.58754213 0.99445717 0.59876195 0.99605490 0.60132110 0.99501009 0.61029662 0.99660735 0.61285569 0.99634616 0.61509942 0.99794335 0.61765907 0.99768216 0.61990280 0.99927942 0.62246187 0.99875705 0.62694934 1.00000000 0.62894129 1.00000000 0.45783383
