0 0.20281179 0.00000000 0.20643782 0.15056569 0.22807307 0.15147231 0.22917634 0.14069163 0.23112839 0.00000000 0.20281179 0.00000000
0 0.13833045 0.12113296 0.31631803 0.09488817 0.31704683 0.06984406 0.12522386 0.08534820 0.12907177 0.12074498 0.13833045 0.12113296
0 0.23407038 0.25726135 0.23404053 0.03796714 0.23363023 0.03791868 0.20846990 0.04012882 0.20838964 0.04288652 0.21185460 0.26179780 0.23356663 0.26270764 0.23407038 0.25726135
0 0.23103450 0.32437979 0.24849132 0.32139499 0.24928474 0.29413036 0.23676365 0.08971896 0.21129703 0.09560446 0.23103450 0.32437979
0 0.27608323 0.23791060 0.13834638 0.25601892 0.13817466 0.26192001 0.14045424 0.28678375 0.14638612 0.28674309 0.32935763 0.25878254 0.32959917 0.25585494 0.32839119 0.24010256 0.27608323 0.23791060
0 0.24889799 0.20955014 0.22032929 0.21462710 0.22027244 0.21658060 0.23774700 0.43017223 0.25856243 0.43104449 0.25873068 0.42606882 0.24889799 0.20955014
0 0.47916667 0.12205708 0.39732865 0.13517101 0.40649213 0.22868674 0.41521820 0.22825974 0.47916667 0.21697227 0.47916667 0.12205708
0 0.47916667 0.29146571 0.48518627 0.29165931 0.48554128 0.28229624 0.48764553 0.28048864 0.49577860 0.28075021 0.49606259 0.27326014 0.49816690 0.27145254 0.50833326 0.27177951 0.50868827 0.26241644 0.51079251 0.26060932 0.51892557 0.26087089 0.51899657 0.25899837 0.52110082 0.25719077 0.52124282 0.25344573 0.52334713 0.25163813 0.53351359 0.25196510 0.53155093 0.25002718 0.53183495 0.24253663 0.53393960 0.24072952 0.54410580 0.24105648 0.54446081 0.23169341 0.54656495 0.22988628 0.55469801 0.23014786 0.55498204 0.22265683 0.55708669 0.22084972 0.56928603 0.22124207 0.56957004 0.21375152 0.57167418 0.21194439 0.58184038 0.21227136 0.58219539 0.20290829 0.58430004 0.20110118 0.59446624 0.20142814 0.59482127 0.19206460 0.59692540 0.19025747 0.60302533 0.19045365 0.60330935 0.18296310 0.59720942 0.18276692 0.59524728 0.18082901 0.59567331 0.16959294 0.59160704 0.16946216 0.58964438 0.16752424 0.58992839 0.16003368 0.56349607 0.15918357 0.56153393 0.15724566 0.56181794 0.14975511 0.55775115 0.14962431 0.55578903 0.14768592 0.55607303 0.14019585 0.54793996 0.13993428 0.54597784 0.13799589 0.54611984 0.13425085 0.54415772 0.13231247 0.54429972 0.12856743 0.54023293 0.12843664 0.53827079 0.12649873 0.53862582 0.11713518 0.51422653 0.11635045 0.51226423 0.11441253 0.51261924 0.10504947 0.50651947 0.10485328 0.50441518 0.10666041 0.49628212 0.10639883 0.49578509 0.11950742 0.49368080 0.12131454 0.48351450 0.12098757 0.47916667 0.23565726 0.47916667 0.29146571
0 0.61383979 0.00000000 0.56593614 0.04114197 0.56565213 0.04863242 0.59005132 0.04941715 0.59201343 0.05135554 0.59172944 0.05884561 0.59369156 0.06078400 0.61809075 0.06156873 0.62005289 0.06350664 0.61962688 0.07474222 0.61752272 0.07654983 0.60735652 0.07622286 0.60707251 0.08371342 0.63147170 0.08449814 0.63343384 0.08643605 0.63314983 0.09392660 0.65754902 0.09471133 0.65951167 0.09664925 0.65929866 0.10226729 0.65719400 0.10407440 0.64702781 0.10374743 0.64667278 0.11311098 0.67310510 0.11396110 0.67702989 0.11783693 0.67674588 0.12532748 0.67464175 0.12713461 0.67260809 0.12706921 0.67050394 0.12887681 0.66237088 0.12861524 0.66208688 0.13610531 0.69868541 0.13728239 0.72814542 0.11198123 0.73017856 0.11204661 0.74280442 0.10120340 0.74287544 0.09933040 0.74497958 0.09752327 0.74701271 0.09758866 0.81224518 0.04156408 0.81427832 0.04162947 0.85846836 0.00367739 0.74412895 0.00000000 0.61383979 0.00000000
0 0.52270953 0.00000000 0.52269520 0.00037793 0.52879502 0.00057411 0.53075726 0.00251212 0.53047324 0.01000267 0.53860631 0.01026424 0.54056833 0.01220229 0.54021332 0.02156551 0.54428011 0.02169630 0.54624224 0.02363431 0.54588723 0.03299747 0.56215336 0.03352062 0.60003046 0.00099029 0.60206359 0.00105568 0.60329280 0.00000000 0.52270953 0.00000000
0 0.98292180 1.00000000 0.98311692 0.99441836 0.89568635 0.99136827 0.89538463 1.00000000 0.98292180 1.00000000
0 0.88317041 1.00000000 0.88476507 0.95438076 0.76276912 0.95012482 0.76156207 0.98465565 0.79002753 0.98564869 0.79199019 0.98775074 0.79184817 0.99181346 0.82234677 0.99287743 0.82430942 0.99497948 0.82413393 1.00000000 0.88317041 1.00000000
0 0.66321022 0.94461805 0.66299722 0.95071135 0.69146268 0.95170440 0.69342482 0.95380643 0.69321181 0.95990025 0.72167779 0.96089331 0.72363991 0.96299586 0.72356891 0.96502697 0.73576824 0.96545255 0.73773090 0.96755460 0.75399703 0.96812206 0.75513308 0.93562234 0.75317042 0.93352029 0.75345443 0.92539536 0.63349214 0.92121037 0.63138801 0.92317055 0.63117499 0.92926437 0.63313713 0.93136640 0.63278212 0.94152244 0.66124758 0.94251548 0.66321022 0.94461805
0 0.98524700 0.93348164 0.95881467 0.93255952 0.95685256 0.93045697 0.95727857 0.91826984 0.89628033 0.91614186 0.89407923 0.97911020 0.89604136 0.98121223 0.98550506 0.98433325 0.98564708 0.98027052 0.98368494 0.97816849 0.98524700 0.93348164
0 0.85821618 0.89854429 0.82771758 0.89748032 0.82575492 0.89537827 0.82596793 0.88928444 0.76497022 0.88715648 0.76319514 0.93793717 0.88722423 0.94226403 0.88843128 0.90773320 0.85996582 0.90674016 0.85800316 0.90463811 0.85821618 0.89854429
0 0.75459049 0.89289564 0.75501651 0.88070798 0.72655105 0.87971494 0.72458892 0.87761291 0.72480193 0.87151908 0.66583735 0.86946205 0.66387469 0.86736000 0.66408771 0.86126618 0.63562224 0.86027313 0.63391817 0.90902272 0.69288275 0.91107974 0.69484487 0.91318229 0.75584310 0.91531027 0.75655314 0.89499769 0.75459049 0.89289564
0 0.56261172 0.91060281 0.56239872 0.91669612 0.59289784 0.91776010 0.59485996 0.91986265 0.59471796 0.92392486 0.59878475 0.92406673 0.60074687 0.92616928 0.62311241 0.92694952 0.62566854 0.85382463 0.62370640 0.85172260 0.56474182 0.84966557 0.56277969 0.84756354 0.56292168 0.84350134 0.56502584 0.84154064 0.54875971 0.84097318 0.54665556 0.84293388 0.53648936 0.84257922 0.53452672 0.84047665 0.53473973 0.83438283 0.50424088 0.83331885 0.50196877 0.89831829 0.53043449 0.89931134 0.53239661 0.90141389 0.53218360 0.90750772 0.56064958 0.90850078 0.56261172 0.91060281
0 0.47916667 0.85684915 0.48102292 0.85691391 0.48272700 0.80816432 0.47916667 0.80804012 0.47916667 0.85684915
0 0.80502194 0.84787953 0.80698460 0.84998158 0.80684259 0.85404430 0.83734118 0.85510827 0.83930384 0.85721032 0.83916185 0.86127253 0.90015956 0.86340048 0.90065657 0.84918225 0.89869445 0.84707970 0.90011450 0.80645556 0.82691692 0.80390200 0.82481279 0.80586218 0.77804755 0.80423073 0.77684050 0.83876156 0.77880263 0.84086359 0.77858962 0.84695742 0.80502194 0.84787953
0 0.70770920 0.83634985 0.73210891 0.83720106 0.73421304 0.83524088 0.73624618 0.83531181 0.73820832 0.83741384 0.73792430 0.84553877 0.74809102 0.84589345 0.75019516 0.84393327 0.76849442 0.84457166 0.76977249 0.80800921 0.76781035 0.80590718 0.76795235 0.80184497 0.64798953 0.79765997 0.64588540 0.79962014 0.64496236 0.82602604 0.70392694 0.82808307 0.70588908 0.83018510 0.70574706 0.83424782 0.70770920 0.83634985
0 0.98194216 0.79507410 0.96364289 0.79443571 0.96168076 0.79233368 0.95761396 0.79219180 0.95565185 0.79008925 0.95579384 0.78602705 0.92529472 0.78496306 0.92188657 0.88246223 0.99305101 0.88494486 0.99596215 0.80166393 0.98376230 0.80123833 0.98180016 0.79913630 0.98194216 0.79507410
0 0.90046952 0.79629901 0.90110855 0.77801805 0.89914641 0.77591602 0.87271357 0.77499389 0.87075143 0.77289186 0.87089345 0.76882913 0.84242798 0.76783609 0.84046533 0.76573404 0.84067834 0.75964021 0.81221288 0.75864717 0.81025074 0.75654514 0.81046376 0.75045131 0.77996464 0.74938732 0.77875759 0.78391815 0.78071971 0.78602070 0.78057771 0.79008290 0.87817447 0.79348765 0.88013713 0.79558970 0.90046952 0.79629901
0 0.65011964 0.73672273 0.64834456 0.78750342 0.77034051 0.79175935 0.77204459 0.74300977 0.76391153 0.74272604 0.76194939 0.74062401 0.65011964 0.73672273
0 0.54611298 0.80020666 0.57254583 0.80112879 0.57450796 0.80323082 0.57429495 0.80932465 0.60479407 0.81038864 0.60675619 0.81249119 0.60661419 0.81655339 0.60857633 0.81865542 0.61467626 0.81886822 0.61678039 0.81690805 0.63711331 0.81761738 0.63988244 0.73839918 0.61141646 0.73740612 0.60945432 0.73530409 0.51592409 0.73204121 0.51414902 0.78282189 0.53651481 0.78360214 0.53847747 0.78570419 0.54457687 0.78591697 0.54653899 0.78801952 0.54611298 0.80020666
0 0.47916667 0.79583760 0.48315303 0.79597667 0.48592216 0.71675847 0.47982233 0.71654567 0.47916667 0.73530271 0.47916667 0.79583760
0 0.68139979 0.71544303 0.67943714 0.71334098 0.67965015 0.70724716 0.64915155 0.70618319 0.64858353 0.72243305 0.65054566 0.72453508 0.65047465 0.72656670 0.70943923 0.72862373 0.70986526 0.71643607 0.68139979 0.71544303
0 0.61283652 0.69678147 0.61087438 0.69467944 0.61101640 0.69061671 0.58255042 0.68962365 0.58058828 0.68752162 0.58080128 0.68142831 0.55030216 0.68036433 0.54834004 0.67826178 0.54848204 0.67419957 0.54651992 0.67209702 0.51805420 0.67110397 0.51627910 0.72188517 0.64030845 0.72621204 0.64052146 0.72011822 0.63855933 0.71801619 0.63926937 0.69770360 0.61283652 0.69678147
0 0.48601895 0.65575082 0.48195242 0.65560895 0.48017734 0.70638964 0.48424388 0.70653150 0.48634817 0.70457133 0.48649018 0.70050861 0.48452789 0.69840657 0.48601895 0.65575082
0 1.00000000 0.58623184 0.96078951 0.58486395 0.95882737 0.58276192 0.95896939 0.57869919 0.95700725 0.57659716 0.93464120 0.57581690 0.92910295 0.73425278 0.95350214 0.73510397 0.95546426 0.73720652 0.95525125 0.74330035 0.96135118 0.74351315 0.96331383 0.74561520 0.97957996 0.74618266 0.98154210 0.74828469 0.98140010 0.75234689 0.99766623 0.75291435 1.00000000 0.68615069 1.00000000 0.58623184
0 0.50413117 0.60350597 0.50590625 0.55272528 0.48557359 0.55201596 0.48379851 0.60279665 0.50413117 0.60350597
0 0.82240503 0.70002528 0.82219202 0.70611911 0.84659120 0.70697030 0.84855334 0.70907233 0.84841135 0.71313453 0.87484367 0.71405665 0.87680633 0.71615870 0.87666431 0.72022142 0.89903037 0.72100168 0.90099251 0.72310371 0.90302564 0.72317464 0.90512977 0.72121446 0.91045502 0.56887189 0.80065893 0.56504156 0.79869627 0.56293951 0.79876727 0.56090841 0.79680513 0.55880638 0.79687615 0.55677476 0.77044382 0.55585264 0.76582860 0.68788315 0.79022779 0.68873434 0.79218992 0.69083637 0.79197693 0.69692967 0.82044291 0.69792273 0.82240503 0.70002528
0 0.73168924 0.67448965 0.73154724 0.67855186 0.73350936 0.68065441 0.75994168 0.68157652 0.76334984 0.58407736 0.76138772 0.58197481 0.76231076 0.55556891 0.71351238 0.55386654 0.71140822 0.55582723 0.70937509 0.55575631 0.70741245 0.55365374 0.70755445 0.54959153 0.70559233 0.54748898 0.65272715 0.54564474 0.64939000 0.64111280 0.70428831 0.64302797 0.70625096 0.64513002 0.70532791 0.67153643 0.72972658 0.67238760 0.73168924 0.67448965
0 0.58881829 0.62679770 0.58867630 0.63085991 0.60087563 0.63128550 0.60283827 0.63338806 0.61300447 0.63374272 0.61496661 0.63584475 0.61482461 0.63990696 0.64329059 0.64090002 0.64641473 0.55152578 0.61794875 0.55053272 0.61598661 0.54843069 0.61662564 0.53014973 0.53529501 0.52731244 0.53217086 0.61668667 0.55657005 0.61753786 0.55853219 0.61963989 0.55839019 0.62370210 0.58685618 0.62469515 0.58881829 0.62679770
