0 0.12677620 0.27974590 0.15150894 0.28096726 0.15464543 0.16243965 0.13296401 0.16154048 0.12677620 0.27974590
0 0.17766614 0.16209008 0.17099505 0.28232971 0.19690599 0.28298040 0.19865264 0.16152571 0.17766614 0.16209008
0 0.22391920 0.16488868 0.21350187 0.28334259 0.24042991 0.28410067 0.24254930 0.16546567 0.22391920 0.16488868
0 0.26744313 0.16600895 0.25836509 0.28321411 0.28732735 0.28418699 0.28842963 0.16544459 0.26744313 0.16600895
0 0.31198416 0.16723662 0.30193956 0.28851021 0.33106291 0.28880501 0.33114808 0.16995521 0.31198416 0.16723662
0 0.35636411 0.16914236 0.34814208 0.28713299 0.37217990 0.28689081 0.37702841 0.16993414 0.35636411 0.16914236
0 0.40106623 0.16969196 0.39219984 0.29039487 0.41639875 0.28947462 0.41985742 0.16959087 0.40106623 0.16969196
0 0.44512398 0.17295384 0.43588486 0.29083707 0.46110087 0.29002421 0.46712759 0.17249687 0.44512398 0.17295384
0 0.50000000 0.17555733 0.48816463 0.17610832 0.48513869 0.28978204 0.50000000 0.28978677 0.50000000 0.17555733
0 0.38335188 0.00000000 0.37138691 0.12346313 0.44590730 0.12577107 0.45555516 0.00000000 0.38335188 0.00000000
0 1.00000000 0.16951038 0.92945815 0.15880318 0.92487509 0.18653380 0.93644932 0.18829060 0.93807325 0.19043204 0.93583829 0.19198776 0.93278296 0.21047453 0.94435769 0.21223140 0.94598104 0.21437324 0.94537001 0.21807041 0.96851896 0.22158407 0.97014281 0.22372599 0.96953178 0.22742315 0.96729681 0.22897887 0.95572259 0.22722208 0.95419485 0.23646593 0.99277642 0.24232204 1.00000000 0.19861451 1.00000000 0.16951038
0 0.51547309 0.18693008 0.51577861 0.18508150 0.51801330 0.18352525 0.52187146 0.18411086 0.52706555 0.15268307 0.52930013 0.15112729 0.53701644 0.15229851 0.54068287 0.13011411 0.54291749 0.12855833 0.54536178 0.11376873 0.54759648 0.11221248 0.55531279 0.11338371 0.55959026 0.08750213 0.56182483 0.08594635 0.56020137 0.08380450 0.52354885 0.07824119 0.50521669 0.18916322 0.50907484 0.18974883 0.50968588 0.18605167 0.51192050 0.18449589 0.51384955 0.18478870 0.51547309 0.18693008
0 1.00000000 0.11455280 0.99619087 0.11397463 0.98794138 0.16388966 1.00000000 0.16571998 1.00000000 0.11455280
0 0.53393704 0.01538561 0.53149275 0.03017521 0.53342183 0.03046802 0.53372742 0.02861896 0.53596202 0.02706319 0.53779520 0.01597122 0.53393704 0.01538561
0 0.86096356 0.07070871 0.87446723 0.07275837 0.87609067 0.07489973 0.91081434 0.08017027 0.91600847 0.04874224 0.91824296 0.04718630 0.92210137 0.04777195 0.92546226 0.02743627 0.92769675 0.02588036 0.92800229 0.02403166 0.90678230 0.02081078 0.90067158 0.05778479 0.89843709 0.05934068 0.86950079 0.05494858 0.86787736 0.05280712 0.86401896 0.05222147 0.86096356 0.07070871
0 0.53647983 0.00000000 0.53485367 0.00983939 0.53871182 0.01042500 0.54094646 0.00886913 0.54256998 0.01101061 0.53951466 0.02949738 0.53728001 0.03105363 0.54692538 0.03251766 0.54723097 0.03066860 0.54946554 0.02911282 0.55332375 0.02969844 0.55362927 0.02784986 0.55586384 0.02629408 0.55972200 0.02687969 0.56094414 0.01948489 0.56317884 0.01792864 0.56510789 0.01822144 0.56541339 0.01637295 0.56764798 0.01481708 0.57150619 0.01540270 0.57312971 0.01754417 0.57251861 0.02124172 0.57414215 0.02338310 0.57383663 0.02523168 0.58348181 0.02669568 0.58378732 0.02484709 0.58602229 0.02329137 0.59952547 0.02534096 0.60176051 0.02378476 0.60368947 0.02407755 0.60582818 0.01113691 0.60196977 0.01055126 0.60034636 0.00840975 0.59841740 0.00811696 0.59679399 0.00597545 0.59778155 0.00000000 0.57483101 0.00000000 0.57395048 0.00061309 0.56991127 0.00000000 0.56614192 0.00000000 0.56592863 0.00129055 0.56369398 0.00284646 0.55404857 0.00138243 0.55300053 0.00000000 0.53647983 0.00000000
0 0.36495396 1.00000000 0.41294766 0.80523751 0.38777377 0.79466952 0.33020694 0.78727275 0.32157402 0.79031614 0.31383975 0.81454745 0.30232525 0.87133745 0.34415391 0.87839075 0.34373456 0.89680287 0.29428545 0.89685481 0.26392638 1.00000000 0.36495396 1.00000000
0 0.51840264 0.93619793 0.52419000 0.93715276 0.52449552 0.93514343 0.52673049 0.93345243 0.52703600 0.93144310 0.52927047 0.92975202 0.53119943 0.93007026 0.53150503 0.92806042 0.52764711 0.92742393 0.52602318 0.92509627 0.52541207 0.92911544 0.52317760 0.93080652 0.52124864 0.93048828 0.52094313 0.93249761 0.51870816 0.93418861 0.51840264 0.93619793
0 0.76379573 1.00000000 0.76389326 0.99935856 0.76226933 0.99703090 0.76450429 0.99533990 0.76288044 0.99301173 0.76593576 0.97291742 0.76817073 0.97122642 0.77214276 0.94510309 0.73549013 0.93905600 0.73386670 0.93672843 0.73193774 0.93641018 0.72857682 0.95851434 0.72634186 0.96020534 0.72267543 0.98431882 0.72044096 0.98600991 0.71982984 0.99002908 0.74490774 0.99416652 0.74714221 0.99247544 0.75678798 0.99406684 0.75841142 0.99639441 0.75617695 0.99808549 0.74846063 0.99681243 0.74797596 1.00000000 0.76379573 1.00000000
0 0.50000000 0.95994045 0.51443062 0.96232126 0.51473613 0.96031193 0.51697118 0.95862042 0.51890013 0.95893867 0.52113460 0.95724758 0.52885092 0.95852065 0.53047436 0.96084823 0.52823981 0.96253982 0.52245294 0.96158508 0.53595612 0.96381289 0.53626172 0.96180305 0.54073116 0.95842096 0.53748386 0.95376522 0.53169650 0.95281040 0.53007306 0.95048282 0.53037858 0.94847349 0.53261305 0.94678241 0.53291865 0.94477257 0.53515361 0.94308157 0.53576472 0.93906240 0.53799920 0.93737131 0.53414079 0.93673474 0.53383528 0.93874407 0.53160072 0.94043567 0.52774281 0.93979917 0.52550834 0.94149026 0.52398068 0.95153741 0.52174571 0.95322841 0.52012228 0.95090084 0.51626387 0.95026426 0.51464053 0.94793670 0.51494605 0.94592738 0.51941546 0.94254476 0.51362811 0.94158994 0.51332251 0.94359978 0.51108794 0.94529085 0.50915884 0.94497258 0.50692422 0.94666364 0.50631318 0.95068229 0.50407854 0.95237388 0.50377302 0.95438320 0.50000000 0.95723887 0.50000000 0.95994045
0 0.55262874 0.91918656 0.54815980 0.92256873 0.54430189 0.92193223 0.54369078 0.92595140 0.54145581 0.92764240 0.54023367 0.93568023 0.53799920 0.93737131 0.53992815 0.93768956 0.54216312 0.93599856 0.54409207 0.93631681 0.54470311 0.93229815 0.54693765 0.93060655 0.55272502 0.93156137 0.55303053 0.92955204 0.55140660 0.92722439 0.55201771 0.92320522 0.55648715 0.91982313 0.56034555 0.92045971 0.56065107 0.91845038 0.56288562 0.91675879 0.56674353 0.91739528 0.56836689 0.91972337 0.57222529 0.92035994 0.57253089 0.91835010 0.56766016 0.91136678 0.56827119 0.90734812 0.57050566 0.90565704 0.57081118 0.90364771 0.56695327 0.90301122 0.56471879 0.90470230 0.56410776 0.90872096 0.56187329 0.91041204 0.55994384 0.91009371 0.55770929 0.91178531 0.55578034 0.91146706 0.55354537 0.91315806 0.55262874 0.91918656
0 0.58057057 0.87847920 0.57843179 0.89254553 0.57619732 0.89423661 0.57426837 0.89391837 0.57335174 0.89994687 0.58106805 0.90121993 0.58137357 0.89921060 0.58360812 0.89751901 0.58553708 0.89783725 0.58716044 0.90016534 0.58654940 0.90418400 0.59040781 0.90482058 0.59071332 0.90281125 0.59294780 0.90112016 0.59487725 0.90143849 0.59609939 0.89340066 0.59833386 0.89170958 0.60219177 0.89234607 0.60280288 0.88832690 0.60503736 0.88663582 0.60696680 0.88695415 0.60727240 0.88494431 0.60950687 0.88325322 0.61143583 0.88357147 0.61204686 0.87955281 0.61042342 0.87722524 0.60656502 0.87658866 0.60494166 0.87426058 0.60555269 0.87024192 0.59976582 0.86928718 0.59946031 0.87129651 0.59499079 0.87467910 0.59306183 0.87436086 0.59275632 0.87637019 0.58828688 0.87975227 0.58057057 0.87847920
0 0.79741261 1.00000000 0.79760411 0.99874058 0.79983858 0.99704949 0.80014409 0.99504017 0.80237906 0.99334916 0.80299017 0.98932999 0.80522464 0.98763891 0.80583575 0.98361974 0.80807023 0.98192866 0.80868126 0.97791000 0.81091573 0.97621892 0.81122133 0.97420908 0.81345580 0.97251799 0.81406691 0.96849882 0.81630187 0.96680782 0.81691291 0.96278916 0.81914738 0.96109808 0.81975849 0.95707891 0.82199296 0.95538783 0.82229856 0.95337799 0.82453352 0.95168699 0.82514456 0.94766833 0.82737903 0.94597725 0.82799014 0.94195808 0.83022461 0.94026699 0.83083572 0.93624782 0.83307019 0.93455674 0.83337571 0.93254741 0.83561018 0.93085633 0.83622129 0.92683716 0.83845626 0.92514616 0.83906737 0.92112699 0.84130184 0.91943590 0.84191288 0.91541725 0.84414743 0.91372565 0.84445294 0.91171632 0.84668791 0.91002532 0.84729902 0.90600615 0.84953349 0.90431507 0.85014452 0.90029641 0.85237907 0.89860481 0.85299011 0.89458616 0.85522466 0.89289456 0.85644672 0.88485725 0.85868127 0.88316565 0.86051445 0.87110917 0.86274942 0.86941816 0.86467837 0.86973641 0.86651163 0.85767941 0.86874610 0.85598833 0.86935721 0.85196916 0.86356985 0.85101434 0.86194641 0.84868676 0.78671221 0.83627434 0.78508878 0.83394676 0.74843665 0.82789976 0.74620168 0.82959076 0.73642453 0.89389338 0.74028293 0.89452996 0.74190637 0.89685753 0.74129526 0.90087670 0.73906079 0.90256779 0.73327343 0.90161297 0.72869037 0.93175495 0.76727195 0.93812029 0.76889538 0.94044786 0.78239906 0.94267575 0.78402250 0.94500332 0.78371698 0.94701265 0.78148243 0.94870425 0.77762452 0.94806776 0.77670789 0.95409625 0.77447293 0.95578726 0.77416741 0.95779658 0.77802581 0.95843316 0.77964925 0.96076073 0.77934374 0.96277006 0.78096710 0.96509815 0.77873263 0.96678923 0.77487471 0.96615274 0.76998614 0.99830405 0.76775117 0.99999505 0.76775042 1.00000000 0.79741261 1.00000000
0 0.84719661 0.68558403 0.85116864 0.65946071 0.82801969 0.65564150 0.82639625 0.65331393 0.82670177 0.65130460 0.79197860 0.64557584 0.78974363 0.64726684 0.78009836 0.64567553 0.77612641 0.67179834 0.81470799 0.67816368 0.81633135 0.68049176 0.84719661 0.68558403
0 0.84484859 0.71403450 0.84291914 0.71371617 0.84129571 0.71138860 0.84404559 0.69330310 0.83054191 0.69107521 0.82891847 0.68874764 0.82922399 0.68673831 0.80414609 0.68260086 0.80252265 0.68027329 0.78516057 0.67740883 0.78485505 0.67941815 0.78262058 0.68110924 0.77490427 0.67983617 0.77652771 0.68216374 0.77561108 0.68819224 0.77337653 0.68988384 0.77144757 0.68956560 0.76778122 0.71367856 0.78128489 0.71590645 0.78290825 0.71823454 0.84463878 0.72841908 0.84626221 0.73074665 0.85397853 0.73201972 0.85611730 0.71795339 0.85418835 0.71763514 0.85256441 0.71530749 0.85479938 0.71361649 0.86058674 0.71457131 0.86221018 0.71689888 0.86037700 0.72895537 0.86809332 0.73022843 0.86971668 0.73255652 0.86910564 0.73657518 0.86687109 0.73826678 0.83793479 0.73349276 0.83631143 0.73116467 0.78036827 0.72193495 0.77874433 0.71960730 0.76717011 0.71769774 0.76258705 0.74783972 0.76035258 0.74953080 0.75872864 0.74720315 0.76850580 0.68290052 0.77074084 0.68120901 0.78082351 0.61489705 0.78305798 0.61320597 0.78641890 0.59110181 0.78063154 0.59014699 0.76498909 0.60198543 0.76306014 0.60166718 0.74741769 0.61350563 0.74548873 0.61318738 0.73431580 0.62164322 0.73309366 0.62968105 0.73085919 0.63137213 0.72700078 0.63073556 0.72638967 0.63475473 0.72415520 0.63644581 0.72222575 0.63612748 0.72100361 0.64416531 0.71876913 0.64585639 0.71298227 0.64490166 0.71237116 0.64892083 0.71013619 0.65061183 0.70820724 0.65029358 0.70667958 0.66034074 0.70444503 0.66203233 0.70251558 0.66171401 0.70089222 0.65938592 0.69997559 0.66541442 0.69774112 0.66710550 0.69388321 0.66646901 0.69327209 0.67048818 0.69103713 0.67217918 0.68910817 0.67186093 0.68687370 0.67355201 0.68626259 0.67757119 0.68402763 0.67926219 0.68209867 0.67894394 0.68148764 0.68296260 0.67701862 0.68634528 0.67508966 0.68602703 0.67386752 0.69406486 0.67163255 0.69575586 0.66777464 0.69511937 0.66685801 0.70114787 0.66462304 0.70283887 0.66076513 0.70220237 0.65740422 0.72430653 0.66126213 0.72494302 0.66288606 0.72727068 0.66065110 0.72896168 0.65973447 0.73499018 0.66135832 0.73731835 0.66521623 0.73795484 0.66552183 0.73594500 0.66775679 0.73425400 0.66968575 0.73457224 0.67029686 0.73055307 0.67253133 0.72886199 0.67638924 0.72949848 0.67669476 0.72748916 0.67892972 0.72579816 0.68085868 0.72611640 0.68248212 0.72844398 0.68187109 0.73246263 0.67963654 0.73415423 0.67770758 0.73383598 0.67709655 0.73785464 0.67486150 0.73954616 0.67871991 0.74018273 0.68034335 0.74251030 0.67942680 0.74853829 0.67719225 0.75022989 0.66368857 0.74800200 0.66246643 0.75603983 0.66632483 0.75667640 0.66794827 0.75900398 0.66571380 0.76069506 0.66479717 0.76672356 0.66865508 0.76736005 0.67027852 0.76968763 0.66905638 0.77772546 0.67677319 0.77899860 0.67839662 0.78132618 0.67778551 0.78534535 0.67555104 0.78703643 0.67169264 0.78639986 0.67047049 0.79443768 0.66823602 0.79612877 0.66437762 0.79549219 0.65990860 0.79887487 0.65868645 0.80691270 0.65645198 0.80860378 0.65259357 0.80796721 0.65076032 0.82002421 0.64182186 0.82678897 0.63989290 0.82647072 0.62648501 0.83661757 0.62495727 0.84666524 0.62272280 0.84835632 0.62079384 0.84803807 0.61917040 0.84571050 0.61947600 0.84370066 0.61561759 0.84306408 0.61347882 0.85713041 0.61733722 0.85776698 0.61896066 0.86009456 0.61834955 0.86411373 0.61611508 0.86580481 0.61550405 0.86982347 0.62129091 0.87077821 0.62281857 0.86073105 0.62505305 0.85903997 0.62627519 0.85100214 0.62851016 0.84931114 0.64201334 0.85153895 0.64292996 0.84551045 0.64516493 0.84381945 0.65095229 0.84477427 0.65257573 0.84710184 0.68151204 0.85187586 0.68313547 0.85420344 0.68282988 0.85621328 0.68059541 0.85790436 0.67480805 0.85694954 0.67450253 0.85895887 0.67226756 0.86064987 0.66262229 0.85905856 0.66038782 0.86074964 0.65845887 0.86043139 0.64952033 0.86719667 0.64566193 0.86656010 0.63895802 0.87163326 0.63702906 0.87131501 0.63672354 0.87332434 0.63225452 0.87670702 0.63194901 0.87871635 0.62747949 0.88209895 0.62717397 0.88410828 0.62493950 0.88579936 0.62432839 0.88981853 0.62595183 0.89214610 0.62564631 0.89415543 0.62341176 0.89584703 0.61762440 0.89489221 0.61701337 0.89891086 0.60584044 0.90736671 0.60391148 0.90704846 0.60360589 0.90905830 0.60137092 0.91074931 0.60075989 0.91476796 0.59852542 0.91645905 0.59273855 0.91550430 0.58826904 0.91888690 0.58796352 0.92089623 0.58349400 0.92427883 0.58318849 0.92628816 0.58704689 0.92692473 0.58867033 0.92925230 0.58775370 0.93528081 0.58551923 0.93697189 0.58490812 0.94099106 0.58267365 0.94268214 0.58074420 0.94236381 0.58043868 0.94437314 0.57820421 0.94606422 0.57048789 0.94479116 0.57018230 0.94680100 0.56571336 0.95018316 0.56540776 0.95219301 0.55870385 0.95726617 0.55839834 0.95927550 0.55392931 0.96265818 0.55362380 0.96466751 0.55138875 0.96635902 0.55108324 0.96836835 0.66104110 0.98650961 0.66327557 0.98481853 0.66520453 0.98513678 0.66682796 0.98746436 0.71312586 0.99510276 0.71984769 0.95089444 0.72208216 0.94920336 0.73002606 0.89695774 0.70687761 0.89313861 0.70525375 0.89081045 0.70953122 0.86267830 0.71400073 0.85929571 0.72943337 0.86184184 0.73105672 0.86416993 0.73684408 0.86512475 0.74387143 0.81890711 0.74610591 0.81721603 0.75588306 0.75291340 0.75811761 0.75122180 0.75974146 0.75354997 0.75760277 0.76761579 0.78846803 0.77270805 0.79009139 0.77503614 0.85567982 0.78585717 0.85730326 0.78818475 0.89202693 0.79391359 0.89233244 0.79190426 0.88847404 0.79126769 0.88685068 0.78893960 0.88746171 0.78492094 0.88969626 0.78322934 0.89741307 0.78450249 0.89832962 0.77847451 0.90056409 0.77678342 0.90086969 0.77477358 0.90310416 0.77308250 0.90503312 0.77340075 0.90686629 0.76134426 0.90910084 0.75965267 0.90971187 0.75563401 0.91194692 0.75394249 0.91387587 0.75426074 0.91479242 0.74823275 0.88392716 0.74314049 0.88230372 0.74081291 0.88453827 0.73912132 0.91733249 0.74453183 0.91886015 0.73448467 0.91561327 0.72982952 0.91591887 0.72781968 0.91815334 0.72612860 0.92008229 0.72644685 0.92497087 0.69429553 0.92720584 0.69260453 0.93301104 0.65442472 0.93138711 0.65209706 0.93169263 0.65008773 0.92682189 0.64310441 0.92712749 0.64109457 0.92063373 0.63178427 0.92093933 0.62977443 0.91119779 0.61580830 0.91150330 0.61379897 0.89689160 0.59284909 0.89750263 0.58883044 0.89425534 0.58417469 0.89232638 0.58385644 0.89070295 0.58152887 0.88877350 0.58121054 0.88552662 0.57655539 0.88613773 0.57253622 0.88126700 0.56555290 0.87355068 0.56427983 0.87263405 0.57030833 0.87039958 0.57199941 0.86001132 0.64032121 0.85777685 0.64201229 0.84708306 0.71234342 0.84484859 0.71403450
0 0.84146328 0.56722539 0.83760537 0.56658890 0.83729977 0.56859874 0.83506530 0.57028983 0.83120690 0.56965325 0.83090138 0.57166258 0.82643194 0.57504466 0.82064508 0.57408992 0.81841053 0.57578152 0.81648108 0.57546319 0.81424661 0.57715427 0.81231765 0.57683603 0.81008268 0.57852703 0.80815373 0.57820878 0.80784813 0.58021862 0.80561366 0.58190971 0.79789735 0.58063664 0.79566287 0.58232772 0.79373343 0.58200939 0.79149896 0.58370048 0.78630486 0.61786112 0.78407031 0.61955271 0.78132051 0.63763770 0.82568944 0.64495786 0.82792391 0.64326677 0.85300181 0.64740422 0.85727936 0.61927156 0.85951432 0.61758056 0.86776382 0.56332509 0.86004701 0.56205195 0.85781254 0.56374303 0.85395463 0.56310654 0.85364903 0.56511638 0.85141456 0.56680746 0.84369775 0.56553431 0.84146328 0.56722539
