0 0.27310661 0.21361836 0.37889118 0.25809175 0.38839507 0.23197327 0.28467700 0.18775361 0.27310661 0.21361836
0 0.16655841 0.17534814 0.25837736 0.21390947 0.26737353 0.19192595 0.17555459 0.15336462 0.16655841 0.17534814
0 1.00000000 0.00000000 0.98845760 0.00000000 0.94047061 0.31861281 0.99209783 0.33085521 1.00000000 0.28195046 1.00000000 0.00000000
0 0.17434476 0.75450228 0.04926914 0.77244194 0.08699467 0.96784368 0.22352187 0.94475144 0.17434476 0.75450228
0 0.51953125 0.76220787 0.50466701 0.67523005 0.24190724 0.73472341 0.27193597 0.89045001 0.51953125 0.83744287 0.51953125 0.76220787
0 0.76997787 1.00000000 0.77349634 0.96889821 0.74182815 0.96467792 0.73931218 0.98691804 0.74303811 0.98741458 0.74467206 0.98968507 0.74421463 0.99372854 0.74212313 0.99550255 0.74189442 0.99752429 0.76047163 1.00000000 0.76997787 1.00000000
0 0.61701765 0.94804490 0.61142949 0.94730018 0.61120077 0.94932192 0.60910886 0.95109535 0.59048069 0.94861285 0.58727846 0.97691921 0.61335800 0.98039473 0.61701765 0.94804490
0 0.58168982 0.97617443 0.58557818 0.94180287 0.56508681 0.93907206 0.56119844 0.97344363 0.58168982 0.97617443
0 0.51953125 0.96789080 0.55560980 0.97269885 0.55881202 0.94439249 0.55717802 0.94212252 0.55763544 0.93807904 0.52224157 0.93336224 0.51953125 0.95732039 0.51953125 0.96789080
0 0.73558626 0.98642150 0.73878843 0.95811565 0.69408023 0.95215756 0.69202169 0.97035421 0.68993020 0.97212823 0.64522200 0.96617014 0.64358805 0.96389965 0.64381677 0.96187791 0.64009132 0.96138144 0.63845684 0.95911140 0.64005795 0.94495822 0.62515522 0.94297219 0.62306378 0.94474569 0.61894665 0.98113951 0.70463711 0.99255915 0.70555203 0.98447169 0.70764400 0.98269774 0.73558626 0.98642150
0 0.76454056 0.91434345 0.76156711 0.94062755 0.75947562 0.94240157 0.75784167 0.94013108 0.76127255 0.90980350 0.72215300 0.90459019 0.72192428 0.90661192 0.71983237 0.90838536 0.71796965 0.90813712 0.71613982 0.92431204 0.71404833 0.92608605 0.71241390 0.92381550 0.71424373 0.90764058 0.71051828 0.90714411 0.70888427 0.90487413 0.70911299 0.90285240 0.69421025 0.90086637 0.69009318 0.93725967 0.76460684 0.94718982 0.76624079 0.94946031 0.76996623 0.94995679 0.77385465 0.91558470 0.76454056 0.91434345
0 0.56985725 0.88018936 0.56939976 0.88423335 0.57103377 0.88650332 0.56623049 0.92896235 0.58672187 0.93169315 0.59221134 0.88316841 0.56985725 0.88018936
0 0.55573982 0.92140765 0.56054316 0.87894811 0.52701187 0.87447952 0.52220853 0.91693906 0.55573982 0.92140765
0 0.59642759 0.89604463 0.59806160 0.89831460 0.59600306 0.91651125 0.60531714 0.91775251 0.60695115 0.92002248 0.60649367 0.92406647 0.60440223 0.92583996 0.59322542 0.92435047 0.59299665 0.92637273 0.62652756 0.93084126 0.62861953 0.92906731 0.63025348 0.93133780 0.65074438 0.93406854 0.65394660 0.90576218 0.64649571 0.90476923 0.64486123 0.90249920 0.64508994 0.90047746 0.64718191 0.89870351 0.65463280 0.89969646 0.65509023 0.89565299 0.65718220 0.89387904 0.66649629 0.89512029 0.66813024 0.89739078 0.66767281 0.90143425 0.66558132 0.90320827 0.65812995 0.90221525 0.65447030 0.93456508 0.67496167 0.93729589 0.68045115 0.88877114 0.65809705 0.88579210 0.65600514 0.88756553 0.65437113 0.88529556 0.63574296 0.88281305 0.63322699 0.90505318 0.63113555 0.90682667 0.62950107 0.90455664 0.63133089 0.88838172 0.59779999 0.88391318 0.59642759 0.89604463
0 0.65711593 0.86103267 0.65548192 0.85876270 0.65593935 0.85471923 0.65803078 0.85294573 0.67852216 0.85567654 0.68058075 0.83747937 0.66008938 0.83474856 0.65845537 0.83247859 0.65868408 0.83045685 0.61397589 0.82449876 0.60985881 0.86089206 0.66760702 0.86858795 0.66924096 0.87085844 0.67669233 0.87185145 0.67760730 0.86376348 0.65711593 0.86103267
0 0.56740497 0.81829243 0.56214427 0.86479493 0.56586971 0.86529140 0.56750366 0.86756189 0.60476097 0.87252703 0.61025045 0.82400229 0.56740497 0.81829243
0 0.69391527 0.87004173 0.69208545 0.88621665 0.72375411 0.89043701 0.72535522 0.87628383 0.72372073 0.87401379 0.72623676 0.85177315 0.72460275 0.84950318 0.72620386 0.83535000 0.72247794 0.83485346 0.72038651 0.83662696 0.69430696 0.83315144 0.69339199 0.84123941 0.69502600 0.84350938 0.69228126 0.86777176 0.69391527 0.87004173
0 0.77114077 0.83928635 0.73947258 0.83506605 0.73421182 0.88156907 0.74538863 0.88305856 0.74702264 0.88532853 0.76378857 0.88756286 0.76588001 0.88578937 0.77114077 0.83928635
0 0.53488767 0.85500590 0.53697920 0.85323242 0.53861335 0.85550241 0.53792721 0.86156761 0.55841835 0.86429839 0.56413654 0.81375191 0.56041109 0.81325543 0.55877661 0.81098539 0.54387412 0.80899940 0.54341669 0.81304287 0.54132505 0.81481686 0.53014805 0.81332735 0.52488735 0.85982984 0.53420153 0.86107111 0.53488767 0.85500590
0 0.68002410 0.79225383 0.67750814 0.81449395 0.70358815 0.81796954 0.70404558 0.81392606 0.70613702 0.81215257 0.72662839 0.81488337 0.72731459 0.80881765 0.72940603 0.80704415 0.73146462 0.78884699 0.70911053 0.78586794 0.70888175 0.78789019 0.70679032 0.78966369 0.69747576 0.78842237 0.69701827 0.79246636 0.69492683 0.79423986 0.68002410 0.79225383
0 0.75751127 0.77589935 0.75914522 0.77816984 0.75502814 0.81456314 0.77551952 0.81729395 0.78032279 0.77483493 0.73934052 0.76937338 0.73613830 0.79767974 0.73777230 0.79994971 0.73639997 0.81208064 0.75130270 0.81406667 0.75541978 0.77767337 0.75751127 0.77589935
0 0.57155501 0.79832177 0.57318902 0.80059174 0.62162313 0.80704637 0.62757004 0.75447815 0.57727320 0.74777528 0.57155501 0.79832177
0 0.54335066 0.78019653 0.54498470 0.78246703 0.54292616 0.80066368 0.55782889 0.80264971 0.55946281 0.80491967 0.56318873 0.80541621 0.56982183 0.74678227 0.53629069 0.74231370 0.52988629 0.79892591 0.53547480 0.79967067 0.53710895 0.80194066 0.53897181 0.80218892 0.54125907 0.78197053 0.54335066 0.78019653
0 0.67296443 0.75437052 0.65247305 0.75163971 0.65201557 0.75568370 0.64992413 0.75745720 0.63129548 0.75497463 0.62534857 0.80754285 0.66633133 0.81300446 0.67296443 0.75437052
0 0.78836167 0.72049276 0.74737892 0.71503114 0.74326178 0.75142496 0.75443907 0.75291452 0.75607308 0.75518449 0.78587854 0.75915655 0.78999562 0.72276325 0.78836167 0.72049276
0 0.68103572 0.71645144 0.67874841 0.73667034 0.68992570 0.73815990 0.69155971 0.74042987 0.68858626 0.76671398 0.69976307 0.76820347 0.70139749 0.77047402 0.70116878 0.77249576 0.71607151 0.77448179 0.71630022 0.77246005 0.71839172 0.77068604 0.72025444 0.77093428 0.72185549 0.75678162 0.72022154 0.75451113 0.72250880 0.73429274 0.72087479 0.73202277 0.72293333 0.71382611 0.72129890 0.71155556 0.69149344 0.70758350 0.69126466 0.70960575 0.68917323 0.71137925 0.68172186 0.71038624 0.67963043 0.71215973 0.67940171 0.71418147 0.68103572 0.71645144
0 0.63966176 0.74788018 0.64492252 0.70137717 0.58158615 0.69293658 0.57632539 0.73943959 0.63966176 0.74788018
0 0.57047513 0.72429339 0.57413478 0.69194356 0.55550623 0.68946100 0.55459131 0.69754846 0.55249978 0.69932195 0.54838265 0.73571577 0.57073674 0.73869481 0.57210908 0.72656388 0.57047513 0.72429339
0 0.54083221 0.68545324 0.53896939 0.68520499 0.53687786 0.68697847 0.53161710 0.73348149 0.54279410 0.73497100 0.54805486 0.68846799 0.54246636 0.68772323 0.54083221 0.68545324
0 0.73885020 0.75699369 0.74411090 0.71049120 0.73293361 0.70900164 0.72767291 0.75550414 0.73885020 0.75699369
0 0.66619926 0.74731178 0.67168874 0.69878703 0.65119736 0.69605623 0.64570789 0.74458097 0.66619926 0.74731178
0 0.52726882 0.65491312 0.52635397 0.66300006 0.53007965 0.66349656 0.53053708 0.65945309 0.52890295 0.65718310 0.52913166 0.65516137 0.52726882 0.65491312
0 0.73453472 0.69484846 0.74571201 0.69633802 0.74407753 0.69406798 0.74682226 0.66980561 0.73750818 0.66856435 0.73453472 0.69484846
0 0.52932742 0.63671595 0.52864122 0.64278167 0.53236690 0.64327818 0.53259562 0.64125644 0.53096149 0.63898645 0.53119026 0.63696420 0.52932742 0.63671595
0 0.79640006 0.66615053 0.77590869 0.66341972 0.77385009 0.68161688 0.77175866 0.68339038 0.75313000 0.68090782 0.75175767 0.69303874 0.79274041 0.69850036 0.79640006 0.66615053
0 0.55315293 0.67683358 0.57364392 0.67956433 0.57913340 0.63103958 0.55864241 0.62830883 0.55818498 0.63235230 0.55609340 0.63412578 0.54491635 0.63263625 0.54034173 0.67307406 0.55151878 0.67456358 0.55315293 0.67683358
0 0.65969319 0.63767052 0.65443242 0.68417354 0.67306108 0.68665611 0.67374728 0.68059038 0.67583871 0.67881688 0.68018456 0.64040133 0.65969319 0.63767052
0 0.65224182 0.63667751 0.63547637 0.63444324 0.63384236 0.63217327 0.62080235 0.63043548 0.62034486 0.63447946 0.61825343 0.63625296 0.58844796 0.63228090 0.58295849 0.68080565 0.64629486 0.68924624 0.65224182 0.63667751
0 0.68051244 0.68764912 0.72335744 0.69335891 0.72930440 0.64079017 0.70881350 0.63805943 0.70858473 0.64008168 0.70649329 0.64185518 0.68786464 0.63937261 0.68443370 0.66970071 0.68234227 0.67147420 0.68051244 0.68764912
