0 0.74972863 0.40775886 0.75151736 0.41696102 0.81900383 0.40384298 0.81840759 0.40077559 0.82087952 0.39711181 0.82028328 0.39404442 0.74972863 0.40775886
0 0.73191897 0.41440399 0.73072649 0.40826921 0.66324002 0.42138726 0.66443250 0.42752203 0.73191897 0.41440399
0 0.54879337 0.45000000 0.64909477 0.43050338 0.64790229 0.42436861 0.54360401 0.44464214 0.54420025 0.44770953 0.54759601 0.45000000 0.54879337 0.45000000
0 0.51604020 0.45000000 0.53440106 0.44643101 0.53380466 0.44336284 0.53014103 0.44089169 0.49946558 0.44685439 0.50007702 0.45000000 0.51604020 0.45000000
0 0.81730178 0.37870591 0.74674713 0.39242034 0.74793976 0.39855591 0.79088556 0.39020809 0.79454997 0.39267908 0.81602248 0.38850525 0.81483000 0.38237047 0.81730178 0.37870591
0 0.72893762 0.39906626 0.72774499 0.39293070 0.66025851 0.40604874 0.66145114 0.41218430 0.72893762 0.39906626
0 0.54181513 0.43543919 0.64611342 0.41516566 0.64492078 0.40903009 0.64125637 0.40655910 0.54002626 0.42623624 0.54181513 0.43543919
0 0.53141955 0.43109250 0.53022707 0.42495772 0.49648423 0.43151667 0.49767671 0.43765144 0.53141955 0.43109250
0 0.89714463 0.34726878 0.89774102 0.35033696 0.92841727 0.34437410 0.93208090 0.34684525 0.96582453 0.34028615 0.96463189 0.33415059 0.89714463 0.34726878
0 0.81244489 0.37010013 0.81125225 0.36396457 0.74376578 0.37708262 0.74495841 0.38321818 0.81244489 0.37010013
0 0.72595627 0.38372853 0.72476363 0.37759297 0.65727716 0.39071101 0.65846979 0.39684657 0.72595627 0.38372853
0 0.53704491 0.41089851 0.53883378 0.42010146 0.64006389 0.40042432 0.64253567 0.39675975 0.64193943 0.39369237 0.63827502 0.39122137 0.53704491 0.41089851
0 0.52843820 0.41575477 0.52724557 0.40961921 0.49350272 0.41617815 0.49469535 0.42231372 0.52843820 0.41575477
0 0.96105430 0.31574547 0.89663443 0.32826743 0.89782691 0.33440221 0.91009803 0.33201694 0.91376166 0.33448809 0.96591041 0.32435140 0.96471793 0.31821662 0.96105430 0.31574547
0 0.73158148 0.36353376 0.73217771 0.36660115 0.83647599 0.34632762 0.83528352 0.34019284 0.73405262 0.35987013 0.73158148 0.36353376
0 0.72297476 0.36839002 0.72178228 0.36225524 0.65429581 0.37537328 0.65548829 0.38150806 0.72297476 0.36839002
0 0.53346717 0.39249261 0.53465980 0.39862817 0.63282252 0.37954727 0.63648614 0.38201842 0.63895808 0.37835464 0.63776545 0.37221908 0.53346717 0.39249261
0 1.00000000 0.29544124 0.97707431 0.29989754 0.97886318 0.30910049 1.00000000 0.30499191 1.00000000 0.29544124
0 0.89365292 0.31292892 0.89544180 0.32213187 0.96292906 0.30901367 0.96173658 0.30287889 0.91265522 0.31241934 0.90899144 0.30994741 0.89365292 0.31292892
0 0.83349464 0.33098989 0.83230201 0.32485432 0.72800373 0.34512786 0.72919636 0.35126342 0.83349464 0.33098989
0 0.68752908 0.34981204 0.65378545 0.35637114 0.65131430 0.36003477 0.65250693 0.36617033 0.71999341 0.35305229 0.71880078 0.34691673 0.69119271 0.35228319 0.68752908 0.34981204
0 0.48992513 0.39777303 0.52366798 0.39121409 0.52247534 0.38507853 0.51881171 0.38260738 0.48813626 0.38857008 0.48992513 0.39777303
0 0.54215991 0.37170238 0.52988957 0.37408749 0.53167829 0.38328966 0.63597657 0.36301612 0.63538033 0.35994873 0.63171592 0.35747774 0.54582354 0.37417353 0.54215991 0.37170238
0 1.00000000 0.27952399 0.97409295 0.28455981 0.97528543 0.29069459 1.00000000 0.28589057 1.00000000 0.27952399
0 0.92560783 0.29716765 0.92441520 0.29103209 0.89373974 0.29699479 0.89493238 0.30313036 0.92560783 0.29716765
0 0.76302603 0.32877035 0.76123716 0.31956740 0.72442614 0.32672274 0.72621501 0.33592569 0.76302603 0.32877035
0 0.71701206 0.33771456 0.71522318 0.32851161 0.64773671 0.34162965 0.64952558 0.35083260 0.71701206 0.33771456
0 0.51642660 0.37033704 0.51276297 0.36786589 0.48515490 0.37323236 0.48634754 0.37936792 0.49248231 0.37817544 0.49614594 0.38064659 0.52068662 0.37587636 0.51949399 0.36974080 0.51642660 0.37033704
0 0.52690807 0.35874898 0.52869694 0.36795192 0.63299522 0.34767839 0.63180274 0.34154362 0.60726206 0.34631384 0.60359749 0.34384206 0.52690807 0.35874898
0 1.00000000 0.26360593 0.97111145 0.26922130 0.97230408 0.27535686 1.00000000 0.26997332 1.00000000 0.26360593
0 0.92569450 0.28123274 0.92450203 0.27509797 0.89075839 0.28165707 0.89195087 0.28779184 0.92569450 0.28123274
0 0.51651264 0.35440307 0.51284901 0.35193192 0.48217355 0.35789463 0.48336603 0.36402940 0.49256820 0.36224068 0.49623183 0.36471183 0.51463773 0.36113409 0.51710888 0.35747046 0.51651264 0.35440307
0 1.00000000 0.24768869 0.96813010 0.25388357 0.96932273 0.26001913 1.00000000 0.25405607 1.00000000 0.24768869
0 0.64603387 0.31649273 0.64969750 0.31896388 0.71411659 0.30644208 0.71292411 0.30030730 0.64543763 0.31342534 0.64603387 0.31649273
0 0.72093443 0.29238287 0.72212706 0.29851843 0.75280330 0.29255557 0.75646693 0.29502672 0.79327795 0.28787138 0.79148908 0.27866843 0.72093443 0.29238287
0 0.62583988 0.31086738 0.62464740 0.30473260 0.52034912 0.32500613 0.52154160 0.33114091 0.62583988 0.31086738
0 0.69094125 0.28547899 0.68847025 0.28914341 0.64245628 0.29808762 0.64364876 0.30422239 0.71113524 0.29110435 0.70934637 0.28190140 0.69094125 0.28547899
0 0.82344399 0.26290717 0.82225136 0.25677161 0.71795307 0.27704514 0.71914571 0.28318070 0.82344399 0.26290717
0 0.61979036 0.29612604 0.61859773 0.28999048 0.51736762 0.30966762 0.51856025 0.31580318 0.61979036 0.29612604
0 0.44493821 0.33011385 0.51242469 0.31699581 0.51123206 0.31086025 0.44681297 0.32338205 0.44314934 0.32091090 0.44493821 0.33011385
0 0.70815388 0.27576663 0.70636501 0.26656367 0.65421627 0.27670036 0.65174512 0.28036399 0.63947478 0.28274910 0.64007102 0.28581649 0.66154431 0.28164251 0.66520809 0.28411444 0.70815388 0.27576663
0 0.82046248 0.24756866 0.81927000 0.24143388 0.71803990 0.26111102 0.71923238 0.26724580 0.82046248 0.24756866
0 0.51557890 0.30046545 0.61987718 0.28019192 0.61928094 0.27712453 0.61561637 0.27465275 0.51438627 0.29432989 0.51557890 0.30046545
0 0.44016799 0.30557318 0.44195686 0.31477612 0.50944333 0.30165808 0.50825070 0.29552252 0.46530491 0.30387034 0.46164128 0.30139919 0.44016799 0.30557318
0 0.63530079 0.26127581 0.63708966 0.27047876 0.70457614 0.25736072 0.70338366 0.25122594 0.68804593 0.25420730 0.68438215 0.25173536 0.63530079 0.26127581
0 0.95185863 0.20292730 0.95066600 0.19679174 0.91998976 0.20275460 0.92118239 0.20889016 0.95185863 0.20292730
0 0.51080867 0.27592477 0.51259739 0.28512694 0.58008387 0.27200889 0.57889139 0.26587412 0.56968922 0.26766284 0.56602559 0.26519169 0.51080867 0.27592477
0 0.50646183 0.28631957 0.50467311 0.27711740 0.43718663 0.29023545 0.43897535 0.29943761 0.50646183 0.28631957
0 1.00000000 0.17128494 0.95995498 0.17906890 0.96114762 0.18520446 1.00000000 0.17765232 1.00000000 0.17128494
0 0.94887728 0.18758958 0.94768464 0.18145401 0.91700840 0.18741687 0.91820103 0.19355243 0.94887728 0.18758958
0 0.81577830 0.20709401 0.81458566 0.20095845 0.71028817 0.22123182 0.71148080 0.22736739 0.81577830 0.20709401
0 0.63053057 0.23673513 0.63172320 0.24287069 0.63538683 0.24534184 0.69980592 0.23282004 0.70227785 0.22915626 0.70108522 0.22302070 0.63053057 0.23673513
0 1.00000000 0.15218441 0.95944478 0.16006754 0.96063726 0.16620232 0.97597499 0.16322097 0.97963940 0.16569196 1.00000000 0.16173426 1.00000000 0.15218441
0 0.94717444 0.16245265 0.91343081 0.16901175 0.91462329 0.17514653 0.93302919 0.17156878 0.93669282 0.17403993 0.94589577 0.17225106 0.94836692 0.16858743 0.94717444 0.16245265
0 0.69622832 0.21441492 0.69503569 0.20827936 0.62754921 0.22139740 0.62874185 0.22753297 0.69622832 0.21441492
0 0.50484582 0.24524853 0.50663469 0.25445148 0.60786479 0.23477434 0.60667232 0.22863956 0.56372652 0.23698738 0.56006274 0.23451545 0.50484582 0.24524853
0 0.44962889 0.25598161 0.44715790 0.25964603 0.42568461 0.26382001 0.42687709 0.26995479 0.49436435 0.25683659 0.49257547 0.24763364 0.44962889 0.25598161
0 0.74718522 0.19814252 0.74352081 0.19567153 0.70671058 0.20282671 0.70790321 0.20896227 0.72017276 0.20657731 0.72383717 0.20904831 0.80972955 0.19235252 0.80853692 0.18621696 0.74718522 0.19814252
0 0.69324682 0.19907641 0.69205434 0.19294163 0.62456786 0.20605968 0.62576034 0.21219445 0.69324682 0.19907641
0 0.60488344 0.21943661 0.60309457 0.21023366 0.50186446 0.22991080 0.50365333 0.23911375 0.60488344 0.21943661
0 0.42270310 0.24848150 0.42389573 0.25461706 0.49138300 0.24149886 0.48959412 0.23229591 0.42517503 0.24481772 0.42270310 0.24848150
0 0.80862296 0.17028299 0.79942001 0.17207186 0.79575638 0.16960071 0.70372922 0.18748898 0.70492170 0.19362376 0.73866455 0.18706481 0.74232818 0.18953596 0.80674805 0.17701401 0.80615181 0.17394662 0.80862296 0.17028299
0 1.00000000 0.12671649 0.95774194 0.13493062 0.95527080 0.13859425 0.95586703 0.14166164 1.00000000 0.13308306 1.00000000 0.12671649
0 0.87798513 0.15043378 0.87977385 0.15963594 0.88897601 0.15784722 0.89144795 0.15418344 0.94666408 0.14345051 0.94547160 0.13731573 0.87798513 0.15043378
0 0.60130570 0.20103071 0.60011322 0.19489593 0.49581572 0.21516931 0.49700820 0.22130409 0.60130570 0.20103071
0 0.48840164 0.22616113 0.48661277 0.21695818 0.41912551 0.23007638 0.42091438 0.23927933 0.48840164 0.22616113
0 0.80317046 0.15860889 0.80197783 0.15247333 0.70074772 0.17215047 0.70194035 0.17828603 0.80317046 0.15860889
0 0.67313886 0.17751708 0.62099012 0.18765377 0.62218275 0.19378934 0.62584638 0.19626048 0.69026547 0.18373868 0.68907298 0.17760391 0.67680343 0.17998887 0.67313886 0.17751708
0 1.00000000 0.11079843 0.95476044 0.11959211 0.95595307 0.12572767 1.00000000 0.11716582 1.00000000 0.11079843
0 0.94368273 0.12811278 0.94249010 0.12197722 0.87500362 0.13509526 0.87619626 0.14123083 0.94368273 0.12811278
0 0.49590176 0.19923534 0.49709424 0.20537012 0.59218957 0.18688546 0.59585320 0.18935661 0.59892058 0.18876037 0.59713187 0.17955820 0.49590176 0.19923534
0 0.48482390 0.20775523 0.48363142 0.20162046 0.41614416 0.21473865 0.41733664 0.22087343 0.48482390 0.20775523
0 0.80018910 0.14327116 0.79899647 0.13713560 0.69776637 0.15681274 0.69895900 0.16294830 0.80018910 0.14327116
0 0.62107615 0.17171981 0.61860516 0.17538422 0.61920140 0.17845161 0.68975605 0.16473717 0.68915981 0.16166978 0.68549524 0.15919800 0.62107615 0.17171981
0 1.00000000 0.09488118 0.95177909 0.10425438 0.95297172 0.11038994 1.00000000 0.10124857 1.00000000 0.09488118
0 0.87628229 0.12529686 0.94376955 0.11217866 0.94257692 0.10604310 0.87815705 0.11856506 0.87449342 0.11609391 0.87628229 0.12529686
0 0.49351649 0.18696422 0.49411288 0.19003239 0.59534299 0.17035525 0.59415036 0.16421969 0.48985287 0.18449307 0.49351649 0.18696422
0 0.48184255 0.19241750 0.48064991 0.18628194 0.41316265 0.19940014 0.41435528 0.20553570 0.48184255 0.19241750
0 0.68677454 0.14939866 0.68558206 0.14326388 0.61502741 0.15697832 0.61621989 0.16311309 0.68677454 0.14939866
0 0.69418877 0.13840762 0.69597749 0.14760979 0.80027499 0.12733641 0.79908251 0.12120163 0.70705457 0.13909005 0.70339094 0.13661890 0.69418877 0.13840762
0 1.00000000 0.07896394 0.95800068 0.08712778 0.95433706 0.08465663 0.95126888 0.08525303 0.95246136 0.09138780 0.94999022 0.09505143 1.00000000 0.08533051 1.00000000 0.07896394
0 0.87151207 0.10075618 0.87330079 0.10995834 0.94078805 0.09684015 0.93959557 0.09070537 0.89051421 0.10024582 0.88684980 0.09777482 0.87151207 0.10075618
0 0.59542982 0.15442113 0.59423718 0.14828557 0.48993890 0.16855910 0.49113153 0.17469466 0.59542982 0.15442113
0 0.47093754 0.16906931 0.46846561 0.17273309 0.41018130 0.18406241 0.41137393 0.19019797 0.47886119 0.17707977 0.47707232 0.16787683 0.47093754 0.16906931
0 1.00000000 0.06304588 0.94888362 0.07298190 0.95007625 0.07911746 1.00000000 0.06941327 1.00000000 0.06304588
0 0.86912680 0.08848505 0.87031943 0.09462062 0.93780670 0.08150242 0.93601783 0.07229947 0.87159795 0.08482142 0.86912680 0.08848505
0 0.76917536 0.09836379 0.76670422 0.10202742 0.76730046 0.10509480 0.77096408 0.10756595 0.80163954 0.10160325 0.79985082 0.09240108 0.76917536 0.09836379
0 0.46795619 0.15373158 0.40353632 0.16625353 0.40472880 0.17238831 0.41699914 0.17000320 0.42066355 0.17247419 0.47281230 0.16233750 0.47161982 0.15620273 0.46795619 0.15373158
0 0.79806195 0.08319813 0.79686932 0.07706257 0.69563921 0.09673971 0.69683184 0.10287527 0.79806195 0.08319813
0 0.68456150 0.10526038 0.68336887 0.09912482 0.61588239 0.11224286 0.61707502 0.11837842 0.68456150 0.10526038
0 1.00000000 0.03439467 0.94658533 0.04477744 0.94777796 0.05091300 1.00000000 0.04076206 1.00000000 0.03439467
0 0.93550762 0.05329811 0.93431499 0.04716255 0.86989512 0.05968451 0.87108775 0.06582007 0.93550762 0.05329811
0 0.59253435 0.12314865 0.59074547 0.11394570 0.52325821 0.12706389 0.52504708 0.13626684 0.59253435 0.12314865
0 0.79508060 0.06786040 0.79388796 0.06172484 0.69265786 0.08140198 0.69385049 0.08753754 0.79508060 0.06786040
0 0.68158015 0.08992265 0.68038752 0.08378709 0.61290104 0.09690513 0.61409367 0.10304070 0.68158015 0.08992265
0 1.00000000 0.01847743 0.94360397 0.02943971 0.94420022 0.03250710 0.94786400 0.03497903 1.00000000 0.02484482 1.00000000 0.01847743
0 0.86810639 0.05048234 0.93252627 0.03796038 0.93499726 0.03429597 0.93440102 0.03122858 0.86691376 0.04434677 0.86810639 0.05048234
0 0.58955299 0.10781092 0.58776412 0.09860797 0.52027686 0.11172617 0.52206573 0.12092912 0.58955299 0.10781092
0 0.76755841 0.05729211 0.76636593 0.05115734 0.69887946 0.06427538 0.70007193 0.07041016 0.76755841 0.05729211
0 0.60932342 0.07849986 0.61051596 0.08463495 0.65652993 0.07569074 0.66019353 0.07816173 0.67859864 0.07458414 0.67680989 0.06538182 0.60932342 0.07849986
0 0.51729548 0.09638828 0.51848802 0.10252337 0.53382653 0.09954187 0.53749013 0.10201286 0.58657149 0.09247241 0.58478274 0.08327008 0.51729548 0.09638828
0 0.99679234 0.00000000 0.94309369 0.01043796 0.94488252 0.01964067 1.00000000 0.00892692 1.00000000 0.00000000 0.99679234 0.00000000
0 0.91608191 0.01887205 0.91241745 0.01640082 0.86333609 0.02594127 0.86452865 0.03207644 0.87986716 0.02909493 0.88353082 0.03156624 0.93261218 0.02202579 0.93141964 0.01589070 0.91608191 0.01887205
0 0.69530179 0.04586987 0.69709061 0.05507258 0.76457709 0.04195454 0.76338455 0.03581945 0.72350614 0.04357103 0.71984247 0.04109964 0.69530179 0.04586987
0 0.67502105 0.05617902 0.67382850 0.05004385 0.60634202 0.06316190 0.60753458 0.06929707 0.67502105 0.05617902
0 0.91490396 0.00000000 0.86035469 0.01060330 0.86154727 0.01673855 0.93210192 0.00302412 0.93151409 0.00000000 0.91490396 0.00000000
0 0.76159571 0.02661666 0.75980687 0.01741386 0.69232039 0.03053190 0.69410923 0.03973470 0.76159571 0.02661666
0 0.60395691 0.05089156 0.60455319 0.05395918 0.67203967 0.04084114 0.67084710 0.03470589 0.60029323 0.04842017 0.60395691 0.05089156
0 0.68561750 0.00000000 0.64034365 0.00880034 0.64213248 0.01800306 0.73475018 0.00000000 0.70199492 0.00000000 0.69002128 0.00232744 0.68657090 0.00000000 0.68561750 0.00000000
0 0.61213930 0.01109918 0.61094674 0.00496402 0.50664846 0.02523755 0.50784102 0.03137272 0.61213930 0.01109918
0 0.28750000 0.45000000 0.10617696 0.45000000 0.19676551 0.56002523 0.28750000 0.50443175 0.28750000 0.45000000
0 0.85821884 0.79120767 0.96202124 0.69632357 0.94838879 0.67859912 0.84067705 0.77084633 0.85821884 0.79120767
