0 0.49278903 0.19089111 0.44018083 0.17831729 0.43335864 0.20843011 0.48596683 0.22100393 0.49278903 0.19089111
0 1.00000000 0.38434007 0.89455322 0.38272963 0.89494966 0.39832116 0.87971476 0.39618003 0.87868605 0.42192928 0.86599110 0.42014512 0.86603057 0.43827659 0.94652948 0.43664185 0.94831363 0.42394690 0.99727185 0.42564973 0.99548769 0.43834468 1.00000000 0.43839563 1.00000000 0.38434007
0 0.35769713 0.74310800 0.35669355 0.75024890 0.40906319 0.75760898 0.40939772 0.75522868 0.41211316 0.75318299 0.41244769 0.75080269 0.35769713 0.74310800
0 0.34307959 0.74348096 0.34374865 0.73872036 0.29137901 0.73136029 0.29070995 0.73612088 0.34307959 0.74348096
0 0.19820669 0.72069308 0.20025246 0.72340791 0.27880784 0.73444815 0.27947690 0.72968755 0.19854122 0.71831279 0.19820669 0.72069308
0 0.16521520 0.71362912 0.19139971 0.71730911 0.19173433 0.71492820 0.18968856 0.71221337 0.16588434 0.70886791 0.16521520 0.71362912
0 0.41412050 0.73889998 0.35936995 0.73120529 0.35870081 0.73596650 0.39202683 0.74065016 0.39407321 0.74336508 0.41073592 0.74570687 0.41140498 0.74094627 0.41412050 0.73889998
0 0.34475232 0.73157885 0.34542147 0.72681764 0.29305182 0.71945757 0.29238268 0.72421878 0.34475232 0.73157885
0 0.19954490 0.71117128 0.28048057 0.72254604 0.28114972 0.71778483 0.27910334 0.71506992 0.20054857 0.70402977 0.19954490 0.71117128
0 0.19307253 0.70540639 0.19374159 0.70064580 0.16755707 0.69696580 0.16688802 0.70172640 0.19307253 0.70540639
0 0.48006499 0.73603067 0.47973037 0.73841158 0.50353519 0.74175713 0.50558097 0.74447196 0.53176609 0.74815204 0.53243524 0.74339083 0.48006499 0.73603067
0 0.41274318 0.73142446 0.41341233 0.72666325 0.36104269 0.71930318 0.36037354 0.72406439 0.41274318 0.73142446
0 0.34642505 0.71967674 0.34709420 0.71491553 0.29472456 0.70755546 0.29405541 0.71231667 0.34642505 0.71967674
0 0.58894231 0.74647775 0.57119153 0.74398304 0.57052247 0.74874364 0.58894231 0.75133238 0.58894231 0.74647775
0 0.20222130 0.69212766 0.20121763 0.69926917 0.27977239 0.71030932 0.28248792 0.70826303 0.28282245 0.70588273 0.28077607 0.70316781 0.20222130 0.69212766
0 0.19474526 0.69350429 0.19541441 0.68874308 0.16922989 0.68506308 0.16856075 0.68982429 0.19474526 0.69350429
0 0.53444250 0.72910842 0.48445255 0.72208279 0.48378349 0.72684339 0.49330591 0.72818168 0.49535168 0.73089651 0.53581921 0.73658385 0.53648827 0.73182325 0.53444250 0.72910842
0 0.35557391 0.70639740 0.35523938 0.70877770 0.43617506 0.72015246 0.43684411 0.71539187 0.35828874 0.70435163 0.35557391 0.70639740
0 0.34809787 0.70777402 0.34876693 0.70301343 0.29639729 0.69565335 0.29572823 0.70041395 0.34809787 0.70777402
0 0.20422865 0.67784464 0.20355950 0.68260585 0.27973397 0.69331148 0.28177974 0.69602630 0.28449518 0.69398062 0.28516432 0.68921941 0.20422865 0.67784464
0 0.58894231 0.72705799 0.55006311 0.72159388 0.54905944 0.72873538 0.58894231 0.73434056 0.58894231 0.72705799
0 0.48612537 0.71018008 0.48512169 0.71732159 0.53749194 0.72468175 0.53816100 0.71992114 0.50007377 0.71456833 0.49802808 0.71185289 0.48612537 0.71018008
0 0.43784779 0.70825036 0.43851693 0.70348915 0.35758126 0.69211438 0.35691211 0.69687559 0.43784779 0.70825036
0 0.32697006 0.68538494 0.30078494 0.68170486 0.29807011 0.68375063 0.29740096 0.68851184 0.34977060 0.69587192 0.35043975 0.69111071 0.32901583 0.68809977 0.32697006 0.68538494
0 0.17123715 0.67078068 0.19742167 0.67446067 0.19809081 0.66969946 0.19604504 0.66698463 0.17224083 0.66363917 0.17123715 0.67078068
0 0.21575772 0.66490044 0.20623591 0.66356224 0.20523232 0.67070313 0.28616800 0.68207790 0.28650253 0.67969760 0.28445615 0.67698269 0.21780349 0.66761527 0.21575772 0.66490044
0 0.58894231 0.71492080 0.55173584 0.70969177 0.55106678 0.71445237 0.58894231 0.71977543 0.58894231 0.71492080
0 0.51331408 0.70671926 0.51398322 0.70195805 0.49017900 0.69861258 0.48950986 0.70337379 0.51331408 0.70671926
0 0.38715027 0.68898809 0.38815394 0.68184658 0.35958852 0.67783197 0.35858484 0.68497348 0.38715027 0.68898809
0 0.35144334 0.68396981 0.35244701 0.67682830 0.30007737 0.66946823 0.29907369 0.67660974 0.35144334 0.68396981
0 0.19738325 0.65746282 0.19533748 0.65474800 0.17391356 0.65173706 0.17324442 0.65649827 0.17800501 0.65716733 0.18005079 0.65988216 0.19909440 0.66255856 0.19976355 0.65779735 0.19738325 0.65746282
0 0.20790873 0.65165952 0.20690506 0.65880103 0.28784073 0.67017579 0.28850979 0.66541519 0.26946617 0.66273879 0.26741988 0.66002326 0.20790873 0.65165952
0 0.58894231 0.70278298 0.55340866 0.69778905 0.55273951 0.70255026 0.58894231 0.70763823 0.58894231 0.70278298
0 0.51736781 0.69515115 0.51803686 0.69039056 0.49185174 0.68671048 0.49118268 0.69147107 0.51736781 0.69515115
0 0.20143628 0.64589525 0.19939051 0.64318042 0.17558629 0.63983495 0.17491723 0.64459555 0.18205813 0.64559914 0.18410390 0.64831397 0.19838692 0.65032131 0.20110175 0.64827554 0.20143628 0.64589525
0 0.58894231 0.69064579 0.55508139 0.68588694 0.55441225 0.69064815 0.58894231 0.69550104 0.58894231 0.69064579
0 0.30513407 0.65075914 0.30717984 0.65347397 0.35716919 0.66049951 0.35783825 0.65573891 0.30546860 0.64837884 0.30513407 0.65075914
0 0.36564890 0.65198138 0.36497975 0.65674259 0.38878458 0.66008813 0.39083035 0.66280296 0.41939577 0.66681757 0.42039945 0.65967606 0.36564890 0.65198138
0 0.29185534 0.64161037 0.29252440 0.63684977 0.21158872 0.62547500 0.21091966 0.63023560 0.29185534 0.64161037
0 0.34556318 0.63944863 0.34284827 0.64149501 0.30714133 0.63647673 0.30647228 0.64123733 0.35884192 0.64859740 0.35984559 0.64145589 0.34556318 0.63944863
0 0.44758816 0.65621525 0.44825731 0.65145404 0.36732163 0.64007927 0.36665249 0.64484048 0.44758816 0.65621525
0 0.29114716 0.62937365 0.29181631 0.62461244 0.21326154 0.61357228 0.21259240 0.61833349 0.29114716 0.62937365
0 0.15546155 0.61030428 0.20783119 0.61766435 0.20850033 0.61290314 0.15851099 0.60587760 0.15646522 0.60316277 0.15546155 0.61030428
0 0.36051465 0.63669530 0.36151832 0.62955379 0.32105079 0.62386644 0.31833596 0.62591222 0.30881415 0.62457401 0.30847962 0.62695431 0.32514294 0.62929619 0.32718863 0.63201163 0.36051465 0.63669530
0 0.44926098 0.64431253 0.44993004 0.63955193 0.37137527 0.62851178 0.37070621 0.63327237 0.44926098 0.64431253
0 0.21426513 0.60643138 0.29520080 0.61780615 0.29553533 0.61542585 0.29348904 0.61271033 0.21493427 0.60167018 0.21426513 0.60643138
0 0.15813795 0.59126066 0.15713428 0.59840217 0.20950392 0.60576224 0.21017306 0.60100103 0.17684704 0.59631737 0.17480127 0.59360254 0.15813795 0.59126066
0 0.31115603 0.60791070 0.31015236 0.61505220 0.36252200 0.62241228 0.36319106 0.61765168 0.35128895 0.61597895 0.34924326 0.61326351 0.31115603 0.60791070
0 0.55600813 0.64475035 0.55667728 0.63998914 0.53287245 0.63664359 0.53220331 0.64140480 0.55600813 0.64475035
0 0.21694153 0.58738777 0.21593794 0.59452867 0.26830759 0.60188874 0.26897665 0.59712814 0.26183575 0.59612455 0.25978998 0.59340972 0.21694153 0.58738777
0 0.21117674 0.59385952 0.21218032 0.58671863 0.15981068 0.57935855 0.15880710 0.58649945 0.21117674 0.59385952
0 0.58894231 0.63238650 0.56787182 0.62942524 0.56720267 0.63418645 0.58894231 0.63724175 0.58894231 0.63238650
0 0.55768086 0.63284824 0.55835001 0.62808703 0.53454518 0.62474149 0.53387604 0.62950269 0.55768086 0.63284824
0 0.45599042 0.61370133 0.45665956 0.60894012 0.37572450 0.59756544 0.37505535 0.60232665 0.45599042 0.61370133
0 0.31383244 0.58886708 0.31316329 0.59362829 0.31520906 0.59634312 0.36519840 0.60336866 0.36791384 0.60132298 0.36858299 0.59656177 0.31383244 0.58886708
0 0.58894231 0.61782199 0.57225938 0.61547736 0.57159032 0.62023796 0.58349243 0.62191069 0.58553881 0.62462561 0.58894231 0.62510394 0.58894231 0.61782199
0 0.56273757 0.61413916 0.53655244 0.61045908 0.53588338 0.61521968 0.55016640 0.61722702 0.55221217 0.61994185 0.55935368 0.62094553 0.56206851 0.61889975 0.56273757 0.61413916
0 0.36720566 0.58908625 0.36787481 0.58432505 0.31550517 0.57696497 0.31483602 0.58172618 0.36720566 0.58908625
0 0.22028708 0.56358294 0.21928341 0.57072445 0.29783818 0.58176460 0.29850724 0.57700400 0.26518121 0.57232034 0.26313553 0.56960490 0.22028708 0.56358294
0 0.17743864 0.55756099 0.17472373 0.55960737 0.15806041 0.55726549 0.15739135 0.56202609 0.20976160 0.56938625 0.21076528 0.56224474 0.17743864 0.55756099
0 0.40834295 0.59001247 0.40629657 0.58729756 0.37773175 0.58328303 0.37706261 0.58804424 0.38658381 0.58938236 0.38863019 0.59209727 0.45528285 0.60146469 0.45595199 0.59670349 0.40834295 0.59001247
0 0.36887848 0.57718354 0.36954754 0.57242294 0.31717790 0.56506286 0.31650884 0.56982346 0.36887848 0.57718354
0 0.29951091 0.56986250 0.30051458 0.56272099 0.22195981 0.55168083 0.22095614 0.55882234 0.29951091 0.56986250
0 0.15973323 0.54536277 0.15906408 0.55012398 0.21143433 0.55748414 0.21243801 0.55034263 0.16244867 0.54331709 0.15973323 0.54536277
0 0.46000502 0.58513591 0.45286352 0.58413223 0.45081775 0.58141740 0.37940449 0.57138093 0.37873543 0.57614152 0.40491994 0.57982152 0.40696572 0.58253635 0.45695567 0.58956198 0.45729019 0.58718168 0.46000502 0.58513591
0 0.58894231 0.59840223 0.57731608 0.59676827 0.57460125 0.59881404 0.57426673 0.60119434 0.58894231 0.60325686 0.58894231 0.59840223
0 0.51542463 0.58807000 0.51442105 0.59521089 0.52156194 0.59621448 0.52427738 0.59416880 0.56712522 0.60019067 0.56779427 0.59543007 0.51542463 0.58807000
0 0.30151826 0.55557948 0.30218731 0.55081888 0.22125225 0.53944420 0.22058319 0.54420480 0.30151826 0.55557948
0 0.21310707 0.54558203 0.21411074 0.53844052 0.16174049 0.53108037 0.16073681 0.53822187 0.21310707 0.54558203
0 0.45896293 0.57527957 0.45963207 0.57051836 0.38107731 0.55947821 0.38040816 0.56423942 0.45896293 0.57527957
0 0.35965278 0.55646719 0.31918525 0.55077985 0.31851610 0.55554106 0.32056187 0.55825588 0.37055121 0.56528143 0.37122027 0.56052083 0.36169907 0.55918271 0.35965278 0.55646719
0 0.58894231 0.58626441 0.57898890 0.58486555 0.57831976 0.58962676 0.58894231 0.59111966 0.58894231 0.58626441
0 0.56879795 0.58828856 0.56946709 0.58352735 0.51709745 0.57616728 0.51642831 0.58092849 0.56879795 0.58828856
0 0.22530528 0.52787662 0.22463622 0.53263722 0.29843039 0.54300831 0.30047616 0.54572314 0.30285646 0.54605767 0.30386005 0.53891677 0.22530528 0.52787662
0 0.21511441 0.53129901 0.21578347 0.52653842 0.16341322 0.51917826 0.16274416 0.52393886 0.21511441 0.53129901
0 0.46063566 0.56337746 0.46130481 0.55861625 0.38275004 0.54757610 0.38208089 0.55233731 0.46063566 0.56337746
0 0.32323828 0.53921227 0.32052336 0.54125865 0.32018883 0.54363895 0.37493938 0.55133363 0.37527391 0.54895333 0.37322762 0.54623781 0.32323828 0.53921227
0 0.58894231 0.57412722 0.58066163 0.57296344 0.57999249 0.57772465 0.58894231 0.57898247 0.58894231 0.57412722
0 0.52048134 0.56936091 0.57285159 0.57672107 0.57352073 0.57195986 0.52353078 0.56493423 0.52148501 0.56221940 0.52048134 0.56936091
0 0.22664357 0.51835420 0.22630895 0.52073511 0.30486372 0.53177526 0.30553287 0.52701405 0.22459780 0.51563937 0.22664357 0.51835420
0 0.21678715 0.51939691 0.21745629 0.51463570 0.16508604 0.50727554 0.16441689 0.51203675 0.21678715 0.51939691
0 0.37661220 0.53943092 0.37728126 0.53467032 0.32253071 0.52697563 0.32186165 0.53173623 0.37661220 0.53943092
0 0.38475730 0.53329369 0.38375371 0.54043459 0.46468878 0.55180927 0.46535784 0.54704867 0.39394397 0.53701211 0.39189820 0.53429728 0.38475730 0.53329369
0 0.58894231 0.56135694 0.58743010 0.55935018 0.58504919 0.55901557 0.58438014 0.56377617 0.58166531 0.56582194 0.58894231 0.56684465 0.58894231 0.56135694
0 0.52315775 0.55031729 0.52215416 0.55745819 0.57452441 0.56481835 0.57519347 0.56005775 0.53710623 0.55470494 0.53505985 0.55199002 0.52315775 0.55031729
0 0.30891736 0.52020777 0.30958651 0.51544656 0.22865083 0.50407179 0.22798169 0.50883300 0.30891736 0.52020777
0 0.21470295 0.49968423 0.21198751 0.50172992 0.16675877 0.49537343 0.16608963 0.50013464 0.21845988 0.50749480 0.21946355 0.50035329 0.21470295 0.49968423
0 0.52449603 0.54079487 0.52382689 0.54555608 0.57619714 0.55291624 0.57720081 0.54577473 0.52721086 0.53874910 0.52449603 0.54079487
0 0.44932515 0.52294835 0.44661032 0.52499412 0.44627580 0.52737442 0.44832157 0.53008925 0.47212578 0.53343471 0.47312937 0.52629381 0.44932515 0.52294835
0 0.21637569 0.48778212 0.16638573 0.48075649 0.16571668 0.48551709 0.17523848 0.48685530 0.17728486 0.48957021 0.21775240 0.49525755 0.21842145 0.49049695 0.21637569 0.48778212
0 0.47413305 0.51915231 0.47480219 0.51439110 0.39624742 0.50335094 0.39557828 0.50811215 0.47413305 0.51915231
0 0.38605647 0.50677395 0.38672561 0.50201274 0.33435597 0.49465267 0.33368683 0.49941388 0.38605647 0.50677395
0 0.58158838 0.53182685 0.58225752 0.52706564 0.53226757 0.52004002 0.53159842 0.52480122 0.58158838 0.53182685
0 0.31464321 0.49673747 0.31564688 0.48959596 0.26327663 0.48223581 0.26227296 0.48937731 0.31464321 0.49673747
0 0.47580578 0.50725020 0.47647492 0.50248899 0.39792015 0.49144884 0.39725101 0.49621005 0.47580578 0.50725020
0 0.38772920 0.49487184 0.38839835 0.49011063 0.33602870 0.48275056 0.33535956 0.48751177 0.38772920 0.49487184
0 0.53327116 0.51289912 0.58326111 0.51992475 0.58597602 0.51787837 0.58631055 0.51549807 0.53394030 0.50813791 0.53327116 0.51289912
0 0.31631594 0.48483537 0.31731962 0.47769386 0.26494937 0.47033370 0.26394569 0.47747521 0.31631594 0.48483537
0 0.45843498 0.49267107 0.45910404 0.48791048 0.40673439 0.48055040 0.40606534 0.48531100 0.45843498 0.49267107
0 0.33803598 0.46846803 0.33736689 0.47322887 0.37307382 0.47824716 0.37511961 0.48096187 0.38940202 0.48296912 0.39040562 0.47582811 0.33803598 0.46846803
0 0.26652329 0.45913462 0.26595302 0.46319231 0.27785574 0.46486513 0.27990153 0.46757984 0.31798876 0.47293265 0.31899237 0.46579162 0.27162528 0.45913462 0.26652329 0.45913462
0 0.57608119 0.50192310 0.57403484 0.49920801 0.53594761 0.49385519 0.53527850 0.49861610 0.54718122 0.50028892 0.54922697 0.50300387 0.58731421 0.50835668 0.58798330 0.50359584 0.57608119 0.50192310
0 0.40874170 0.46626769 0.40773805 0.47340902 0.46010769 0.48076909 0.46077679 0.47600825 0.42983106 0.47165911 0.42778532 0.46894410 0.40874170 0.46626769
0 0.33934771 0.45913462 0.33903964 0.46132664 0.39140928 0.46868672 0.39207838 0.46392581 0.35798723 0.45913462 0.33934771 0.45913462
0 0.58894231 0.48916573 0.53762036 0.48195290 0.53695125 0.48671387 0.58894231 0.49402074 0.58894231 0.48916573
0 0.40974419 0.45913462 0.40941080 0.46150679 0.46178044 0.46886686 0.46278410 0.46172547 0.44434919 0.45913462 0.40974419 0.45913462
0 0.58894231 0.47702841 0.53929311 0.47005067 0.53862401 0.47481158 0.58894231 0.48188335 0.58894231 0.47702841
0 0.58894231 0.45913462 0.58894231 0.78071135 0.68462978 0.76013431 0.63116357 0.45913462 0.58894231 0.45913462
