0 0.23521441 0.34117724 0.27293283 0.34281947 0.27394530 0.32676945 0.23622688 0.32512721 0.23521441 0.34117724
0 0.33886087 0.10785432 0.13691974 0.09579253 0.13527403 0.12188069 0.33731805 0.13231150 0.33886087 0.10785432
0 0.74577075 0.39142176 0.74031618 0.37566582 0.73069729 0.38815557 0.73634515 0.40342328 0.74577075 0.39142176
0 0.75720510 0.37817303 0.75205154 0.36252024 0.74245955 0.37335466 0.74777559 0.38878524 0.75720510 0.37817303
0 0.76609612 0.36820605 0.76721570 0.37081287 0.76385351 0.37464419 0.76813907 0.38805482 0.77774417 0.37583823 0.77077781 0.35678525 0.76652619 0.36141918 0.76762044 0.36568146 0.76609612 0.36820605
0 0.75173900 0.40818800 0.74858556 0.39849799 0.73938628 0.41002268 0.74279336 0.42007846 0.75173900 0.40818800
0 0.76311483 0.39547345 0.76014141 0.38556841 0.75126950 0.39554180 0.75467504 0.40559651 0.76311483 0.39547345
0 0.76795956 0.40824449 0.76459735 0.39903756 0.75569722 0.40927815 0.75858803 0.41832340 0.76795956 0.40824449
0 0.75655445 0.42122706 0.75307128 0.41170011 0.74432376 0.42338093 0.74730836 0.43301257 0.75655445 0.42122706
0 0.76827774 0.45385326 0.75946150 0.42888952 0.75032282 0.43988023 0.75911943 0.46483751 0.76827774 0.45385326
0 0.77998385 0.44097477 0.77119635 0.41574389 0.76187578 0.42556236 0.77094207 0.45088969 0.77998385 0.44097477
0 0.78844009 0.40644479 0.78022925 0.38307752 0.77085510 0.39481957 0.77907303 0.41791120 0.78844009 0.40644479
0 0.80053837 0.39425743 0.79232753 0.37089016 0.78273782 0.38033772 0.79110442 0.40348121 0.80053837 0.39425743
0 0.79983365 0.43923406 0.79119246 0.41266681 0.78191209 0.42499617 0.79082558 0.45027032 0.79983365 0.43923406
0 0.81174799 0.42587335 0.80293176 0.40090961 0.79391631 0.41083347 0.80255650 0.43573631 0.81174799 0.42587335
0 0.82290560 0.48981481 0.83131477 0.47952018 0.81459206 0.43268249 0.80519095 0.44330476 0.82153557 0.48981481 0.82290560 0.48981481
0 0.80704194 0.45892616 0.80279870 0.44636230 0.79363799 0.45762262 0.79791736 0.47103082 0.80704194 0.45892616
0 0.77439474 0.48981481 0.77948344 0.48408081 0.77094231 0.46087747 0.76157525 0.47234388 0.76800044 0.48981481 0.77439474 0.48981481
0 0.79115974 0.47147028 0.78282792 0.44778391 0.77348014 0.45787059 0.78175950 0.48181540 0.79115974 0.47147028
0 0.81822205 0.48981481 0.80876695 0.46312853 0.80292853 0.46943377 0.80469116 0.47614586 0.80145819 0.48029982 0.80496185 0.48981481 0.81822205 0.48981481
0 0.79785833 0.48981481 0.79373259 0.47790830 0.78426592 0.48767607 0.78502214 0.48981481 0.79785833 0.48981481
0 0.57472061 0.76952341 0.56358727 0.85586902 0.57732597 0.85649207 0.58649612 0.77005743 0.57472061 0.76952341
0 0.32138453 0.92321978 0.40371019 0.92865674 0.40443020 0.91676821 0.32210445 0.91133284 0.32138453 0.92321978
0 0.35294919 0.75946605 0.46657402 0.76802432 0.46749971 0.75273974 0.35387488 0.74418147 0.35294919 0.75946605
0 0.70661019 0.97065751 0.70492540 0.97254327 0.70332410 0.97243895 0.70307238 0.97840961 0.69970280 0.98218113 0.69961888 0.98417169 0.69624889 0.98794318 0.69616497 0.98993374 0.69448018 0.99181950 0.70088416 0.99223671 0.70256895 0.99035095 0.70417025 0.99045527 0.70425417 0.98846471 0.70593896 0.98657895 0.70753985 0.98668324 0.70770767 0.98270263 0.71107725 0.97893111 0.71124504 0.97495101 0.71293026 0.97306477 0.71301416 0.97107471 0.71469895 0.96918896 0.71629984 0.96929325 0.71646766 0.96531264 0.71815286 0.96342690 0.71975375 0.96353120 0.71992155 0.95955110 0.71191628 0.95902957 0.71174848 0.96300968 0.71006369 0.96489543 0.70846280 0.96479114 0.70837890 0.96678119 0.70669409 0.96866746 0.70661019 0.97065751
0 0.72354287 0.94980840 0.72522766 0.94792265 0.72682896 0.94802697 0.72691286 0.94603691 0.73028246 0.94226489 0.73036636 0.94027484 0.73373637 0.93650284 0.73382027 0.93451279 0.72581500 0.93399126 0.72076061 0.93964904 0.72067671 0.94163910 0.71730670 0.94541110 0.71705500 0.95138125 0.72345897 0.95179845 0.72354287 0.94980840
0 0.74544684 0.92529213 0.74527902 0.92927274 0.74359382 0.93115847 0.74199293 0.93105418 0.74190903 0.93304423 0.74022424 0.93492999 0.73997252 0.94090065 0.73828732 0.94278639 0.73820340 0.94477695 0.73651861 0.94666271 0.73643471 0.94865276 0.73306514 0.95242427 0.73146425 0.95231998 0.73129643 0.95630059 0.73609910 0.95661348 0.73913347 0.96080271 0.73744827 0.96268844 0.72944341 0.96216694 0.72935951 0.96415699 0.72598993 0.96792851 0.72590601 0.96991907 0.72422081 0.97180480 0.72101903 0.97159621 0.72059951 0.98154698 0.71722991 0.98531901 0.71714601 0.98730906 0.71209121 0.99296682 0.76172168 0.99620013 0.76340688 0.99431439 0.76349081 0.99232383 0.76854561 0.98666608 0.76862950 0.98467602 0.77031429 0.98279027 0.77048209 0.97881016 0.76567901 0.97849725 0.76416204 0.97640240 0.75935896 0.97608949 0.75784197 0.97399514 0.75792587 0.97200509 0.75312279 0.97169218 0.75160582 0.96959732 0.74520184 0.96918012 0.74368485 0.96708577 0.74376875 0.96509572 0.74545354 0.96320996 0.75025621 0.96352285 0.75177361 0.96561722 0.75497540 0.96582581 0.75649280 0.96792018 0.76129547 0.96823306 0.76432984 0.97242229 0.77233470 0.97294379 0.77241862 0.97095323 0.77915819 0.96341022 0.77924211 0.96141966 0.78092690 0.95953390 0.78101080 0.95754385 0.78269602 0.95565761 0.78429691 0.95576190 0.78438081 0.95377185 0.78606560 0.95188609 0.78614950 0.94989604 0.78783429 0.94801028 0.78808601 0.94203961 0.79145602 0.93826762 0.79153992 0.93627757 0.79490950 0.93250605 0.79507732 0.92852544 0.79187554 0.92831685 0.79035813 0.92622247 0.78715635 0.92601389 0.78563938 0.92391903 0.78403849 0.92381473 0.78252109 0.92172036 0.77611712 0.92130316 0.77460013 0.91920881 0.77476793 0.91522871 0.77156615 0.91502012 0.77004877 0.91292524 0.76364479 0.91250803 0.76212780 0.91041369 0.75412294 0.90989219 0.75243774 0.91177792 0.75235382 0.91376848 0.75066903 0.91565424 0.75033341 0.92361496 0.74864862 0.92550071 0.74544684 0.92529213
0 0.72960453 0.92026849 0.73112150 0.92236335 0.73272280 0.92246767 0.73423979 0.92456201 0.73432369 0.92257196 0.73600850 0.92068569 0.73609240 0.91869564 0.73777719 0.91680988 0.73786109 0.91481983 0.73954588 0.91293407 0.73802891 0.91083922 0.73642802 0.91073492 0.73491102 0.90864058 0.73482712 0.91063063 0.73314231 0.91251690 0.73305841 0.91450695 0.73137321 0.91639268 0.73128932 0.91838273 0.72960453 0.92026849
0 0.74476850 0.90329570 0.74645369 0.90140997 0.74805459 0.90151426 0.74822238 0.89753416 0.74021711 0.89701264 0.74013321 0.89900269 0.73676363 0.90277420 0.73516274 0.90266991 0.73507884 0.90465996 0.74468460 0.90528575 0.74476850 0.90329570
0 0.71131554 0.89712529 0.70963075 0.89901104 0.70954686 0.90100110 0.70617684 0.90477309 0.70609294 0.90676315 0.70440815 0.90864891 0.70432423 0.91063947 0.70263944 0.91252522 0.70255555 0.91451528 0.69918556 0.91828677 0.69910164 0.92027733 0.69741685 0.92216309 0.69733295 0.92415314 0.69564814 0.92603941 0.69556424 0.92802946 0.69387945 0.92991522 0.69379555 0.93190527 0.69211035 0.93379100 0.69185863 0.93976167 0.69017382 0.94164793 0.69008992 0.94363799 0.68840513 0.94552375 0.68832123 0.94751380 0.68495122 0.95128580 0.68486732 0.95327585 0.68318253 0.95516161 0.68309861 0.95715217 0.67972903 0.96092368 0.67964513 0.96291374 0.67795993 0.96479947 0.67787601 0.96679003 0.67450643 0.97056155 0.67442251 0.97255211 0.67273731 0.97443784 0.67265341 0.97642789 0.66928384 0.98019941 0.66919992 0.98218997 0.66751512 0.98407573 0.66743123 0.98606578 0.66574641 0.98795205 0.66566251 0.98994210 0.67526827 0.99056789 0.67535217 0.98857784 0.67703698 0.98669157 0.67712088 0.98470152 0.68049089 0.98092952 0.68057479 0.97893947 0.68225958 0.97705371 0.68234348 0.97506366 0.68571308 0.97129163 0.68579698 0.96930158 0.68748218 0.96741585 0.68756610 0.96542529 0.68925089 0.96353953 0.68933478 0.96154948 0.69270477 0.95777799 0.69278869 0.95578743 0.69447348 0.95390167 0.69455738 0.95191161 0.69624219 0.95002535 0.69632609 0.94803530 0.69801088 0.94614954 0.69809478 0.94415948 0.70146479 0.94038749 0.70154869 0.93839743 0.70323348 0.93651167 0.70331740 0.93452111 0.70500219 0.93263536 0.70508609 0.93064530 0.70845608 0.92687381 0.70854000 0.92488325 0.71022479 0.92299749 0.71030869 0.92100744 0.71199350 0.91912117 0.71207740 0.91713112 0.71376219 0.91524536 0.71384609 0.91325531 0.71721610 0.90948331 0.71730000 0.90749326 0.71898479 0.90560750 0.71906871 0.90361694 0.72075391 0.90173121 0.72083781 0.89974116 0.72252260 0.89785540 0.72260650 0.89586535 0.72597610 0.89209332 0.72606000 0.89010327 0.72774481 0.88821700 0.72782871 0.88622695 0.71662206 0.88549686 0.71493686 0.88738259 0.71485294 0.88937315 0.71316815 0.89125891 0.71308425 0.89324897 0.71139944 0.89513523 0.71131554 0.89712529
0 0.61355064 0.77899997 0.61018086 0.78277147 0.61178187 0.78287577 0.61329895 0.78497012 0.61650093 0.78517873 0.61801802 0.78727359 0.62282098 0.78758649 0.62433810 0.78968084 0.62754004 0.78988944 0.62905695 0.79198379 0.63225914 0.79219240 0.63377611 0.79428726 0.63697830 0.79449587 0.64034791 0.79072385 0.64043180 0.78873379 0.64717139 0.78119028 0.64725529 0.77920023 0.65399490 0.77165620 0.65407880 0.76966615 0.65744879 0.76589466 0.65753269 0.76390461 0.65593139 0.76380029 0.65441442 0.76170543 0.64961175 0.76139255 0.64809435 0.75929817 0.64489257 0.75908959 0.64337517 0.75699521 0.64017339 0.75678663 0.63865642 0.75469177 0.63545422 0.75448315 0.63393723 0.75238881 0.63233634 0.75228451 0.62559667 0.75982802 0.62551275 0.76181859 0.62045805 0.76747584 0.62037415 0.76946589 0.61363454 0.77700991 0.61355064 0.77899997
0 0.77018933 0.75727427 0.76513496 0.76293155 0.77313983 0.76345304 0.77465680 0.76554790 0.77457290 0.76753795 0.78257776 0.76805945 0.78594777 0.76428745 0.78603167 0.76229740 0.78940125 0.75852588 0.78948515 0.75653583 0.79285516 0.75276383 0.79293906 0.75077378 0.79799345 0.74511600 0.79807735 0.74312594 0.80313215 0.73746819 0.80321605 0.73547814 0.79681207 0.73506093 0.79529510 0.73296607 0.78729024 0.73244458 0.78223544 0.73810233 0.78215152 0.74009290 0.77541195 0.74763590 0.77532803 0.74962646 0.77027323 0.75528422 0.77018933 0.75727427
0 0.80026598 0.72929888 0.80666996 0.72971608 0.80692168 0.72374542 0.80860646 0.72185966 0.81020735 0.72196395 0.81045907 0.71599329 0.80085332 0.71536749 0.80068550 0.71934811 0.79900030 0.72123384 0.79579852 0.72102525 0.79554680 0.72699592 0.79874858 0.72720451 0.80026598 0.72929888
0 0.59972224 0.72621203 0.59963832 0.72820259 0.59795341 0.73008834 0.59947052 0.73218270 0.60267251 0.73239130 0.60418958 0.73448565 0.60899258 0.73479856 0.61050966 0.73689291 0.61371168 0.73710151 0.61522873 0.73919637 0.62003173 0.73950928 0.62154881 0.74160363 0.62475079 0.74181223 0.62643570 0.73992648 0.62651962 0.73793592 0.63831408 0.72473516 0.63839800 0.72274460 0.64513716 0.71520157 0.64530497 0.71122095 0.64210319 0.71101237 0.63906923 0.70682316 0.63426615 0.70651025 0.63274875 0.70441588 0.62794600 0.70410299 0.62491177 0.69991428 0.61850780 0.69949708 0.61842390 0.70148713 0.61168431 0.70903065 0.61160041 0.71102070 0.60654573 0.71667846 0.60646183 0.71866852 0.59972224 0.72621203
0 0.71069428 0.72146798 0.70563950 0.72712522 0.70555558 0.72911579 0.70387079 0.73100155 0.70378689 0.73299160 0.70858956 0.73330448 0.71010694 0.73539936 0.71651091 0.73581656 0.71802790 0.73791091 0.71794400 0.73990096 0.71954489 0.74000526 0.72122968 0.73811950 0.72274708 0.74021387 0.72266319 0.74220393 0.73066805 0.74272542 0.73740764 0.73518191 0.73749154 0.73319186 0.74254634 0.72753410 0.74263024 0.72554405 0.74768463 0.71988626 0.74776853 0.71789621 0.75113854 0.71412421 0.75122244 0.71213416 0.74641935 0.71182125 0.74490236 0.70972690 0.73849839 0.70930970 0.73698140 0.70721535 0.73706530 0.70522530 0.73226222 0.70491239 0.73074525 0.70281754 0.72754306 0.70260892 0.72602607 0.70051457 0.72442517 0.70041028 0.72273997 0.70229601 0.72265605 0.70428658 0.71760168 0.70994385 0.71751779 0.71193390 0.71077817 0.71947792 0.71069428 0.72146798
0 1.00000000 0.71243275 0.99836290 0.71426513 0.99819508 0.71824574 0.99979597 0.71835003 1.00000000 0.71351048 1.00000000 0.71243275
0 0.62254888 0.67980363 0.62246496 0.68179419 0.61909513 0.68556569 0.61901123 0.68755575 0.61732636 0.68944150 0.62052835 0.68965010 0.62356251 0.69383932 0.62836551 0.69415222 0.62988259 0.69624657 0.62979867 0.69823714 0.63780353 0.69875863 0.63948875 0.69687239 0.63957265 0.69488234 0.64462704 0.68922456 0.64471094 0.68723450 0.64976574 0.68157675 0.64984964 0.67958669 0.65490444 0.67392894 0.65498834 0.67193889 0.65835792 0.66816737 0.65684095 0.66607251 0.65203786 0.66575960 0.65052087 0.66366526 0.64571779 0.66335235 0.64268383 0.65916314 0.63627986 0.65874594 0.63619594 0.66073650 0.63282603 0.66450800 0.63274211 0.66649856 0.62768745 0.67215581 0.62760356 0.67414587 0.62254888 0.67980363
0 1.00000000 0.67019326 0.99869138 0.66838706 0.99548960 0.66817847 0.99397222 0.66608359 0.98916955 0.66577070 0.98908563 0.66776126 0.98234604 0.67530478 0.98226214 0.67729483 0.97720734 0.68295259 0.97712344 0.68494264 0.97038385 0.69248615 0.97029995 0.69447621 0.96524515 0.70013396 0.96516125 0.70212402 0.96347644 0.70401028 0.96330865 0.70799039 0.96811173 0.70830330 0.96962872 0.71039764 0.97443180 0.71071055 0.97594879 0.71280490 0.98075187 0.71311781 0.98226884 0.71521267 0.99027371 0.71573416 0.99364372 0.71196216 0.99372762 0.70997211 0.99878241 0.70431436 0.99886631 0.70232430 1.00000000 0.70105539 1.00000000 0.67019326
0 0.63964944 0.65497443 0.64445252 0.65528734 0.64748650 0.65947603 0.65228958 0.65978894 0.65380696 0.66188382 0.65860964 0.66219670 0.66012663 0.66429105 0.66492971 0.66460396 0.66796408 0.66879319 0.67116586 0.66900178 0.67268285 0.67109612 0.68068812 0.67161765 0.68237291 0.66973189 0.68245683 0.66774133 0.68919642 0.66019781 0.68928032 0.65820776 0.69601991 0.65066424 0.69610381 0.64867419 0.68969984 0.64825699 0.68818287 0.64616213 0.68826677 0.64417208 0.68346369 0.64385917 0.68194670 0.64176482 0.67714361 0.64145192 0.67562662 0.63935757 0.67579444 0.63537696 0.66939047 0.63495975 0.66787348 0.63286540 0.66795738 0.63087535 0.65835122 0.63024953 0.65683425 0.62815468 0.65203116 0.62784177 0.65034635 0.62972804 0.65001074 0.63768875 0.64832554 0.63957449 0.64824164 0.64156454 0.63981724 0.65099432 0.63964944 0.65497443
0 0.77758676 0.65797365 0.77084717 0.66551716 0.77076327 0.66750722 0.77716724 0.66792442 0.77868421 0.67001928 0.78188640 0.67022789 0.78340339 0.67232224 0.78500428 0.67242653 0.78652128 0.67452088 0.78812217 0.67462517 0.78963955 0.67672006 0.79924530 0.67734585 0.80093011 0.67545958 0.80101401 0.67346953 0.80775401 0.66592604 0.80783791 0.66393599 0.81289230 0.65827820 0.81297620 0.65628815 0.81803100 0.65063039 0.81811490 0.64864034 0.81979969 0.64675458 0.81819880 0.64665029 0.81668183 0.64455543 0.81187874 0.64424252 0.81036175 0.64214818 0.80715956 0.64193956 0.80564257 0.63984522 0.80404168 0.63974092 0.80252430 0.63764604 0.79932252 0.63743745 0.79780553 0.63534310 0.79300245 0.63503020 0.79131766 0.63691595 0.79123374 0.63890651 0.78449415 0.64645003 0.78441025 0.64844008 0.77767066 0.65598360 0.77758676 0.65797365
0 1.00000000 0.64985566 0.99944654 0.65047506 0.99936262 0.65246562 0.99430782 0.65812337 0.99414002 0.66210348 0.99574132 0.66220780 0.99725831 0.66430215 1.00000000 0.66448076 1.00000000 0.64985566
0 0.74446942 0.64384251 0.73941465 0.64949976 0.74902040 0.65012555 0.75053737 0.65222041 0.75213867 0.65232473 0.75365566 0.65441908 0.75525655 0.65452337 0.75677395 0.65661774 0.75837484 0.65672204 0.75989181 0.65881689 0.76949798 0.65944271 0.77286758 0.65567069 0.77295147 0.65368064 0.77800628 0.64802288 0.77809017 0.64603283 0.78314497 0.64037507 0.78322887 0.63838502 0.78828326 0.63272723 0.78836716 0.63073718 0.78356449 0.63042430 0.78204709 0.62832992 0.77724401 0.62801702 0.77572704 0.62592216 0.77252526 0.62571357 0.77100827 0.62361922 0.76620519 0.62330631 0.76468778 0.62121194 0.75988511 0.62089906 0.75483031 0.62655682 0.75474641 0.62854687 0.74969163 0.63420412 0.74960771 0.63619468 0.74455332 0.64185246 0.74446942 0.64384251
0 0.83479627 0.63376193 0.82805627 0.64130541 0.83446065 0.64172265 0.83597764 0.64381699 0.83589374 0.64580704 0.84389860 0.64632854 0.84726859 0.64255705 0.84735251 0.64056649 0.85409167 0.63302346 0.85417559 0.63103290 0.85923039 0.62537514 0.85931429 0.62338509 0.86268428 0.61961360 0.86285210 0.61563298 0.85964991 0.61542437 0.85813292 0.61333002 0.85821682 0.61133997 0.85021196 0.61081847 0.84515716 0.61647623 0.84507326 0.61846628 0.84001848 0.62412353 0.83993456 0.62611409 0.83488017 0.63177188 0.83479627 0.63376193
0 0.93304407 0.62619289 0.93296018 0.62818294 0.93127498 0.63006867 0.93119106 0.63205924 0.93599414 0.63237214 0.93751154 0.63446652 0.94071332 0.63467511 0.94223031 0.63676945 0.94703339 0.63708236 0.94855036 0.63917722 0.95175255 0.63938583 0.95326954 0.64148018 0.95967352 0.64189738 0.96135831 0.64001163 0.96144223 0.63802106 0.96649703 0.63236331 0.96658093 0.63037325 0.97163571 0.62471601 0.97171963 0.62272545 0.97677442 0.61706769 0.97685832 0.61507764 0.98022790 0.61130612 0.97702612 0.61109753 0.97550872 0.60900316 0.97230694 0.60879457 0.97078956 0.60669969 0.96758778 0.60649110 0.96607079 0.60439675 0.96286860 0.60418814 0.96135161 0.60209379 0.95814942 0.60188518 0.95663244 0.59979032 0.95182977 0.59947744 0.95174585 0.60146800 0.94500585 0.60901149 0.94492195 0.61100154 0.93986756 0.61665932 0.93978366 0.61864938 0.93304407 0.62619289
0 0.90363196 0.60032901 0.90683374 0.60053760 0.90835114 0.60263197 0.90826722 0.60462253 0.90489723 0.60839402 0.90481333 0.61038408 0.90144373 0.61415610 0.90135983 0.61614615 0.90296072 0.61625045 0.90447771 0.61834479 0.90767991 0.61855341 0.90919688 0.62064827 0.90751209 0.62253402 0.90270900 0.62222111 0.90119201 0.62012677 0.89638893 0.61981386 0.89301894 0.62358535 0.89293504 0.62557540 0.88956544 0.62934743 0.88948154 0.63133748 0.88611194 0.63510950 0.88602804 0.63709956 0.89083072 0.63741244 0.89234771 0.63950679 0.88560853 0.64705033 0.88552463 0.64904038 0.88046983 0.65469814 0.88030203 0.65867824 0.88510511 0.65899115 0.88662208 0.66108601 0.89142475 0.66139889 0.89294215 0.66349326 0.89285825 0.66548331 0.90086312 0.66600481 0.90423270 0.66223330 0.90431662 0.66024273 0.91105659 0.65269976 0.91114051 0.65070919 0.91787970 0.64316565 0.91796359 0.64117560 0.92301839 0.63551784 0.92318619 0.63153774 0.92166922 0.62944288 0.92335401 0.62755712 0.92655620 0.62776574 0.93329579 0.62022222 0.93337969 0.61823217 0.94011928 0.61068866 0.94020318 0.60869860 0.94694277 0.60115509 0.94702669 0.59916453 0.94871148 0.59727877 0.94719449 0.59518442 0.94399230 0.59497581 0.94247531 0.59288146 0.93927353 0.59267287 0.93775612 0.59057850 0.93295304 0.59026559 0.93143607 0.58817073 0.92823429 0.58796215 0.92671730 0.58586780 0.92351511 0.58565918 0.92199812 0.58356484 0.91719504 0.58325193 0.91567807 0.58115707 0.91062327 0.58681483 0.91053935 0.58880539 0.90716936 0.59257688 0.90708546 0.59456693 0.90371586 0.59833896 0.90363196 0.60032901
0 0.73047300 0.59503518 0.72878821 0.59692094 0.73030520 0.59901528 0.73190609 0.59911958 0.73342349 0.60121395 0.73662527 0.60142254 0.73814224 0.60351740 0.74134443 0.60372601 0.74286142 0.60582036 0.74606362 0.60602897 0.74758061 0.60812332 0.75718636 0.60874911 0.76055635 0.60497762 0.76064027 0.60298706 0.76737984 0.59544406 0.76746376 0.59345349 0.77420335 0.58590998 0.77428725 0.58391993 0.77597204 0.58203417 0.77613986 0.57805355 0.77453897 0.57794926 0.77302198 0.57585491 0.76981978 0.57564630 0.76830279 0.57355195 0.76510060 0.57334334 0.76358363 0.57124848 0.76038185 0.57103989 0.75886445 0.56894552 0.74925870 0.56831973 0.74420390 0.57397748 0.74412000 0.57596754 0.73738041 0.58351105 0.73729651 0.58550110 0.73055690 0.59304513 0.73047300 0.59503518
0 0.84903058 0.60076341 0.84566059 0.60453490 0.85046367 0.60484780 0.85198067 0.60694215 0.86158683 0.60756797 0.86167073 0.60557792 0.86840991 0.59803438 0.86849381 0.59604432 0.87523381 0.58850084 0.87531771 0.58651079 0.88205691 0.57896673 0.88053992 0.57687239 0.87733814 0.57666380 0.87582114 0.57456945 0.86781587 0.57404793 0.86107628 0.58159144 0.86099238 0.58358149 0.85425279 0.59112501 0.85416889 0.59311506 0.84911450 0.59877284 0.84903058 0.60076341
0 0.62522700 0.57820004 0.62826117 0.58238926 0.62986214 0.58249355 0.63137925 0.58458791 0.63298027 0.58469221 0.63601439 0.58888143 0.63761520 0.58898571 0.63913260 0.59108009 0.64073349 0.59118438 0.64225048 0.59327873 0.64385178 0.59338305 0.64688574 0.59757225 0.64848663 0.59767655 0.65017145 0.59579028 0.65025534 0.59380023 0.65194054 0.59191450 0.65210834 0.58793439 0.65716314 0.58227663 0.65724706 0.58028607 0.66230143 0.57462880 0.66238533 0.57263874 0.66407014 0.57075248 0.66246925 0.57064818 0.66095226 0.56855384 0.65775048 0.56834525 0.65623308 0.56625087 0.65143000 0.56593797 0.64991303 0.56384311 0.64671125 0.56363452 0.64519425 0.56154018 0.64039117 0.56122726 0.63887377 0.55913289 0.63727296 0.55902860 0.63221829 0.56468637 0.63213439 0.56667642 0.62876458 0.57044843 0.62868068 0.57243848 0.62362598 0.57809574 0.62522700 0.57820004
0 1.00000000 0.57779769 0.99758010 0.58050624 0.99749620 0.58249629 0.99412662 0.58626781 0.99404270 0.58825837 0.98898790 0.59391613 0.98890400 0.59590618 0.98553442 0.59967770 0.98545052 0.60166775 0.98208051 0.60543975 0.98359750 0.60753409 0.98679969 0.60774271 0.98831667 0.60983757 0.99151886 0.61004618 0.99303585 0.61214053 0.99623763 0.61234912 0.99775503 0.61444349 1.00000000 0.61458974 1.00000000 0.57779769
0 0.70409527 0.57336002 0.69904047 0.57901778 0.69895658 0.58100783 0.69727178 0.58289359 0.69887268 0.58299788 0.70038965 0.58509274 0.70359184 0.58530135 0.70510883 0.58739570 0.70831102 0.58760431 0.70982801 0.58969866 0.71302979 0.58990725 0.71454676 0.59200211 0.72255203 0.59252363 0.72406903 0.59461798 0.72566992 0.59472227 0.72575382 0.59273222 0.73249343 0.58518819 0.73257733 0.58319814 0.74100170 0.57376887 0.74108560 0.57177881 0.74614041 0.56612106 0.74622430 0.56413101 0.74470731 0.56203666 0.74150512 0.56182805 0.73998815 0.55973319 0.73678637 0.55952460 0.73526938 0.55743025 0.73206719 0.55722164 0.73055020 0.55512729 0.72574712 0.55481438 0.72423014 0.55271953 0.71782617 0.55230232 0.71445616 0.55607432 0.71437226 0.55806437 0.70931787 0.56372216 0.70923397 0.56571221 0.70417917 0.57136997 0.70409527 0.57336002
0 0.82113546 0.57699387 0.81776547 0.58076536 0.81768155 0.58275593 0.81262718 0.58841320 0.81254328 0.59040325 0.82054814 0.59092475 0.82206511 0.59301961 0.82526730 0.59322822 0.82678430 0.59532257 0.82838519 0.59542686 0.82990218 0.59752121 0.83150348 0.59762553 0.83302045 0.59972038 0.83470526 0.59783412 0.84110923 0.59825132 0.84279402 0.59636556 0.84287792 0.59437551 0.84961792 0.58683202 0.84970182 0.58484197 0.85644102 0.57729792 0.85652492 0.57530787 0.85989491 0.57153638 0.86006273 0.56755576 0.85846184 0.56745147 0.85694444 0.56535710 0.85214176 0.56504421 0.85062477 0.56294987 0.84742258 0.56274125 0.84590561 0.56064640 0.84270342 0.56043778 0.84118643 0.55834343 0.83318157 0.55782194 0.82981156 0.56159393 0.82972766 0.56358399 0.82635806 0.56735601 0.82627416 0.56934606 0.82121938 0.57500331 0.82113546 0.57699387
0 0.95907237 0.57999307 0.95401798 0.58565086 0.95393408 0.58764091 0.95056407 0.59141291 0.95376626 0.59162152 0.95528325 0.59371587 0.95848503 0.59392446 0.96000243 0.59601883 0.96320422 0.59622742 0.96472162 0.59832179 0.96952429 0.59863467 0.97104128 0.60072902 0.97424347 0.60093764 0.97576044 0.60303249 0.97736174 0.60313681 0.98073134 0.59936479 0.98081524 0.59737473 0.98755483 0.58983122 0.98763873 0.58784117 0.99437832 0.58029765 0.99446222 0.57830760 0.99951702 0.57264984 0.99960094 0.57065928 0.99639875 0.57045067 0.99488176 0.56835632 0.99007868 0.56804341 0.98856168 0.56594906 0.98375860 0.56563615 0.98224161 0.56354181 0.97743853 0.56322890 0.97592154 0.56113455 0.97111846 0.56082164 0.96943367 0.56270740 0.96934977 0.56469745 0.96429497 0.57035521 0.96421107 0.57234526 0.95915627 0.57800302 0.95907237 0.57999307
0 0.78464814 0.56663423 0.78456424 0.56862428 0.78287945 0.57051004 0.78271163 0.57449065 0.78751471 0.57480356 0.78903170 0.57689791 0.79223348 0.57710650 0.79375088 0.57920087 0.79535177 0.57930516 0.79686874 0.58140002 0.80007093 0.58160863 0.80158792 0.58370298 0.80799190 0.58412018 0.80967669 0.58223443 0.81127799 0.58233875 0.81296280 0.58045248 0.81304670 0.57846243 0.81641630 0.57469040 0.81650020 0.57270035 0.81987019 0.56892886 0.81995408 0.56693881 0.82332369 0.56316678 0.82340759 0.56117673 0.82677760 0.55740473 0.82686150 0.55541468 0.82854628 0.55352892 0.82863018 0.55153887 0.82382710 0.55122596 0.82231013 0.54913110 0.82070924 0.54902681 0.81919184 0.54693244 0.81599006 0.54672385 0.81447307 0.54462950 0.80966999 0.54431659 0.80815302 0.54222174 0.80174905 0.54180453 0.80166512 0.54379509 0.79661032 0.54945285 0.79652642 0.55144290 0.78978683 0.55898642 0.78970294 0.56097647 0.78464814 0.56663423
0 0.87505888 0.55456359 0.87000410 0.56022084 0.86992020 0.56221089 0.86823539 0.56409716 0.86815149 0.56608721 0.87135368 0.56629582 0.87287067 0.56839017 0.87767375 0.56870308 0.87919072 0.57079794 0.88079161 0.57090223 0.88584641 0.56524447 0.88593033 0.56325391 0.89266990 0.55571091 0.89275382 0.55372034 0.89949341 0.54617693 0.89957731 0.54418678 0.90126211 0.54230092 0.90142992 0.53832051 0.89662684 0.53800760 0.89510985 0.53591315 0.88710499 0.53539165 0.88542019 0.53727751 0.88533629 0.53926771 0.88028149 0.54492532 0.88019760 0.54691527 0.87514280 0.55257303 0.87505888 0.55456359
0 1.00000000 0.54474211 0.99748950 0.54457856 0.99597251 0.54248411 0.99277073 0.54227552 0.99125333 0.54018105 0.98645025 0.53986814 0.98476546 0.54175400 0.98468155 0.54374415 0.97962717 0.54940183 0.97954326 0.55139199 0.97617326 0.55516389 0.97777415 0.55526818 0.97929155 0.55736255 0.98249333 0.55757114 0.98401032 0.55966549 0.98721251 0.55987410 0.98872948 0.56196896 0.99353256 0.56228187 0.99504956 0.56437622 0.99825134 0.56458480 0.99976874 0.56667918 1.00000000 0.56669424 1.00000000 0.54474211
0 0.83865588 0.54221351 0.83360108 0.54787116 0.83351719 0.54986122 0.83503416 0.55195607 0.83823635 0.55216469 0.83975334 0.55425903 0.84295512 0.55446762 0.84447211 0.55656197 0.84927519 0.55687488 0.85079259 0.55896925 0.86039835 0.55959504 0.86376834 0.55582355 0.86385223 0.55383350 0.87059144 0.54628945 0.87067533 0.54429950 0.87910012 0.53487015 0.87918403 0.53288000 0.88086882 0.53099409 0.87935184 0.52889959 0.87775095 0.52879529 0.87623355 0.52670082 0.87303177 0.52649223 0.87151437 0.52439776 0.86831259 0.52418917 0.86679561 0.52209467 0.86359342 0.52188605 0.86207643 0.51979155 0.85407157 0.51927006 0.85070157 0.52304185 0.85061766 0.52503200 0.84556287 0.53068966 0.84547896 0.53267981 0.83873978 0.54022336 0.83865588 0.54221351
0 0.72330049 0.53669380 0.71993048 0.54046579 0.71976266 0.54444641 0.72296485 0.54465502 0.72448184 0.54674937 0.72768362 0.54695796 0.72920061 0.54905230 0.73400370 0.54936521 0.73552110 0.55145959 0.73872288 0.55166818 0.74023987 0.55376252 0.74344206 0.55397114 0.74512685 0.55208538 0.74832904 0.55229399 0.75001383 0.55040824 0.75009773 0.54841819 0.75683732 0.54087467 0.75692124 0.53888411 0.76197602 0.53322676 0.76205993 0.53123655 0.76711431 0.52557892 0.76719822 0.52358872 0.76568123 0.52149422 0.76247945 0.52128563 0.76096206 0.51919115 0.75615897 0.51887825 0.75464199 0.51678380 0.75144021 0.51657521 0.74992322 0.51448071 0.74512014 0.51416780 0.74360274 0.51207327 0.74040096 0.51186468 0.73703137 0.51563651 0.73694747 0.51762666 0.73020747 0.52517015 0.73012357 0.52716030 0.72338438 0.53470385 0.72330049 0.53669380
0 0.93294634 0.55234775 0.93126155 0.55423351 0.93100984 0.56020418 0.92764026 0.56397570 0.92755636 0.56596575 0.92250156 0.57162350 0.92241764 0.57361407 0.92073244 0.57549980 0.92233374 0.57560412 0.92385073 0.57769847 0.92705292 0.57790708 0.92856991 0.58000143 0.93177169 0.58021002 0.93328868 0.58230436 0.93649087 0.58251298 0.93800784 0.58460783 0.93960914 0.58471215 0.94112614 0.58680650 0.94432792 0.58701509 0.94601271 0.58512933 0.94761401 0.58523365 0.95098361 0.58146163 0.95106751 0.57947158 0.95780710 0.57192806 0.95789100 0.56993801 0.96463059 0.56239449 0.96471448 0.56040444 0.96808450 0.55663244 0.96648361 0.55652815 0.96496620 0.55443377 0.96176442 0.55422518 0.96024704 0.55213030 0.95704526 0.55192171 0.95552827 0.54982747 0.95072518 0.54951456 0.94920820 0.54742011 0.94600601 0.54721150 0.94448902 0.54511705 0.94288813 0.54501275 0.94137114 0.54291825 0.94305594 0.54103234 0.95106080 0.54155384 0.95257779 0.54364834 0.95249388 0.54563854 0.95729696 0.54595145 0.95881395 0.54804590 0.96361703 0.54835881 0.96513402 0.55045326 0.97313888 0.55097476 0.97819368 0.54531715 0.97827758 0.54332695 0.98333238 0.53766934 0.98341628 0.53567914 0.98181539 0.53557484 0.98029840 0.53348040 0.97549532 0.53316749 0.97397792 0.53107301 0.97077614 0.53086442 0.96925916 0.52876992 0.96605697 0.52856131 0.96453998 0.52646681 0.95973690 0.52615390 0.95821991 0.52405945 0.94861375 0.52343363 0.94355937 0.52909132 0.94347546 0.53108147 0.93505067 0.54051082 0.93496676 0.54250102 0.93328197 0.54438693 0.93294634 0.55234775
0 0.89426410 0.51789726 0.89409629 0.52187757 0.89241149 0.52376348 0.89232759 0.52575369 0.89064280 0.52763955 0.89224369 0.52774384 0.89376067 0.52983829 0.89536156 0.52994258 0.89704636 0.52805672 0.89856375 0.53015120 0.89847985 0.53214140 0.90808560 0.53276720 0.90816951 0.53077699 0.90985430 0.52889113 0.90993821 0.52690098 0.91330821 0.52312918 0.91339211 0.52113903 0.91507690 0.51925317 0.91516081 0.51726296 0.91355992 0.51715867 0.91052554 0.51296969 0.91060944 0.51097954 0.91229465 0.50909365 0.91246246 0.50511330 0.90605848 0.50469609 0.90589067 0.50867645 0.90252067 0.51244820 0.90091978 0.51234390 0.89923499 0.51422976 0.89763369 0.51412544 0.89426410 0.51789726
0 0.74993609 0.48981481 0.74595919 0.49426600 0.74587528 0.49625616 0.73913569 0.50379967 0.74073658 0.50390397 0.74225357 0.50599846 0.74385446 0.50610276 0.74537185 0.50819729 0.74857363 0.50840587 0.75009103 0.51050035 0.75329281 0.51070894 0.75480980 0.51280339 0.75801199 0.51301200 0.75952897 0.51510650 0.76753384 0.51562800 0.76921863 0.51374209 0.76930254 0.51175193 0.77435733 0.50609428 0.77444124 0.50410412 0.78118083 0.49656061 0.78126473 0.49457045 0.78551363 0.48981481 0.74993609 0.48981481
0 0.70922277 0.48981481 0.70922015 0.48987692 0.71073713 0.49197137 0.71393933 0.49217999 0.71545631 0.49427443 0.71865809 0.49448302 0.72017549 0.49657755 0.71849028 0.49846343 0.71208672 0.49804625 0.71056933 0.49595173 0.70551453 0.50160933 0.70543063 0.50359954 0.70037624 0.50925717 0.70029234 0.51124737 0.69355275 0.51879089 0.69346884 0.52078109 0.68841405 0.52643870 0.68833014 0.52842890 0.68993103 0.52853320 0.69144802 0.53062765 0.69465021 0.53083626 0.69616720 0.53293071 0.69936939 0.53313932 0.70088638 0.53523357 0.70408816 0.53544216 0.70560555 0.53753704 0.70880733 0.53774563 0.71032473 0.53984000 0.71200952 0.53795424 0.71681219 0.53826713 0.71689611 0.53627656 0.72195089 0.53061922 0.72203480 0.52862901 0.72708959 0.52297141 0.72717350 0.52098120 0.73222829 0.51532360 0.73231220 0.51333339 0.73568179 0.50956162 0.73576569 0.50757147 0.73416480 0.50746717 0.73264781 0.50537267 0.72944562 0.50516406 0.72792864 0.50306956 0.72961343 0.50118370 0.73281562 0.50139231 0.73450042 0.49950645 0.73610131 0.49961075 0.73778651 0.49772486 0.73787042 0.49573466 0.74315905 0.48981481 0.70922277 0.48981481
0 0.67229869 0.48981481 0.67222940 0.49145830 0.66717460 0.49711596 0.66709070 0.49910611 0.66035152 0.50664965 0.66026761 0.50863986 0.65689761 0.51241160 0.65841460 0.51450605 0.66321768 0.51481896 0.66473467 0.51691346 0.66953775 0.51722637 0.67105473 0.51932087 0.67425693 0.51952948 0.67577391 0.52162393 0.68057699 0.52193684 0.68209398 0.52403129 0.68369487 0.52413558 0.68874967 0.51847798 0.68883357 0.51648777 0.69557316 0.50894426 0.69565706 0.50695411 0.70071186 0.50129645 0.70079576 0.49930630 0.70585015 0.49364861 0.70424926 0.49354432 0.70273227 0.49144987 0.69953049 0.49124128 0.69849705 0.48981481 0.67229869 0.48981481
0 0.63303759 0.48981481 0.63212077 0.49084099 0.63203687 0.49283120 0.62866707 0.49660290 0.62858317 0.49859311 0.63178515 0.49880171 0.63330222 0.50089621 0.63650425 0.50110482 0.63802132 0.50319927 0.64122310 0.50340786 0.64274050 0.50550234 0.64754358 0.50581525 0.64906056 0.50790975 0.65226234 0.50811833 0.65377933 0.51021283 0.65386323 0.50822263 0.65891803 0.50256502 0.65900193 0.50057482 0.66405673 0.49491721 0.66414063 0.49292701 0.66692123 0.48981481 0.63303759 0.48981481
