0 0.33580119 0.22159002 0.29320348 0.21560661 0.28637538 0.24645444 0.26314060 0.24319081 0.26075062 0.25398820 0.25107007 0.25262844 0.24799738 0.26651018 0.30027565 0.27385336 0.30266562 0.26305597 0.31428302 0.26468778 0.31701419 0.25234894 0.32863158 0.25398075 0.33580119 0.22159002
0 0.23511651 0.20744752 0.23716497 0.19819303 0.22167572 0.19601736 0.21450611 0.22840809 0.22612350 0.23003991 0.22407504 0.23929440 0.23956429 0.24147007 0.24673390 0.20907934 0.23511651 0.20744752
0 0.21643630 0.20164339 0.17384040 0.19566023 0.16632959 0.22959242 0.17407331 0.23068013 0.17168334 0.24147752 0.18136571 0.24283754 0.17863453 0.25517638 0.22897596 0.26224750 0.23170714 0.24990866 0.21428105 0.24746093 0.21667103 0.23666354 0.20892549 0.23557558 0.21643630 0.20164339
0 0.26086225 0.24446165 0.26256919 0.23675005 0.27612342 0.23865393 0.28557138 0.20499235 0.27201715 0.20308848 0.26996869 0.21234297 0.25447944 0.21016730 0.24730983 0.24255804 0.26086225 0.24446165
0 1.00000000 0.09743949 0.94154382 0.08563202 0.93968783 0.08712072 0.93774025 0.09977347 0.93903983 0.10189957 0.91733837 0.24288624 0.92680547 0.24479849 0.92866186 0.24330986 0.93023964 0.24362855 0.93209570 0.24213938 0.93367388 0.24245816 0.93497339 0.24458472 0.93812896 0.24522210 0.93868544 0.24160684 0.94054142 0.24011813 0.95316449 0.24266784 0.95502095 0.24117875 0.96291027 0.24277230 0.96847864 0.23830626 0.97479017 0.23958111 0.97506838 0.23777371 0.97692443 0.23628454 0.98639193 0.23819687 0.98667014 0.23638946 0.98852613 0.23490075 0.99641544 0.23649430 0.99669372 0.23468644 1.00000000 0.23203468 1.00000000 0.22789988 0.99465057 0.22681936 0.99335107 0.22469280 0.99529858 0.21204052 0.99715464 0.21055135 1.00000000 0.21112608 1.00000000 0.09743949
0 0.84158457 0.10085213 0.84631832 0.10180829 0.84761789 0.10393438 0.84567031 0.11658713 0.84381432 0.11807584 0.83592501 0.11648229 0.83119523 0.14720999 0.83435079 0.14784738 0.83565030 0.14997393 0.82897294 0.19335438 0.84159600 0.19590409 0.84419556 0.20015637 0.84252619 0.21100171 0.84066979 0.21249034 0.83278048 0.21089679 0.83250227 0.21270419 0.83064629 0.21419290 0.83194586 0.21631900 0.83027649 0.22716434 0.82842050 0.22865305 0.82675112 0.23949839 0.82805070 0.24162449 0.82665960 0.25066196 0.82981557 0.25129943 0.83111508 0.25342599 0.83055866 0.25704080 0.84002616 0.25895312 0.84030437 0.25714572 0.84216036 0.25565701 0.85004967 0.25725056 0.85190573 0.25576139 0.85218394 0.25395399 0.85404033 0.25246536 0.85561811 0.25278405 0.85691769 0.25491015 0.86165144 0.25586632 0.86220792 0.25225105 0.86406391 0.25076234 0.87353101 0.25267458 0.87380921 0.25086718 0.87566560 0.24937855 0.88355492 0.25097210 0.88541091 0.24948340 0.89330062 0.25107703 0.89701267 0.24809915 0.90490199 0.24969270 0.90545847 0.24607743 0.90731486 0.24458880 0.91047043 0.24522619 0.91325262 0.22715124 0.91167484 0.22683254 0.91037526 0.22470645 0.90406333 0.22343151 0.90276382 0.22130495 0.90471133 0.20865266 0.90656739 0.20716349 0.91603489 0.20907582 0.92243398 0.16750324 0.91296648 0.16559092 0.91166697 0.16346435 0.91361448 0.15081207 0.91547054 0.14932290 0.91862651 0.14996037 0.92048250 0.14847166 0.92521625 0.14942782 0.93022430 0.11689226 0.92233499 0.11529871 0.92103501 0.11317253 0.92186962 0.10775032 0.92057012 0.10562376 0.92140481 0.10020109 0.92326079 0.09871238 0.93115051 0.10030602 0.93300650 0.09881731 0.93523229 0.08435716 0.83740333 0.06459683 0.83295175 0.09351713 0.83425173 0.09564331 0.83369525 0.09925857 0.83499483 0.10138467 0.83972858 0.10234084 0.84158457 0.10085213
0 1.00000000 0.03780057 0.93309015 0.02428555 0.92557810 0.07308866 0.92687768 0.07521476 1.00000000 0.08998463 1.00000000 0.06813110 0.99964362 0.06754805 1.00000000 0.06523280 1.00000000 0.03780057
0 0.84463714 0.01760135 0.84278113 0.01909020 0.84120334 0.01877150 0.83934734 0.02026031 0.83350467 0.05821808 0.91871016 0.07542861 0.91926657 0.07181380 0.92112303 0.07032471 0.92167944 0.06670991 0.92037948 0.06458364 0.92177060 0.05554602 0.91545907 0.05427116 0.91285995 0.05001874 0.91452929 0.03917363 0.91638530 0.03768478 0.92427461 0.03927833 0.92677862 0.02301069 0.83526160 0.00452530 0.83498337 0.00633282 0.84129491 0.00760768 0.84259446 0.00973389 0.84417225 0.01005258 0.84547180 0.01217882 0.84463714 0.01760135
0 0.53551397 0.87399615 0.51570399 0.93919742 0.54573565 0.94711109 0.56114465 0.90434307 0.56894640 0.86457502 0.54171814 0.86025984 0.53551397 0.87399615
0 0.45090257 0.92367059 0.48981028 0.93404234 0.51849354 0.85342497 0.47998592 0.84101383 0.47438189 0.85169106 0.45090257 0.92367059
0 0.91226209 0.46986301 0.90372035 0.55201378 0.93756195 0.55994347 0.94723951 0.47368400 0.94088738 0.46986301 0.91226209 0.46986301
