0 0.22382335 0.26356956 0.16754971 0.25963452 0.16397251 0.31079085 0.13327823 0.30864450 0.13202613 0.32655029 0.11923765 0.32565603 0.11762788 0.34867674 0.18669001 0.35350604 0.18794211 0.33560024 0.20328925 0.33667342 0.20472009 0.31621137 0.22006723 0.31728454 0.22382335 0.26356956
0 0.09081401 0.25426863 0.09188719 0.23892150 0.07142513 0.23749065 0.06766902 0.29120564 0.08301616 0.29227881 0.08194298 0.30762595 0.10240503 0.30905680 0.10616115 0.25534181 0.09081401 0.25426863
0 0.06559231 0.24736504 0.00932107 0.24343017 0.00538620 0.29970141 0.01561603 0.30041675 0.01436393 0.31832255 0.02715481 0.31921697 0.02572397 0.33967903 0.09222744 0.34432940 0.09365829 0.32386735 0.07063758 0.32225758 0.07188967 0.30435179 0.06165745 0.30363628 0.06559231 0.24736504
0 0.13054065 0.31102423 0.13143491 0.29823575 0.14934071 0.29948785 0.15583440 0.24339312 0.13792860 0.24214103 0.13685543 0.25748817 0.11639337 0.25605732 0.11263726 0.30977231 0.13054065 0.31102423
0 0.63015325 0.29980411 0.82262471 0.32723876 0.85249963 0.13620847 0.66382120 0.10903905 0.63015325 0.29980411
0 0.09665745 0.55769231 0.07618456 0.59770530 0.14171816 0.64167404 0.18945334 0.55861651 0.18798139 0.55769231 0.09665745 0.55769231
0 0.16585561 0.65987868 0.22071744 0.69293700 0.27342156 0.61149746 0.21223803 0.57799708 0.16585561 0.65987868
0 0.24323690 0.71611059 0.29701121 0.74655182 0.34574550 0.66737572 0.29214801 0.63440581 0.24323690 0.71611059
0 0.31835475 0.76837266 0.37565685 0.80287214 0.42212769 0.71972620 0.36970612 0.68810904 0.31835475 0.76837266
0 0.45913462 0.74521881 0.44996974 0.73946041 0.40114705 0.81990085 0.45068628 0.85639855 0.45913462 0.84264061 0.45913462 0.74521881
0 0.45913462 0.59276589 0.44684818 0.58423844 0.38961716 0.65773831 0.44168507 0.69441282 0.45913462 0.67111175 0.45913462 0.59276589
0 0.35234338 0.55769231 0.31667435 0.61071042 0.36647882 0.64341510 0.42144638 0.56594539 0.40955525 0.55769231 0.35234338 0.55769231
