0 0.23565105 0.40646704 0.23271894 0.41281033 0.24058701 0.42226193 0.25967622 0.37993531 0.25180822 0.37048166 0.24887738 0.37682506 0.23442804 0.36022625 0.22127301 0.38767449 0.23565105 0.40646704
0 0.18208152 0.37777158 0.20826032 0.41074347 0.21698294 0.39390303 0.19080407 0.36093319 0.18208152 0.37777158
0 0.58642516 0.61575037 0.58569924 0.63115619 0.71497739 0.63869163 0.71740676 0.63625876 0.71752773 0.63369134 0.71534035 0.63098872 0.71546133 0.62842130 0.71789070 0.62598843 0.72250807 0.62625757 0.72553273 0.56206752 0.72334472 0.55936552 0.70487642 0.55828903 0.70244705 0.56072189 0.62164805 0.55601224 0.61921866 0.55844576 0.58689882 0.55656188 0.58423716 0.61304837 0.58642516 0.61575037
0 0.75820524 0.50733033 0.75590651 0.55611455 0.75809393 0.55881653 0.75797295 0.56138394 0.81799524 0.56488255 0.82018266 0.56758452 0.81848885 0.60353101 0.83926554 0.60474205 0.84169491 0.60230918 0.88786568 0.60500041 0.88955949 0.56905393 0.88737208 0.56635196 0.89015475 0.50729740 0.88092060 0.50675915 0.87849123 0.50919202 0.82077791 0.50582800 0.81834792 0.50826148 0.76294300 0.50503201 0.76051363 0.50746488 0.75820524 0.50733033
0 0.61932997 0.50695956 0.61471260 0.50669042 0.61459162 0.50925784 0.61216225 0.51169070 0.60754488 0.51142156 0.60706094 0.52169189 0.62322086 0.52263383 0.62565022 0.52020096 0.67643837 0.52316133 0.67862578 0.52586330 0.67619638 0.52829682 0.66927062 0.52789313 0.66684125 0.53032600 0.60451056 0.52669283 0.60378467 0.54209800 0.63148713 0.54371273 0.63185009 0.53600982 0.63428005 0.53357699 0.64582260 0.53424979 0.64801001 0.53695176 0.64788900 0.53951984 0.65007641 0.54222180 0.64995544 0.54478922 0.66380696 0.54559661 0.66623633 0.54316374 0.71471549 0.54598952 0.71544139 0.53058436 0.71082460 0.53031525 0.70863722 0.52761262 0.68555154 0.52626699 0.68336413 0.52356502 0.68579350 0.52113216 0.68810189 0.52126671 0.68955371 0.49045572 0.68736630 0.48775375 0.68845519 0.46464502 0.68602579 0.46707854 0.63985502 0.46438731 0.63742566 0.46682018 0.62357413 0.46601279 0.62175934 0.50452670 0.61932997 0.50695956
0 0.84810716 0.46622683 0.81809631 0.46447754 0.81566691 0.46691106 0.77180453 0.46435439 0.76937516 0.46678725 0.73936372 0.46503793 0.73875880 0.47787568 0.73390003 0.48274207 0.73159164 0.48260751 0.73098672 0.49544526 0.75638020 0.49692541 0.75881016 0.49449258 0.80267254 0.49704925 0.80510191 0.49461638 0.85127268 0.49730761 0.85370207 0.49487409 0.89756445 0.49743076 0.89999382 0.49499790 0.94385620 0.49755457 0.94567099 0.45904067 0.92951107 0.45809873 0.92708167 0.46053225 0.87167675 0.45730278 0.86924679 0.45973562 0.85077848 0.45865912 0.85053653 0.46379396 0.84810716 0.46622683
0 0.68638876 0.45937563 0.68796156 0.42599722 0.66025910 0.42438249 0.65782973 0.42681535 0.62781829 0.42506603 0.62624548 0.45844444 0.65856532 0.46032831 0.66099469 0.45789545 0.68638876 0.45937563
0 0.69172180 0.39532013 0.69087490 0.41329337 0.70241744 0.41396617 0.70314334 0.39856100 0.70095596 0.39585837 0.70446453 0.32139865 0.70227711 0.31869668 0.70348698 0.29302053 0.70105758 0.29545405 0.69182284 0.29491577 0.69073398 0.31802385 0.69292198 0.32072585 0.68953439 0.39261816 0.69172180 0.39532013
0 0.76690594 0.27354558 0.76447657 0.27597845 0.73908309 0.27449830 0.73811521 0.29503896 0.74030259 0.29774159 0.73836682 0.33882290 0.74055424 0.34152487 0.73861847 0.38260619 0.74080588 0.38530816 0.73887012 0.42638948 0.74105750 0.42909211 0.74081554 0.43422694 0.75235868 0.43489978 0.75478805 0.43246691 0.79403305 0.43475444 0.79646242 0.43232158 0.83801641 0.43474370 0.84044581 0.43231018 0.88199979 0.43473230 0.88442916 0.43229943 0.92598256 0.43472152 0.92841252 0.43228869 0.94688083 0.43336517 0.94809070 0.40768902 0.94590269 0.40498702 0.94795944 0.36133828 0.94577202 0.35863631 0.94782880 0.31498692 0.94564138 0.31228495 0.94721419 0.27890654 0.94502677 0.27620457 0.94271838 0.27607002 0.94028842 0.27850285 0.88488350 0.27527338 0.88245413 0.27770624 0.82474082 0.27434222 0.82231086 0.27677505 0.76690594 0.27354558
0 0.77163463 0.22232852 0.77382201 0.22503115 0.77285413 0.24557181 0.81440811 0.24799393 0.81683751 0.24556041 0.86069930 0.24811704 0.86312926 0.24568421 0.89544850 0.24756805 0.89556948 0.24500063 0.89338210 0.24229801 0.89580177 0.19094702 0.88656762 0.19040877 0.88413825 0.19284164 0.83565909 0.19001586 0.83322913 0.19244869 0.77782421 0.18921922 0.77296547 0.19408495 0.77163463 0.22232852
0 0.53390395 0.89347270 0.53426691 0.88947267 0.49733029 0.88835466 0.49514288 0.88695156 0.46513203 0.88604317 0.46295431 0.91004266 0.46757109 0.91018240 0.46975906 0.91158586 0.52978077 0.91340263 0.53147458 0.89473606 0.53390395 0.89347270
0 0.40820312 0.88565691 0.42807432 0.88625838 0.43026185 0.88766148 0.43949601 0.88794099 0.44022190 0.87994127 0.44265139 0.87867792 0.44726853 0.87881767 0.44945605 0.88022078 0.46330699 0.88064003 0.46391191 0.87397354 0.46634187 0.87271020 0.47095865 0.87284994 0.47314665 0.87425306 0.50546590 0.87523132 0.50765331 0.87663442 0.53997314 0.87761269 0.53778514 0.87620957 0.53814810 0.87220954 0.53596069 0.87080644 0.53620268 0.86813964 0.53401526 0.86673654 0.53413624 0.86540332 0.52259370 0.86505394 0.52040569 0.86365082 0.51809730 0.86358095 0.51590992 0.86217751 0.51627288 0.85817748 0.47241051 0.85684983 0.47022309 0.85544673 0.47070704 0.85011347 0.46851962 0.84871037 0.46864060 0.84737714 0.42708673 0.84611937 0.42489923 0.84471592 0.42562512 0.83671621 0.40820312 0.83618887 0.40820312 0.88565691
0 0.59390630 0.84448396 0.61468300 0.84511283 0.61504596 0.84111281 0.61747595 0.83984912 0.64287002 0.84061777 0.64407986 0.82728479 0.64650923 0.82602144 0.64881762 0.82609131 0.65100503 0.82749441 0.67178173 0.82812329 0.67238665 0.82145680 0.67481664 0.82019312 0.69328495 0.82075213 0.69449479 0.80741916 0.67371749 0.80679026 0.67153008 0.80538716 0.67298191 0.78938739 0.67541130 0.78812369 0.69849698 0.78882246 0.69934386 0.77948952 0.68780131 0.77914014 0.68561393 0.77773670 0.67637919 0.77745718 0.67419178 0.77605408 0.67479670 0.76938759 0.61477499 0.76757082 0.61258758 0.76616772 0.55487367 0.76442081 0.55003426 0.81775338 0.54760489 0.81901673 0.54409632 0.85768276 0.59026709 0.85908029 0.59147693 0.84574731 0.59390630 0.84448396
0 0.40820312 0.82816719 0.43789369 0.82906587 0.44008128 0.83046898 0.46085815 0.83109787 0.46304568 0.83250097 0.46219878 0.84183425 0.47835869 0.84232339 0.48054611 0.84372649 0.48030415 0.84639295 0.48249154 0.84779639 0.48212857 0.85179642 0.52368256 0.85305420 0.52586997 0.85445730 0.53048734 0.85459706 0.53387493 0.81726426 0.53630433 0.81600056 0.54102274 0.76400156 0.52255443 0.76344255 0.52036705 0.76203911 0.42109963 0.75903443 0.41891204 0.75763132 0.41429496 0.75749157 0.41356904 0.76549163 0.42049468 0.76570126 0.42268221 0.76710436 0.42171433 0.77777088 0.41928484 0.77903423 0.41235920 0.77882460 0.40820312 0.82462643 0.40820312 0.82816719
0 0.63504843 0.72272710 0.60832351 0.73662500 0.60601453 0.73655512 0.58171957 0.74918968 0.57941118 0.74911980 0.56240436 0.75796395 0.68706573 0.76173727 0.68718674 0.76040370 0.70176357 0.75282323 0.70188454 0.75149000 0.70674390 0.74896296 0.71597747 0.74924245 0.71840742 0.74797911 0.72764158 0.74825861 0.72848848 0.73892533 0.71925433 0.73864582 0.71706633 0.73724271 0.71949632 0.73597903 0.72022221 0.72797931 0.72265158 0.72671595 0.72483899 0.72811905 0.73407315 0.72839856 0.73467807 0.72173207 0.72544391 0.72145257 0.72301455 0.72271592 0.70454624 0.72215692 0.70235882 0.72075382 0.70296378 0.71408699 0.70539314 0.71282363 0.70551412 0.71149040 0.70794349 0.71022704 0.71948604 0.71057642 0.71960701 0.70924319 0.72203700 0.70797951 0.72227896 0.70531305 0.72470836 0.70404936 0.73625090 0.70439873 0.73685582 0.69773224 0.72762167 0.69745274 0.72543425 0.69604964 0.72579721 0.69204968 0.72360980 0.69064651 0.70514150 0.69008750 0.69299403 0.69640461 0.69068505 0.69633472 0.66396013 0.71023262 0.66165174 0.71016275 0.63735682 0.72279697 0.63504843 0.72272710
0 0.42330443 0.65820312 0.41489988 0.75082509 0.52570973 0.75417914 0.52789714 0.75558224 0.54004520 0.74926514 0.54235358 0.74933502 0.55693045 0.74175421 0.55923943 0.74182410 0.57624563 0.73298027 0.57855461 0.73305016 0.59313147 0.72546935 0.59543987 0.72553922 0.61244666 0.71669542 0.61475505 0.71676529 0.62933250 0.70918450 0.63164089 0.70925437 0.64621776 0.70167356 0.64852674 0.70174345 0.66553294 0.69289963 0.66784192 0.69296951 0.68241878 0.68538877 0.68472717 0.68545864 0.69930460 0.67787806 0.70161299 0.67794793 0.70647234 0.67542103 0.70659332 0.67408773 0.71631142 0.66903398 0.71643240 0.66770068 0.72857987 0.66138347 0.73088826 0.66145334 0.73331823 0.66018992 0.74024340 0.66039953 0.74267278 0.65913609 0.71184995 0.65820312 0.42330443 0.65820312
