0 0.21288826 0.18291080 0.21528380 0.17788520 0.20324401 0.17388844 0.18786626 0.20728679 0.19990639 0.21128493 0.20230029 0.20625963 0.22424999 0.21309852 0.23521202 0.19121875 0.21288826 0.18291080
0 0.28730290 0.18657635 0.24692076 0.17227159 0.23936407 0.18588148 0.27974586 0.20018487 0.28730290 0.18657635
0 0.91109378 0.45000000 0.99928247 0.33115244 0.96661405 0.30572167 0.87328749 0.42779290 0.90554033 0.45000000 0.91109378 0.45000000
0 0.88750661 0.45000000 0.87200489 0.42976996 0.84517519 0.45000000 0.88750661 0.45000000
0 0.29418728 0.45000000 0.29493619 0.45896340 0.32141200 0.46259424 0.31923747 0.48743044 0.34608499 0.49285378 0.35009101 0.45000000 0.29418728 0.45000000
0 0.35545575 0.45000000 0.35173153 0.49350410 0.38774190 0.49881518 0.39092553 0.47001038 0.41702728 0.47184570 0.41830040 0.46032386 0.43523966 0.46227313 0.43762157 0.45000000 0.35545575 0.45000000
0 0.46575941 0.45000000 0.46575585 0.45003223 0.47390761 0.45388723 0.47300655 0.46720327 0.49170396 0.46877125 0.48779335 0.45000000 0.46575941 0.45000000
0 0.53906250 0.78002700 0.59512648 0.98604875 0.68386574 0.97610655 0.75143587 0.96174408 0.68355985 0.64241251 0.53906250 0.66752095 0.53906250 0.78002700
0 0.68223806 0.45000000 0.71398585 0.57514475 0.71896982 0.57408538 1.00000000 0.49878313 1.00000000 0.45525456 0.99888311 0.45000000 0.68223806 0.45000000
0 1.00000000 0.71402647 0.83982388 0.74807295 0.80892690 0.75501730 0.82207539 0.82061868 0.84375798 0.92262725 0.99132589 0.89789955 1.00000000 0.89595063 1.00000000 0.88836875 0.99708558 0.86845230 1.00000000 0.86794164 1.00000000 0.71402647
