0 0.42085711 0.35937500 0.42650776 0.34229894 0.43045163 0.28453653 0.43948387 0.24943816 0.30183876 0.22938900 0.29566283 0.24122456 0.27866040 0.35405602 0.30801481 0.35937500 0.42085711 0.35937500
0 0.82117367 0.35937500 0.82286590 0.34559294 0.80270490 0.34311748 0.80096334 0.34447777 0.76839552 0.34047895 0.76665431 0.34183969 0.73408649 0.33784087 0.73234533 0.33920121 0.69822635 0.33501193 0.69648519 0.33637227 0.66391697 0.33237340 0.66217581 0.33373374 0.63270989 0.33011578 0.63099612 0.34407337 0.63235641 0.34581492 0.65096665 0.34809998 0.65232700 0.34984114 0.65213659 0.35139189 0.65349689 0.35313345 0.65273052 0.35937500 0.82117367 0.35937500
0 0.65246224 0.32309586 0.65420385 0.32173517 0.68211901 0.32516272 0.68386057 0.32380243 0.71332648 0.32742038 0.71506765 0.32606004 0.71816955 0.32644090 0.72083547 0.30472876 0.69912372 0.30206289 0.69738211 0.30342359 0.65395822 0.29809180 0.65221705 0.29945215 0.63050491 0.29678623 0.62764858 0.32004913 0.65246224 0.32309586
0 0.72959690 0.32312120 0.72921603 0.32622311 0.79125017 0.33383994 0.79299133 0.33247960 0.81625423 0.33533592 0.81489354 0.33359431 0.81736899 0.31343332 0.81600865 0.31169216 0.81426749 0.31305250 0.75533486 0.30581649 0.75359370 0.30717683 0.73033080 0.30432051 0.72823616 0.32137999 0.72959690 0.32312120
0 0.63295306 0.26402801 0.63009673 0.28729091 0.63630007 0.28805258 0.63804168 0.28669189 0.66440608 0.28992903 0.66614725 0.28856869 0.69406241 0.29199624 0.69580397 0.29063594 0.72061762 0.29368268 0.72347395 0.27041978 0.70021105 0.26756345 0.69846988 0.26892380 0.66745282 0.26511538 0.66571161 0.26647612 0.63624529 0.26285811 0.63450373 0.26421841 0.63295306 0.26402801
0 0.76733348 0.29784413 0.76907465 0.29648378 0.81715120 0.30238684 0.81889236 0.30102649 0.82003491 0.29172117 0.81867457 0.28998001 0.82019793 0.27757318 0.81864718 0.27738278 0.81690601 0.27874312 0.76727871 0.27264965 0.76553750 0.27401040 0.73296928 0.27001152 0.73011300 0.29327402 0.76733348 0.29784413
0 0.65929000 0.25466791 0.66103116 0.25330756 0.69515013 0.25749685 0.69689135 0.25613610 0.72325575 0.25937325 0.72592162 0.23766150 0.72456128 0.23592033 0.69509536 0.23230238 0.69335380 0.23366267 0.65923522 0.22947344 0.65749406 0.23083378 0.63888343 0.22854868 0.63602710 0.25181158 0.65929000 0.25466791
0 0.80428134 0.26617367 0.80602255 0.26481293 0.82153089 0.26671711 0.82343507 0.25120878 0.82207473 0.24946761 0.82283641 0.24326420 0.82128566 0.24307379 0.81954450 0.24443414 0.77456945 0.23891190 0.77282829 0.24027224 0.73560781 0.23570214 0.73294189 0.25741429 0.80428134 0.26617367
0 0.63980821 0.20819729 0.63847530 0.21905297 0.64778054 0.22019551 0.64952170 0.21883516 0.67588611 0.22207230 0.67762727 0.22071196 0.70399208 0.22394915 0.70573324 0.22258880 0.72589423 0.22506426 0.72856015 0.20335212 0.72719980 0.20161095 0.72254715 0.20103968 0.72080598 0.20240002 0.67738209 0.19706824 0.67564093 0.19842859 0.63997120 0.19404889 0.63844783 0.20645572 0.63980821 0.20819729
0 0.76485588 0.22827402 0.76659749 0.22691332 0.81157213 0.23243552 0.81331330 0.23107517 0.82416937 0.23240813 0.82550233 0.22155205 0.82414198 0.21981089 0.82528448 0.21050597 0.78806400 0.20593587 0.78632284 0.20729622 0.74134780 0.20177397 0.73960663 0.20313432 0.73650512 0.20275350 0.73383921 0.22446565 0.76485588 0.22827402
0 0.80359808 0.13070544 0.80835858 0.09193421 0.80370592 0.09136293 0.80234558 0.08962177 0.80272645 0.08651986 0.80446761 0.08515952 0.81377293 0.08630207 0.81605798 0.06769183 0.81779914 0.06633148 0.81856082 0.06012807 0.82030199 0.05876772 0.82106372 0.05256391 0.81970337 0.05082275 0.77938099 0.04587178 0.77766721 0.05982936 0.77592600 0.06119011 0.77902790 0.06157097 0.78038825 0.06331214 0.77258101 0.12689702 0.80359808 0.13070544
0 0.07391303 0.35937500 0.06409994 0.73523396 0.11989344 0.74208454 0.22660385 0.74687183 0.23221499 0.70117283 0.24099043 0.37420355 0.12474866 0.35937500 0.07391303 0.35937500
0 0.69855750 0.90573425 0.67878664 0.97705325 0.72660503 0.98668228 0.72821513 0.98270427 0.72320395 0.97954306 0.72576615 0.96284805 0.70846557 0.94860567 0.71569828 0.92209455 0.69855750 0.90573425
0 0.60937500 0.92441702 0.66974081 0.97523172 0.67490951 0.97627253 0.69483910 0.90283337 0.67139435 0.88305153 0.66255261 0.91354290 0.64509315 0.90142267 0.64155669 0.91361927 0.63040135 0.90491859 0.62541352 0.91897304 0.61312398 0.90789387 0.60937500 0.92388188 0.60937500 0.92441702
