0 0.33578963 0.16080215 0.24495072 0.18162062 0.24951715 0.20438619 0.34035606 0.18356772 0.33578963 0.16080215
0 0.22875095 0.53846154 0.20848361 0.67135422 0.22684045 0.67363898 0.24441473 0.53846154 0.22875095 0.53846154
0 0.27190600 0.53846154 0.25280712 0.67396103 0.26707753 0.67400946 0.28840857 0.53846154 0.27190600 0.53846154
0 0.31480130 0.53846154 0.29550575 0.67281924 0.31000137 0.67544181 0.32923957 0.53846154 0.31480130 0.53846154
0 0.37315896 0.53846154 0.35019003 0.69008271 0.47656417 0.71144953 0.50085947 0.53846154 0.37315896 0.53846154
0 0.52793450 0.70565828 0.54254272 0.70956793 0.56904207 0.55291548 0.55348459 0.55297965 0.52793450 0.70565828
0 0.60013163 0.53846154 0.57668225 0.71436265 0.59397722 0.71933416 0.61452747 0.53846154 0.60013163 0.53846154
0 0.87077673 1.00000000 0.86679859 0.95452969 0.80214157 0.96018645 0.80562480 1.00000000 0.87077673 1.00000000
0 1.00000000 0.91874548 0.93414958 0.92450665 0.93154493 0.92232165 0.90041400 0.92504525 0.90697169 1.00000000 1.00000000 1.00000000 1.00000000 0.98631028 0.99748861 0.98653000 0.99488395 0.98434500 0.99383642 0.97237166 0.99602203 0.96976695 1.00000000 0.96941893 1.00000000 0.94287608 0.99371747 0.94342573 0.99111282 0.94124073 0.99006523 0.92926678 0.99225089 0.92666268 1.00000000 0.92598472 1.00000000 0.91874548
0 0.64361350 0.85823049 0.64382300 0.86062503 0.64163795 0.86322907 0.64352352 0.88478121 0.65789140 0.88352418 0.66049611 0.88570979 0.66154364 0.89768313 0.65935798 0.90028723 0.64499009 0.90154425 0.64750420 0.93028064 0.64968925 0.92767660 0.66166259 0.92662907 0.66426725 0.92881406 0.66552433 0.94318256 0.66333866 0.94578666 0.64897078 0.94704369 0.65001831 0.95901703 0.71467533 0.95336027 0.71727937 0.95554532 0.82983037 0.94569838 0.83243446 0.94788405 0.86835510 0.94474140 0.86688852 0.92797835 0.85252002 0.92923544 0.84991598 0.92705038 0.84886845 0.91507704 0.85105344 0.91247239 0.86542194 0.91121531 0.86060328 0.85613770 0.84623478 0.85739478 0.84363069 0.85520912 0.84258315 0.84323577 0.84695325 0.83802769 0.85892721 0.83698011 0.85725113 0.81782252 0.77104198 0.82536484 0.76843727 0.82317923 0.74209604 0.82548379 0.73949200 0.82329874 0.73928251 0.82090419 0.64109940 0.82949410 0.64214693 0.84146744 0.65412027 0.84041991 0.65672492 0.84260491 0.65777251 0.85457886 0.65558684 0.85718296 0.64361350 0.85823049
0 1.00000000 0.82217337 0.99958544 0.81743487 0.98521755 0.81869189 0.98261345 0.81650623 0.98114693 0.79974380 0.98333193 0.79713914 0.99769981 0.79588212 0.99602374 0.77672453 0.98165586 0.77798155 0.97905181 0.77579650 0.97737574 0.75663891 0.97956079 0.75403487 0.99392868 0.75277785 0.99350969 0.74798875 0.92406357 0.75406450 0.92145948 0.75187884 0.89751219 0.75397396 0.90065483 0.78989459 0.89846978 0.79249863 0.88889099 0.79333667 0.89957596 0.91546646 0.93070689 0.91274286 0.93331155 0.91492785 1.00000000 0.90909337 1.00000000 0.89944125 0.99234083 0.90011135 0.98973679 0.89792630 0.98827021 0.88116325 0.99045526 0.87855921 1.00000000 0.87772415 1.00000000 0.85600705 0.98856969 0.85700707 0.98596560 0.85482141 0.98449907 0.83805898 0.98668407 0.83545432 1.00000000 0.83428933 1.00000000 0.82217337
0 0.95675157 0.74155194 0.99985585 0.73778081 0.99880831 0.72580746 0.98444043 0.72706449 0.98183639 0.72487944 0.98078886 0.71290610 0.98297391 0.71030206 0.99973695 0.70883548 0.99827038 0.69207244 0.98150733 0.69353902 0.97890329 0.69135397 0.97764621 0.67698547 0.97983126 0.67438143 0.99419914 0.67312440 0.99273257 0.65636135 0.97836468 0.65761838 0.97576064 0.65543333 0.97471306 0.64345938 0.97689811 0.64085534 0.99366115 0.63938876 0.99261362 0.62741542 0.99000896 0.62523042 0.98979942 0.62283526 0.97543153 0.62409229 0.97282749 0.62190724 0.97177996 0.60993390 0.97396501 0.60732986 0.99072805 0.60586328 0.98926148 0.58910024 0.97249843 0.59056681 0.96989439 0.58838176 0.96968484 0.58598661 0.97186989 0.58338256 0.97145090 0.57859347 0.97363595 0.57598943 0.98082020 0.57536089 0.98300519 0.57275624 0.98779490 0.57233719 0.98716636 0.56515294 0.96321906 0.56724806 0.96061503 0.56506313 0.86961617 0.57302450 0.88407232 0.73825906 0.88886203 0.73784001 0.89146607 0.74002506 0.89188506 0.74481415 0.95414692 0.73936694 0.95675157 0.74155194
