0 0.64878125 0.44291587 0.41508894 0.37934135 0.40816587 0.43016827 0.64146394 0.49121394 0.64878125 0.44291587
0 0.63534135 0.50023558 0.40079808 0.44184135 0.38931490 0.48365385 0.62245192 0.54564423 0.63534135 0.50023558
0 0.62751442 0.57766827 0.38293510 0.50434135 0.37287740 0.54933894 0.61667548 0.61700240 0.62751442 0.57766827
0 0.61430048 0.63593750 0.36507212 0.56684135 0.36006250 0.59023558 0.60858654 0.65458894 0.61430048 0.63593750
0 0.63925000 0.30383173 0.50976683 0.27343750 0.51172115 0.31448317 0.63026923 0.34431010 0.63925000 0.30383173
0 0.65810337 0.23940865 0.53656250 0.20399279 0.53043269 0.24981250 0.64852163 0.27720192 0.65810337 0.23940865
0 0.67445913 0.17954567 0.55263942 0.14670192 0.54320192 0.18436538 0.66373558 0.22132933 0.67445913 0.17954567
0 0.69760096 0.11261779 0.57299279 0.08361538 0.56588462 0.12515385 0.68271154 0.15437500 0.69760096 0.11261779
0 0.69568990 0.16175721 0.81469231 0.19343750 0.82208173 0.16856010 0.80452885 0.16618269 0.81473317 0.14554808 0.70626442 0.11545192 0.69568990 0.16175721
0 0.67505288 0.22048317 0.79750000 0.25636538 0.80325481 0.23675721 0.78529808 0.22904327 0.78815625 0.21317067 0.68125721 0.18663221 0.67505288 0.22048317
0 0.66875240 0.24045192 0.65651683 0.27929808 0.78663702 0.31619712 0.79368750 0.28295673 0.66875240 0.24045192
0 0.77926683 0.34302885 0.65168990 0.31056731 0.64516587 0.35527404 0.76305048 0.38595913 0.77926683 0.34302885
