0 0.58939263 0.38751555 0.64455132 0.38475332 0.63857131 0.30320463 0.57902709 0.30615385 0.58939263 0.38751555
0 0.50805783 0.38577858 0.56396336 0.38483369 0.55714805 0.30310633 0.49560188 0.30571770 0.50805783 0.38577858
0 0.43429263 0.39041392 0.49401857 0.38706879 0.48444474 0.30624212 0.42228913 0.30762011 0.43429263 0.39041392
0 0.35476997 0.39238450 0.41025494 0.38835723 0.40640250 0.30829073 0.34378500 0.30969743 0.35476997 0.39238450
0 0.28069298 0.39621103 0.33873368 0.39465728 0.33275691 0.31310711 0.26985633 0.31292694 0.28069298 0.39621103
0 0.20668879 0.39686550 0.26346649 0.39581503 0.25861660 0.31621172 0.19642497 0.31898853 0.20668879 0.39686550
0 0.12684962 0.39960416 0.18690143 0.39588105 0.17769828 0.31792872 0.11763603 0.31980445 0.12684962 0.39960416
0 0.08753616 0.36652386 0.10988838 0.36697781 0.10590219 0.32066606 0.08451047 0.32110167 0.08753616 0.36652386
0 0.57583731 0.26911224 0.63376897 0.26947828 0.63726287 0.19061784 0.57331656 0.19168066 0.57583731 0.26911224
0 0.49840218 0.26930684 0.55764864 0.26567964 0.55602447 0.19152039 0.49558631 0.19232044 0.49840218 0.26930684
0 0.41968007 0.27555925 0.48204139 0.27285183 0.47994440 0.19321914 0.41608201 0.19521811 0.41968007 0.27555925
0 0.34820602 0.27525031 0.40677583 0.27400956 0.40685348 0.19823579 0.34866096 0.19707455 0.34820602 0.27525031
0 0.26912836 0.27799022 0.32742313 0.27730090 0.33191528 0.19933808 0.27044942 0.20163140 0.26912836 0.27799022
0 0.19839782 0.27891834 0.25478752 0.27733671 0.25703345 0.20419364 0.19519457 0.20514484 0.19839782 0.27891834
0 0.13737482 0.21430570 0.11672083 0.21486101 0.11857583 0.28351437 0.17483013 0.28169722 0.17574629 0.20609920 0.13494619 0.20372865 0.13737482 0.21430570
0 0.64046237 0.16817339 0.65969145 0.16819730 0.65677351 0.12912251 0.63926246 0.13176790 0.64046237 0.16817339
0 0.63545228 0.11356414 0.65405203 0.11399085 0.65254912 0.07202290 0.63345671 0.07238138 0.63545228 0.11356414
0 0.57364833 0.17147059 0.63059710 0.17072421 0.62524909 0.12908469 0.56731029 0.13165784 0.57364833 0.17147059
0 0.58640072 0.11684445 0.60531723 0.11750533 0.60043478 0.07264019 0.58245471 0.07553184 0.58640072 0.11684445
0 0.49073956 0.17656482 0.55294519 0.17399948 0.54148175 0.12795827 0.48833680 0.13330461 0.49073956 0.17656482
0 0.48773755 0.12087059 0.52516631 0.12034527 0.51545255 0.06891882 0.48033060 0.07684061 0.48773755 0.12087059
0 0.41964415 0.17664462 0.47403667 0.17521324 0.46736576 0.12750565 0.41395997 0.13552292 0.41964415 0.17664462
0 0.43224508 0.12212737 0.45388382 0.12112780 0.45073630 0.07796976 0.43024184 0.07923686 0.43224508 0.12212737
0 0.12589231 0.17208661 0.10545606 0.17134254 0.10689010 0.18772378 0.40123820 0.17841241 0.39827386 0.13567492 0.12116028 0.14339494 0.12589231 0.17208661
0 0.32374094 0.12960110 0.37778202 0.12544195 0.37317943 0.08315591 0.31425104 0.08477371 0.32374094 0.12960110
0 0.17151026 0.13050987 0.23027265 0.13008120 0.22526398 0.09237348 0.16654828 0.09647925 0.17151026 0.13050987
0 0.93288547 0.59895833 0.93254742 0.57313539 0.90322092 0.57121336 0.89792981 0.54008174 0.85203836 0.54114979 0.84818384 0.54514634 0.84744603 0.56339546 0.83870944 0.56750563 0.82956380 0.54037057 0.77582696 0.53901664 0.73195651 0.54524679 0.73526071 0.57382008 0.79682591 0.57629410 0.80078269 0.58010885 0.80353271 0.59895833 0.93288547 0.59895833
0 0.51450190 1.00000000 0.50789554 0.99652660 0.28036693 0.85075729 0.26172985 0.84467963 0.24478501 0.89325842 0.24685714 0.90232616 0.26162265 0.91109849 0.25893201 0.92939305 0.26192943 0.93453242 0.37246302 1.00000000 0.51450190 1.00000000
0 0.95312540 1.00000000 0.94721014 0.98003494 0.95468058 0.95381544 0.94562017 0.93318980 0.94072105 0.93200154 0.89754939 0.99160897 0.89266257 1.00000000 0.95312540 1.00000000
0 0.67968750 0.90743995 0.68356632 0.91063849 0.70393467 0.89974620 0.73620745 0.90290195 0.76791286 0.93732566 0.77298241 0.95153277 0.78466529 0.94865631 0.80350688 0.97035659 0.81892498 0.95437037 0.81882272 0.94655907 0.79797717 0.92099858 0.79193121 0.90681419 0.77814211 0.89801914 0.71269324 0.82270774 0.70486489 0.82158765 0.67968750 0.85809099 0.67968750 0.90743995
