0 0.39903846 0.47836538 0.39903846 0.43110888 0.16165857 0.32940287 0.14486664 0.37404196 0.39361603 0.47836538 0.39903846 0.47836538
0 0.39903846 0.36135086 0.18351824 0.27106312 0.16429418 0.31732714 0.39903846 0.41400865 0.39903846 0.36135086
0 0.39903846 0.30443646 0.20085429 0.21999177 0.18719023 0.25666585 0.39903846 0.34597496 0.39903846 0.30443646
0 0.39903846 0.21442991 0.23731164 0.14399999 0.21894992 0.18138832 0.39903846 0.25727461 0.39903846 0.21442991
0 0.39903846 0.16433315 0.26048885 0.10562434 0.23985076 0.13546493 0.39903846 0.20378498 0.39903846 0.16433315
0 0.39903846 0.10754491 0.27102158 0.05291344 0.26001500 0.09119515 0.39903846 0.15022297 0.39903846 0.10754491
0 0.39903846 0.28258104 0.41147015 0.28323256 0.41374487 0.28575876 0.42814819 0.28651361 0.42839982 0.28171220 0.43092620 0.27943761 0.43320092 0.28196381 0.43800202 0.28221543 0.43900849 0.26301101 0.44153487 0.26073642 0.44266713 0.23913161 0.44519348 0.23685640 0.44645154 0.21285119 0.44897786 0.21057660 0.45023595 0.18657078 0.45276203 0.18429617 0.45414592 0.15788995 0.45667273 0.15561538 0.45692433 0.15081459 0.44782526 0.14070853 0.44795106 0.13830813 0.44567628 0.13578192 0.44580208 0.13338152 0.44100098 0.13312991 0.44087518 0.13553031 0.44314990 0.13805651 0.43975308 0.20287156 0.43722676 0.20514615 0.43496221 0.24835639 0.43723693 0.25088260 0.43648207 0.26528622 0.43395575 0.26756081 0.43382995 0.26996121 0.43130363 0.27223580 0.43105200 0.27703721 0.42852562 0.27931180 0.41652283 0.27868276 0.41424811 0.27615656 0.40464590 0.27565332 0.40211958 0.27792792 0.39903846 0.27776644 0.39903846 0.28258104
0 0.48066790 0.11113700 0.48016467 0.12073921 0.49696868 0.12161988 0.49709448 0.11921948 0.49962068 0.11694488 0.49987231 0.11214347 0.48066790 0.11113700
0 0.39903846 0.12130217 0.40789648 0.12176640 0.41042289 0.11949119 0.42482614 0.12024603 0.42735253 0.11797144 0.43215363 0.11822306 0.43240523 0.11342226 0.42520354 0.11304484 0.42292882 0.11051864 0.42545518 0.10824343 0.43025634 0.10849505 0.43278266 0.10622046 0.44478539 0.10684949 0.44731177 0.10457490 0.45931468 0.10520395 0.45956631 0.10040254 0.44756340 0.09977349 0.44503702 0.10204808 0.43303429 0.10141905 0.43050794 0.10369425 0.41850515 0.10306521 0.41597877 0.10533980 0.40397604 0.10471076 0.40144972 0.10698536 0.39903846 0.10685899 0.39903846 0.12130217
0 0.62154574 0.13296328 0.62634654 0.13321488 0.62862114 0.13574108 0.62836950 0.14054249 0.63064472 0.14306872 0.63304512 0.14319452 0.63531972 0.14572071 0.67372854 0.14773363 0.67523824 0.11892701 0.67043744 0.11867542 0.66816223 0.11614919 0.67068907 0.11387400 0.67081487 0.11147361 0.67334107 0.10919901 0.67574146 0.10932481 0.67699952 0.08531960 0.67459913 0.08519380 0.67232456 0.08266699 0.63391573 0.08065406 0.63366410 0.08545547 0.63113729 0.08773004 0.62633649 0.08747844 0.62520423 0.10908325 0.62267803 0.11135785 0.62154574 0.13296328
0 0.53828114 0.11415639 0.53815531 0.11655740 0.54295672 0.11680903 0.54548295 0.11453382 0.55748555 0.11516285 0.56001175 0.11288825 0.56481316 0.11313988 0.56506479 0.10833847 0.56759099 0.10606387 0.57239179 0.10631547 0.57491860 0.10404090 0.57529603 0.09683910 0.57782223 0.09456450 0.58502404 0.09494193 0.58590470 0.07813791 0.54029406 0.07574756 0.54016823 0.07814857 0.53764203 0.08042317 0.53524102 0.08029734 0.53296642 0.07777114 0.53309225 0.07537013 0.52349004 0.07486690 0.52185455 0.10607392 0.52905636 0.10645135 0.53133093 0.10897816 0.53120513 0.11137856 0.53600654 0.11163019 0.53828114 0.11415639
0 0.00071329 0.47836538 0.39903846 0.88424264 0.39903846 0.71709260 0.16799935 0.47836538 0.00071329 0.47836538
0 1.00000000 0.56355740 0.99297505 0.56318923 0.99524965 0.56571543 0.99512385 0.56811583 0.99739845 0.57064203 0.99727262 0.57304304 1.00000000 0.57318598 1.00000000 0.56355740
0 1.00000000 0.54670723 0.99625611 0.54651102 0.99372991 0.54878562 0.99132890 0.54865978 0.99360412 0.55118601 0.99322669 0.55838782 0.99802748 0.55863942 1.00000000 0.55686336 1.00000000 0.54670723
