0 0.56435817 0.76267308 0.54601923 0.83223317 0.61703846 0.84643510 0.63303846 0.77812260 0.56435817 0.76267308
0 0.64046635 0.78379327 0.62608894 0.84933173 0.69822356 0.86666827 0.71376923 0.79699038 0.64046635 0.78379327
0 0.66206010 0.70100000 0.64676202 0.77024519 0.71980048 0.78693750 0.73437740 0.71653606 0.66206010 0.70100000
0 0.68767548 0.62122596 0.66968029 0.68882692 0.74170913 0.70356250 0.75219712 0.63517788 0.68767548 0.62122596
0 0.67423558 0.61693269 0.63081731 0.60471635 0.60390865 0.71089663 0.65524519 0.72083173 0.67423558 0.61693269
0 0.51423317 0.50238221 0.50035817 0.54484375 0.61399279 0.57506971 0.62583894 0.53128846 0.51423317 0.50238221
0 0.57418029 0.44671394 0.55488702 0.50712740 0.62859615 0.52555288 0.64903846 0.46357933 0.57418029 0.44671394
0 0.48704808 0.42570433 0.46800000 0.48862019 0.54500000 0.50091587 0.56155288 0.44470433 0.48704808 0.42570433
0 0.40110577 0.40247356 0.38053606 0.46563221 0.45617067 0.48283413 0.47677404 0.42109135 0.40110577 0.40247356
0 0.38231731 0.46954087 0.35952885 0.51667067 0.47687500 0.54244712 0.49313221 0.49867788 0.38231731 0.46954087
0 0.36293750 0.51778365 0.34397115 0.56180769 0.45932933 0.58542308 0.47692308 0.54292067 0.36293750 0.51778365
