0 0.40000000 0.32711893 0.27951919 0.32303420 0.27479481 0.34809629 0.15336590 0.34358814 0.15059820 0.31755136 0.00000000 0.31248414 0.00000000 0.55870763 0.40000000 0.57278854 0.40000000 0.32711893
0 0.40000000 0.12728582 0.08760908 0.11449993 0.08462608 0.13087563 0.00000000 0.12775560 0.00000000 0.25747127 0.40000000 0.27225031 0.40000000 0.12728582
0 0.70504877 0.30773200 0.70283104 0.30514709 0.68644712 0.30424596 0.68583382 0.31652753 0.68337077 0.31885500 0.67166823 0.31821135 0.66945050 0.31562644 0.61561798 0.31266560 0.61340024 0.31008069 0.61401355 0.29779912 0.57422395 0.29561065 0.57200625 0.29302511 0.56498509 0.29263894 0.56314514 0.32948429 0.58186945 0.33051414 0.58408718 0.33309905 0.58335119 0.34783744 0.58088815 0.35016491 0.51769347 0.34668915 0.51547514 0.34410420 0.51313475 0.34397548 0.51252145 0.35625705 0.51005837 0.35858514 0.45856624 0.35575303 0.45634866 0.35316750 0.44230549 0.35239511 0.44193749 0.35976430 0.43947427 0.36209176 0.41840940 0.36093317 0.41779606 0.37321537 0.41533290 0.37554283 0.41484225 0.38536822 0.43590706 0.38652680 0.43812498 0.38911172 0.43800232 0.39156791 0.44502391 0.39195410 0.44724179 0.39453965 0.51043616 0.39801540 0.51129481 0.38082082 0.51375785 0.37849336 0.53716353 0.37978069 0.53753153 0.37241149 0.53999460 0.37008340 0.58212458 0.37240059 0.58236989 0.36748821 0.58483293 0.36516074 0.63164369 0.36773537 0.63225703 0.35545318 0.63472007 0.35312571 0.64408223 0.35364064 0.64629996 0.35622555 0.68140818 0.35815653 0.68214414 0.34341877 0.68460718 0.34109130 0.69162894 0.34147751 0.69384727 0.34406245 0.70554981 0.34470610 0.70604047 0.33488072 0.70850351 0.33255325 0.71552527 0.33293946 0.71774301 0.33552437 0.75285123 0.33745535 0.75334187 0.32762997 0.75580492 0.32530250 0.82368037 0.32903571 0.82417102 0.31921033 0.82663466 0.31688290 0.84769935 0.31804147 0.85016242 0.31571338 0.85421028 0.23465412 0.83314559 0.23349555 0.83092785 0.23091063 0.83129585 0.22354144 0.83375889 0.22121398 0.81035321 0.21992664 0.80813548 0.21734173 0.78472980 0.21605440 0.78226675 0.21838186 0.77760560 0.31172269 0.77514252 0.31405078 0.76343998 0.31340714 0.76122168 0.31082156 0.70504877 0.30773200
0 0.63074527 0.19773211 0.63776703 0.19811832 0.63998474 0.20070386 0.63924878 0.21544162 0.63678573 0.21776908 0.63555910 0.24233286 0.63309545 0.24466029 0.63051955 0.29624340 0.67733091 0.29881806 0.67794421 0.28653649 0.68040726 0.28420902 0.68163390 0.25964525 0.68409694 0.25731778 0.70516163 0.25847636 0.70552960 0.25110780 0.69382705 0.25046415 0.69160935 0.24787860 0.68224720 0.24736368 0.68002947 0.24477877 0.68015212 0.24232258 0.68261519 0.23999448 0.68359649 0.22034372 0.68605954 0.21801625 0.70478384 0.21904610 0.70539715 0.20676453 0.70786019 0.20443707 0.71020058 0.20456579 0.71056857 0.19719660 0.67077957 0.19500817 0.66856184 0.19242325 0.66388107 0.19216581 0.66166273 0.18958086 0.66215341 0.17975485 0.64342911 0.17872500 0.64293843 0.18855101 0.64047539 0.19087847 0.61941070 0.18971990 0.61892005 0.19954528 0.62828220 0.20006021 0.63074527 0.19773211
0 0.48722622 0.15781840 0.48476315 0.16014649 0.47540099 0.15963157 0.47318329 0.15704603 0.46148063 0.15640237 0.46086733 0.16868394 0.45840407 0.17101202 0.43733920 0.16985344 0.43672590 0.18213501 0.43426274 0.18446247 0.41787894 0.18356135 0.41566109 0.18097643 0.41319792 0.18330389 0.41270727 0.19312927 0.41024402 0.19545735 0.40556294 0.19519989 0.40494964 0.20748146 0.44473876 0.20966990 0.44695667 0.21225482 0.45631882 0.21276975 0.45693212 0.20048818 0.45939535 0.19816072 0.45951803 0.19570390 0.46198120 0.19337644 0.47134335 0.19389137 0.47356108 0.19647628 0.52973399 0.19956584 0.53145125 0.16517731 0.53391489 0.16284988 0.53501888 0.14074230 0.53033750 0.14048482 0.52811977 0.13789990 0.51173585 0.13699877 0.51136786 0.14436797 0.50644117 0.14902287 0.50176040 0.14876542 0.49954266 0.14618051 0.48783952 0.14553683 0.48722622 0.15781840
0 0.60263860 0.10258903 0.60017555 0.10491649 0.57677047 0.10362919 0.57627982 0.11345458 0.57381678 0.11578204 0.55275149 0.11462343 0.55029821 0.16375098 0.54783517 0.16607844 0.54648590 0.19309778 0.58861589 0.19541496 0.59083359 0.19800050 0.59317398 0.19812923 0.59440062 0.17356545 0.59686366 0.17123799 0.59833561 0.14176184 0.60079865 0.13943437 0.61952295 0.14046423 0.62174129 0.14304917 0.63110344 0.14356410 0.63183940 0.12882634 0.63430247 0.12649824 0.63652018 0.12908378 0.67162840 0.13101477 0.67384613 0.13359968 0.67433678 0.12377430 0.67679985 0.12144620 0.69552415 0.12247605 0.69601477 0.11265130 0.68665322 0.11213640 0.68443492 0.10955083 0.67507277 0.10903590 0.67285503 0.10645099 0.67395899 0.08434404 0.62480784 0.08164068 0.62431719 0.09146606 0.62185355 0.09379350 0.61483238 0.09340733 0.61261465 0.09082242 0.60325190 0.09030746 0.60263860 0.10258903
0 0.72580872 0.03300760 0.72458209 0.05757112 0.72211904 0.05989871 0.70105435 0.05874013 0.69982774 0.08330327 0.71855205 0.08433313 0.72076975 0.08691867 0.72052444 0.09183105 0.72274214 0.09441659 0.72163819 0.11652354 0.74504387 0.11781088 0.74577985 0.10307249 0.74824290 0.10074502 0.79271327 0.10319093 0.79493100 0.10577584 0.81599570 0.10693442 0.81636366 0.09956585 0.82129037 0.09491033 0.84001468 0.09594018 0.84075064 0.08120242 0.84321371 0.07887433 0.86427840 0.08003290 0.86525970 0.06038226 0.84419500 0.05922369 0.84197728 0.05663865 0.84234527 0.04926958 0.84480832 0.04694199 0.84566695 0.02974753 0.84344922 0.02716250 0.82472492 0.02613264 0.82250719 0.02354761 0.82336583 0.00635315 0.77655447 0.00377849 0.77569584 0.02097294 0.77323279 0.02330053 0.75216810 0.02214195 0.75167745 0.03196734 0.74921440 0.03429493 0.72580872 0.03300760
0 0.70633447 0.00000000 0.70548000 0.01711101 0.72888568 0.01839834 0.72949899 0.00611658 0.73196204 0.00378896 0.74834596 0.00469009 0.75056368 0.00727516 0.75302673 0.00494753 0.75314940 0.00249119 0.70785576 0.00000000 0.70633447 0.00000000
0 0.56082285 0.00000000 0.55852701 0.04597482 0.55606336 0.04830244 0.55422341 0.08514791 0.57762909 0.08643525 0.58009216 0.08410715 0.58033747 0.07919477 0.58280054 0.07686668 0.58982231 0.07725288 0.59228535 0.07492542 0.60632888 0.07569782 0.60681953 0.06587244 0.60928257 0.06354497 0.62800687 0.06457483 0.62862018 0.05229313 0.63108324 0.04996547 0.67555361 0.05241138 0.67817087 0.00000000 0.56082285 0.00000000
0 0.41531063 0.00000000 0.40703492 0.16572311 0.41405657 0.16610931 0.41442453 0.15874074 0.41935089 0.15408520 0.43807519 0.15511505 0.43819785 0.15265886 0.44066107 0.15033140 0.44090641 0.14541840 0.44336963 0.14309094 0.45273178 0.14360587 0.45519495 0.14127841 0.46221659 0.14166461 0.46246193 0.13675160 0.46492509 0.13442414 0.46504775 0.13196796 0.46751094 0.12963987 0.48623513 0.13066971 0.48648044 0.12575734 0.48894348 0.12342987 0.49128447 0.12355863 0.49374751 0.12123116 0.51247181 0.12226102 0.51283981 0.11489182 0.51530288 0.11256373 0.52466503 0.11307865 0.52712808 0.11075119 0.53883122 0.11139487 0.54263374 0.03524831 0.54509679 0.03292065 0.54674075 0.00000000 0.41531063 0.00000000
0 0.03525581 0.62968750 0.14451965 0.95139370 0.23117954 0.92332034 0.22010569 0.89413829 0.24934703 0.88671004 0.24141675 0.85334459 0.26195976 0.84700009 0.25708377 0.81088604 0.28614204 0.80632401 0.23051659 0.62968750 0.18338289 0.62968750 0.13807122 0.64801544 0.13136626 0.62968750 0.03525581 0.62968750
0 0.89286246 1.00000000 0.96285632 0.91432519 0.96335106 0.90488502 0.92753088 0.87608962 0.91348453 0.87535348 0.83039941 0.97568483 0.85962690 1.00000000 0.89286246 1.00000000
0 1.00000000 0.79093703 0.90511110 0.88167235 0.90421975 0.89868026 0.94058193 0.92997150 0.94285849 0.93009081 1.00000000 0.87598769 1.00000000 0.79093703
0 0.94734657 0.62968750 0.79971763 0.77298096 0.79755026 0.81433671 0.98470763 0.62968750 0.94734657 0.62968750
0 0.94717469 0.62968750 0.84930972 0.72236329 0.84719142 0.76278282 0.99024959 0.62968750 0.94717469 0.62968750
0 1.00000000 0.62968750 0.97327452 0.62968750 0.90943480 0.70909806 0.92874721 0.72781726 0.93122780 0.72774543 1.00000000 0.64258032 1.00000000 0.62968750
