0 0.43605769 0.66736298 0.21912260 0.61841587 0.18280288 0.75744471 0.40199038 0.81063942 0.43605769 0.66736298
0 0.45922837 0.58084135 0.24344231 0.52518510 0.21908413 0.59808413 0.44204087 0.64848317 0.45922837 0.58084135
0 0.45830769 0.57116346 0.48269712 0.47797596 0.31607452 0.43131971 0.29361779 0.53385337 0.45830769 0.57116346
0 0.53568510 0.29067548 0.36773077 0.25432933 0.32041346 0.42274279 0.48894712 0.46370192 0.53568510 0.29067548
0 0.55547356 0.22822356 0.39792548 0.19011058 0.38293510 0.23524279 0.53832692 0.27299760 0.55547356 0.22822356
0 0.66339423 0.72739904 0.46586058 0.67585337 0.44903125 0.71788221 0.64896154 0.77585577 0.66339423 0.72739904
0 0.68184135 0.66543510 0.47903365 0.61295673 0.46332212 0.65364663 0.66622837 0.71326442 0.68184135 0.66543510
0 0.71787981 0.53710577 0.51965625 0.48781010 0.50262019 0.53211779 0.70581490 0.58542308 0.71787981 0.53710577
0 0.63179087 0.44869712 0.53229567 0.42295673 0.51512500 0.46961779 0.61787500 0.49855288 0.63179087 0.44869712
0 0.66997596 0.32398077 0.56587740 0.29879327 0.54906490 0.34114663 0.65494471 0.36781971 0.66997596 0.32398077
0 0.78390144 0.28919471 0.58683894 0.23193029 0.57228846 0.27690865 0.76923798 0.32983654 0.78390144 0.28919471
