0 0.34196635 0.87760337 0.31999760 0.76902163 0.24339904 0.77961779 0.27074279 0.88908894 0.34196635 0.87760337
0 0.32053125 0.75434135 0.26561779 0.54534856 0.19472837 0.55725481 0.24676923 0.77207933 0.32053125 0.75434135
0 0.26485817 0.53180529 0.21104567 0.31973077 0.13384856 0.33274279 0.19395913 0.54528846 0.26485817 0.53180529
0 0.38520673 0.86597837 0.86536779 0.77170192 0.84229808 0.66637260 0.36073798 0.76390625 0.38520673 0.86597837
0 0.84620433 0.66207212 0.80463221 0.44357692 0.30634856 0.53287981 0.35635817 0.74991106 0.84620433 0.66207212
0 0.79782212 0.43322115 0.75639904 0.22135337 0.25163221 0.31451442 0.31038462 0.52667308 0.79782212 0.43322115
0 0.75557452 0.21198558 0.70710096 0.00324038 0.25921635 0.07396154 0.32373798 0.29056010 0.75557452 0.21198558
0 1.00000000 0.36675481 0.83550962 0.39673317 0.84914183 0.46415144 1.00000000 0.44140144 1.00000000 0.36675481
0 1.00000000 0.44592308 0.85270433 0.47134615 0.88638702 0.68626202 0.99946394 0.66346635 1.00000000 0.49552644 1.00000000 0.44592308
0 0.99505769 0.04233894 0.78403846 0.03687981 0.79646635 0.13136298 0.85305529 0.11945913 0.87600721 0.19263942 0.99934375 0.17100721 0.99505769 0.04233894
