0 0.77995913 0.77927163 0.78075240 0.84726202 0.86892308 0.84750481 0.86998558 0.77923798 0.77995913 0.77927163
0 0.78411298 0.70786779 0.78111779 0.75697356 0.87099760 0.75484375 0.87139423 0.70139183 0.78411298 0.70786779
0 0.78553846 0.60060096 0.78156971 0.66449279 0.87213702 0.67540144 0.87641346 0.60598798 0.78553846 0.60060096
0 0.78373558 0.53307692 0.78582933 0.58333173 0.87307692 0.58058173 0.87195673 0.53243510 0.78373558 0.53307692
0 0.78465865 0.41411538 0.78588942 0.49520433 0.87586779 0.49559375 0.87580288 0.41779087 0.78465865 0.41411538
0 0.78300962 0.36455769 0.78380288 0.39949519 0.87625962 0.40359615 0.87506971 0.36313462 0.78300962 0.36455769
0 0.78693510 0.23811298 0.78814423 0.33443269 0.87413221 0.33124760 0.87523077 0.24429087 0.78693510 0.23811298
0 0.78762260 0.19353846 0.78643269 0.21803365 0.87586779 0.22406731 0.87487260 0.19510096 0.78762260 0.19353846
0 0.78803846 0.05441827 0.78887260 0.16197837 0.88082933 0.16846154 0.88107452 0.05764904 0.78803846 0.05441827
0 0.67790144 0.04716587 0.67810096 0.16366587 0.76426683 0.16654087 0.76702163 0.05337260 0.67790144 0.04716587
0 0.67045673 0.18774038 0.67045673 0.21305048 0.76257692 0.21909856 0.76517548 0.19141346 0.67045673 0.18774038
0 0.67386298 0.23312740 0.67656971 0.32398798 0.75765865 0.32494952 0.76376923 0.24451202 0.67386298 0.23312740
0 0.67110817 0.35628125 0.67089183 0.39645433 0.76128365 0.40091587 0.76161058 0.36301202 0.67110817 0.35628125
0 0.67331010 0.40333413 0.67535817 0.48726923 0.75892788 0.49558413 0.76212981 0.40879327 0.67331010 0.40333413
0 0.67064183 0.52586779 0.66447115 0.57610817 0.75801202 0.57651683 0.75745673 0.52811058 0.67064183 0.52586779
0 0.67504808 0.59604567 0.67237981 0.67339183 0.75916827 0.66951202 0.75766827 0.59824760 0.67504808 0.59604567
0 0.67393990 0.70875721 0.66922596 0.75908413 0.75260337 0.75997356 0.75318990 0.70556250 0.67393990 0.70875721
0 0.67108894 0.77367548 0.67011538 0.85073558 0.75954808 0.84393029 0.75746875 0.77790865 0.67108894 0.77367548
0 0.53583413 0.00000000 0.53124038 0.74508654 0.58940865 0.74746875 0.59771394 0.00000000 0.53583413 0.00000000
0 0.45142788 0.00000000 0.44337260 0.73732933 0.50552885 0.73915625 0.51279567 0.00000000 0.45142788 0.00000000
0 0.18242548 0.03944952 0.18176923 0.16337019 0.38107692 0.15618510 0.38047596 0.04292067 0.18242548 0.03944952
0 0.17664904 0.19208894 0.17704567 0.21895913 0.38042548 0.21071875 0.38201202 0.18622596 0.17664904 0.19208894
0 0.17511298 0.23837740 0.17762260 0.33121635 0.38195192 0.32389423 0.38483894 0.23047596 0.17511298 0.23837740
0 0.17319712 0.35406731 0.17518029 0.39611298 0.38054808 0.38337500 0.38094471 0.35194231 0.17319712 0.35406731
0 0.17116827 0.41892067 0.17394712 0.50151923 0.37934135 0.49559375 0.37962500 0.41443990 0.17116827 0.41892067
0 0.16775962 0.52466106 0.16923798 0.57417308 0.37934135 0.57240625 0.37656490 0.52250721 0.16775962 0.52466106
0 0.17147837 0.67660337 0.19752885 0.68395192 0.37934135 0.66708173 0.37920673 0.59380769 0.16757933 0.59723077 0.17147837 0.67660337
0 0.17205529 0.75875481 0.19698798 0.76294952 0.37934135 0.75818750 0.37839663 0.70458654 0.20340625 0.72283173 0.17324519 0.71425962 0.17205529 0.75875481
0 0.21726202 0.84956490 0.33031010 0.84861538 0.37413221 0.84571875 0.37509856 0.77742067 0.21623317 0.78575000 0.17244231 0.77944952 0.17363221 0.84661058 0.21726202 0.84956490
