0 0.22004087 0.22072837 0.21924760 0.15273798 0.13107692 0.15249519 0.13001442 0.22076202 0.22004087 0.22072837
0 0.21588702 0.29213221 0.21888221 0.24302644 0.12900240 0.24515625 0.12860577 0.29860817 0.21588702 0.29213221
0 0.21446154 0.39939904 0.21843029 0.33550721 0.12786298 0.32459856 0.12358654 0.39401202 0.21446154 0.39939904
0 0.21626442 0.46692308 0.21417067 0.41666827 0.12692308 0.41941827 0.12804327 0.46756490 0.21626442 0.46692308
0 0.21534135 0.58588462 0.21411058 0.50479567 0.12413221 0.50440625 0.12419712 0.58220913 0.21534135 0.58588462
0 0.21699038 0.63544231 0.21619712 0.60050481 0.12374038 0.59640385 0.12493029 0.63686538 0.21699038 0.63544231
0 0.21306490 0.76188702 0.21185577 0.66556731 0.12586779 0.66875240 0.12476923 0.75570913 0.21306490 0.76188702
0 0.21237740 0.80646154 0.21356731 0.78196635 0.12413221 0.77593269 0.12512740 0.80489904 0.21237740 0.80646154
0 0.21196154 0.94558173 0.21112740 0.83802163 0.11917067 0.83153846 0.11892548 0.94235096 0.21196154 0.94558173
0 0.32209856 0.95283413 0.32189904 0.83633413 0.23573317 0.83345913 0.23297837 0.94662740 0.32209856 0.95283413
0 0.32954327 0.81225962 0.32954327 0.78694952 0.23742308 0.78090144 0.23482452 0.80858654 0.32954327 0.81225962
0 0.32613702 0.76687260 0.32343029 0.67601202 0.24234135 0.67505048 0.23623077 0.75548798 0.32613702 0.76687260
0 0.32889183 0.64371875 0.32910817 0.60354567 0.23871635 0.59908413 0.23838942 0.63698798 0.32889183 0.64371875
0 0.32668990 0.59666587 0.32464183 0.51273077 0.24107212 0.50441587 0.23787019 0.59120673 0.32668990 0.59666587
0 0.32935817 0.47413221 0.33552885 0.42389183 0.24198798 0.42348317 0.24254327 0.47188942 0.32935817 0.47413221
0 0.32495192 0.40395433 0.32762019 0.32660817 0.24083173 0.33048798 0.24233173 0.40175240 0.32495192 0.40395433
0 0.32606010 0.29124279 0.33077404 0.24091587 0.24739663 0.24002644 0.24681010 0.29443750 0.32606010 0.29124279
0 0.32891106 0.22632452 0.32988462 0.14926442 0.24045192 0.15606971 0.24253125 0.22209135 0.32891106 0.22632452
0 0.46416587 1.00000000 0.46875962 0.25491346 0.41059135 0.25253125 0.40228606 1.00000000 0.46416587 1.00000000
0 0.54857212 1.00000000 0.55662740 0.26267067 0.49447115 0.26084375 0.48720433 1.00000000 0.54857212 1.00000000
0 0.81757452 0.96055048 0.81823077 0.83662981 0.61892308 0.84381490 0.61952404 0.95707933 0.81757452 0.96055048
0 0.82335096 0.80791106 0.82295433 0.78104087 0.61957452 0.78928125 0.61798798 0.81377404 0.82335096 0.80791106
0 0.82488702 0.76162260 0.82237740 0.66878365 0.61804808 0.67610577 0.61516106 0.76952404 0.82488702 0.76162260
0 0.82680288 0.64593269 0.82481971 0.60388702 0.61945192 0.61662500 0.61905529 0.64805769 0.82680288 0.64593269
0 0.82883173 0.58107933 0.82605288 0.49848077 0.62065865 0.50440625 0.62037500 0.58556010 0.82883173 0.58107933
0 0.83224038 0.47533894 0.83076202 0.42582692 0.62065865 0.42759375 0.62343510 0.47749279 0.83224038 0.47533894
0 0.82852163 0.32339663 0.80247115 0.31604808 0.62065865 0.33291827 0.62079327 0.40619231 0.83242067 0.40276923 0.82852163 0.32339663
0 0.82794471 0.24124519 0.80301202 0.23705048 0.62065865 0.24181250 0.62160337 0.29541346 0.79659375 0.27716827 0.82675481 0.28574038 0.82794471 0.24124519
0 0.78273798 0.15043510 0.66968990 0.15138462 0.62586779 0.15428125 0.62490144 0.22257933 0.78376683 0.21425000 0.82755769 0.22055048 0.82636779 0.15338942 0.78273798 0.15043510
