0 0.66736298 0.56394231 0.61841587 0.78087740 0.75744471 0.81719712 0.81063942 0.59800962 0.66736298 0.56394231
0 0.58084135 0.54077163 0.52518510 0.75655769 0.59808413 0.78091587 0.64848317 0.55795913 0.58084135 0.54077163
0 0.57116346 0.54169231 0.47797596 0.51730288 0.43131971 0.68392548 0.53385337 0.70638221 0.57116346 0.54169231
0 0.29067548 0.46431490 0.25432933 0.63226923 0.42274279 0.67958654 0.46370192 0.51105288 0.29067548 0.46431490
0 0.22822356 0.44452644 0.19011058 0.60207452 0.23524279 0.61706490 0.27299760 0.46167308 0.22822356 0.44452644
0 0.72739904 0.33660577 0.67585337 0.53413942 0.71788221 0.55096875 0.77585577 0.35103846 0.72739904 0.33660577
0 0.66543510 0.31815865 0.61295673 0.52096635 0.65364663 0.53667788 0.71326442 0.33377163 0.66543510 0.31815865
0 0.53710577 0.28212019 0.48781010 0.48034375 0.53211779 0.49737981 0.58542308 0.29418510 0.53710577 0.28212019
0 0.44869712 0.36820913 0.42295673 0.46770433 0.46961779 0.48487500 0.49855288 0.38212500 0.44869712 0.36820913
0 0.32398077 0.33002404 0.29879327 0.43412260 0.34114663 0.45093510 0.36781971 0.34505529 0.32398077 0.33002404
0 0.28919471 0.21609856 0.23193029 0.41316106 0.27690865 0.42771154 0.32983654 0.23076202 0.28919471 0.21609856
