0 0.00000000 0.00000000 0.00000000 0.25347047 0.01852549 0.24973551 0.00031425 0.00000000 0.00000000 0.00000000
0 1.00000000 0.46482025 0.98347602 0.46684913 0.99695200 0.57660214 1.00000000 0.57622789 1.00000000 0.46482025
0 0.98046163 0.48175096 0.97811799 0.46266353 0.96618850 0.46412829 0.96350978 0.46203545 0.96321677 0.45964906 0.95128728 0.46111382 0.94860857 0.45902098 0.94802263 0.45424882 0.93609253 0.45571365 0.93341381 0.45362081 0.92387010 0.45479263 0.91851206 0.45060703 0.91821913 0.44822125 0.90151809 0.45027188 0.89883869 0.44817851 0.89854575 0.44579273 0.88661627 0.44725749 0.88393756 0.44516465 0.88364454 0.44277826 0.86455712 0.44512191 0.88096261 0.57873389 0.87886984 0.58141321 0.88004166 0.59095692 0.98979406 0.57748102 0.97836879 0.48442967 0.98046163 0.48175096
0 0.79573941 0.55529171 0.79632535 0.56006387 0.80348329 0.55918499 0.80616261 0.56127775 0.80645555 0.56366353 0.81361288 0.56278472 0.81629159 0.56487756 0.81658452 0.56726333 0.81926392 0.56935671 0.81955686 0.57174249 0.82910057 0.57057066 0.83177928 0.57266350 0.83207230 0.57504989 0.83475101 0.57714273 0.83504394 0.57952850 0.84458766 0.57835668 0.84726698 0.58044945 0.84785293 0.58522161 0.85023870 0.58492867 0.85559613 0.58911435 0.85798190 0.58882142 0.86334001 0.59300763 0.87526950 0.59154287 0.85739918 0.44600079 0.84785547 0.44717261 0.84517675 0.44507977 0.84459088 0.44030822 0.82550346 0.44265186 0.82282475 0.44055902 0.82253173 0.43817264 0.80344431 0.44051628 0.80076499 0.43842351 0.80047205 0.43603774 0.78377101 0.43808837 0.78109161 0.43599499 0.78079867 0.43360922 0.74739598 0.43771055 0.76145783 0.55223511 0.78770319 0.54901258 0.79038191 0.55110542 0.79096786 0.55587758 0.79306069 0.55319887 0.79573941 0.55529171
0 0.60750495 0.46215286 0.61189930 0.49794194 0.62382939 0.49647711 0.62353638 0.49409072 0.62562922 0.49141201 0.63278655 0.49053320 0.63488000 0.48785441 0.63965155 0.48726854 0.64174500 0.48458975 0.64442371 0.48668259 0.64919526 0.48609672 0.65128810 0.48341801 0.64982327 0.47148791 0.65400956 0.46613041 0.66355327 0.46495859 0.66091669 0.44348539 0.66300953 0.44080668 0.68209696 0.43846303 0.68477567 0.44055587 0.68975589 0.48111650 0.68766305 0.48379521 0.67811934 0.48496703 0.68192781 0.51598456 0.74873380 0.50778181 0.73965217 0.43381788 0.73010846 0.43498971 0.72742975 0.43289687 0.72684380 0.42812470 0.72207164 0.42871065 0.71939293 0.42661781 0.71909992 0.42423143 0.61889124 0.43653551 0.61918425 0.43892189 0.61709141 0.44160060 0.61231925 0.44218655 0.61436995 0.45888820 0.61227711 0.46156691 0.60750495 0.46215286
0 0.21349596 1.00000000 0.21661004 0.99601416 0.21631710 0.99362839 0.22050270 0.98827035 0.22020977 0.98588457 0.22648882 0.97784775 0.22619588 0.97546198 0.23038210 0.97010387 0.23008916 0.96771809 0.23636768 0.95968196 0.23607467 0.95729557 0.24026096 0.95193807 0.23908914 0.94239436 0.22954542 0.94356618 0.22686671 0.94147334 0.18153392 0.94703951 0.17944047 0.94971829 0.17973341 0.95210407 0.17345497 0.96014082 0.17374790 0.96252659 0.16956169 0.96788470 0.16985463 0.97027048 0.16357550 0.97830669 0.16386851 0.98069307 0.15968283 0.98605050 0.15997584 0.98843688 0.15369671 0.99647310 0.15398965 0.99885887 0.15309822 1.00000000 0.21349596 1.00000000
0 0.13584228 1.00000000 0.13908851 0.99584501 0.13879558 0.99345924 0.14298118 0.98810120 0.14268824 0.98571543 0.14896730 0.97767861 0.14867436 0.97529283 0.15286065 0.96993533 0.15256764 0.96754894 0.15884608 0.95951220 0.15855314 0.95712642 0.16273943 0.95176892 0.16244650 0.94938315 0.16872555 0.94134633 0.16843254 0.93895994 0.17261822 0.93360252 0.16993950 0.93150968 0.12699249 0.93678291 0.12280681 0.94214033 0.12309975 0.94452611 0.11682070 0.95256293 0.11711371 0.95494931 0.11292803 0.96030674 0.11322097 0.96269251 0.10694191 0.97072934 0.10723485 0.97311511 0.10095580 0.98115193 0.10124873 0.98353771 0.09706313 0.98889574 0.09735606 0.99128152 0.09107701 0.99931834 0.09116071 1.00000000 0.13584228 1.00000000
0 0.22703525 0.86395189 0.22732819 0.86633767 0.22314251 0.87169509 0.22343544 0.87408087 0.21924984 0.87943890 0.21954278 0.88182468 0.21744940 0.88450407 0.21774234 0.88688985 0.21355666 0.89224727 0.21384960 0.89463305 0.20966338 0.89999116 0.20995632 0.90237694 0.20786356 0.90505626 0.26751161 0.89773240 0.26692566 0.89296024 0.26901850 0.89028152 0.26843255 0.88550936 0.27052600 0.88283057 0.27768394 0.88195169 0.27709807 0.87718014 0.27441867 0.87508676 0.27353978 0.86792883 0.27563324 0.86525004 0.28756272 0.86378528 0.28609797 0.85185579 0.28819081 0.84917708 0.29773452 0.84800526 0.29656270 0.83846155 0.27986105 0.84051225 0.27718233 0.83841941 0.23662171 0.84339963 0.23691464 0.84578541 0.23272836 0.85114291 0.23302129 0.85352868 0.23092853 0.85620800 0.23122146 0.85859378 0.22703525 0.86395189
0 0.18241535 0.81614845 0.18032251 0.81882716 0.17077880 0.81999898 0.17224363 0.83192908 0.17015079 0.83460779 0.16299285 0.83548668 0.16357872 0.84025823 0.16148588 0.84293694 0.16236477 0.85009487 0.16027200 0.85277420 0.15311407 0.85365308 0.15457882 0.86558257 0.15248598 0.86826128 0.14294227 0.86943310 0.14440703 0.88136259 0.14231419 0.88404130 0.13038409 0.88550613 0.13214186 0.89982201 0.19656207 0.89191220 0.19509732 0.87998271 0.19719008 0.87730339 0.20911957 0.87583863 0.20765481 0.86390915 0.20974826 0.86123036 0.21451981 0.86064449 0.21661326 0.85796570 0.21514851 0.84603621 0.21724127 0.84335689 0.22201282 0.84277101 0.22410566 0.84009230 0.22264090 0.82816281 0.22473435 0.82548403 0.23427807 0.82431221 0.23252030 0.80999633 0.23461314 0.80731762 0.24654263 0.80585286 0.24507779 0.79392276 0.24717124 0.79124398 0.25432857 0.79036517 0.25257088 0.77604990 0.23109768 0.77868648 0.22900484 0.78136519 0.22632612 0.77927235 0.22603311 0.77688597 0.19262981 0.78098738 0.19053705 0.78366670 0.19200181 0.79559619 0.18990897 0.79827490 0.18275103 0.79915378 0.18065758 0.80183257 0.18241535 0.81614845
0 0.42788462 1.00000000 0.42788462 0.81946507 0.42330968 0.82532072 0.42360262 0.82770650 0.41941701 0.83306453 0.41970995 0.83545031 0.41552373 0.84080842 0.41581667 0.84319419 0.40953815 0.85123033 0.40983116 0.85361671 0.40564488 0.85897421 0.40593789 0.86136060 0.39965876 0.86939681 0.39995169 0.87178258 0.39576609 0.87714062 0.39605903 0.87952639 0.38977997 0.88756322 0.39007291 0.88994899 0.38588670 0.89530710 0.38617963 0.89769288 0.37990119 0.90572962 0.38019413 0.90811540 0.37600784 0.91347290 0.37630085 0.91585928 0.37211517 0.92121671 0.37240818 0.92360310 0.36612906 0.93163931 0.36642199 0.93402508 0.36223639 0.93938312 0.36252932 0.94176889 0.35625027 0.94980571 0.35654321 0.95219149 0.35235699 0.95754960 0.35264993 0.95993538 0.34637149 0.96797212 0.34666442 0.97035790 0.34247813 0.97571539 0.34277115 0.97810178 0.33649209 0.98613860 0.33678503 0.98852438 0.33259935 0.99388180 0.33289229 0.99626758 0.32997620 1.00000000 0.42788462 1.00000000
0 0.81801206 1.00000000 0.81781063 0.99835954 0.81990340 0.99568022 0.97021703 0.97722403 0.96699450 0.95097866 0.93359120 0.95508007 0.93091249 0.95298724 0.93003368 0.94582991 0.92735489 0.94373646 0.92471832 0.92226326 0.89131502 0.92636467 0.88863631 0.92427183 0.88805036 0.91949967 0.89014319 0.91682095 0.88750662 0.89534775 0.84933177 0.90003503 0.84665305 0.89794219 0.84874582 0.89526287 0.84552329 0.86901751 0.81212060 0.87311884 0.80944128 0.87102608 0.80705550 0.87131902 0.80437679 0.86922618 0.80232609 0.85252453 0.80441893 0.84984581 0.79885276 0.80451302 0.78453750 0.80627072 0.78185817 0.80417795 0.75799920 0.80710747 0.75532048 0.80501463 0.75239089 0.78115504 0.71898759 0.78525645 0.71630888 0.78316361 0.71162160 0.74498876 0.70446366 0.74586764 0.70178495 0.74377481 0.68746969 0.74553250 0.68479036 0.74343973 0.68001881 0.74402561 0.67733942 0.74193223 0.67411689 0.71568687 0.65264369 0.71832344 0.64996498 0.71623061 0.63564910 0.71798837 0.63799274 0.73707580 0.63589990 0.73975451 0.64498153 0.81371844 0.64288869 0.81639715 0.65197032 0.89036108 0.64987748 0.89303979 0.65866617 0.96461795 0.65657333 0.96729666 0.66058880 1.00000000 0.81801206 1.00000000
0 0.42788462 0.59855769 0.42788462 0.60302884 0.45164307 0.60011167 0.45432190 0.60220449 0.45520079 0.60936243 0.45310782 0.61204115 0.42788462 0.61513817 0.42788462 0.80111023 0.45230521 1.00000000 0.64605710 1.00000000 0.63844906 0.93803751 0.63577035 0.93594467 0.57135013 0.94385448 0.56867135 0.94176103 0.56628496 0.94205404 0.56360625 0.93996120 0.55950491 0.90655851 0.56159768 0.90387919 0.63556161 0.89479756 0.62560117 0.81367631 0.62769401 0.81099760 0.61480398 0.70601675 0.61689736 0.70333735 0.61513966 0.68902209 0.60798173 0.68990097 0.60530301 0.68780813 0.53849702 0.69601088 0.53581762 0.69391750 0.53435287 0.68198802 0.53644632 0.67930923 0.53234498 0.64590654 0.53443775 0.64322722 0.53092229 0.61459608 0.50229115 0.61811154 0.49693372 0.61392586 0.49504675 0.59855769 0.42788462 0.59855769
