0 0.10175386 0.35951190 0.10572206 0.35038248 0.09666918 0.34482622 0.10126402 0.31520025 0.07875428 0.31238751 0.07696886 0.35570426 0.10175386 0.35951190
0 0.16149320 0.39649855 0.16222210 0.41790736 0.18386028 0.41906082 0.18405113 0.39773464 0.16149320 0.39649855
0 0.24365888 0.16752265 0.22477994 0.16661708 0.22754309 0.19690408 0.24322701 0.19673211 0.24365888 0.16752265
0 0.33573079 0.54969772 0.34042398 0.53193800 0.35789920 0.53350795 0.35872059 0.52172435 0.32972441 0.51990986 0.32750126 0.54737740 0.33573079 0.54969772
0 0.37905536 0.55042798 0.37910552 0.56387087 0.39338572 0.56436330 0.39338376 0.54934374 0.37905536 0.55042798
0 0.37436022 0.55316814 0.37692470 0.54470311 0.39439992 0.54627306 0.39512490 0.53764276 0.37174362 0.53317073 0.36980968 0.55117834 0.37436022 0.55316814
0 0.67923792 0.32485162 0.68936238 0.36799292 0.70694984 0.36321745 0.69682538 0.32007615 0.67923792 0.32485162
0 0.77373538 0.30909416 0.78385984 0.35223546 0.80144730 0.34745999 0.79132284 0.30431869 0.77373538 0.30909416
0 0.89342058 0.01630047 0.89378358 0.00858476 0.87993237 0.00777612 0.87811755 0.04635106 0.94737523 0.05039431 0.95092206 0.01192049 0.90590440 0.00929237 0.90554140 0.01700808 0.89342058 0.01630047
0 0.74393795 0.31509149 0.75406250 0.35823098 0.77164833 0.35345542 0.76152541 0.31031602 0.74393795 0.31509149
0 0.86872687 0.02452862 0.86954355 0.00716963 0.82971869 0.00484466 0.82717162 0.02210263 0.86872687 0.02452862
0 0.71067659 0.32088479 0.72080105 0.36402608 0.73838851 0.35925062 0.72826404 0.31610932 0.71067659 0.32088479
0 0.48729887 0.95174592 0.48559745 0.97799571 0.58705087 0.98229475 0.58715720 0.98065425 0.58523407 0.97892774 0.58672283 0.95595897 0.48729887 0.95174592
0 0.75022679 0.97604833 0.77457558 0.97708010 0.77649818 0.97880658 0.77607280 0.98536944 0.81056678 0.98683111 0.81270207 0.98527616 0.83096405 0.98605001 0.83287813 0.95651921 0.80447096 0.95531547 0.80415194 0.96023740 0.80201667 0.96179194 0.78984254 0.96127606 0.78770675 0.96283057 0.77756155 0.96240067 0.77563895 0.96067419 0.77574528 0.95903369 0.77788058 0.95747873 0.79005523 0.95799463 0.79026789 0.95471362 0.74765713 0.95290800 0.74552187 0.95446254 0.69276643 0.95222705 0.69074599 0.98339877 0.74755929 0.98580621 0.74809101 0.97760284 0.75022679 0.97604833
0 0.85937070 0.98725372 0.85926434 0.98889465 0.87955525 0.98975447 0.88169055 0.98819952 0.91618453 0.98966119 0.91629086 0.98802068 0.91436826 0.98629420 0.91447462 0.98465327 0.91660988 0.98309874 0.93487186 0.98387259 0.93700713 0.98231805 0.94106500 0.98249001 0.94298760 0.98421649 0.94256225 0.99077893 0.95879477 0.99146678 0.96093055 0.98991227 0.98527934 0.99094404 0.98729978 0.95977232 0.95483474 0.95839662 0.95269947 0.95995115 0.86747847 0.95633995 0.86534318 0.95789490 0.85925585 0.95763695 0.85744810 0.98552724 0.85937070 0.98725372
