0 0.43506613 0.20849592 0.43853387 0.19423009 0.43160000 0.19313240 0.42986613 0.19642444 0.41773387 0.19423009 0.41600000 0.19752212 0.39346613 0.19532778 0.39346613 0.19752212 0.37960000 0.19532778 0.37786613 0.19971647 0.43506613 0.20849592
0 0.36573387 0.18654833 0.38653387 0.18984036 0.38826613 0.18545167 0.40213387 0.18764602 0.40386613 0.18325629 0.41946613 0.18545167 0.42120000 0.18325629 0.43160000 0.18435398 0.43333387 0.17996426 0.26693387 0.15692001 0.26520000 0.16350408 0.27906613 0.16569946 0.27560000 0.17338019 0.29293387 0.17667222 0.28946613 0.18325629 0.34840000 0.19203574 0.35013387 0.18874371 0.36400000 0.19093805 0.36573387 0.18654833
0 0.52000000 0.32920354 0.55889842 0.32920354 0.55956645 0.32902920 0.54366839 0.28319027 0.52000000 0.29382899 0.52000000 0.32920354
0 0.61046129 0.30182389 0.59615613 0.26038584 0.56160387 0.27436637 0.57155871 0.31899381 0.61046129 0.30182389
0 0.18281224 0.99213894 0.18078112 0.99475974 0.17671888 0.99475974 0.17671888 0.99737987 0.21937500 0.99737987 0.21937500 0.99475974 0.21734388 0.99213894 0.21734388 0.98951881 0.21531224 0.98689867 0.21531224 0.98427787 0.21328112 0.98165774 0.21328112 0.97903761 0.20312500 0.97903761 0.20312500 0.98427787 0.20109388 0.98689867 0.19296888 0.98689867 0.19296888 0.98951881 0.19093776 0.99213894 0.18281224 0.99213894
0 0.08125000 0.97379735 0.08125000 0.97903761 0.07921888 0.98165774 0.06500000 0.98165774 0.06500000 0.98427787 0.06296888 0.98689867 0.05484388 0.98689867 0.05484388 0.98951881 0.05281224 0.99213894 0.04468750 0.99213894 0.04468750 0.99737987 0.12390612 0.99737987 0.12390612 0.99475974 0.12187500 0.99213894 0.12187500 0.98951881 0.11984388 0.98689867 0.11984388 0.98165774 0.11781224 0.97903761 0.11781224 0.97641748 0.11578112 0.97379735 0.11578112 0.96855642 0.11375000 0.96593628 0.11375000 0.96331548 0.11171888 0.96069535 0.10156224 0.96069535 0.10156224 0.96593628 0.09953112 0.96855642 0.09140612 0.96855642 0.09140612 0.97117655 0.08937500 0.97379735 0.08125000 0.97379735
0 0.26609388 0.94759403 0.26406224 0.95021416 0.26406224 0.95283496 0.26203112 0.95545509 0.25390612 0.95545509 0.25390612 0.96069535 0.25187500 0.96331548 0.23765612 0.96331548 0.23765612 0.96593628 0.23562500 0.96855642 0.22750000 0.96855642 0.22750000 0.97379735 0.22546888 0.97641748 0.22343776 0.97641748 0.22546888 0.97903761 0.22546888 0.98427787 0.22750000 0.98689867 0.22750000 0.98951881 0.22953112 0.99213894 0.22953112 0.99737987 0.27015612 0.99737987 0.27015612 0.99475974 0.27218776 0.99213894 0.28437500 0.99213894 0.28640612 0.98951881 0.29250000 0.98951881 0.29250000 0.98689867 0.29453112 0.98427787 0.30265612 0.98427787 0.30265612 0.98165774 0.30468776 0.97903761 0.30671888 0.97903761 0.30671888 0.97379735 0.30468776 0.97117655 0.30468776 0.96855642 0.30265612 0.96593628 0.30265612 0.96069535 0.30062500 0.95807522 0.30062500 0.95545509 0.29859388 0.95283496 0.29859388 0.94759403 0.29656224 0.94497390 0.29656224 0.94235309 0.29453112 0.93973296 0.29453112 0.93711283 0.28437500 0.93711283 0.28437500 0.93973296 0.28234388 0.94235309 0.27421888 0.94235309 0.27421888 0.94497390 0.27218776 0.94759403 0.26609388 0.94759403
0 0.15437500 0.93711283 0.14625000 0.93711283 0.14421888 0.93973296 0.14218776 0.93973296 0.14015612 0.94235309 0.13812500 0.94235309 0.13609388 0.94497390 0.13203112 0.94497390 0.13000000 0.94759403 0.12796888 0.94759403 0.12593776 0.95021416 0.12593776 0.95283496 0.12796888 0.95545509 0.12796888 0.95807522 0.13000000 0.96069535 0.13000000 0.96331548 0.13203112 0.96593628 0.13203112 0.97117655 0.13406224 0.97379735 0.13406224 0.97641748 0.13609388 0.97903761 0.13609388 0.98165774 0.13812500 0.98427787 0.13812500 0.98951881 0.14015612 0.99213894 0.14015612 0.99475974 0.14218776 0.99737987 0.15843776 0.99737987 0.16046888 0.99475974 0.16250000 0.99475974 0.16453112 0.99213894 0.16859388 0.99213894 0.17062500 0.98951881 0.17265612 0.98951881 0.17468776 0.98689867 0.17671888 0.98689867 0.17875000 0.98427787 0.18281224 0.98427787 0.18484388 0.98165774 0.18687500 0.98165774 0.18890612 0.97903761 0.19093776 0.97903761 0.19296888 0.97641748 0.19296888 0.97117655 0.19500000 0.96855642 0.20718776 0.96855642 0.20718776 0.96331548 0.20515612 0.96069535 0.20515612 0.95807522 0.20312500 0.95545509 0.20312500 0.95021416 0.20109388 0.94759403 0.20109388 0.94235309 0.19906224 0.93973296 0.19906224 0.93711283 0.19703112 0.93449270 0.19703112 0.92925177 0.19500000 0.92663164 0.19500000 0.92401151 0.19296888 0.92139070 0.19296888 0.91877057 0.18484388 0.91877057 0.18078112 0.92401151 0.17265612 0.92401151 0.17265612 0.92925177 0.17062500 0.93187257 0.15843776 0.93187257 0.15437500 0.93711283
0 0.10968776 0.92925177 0.10968776 0.93187257 0.10765612 0.93449270 0.10156224 0.93449270 0.10156224 0.93711283 0.09953112 0.93973296 0.08734388 0.93973296 0.08734388 0.94497390 0.08531224 0.94759403 0.07515612 0.94759403 0.07515612 0.95021416 0.07312500 0.95283496 0.06500000 0.95283496 0.06093776 0.95807522 0.05484388 0.95807522 0.05484388 0.96331548 0.05281224 0.96593628 0.04265622 0.96593628 0.03859378 0.97117655 0.03859378 0.98165774 0.04875000 0.98165774 0.04875000 0.97641748 0.05078122 0.97379735 0.06093776 0.97379735 0.06296888 0.97117655 0.06500000 0.97117655 0.06703112 0.96855642 0.07515612 0.96855642 0.07515612 0.96593628 0.07718776 0.96331548 0.08328112 0.96331548 0.08328112 0.95807522 0.08531224 0.95545509 0.09750000 0.95545509 0.09750000 0.95283496 0.09953112 0.95021416 0.10968776 0.95021416 0.10968776 0.94759403 0.11171888 0.94497390 0.11984388 0.94497390 0.12390612 0.93973296 0.12593776 0.93973296 0.12796888 0.93711283 0.13000000 0.93711283 0.13000000 0.93449270 0.13203112 0.93187257 0.14421888 0.93187257 0.14625000 0.92925177 0.14625000 0.91615044 0.13609388 0.91615044 0.13609388 0.91877057 0.13406224 0.92139070 0.12187500 0.92139070 0.12187500 0.92663164 0.11984388 0.92925177 0.10968776 0.92925177
0 0.36156224 0.90828938 0.35953112 0.91091018 0.35750000 0.91091018 0.35750000 0.91615044 0.35546888 0.91877057 0.34734388 0.91877057 0.34328112 0.92401151 0.34328112 0.92663164 0.33921888 0.93187257 0.33312500 0.93187257 0.33312500 0.93449270 0.32906224 0.93973296 0.32906224 0.94497390 0.32703112 0.94759403 0.31890612 0.94759403 0.32093776 0.95021416 0.32093776 0.95283496 0.32296888 0.95545509 0.32296888 0.96069535 0.32500000 0.96331548 0.32500000 0.96593628 0.32703112 0.96855642 0.33109388 0.96855642 0.33312500 0.96593628 0.33515612 0.96593628 0.33515612 0.96331548 0.33718776 0.96069535 0.34531224 0.96069535 0.34531224 0.95807522 0.34734388 0.95545509 0.35546888 0.95545509 0.35546888 0.95021416 0.35750000 0.94759403 0.36562500 0.94759403 0.36562500 0.94497390 0.36765612 0.94235309 0.37578112 0.94235309 0.37578112 0.93973296 0.37781224 0.93711283 0.38796888 0.93711283 0.39000000 0.93449270 0.39203112 0.93449270 0.39203112 0.93187257 0.39000000 0.92925177 0.39000000 0.92663164 0.38796888 0.92401151 0.38796888 0.91877057 0.38593776 0.91615044 0.38593776 0.91353031 0.38390612 0.91091018 0.38390612 0.90566925 0.38187500 0.90304912 0.38187500 0.90042832 0.37984388 0.89780818 0.37984388 0.89518805 0.37375000 0.89518805 0.37171888 0.89780818 0.37171888 0.90042832 0.36968776 0.90304912 0.36968776 0.90566925 0.36765612 0.90828938 0.36156224 0.90828938
0 0.25187500 0.88470686 0.24984388 0.88732699 0.24171888 0.88732699 0.24171888 0.88994779 0.23968776 0.89256792 0.23156224 0.89256792 0.23156224 0.89518805 0.22953112 0.89780818 0.22343776 0.89780818 0.22140612 0.90042832 0.21531224 0.90042832 0.21531224 0.90304912 0.21328112 0.90566925 0.20718776 0.90566925 0.20312500 0.91091018 0.20312500 0.91877057 0.20515612 0.92139070 0.20515612 0.92401151 0.20718776 0.92663164 0.20718776 0.93187257 0.20921888 0.93449270 0.20921888 0.93711283 0.21125000 0.93973296 0.21125000 0.94497390 0.21328112 0.94759403 0.21328112 0.95283496 0.21531224 0.95545509 0.21531224 0.95807522 0.23156224 0.95807522 0.23156224 0.95545509 0.23359388 0.95283496 0.24171888 0.95283496 0.24375000 0.95021416 0.24375000 0.94759403 0.24578112 0.94497390 0.25390612 0.94497390 0.25390612 0.94235309 0.25593776 0.93973296 0.26812500 0.93973296 0.26812500 0.93711283 0.27015612 0.93449270 0.27828112 0.93449270 0.28031224 0.93187257 0.28031224 0.92925177 0.28234388 0.92663164 0.28843776 0.92663164 0.28843776 0.92401151 0.28640612 0.92139070 0.28640612 0.91877057 0.28437500 0.91615044 0.28437500 0.91091018 0.28234388 0.90828938 0.28234388 0.90566925 0.28031224 0.90304912 0.28031224 0.89780818 0.27828112 0.89518805 0.27828112 0.89256792 0.27625000 0.88994779 0.27625000 0.88470686 0.27421888 0.88208673 0.27421888 0.87684579 0.27218776 0.87422566 0.26609388 0.87422566 0.26609388 0.87684579 0.26406224 0.87946593 0.26000000 0.87946593 0.25796888 0.88208673 0.25187500 0.88208673 0.25187500 0.88470686
0 0.32500000 0.84278208 0.32500000 0.84540221 0.32296888 0.84802301 0.31484388 0.84802301 0.31484388 0.85326327 0.31281224 0.85588341 0.29859388 0.85588341 0.29859388 0.85850354 0.29656224 0.86112434 0.28843776 0.86112434 0.28843776 0.86374447 0.29046888 0.86636460 0.29046888 0.86898540 0.29250000 0.87160553 0.29250000 0.87422566 0.29453112 0.87684579 0.29453112 0.88208673 0.29656224 0.88470686 0.29656224 0.88732699 0.29859388 0.88994779 0.29859388 0.89518805 0.30062500 0.89780818 0.30062500 0.90042832 0.30265612 0.90304912 0.30265612 0.90828938 0.30468776 0.91091018 0.30468776 0.91353031 0.30671888 0.91615044 0.30671888 0.92139070 0.30875000 0.92401151 0.30875000 0.92663164 0.31078112 0.92925177 0.31078112 0.93187257 0.31281224 0.93449270 0.31281224 0.93711283 0.31687500 0.93711283 0.31890612 0.93449270 0.32093776 0.93449270 0.32296888 0.93187257 0.32296888 0.92925177 0.32500000 0.92663164 0.33109388 0.92663164 0.33109388 0.92401151 0.33312500 0.92139070 0.33515612 0.92139070 0.33921888 0.91615044 0.33921888 0.90828938 0.34125000 0.90566925 0.35140612 0.90566925 0.35343776 0.90304912 0.35546888 0.90304912 0.35750000 0.90042832 0.35953112 0.90042832 0.35953112 0.89780818 0.36156224 0.89518805 0.36359388 0.89518805 0.36359388 0.89256792 0.36562500 0.88994779 0.36765612 0.88994779 0.36765612 0.88732699 0.36968776 0.88470686 0.37171888 0.88470686 0.37171888 0.87946593 0.36968776 0.87684579 0.36968776 0.87422566 0.36765612 0.87160553 0.36765612 0.86898540 0.36562500 0.86636460 0.36562500 0.86112434 0.36359388 0.85850354 0.36359388 0.85588341 0.36156224 0.85326327 0.36156224 0.84802301 0.35953112 0.84540221 0.35953112 0.84278208 0.35750000 0.84016195 0.35750000 0.83754115 0.35546888 0.83492102 0.35546888 0.82968075 0.34937500 0.82968075 0.34531224 0.83492102 0.33718776 0.83492102 0.33515612 0.83754115 0.33515612 0.84016195 0.33312500 0.84278208 0.32500000 0.84278208
0 0.31078112 0.81919956 0.30875000 0.82181969 0.30875000 0.82443982 0.30671888 0.82706062 0.29859388 0.82706062 0.29859388 0.82968075 0.29656224 0.83230088 0.28640612 0.83230088 0.28640612 0.83492102 0.28437500 0.83754115 0.27625000 0.83754115 0.27625000 0.84278208 0.27421888 0.84540221 0.26406224 0.84540221 0.26406224 0.84802301 0.26203112 0.85064314 0.25796888 0.85064314 0.25796888 0.85588341 0.25593776 0.85850354 0.25390612 0.85850354 0.25390612 0.86112434 0.25187500 0.86374447 0.24171888 0.86374447 0.24171888 0.86636460 0.23968776 0.86898540 0.21937500 0.86898540 0.21734388 0.87160553 0.21531224 0.87160553 0.21531224 0.87422566 0.21328112 0.87684579 0.20312500 0.87684579 0.20312500 0.87946593 0.20109388 0.88208673 0.19500000 0.88208673 0.19500000 0.88994779 0.21125000 0.88994779 0.21125000 0.88732699 0.21328112 0.88470686 0.22343776 0.88470686 0.22343776 0.88208673 0.22546888 0.87946593 0.23765612 0.87946593 0.23765612 0.87684579 0.23968776 0.87422566 0.24781224 0.87422566 0.24781224 0.86898540 0.24984388 0.86636460 0.26000000 0.86636460 0.26000000 0.86374447 0.26203112 0.86112434 0.27015612 0.86112434 0.27015612 0.85850354 0.27218776 0.85588341 0.28031224 0.85588341 0.28234388 0.85326327 0.28234388 0.85064314 0.28437500 0.84802301 0.29250000 0.84802301 0.29250000 0.84540221 0.29656224 0.84016195 0.30468776 0.84016195 0.30468776 0.83754115 0.30671888 0.83492102 0.31484388 0.83492102 0.31484388 0.83230088 0.31687500 0.82968075 0.32093776 0.82968075 0.32296888 0.82706062 0.32703112 0.82706062 0.32703112 0.82443982 0.32906224 0.82181969 0.33718776 0.82181969 0.33718776 0.81919956 0.33921888 0.81657876 0.34328112 0.81657876 0.34734388 0.81133850 0.35140612 0.81133850 0.35140612 0.80871836 0.33109388 0.80871836 0.33109388 0.81133850 0.32906224 0.81395863 0.32093776 0.81395863 0.32093776 0.81657876 0.31890612 0.81919956 0.31078112 0.81919956
0 0.00609378 0.73535000 0.00812500 0.73797013 0.00812500 0.75107146 0.01015622 0.75369159 0.01015622 0.76679359 0.01218750 0.76941372 0.01218750 0.81657876 0.01015622 0.81919956 0.00812500 0.81919956 0.00812500 0.82968075 0.01015622 0.83230088 0.01015622 0.84540221 0.01218750 0.84802301 0.01218750 0.85850354 0.01421878 0.86112434 0.01421878 0.87422566 0.01625000 0.87684579 0.01625000 0.88994779 0.01828122 0.89256792 0.01828122 0.90042832 0.02437500 0.90042832 0.02640622 0.89780818 0.05484388 0.89780818 0.05281224 0.89518805 0.05281224 0.88208673 0.05078122 0.87946593 0.05078122 0.86898540 0.04875000 0.86636460 0.04875000 0.85588341 0.04671878 0.85326327 0.04671878 0.84016195 0.04468750 0.83754115 0.04468750 0.82706062 0.04265622 0.82443982 0.04265622 0.81919956 0.03250000 0.81919956 0.03046878 0.81657876 0.03046878 0.80609823 0.03250000 0.80347743 0.03656250 0.80347743 0.03656250 0.79561637 0.04062500 0.79037611 0.04265622 0.79037611 0.04062500 0.78775598 0.04062500 0.76679359 0.03859378 0.76417345 0.03859378 0.74845133 0.03656250 0.74583120 0.03656250 0.73272920 0.03453122 0.73010907 0.03453122 0.71962787 0.03046878 0.71962787 0.02843750 0.71700774 0.02843750 0.71438761 0.02640622 0.71176681 0.02437500 0.71438761 0.01625000 0.71438761 0.01625000 0.71700774 0.01421878 0.71962787 0.00609378 0.71962787 0.00609378 0.73535000
0 0.05484388 0.71176681 0.05281224 0.71438761 0.04265622 0.71438761 0.04265622 0.71962787 0.04468750 0.72224868 0.04468750 0.73010907 0.04671878 0.73272920 0.04671878 0.74059026 0.04875000 0.74321107 0.04875000 0.75369159 0.05078122 0.75631239 0.05078122 0.76417345 0.05281224 0.76679359 0.05281224 0.77203385 0.05484388 0.77465398 0.05484388 0.77989491 0.05687500 0.78251504 0.05687500 0.78513584 0.05484388 0.78775598 0.05281224 0.78775598 0.05281224 0.79037611 0.06296888 0.79037611 0.06500000 0.79299624 0.06500000 0.79561637 0.06703112 0.79823717 0.06703112 0.80609823 0.06500000 0.80871836 0.06296888 0.80871836 0.06296888 0.81395863 0.06500000 0.81657876 0.06500000 0.81919956 0.06296888 0.82181969 0.05281224 0.82181969 0.05281224 0.82706062 0.05484388 0.82968075 0.05484388 0.83492102 0.05687500 0.83754115 0.05687500 0.84540221 0.05890612 0.84802301 0.05890612 0.85588341 0.06093776 0.85850354 0.06093776 0.86374447 0.06296888 0.86636460 0.06296888 0.87422566 0.06500000 0.87684579 0.06500000 0.88208673 0.06703112 0.88470686 0.06703112 0.88732699 0.07109388 0.88732699 0.07312500 0.88470686 0.07718776 0.88470686 0.07921888 0.88208673 0.08734388 0.88208673 0.08937500 0.87946593 0.08937500 0.87684579 0.09140612 0.87422566 0.09750000 0.87422566 0.09750000 0.87160553 0.09953112 0.86898540 0.10562500 0.86898540 0.10765612 0.86636460 0.10968776 0.86636460 0.10765612 0.86374447 0.10765612 0.85588341 0.10562500 0.85326327 0.10562500 0.84802301 0.10359388 0.84540221 0.10359388 0.83754115 0.10156224 0.83492102 0.10156224 0.82968075 0.09953112 0.82706062 0.09953112 0.81395863 0.09750000 0.81133850 0.09750000 0.80609823 0.09546888 0.80347743 0.09546888 0.79561637 0.09343776 0.79299624 0.09343776 0.78513584 0.09140612 0.78251504 0.09140612 0.77727478 0.08937500 0.77465398 0.08937500 0.76679359 0.08734388 0.76417345 0.08734388 0.75893252 0.08531224 0.75631239 0.08531224 0.75107146 0.08328112 0.74845133 0.08328112 0.74321107 0.08125000 0.74059026 0.08125000 0.73535000 0.07921888 0.73272920 0.07921888 0.72748894 0.07718776 0.72486881 0.07515612 0.72486881 0.07312500 0.72224868 0.07312500 0.70390642 0.07109388 0.70128629 0.07109388 0.68818429 0.06500000 0.68818429 0.06500000 0.69080442 0.06296888 0.69342522 0.05890612 0.69342522 0.05687500 0.69604535 0.05484388 0.69604535 0.05484388 0.71176681
0 0.08937500 0.67508296 0.08937500 0.67770310 0.08734388 0.68032390 0.07921888 0.68032390 0.08125000 0.68294403 0.08125000 0.68556416 0.08328112 0.68818429 0.08328112 0.69080442 0.08531224 0.69342522 0.08531224 0.69604535 0.08734388 0.69866548 0.08734388 0.70390642 0.08937500 0.70652655 0.08734388 0.70914668 0.08531224 0.70914668 0.08328112 0.71176681 0.08328112 0.71438761 0.08531224 0.71438761 0.08734388 0.71700774 0.08734388 0.72486881 0.09140612 0.73010907 0.09140612 0.73272920 0.09343776 0.73535000 0.09343776 0.74059026 0.09546888 0.74321107 0.09546888 0.74583120 0.09750000 0.74845133 0.09750000 0.75369159 0.09953112 0.75631239 0.09750000 0.75893252 0.09343776 0.75893252 0.09546888 0.76155265 0.09546888 0.76679359 0.09750000 0.76941372 0.09750000 0.77203385 0.09953112 0.77465398 0.09953112 0.77727478 0.10156224 0.77989491 0.10156224 0.78513584 0.10359388 0.78775598 0.10359388 0.79037611 0.10562500 0.79299624 0.10562500 0.79561637 0.10765612 0.79823717 0.10765612 0.80085730 0.10968776 0.80347743 0.10968776 0.80871836 0.11171888 0.81133850 0.11171888 0.81395863 0.11375000 0.81657876 0.11375000 0.81919956 0.11578112 0.82181969 0.11578112 0.82443982 0.11781224 0.82706062 0.11781224 0.82968075 0.11578112 0.83230088 0.11375000 0.83230088 0.11375000 0.83754115 0.11578112 0.84016195 0.11578112 0.84540221 0.11781224 0.84802301 0.14015612 0.84802301 0.14015612 0.84278208 0.14218776 0.84016195 0.16250000 0.84016195 0.16250000 0.83754115 0.16453112 0.83492102 0.17265612 0.83492102 0.17265612 0.82968075 0.17468776 0.82706062 0.17468776 0.81919956 0.17265612 0.81657876 0.17265612 0.81395863 0.17062500 0.81133850 0.17062500 0.80871836 0.16859388 0.80609823 0.16859388 0.80085730 0.16656224 0.79823717 0.16656224 0.79561637 0.16453112 0.79299624 0.16453112 0.79037611 0.16250000 0.78775598 0.16250000 0.78251504 0.16046888 0.77989491 0.16046888 0.77727478 0.15843776 0.77465398 0.15843776 0.77203385 0.15640612 0.76941372 0.15640612 0.76417345 0.15437500 0.76155265 0.15437500 0.75893252 0.15234388 0.75631239 0.15234388 0.75107146 0.15031224 0.74845133 0.15031224 0.74583120 0.14828112 0.74321107 0.14828112 0.74059026 0.14625000 0.73797013 0.14625000 0.73272920 0.14421888 0.73010907 0.14421888 0.72748894 0.14218776 0.72486881 0.14218776 0.72224868 0.14015612 0.71962787 0.14015612 0.71700774 0.13812500 0.71438761 0.13812500 0.71176681 0.13609388 0.70914668 0.13609388 0.70390642 0.13406224 0.70128629 0.13406224 0.69866548 0.13203112 0.69604535 0.13203112 0.69342522 0.13000000 0.69080442 0.13000000 0.68818429 0.12796888 0.68556416 0.12796888 0.68294403 0.12593776 0.68032390 0.12593776 0.67770310 0.12390612 0.67508296 0.12390612 0.66984203 0.12187500 0.66722190 0.12187500 0.66460177 0.11984388 0.66198164 0.11375000 0.66198164 0.11375000 0.66460177 0.11171888 0.66722190 0.10562500 0.66722190 0.10562500 0.67246283 0.10359388 0.67508296 0.08937500 0.67508296
0 0.12796888 0.65674071 0.12796888 0.65936151 0.13000000 0.66198164 0.13000000 0.66460177 0.13203112 0.66722190 0.13203112 0.66984203 0.13406224 0.67246283 0.13406224 0.67770310 0.13609388 0.68032390 0.13609388 0.68294403 0.13812500 0.68556416 0.13812500 0.68818429 0.14015612 0.69080442 0.14015612 0.69342522 0.14218776 0.69604535 0.14218776 0.70128629 0.14421888 0.70390642 0.14421888 0.70652655 0.14625000 0.70914668 0.14625000 0.71176681 0.14828112 0.71438761 0.14828112 0.71700774 0.15031224 0.71962787 0.15031224 0.72224868 0.15234388 0.72486881 0.15234388 0.73010907 0.15437500 0.73272920 0.15437500 0.73535000 0.15640612 0.73797013 0.15640612 0.74059026 0.15843776 0.74321107 0.15843776 0.74583120 0.16046888 0.74845133 0.16046888 0.75107146 0.19500000 0.75107146 0.19500000 0.74583120 0.19296888 0.74321107 0.19296888 0.74059026 0.19093776 0.73797013 0.19093776 0.73535000 0.18890612 0.73272920 0.18890612 0.73010907 0.18687500 0.72748894 0.18687500 0.72486881 0.18484388 0.72224868 0.18484388 0.71700774 0.18281224 0.71438761 0.18281224 0.71176681 0.18078112 0.70914668 0.18078112 0.70652655 0.17875000 0.70390642 0.17875000 0.70128629 0.17671888 0.69866548 0.17671888 0.69604535 0.17468776 0.69342522 0.17468776 0.68818429 0.17265612 0.68556416 0.17265612 0.68294403 0.17062500 0.68032390 0.17062500 0.67770310 0.16859388 0.67508296 0.16859388 0.67246283 0.16656224 0.66984203 0.16656224 0.66722190 0.16453112 0.66460177 0.16453112 0.66198164 0.16250000 0.65936151 0.16250000 0.65412058 0.16046888 0.65150044 0.16046888 0.64887964 0.15843776 0.64625951 0.15843776 0.64363938 0.14625000 0.64363938 0.14625000 0.64625951 0.14421888 0.64887964 0.13812500 0.64887964 0.13812500 0.65412058 0.13609388 0.65674071 0.12796888 0.65674071
0 0.16250000 0.63053805 0.16453112 0.63315819 0.16453112 0.63577832 0.16656224 0.63839912 0.16656224 0.64101925 0.16859388 0.64363938 0.16859388 0.64625951 0.17062500 0.64887964 0.17062500 0.65150044 0.17265612 0.65412058 0.17265612 0.65936151 0.17468776 0.66198164 0.17468776 0.66460177 0.17671888 0.66722190 0.17671888 0.66984203 0.17875000 0.67246283 0.17875000 0.67508296 0.18078112 0.67770310 0.18078112 0.68032390 0.18281224 0.68294403 0.18281224 0.68556416 0.18484388 0.68818429 0.18484388 0.69342522 0.18687500 0.69604535 0.18687500 0.69866548 0.18890612 0.70128629 0.18890612 0.70390642 0.19093776 0.70652655 0.19093776 0.70914668 0.19296888 0.71176681 0.19296888 0.71438761 0.19500000 0.71700774 0.19500000 0.71962787 0.19703112 0.72224868 0.19703112 0.72748894 0.19906224 0.73010907 0.19906224 0.73272920 0.20109388 0.73535000 0.20109388 0.73797013 0.20312500 0.74059026 0.20312500 0.74321107 0.20515612 0.74583120 0.20515612 0.74845133 0.20718776 0.75107146 0.22140612 0.75107146 0.22343776 0.74845133 0.23968776 0.74845133 0.23968776 0.74583120 0.23765612 0.74321107 0.23765612 0.74059026 0.23562500 0.73797013 0.23562500 0.73535000 0.23359388 0.73272920 0.23359388 0.72748894 0.23156224 0.72486881 0.23156224 0.72224868 0.22953112 0.71962787 0.22953112 0.71700774 0.22750000 0.71438761 0.22750000 0.71176681 0.22546888 0.70914668 0.22546888 0.70652655 0.21734388 0.70652655 0.21531224 0.70390642 0.21328112 0.70390642 0.20921888 0.69866548 0.20921888 0.69342522 0.20718776 0.69080442 0.20718776 0.68556416 0.20515612 0.68294403 0.20515612 0.67770310 0.20718776 0.67508296 0.21328112 0.67508296 0.21328112 0.66984203 0.21125000 0.66722190 0.21125000 0.66460177 0.20921888 0.66198164 0.20921888 0.65936151 0.20718776 0.65674071 0.20718776 0.65150044 0.20515612 0.64887964 0.20515612 0.64625951 0.20312500 0.64363938 0.20312500 0.64101925 0.20109388 0.63839912 0.20109388 0.63315819 0.19906224 0.63053805 0.19906224 0.62791725 0.19703112 0.62529712 0.19703112 0.62267699 0.19500000 0.62005686 0.19500000 0.61743673 0.18484388 0.61743673 0.18078112 0.62267699 0.17468776 0.62267699 0.17265612 0.62529712 0.17265612 0.62791725 0.17062500 0.63053805 0.16250000 0.63053805
0 0.20718776 0.61743673 0.20718776 0.62005686 0.20921888 0.62267699 0.20921888 0.62529712 0.21125000 0.62791725 0.21125000 0.63053805 0.21328112 0.63315819 0.21328112 0.63577832 0.21531224 0.63839912 0.21531224 0.64101925 0.21734388 0.64363938 0.21734388 0.64887964 0.21937500 0.65150044 0.21937500 0.65412058 0.22140612 0.65674071 0.22140612 0.65936151 0.22343776 0.66198164 0.22343776 0.66460177 0.22546888 0.66722190 0.22546888 0.66984203 0.22750000 0.67246283 0.22750000 0.67508296 0.23765612 0.67508296 0.24171888 0.68032390 0.24171888 0.68294403 0.23968776 0.68556416 0.23156224 0.68556416 0.23156224 0.68818429 0.24171888 0.68818429 0.24375000 0.69080442 0.24375000 0.69604535 0.24171888 0.69866548 0.23562500 0.69866548 0.23765612 0.70128629 0.23765612 0.70390642 0.23968776 0.70652655 0.23968776 0.71176681 0.24171888 0.71438761 0.24171888 0.71700774 0.24375000 0.71962787 0.24375000 0.72224868 0.24578112 0.72486881 0.24578112 0.73010907 0.28031224 0.73010907 0.28031224 0.72486881 0.27828112 0.72224868 0.27828112 0.71962787 0.27625000 0.71700774 0.27625000 0.71438761 0.27421888 0.71176681 0.27421888 0.70914668 0.27218776 0.70652655 0.27218776 0.70128629 0.27015612 0.69866548 0.27015612 0.69604535 0.26812500 0.69342522 0.26812500 0.69080442 0.26609388 0.68818429 0.26609388 0.68556416 0.26406224 0.68294403 0.26406224 0.67770310 0.26203112 0.67508296 0.26203112 0.67246283 0.26000000 0.66984203 0.26000000 0.66722190 0.25796888 0.66460177 0.25796888 0.66198164 0.25593776 0.65936151 0.25593776 0.65674071 0.25390612 0.65412058 0.25390612 0.65150044 0.25187500 0.64887964 0.25187500 0.64625951 0.24984388 0.64363938 0.24984388 0.63839912 0.24781224 0.63577832 0.24781224 0.63315819 0.24578112 0.63053805 0.24578112 0.62791725 0.24375000 0.62529712 0.24375000 0.62267699 0.24171888 0.62005686 0.24171888 0.61743673 0.23968776 0.61481593 0.23968776 0.60957567 0.23765612 0.60695486 0.23765612 0.60433473 0.22546888 0.60433473 0.22546888 0.60957567 0.22343776 0.61219580 0.21531224 0.61219580 0.21531224 0.61481593 0.21328112 0.61743673 0.20718776 0.61743673
0 0.25390612 0.58337234 0.25187500 0.58599247 0.24375000 0.58599247 0.24375000 0.58861328 0.24578112 0.59123341 0.24578112 0.59647434 0.24781224 0.59909447 0.24781224 0.60171460 0.24984388 0.60433473 0.24984388 0.60695486 0.25187500 0.60957567 0.25187500 0.61219580 0.25390612 0.61481593 0.25390612 0.62005686 0.25593776 0.62267699 0.25593776 0.62529712 0.25796888 0.62791725 0.25796888 0.63053805 0.26000000 0.63315819 0.26000000 0.63839912 0.26203112 0.64101925 0.26203112 0.64363938 0.26406224 0.64625951 0.26406224 0.64887964 0.26609388 0.65150044 0.26609388 0.65412058 0.26812500 0.65674071 0.26812500 0.66198164 0.27015612 0.66460177 0.27015612 0.66722190 0.27218776 0.66984203 0.27218776 0.67246283 0.27421888 0.67508296 0.27421888 0.67770310 0.27625000 0.68032390 0.27625000 0.68294403 0.27828112 0.68556416 0.27828112 0.69080442 0.28031224 0.69342522 0.28031224 0.69604535 0.28234388 0.69866548 0.28234388 0.70128629 0.28437500 0.70390642 0.28437500 0.70652655 0.28640612 0.70914668 0.28640612 0.71438761 0.28843776 0.71700774 0.28843776 0.71962787 0.29046888 0.72224868 0.29046888 0.72486881 0.29250000 0.72748894 0.29250000 0.73010907 0.29453112 0.73272920 0.29453112 0.73797013 0.29656224 0.74059026 0.29656224 0.74321107 0.29859388 0.74583120 0.29859388 0.74845133 0.30062500 0.75107146 0.30062500 0.75369159 0.31687500 0.75369159 0.31687500 0.74583120 0.31484388 0.74321107 0.31484388 0.74059026 0.31281224 0.73797013 0.31484388 0.73535000 0.33109388 0.73535000 0.33312500 0.73272920 0.33515612 0.73272920 0.33515612 0.73010907 0.33312500 0.72748894 0.33312500 0.72486881 0.33109388 0.72224868 0.33109388 0.71700774 0.32906224 0.71438761 0.32906224 0.71176681 0.32703112 0.70914668 0.32703112 0.70652655 0.32500000 0.70390642 0.32500000 0.70128629 0.32296888 0.69866548 0.32296888 0.69342522 0.32093776 0.69080442 0.32093776 0.68818429 0.31890612 0.68556416 0.31890612 0.68294403 0.31687500 0.68032390 0.31687500 0.67770310 0.31484388 0.67508296 0.31484388 0.66984203 0.31281224 0.66722190 0.31281224 0.66460177 0.31078112 0.66198164 0.31078112 0.65936151 0.30875000 0.65674071 0.30875000 0.65412058 0.30671888 0.65150044 0.30671888 0.64887964 0.30468776 0.64625951 0.30468776 0.64363938 0.30265612 0.64101925 0.30265612 0.63577832 0.30062500 0.63315819 0.30062500 0.63053805 0.29859388 0.62791725 0.29859388 0.62529712 0.29656224 0.62267699 0.29656224 0.62005686 0.29453112 0.61743673 0.29453112 0.61219580 0.29250000 0.60957567 0.29250000 0.60695486 0.29046888 0.60433473 0.29046888 0.60171460 0.28843776 0.59909447 0.28843776 0.59647434 0.28640612 0.59385354 0.28640612 0.59123341 0.28437500 0.58861328 0.28437500 0.58337234 0.28234388 0.58075221 0.28234388 0.57813208 0.28031224 0.57551195 0.28031224 0.57289115 0.27828112 0.57027102 0.27625000 0.57027102 0.27421888 0.57289115 0.26203112 0.57289115 0.26203112 0.57551195 0.26000000 0.57813208 0.25390612 0.57813208 0.25390612 0.58337234
0 0.32093776 0.54406770 0.32093776 0.54668850 0.31890612 0.54930863 0.31078112 0.54930863 0.31078112 0.55192876 0.30875000 0.55454956 0.30671888 0.55454956 0.30468776 0.55716969 0.30062500 0.55716969 0.30062500 0.55978982 0.29859388 0.56240995 0.29453112 0.56240995 0.29453112 0.56503008 0.29250000 0.56765089 0.29046888 0.56765089 0.29046888 0.57027102 0.29250000 0.57289115 0.29250000 0.57551195 0.29453112 0.57813208 0.29453112 0.58337234 0.29656224 0.58599247 0.29656224 0.59123341 0.29859388 0.59385354 0.29859388 0.59647434 0.30062500 0.59909447 0.30062500 0.60433473 0.30265612 0.60695486 0.30265612 0.61219580 0.30875000 0.61219580 0.31078112 0.61481593 0.31078112 0.62005686 0.31281224 0.62267699 0.31281224 0.63315819 0.31484388 0.63577832 0.31484388 0.64101925 0.31687500 0.64363938 0.31687500 0.64625951 0.31890612 0.64887964 0.31890612 0.65412058 0.32093776 0.65674071 0.32093776 0.65936151 0.32296888 0.66198164 0.32296888 0.66722190 0.32500000 0.66984203 0.32500000 0.67246283 0.32703112 0.67508296 0.32703112 0.67770310 0.32906224 0.68032390 0.32906224 0.68556416 0.33109388 0.68818429 0.33109388 0.69080442 0.33312500 0.69342522 0.33312500 0.69866548 0.33515612 0.70128629 0.33515612 0.70390642 0.33718776 0.70652655 0.33718776 0.71176681 0.33921888 0.71438761 0.33921888 0.71700774 0.34125000 0.71962787 0.34125000 0.72486881 0.34328112 0.72748894 0.35953112 0.72748894 0.35953112 0.72486881 0.36156224 0.72224868 0.36968776 0.72224868 0.36968776 0.71962787 0.37171888 0.71700774 0.37984388 0.71700774 0.37984388 0.71438761 0.37781224 0.71176681 0.37781224 0.70390642 0.37578112 0.70128629 0.37781224 0.69866548 0.38390612 0.69866548 0.38593776 0.69604535 0.39812500 0.69604535 0.39812500 0.69342522 0.39609388 0.69080442 0.39609388 0.68818429 0.39406224 0.68556416 0.39406224 0.68032390 0.39203112 0.67770310 0.39203112 0.67508296 0.39000000 0.67246283 0.39000000 0.66984203 0.38796888 0.66722190 0.38796888 0.66198164 0.38593776 0.65936151 0.38593776 0.65674071 0.38390612 0.65412058 0.38390612 0.64887964 0.38187500 0.64625951 0.38187500 0.64363938 0.37984388 0.64101925 0.37984388 0.63839912 0.37781224 0.63577832 0.37781224 0.62791725 0.37578112 0.62529712 0.37578112 0.61481593 0.37375000 0.61219580 0.37375000 0.60957567 0.37171888 0.60695486 0.37171888 0.60171460 0.36968776 0.59909447 0.36968776 0.59385354 0.36765612 0.59123341 0.36765612 0.58861328 0.36562500 0.58599247 0.36562500 0.58075221 0.36359388 0.57813208 0.36359388 0.57289115 0.36156224 0.57027102 0.36156224 0.56503008 0.35953112 0.56240995 0.35953112 0.55978982 0.35750000 0.55716969 0.35750000 0.55192876 0.35546888 0.54930863 0.35546888 0.54406770 0.35343776 0.54144756 0.35343776 0.53620730 0.35140612 0.53358717 0.35140612 0.53096637 0.34125000 0.53096637 0.34125000 0.53358717 0.33921888 0.53620730 0.33109388 0.53620730 0.33109388 0.53882743 0.32703112 0.54406770 0.32093776 0.54406770
0 0.00812500 0.54406770 0.00609378 0.54668850 0.00609378 0.54930863 0.00812500 0.55192876 0.00812500 0.58337234 0.01015622 0.58599247 0.01015622 0.60957567 0.00812500 0.61219580 0.00609378 0.61219580 0.00609378 0.62529712 0.00812500 0.62791725 0.00812500 0.65936151 0.01015622 0.66198164 0.01015622 0.68294403 0.01218750 0.68294403 0.01421878 0.68032390 0.02234378 0.68032390 0.02640622 0.67508296 0.03250000 0.67508296 0.03250000 0.67246283 0.03453122 0.66984203 0.04265622 0.66984203 0.04468750 0.66722190 0.04265622 0.66460177 0.04265622 0.63839912 0.04062500 0.63577832 0.04062500 0.60957567 0.03859378 0.60695486 0.03859378 0.57813208 0.03656250 0.57551195 0.03656250 0.54930863 0.03453122 0.54668850 0.03453122 0.52572611 0.02843750 0.52572611 0.02843750 0.52834624 0.02640622 0.53096637 0.01218750 0.53096637 0.01218750 0.54144756 0.01015622 0.54406770 0.00812500 0.54406770
0 0.36156224 0.53358717 0.36359388 0.53620730 0.36359388 0.53882743 0.36562500 0.54144756 0.36562500 0.54668850 0.36765612 0.54930863 0.36765612 0.55454956 0.36968776 0.55716969 0.36968776 0.55978982 0.37171888 0.56240995 0.37171888 0.56765089 0.37375000 0.57027102 0.37375000 0.57289115 0.37578112 0.57551195 0.37578112 0.58075221 0.37781224 0.58337234 0.37781224 0.58599247 0.37984388 0.58861328 0.37984388 0.59385354 0.38187500 0.59647434 0.38187500 0.60171460 0.38390612 0.60433473 0.38390612 0.61219580 0.38593776 0.61481593 0.38593776 0.62005686 0.38796888 0.62267699 0.38796888 0.62529712 0.39000000 0.62791725 0.39000000 0.63053805 0.39203112 0.63315819 0.39203112 0.63839912 0.39406224 0.64101925 0.39406224 0.64363938 0.39609388 0.64625951 0.39609388 0.64887964 0.39812500 0.65150044 0.39812500 0.65674071 0.40015612 0.65936151 0.40015612 0.66198164 0.40218776 0.66460177 0.40218776 0.66722190 0.40421888 0.66984203 0.40421888 0.67246283 0.40625000 0.67508296 0.40625000 0.68032390 0.40828112 0.68294403 0.40828112 0.68556416 0.41031224 0.68818429 0.41031224 0.69080442 0.42250000 0.69080442 0.42250000 0.68818429 0.42453112 0.68556416 0.43265612 0.68556416 0.43062500 0.68294403 0.43062500 0.68032390 0.42859388 0.67770310 0.42859388 0.67508296 0.42656224 0.67246283 0.42656224 0.66722190 0.42453112 0.66460177 0.42453112 0.66198164 0.42250000 0.65936151 0.42250000 0.65674071 0.42046888 0.65412058 0.42046888 0.65150044 0.41843776 0.64887964 0.41843776 0.64363938 0.41640612 0.64101925 0.41640612 0.63839912 0.41437500 0.63577832 0.41437500 0.63315819 0.41234388 0.63053805 0.41234388 0.62529712 0.41031224 0.62267699 0.41031224 0.62005686 0.40828112 0.61743673 0.40828112 0.61481593 0.40625000 0.61219580 0.40625000 0.60957567 0.40421888 0.60957567 0.40015612 0.60433473 0.40015612 0.60171460 0.39812500 0.59909447 0.39812500 0.59385354 0.39609388 0.59123341 0.39609388 0.58861328 0.39406224 0.58599247 0.39406224 0.58075221 0.39203112 0.57813208 0.39203112 0.57289115 0.39000000 0.57027102 0.39000000 0.56765089 0.38796888 0.56503008 0.38796888 0.55978982 0.38593776 0.55716969 0.38593776 0.55192876 0.38390612 0.54930863 0.38390612 0.54668850 0.38187500 0.54406770 0.38187500 0.53882743 0.37984388 0.53620730 0.37984388 0.53096637 0.37781224 0.52834624 0.37781224 0.51786504 0.36765612 0.51786504 0.36562500 0.52048518 0.36562500 0.52310531 0.36359388 0.52572611 0.35953112 0.52572611 0.36156224 0.52834624 0.36156224 0.53358717
0 0.04671878 0.51524491 0.04875000 0.51786504 0.04875000 0.52572611 0.05078122 0.52834624 0.04875000 0.53096637 0.04671878 0.53096637 0.04468750 0.53358717 0.04468750 0.53882743 0.04671878 0.54144756 0.04671878 0.55192876 0.04875000 0.55454956 0.04875000 0.56503008 0.05078122 0.56765089 0.05078122 0.57813208 0.05281224 0.58075221 0.05281224 0.58337234 0.05078122 0.58599247 0.04875000 0.58599247 0.04875000 0.60171460 0.05078122 0.60433473 0.05078122 0.61481593 0.05281224 0.61743673 0.05281224 0.62791725 0.05484388 0.63053805 0.05484388 0.65674071 0.05687500 0.65936151 0.05890612 0.65936151 0.06093776 0.65674071 0.06500000 0.65674071 0.06500000 0.65412058 0.06703112 0.65150044 0.07312500 0.65150044 0.07312500 0.64887964 0.07515612 0.64625951 0.08937500 0.64625951 0.08937500 0.63315819 0.08734388 0.63053805 0.08734388 0.61481593 0.08531224 0.61219580 0.08531224 0.60171460 0.08328112 0.59909447 0.08328112 0.58861328 0.08125000 0.58599247 0.08125000 0.57551195 0.07921888 0.57289115 0.07921888 0.56240995 0.07718776 0.55978982 0.07718776 0.55192876 0.07515612 0.54930863 0.07515612 0.53882743 0.07312500 0.53620730 0.07312500 0.52572611 0.07109388 0.52310531 0.07109388 0.51524491 0.06906224 0.51262478 0.06906224 0.50476372 0.06703112 0.50476372 0.06500000 0.50738385 0.05890612 0.50738385 0.05890612 0.51000398 0.05687500 0.51262478 0.04671878 0.51262478 0.04671878 0.51524491
0 0.38796888 0.50476372 0.38796888 0.50738385 0.39000000 0.51000398 0.39000000 0.51262478 0.39203112 0.51524491 0.39203112 0.52048518 0.39406224 0.52310531 0.39406224 0.52834624 0.39203112 0.53096637 0.39000000 0.53096637 0.39000000 0.53358717 0.39203112 0.53620730 0.39203112 0.53882743 0.39406224 0.54144756 0.39406224 0.54668850 0.39609388 0.54930863 0.39609388 0.55192876 0.39812500 0.55454956 0.39812500 0.55716969 0.40015612 0.55978982 0.40015612 0.56503008 0.40218776 0.56765089 0.40218776 0.57027102 0.40421888 0.57289115 0.40421888 0.57813208 0.40625000 0.58075221 0.40625000 0.58337234 0.40828112 0.58599247 0.40828112 0.59123341 0.41031224 0.59385354 0.41031224 0.59647434 0.41234388 0.59909447 0.41234388 0.60433473 0.41640612 0.60957567 0.41640612 0.61219580 0.41843776 0.61481593 0.41843776 0.61743673 0.42250000 0.62267699 0.42250000 0.62529712 0.43265612 0.62529712 0.43265612 0.62267699 0.43468776 0.62005686 0.43671888 0.62005686 0.43671888 0.61481593 0.43875000 0.61219580 0.45093776 0.61219580 0.45093776 0.60957567 0.45296888 0.60695486 0.45500000 0.60695486 0.45500000 0.60433473 0.45296888 0.60171460 0.45296888 0.59909447 0.45093776 0.59647434 0.45093776 0.59123341 0.44890612 0.58861328 0.44890612 0.58599247 0.44687500 0.58337234 0.44687500 0.57813208 0.44484388 0.57551195 0.44484388 0.57027102 0.44281224 0.56765089 0.44281224 0.56503008 0.44078112 0.56240995 0.44078112 0.55716969 0.43875000 0.55454956 0.43875000 0.55192876 0.43671888 0.54930863 0.43671888 0.54406770 0.43468776 0.54144756 0.43468776 0.53620730 0.43265612 0.53358717 0.43265612 0.53096637 0.43062500 0.52834624 0.43062500 0.52310531 0.42859388 0.52048518 0.42859388 0.51786504 0.42656224 0.51524491 0.42656224 0.51000398 0.42453112 0.50738385 0.42453112 0.50214292 0.42250000 0.49952279 0.42250000 0.49690265 0.42046888 0.49428252 0.41437500 0.49428252 0.41437500 0.49690265 0.41234388 0.49952279 0.39812500 0.49952279 0.39812500 0.50214292 0.39609388 0.50476372 0.38796888 0.50476372
0 0.07921888 0.50214292 0.07921888 0.51000398 0.08125000 0.51262478 0.08125000 0.52310531 0.08328112 0.52572611 0.08328112 0.53358717 0.08531224 0.53620730 0.08531224 0.54668850 0.08734388 0.54930863 0.08734388 0.55978982 0.08937500 0.56240995 0.08937500 0.57289115 0.09140612 0.57551195 0.09140612 0.58337234 0.09343776 0.58599247 0.09343776 0.59647434 0.09546888 0.59909447 0.09546888 0.60957567 0.09750000 0.61219580 0.09750000 0.62267699 0.09953112 0.62529712 0.09953112 0.63315819 0.10968776 0.63315819 0.10968776 0.63053805 0.11171888 0.62791725 0.11578112 0.62791725 0.11781224 0.62529712 0.12187500 0.62529712 0.12187500 0.62267699 0.12390612 0.62005686 0.13203112 0.62005686 0.13203112 0.61219580 0.13000000 0.60957567 0.13000000 0.59909447 0.12796888 0.59647434 0.12796888 0.58599247 0.12593776 0.58337234 0.12593776 0.57289115 0.12390612 0.57027102 0.12390612 0.55978982 0.12187500 0.55716969 0.12187500 0.54668850 0.11984388 0.54406770 0.11578112 0.54406770 0.11375000 0.54144756 0.11375000 0.53358717 0.11171888 0.53096637 0.11171888 0.52048518 0.10968776 0.51786504 0.10968776 0.50738385 0.10765612 0.50476372 0.10765612 0.49428252 0.10562500 0.49166239 0.10562500 0.48904159 0.09546888 0.48904159 0.09546888 0.49166239 0.09343776 0.49428252 0.08937500 0.49428252 0.08937500 0.49952279 0.08734388 0.50214292 0.07921888 0.50214292
0 0.42859388 0.48642146 0.42859388 0.49166239 0.43062500 0.49428252 0.43062500 0.49690265 0.43265612 0.49952279 0.43265612 0.50214292 0.43468776 0.50476372 0.43468776 0.51000398 0.43671888 0.51262478 0.43671888 0.51524491 0.43875000 0.51786504 0.43875000 0.52310531 0.44078112 0.52572611 0.44078112 0.52834624 0.44281224 0.53096637 0.44281224 0.53358717 0.44484388 0.53620730 0.44484388 0.54144756 0.44687500 0.54406770 0.44687500 0.54668850 0.44890612 0.54930863 0.44890612 0.55454956 0.45093776 0.55716969 0.45093776 0.55978982 0.45296888 0.56240995 0.45296888 0.56503008 0.45500000 0.56765089 0.45500000 0.57289115 0.45703112 0.57551195 0.45703112 0.57813208 0.45906224 0.58075221 0.45906224 0.58599247 0.46109388 0.58861328 0.46515612 0.58861328 0.46515612 0.58337234 0.46718776 0.58075221 0.46921888 0.58075221 0.46921888 0.57813208 0.47125000 0.57551195 0.47937500 0.57551195 0.47937500 0.57289115 0.47734388 0.57027102 0.47734388 0.56503008 0.47531224 0.56240995 0.47531224 0.55978982 0.47328112 0.55716969 0.47328112 0.55454956 0.47125000 0.55192876 0.47125000 0.54668850 0.46921888 0.54406770 0.46921888 0.54144756 0.46718776 0.53882743 0.46718776 0.53620730 0.46515612 0.53358717 0.46515612 0.52834624 0.46312500 0.52572611 0.46312500 0.52310531 0.46109388 0.52048518 0.46109388 0.51786504 0.45906224 0.51524491 0.45906224 0.51000398 0.45703112 0.50738385 0.45703112 0.50476372 0.45500000 0.50214292 0.45500000 0.49690265 0.45296888 0.49428252 0.45296888 0.48904159 0.45093776 0.48642146 0.45093776 0.48118053 0.44890612 0.47856040 0.44890612 0.47594027 0.44687500 0.47332013 0.44281224 0.47332013 0.44281224 0.47856040 0.44078112 0.48118053 0.43265612 0.48118053 0.43265612 0.48380133 0.43062500 0.48642146 0.42859388 0.48642146
0 0.11781224 0.48118053 0.11578112 0.48380133 0.11375000 0.48380133 0.11375000 0.48642146 0.11578112 0.48904159 0.11578112 0.49428252 0.11781224 0.49690265 0.11781224 0.50214292 0.11984388 0.50476372 0.11984388 0.50738385 0.12187500 0.51000398 0.12187500 0.51262478 0.12390612 0.51524491 0.12390612 0.51786504 0.12593776 0.52048518 0.12593776 0.52572611 0.12796888 0.52834624 0.12796888 0.53096637 0.13000000 0.53358717 0.13000000 0.53620730 0.13203112 0.53882743 0.13203112 0.54144756 0.13406224 0.54406770 0.13406224 0.54930863 0.13609388 0.55192876 0.13609388 0.55454956 0.13812500 0.55716969 0.13812500 0.55978982 0.13609388 0.56240995 0.13406224 0.56240995 0.13406224 0.56503008 0.13609388 0.56765089 0.13609388 0.57289115 0.13812500 0.57551195 0.13812500 0.57813208 0.14015612 0.58075221 0.14015612 0.58599247 0.14218776 0.58861328 0.14218776 0.59123341 0.14421888 0.59385354 0.14421888 0.60171460 0.14625000 0.60171460 0.15031224 0.60695486 0.15437500 0.60695486 0.15437500 0.60433473 0.15640612 0.60171460 0.16656224 0.60171460 0.16656224 0.59909447 0.16859388 0.59647434 0.17062500 0.59647434 0.17265612 0.59385354 0.17875000 0.59385354 0.17875000 0.59123341 0.18078112 0.58861328 0.18281224 0.58861328 0.18281224 0.58337234 0.18078112 0.58075221 0.18078112 0.57813208 0.17875000 0.57551195 0.17875000 0.57289115 0.17671888 0.57027102 0.17671888 0.56765089 0.17468776 0.56503008 0.17468776 0.55978982 0.17265612 0.55716969 0.17265612 0.55454956 0.17062500 0.55192876 0.17062500 0.54930863 0.16859388 0.54668850 0.16859388 0.54406770 0.16656224 0.54144756 0.16656224 0.53620730 0.16453112 0.53358717 0.16453112 0.53096637 0.16250000 0.52834624 0.16250000 0.52572611 0.16046888 0.52310531 0.16046888 0.52048518 0.15843776 0.51786504 0.15843776 0.51262478 0.15640612 0.51000398 0.15640612 0.50738385 0.15437500 0.50476372 0.15437500 0.50214292 0.15234388 0.49952279 0.15234388 0.49690265 0.15031224 0.49428252 0.15031224 0.49166239 0.14828112 0.48904159 0.14828112 0.48380133 0.14625000 0.48118053 0.14625000 0.47856040 0.14421888 0.47594027 0.14421888 0.47332013 0.14218776 0.47070000 0.13203112 0.47070000 0.13203112 0.47332013 0.13000000 0.47594027 0.12187500 0.47594027 0.12187500 0.47856040 0.11984388 0.48118053 0.11781224 0.48118053
0 0.45906224 0.46807920 0.45906224 0.47332013 0.46109388 0.47594027 0.46109388 0.47856040 0.46312500 0.48118053 0.46312500 0.48642146 0.46515612 0.48904159 0.46515612 0.49166239 0.46718776 0.49428252 0.46718776 0.49952279 0.46921888 0.50214292 0.46921888 0.50738385 0.47125000 0.51000398 0.47125000 0.51262478 0.47328112 0.51524491 0.47328112 0.52048518 0.47531224 0.52310531 0.47531224 0.52572611 0.47734388 0.52834624 0.47734388 0.53358717 0.47937500 0.53620730 0.47937500 0.53882743 0.48140612 0.54144756 0.48140612 0.54668850 0.48343776 0.54930863 0.48343776 0.55454956 0.48546888 0.55716969 0.48546888 0.55978982 0.48750000 0.56240995 0.49765612 0.56240995 0.49765612 0.55978982 0.49968776 0.55716969 0.50781224 0.55716969 0.50781224 0.55192876 0.50984388 0.54930863 0.51796888 0.54930863 0.51796888 0.49690265 0.51390612 0.49690265 0.51187500 0.49428252 0.51187500 0.49166239 0.50781224 0.49166239 0.50375000 0.48642146 0.50375000 0.48118053 0.50171888 0.47856040 0.49765612 0.47856040 0.49562500 0.47594027 0.49562500 0.47332013 0.48953112 0.47332013 0.48750000 0.47070000 0.48750000 0.46807920 0.48140612 0.46807920 0.47937500 0.46545907 0.47937500 0.45497788 0.47531224 0.45497788 0.47531224 0.45759801 0.47125000 0.46283894 0.46312500 0.46283894 0.46312500 0.46545907 0.46109388 0.46807920 0.45906224 0.46807920
0 0.16046888 0.45759801 0.16046888 0.46021814 0.15843776 0.46283894 0.15234388 0.46283894 0.15234388 0.46807920 0.15437500 0.47070000 0.15437500 0.47332013 0.15640612 0.47594027 0.15640612 0.47856040 0.15843776 0.48118053 0.15843776 0.48380133 0.16046888 0.48642146 0.16046888 0.49166239 0.16250000 0.49428252 0.16250000 0.49690265 0.16453112 0.49952279 0.16453112 0.50214292 0.16656224 0.50476372 0.16656224 0.50738385 0.16859388 0.51000398 0.16859388 0.51262478 0.17062500 0.51524491 0.17062500 0.52048518 0.17265612 0.52310531 0.17265612 0.52572611 0.17468776 0.52834624 0.17468776 0.53096637 0.17671888 0.53358717 0.17671888 0.53620730 0.17875000 0.53882743 0.17875000 0.54406770 0.18078112 0.54668850 0.18078112 0.54930863 0.18281224 0.55192876 0.18281224 0.55454956 0.18484388 0.55716969 0.18484388 0.55978982 0.18687500 0.56240995 0.18687500 0.56765089 0.18890612 0.57027102 0.18890612 0.57289115 0.19093776 0.57551195 0.19093776 0.57813208 0.19296888 0.58075221 0.19296888 0.58337234 0.19703112 0.58337234 0.19703112 0.57813208 0.19906224 0.57551195 0.20718776 0.57551195 0.20718776 0.57289115 0.20921888 0.57027102 0.21734388 0.57027102 0.21734388 0.56765089 0.22140612 0.56240995 0.22750000 0.56240995 0.22750000 0.55978982 0.22953112 0.55716969 0.23562500 0.55716969 0.23562500 0.55454956 0.23359388 0.55192876 0.23359388 0.54668850 0.23156224 0.54406770 0.23156224 0.54144756 0.22953112 0.53882743 0.22953112 0.53620730 0.22750000 0.53358717 0.22750000 0.52834624 0.22546888 0.52572611 0.22546888 0.52310531 0.22343776 0.52048518 0.22343776 0.51786504 0.22140612 0.51524491 0.22140612 0.51000398 0.21937500 0.50738385 0.21937500 0.50476372 0.21734388 0.50214292 0.21734388 0.49952279 0.21125000 0.49952279 0.20921888 0.49690265 0.20921888 0.49428252 0.20718776 0.49166239 0.20718776 0.48904159 0.20515612 0.48642146 0.20515612 0.48380133 0.20312500 0.48118053 0.20312500 0.47594027 0.20109388 0.47332013 0.20109388 0.47070000 0.19906224 0.46807920 0.19906224 0.46545907 0.19703112 0.46283894 0.19703112 0.45759801 0.19500000 0.45497788 0.19500000 0.45235775 0.19296888 0.44973761 0.19296888 0.44711681 0.19093776 0.44449668 0.18078112 0.44449668 0.18078112 0.44711681 0.17875000 0.44973761 0.17062500 0.44973761 0.17062500 0.45497788 0.16859388 0.45759801 0.16046888 0.45759801
0 0.50578112 0.46545907 0.50781224 0.46545907 0.50984388 0.46807920 0.51390612 0.46807920 0.51593776 0.47070000 0.51593776 0.47594027 0.51796888 0.47594027 0.51796888 0.43663562 0.50781224 0.43663562 0.50781224 0.43925575 0.50578112 0.44187655 0.49562500 0.44187655 0.49562500 0.44711681 0.49359388 0.44973761 0.50578112 0.46545907
0 0.20312500 0.43663562 0.20312500 0.43925575 0.20718776 0.44449668 0.20718776 0.44711681 0.21125000 0.45235775 0.21125000 0.45497788 0.21531224 0.46021814 0.21531224 0.46283894 0.21937500 0.46807920 0.21937500 0.47070000 0.22343776 0.47594027 0.22343776 0.47856040 0.22750000 0.48380133 0.22750000 0.48642146 0.22953112 0.48904159 0.22953112 0.49166239 0.23359388 0.49690265 0.23359388 0.49952279 0.23765612 0.50476372 0.23765612 0.50738385 0.23968776 0.51000398 0.23968776 0.51524491 0.23765612 0.51786504 0.23765612 0.52048518 0.23968776 0.52310531 0.23968776 0.52572611 0.24375000 0.53096637 0.24375000 0.53358717 0.24781224 0.53882743 0.24781224 0.54144756 0.24984388 0.54406770 0.26609388 0.54406770 0.26609388 0.54144756 0.26812500 0.53882743 0.27421888 0.53882743 0.27421888 0.53620730 0.27625000 0.53358717 0.28437500 0.53358717 0.28437500 0.52834624 0.28640612 0.52572611 0.29250000 0.52572611 0.29250000 0.52310531 0.29046888 0.52048518 0.29046888 0.51786504 0.28640612 0.51262478 0.28640612 0.51000398 0.28234388 0.50476372 0.28234388 0.50214292 0.27828112 0.49690265 0.27828112 0.49428252 0.27625000 0.49166239 0.27625000 0.48904159 0.27218776 0.48380133 0.27218776 0.48118053 0.26812500 0.47594027 0.26812500 0.47332013 0.26406224 0.46807920 0.26406224 0.46545907 0.26203112 0.46283894 0.26203112 0.46021814 0.25796888 0.45497788 0.25796888 0.45235775 0.25390612 0.44711681 0.25390612 0.44449668 0.24984388 0.43925575 0.24984388 0.43663562 0.24781224 0.43401549 0.24781224 0.43139536 0.24375000 0.42615442 0.24375000 0.42353429 0.23968776 0.41829336 0.22953112 0.41829336 0.22750000 0.42091416 0.22343776 0.42091416 0.22343776 0.42353429 0.22140612 0.42615442 0.21125000 0.42615442 0.20312500 0.43663562
0 0.08531224 0.41043297 0.08531224 0.41567323 0.08328112 0.41829336 0.07515612 0.41829336 0.07515612 0.42091416 0.07312500 0.42353429 0.06500000 0.42353429 0.06500000 0.42877522 0.06296888 0.43139536 0.05484388 0.43139536 0.05484388 0.43401549 0.05281224 0.43663562 0.04468750 0.43663562 0.04468750 0.44187655 0.04265622 0.44449668 0.03453122 0.44449668 0.03453122 0.44711681 0.03250000 0.44973761 0.02437500 0.44973761 0.02437500 0.45497788 0.02234378 0.45759801 0.02031250 0.45759801 0.02234378 0.46021814 0.02234378 0.46545907 0.02437500 0.46807920 0.02437500 0.47070000 0.02640622 0.47332013 0.02640622 0.47856040 0.02843750 0.48118053 0.02843750 0.48380133 0.04468750 0.48380133 0.04468750 0.48118053 0.04671878 0.47856040 0.05078122 0.47856040 0.05281224 0.47594027 0.05484388 0.47594027 0.05890612 0.47070000 0.06703112 0.47070000 0.06703112 0.46807920 0.06906224 0.46545907 0.07515612 0.46545907 0.07515612 0.46283894 0.07718776 0.46021814 0.08125000 0.46021814 0.08328112 0.45759801 0.09140612 0.45759801 0.09140612 0.45497788 0.09343776 0.45235775 0.09953112 0.45235775 0.09953112 0.44973761 0.10156224 0.44711681 0.10562500 0.44711681 0.10765612 0.44449668 0.11171888 0.44449668 0.11171888 0.44187655 0.11375000 0.43925575 0.12187500 0.43925575 0.11984388 0.43663562 0.11984388 0.43139536 0.11781224 0.42877522 0.11781224 0.42615442 0.11578112 0.42353429 0.11578112 0.41829336 0.11375000 0.41567323 0.11375000 0.41305310 0.11171888 0.41043297 0.11171888 0.40781284 0.10968776 0.40519203 0.10968776 0.39995177 0.10562500 0.39995177 0.10562500 0.40257190 0.10359388 0.40519203 0.09546888 0.40519203 0.09546888 0.40781284 0.09343776 0.41043297 0.08531224 0.41043297
0 0.25390612 0.40519203 0.25187500 0.40781284 0.24781224 0.40781284 0.24984388 0.41043297 0.24984388 0.41305310 0.25390612 0.41829336 0.25390612 0.42091416 0.25796888 0.42615442 0.25796888 0.42877522 0.26203112 0.43401549 0.26203112 0.43663562 0.26609388 0.44187655 0.26609388 0.44449668 0.27015612 0.44973761 0.27015612 0.45235775 0.27421888 0.45759801 0.27421888 0.46021814 0.27625000 0.46283894 0.27625000 0.46545907 0.28031224 0.47070000 0.28031224 0.47332013 0.28437500 0.47856040 0.28437500 0.48118053 0.28843776 0.48642146 0.28843776 0.48904159 0.29250000 0.49428252 0.29250000 0.49690265 0.29656224 0.50214292 0.29656224 0.50476372 0.30062500 0.51000398 0.30062500 0.51262478 0.32296888 0.51262478 0.32296888 0.51000398 0.32500000 0.50738385 0.33109388 0.50738385 0.33109388 0.50476372 0.33312500 0.50214292 0.34125000 0.50214292 0.34125000 0.49952279 0.33718776 0.49428252 0.33718776 0.49166239 0.33312500 0.48642146 0.33312500 0.48380133 0.33109388 0.48118053 0.33109388 0.47856040 0.32703112 0.47332013 0.32703112 0.47070000 0.32296888 0.46545907 0.32296888 0.46283894 0.32093776 0.46021814 0.32093776 0.45759801 0.31687500 0.45235775 0.31687500 0.44973761 0.31281224 0.44449668 0.31281224 0.44187655 0.30875000 0.43663562 0.30875000 0.43401549 0.30671888 0.43139536 0.30671888 0.42877522 0.30265612 0.42353429 0.29656224 0.42353429 0.29453112 0.42091416 0.29453112 0.41829336 0.29250000 0.41567323 0.29250000 0.41305310 0.28843776 0.40781284 0.28843776 0.40519203 0.28640612 0.40257190 0.28640612 0.39995177 0.28234388 0.39471097 0.26609388 0.39471097 0.26609388 0.39733097 0.26406224 0.39995177 0.25796888 0.39995177 0.25796888 0.40257190 0.25593776 0.40519203 0.25390612 0.40519203
0 0.31078112 0.37374858 0.31078112 0.37898925 0.30875000 0.38160951 0.30265612 0.38160951 0.30265612 0.38422978 0.30062500 0.38685011 0.30468776 0.39209071 0.30468776 0.39471097 0.31890612 0.41305310 0.31890612 0.41567323 0.31687500 0.41829336 0.31687500 0.42353429 0.32906224 0.43925575 0.32906224 0.44187655 0.33921888 0.45497788 0.33921888 0.45759801 0.34531224 0.46545907 0.34531224 0.47070000 0.34937500 0.47070000 0.35140612 0.47332013 0.35140612 0.48118053 0.35343776 0.48380133 0.35343776 0.48642146 0.35546888 0.48904159 0.36359388 0.48904159 0.36359388 0.48380133 0.36562500 0.48118053 0.37375000 0.48118053 0.37375000 0.47856040 0.37578112 0.47594027 0.38593776 0.47594027 0.38593776 0.47332013 0.38796888 0.47070000 0.39609388 0.47070000 0.39812500 0.46807920 0.39812500 0.46545907 0.39609388 0.46283894 0.39609388 0.46021814 0.38796888 0.44973761 0.38796888 0.44711681 0.37578112 0.43139536 0.37578112 0.42877522 0.36359388 0.41305310 0.36359388 0.41043297 0.35343776 0.39733097 0.35343776 0.39471097 0.34328112 0.38160951 0.34328112 0.37898925 0.33312500 0.36588772 0.33312500 0.36326739 0.32703112 0.36326739 0.32703112 0.36588772 0.32500000 0.36850805 0.31890612 0.36850805 0.31890612 0.37112832 0.31687500 0.37374858 0.31078112 0.37374858
0 0.06093776 0.35802686 0.06093776 0.36064712 0.05890612 0.36326739 0.05078122 0.36326739 0.05078122 0.37374858 0.05281224 0.37636892 0.05078122 0.37898925 0.04875000 0.37898925 0.04875000 0.38422978 0.04671878 0.38685011 0.04468750 0.38685011 0.04468750 0.38947044 0.04265622 0.39209071 0.04265622 0.40257190 0.04062500 0.40519203 0.04062500 0.41043297 0.04265622 0.41305310 0.04265622 0.41829336 0.04468750 0.42091416 0.05484388 0.42091416 0.05484388 0.41567323 0.05687500 0.41305310 0.06500000 0.41305310 0.06500000 0.41043297 0.06703112 0.40781284 0.07718776 0.40781284 0.07718776 0.40519203 0.07921888 0.40257190 0.08734388 0.40257190 0.08734388 0.39995177 0.09140612 0.39471097 0.09546888 0.39471097 0.09546888 0.39209071 0.09750000 0.38947044 0.10359388 0.38947044 0.10359388 0.38422978 0.10156224 0.38160951 0.10156224 0.37898925 0.09953112 0.37636892 0.09953112 0.37112832 0.09750000 0.36850805 0.09750000 0.36588772 0.09546888 0.36326739 0.09546888 0.35802686 0.09343776 0.35540653 0.09343776 0.35278619 0.09140612 0.35016593 0.09140612 0.34492533 0.07921888 0.34492533 0.07921888 0.35016593 0.07718776 0.35278619 0.06906224 0.35278619 0.06906224 0.35540653 0.06703112 0.35802686 0.06093776 0.35802686
0 0.35750000 0.34754566 0.35546888 0.35016593 0.35140612 0.35016593 0.35140612 0.35540653 0.34937500 0.35802686 0.34328112 0.35802686 0.37984388 0.40519203 0.37984388 0.40781284 0.37781224 0.41043297 0.37781224 0.41305310 0.37984388 0.41567323 0.37984388 0.41829336 0.41031224 0.45759801 0.41843776 0.45759801 0.42250000 0.45235775 0.43062500 0.45235775 0.43265612 0.44973761 0.43468776 0.44973761 0.43468776 0.44711681 0.43671888 0.44449668 0.44281224 0.44449668 0.44281224 0.44187655 0.44484388 0.43925575 0.45093776 0.43925575 0.43875000 0.42353429 0.43875000 0.42091416 0.38796888 0.35540653 0.38796888 0.35278619 0.37578112 0.33706447 0.37171888 0.33706447 0.37171888 0.33968473 0.36968776 0.34230500 0.36562500 0.34230500 0.36359388 0.34492533 0.35750000 0.34492533 0.35750000 0.34754566
0 0.13609388 0.34754566 0.13000000 0.34754566 0.13000000 0.35278619 0.12796888 0.35540653 0.11984388 0.35540653 0.11984388 0.36064712 0.12187500 0.36326739 0.12187500 0.36850805 0.12390612 0.37112832 0.12390612 0.37374858 0.12593776 0.37636892 0.12593776 0.37898925 0.12796888 0.38160951 0.12796888 0.38685011 0.13000000 0.38947044 0.13000000 0.39209071 0.13203112 0.39471097 0.13203112 0.39995177 0.13406224 0.40257190 0.13406224 0.40519203 0.13609388 0.40781284 0.13609388 0.41305310 0.13812500 0.41567323 0.13812500 0.41829336 0.14015612 0.42091416 0.14015612 0.42615442 0.15031224 0.42615442 0.15437500 0.42091416 0.16250000 0.42091416 0.16250000 0.41829336 0.16453112 0.41567323 0.17062500 0.41567323 0.17062500 0.41305310 0.17265612 0.41043297 0.17671888 0.41043297 0.17875000 0.40781284 0.18281224 0.40781284 0.18078112 0.40519203 0.18078112 0.40257190 0.17875000 0.39995177 0.17875000 0.39471097 0.17671888 0.39209071 0.17671888 0.38947044 0.17468776 0.38685011 0.17468776 0.38160951 0.17265612 0.37898925 0.17265612 0.37636892 0.17062500 0.37374858 0.17062500 0.37112832 0.16859388 0.36850805 0.16859388 0.36326739 0.16656224 0.36064712 0.16656224 0.35802686 0.16453112 0.35540653 0.16453112 0.35016593 0.16250000 0.34754566 0.16250000 0.34492533 0.16046888 0.34230500 0.16046888 0.33706447 0.15843776 0.33444414 0.15640612 0.33444414 0.15437500 0.33706447 0.15437500 0.33968473 0.15234388 0.34230500 0.13812500 0.34230500 0.13812500 0.34492533 0.13609388 0.34754566
0 0.50171888 0.34230500 0.49765612 0.34754566 0.49562500 0.34754566 0.49562500 0.35016593 0.49765612 0.35278619 0.49765612 0.35540653 0.50171888 0.36064712 0.50171888 0.36326739 0.50578112 0.36850805 0.50781224 0.36850805 0.50984388 0.37112832 0.50984388 0.37636892 0.51390612 0.37636892 0.51593776 0.37898925 0.51593776 0.38160951 0.51796888 0.38160951 0.51796888 0.33182384 0.51593776 0.33182384 0.51187500 0.33706447 0.50984388 0.33706447 0.50781224 0.33968473 0.50578112 0.33968473 0.50375000 0.34230500 0.50171888 0.34230500
0 0.47734388 0.32920354 0.47734388 0.33182384 0.48343776 0.33182384 0.48343776 0.32920354 0.47734388 0.32920354
0 0.40015612 0.32920354 0.39812500 0.33182384 0.39203112 0.33182384 0.39203112 0.33968473 0.41234388 0.36588772 0.41437500 0.36588772 0.45500000 0.41829336 0.45500000 0.42091416 0.45906224 0.42615442 0.47125000 0.42615442 0.47125000 0.42353429 0.47328112 0.42091416 0.48343776 0.42091416 0.48343776 0.41567323 0.48546888 0.41305310 0.49562500 0.41305310 0.49562500 0.41043297 0.49765612 0.40781284 0.50578112 0.40781284 0.50375000 0.40519203 0.50375000 0.40257190 0.49968776 0.39733097 0.49765612 0.39733097 0.46718776 0.35802686 0.46515612 0.35802686 0.44281224 0.32920354 0.40015612 0.32920354
0 0.16859388 0.32920354 0.16859388 0.33182384 0.17062500 0.33444414 0.17062500 0.33968473 0.17265612 0.34230500 0.17265612 0.34492533 0.17468776 0.34754566 0.17468776 0.35278619 0.17671888 0.35540653 0.17671888 0.35802686 0.17875000 0.36064712 0.17875000 0.36588772 0.18078112 0.36850805 0.18078112 0.37112832 0.18281224 0.37374858 0.18281224 0.37898925 0.18484388 0.38160951 0.18484388 0.38422978 0.18687500 0.38685011 0.18687500 0.38947044 0.18890612 0.39209071 0.18890612 0.39733097 0.19093776 0.39995177 0.19906224 0.39995177 0.20109388 0.39733097 0.20515612 0.39733097 0.20921888 0.39209071 0.21328112 0.39209071 0.21328112 0.38685011 0.21531224 0.38422978 0.22546888 0.38422978 0.22546888 0.38160951 0.22750000 0.37898925 0.23562500 0.37898925 0.23562500 0.37636892 0.23968776 0.37112832 0.23968776 0.36850805 0.23765612 0.36588772 0.23765612 0.36064712 0.23562500 0.35802686 0.23562500 0.35540653 0.23359388 0.35278619 0.23359388 0.34754566 0.23156224 0.34492533 0.23156224 0.34230500 0.22953112 0.33968473 0.22953112 0.33444414 0.22750000 0.33182384 0.22750000 0.32920354 0.16859388 0.32920354
0 0.09546888 0.32920354 0.09546888 0.33444414 0.09750000 0.33706447 0.09750000 0.33968473 0.09953112 0.34230500 0.09953112 0.34492533 0.10156224 0.34754566 0.10156224 0.35278619 0.10359388 0.35540653 0.10359388 0.35802686 0.10562500 0.36064712 0.10562500 0.36326739 0.10765612 0.36588772 0.10765612 0.37112832 0.10968776 0.37374858 0.10968776 0.37636892 0.11171888 0.37898925 0.11171888 0.38160951 0.11375000 0.38422978 0.11375000 0.38685011 0.11578112 0.38947044 0.11578112 0.39471097 0.11781224 0.39733097 0.11781224 0.39995177 0.11984388 0.40257190 0.11984388 0.40519203 0.12187500 0.40781284 0.12187500 0.41305310 0.12390612 0.41567323 0.12390612 0.41829336 0.12593776 0.42091416 0.12593776 0.42353429 0.12796888 0.42615442 0.12796888 0.43139536 0.13000000 0.43401549 0.13000000 0.43663562 0.13203112 0.43925575 0.13203112 0.44187655 0.13406224 0.44449668 0.13406224 0.44711681 0.13203112 0.44973761 0.12390612 0.44973761 0.12390612 0.45235775 0.11984388 0.45759801 0.10968776 0.45759801 0.10765612 0.46021814 0.10156224 0.46021814 0.09953112 0.46283894 0.09953112 0.46545907 0.09750000 0.46807920 0.08937500 0.46807920 0.08937500 0.47070000 0.08734388 0.47332013 0.07718776 0.47332013 0.07718776 0.47856040 0.07515612 0.48118053 0.06500000 0.48118053 0.06500000 0.48380133 0.06296888 0.48642146 0.05484388 0.48642146 0.05078122 0.49166239 0.04265622 0.49166239 0.04265622 0.49690265 0.04062500 0.49952279 0.03046878 0.49952279 0.03046878 0.50214292 0.02843750 0.50476372 0.01828122 0.50476372 0.01828122 0.50738385 0.01625000 0.51000398 0.00812500 0.51000398 0.00812500 0.51786504 0.01015622 0.51786504 0.01218750 0.51524491 0.02640622 0.51524491 0.02640622 0.51262478 0.02843750 0.51000398 0.03656250 0.51000398 0.03656250 0.50738385 0.03859378 0.50476372 0.04875000 0.50476372 0.04875000 0.50214292 0.05078122 0.49952279 0.05687500 0.49952279 0.06093776 0.49428252 0.06296888 0.49428252 0.06500000 0.49166239 0.07109388 0.49166239 0.07109388 0.48904159 0.07312500 0.48642146 0.07718776 0.48642146 0.07921888 0.48380133 0.08328112 0.48380133 0.08328112 0.48118053 0.08531224 0.47856040 0.09343776 0.47856040 0.09750000 0.47332013 0.10562500 0.47332013 0.10562500 0.46807920 0.10765612 0.46545907 0.11781224 0.46545907 0.11781224 0.46283894 0.11984388 0.46021814 0.12796888 0.46021814 0.12796888 0.45759801 0.13000000 0.45497788 0.13203112 0.45497788 0.13406224 0.45235775 0.14015612 0.45235775 0.14421888 0.44711681 0.15234388 0.44711681 0.15234388 0.44449668 0.15437500 0.44187655 0.16250000 0.44187655 0.16656224 0.43663562 0.17062500 0.43663562 0.17265612 0.43401549 0.17671888 0.43401549 0.17671888 0.43139536 0.17875000 0.42877522 0.18687500 0.42877522 0.18687500 0.42353429 0.17062500 0.42353429 0.17062500 0.42877522 0.16859388 0.43139536 0.15843776 0.43139536 0.15843776 0.43401549 0.15640612 0.43663562 0.14828112 0.43663562 0.14421888 0.44187655 0.14015612 0.44187655 0.13609388 0.43663562 0.13609388 0.43401549 0.13406224 0.43139536 0.13406224 0.42877522 0.13203112 0.42615442 0.13203112 0.42091416 0.13000000 0.41829336 0.13000000 0.41567323 0.12796888 0.41305310 0.12796888 0.41043297 0.12593776 0.40781284 0.12593776 0.40519203 0.12390612 0.40257190 0.12390612 0.39733097 0.12187500 0.39471097 0.12187500 0.39209071 0.11984388 0.38947044 0.11984388 0.38685011 0.11781224 0.38422978 0.11781224 0.38160951 0.11578112 0.37898925 0.11578112 0.37374858 0.11375000 0.37112832 0.11375000 0.36850805 0.11171888 0.36588772 0.11171888 0.36326739 0.10968776 0.36064712 0.10968776 0.35802686 0.10765612 0.35540653 0.10765612 0.35016593 0.10562500 0.34754566 0.10562500 0.34492533 0.10359388 0.34230500 0.10359388 0.33968473 0.10156224 0.33706447 0.10156224 0.33444414 0.09953112 0.33182384 0.09953112 0.32920354 0.09546888 0.32920354
0 0.02234378 0.32920354 0.02234378 0.33444414 0.02031250 0.33706447 0.01828122 0.33706447 0.01625000 0.33968473 0.01625000 0.34230500 0.01828122 0.34230500 0.02031250 0.34492533 0.02031250 0.34754566 0.06093776 0.34754566 0.06500000 0.34230500 0.06906224 0.34230500 0.07109388 0.33968473 0.07109388 0.33706447 0.07312500 0.33444414 0.08125000 0.33444414 0.08328112 0.33182384 0.08531224 0.33182384 0.08531224 0.32920354 0.02234378 0.32920354
0 0.77312512 0.66198164 0.77312512 0.66984203 0.77125024 0.67246283 0.77125024 0.67770310 0.76937488 0.68032390 0.76937488 0.68556416 0.76750000 0.68818429 0.76750000 0.69342522 0.76562512 0.69604535 0.76562512 0.70128629 0.76374976 0.70390642 0.76374976 0.70914668 0.76187488 0.71176681 0.76187488 0.71700774 0.76000000 0.71962787 0.76000000 0.72748894 0.75812512 0.73010907 0.75812512 0.73535000 0.75625024 0.73797013 0.75625024 0.74321107 0.75437488 0.74583120 0.75437488 0.74845133 0.75625024 0.75107146 0.76000000 0.75107146 0.76187488 0.75369159 0.76562512 0.75369159 0.76750000 0.75631239 0.77125024 0.75631239 0.77312512 0.75893252 0.77687488 0.75893252 0.77874976 0.76155265 0.78250000 0.76155265 0.78437488 0.76417345 0.78812512 0.76417345 0.79000000 0.76679359 0.79187488 0.76679359 0.79374976 0.76941372 0.79750000 0.76941372 0.79750000 0.76417345 0.79937488 0.76155265 0.79937488 0.75631239 0.80125024 0.75369159 0.80125024 0.74845133 0.80312512 0.74583120 0.80312512 0.74059026 0.80500000 0.73797013 0.80500000 0.73272920 0.80687488 0.73010907 0.80687488 0.72486881 0.80874976 0.72224868 0.80874976 0.71700774 0.81062512 0.71438761 0.81062512 0.70914668 0.81250000 0.70652655 0.81250000 0.70128629 0.81437488 0.69866548 0.81437488 0.69342522 0.81625024 0.69080442 0.81625024 0.68818429 0.81812512 0.68556416 0.81812512 0.68032390 0.82000000 0.67770310 0.82000000 0.67246283 0.82187488 0.66984203 0.82187488 0.66460177 0.82000000 0.66198164 0.81625024 0.66198164 0.81437488 0.65936151 0.81250000 0.65936151 0.81062512 0.65674071 0.80687488 0.65674071 0.80500000 0.65412058 0.80312512 0.65412058 0.80125024 0.65150044 0.79750000 0.65150044 0.79562512 0.64887964 0.79374976 0.64887964 0.79187488 0.64625951 0.78812512 0.64625951 0.78625024 0.64363938 0.78250000 0.64363938 0.78062512 0.64101925 0.77874976 0.64101925 0.77874976 0.64363938 0.77687488 0.64625951 0.77687488 0.65150044 0.77500000 0.65412058 0.77500000 0.65936151 0.77312512 0.66198164
0 0.71312512 0.46283894 0.70937488 0.46807920 0.70000000 0.46807920 0.70000000 0.47594027 0.69812512 0.47856040 0.69812512 0.48904159 0.69625024 0.49166239 0.69625024 0.50476372 0.69437488 0.50738385 0.69437488 0.51786504 0.69250000 0.52048518 0.69250000 0.53358717 0.69062512 0.53620730 0.69062512 0.54668850 0.68874976 0.54930863 0.68874976 0.55716969 0.68687488 0.55978982 0.65687488 0.55978982 0.65500000 0.56240995 0.64374976 0.56240995 0.64187488 0.55978982 0.64187488 0.55454956 0.61937488 0.55454956 0.61750000 0.55192876 0.61750000 0.54668850 0.61187488 0.54668850 0.61000000 0.54406770 0.59687488 0.54406770 0.59687488 0.54668850 0.59500000 0.54930863 0.59500000 0.56240995 0.59312512 0.56503008 0.59312512 0.57813208 0.59125024 0.58075221 0.59125024 0.59385354 0.58937488 0.59647434 0.58937488 0.60957567 0.58750000 0.61219580 0.58750000 0.62529712 0.58562512 0.62791725 0.58562512 0.64101925 0.58374976 0.64363938 0.58374976 0.65674071 0.58187488 0.65936151 0.58187488 0.67246283 0.59125024 0.67246283 0.59312512 0.67508296 0.59312512 0.68032390 0.61562512 0.68032390 0.61750000 0.68294403 0.61750000 0.68556416 0.63625024 0.68556416 0.63812512 0.68818429 0.63812512 0.69080442 0.64750000 0.69080442 0.64937488 0.69342522 0.64937488 0.69604535 0.65125024 0.69866548 0.65874976 0.69866548 0.66250000 0.70390642 0.68125024 0.70390642 0.68312512 0.70652655 0.68312512 0.70914668 0.70000000 0.70914668 0.70187488 0.71176681 0.70562512 0.71176681 0.70750000 0.71438761 0.72062512 0.71438761 0.72250000 0.71700774 0.73000000 0.71700774 0.73000000 0.69866548 0.73187488 0.69604535 0.73187488 0.69080442 0.73374976 0.68818429 0.73937488 0.68818429 0.74125024 0.68556416 0.74500000 0.68556416 0.74687488 0.68294403 0.74687488 0.66722190 0.74874976 0.66460177 0.74874976 0.65150044 0.75062512 0.64887964 0.75062512 0.63577832 0.75250000 0.63315819 0.75250000 0.61743673 0.75437488 0.61481593 0.75437488 0.60171460 0.75625024 0.59909447 0.75625024 0.59647434 0.75812512 0.59385354 0.76750000 0.59385354 0.76937488 0.59123341 0.76937488 0.57551195 0.77125024 0.57289115 0.77125024 0.55454956 0.77312512 0.55192876 0.77874976 0.55192876 0.78062512 0.54930863 0.78625024 0.54930863 0.78625024 0.53358717 0.78812512 0.53096637 0.78812512 0.52572611 0.79000000 0.52310531 0.79562512 0.52310531 0.79750000 0.52048518 0.79937488 0.52048518 0.79937488 0.51000398 0.80125024 0.50738385 0.80125024 0.49428252 0.80312512 0.49166239 0.80312512 0.47856040 0.80500000 0.47594027 0.81812512 0.47594027 0.81812512 0.46807920 0.82000000 0.46545907 0.82000000 0.44973761 0.79374976 0.44973761 0.79187488 0.44711681 0.77500000 0.44711681 0.77500000 0.45235775 0.77312512 0.45497788 0.75437488 0.45497788 0.75250000 0.45235775 0.71312512 0.45235775 0.71312512 0.46283894
0 0.60625024 0.44973761 0.60625024 0.46283894 0.60437488 0.46545907 0.60437488 0.47594027 0.60250000 0.47856040 0.60250000 0.49166239 0.60062512 0.49428252 0.60062512 0.50476372 0.59874976 0.50738385 0.59874976 0.51524491 0.60062512 0.51786504 0.60062512 0.52048518 0.60812512 0.52048518 0.61000000 0.52310531 0.61000000 0.52572611 0.61374976 0.52572611 0.61562512 0.52310531 0.61937488 0.52310531 0.62125024 0.52572611 0.62125024 0.53358717 0.64374976 0.53358717 0.64562512 0.53620730 0.64562512 0.53882743 0.66625024 0.53882743 0.66625024 0.52834624 0.66812512 0.52572611 0.66812512 0.51262478 0.67000000 0.51000398 0.67000000 0.49690265 0.67187488 0.49428252 0.67187488 0.48118053 0.67374976 0.47856040 0.67374976 0.46545907 0.67562512 0.46283894 0.67562512 0.45235775 0.67750000 0.44973761 0.68874976 0.44973761 0.68874976 0.42877522 0.65874976 0.42877522 0.65687488 0.42615442 0.65687488 0.41829336 0.65874976 0.41567323 0.65874976 0.41305310 0.63625024 0.41305310 0.63625024 0.41567323 0.63437488 0.41829336 0.63437488 0.42615442 0.63250000 0.42877522 0.63250000 0.43401549 0.63062512 0.43663562 0.63062512 0.44449668 0.62874976 0.44711681 0.62874976 0.45497788 0.62687488 0.45759801 0.62687488 0.46545907 0.62500000 0.46807920 0.61374976 0.46807920 0.61187488 0.46545907 0.61187488 0.46021814 0.61374976 0.45759801 0.61374976 0.44711681 0.61562512 0.44449668 0.61562512 0.43139536 0.61750000 0.42877522 0.61750000 0.41829336 0.61937488 0.41567323 0.61937488 0.40781284 0.61187488 0.40781284 0.61187488 0.41829336 0.61000000 0.42091416 0.61000000 0.43401549 0.60812512 0.43663562 0.60812512 0.44711681 0.60625024 0.44973761
0 0.84062512 0.32920354 0.84062512 0.33444414 0.83874976 0.33706447 0.83874976 0.34492533 0.83687488 0.34754566 0.83687488 0.35278619 0.83500000 0.35540653 0.83500000 0.36326739 0.83312512 0.36588772 0.83312512 0.37374858 0.83125024 0.37636892 0.83125024 0.38422978 0.82937488 0.38685011 0.82937488 0.39209071 0.83125024 0.39471097 0.83312512 0.39471097 0.84250000 0.40781284 0.84437488 0.40781284 0.85374976 0.42091416 0.85562512 0.42091416 0.86500000 0.43401549 0.86687488 0.43401549 0.86874976 0.43663562 0.89125024 0.43663562 0.89125024 0.43139536 0.89312512 0.42877522 0.89312512 0.41829336 0.89500000 0.41567323 0.89500000 0.40781284 0.89687488 0.40519203 0.91000000 0.40519203 0.91000000 0.39995177 0.91187488 0.39733097 0.91187488 0.38947044 0.91374976 0.38685011 0.91374976 0.37898925 0.91562512 0.37636892 0.91562512 0.36850805 0.91750000 0.36588772 0.91750000 0.35802686 0.91937488 0.35540653 0.91937488 0.35016593 0.92125024 0.34754566 0.92125024 0.33968473 0.92312512 0.33706447 0.92312512 0.32920354 0.84062512 0.32920354
0 0.76750000 0.32920354 0.76562512 0.33182384 0.76562512 0.33706447 0.76374976 0.33968473 0.76374976 0.34754566 0.76187488 0.35016593 0.76187488 0.35802686 0.76000000 0.36064712 0.76000000 0.36850805 0.75812512 0.37112832 0.75812512 0.37898925 0.75625024 0.38160951 0.75625024 0.38685011 0.75437488 0.38947044 0.75437488 0.39733097 0.75250000 0.39995177 0.75250000 0.40519203 0.75062512 0.40781284 0.75250000 0.40781284 0.75437488 0.41043297 0.76187488 0.41043297 0.76374976 0.41305310 0.77125024 0.41305310 0.77312512 0.41567323 0.78062512 0.41567323 0.78250000 0.41829336 0.78625024 0.41829336 0.78625024 0.41305310 0.78812512 0.41043297 0.78812512 0.40257190 0.79000000 0.39995177 0.79000000 0.39209071 0.79187488 0.38947044 0.79187488 0.38160951 0.79374976 0.37898925 0.79374976 0.37112832 0.79562512 0.36850805 0.79562512 0.36064712 0.79750000 0.35802686 0.79750000 0.35016593 0.79937488 0.34754566 0.79937488 0.33968473 0.80125024 0.33706447 0.80125024 0.32920354 0.76750000 0.32920354
0 0.69625024 0.32920354 0.69625024 0.33706447 0.69437488 0.33968473 0.69437488 0.34754566 0.69250000 0.35016593 0.69250000 0.35802686 0.69062512 0.36064712 0.69062512 0.36588772 0.68874976 0.36850805 0.68874976 0.37636892 0.68687488 0.37898925 0.68687488 0.38422978 0.69437488 0.39471097 0.71500000 0.39471097 0.71687488 0.39733097 0.71687488 0.40257190 0.72812512 0.40257190 0.73000000 0.39995177 0.73000000 0.39471097 0.73187488 0.39209071 0.73187488 0.38422978 0.73374976 0.38160951 0.73374976 0.37374858 0.73562512 0.37112832 0.73562512 0.36588772 0.73750000 0.36326739 0.73750000 0.35540653 0.73937488 0.35278619 0.73937488 0.34492533 0.74125024 0.34230500 0.74125024 0.33706447 0.74312512 0.33444414 0.74312512 0.32920354 0.69625024 0.32920354
0 0.63437488 0.32920354 0.63437488 0.33444414 0.63250000 0.33706447 0.63250000 0.34230500 0.63062512 0.34492533 0.63062512 0.35016593 0.65125024 0.35016593 0.65312512 0.35278619 0.67937488 0.35278619 0.67937488 0.34492533 0.68125024 0.34230500 0.68125024 0.33444414 0.68312512 0.33182384 0.68312512 0.32920354 0.63437488 0.32920354
