0 0.22406342 0.19876108 0.14125516 0.23227915 0.14360199 0.23699846 0.22641025 0.20348039 0.22406342 0.19876108
0 0.20810256 0.16902583 0.13638410 0.19761976 0.13873093 0.20233907 0.21044938 0.17374515 0.20810256 0.16902583
0 0.21444563 0.17823265 0.13635823 0.20940367 0.14128237 0.22049347 0.21937131 0.18932224 0.21444563 0.17823265
0 0.15109520 0.05080925 0.14307551 0.05361992 0.14776761 0.06305876 0.17819873 0.05204923 0.17023211 0.03129032 0.14617128 0.03972099 0.15109520 0.05080925
0 0.11594632 0.06416538 0.08574702 0.07682432 0.08902174 0.08814594 0.12110227 0.07690460 0.11594632 0.06416538
0 0.28937324 0.40000000 0.28844041 0.39336257 0.24121265 0.40000000 0.28937324 0.40000000
0 0.82880883 0.40000000 0.96205423 0.14434917 0.96052898 0.13349645 0.84525468 0.06163707 0.82363847 0.10529062 0.81382760 0.10643750 0.80137691 0.12349253 0.72499098 0.07711108 0.69615203 0.11310150 0.65486125 0.09239972 0.55528311 0.27963517 0.55536153 0.28003597 0.77025216 0.40000000 0.82880883 0.40000000
0 0.00000000 0.94017787 0.28210589 0.99539285 0.28629249 0.99477921 0.35170187 0.76265604 0.35140388 0.75871699 0.00000000 0.69596203 0.00000000 0.94017787
0 0.78385627 0.51353034 0.70630250 0.54022952 0.71241151 0.55353728 0.78791679 0.52711469 0.78385627 0.51353034
0 0.74576986 0.66816161 0.66412156 0.69541739 0.68327979 0.75542299 0.76668845 0.72590762 0.74576986 0.66816161
0 0.74004831 0.61440870 0.72056847 0.56656476 0.71237749 0.56767823 0.72981102 0.61580035 0.74004831 0.61440870
