0 0.16168706 0.35764420 0.22192199 0.31045401 0.22006883 0.30444360 0.15983390 0.35163379 0.16168706 0.35764420
0 0.17422963 0.39546121 0.22640903 0.35515505 0.22455587 0.34914464 0.17237647 0.38945080 0.17422963 0.39546121
0 0.16931230 0.38381549 0.22612450 0.33988094 0.22220558 0.32573048 0.16539224 0.36966538 0.16931230 0.38381549
0 0.21933739 0.54609978 0.22518215 0.54209395 0.22147696 0.53007277 0.19930760 0.54571937 0.20572048 0.57226411 0.22325611 0.56024825 0.21933739 0.54609978
0 0.24492721 0.52719825 0.26688304 0.50942436 0.26417513 0.49489880 0.24079475 0.51092050 0.24492721 0.52719825
0 0.10076487 0.08680024 0.14196560 0.07403879 0.14089732 0.06339635 0.09969659 0.07615780 0.10076487 0.08680024
0 0.10917365 0.10833785 0.15037439 0.09557640 0.14930611 0.08493396 0.10810538 0.09769541 0.10917365 0.10833785
0 0.36914062 0.30132039 0.39807963 0.29914984 0.40509512 0.29394630 0.37989074 0.10601477 0.36914062 0.10699999 0.36914062 0.30132039
0 0.00000000 0.64843750 0.00000000 0.66174687 0.11669557 1.00000000 0.20414422 1.00000000 0.20434297 0.99718332 0.18059262 0.92997397 0.16634804 0.84918896 0.09905538 0.65876245 0.09623271 0.64843750 0.00000000 0.64843750
0 0.65155632 0.83460251 0.58077438 0.86059736 0.60184430 0.87994613 0.67225903 0.85279704 0.65155632 0.83460251
