0 0.29861230 0.27883793 0.21088730 0.32031654 0.21337347 0.32615669 0.30109847 0.28467808 0.29861230 0.27883793
0 0.28170376 0.24204056 0.20572703 0.27742555 0.20821320 0.28326570 0.28418993 0.24788071 0.28170376 0.24204056
0 0.28842345 0.25343400 0.20569962 0.29200813 0.21091612 0.30573177 0.29364160 0.26715736 0.28842345 0.25343400
0 0.22131159 0.09574754 0.21281573 0.09922574 0.21778643 0.11090631 0.25002439 0.09728202 0.24158476 0.07159287 0.21609531 0.08202582 0.22131159 0.09574754
0 0.18407575 0.11227576 0.15208337 0.12794119 0.15555252 0.14195169 0.18953783 0.12804054 0.18407575 0.11227576
0 0.37825627 0.54068821 0.31880869 0.55044781 0.32003725 0.56065931 0.37948483 0.55089971 0.37825627 0.54068821
0 0.36681168 0.51965727 0.30736410 0.52941688 0.30859267 0.53962838 0.36804024 0.52986878 0.36681168 0.51965727
0 0.72418610 0.39457569 0.81309655 0.40082822 0.87370715 0.39230995 0.89242143 0.13268029 0.88855242 0.10515084 0.75192337 0.07906361 0.72418610 0.39457569
0 0.52968750 0.85149072 0.52777433 0.85045305 0.52601352 0.85213535 0.52630147 0.85361002 0.52454059 0.85529194 0.52511647 0.85824128 0.52335567 0.85992358 0.52364361 0.86139825 0.52188273 0.86308017 0.52245869 0.86602989 0.52069728 0.86771186 0.52127317 0.87066120 0.51951236 0.87234350 0.51980031 0.87381817 0.51803943 0.87550009 0.51861539 0.87844981 0.51685398 0.88013178 0.51714193 0.88160645 0.51538104 0.88328838 0.51566906 0.88476342 0.51771789 0.88455617 0.52005518 0.88582354 0.52415283 0.88540904 0.52649012 0.88667640 0.52968750 0.88635297 0.52968750 0.85149072
0 0.02153856 0.76179994 0.02211445 0.76474928 0.02035353 0.76643159 0.02064147 0.76790626 0.01888044 0.76958820 0.01945640 0.77253792 0.01769536 0.77421986 0.01827125 0.77716920 0.01651033 0.77885151 0.01679828 0.78032618 0.01503729 0.78200811 0.01532531 0.78348315 0.01737424 0.78327589 0.01971111 0.78454330 0.02176009 0.78433604 0.02409702 0.78560344 0.02819488 0.78518891 0.03053180 0.78645632 0.03258078 0.78624905 0.03491766 0.78751646 0.03901557 0.78710193 0.04135257 0.78836971 0.04340150 0.78816245 0.04573837 0.78942985 0.04983644 0.78901531 0.05217320 0.79028273 0.05422203 0.79007548 0.05655940 0.79134322 0.05860822 0.79113597 0.06094499 0.79240339 0.06504264 0.79198888 0.06737993 0.79325625 0.06942875 0.79304900 0.07176552 0.79431642 0.07586370 0.79390186 0.07820046 0.79516928 0.08024929 0.79496203 0.08258613 0.79622982 0.08668430 0.79581527 0.08902107 0.79708269 0.09107042 0.79687538 0.09340719 0.79814280 0.09750484 0.79772830 0.09984168 0.79899610 0.10189103 0.79878879 0.10422780 0.80005621 0.10832597 0.79964165 0.11066274 0.80090907 0.11271156 0.80070182 0.11504833 0.80196924 0.11709715 0.80176199 0.11943444 0.80302935 0.12353209 0.80261485 0.12586946 0.80388260 0.12791829 0.80367534 0.13025505 0.80494276 0.13435270 0.80452826 0.13668999 0.80579563 0.13873882 0.80558837 0.14107566 0.80685617 0.14517383 0.80644162 0.14751060 0.80770903 0.14955942 0.80750178 0.15189619 0.80876920 0.15599437 0.80835465 0.15833114 0.80962206 0.15890710 0.81257178 0.16300527 0.81215722 0.16534204 0.81342465 0.16739086 0.81321739 0.16972763 0.81448481 0.17382580 0.81407026 0.17616264 0.81533805 0.18026082 0.81492350 0.18259758 0.81619091 0.18464641 0.81598366 0.18698318 0.81725108 0.19108135 0.81683653 0.19341812 0.81810395 0.19751629 0.81768939 0.19985306 0.81895681 0.20190188 0.81874956 0.20423873 0.82001735 0.20833690 0.81960280 0.21067367 0.82087022 0.21477184 0.82045566 0.21710861 0.82172308 0.21915743 0.82151583 0.22149427 0.82278362 0.22559245 0.82236907 0.22792922 0.82363649 0.22997856 0.82342918 0.23231533 0.82469660 0.23436416 0.82448935 0.23670093 0.82575677 0.23698887 0.82723144 0.23932571 0.82849923 0.24137506 0.82829193 0.24371183 0.82955935 0.24781000 0.82914479 0.25014677 0.83041221 0.25219559 0.83020496 0.25453243 0.83147276 0.25863061 0.83105820 0.26096738 0.83232562 0.26506555 0.83191106 0.26740232 0.83317848 0.26945114 0.83297123 0.27178791 0.83423865 0.27588608 0.83382410 0.27822285 0.83509151 0.28232102 0.83467696 0.28465787 0.83594475 0.28670669 0.83573750 0.28904346 0.83700492 0.29314163 0.83659036 0.29547840 0.83785778 0.29957657 0.83744323 0.30191341 0.83871102 0.30396224 0.83850377 0.30629901 0.83977119 0.31039718 0.83935664 0.31273395 0.84062405 0.31330983 0.84357340 0.31740801 0.84315884 0.31974485 0.84442663 0.32179367 0.84421938 0.32413044 0.84548680 0.32822861 0.84507225 0.33056538 0.84633967 0.33261421 0.84613241 0.33495157 0.84740016 0.33904922 0.84698565 0.34138599 0.84825307 0.34548416 0.84783852 0.34782093 0.84910594 0.34986975 0.84889868 0.35220705 0.85016605 0.35630470 0.84975155 0.35864146 0.85101897 0.36069029 0.85081171 0.36302765 0.85207946 0.36712530 0.85166495 0.36946260 0.85293232 0.37356025 0.85251782 0.37589701 0.85378524 0.37794584 0.85357799 0.38028320 0.85484573 0.38438085 0.85443123 0.38671814 0.85569859 0.38876697 0.85549134 0.39344050 0.85802618 0.39372845 0.85950085 0.39782662 0.85908629 0.40016346 0.86035409 0.40221229 0.86014684 0.40454958 0.86141420 0.40864723 0.86099970 0.41098400 0.86226712 0.41508217 0.86185256 0.41741901 0.86312036 0.41946784 0.86291311 0.42180513 0.86418047 0.42590278 0.86376597 0.42823954 0.86503339 0.43028837 0.86482614 0.43262566 0.86609350 0.43672331 0.86567900 0.43906060 0.86694637 0.44315825 0.86653186 0.44549509 0.86779966 0.44754392 0.86759241 0.44988121 0.86885977 0.45397886 0.86844527 0.45631615 0.86971264 0.46041380 0.86929813 0.46275064 0.87056593 0.46479947 0.87035868 0.46713676 0.87162605 0.47123441 0.87121154 0.47299581 0.86952957 0.47241985 0.86657985 0.47418073 0.86489793 0.47389272 0.86342288 0.47565360 0.86174096 0.47507771 0.85879162 0.47683859 0.85710970 0.47626263 0.85415998 0.47802351 0.85247806 0.47773549 0.85100301 0.47949690 0.84932104 0.47892101 0.84637170 0.48068190 0.84468977 0.47863307 0.84489703 0.47629570 0.84362928 0.47219805 0.84404379 0.46986129 0.84277637 0.46957334 0.84130170 0.46723650 0.84003390 0.46518715 0.84024121 0.46285038 0.83897379 0.46080156 0.83918104 0.45846427 0.83791367 0.45436662 0.83832818 0.45202985 0.83706076 0.44998103 0.83726801 0.44764373 0.83600064 0.44559491 0.83620789 0.44325807 0.83494010 0.43915989 0.83535465 0.43682313 0.83408723 0.43477430 0.83429449 0.43243753 0.83302707 0.43038819 0.83323437 0.42805134 0.83196658 0.42600252 0.83217383 0.42366523 0.83090646 0.41956758 0.83132096 0.41723081 0.83005355 0.41518199 0.83026080 0.41284469 0.82899343 0.41079587 0.82920068 0.40845910 0.82793326 0.40640975 0.82814057 0.40464887 0.82982249 0.40522476 0.83277183 0.40346388 0.83445375 0.40375190 0.83592880 0.40199101 0.83761072 0.40227896 0.83908539 0.40051815 0.84076769 0.39846880 0.84097499 0.39613196 0.83970720 0.39408313 0.83991445 0.39174584 0.83864708 0.38764820 0.83906159 0.38531143 0.83779417 0.38326260 0.83800142 0.38092524 0.83673367 0.37887641 0.83694093 0.37653964 0.83567351 0.37244147 0.83608806 0.37010470 0.83482065 0.36805588 0.83502790 0.36571911 0.83376048 0.36366976 0.83396778 0.36133299 0.83270036 0.36046909 0.82827598 0.36222990 0.82659368 0.36194195 0.82511901 0.36370336 0.82343703 0.36341541 0.82196236 0.36517630 0.82028044 0.36488828 0.81880539 0.36079010 0.81921995 0.35845334 0.81795253 0.35640451 0.81815978 0.35406722 0.81689242 0.35201840 0.81709967 0.34968155 0.81583187 0.34763273 0.81603912 0.34529596 0.81477170 0.34324661 0.81497901 0.34090984 0.81371159 0.33681167 0.81412615 0.33447490 0.81285873 0.33242608 0.81306598 0.33008931 0.81179856 0.32804049 0.81200581 0.32570312 0.81073807 0.32365430 0.81094532 0.32131753 0.80967790 0.31926818 0.80988520 0.31693141 0.80861779 0.31283376 0.80903229 0.30931148 0.81239618 0.30726265 0.81260344 0.30492588 0.81133602 0.30287654 0.81154332 0.29820293 0.80900811 0.29762704 0.80605877 0.29529027 0.80479135 0.29324145 0.80499860 0.29090415 0.80373123 0.28680651 0.80414574 0.28446914 0.80287799 0.28242031 0.80308524 0.28008355 0.80181782 0.27803472 0.80202508 0.27569795 0.80075766 0.27159978 0.80117221 0.26926294 0.79990442 0.26721359 0.80011172 0.26487682 0.79884430 0.26282800 0.79905155 0.26049123 0.79778414 0.25639306 0.79819869 0.25405629 0.79693127 0.25200746 0.79713852 0.24967017 0.79587116 0.24762135 0.79607841 0.24528450 0.79481061 0.24118686 0.79522512 0.23884957 0.79395775 0.23680074 0.79416500 0.23446397 0.79289758 0.23241462 0.79310489 0.23007778 0.79183709 0.22598013 0.79225159 0.22364337 0.79098418 0.22159402 0.79119148 0.21925725 0.78992406 0.21720842 0.79013131 0.21487113 0.78886395 0.21282231 0.78907120 0.21048554 0.78780378 0.20638789 0.78821828 0.20405052 0.78695054 0.20200170 0.78715779 0.19966493 0.78589037 0.19761558 0.78609767 0.19527881 0.78483026 0.19118117 0.78524476 0.18884432 0.78397696 0.18679498 0.78418427 0.18445821 0.78291685 0.18240938 0.78312410 0.18007209 0.78185674 0.17597444 0.78227124 0.17363767 0.78100382 0.17158885 0.78121107 0.16925156 0.77994370 0.16720273 0.78015096 0.16486589 0.77888316 0.16076772 0.77929772 0.15843095 0.77803030 0.15638212 0.77823755 0.15462125 0.77991947 0.15490926 0.78139452 0.15314786 0.78307649 0.15081109 0.78180907 0.14876226 0.78201633 0.14642490 0.78074858 0.14437607 0.78095583 0.13970254 0.77842100 0.14146335 0.77673870 0.14117540 0.77526403 0.13883863 0.77399661 0.13678981 0.77420386 0.13445252 0.77293649 0.13035487 0.77335100 0.12801757 0.77208363 0.12596875 0.77229088 0.12363191 0.77102309 0.12158308 0.77123034 0.11924632 0.76996292 0.11514815 0.77037747 0.11281138 0.76911006 0.11076203 0.76931736 0.10842519 0.76804956 0.10637636 0.76825682 0.10403959 0.76698940 0.09994142 0.76740395 0.09760465 0.76613653 0.09555583 0.76634378 0.09321854 0.76507642 0.09116971 0.76528367 0.08883294 0.76401625 0.08473530 0.76443075 0.08239793 0.76316301 0.08034910 0.76337026 0.07801234 0.76210284 0.07625093 0.76378482 0.07682689 0.76673454 0.07506601 0.76841646 0.07564190 0.77136580 0.07388109 0.77304810 0.07183226 0.77325535 0.06949542 0.77198755 0.06744608 0.77219486 0.06510931 0.77092744 0.06101113 0.77134199 0.05867437 0.77007457 0.05457672 0.77048908 0.05223995 0.76922166 0.05019060 0.76942896 0.04785383 0.76816154 0.04375566 0.76857610 0.04141892 0.76730829 0.04026707 0.76140924 0.04202785 0.75972732 0.04116395 0.75530294 0.03882728 0.75403551 0.03677835 0.75424277 0.03210448 0.75170758 0.03005550 0.75191485 0.02771863 0.75064744 0.02566970 0.75085470 0.02595764 0.75232937 0.02419668 0.75401169 0.02448462 0.75548636 0.02272358 0.75716829 0.02329954 0.76011801 0.02153856 0.76179994
0 0.89831461 0.81911657 0.90904379 0.89155176 0.91483168 0.89117232 0.90492477 0.81961605 0.89831461 0.81911657
0 0.93129571 0.81663649 0.90986055 0.81879341 0.92030205 0.88932720 0.94055368 0.88526831 0.93129571 0.81663649
0 0.93744198 0.81444704 0.94598838 0.88384949 0.96580046 0.87938545 0.95834552 0.81227322 0.93744198 0.81444704
0 0.96611954 0.81292254 0.97267511 0.87807068 0.99335987 0.87570464 0.98700107 0.80798110 0.96611954 0.81292254
0 0.90953273 0.79655792 0.91898022 0.79560140 0.91401875 0.75824543 0.91000660 0.75923034 0.91062436 0.76285706 0.90449686 0.76342960 0.90953273 0.79655792
0 0.93054112 0.79350465 0.92553933 0.75996635 0.92010526 0.76086701 0.91960852 0.75639252 0.91561836 0.75729059 0.92024692 0.79420553 0.93054112 0.79350465
0 0.93715612 0.79228296 0.94735218 0.79084434 0.94163500 0.75378472 0.93771288 0.75458947 0.93834569 0.75830461 0.93288256 0.75907241 0.93715612 0.79228296
0 0.95485093 0.75753783 0.94952168 0.75778653 0.94873108 0.75314509 0.94438905 0.75339766 0.94922646 0.79035683 0.95864054 0.79024256 0.95485093 0.75753783
0 0.96561609 0.78778404 0.97522723 0.78714181 0.97044930 0.75118388 0.96637488 0.75173726 0.96692862 0.75498815 0.96142445 0.75611710 0.96561609 0.78778404
0 0.98309573 0.75335549 0.97827919 0.75429500 0.97761587 0.75040078 0.97263876 0.75058642 0.97684789 0.78687442 0.98669819 0.78675544 0.98309573 0.75335549
0 1.00000000 0.75395555 0.99903534 0.74696491 0.99423243 0.74726527 0.99500344 0.75179176 0.98942588 0.75213422 0.99393880 0.78534396 1.00000000 0.78511323 1.00000000 0.75395555
0 1.00000000 0.67008160 0.99384395 0.63543027 0.97324901 0.63900476 0.98719390 0.71049699 1.00000000 0.70884905 1.00000000 0.67008160
0 0.96222870 0.71355609 0.97920955 0.71206750 0.96685836 0.64069593 0.95050920 0.64260291 0.96222870 0.71355609
0 0.90992624 0.64794915 0.88810661 0.64931901 0.90074656 0.72079523 0.92292475 0.71899807 0.90992624 0.64794915
0 0.88131363 0.65108170 0.87202873 0.65187369 0.88414461 0.72303281 0.89454480 0.72170256 0.88131363 0.65108170
