0 0.38302456 0.31043388 0.31482232 0.30487184 0.31260293 0.31488134 0.38256149 0.32029614 0.38302456 0.31043388
0 0.32297950 0.17928103 0.24756846 0.17291533 0.24451061 0.21667903 0.31798053 0.22180206 0.32297950 0.17928103
0 0.31594088 0.25986663 0.31177403 0.29530135 0.31879839 0.29471769 0.32472010 0.25913716 0.31594088 0.25986663
0 0.85130131 0.41875000 0.88647272 0.29686533 0.88364686 0.26997905 0.86008077 0.26369075 0.87269040 0.20628948 0.77737771 0.15409142 0.77702129 0.15410846 0.72121439 0.32697165 0.78578085 0.34938131 0.76245547 0.41475730 0.77304340 0.41875000 0.85130131 0.41875000
0 0.15101419 0.69591445 0.16945168 0.46773723 0.09445657 0.45676625 0.06447881 0.73957403 0.07461908 0.74636378 0.14290845 0.75332623 0.15526066 0.73631690 0.15101419 0.69591445
0 0.52968750 0.72018665 0.55475495 0.72292686 0.55429611 0.70321318 0.53731594 0.70529062 0.53507570 0.65514957 0.57176852 0.66851864 0.57015012 0.59898585 0.53115875 0.59541275 0.52968750 0.57948291 0.52968750 0.72018665
0 0.57795462 0.75939188 0.53045150 0.75309998 0.53256706 0.90126566 0.58338979 0.90222264 0.57795462 0.75939188
0 0.61961373 0.70607739 0.61398523 0.58981972 0.58677066 0.60204931 0.58923919 0.65093434 0.60069658 0.64875485 0.60442573 0.70875972 0.61961373 0.70607739
0 0.58149851 0.75886322 0.58931423 0.87755607 0.60317728 0.86848097 0.59856335 0.74953398 0.58149851 0.75886322
0 0.63149415 0.54575284 0.61676910 0.58874814 0.83473165 0.57156460 0.85138635 0.53187767 0.63149415 0.54575284
0 0.93393594 0.73142159 0.94046455 0.87324377 0.95902412 0.86201801 0.95499716 0.72372875 0.93393594 0.73142159
0 0.91258126 0.81765412 0.90954462 0.76891374 0.90380143 0.74949432 0.91516981 0.74910337 0.91563127 0.70117455 0.83971585 0.69548460 0.84006091 0.81305159 0.91258126 0.81765412
0 0.82114275 0.90460408 0.81562778 0.92231083 0.77094385 0.92561124 0.77703970 0.90628733 0.73758298 0.90802752 0.73516363 0.92616052 0.68854807 0.93252034 0.69083515 0.91227753 0.64627132 0.91403837 0.63197717 0.95471220 0.84479642 0.93835596 0.85966651 0.90275332 0.82114275 0.90460408
