0 0.15922040 0.00000000 0.14484024 0.02843150 0.16965414 0.05297693 0.18353792 0.02228342 0.17196992 0.01305534 0.17573887 0.00430568 0.17070440 0.00000000 0.15922040 0.00000000
0 0.00000000 0.19453421 0.02035743 0.22526824 0.03095795 0.21371490 0.00111550 0.17089917 0.00000000 0.17228062 0.00000000 0.19453421
0 0.78779127 0.27197574 0.78525257 0.27330296 0.79136080 0.31300095 0.87598233 0.31031176 0.87502789 0.30410871 0.87756728 0.30278146 0.89940523 0.30208747 0.89730556 0.28844153 0.89984421 0.28711399 0.91622233 0.28659351 0.91412261 0.27294725 0.91666201 0.27162000 0.93849996 0.27092601 0.93735469 0.26348279 0.93989334 0.26215525 0.93912986 0.25719332 0.89818353 0.25849456 0.89526304 0.25734050 0.84066816 0.25907547 0.83774773 0.25792173 0.82955832 0.25818198 0.83070359 0.26562519 0.82816494 0.26695274 0.81724596 0.26729973 0.81432548 0.26614567 0.78702769 0.26701317 0.78779127 0.27197574
0 1.00000000 0.17547474 0.97877870 0.17614913 0.97585821 0.17499507 0.94856042 0.17586257 0.94894221 0.17834385 0.94640352 0.17967108 0.94697617 0.18339284 0.94443677 0.18472009 0.92805866 0.18524057 0.92513822 0.18408683 0.86235394 0.18608205 0.86330834 0.19228478 0.86076964 0.19361201 0.82255288 0.19482650 0.82350733 0.20102954 0.82096863 0.20235677 0.78275257 0.20357124 0.78021317 0.20489849 0.78269463 0.22102571 0.82091139 0.21981122 0.82383188 0.22096528 0.82574067 0.23337074 0.82320198 0.23469797 0.82047171 0.23478473 0.81755127 0.23363099 0.78479434 0.23467197 0.78746672 0.25204000 0.82022364 0.25099902 0.82314408 0.25215276 0.89684734 0.24981054 0.89976848 0.25096426 0.95709292 0.24914255 0.95518412 0.23673709 0.95772277 0.23540954 0.97683115 0.23480230 0.97473144 0.22115604 0.97727014 0.21982881 0.99637852 0.21922156 0.99427885 0.20557562 0.99681750 0.20424808 1.00000000 0.20414694 1.00000000 0.17547474
0 0.66639354 0.00000000 0.67064328 0.02761946 0.67356373 0.02877326 0.67680871 0.04986274 0.67427001 0.05118996 0.67522446 0.05739301 0.67814490 0.05854675 0.67909930 0.06474948 0.68201979 0.06590354 0.68316506 0.07334675 0.68608550 0.07450049 0.68684903 0.07946274 0.70049827 0.07902898 0.70341871 0.08018272 0.81533803 0.07662604 0.81457455 0.07166411 0.81711320 0.07033656 0.89627629 0.06782084 0.89513102 0.06037762 0.89766972 0.05905040 0.90312886 0.05887691 0.90605000 0.06003063 0.95791530 0.05838240 0.95696085 0.05217936 0.95949955 0.05085213 0.98133750 0.05015814 0.97361979 0.00000000 0.66639354 0.00000000
0 0.29947917 0.05437429 0.37539128 0.05196188 0.37831242 0.05311559 0.37907595 0.05807784 0.38199639 0.05923158 0.38275992 0.06419383 0.38568041 0.06534789 0.38644389 0.07030982 0.38936507 0.07146385 0.38993773 0.07518562 0.39285817 0.07633936 0.39362170 0.08130161 0.39654214 0.08245534 0.39730567 0.08741759 0.40022611 0.08857133 0.40098964 0.09353358 0.40391012 0.09468764 0.40467360 0.09964957 0.40759479 0.10080360 0.40816745 0.10452537 0.41108789 0.10567911 0.41204229 0.11188184 0.41496273 0.11303558 0.41553539 0.11675734 0.50288719 0.11398139 0.50212366 0.10901914 0.50466305 0.10769189 0.51831160 0.10725816 0.51792981 0.10477688 0.51500867 0.10362316 0.51424514 0.09866091 0.51132470 0.09750717 0.51056117 0.09254492 0.50764074 0.09139118 0.50687716 0.08642862 0.50395672 0.08527488 0.50319319 0.08031263 0.50027275 0.07915889 0.49950922 0.07419664 0.49658808 0.07304292 0.49582456 0.06808068 0.49290407 0.06692662 0.49214058 0.06196469 0.48922010 0.06081063 0.48845657 0.05584838 0.48553543 0.05469467 0.48477190 0.04973242 0.48185146 0.04857868 0.48108793 0.04361643 0.47816749 0.04246269 0.47740392 0.03750013 0.47448349 0.03634645 0.47371996 0.03138420 0.47079951 0.03023040 0.47022686 0.02650870 0.46730571 0.02535492 0.46654218 0.02039267 0.46362173 0.01923886 0.46285821 0.01427662 0.45993775 0.01312278 0.45917422 0.00816053 0.45625307 0.00700674 0.45606219 0.00576617 0.29947917 0.01074223 0.29947917 0.05437429
0 0.04270615 0.91701342 0.10745535 0.91510217 0.10723451 0.86871052 0.04233404 0.87143476 0.04270615 0.91701342
0 0.04368840 0.83908520 0.10924343 0.83610803 0.10843098 0.79380695 0.04350293 0.79653918 0.04368840 0.83908520
0 0.39106264 0.99500444 0.41870309 0.99993681 0.43289139 0.91230124 0.39513213 0.91430393 0.39175305 0.95381624 0.39106264 0.99500444
0 0.29947917 0.99797148 0.32315592 0.99429562 0.32671665 0.95868003 0.34843483 0.94857043 0.34957939 0.91712407 0.29947917 0.91736793 0.29947917 0.99797148
