0 0.20058091 0.33109826 0.14789321 0.37261617 0.16115843 0.40865458 0.21368789 0.36504876 0.20058091 0.33109826
0 0.71845580 0.48584951 0.59706857 0.53100404 0.59714354 0.53171730 0.60804818 0.55981576 0.61689165 0.55888627 0.72567603 0.51393144 0.72470309 0.50467462 0.71845580 0.48584951
0 0.75563211 0.46889094 0.63963031 0.51740563 0.63980817 0.51909788 0.64859353 0.53984320 0.65141548 0.53954660 0.76525933 0.49193586 0.76494804 0.48783814 0.75686905 0.46876093 0.75563211 0.46889094
0 0.79645502 0.45526633 0.67922547 0.49855731 0.67938121 0.49947104 0.69223497 0.52582966 0.70184454 0.52481965 0.80713337 0.48174991 0.80654540 0.47615572 0.79645502 0.45526633
0 0.50330990 0.00000000 0.50150344 0.00411949 0.50311208 0.02534417 0.53759353 0.04563227 0.54014651 0.04524297 0.56598732 0.00000000 0.50330990 0.00000000
0 0.04307857 0.92657539 0.03994976 0.92975520 0.03820155 0.92990640 0.03194379 0.93626565 0.03019558 0.93641686 0.02550229 0.94118639 0.02375409 0.94133759 0.01906080 0.94610712 0.01924453 0.94754564 0.02504024 0.95140758 0.02522402 0.95284646 0.02715595 0.95413378 0.03184924 0.94936425 0.03359745 0.94921304 0.03985522 0.94285379 0.04160342 0.94270258 0.04942562 0.93475361 0.05117378 0.93460241 0.05586711 0.92983288 0.05761527 0.92968168 0.05954703 0.93096938 0.06129555 0.93081814 0.06285985 0.92922806 0.06460792 0.92907687 0.07086568 0.92271762 0.06700208 0.92014297 0.06681835 0.91870446 0.06295426 0.91612948 0.06120618 0.91628067 0.05338399 0.92422965 0.05163578 0.92438085 0.04850692 0.92756066 0.04675876 0.92771186 0.04482678 0.92642418 0.04307857 0.92657539
0 0.01207333 0.91907587 0.01382151 0.91892466 0.01851483 0.91415513 0.01833110 0.91271662 0.01989553 0.91112690 0.02514010 0.91067328 0.02495632 0.90923440 0.02652075 0.90764468 0.02826896 0.90749347 0.02771772 0.90317756 0.02928220 0.90158783 0.04501582 0.90022700 0.04483209 0.89878848 0.02385390 0.90060293 0.02228947 0.90219265 0.01354853 0.90294867 0.01373226 0.90438719 0.01216780 0.90597691 0.01041962 0.90612811 0.01207333 0.91907587
0 0.06232977 0.81436860 0.06269723 0.81724564 0.06113289 0.81883535 0.05763630 0.81913778 0.05910623 0.83064665 0.06085430 0.83049545 0.06278655 0.83178274 0.06333779 0.83609865 0.06526963 0.83738635 0.06765826 0.85608817 0.07115485 0.85578574 0.07308665 0.85707307 0.07565901 0.87721341 0.09488869 0.87555019 0.09396999 0.86835724 0.09553478 0.86676749 0.09728285 0.86661630 0.09709912 0.86517778 0.09516727 0.86389009 0.09039002 0.82648644 0.09195436 0.82489673 0.09545095 0.82459430 0.09526722 0.82315578 0.09683152 0.82156571 0.10032766 0.82126332 0.10014393 0.81982480 0.10327301 0.81664497 0.10502108 0.81649378 0.10465362 0.81361674 0.10621797 0.81202703 0.11321070 0.81142222 0.11265946 0.80710630 0.11072766 0.80581897 0.11054388 0.80438009 0.09655842 0.80558972 0.09462662 0.80430240 0.09287855 0.80445359 0.09324605 0.80733100 0.09168127 0.80892075 0.07245114 0.81058400 0.07263487 0.81202251 0.07107057 0.81361259 0.06232977 0.81436860
0 0.00000000 0.82454738 0.00692857 0.87879482 0.06461850 0.87380510 0.06443477 0.87236658 0.06250292 0.87107889 0.06176795 0.86532445 0.05827181 0.86562684 0.05633956 0.86433956 0.05486963 0.85283069 0.03738794 0.85434271 0.03545600 0.85305540 0.03490477 0.84873949 0.03297283 0.84745217 0.03453726 0.84586208 0.05376716 0.84419885 0.05266474 0.83556738 0.05091666 0.83571857 0.04898486 0.83443125 0.04567749 0.80853611 0.04218099 0.80883853 0.04024910 0.80755121 0.04006537 0.80611270 0.03482080 0.80656631 0.03288891 0.80527899 0.02065161 0.80633742 0.01871967 0.80504974 0.01816844 0.80073382 0.01973287 0.79914410 0.03896290 0.79748086 0.03859544 0.79460382 0.03666355 0.79331651 0.03537735 0.78324615 0.03362914 0.78339736 0.03169721 0.78211005 0.02967604 0.76628526 0.02774410 0.76499757 0.02737665 0.76212054 0.01863575 0.76287656 0.01707128 0.76446628 0.00000000 0.76594281 0.00000000 0.82454738
0 0.04264831 0.77098126 0.04458011 0.77226859 0.04605004 0.78377746 0.04798229 0.78506474 0.04945222 0.79657361 0.06343769 0.79536398 0.06325396 0.79392547 0.06481830 0.79233576 0.08929264 0.79021892 0.08561781 0.76144674 0.07862508 0.76205156 0.07669323 0.76076387 0.07595831 0.75500980 0.06022477 0.75637062 0.06059223 0.75924766 0.05902789 0.76083737 0.03804925 0.76265185 0.03896799 0.76984518 0.04090024 0.77113246 0.04264831 0.77098126
0 0.05591439 0.68110901 0.05435009 0.68269909 0.04386122 0.68360629 0.04735232 0.71093995 0.06658244 0.70927670 0.06851424 0.71056402 0.06888170 0.71344106 0.06731736 0.71503077 0.04983531 0.71654282 0.05204025 0.73380650 0.05047591 0.73539621 0.05249703 0.75122064 0.06648249 0.75001100 0.06841434 0.75129870 0.07191093 0.75099627 0.07154343 0.74811887 0.07310777 0.74652915 0.09233744 0.74486594 0.09123497 0.73623410 0.08948690 0.73638530 0.08755510 0.73509798 0.08535020 0.71783467 0.08691455 0.71624496 0.09041113 0.71594253 0.09004363 0.71306513 0.09160797 0.71147542 0.09860070 0.71087060 0.09841697 0.70943208 0.09998131 0.70784237 0.10872256 0.70708633 0.10835506 0.70420892 0.10991940 0.70261921 0.11516361 0.70216563 0.11497988 0.70072711 0.11654462 0.69913699 0.12878157 0.69807860 0.12712791 0.68513121 0.12519611 0.68384388 0.12464487 0.67952797 0.12289680 0.67967916 0.12096500 0.67839184 0.11894384 0.66256712 0.07174279 0.66664963 0.07017846 0.66823946 0.04220753 0.67065872 0.04257502 0.67353594 0.05306389 0.67262873 0.05499570 0.67391613 0.05591439 0.68110901
0 0.00000000 0.75285239 0.00667668 0.75227491 0.00860861 0.75356223 0.00915985 0.75787814 0.04237522 0.75500528 0.04182398 0.75068936 0.04338877 0.74909961 0.04688491 0.74879722 0.04265885 0.71570912 0.03566611 0.71631394 0.03410177 0.71790365 0.02536075 0.71865968 0.02342881 0.71737237 0.02269384 0.71161793 0.02425832 0.71002821 0.04348822 0.70836498 0.03871094 0.67096115 0.03677913 0.66967371 0.00000000 0.67285481 0.00000000 0.75285239
0 0.71885983 1.00000000 0.99923774 0.98015872 0.99878857 0.97728132 0.99642693 0.97599403 0.99552864 0.97023960 0.99316755 0.96895228 0.99204464 0.96175895 0.98968355 0.96047163 0.98856070 0.95327868 0.98619961 0.95199136 0.98530132 0.94623692 0.98294023 0.94494960 0.98181732 0.93775628 0.97945568 0.93646899 0.97855740 0.93071456 0.97619630 0.92942724 0.97507345 0.92223428 0.97271231 0.92094659 0.97158946 0.91375364 0.96922782 0.91246636 0.96832953 0.90671192 0.96596838 0.90542423 0.96507015 0.89967016 0.96270900 0.89838247 0.96203527 0.89406655 0.95967418 0.89277923 0.95877588 0.88702479 0.95641479 0.88573747 0.95574106 0.88142155 0.92155437 0.88384081 0.92222810 0.88815673 0.91840367 0.89133656 0.90985700 0.89194138 0.90794502 0.89353109 0.89512474 0.89443833 0.89321277 0.89602804 0.89107624 0.89617924 0.88916426 0.89776895 0.88702719 0.89792018 0.88511521 0.89950989 0.88297868 0.89966109 0.88106622 0.90125120 0.87892969 0.90140240 0.87701772 0.90299211 0.87488119 0.90314330 0.87296921 0.90473301 0.87083213 0.90488425 0.86892022 0.90647433 0.86464661 0.90677675 0.86487117 0.90821527 0.86295919 0.90980498 0.86498033 0.92275237 0.86306836 0.92434208 0.83101820 0.92661015 0.83337935 0.92789784 0.83427764 0.93365228 0.83663928 0.93493956 0.83753757 0.94069400 0.83562505 0.94228375 0.80571197 0.94440058 0.80616115 0.94727798 0.80424917 0.94886769 0.80492290 0.95318361 0.80301038 0.95477336 0.77309730 0.95689020 0.77118533 0.95847991 0.76904825 0.95863114 0.76713634 0.96022122 0.76286328 0.96052361 0.76095130 0.96211332 0.75881422 0.96226455 0.75690225 0.96385426 0.75476572 0.96400546 0.75285320 0.96559521 0.75071667 0.96574640 0.74880470 0.96733611 0.74453163 0.96763850 0.74261917 0.96922862 0.74048264 0.96937981 0.73857067 0.97096952 0.73643359 0.97112076 0.73452162 0.97271047 0.73238508 0.97286166 0.73047317 0.97445174 0.72619956 0.97475417 0.72428758 0.97634388 0.72215105 0.97649508 0.72023853 0.97808483 0.71810200 0.97823602 0.71619003 0.97982573 0.71405350 0.97997693 0.71214153 0.98156664 0.71000445 0.98171787 0.71135191 0.99034971 0.71371355 0.99163699 0.71438728 0.99595291 0.71247476 0.99754266 0.68683475 0.99935711 0.68693510 1.00000000 0.71885983 1.00000000
