0 0.23479069 0.13313895 0.23006820 0.13039249 0.18028022 0.16414637 0.18357915 0.16700029 0.23479069 0.13313895
0 0.17908241 0.15596165 0.21709857 0.13033782 0.20907716 0.12473744 0.17248722 0.15025361 0.17908241 0.15596165
0 0.14608577 0.20603104 0.11076977 0.23041738 0.11878984 0.23601786 0.15425561 0.21265485 0.14608577 0.20603104
0 0.25975053 0.15607837 0.25330378 0.15139376 0.22323685 0.17228095 0.22968227 0.17696565 0.25975053 0.15607837
0 0.42968750 0.18886005 0.41695278 0.19696203 0.42339834 0.20164770 0.42968750 0.19772239 0.42968750 0.18886005
0 0.39340887 0.21322023 0.37368901 0.22608587 0.38013443 0.23077058 0.39985429 0.21790494 0.39340887 0.21322023
0 0.52069558 0.28534683 0.52261285 0.29698168 0.62536621 0.30380786 0.62140236 0.26934344 0.55040854 0.27062468 0.55177806 0.28437546 0.52069558 0.28534683
0 0.46245809 0.25514112 0.44773262 0.25528284 0.45495918 0.29248646 0.46707505 0.29329070 0.46245809 0.25514112
0 0.40403973 0.77478911 0.37122965 0.78067189 0.37443976 0.81379663 0.40742933 0.80856140 0.40403973 0.77478911
0 0.00000000 0.53581262 0.03459279 0.53020200 0.02174263 0.37493196 0.00000000 0.37845127 0.00000000 0.53581262
0 0.14950995 0.40473308 0.10670244 0.40556761 0.11539094 0.52270441 0.15850475 0.51984079 0.14950995 0.40473308
0 0.14828312 0.37790917 0.14209699 0.31375167 0.09958791 0.31945666 0.10408930 0.37835725 0.14828312 0.37790917
