0 0.19935201 0.20438242 0.14760189 0.21244664 0.15889132 0.24074630 0.21064144 0.23268208 0.19935201 0.20438242
0 0.28505585 0.19532074 0.23977639 0.20237664 0.25187249 0.23269838 0.29715195 0.22564248 0.28505585 0.19532074
0 1.00000000 0.35071417 0.98209180 0.35578085 0.98417385 0.36525676 0.98166667 0.36999168 0.93991473 0.38180437 0.95365570 0.44434283 1.00000000 0.43123086 1.00000000 0.35071417
0 0.72445416 0.48302198 0.74282498 0.47782441 0.74491130 0.47924692 0.76495208 0.47357688 0.76703851 0.47499988 0.76912045 0.48447530 0.78415136 0.48022267 0.76791197 0.40631331 0.74119093 0.41387337 0.73910418 0.41245097 0.73702224 0.40297555 0.69527073 0.41478811 0.69318430 0.41336511 0.69068599 0.40199470 0.67565508 0.40624733 0.67773703 0.41572275 0.67982378 0.41714514 0.69356486 0.47968410 0.72028589 0.47212404 0.72237222 0.47354655 0.72445416 0.48302198
0 0.65691300 0.32902046 0.65899933 0.33044297 0.66857641 0.37403060 0.67066317 0.37545299 0.67149590 0.37924297 0.70990707 0.36837547 0.71199382 0.36979787 0.71490860 0.38306375 0.72325882 0.38070126 0.72451241 0.37833380 0.76125405 0.36793866 0.75833926 0.35467277 0.75625294 0.35325026 0.74126276 0.28502634 0.71454172 0.29258640 0.71245497 0.29116401 0.71037303 0.28168859 0.69367260 0.28641356 0.69158574 0.28499068 0.65150418 0.29633077 0.64941786 0.29490826 0.64733592 0.28543284 0.64524959 0.28401032 0.63522899 0.28684540 0.64064208 0.31148170 0.63938849 0.31384916 0.64313601 0.33090502 0.65315662 0.32806993 0.65524305 0.32949293 0.65691300 0.32902046
0 0.70246152 0.24568140 0.70495983 0.25705181 0.73168087 0.24949175 0.71335953 0.16610696 0.71001962 0.16705190 0.70876571 0.16941997 0.65866398 0.18359502 0.65657755 0.18217202 0.65366287 0.16890663 0.59855042 0.18449934 0.61354049 0.25272277 0.62356109 0.24988769 0.62564752 0.25131069 0.62856220 0.26457609 0.70037509 0.24425840 0.70246152 0.24568140
0 0.86077761 0.06199859 0.85952402 0.06436605 0.77769096 0.08751871 0.78143848 0.10457456 0.79145865 0.10173960 0.79354497 0.10316212 0.80686958 0.16380560 0.80895633 0.16522799 0.81770068 0.20502564 0.81937064 0.20455317 0.82062423 0.20218571 0.87740664 0.18612052 0.87866013 0.18375257 0.94212280 0.16579737 0.94420923 0.16722037 0.98429078 0.15588028 0.95222838 0.00995654 0.89878631 0.02507666 0.90128472 0.03644755 0.90003113 0.03881501 0.85994958 0.05015510 0.86036595 0.05205009 0.85911193 0.05441767 0.86077761 0.06199859
0 0.60775613 0.14566204 0.61777631 0.14282708 0.61986306 0.14424947 0.63155319 0.14094204 0.63364005 0.14236491 0.64533018 0.13905748 0.64741693 0.14047987 0.65075685 0.13953492 0.65284360 0.14095732 0.65409281 0.14664277 0.70753488 0.13152265 0.68921353 0.04813776 0.65581181 0.05758796 0.65455824 0.05995551 0.63451746 0.06562556 0.63243112 0.06420295 0.62993274 0.05283225 0.58818123 0.06464481 0.58609446 0.06322232 0.57273394 0.06700235 0.58480934 0.12196038 0.58689620 0.12338326 0.59189282 0.14612408 0.59397925 0.14754708 0.60566981 0.14423953 0.60775613 0.14566204
0 0.42039339 0.74799499 0.26878468 0.77162018 0.34135310 0.96160357 0.41639329 0.95594880 0.40960554 0.92278695 0.48314188 0.90528903 0.42039339 0.74799499
0 0.75301872 1.00000000 0.75116600 0.99156786 0.74281579 0.99393034 0.74072946 0.99250783 0.73864752 0.98303241 0.73656109 0.98160941 0.73614472 0.97971442 0.72946446 0.98160444 0.72529128 0.97875904 0.72320933 0.96928362 0.71652908 0.97117363 0.71444275 0.96975112 0.71069523 0.95269526 0.70568493 0.95411280 0.70359850 0.95268980 0.70192854 0.95316228 0.69984179 0.95173988 0.69734348 0.94036947 0.68732331 0.94320444 0.68523687 0.94178144 0.68440414 0.93799146 0.68565773 0.93562400 0.68482489 0.93183354 0.67480471 0.93466850 0.67271796 0.93324611 0.66980318 0.91998023 0.66145296 0.92234271 0.65936663 0.92092020 0.65603548 0.90575933 0.64768484 0.90812194 0.64559852 0.90669943 0.64310010 0.89532853 0.63976018 0.89627348 0.63767386 0.89485096 0.63433352 0.89579603 0.63224719 0.89437352 0.62974878 0.88300262 0.61972826 0.88583768 0.61764185 0.88441519 0.61389433 0.86735933 0.60721407 0.86924935 0.60512755 0.86782637 0.60262924 0.85645596 0.59594898 0.85834597 0.59386253 0.85692350 0.58217210 0.86023102 0.59091635 0.90002818 0.58966262 0.90239568 0.59923971 0.94598330 0.59798602 0.94835079 0.59631595 0.94882330 0.59798153 0.95640373 0.59965159 0.95593123 0.60173813 0.95735420 0.60340360 0.96493415 0.60215001 0.96730213 0.60047994 0.96777463 0.60756051 1.00000000 0.75301872 1.00000000
