0 0.33468946 0.14424339 0.32799950 0.14719773 0.31844013 0.14289279 0.31387467 0.14514591 0.30580290 0.14184242 0.29242297 0.14775110 0.30017659 0.15190513 0.29348663 0.15485947 0.30123995 0.15901430 0.25441111 0.17969229 0.26036008 0.18369714 0.34276293 0.14754702 0.33468946 0.14424339
0 0.74860141 0.18319483 0.73991524 0.20243831 0.73767681 0.21340911 0.73900234 0.22440882 0.75926689 0.23006765 0.76313609 0.22860053 0.77389346 0.21378608 0.80796357 0.16344659 0.81064384 0.15614235 0.76702465 0.13664117 0.75674258 0.15204222 0.75450414 0.16301303 0.75772942 0.16761792 0.75711893 0.17060995 0.74860141 0.18319483
0 0.01186379 1.00000000 0.02411765 0.85003852 0.01427218 0.84979922 0.00198861 1.00000000 0.01186379 1.00000000
0 0.02485838 1.00000000 0.03698789 0.85484581 0.02635410 0.85143158 0.01459426 1.00000000 0.02485838 1.00000000
0 0.03788672 1.00000000 0.04934142 0.85849074 0.03935387 0.85629263 0.02753807 1.00000000 0.03788672 1.00000000
0 0.04912754 1.00000000 0.06102139 0.86114698 0.05113324 0.85922636 0.03953069 1.00000000 0.04912754 1.00000000
0 0.06146054 1.00000000 0.07244785 0.86369837 0.06265902 0.86205616 0.05119328 1.00000000 0.06146054 1.00000000
0 0.07164183 1.00000000 0.08308383 0.86616273 0.07550267 0.86400157 0.06453511 1.00000000 0.07164183 1.00000000
0 0.08442984 1.00000000 0.09499824 0.87010251 0.08475467 0.86684915 0.07368047 1.00000000 0.08442984 1.00000000
0 0.09639950 1.00000000 0.10681478 0.87376528 0.09654356 0.87073736 0.08575574 1.00000000 0.09639950 1.00000000
0 0.04518159 0.49852774 0.03426972 0.39735734 0.02015130 0.40320437 0.03112928 0.50487594 0.04518159 0.49852774
0 0.06310727 0.49424368 0.05177596 0.39218868 0.03746506 0.39748082 0.04843087 0.49819803 0.06310727 0.49424368
0 0.72683640 0.33985604 0.58128871 0.30513247 0.57555848 0.35862668 0.72258385 0.39377914 0.72683640 0.33985604
