0 0.34651045 0.28117190 0.31438694 0.29122283 0.31681383 0.30412502 0.35056684 0.29394386 0.34651045 0.28117190
0 0.10905570 0.27957020 0.05609661 0.29689862 0.06280605 0.32629393 0.11739321 0.30883716 0.10905570 0.27957020
0 0.64312232 0.25996206 0.56711144 0.01296473 0.50088497 0.01804747 0.58446586 0.28071341 0.64312232 0.25996206
0 0.73595638 0.55987055 0.65910726 0.30804086 0.59749694 0.32999011 0.66945706 0.55987055 0.73595638 0.55987055
0 0.64111974 0.55987055 0.57441541 0.34082907 0.51282365 0.36332059 0.57405733 0.55987055 0.64111974 0.55987055
0 0.48988878 0.28480596 0.49005908 0.29015784 0.49719689 0.31086252 0.55939114 0.29161983 0.48988878 0.07046817 0.48988878 0.28480596
0 0.54351026 0.55987055 0.49784766 0.41463059 0.50710118 0.55987055 0.54351026 0.55987055
0 0.29126208 1.00000000 0.28009706 0.79042733 0.25705217 0.79232086 0.26865555 1.00000000 0.29126208 1.00000000
0 0.26123098 1.00000000 0.25050326 0.79233027 0.22451170 0.79334997 0.23491276 1.00000000 0.26123098 1.00000000
0 0.19859835 0.55987055 0.19925508 0.59311695 0.20952605 0.59254260 0.20825775 0.55987055 0.19859835 0.55987055
0 0.15259188 0.55987055 0.15323931 0.59866703 0.16984965 0.59589744 0.16885632 0.55987055 0.15259188 0.55987055
0 0.10528072 0.55987055 0.10664469 0.60460953 0.12585299 0.59998717 0.12495226 0.55987055 0.10528072 0.55987055
0 0.65718416 0.70705875 0.66327919 0.76541102 0.70821247 0.76532715 0.70580633 0.73086758 0.70176314 0.67941386 0.65782374 0.67945776 0.65718416 0.70705875
0 0.73335893 0.67641955 0.73433873 0.70912577 0.74203224 0.78062689 0.78689602 0.77997133 0.78204443 0.73237220 0.77496306 0.67359716 0.73811985 0.67450460 0.73335893 0.67641955
