0 0.07339356 0.14624731 0.06343162 0.14537575 0.06139816 0.16861822 0.24851848 0.17160695 0.25055220 0.14836137 0.23726857 0.14719920 0.23901168 0.12727531 0.07210871 0.12271139 0.07339356 0.14624731
0 1.00000000 0.13570601 0.89835811 0.15117018 0.90857219 0.22567516 1.00000000 0.21145528 1.00000000 0.13570601
0 0.56875000 0.35907595 0.59995899 0.34924798 0.58684302 0.30794768 0.56875000 0.31369425 0.56875000 0.35907595
0 1.00000000 0.72022644 0.94482511 0.71539926 0.94198462 0.71201321 0.90462731 0.70874487 0.89700112 0.79591270 0.89361507 0.79875320 0.88626135 0.88280653 0.91116622 0.88498542 0.91400751 0.88837154 1.00000000 0.89589491 1.00000000 0.72022644
0 0.87069601 0.88144473 0.88022862 0.77248654 0.88361467 0.76964604 0.88933432 0.70427017 0.77726162 0.69446508 0.76718418 0.80965069 0.76379893 0.81249125 0.75889645 0.86852681 0.76823597 0.86934391 0.77107654 0.87272916 0.87069601 0.88144473
0 0.68729476 0.86226247 0.74333111 0.86716502 0.74986779 0.79245041 0.75325304 0.78960985 0.76196862 0.68999038 0.65612333 0.68073012 0.65328197 0.67734479 0.64989671 0.68018536 0.64009169 0.79225726 0.63670644 0.79509783 0.63153155 0.85424708 0.68445419 0.85887722 0.68729476 0.86226247
0 0.56875000 0.84561768 0.60067281 0.84841056 0.60351361 0.85179583 0.61285250 0.85261288 0.61623855 0.84977238 0.62522647 0.74704001 0.62861179 0.74419864 0.63433137 0.67882357 0.59074785 0.67501050 0.58790705 0.67162523 0.56875000 0.66994920 0.56875000 0.84561768
0 1.00000000 0.55000000 0.92478916 0.55000000 0.91875160 0.61900961 0.91536628 0.62185097 0.90964670 0.68722605 1.00000000 0.69513094 1.00000000 0.55000000
0 0.79617495 0.55000000 0.79002491 0.62029523 0.78663966 0.62313580 0.78228187 0.67294553 0.81341256 0.67566912 0.81625385 0.67905523 0.89408136 0.68586426 0.90143514 0.60181013 0.90482040 0.59896957 0.90910468 0.55000000 0.79617495 0.55000000
0 0.66442319 0.55000000 0.65491617 0.65866574 0.65802988 0.65893816 0.66087044 0.66232341 0.76360282 0.67131133 0.76387517 0.66819842 0.76726122 0.66535793 0.77735373 0.55000000 0.66442319 0.55000000
0 0.56875000 0.55000000 0.56875000 0.65112718 0.63935083 0.65730395 0.64873871 0.55000000 0.56875000 0.55000000
