0 0.00000000 0.08085656 0.17701604 0.14736445 0.18460279 0.13473797 0.00000000 0.06583818 0.00000000 0.08085656
0 0.82947028 0.45540908 0.83922857 0.45014389 0.84164303 0.45537936 0.85276695 0.45094117 0.82854955 0.38628156 0.81440106 0.39069084 0.81683556 0.39569989 0.80654322 0.39826605 0.82947028 0.45540908
0 0.76008607 0.31397589 0.69888665 0.33778146 0.70674705 0.35459814 0.69430930 0.36167876 0.69854843 0.36922704 0.77216442 0.34186471 0.76008607 0.31397589
0 0.74015765 0.26566268 0.66700850 0.29263688 0.66856359 0.29799401 0.68438699 0.29374686 0.69252708 0.31624672 0.75492187 0.29507995 0.74015765 0.26566268
0 0.72448099 0.21615654 0.65742089 0.24075707 0.67083102 0.27208203 0.73963974 0.24793120 0.72448099 0.21615654
0 0.49683795 0.32040710 0.51403424 0.36917001 0.53871648 0.35947330 0.52575978 0.32576070 0.56029030 0.31231424 0.55660602 0.30005628 0.49683795 0.32040710
0 0.48618450 0.29175841 0.49584184 0.31427249 0.55349573 0.29026193 0.54273527 0.26453450 0.48618450 0.29175841
0 0.43815807 0.19306859 0.46389135 0.26218527 0.51573576 0.24263852 0.49139392 0.18972714 0.45958926 0.20214976 0.45396461 0.18777691 0.43815807 0.19306859
0 0.34960938 0.61678003 0.15732263 0.65661407 0.16989979 0.72166758 0.34960938 0.68412730 0.34960938 0.61678003
0 0.20273282 0.87787881 0.21460547 0.94315573 0.32970397 0.92109358 0.31728040 0.85451365 0.20273282 0.87787881
