0 0.20659388 0.55665500 0.17994513 0.59329200 0.18778349 0.60869408 0.24244928 0.53585702 0.21972312 0.49420172 0.19170479 0.53040137 0.20659388 0.55665500
0 0.17015653 0.58156616 0.13657572 0.62673810 0.14549127 0.64463467 0.17907207 0.59946273 0.17015653 0.58156616
0 0.95140107 0.95452707 0.95799660 0.92078116 0.95578033 0.92026884 0.94918480 0.95401475 0.95140107 0.95452707
0 0.96049152 0.89616410 0.96223659 0.89908733 0.97307223 0.84364697 0.97038487 0.84554494 0.96049152 0.89616410
0 0.86189735 0.68946039 0.85920999 0.69135836 0.84369495 0.68777184 0.82626379 0.77695810 0.83956256 0.78003230 0.84130762 0.78295553 0.83800992 0.79982817 0.83532245 0.80172676 0.83357738 0.79880353 0.82249488 0.79624165 0.81401478 0.83962995 0.81844789 0.84065472 0.82019308 0.84357733 0.81972188 0.84598824 0.82637126 0.84752534 0.82811645 0.85044795 0.82764537 0.85285824 0.83429475 0.85439534 0.83603994 0.85731795 0.83556886 0.85972824 0.84221824 0.86126534 0.84396331 0.86418857 0.84349223 0.86659886 0.85014161 0.86813596 0.85188680 0.87105857 0.85141560 0.87346948 0.85806498 0.87500658 0.85981017 0.87792919 0.85933909 0.88033948 0.86377220 0.88136426 0.86551739 0.88428687 0.86504630 0.88669716 0.87391196 0.88874658 0.87565703 0.89166981 0.87518595 0.89408010 0.87961906 0.89510488 0.88136425 0.89802749 0.88089304 0.90043840 0.88754243 0.90197550 0.88928762 0.90489811 0.89593700 0.90643521 0.89768219 0.90935782 0.89721111 0.91176811 0.90386049 0.91330521 0.90560568 0.91622782 0.90513448 0.91863873 0.90956702 0.91966337 0.91131278 0.92258612 0.91084170 0.92499641 0.91749108 0.92653351 0.92098134 0.93237935 0.92319761 0.93289167 0.92668855 0.93873703 0.93333794 0.94027412 0.93602529 0.93837616 0.96099427 0.81062280 0.94547923 0.80703628 0.94373416 0.80411304 0.94703187 0.78724040 0.94971934 0.78534182 0.96523438 0.78892834 0.97324328 0.74795096 0.97149809 0.74502834 0.96928125 0.74451589 0.96753606 0.74159328 0.96088668 0.74005618 0.95914149 0.73713356 0.95961270 0.73472266 0.95296331 0.73318556 0.95121812 0.73026295 0.95263149 0.72303146 0.94598211 0.72149436 0.94423692 0.71857175 0.94470800 0.71616146 0.94027546 0.71513681 0.93678463 0.70929084 0.93013525 0.70775374 0.92839006 0.70483113 0.92886114 0.70242084 0.92442860 0.70139619 0.92268296 0.69847283 0.92362513 0.69365225 0.91475947 0.69160283 0.91301428 0.68868022 0.91348537 0.68626993 0.90905282 0.68524528 0.90730718 0.68232192 0.90777827 0.67991163 0.90112888 0.67837453 0.89938369 0.67545192 0.90079706 0.66822044 0.89414825 0.66668347 0.89240249 0.66376072 0.89287357 0.66135043 0.88622419 0.65981334 0.88447912 0.65689011 0.88495021 0.65447982 0.88051766 0.65345517 0.87877247 0.65053256 0.87212309 0.64899546 0.87037745 0.64607210 0.87084853 0.64366181 0.86910335 0.64073920 0.87004551 0.63591862 0.86782924 0.63540629 0.86514188 0.63730426 0.86339669 0.63438165 0.86386790 0.63197074 0.85500167 0.62992119 0.84746386 0.66848829 0.86076263 0.67156249 0.86250770 0.67448572 0.86156553 0.67930630 0.86331072 0.68222891 0.86189735 0.68946039
0 0.76521027 0.59152968 0.76252291 0.59342764 0.75144041 0.59086577 0.74969522 0.58794315 0.75016643 0.58553225 0.74842124 0.58260963 0.74620497 0.58209731 0.74445978 0.57917470 0.74224294 0.57866225 0.74049787 0.57573902 0.73606476 0.57471424 0.73257438 0.56886902 0.72814183 0.56784437 0.72639608 0.56492163 0.72686716 0.56251134 0.71800150 0.56046191 0.71564597 0.57251398 0.71295861 0.57441195 0.69744357 0.57082542 0.69555912 0.58046720 0.69287176 0.58236516 0.68622238 0.58082807 0.68796813 0.58375081 0.68608356 0.59339320 0.68339564 0.59529104 0.67674625 0.59375394 0.67391963 0.60821629 0.67123216 0.61011487 0.66458334 0.60857790 0.66222780 0.62062997 0.65953988 0.62252780 0.65510734 0.62150316 0.65039614 0.64560790 0.64770822 0.64750574 0.64105940 0.64596877 0.63568413 0.64976457 0.63125158 0.64873993 0.62936713 0.65838170 0.62667908 0.66028015 0.62003027 0.65874319 0.61814593 0.66838434 0.62479475 0.66992131 0.62654038 0.67284467 0.63097293 0.67386932 0.63271869 0.67679206 0.63224760 0.67920235 0.63446388 0.67971467 0.63620894 0.68263790 0.63842522 0.68315023 0.64017041 0.68607284 0.64681979 0.68760994 0.64856554 0.69053268 0.64809446 0.69294297 0.65474328 0.69447994 0.65648847 0.69740255 0.65601727 0.69981346 0.66045038 0.70083823 0.66219557 0.70376085 0.66172448 0.70617114 0.67059014 0.70822056 0.67233521 0.71114379 0.67676832 0.71216856 0.67851351 0.71509118 0.67804243 0.71750147 0.69577374 0.72160031 0.69671590 0.71677973 0.69940395 0.71488128 0.70383649 0.71590593 0.70921121 0.71210999 0.73802502 0.71877071 0.73977020 0.72169333 0.73929912 0.72410362 0.74594850 0.72564072 0.74769357 0.72856394 0.74722249 0.73097423 0.75387187 0.73251133 0.75561706 0.73543395 0.75514598 0.73784424 0.75957853 0.73886888 0.76132428 0.74179163 0.76085308 0.74420253 0.76528562 0.74522718 0.76797366 0.74332872 0.76971873 0.74625196 0.76924765 0.74866224 0.77589647 0.75019921 0.77764222 0.75312195 0.77669994 0.75794315 0.78334932 0.75948025 0.78509451 0.76240286 0.78952705 0.76342751 0.79127224 0.76635012 0.79080116 0.76876041 0.79745054 0.77029751 0.79919618 0.77322087 0.79778281 0.78045236 0.80443163 0.78198932 0.80617682 0.78491194 0.80099466 0.81142635 0.79561983 0.81522291 0.79118728 0.81419826 0.78977391 0.82142974 0.79642273 0.82296671 0.79816792 0.82588933 0.79769684 0.82829962 0.80877933 0.83086149 0.82432604 0.75131700 0.81989293 0.75029223 0.81814774 0.74736962 0.80928209 0.74532019 0.80753690 0.74239758 0.81036364 0.72793461 0.81305099 0.72603664 0.82856603 0.72962316 0.83469060 0.69828693 0.83294541 0.69536432 0.84754996 0.62064041 0.84533312 0.62012796 0.84184274 0.61428274 0.84278490 0.60946216 0.83613552 0.60792506 0.83439045 0.60500183 0.83486153 0.60259154 0.82821215 0.60105444 0.82646696 0.59813183 0.82693816 0.59572092 0.82028878 0.59418382 0.81854359 0.59126121 0.81995684 0.58403034 0.81552373 0.58300556 0.81377866 0.58008233 0.81424974 0.57767204 0.80760036 0.57613494 0.80411010 0.57028910 0.79967699 0.56926432 0.79618661 0.56341910 0.78953723 0.56188200 0.78671048 0.57634497 0.78133578 0.58014090 0.77690266 0.57911613 0.77454713 0.59116819 0.77185965 0.59306678 0.76521027 0.59152968
0 0.79438769 0.52521287 0.79297431 0.53244435 0.80627252 0.53551842 0.80801827 0.53844116 0.80707599 0.54326236 0.82037419 0.54633643 0.82211938 0.54925904 0.81976384 0.56131111 0.83306261 0.56438530 0.83480768 0.56730854 0.83433659 0.56971882 0.84763479 0.57279289 0.84938055 0.57571564 0.84749610 0.58535741 0.84971237 0.58586973 0.85145756 0.58879235 0.86032321 0.59084177 0.86206829 0.59376500 0.86018395 0.60340616 0.87348272 0.60648035 0.87522779 0.60940358 0.87381442 0.61663507 0.88711319 0.61970927 0.88885837 0.62263188 0.88838729 0.62504217 0.90168606 0.62811637 0.90343125 0.63103898 0.90154680 0.64068076 0.91484500 0.64375482 0.91659063 0.64667819 0.91517738 0.65390905 0.92847559 0.65698312 0.93022078 0.65990573 0.92786512 0.67195842 0.94116389 0.67503261 0.94290908 0.67795523 0.94196691 0.68277581 0.95526511 0.68584987 0.95701075 0.68877323 0.95465521 0.70082530 0.96795341 0.70389937 0.96969860 0.70682198 0.96828523 0.71405346 0.98380027 0.71763999 0.99416471 0.66461053 0.98086650 0.66153647 0.97912087 0.65861311 0.98241857 0.64174046 0.97133664 0.63917872 0.96864929 0.64107668 0.96690410 0.63815407 0.97020192 0.62128081 0.97288928 0.61938284 0.98618748 0.62245691 0.98760085 0.61522543 0.97430265 0.61215136 0.97255758 0.60922813 0.97726865 0.58512400 0.96396988 0.58204980 0.96222469 0.57912719 0.97070479 0.53573889 0.89313016 0.51780641 0.89077462 0.52985848 0.88808714 0.53175706 0.87700521 0.52919532 0.87525958 0.52627196 0.87714391 0.51663080 0.87539884 0.51370757 0.76901096 0.48911450 0.76665543 0.50116656 0.77995420 0.50424076 0.78169926 0.50716399 0.77934373 0.51921606 0.79264250 0.52229026 0.79438769 0.52521287
0 0.59330420 0.46361380 0.59189083 0.47084528 0.58920291 0.47274312 0.58477036 0.47171847 0.58382820 0.47653905 0.58114084 0.47843702 0.58019855 0.48325821 0.57751120 0.48515618 0.57576544 0.48223344 0.57354917 0.48172112 0.57307809 0.48413140 0.57039061 0.48602999 0.56897736 0.49326086 0.56628944 0.49515869 0.56185689 0.49413404 0.55950124 0.50618673 0.55681388 0.50808469 0.55016450 0.50654759 0.54828004 0.51618937 0.54559269 0.51808733 0.53894330 0.51655024 0.53658777 0.52860230 0.53390029 0.53050088 0.52725091 0.52896378 0.52583754 0.53619527 0.52315018 0.53809324 0.52140442 0.53517049 0.51918815 0.53465817 0.51589045 0.55153081 0.51320297 0.55342939 0.50655359 0.55189230 0.50386623 0.55379026 0.50056841 0.57066352 0.50231360 0.57358613 0.51339553 0.57614788 0.51514128 0.57907062 0.51467020 0.58148091 0.51910274 0.58250556 0.52179067 0.58060772 0.52353586 0.58353033 0.52306477 0.58594062 0.52749732 0.58696527 0.52924238 0.58988850 0.52877130 0.59229879 0.53542069 0.59383589 0.53716644 0.59675863 0.53669524 0.59916954 0.54334406 0.60070651 0.54508925 0.60362912 0.54367600 0.61085999 0.55032538 0.61239709 0.55207102 0.61532045 0.55159993 0.61773074 0.55603248 0.61875538 0.55871983 0.61685742 0.56046502 0.61978003 0.55952274 0.62460122 0.56617212 0.62613833 0.56791788 0.62906107 0.57235042 0.63008571 0.57409561 0.63300832 0.57362453 0.63541862 0.58027391 0.63695571 0.58201910 0.63987833 0.58154790 0.64228923 0.58819728 0.64382633 0.58994247 0.64674895 0.58947139 0.64915923 0.59612077 0.65069634 0.59786584 0.65361956 0.59739476 0.65602985 0.60626041 0.65807928 0.60861607 0.64602659 0.61130343 0.64412863 0.61795281 0.64566573 0.61983726 0.63602395 0.62252519 0.63412612 0.62917400 0.63566309 0.63247183 0.61878983 0.63515918 0.61689186 0.64180857 0.61842896 0.64651976 0.59432421 0.64920768 0.59242638 0.66250589 0.59550045 0.66580371 0.57862719 0.66849106 0.57672922 0.67514045 0.57826632 0.67655370 0.57103545 0.67924118 0.56913687 0.68589056 0.57067397 0.69154392 0.54174864 0.69423128 0.53985068 0.70753004 0.54292488 0.70578429 0.54000213 0.70847221 0.53810430 0.71035678 0.52846191 0.70370740 0.52692480 0.70196221 0.52400219 0.70243329 0.52159190 0.69800018 0.52056713 0.69625499 0.51764452 0.69672608 0.51523423 0.69007669 0.51369712 0.68833162 0.51077390 0.68880271 0.50836361 0.68215332 0.50682651 0.68040813 0.50390389 0.68087934 0.50149299 0.67644623 0.50046821 0.67295585 0.49462299 0.66852330 0.49359834 0.66503236 0.48775299 0.66059924 0.48672821 0.65885418 0.48380498 0.65220536 0.48226801 0.65045960 0.47934527 0.65093069 0.47693498 0.64649814 0.47591033 0.64300732 0.47006436 0.63635850 0.46852739 0.63461274 0.46560465 0.63508383 0.46319436 0.62843444 0.46165726 0.62668925 0.45873465 0.62716046 0.45632374 0.62051164 0.45478677 0.61876588 0.45186403 0.61923696 0.44945374 0.61749190 0.44653051 0.61796298 0.44412022 0.61352987 0.44309544 0.61258758 0.44791664 0.60990023 0.44981461 0.60546768 0.44878996 0.60264106 0.46325231 0.59995359 0.46515090 0.59330420 0.46361380
0 0.81181885 0.43602661 0.80804994 0.45531016 0.80536259 0.45720812 0.80489138 0.45961903 0.80220346 0.46151687 0.79112153 0.45895512 0.78593937 0.48546954 0.96990189 0.52799509 0.97258925 0.52609712 0.97353141 0.52127654 0.96244949 0.51871479 0.95895866 0.51286882 0.96272757 0.49358527 0.94942937 0.49051121 0.94768418 0.48758859 0.95804867 0.43455883 0.94474990 0.43148463 0.94300475 0.42856183 0.94536031 0.41650965 0.85227063 0.39499064 0.84803062 0.41668461 0.84265583 0.42048091 0.83157390 0.41791917 0.82780500 0.43720271 0.82511705 0.43910068 0.81181885 0.43602661
0 0.69284816 0.36914062 0.69255009 0.37066568 0.68986213 0.37256370 0.68321275 0.37102660 0.67944384 0.39031015 0.67675645 0.39220830 0.66124141 0.38862178 0.65888585 0.40067397 0.65619847 0.40257206 0.64954965 0.40103509 0.64578077 0.42031852 0.65021331 0.42134316 0.65195838 0.42426639 0.65148730 0.42667668 0.65813668 0.42821378 0.65988187 0.43113639 0.65893970 0.43595697 0.65625223 0.43785555 0.66290161 0.43939266 0.66464680 0.44231527 0.66417572 0.44472556 0.67082510 0.44626266 0.67257017 0.44918589 0.67209909 0.45159618 0.67874847 0.45313328 0.68049366 0.45605589 0.68714304 0.45759299 0.68888824 0.46051560 0.68841715 0.46292589 0.69506654 0.46446299 0.69681160 0.46738622 0.69634052 0.46979651 0.70077307 0.47082115 0.70251882 0.47374390 0.70204762 0.47615480 0.70379281 0.47907742 0.70332172 0.48148771 0.70775484 0.48251248 0.70950003 0.48543510 0.70902894 0.48784538 0.71567776 0.48938235 0.71742340 0.49230571 0.71695231 0.49471600 0.71916858 0.49522832 0.72265941 0.50107430 0.73152450 0.50312359 0.73421254 0.50122514 0.73864509 0.50224978 0.74402037 0.49845398 0.74590482 0.48881221 0.74859217 0.48691424 0.75302472 0.48793888 0.75867820 0.45901294 0.76136612 0.45711511 0.77688060 0.46070150 0.78017842 0.44382824 0.78286632 0.44193053 0.78951570 0.44346763 0.79140016 0.43382585 0.79408754 0.43192776 0.79852008 0.43295241 0.79899119 0.43054199 0.80167858 0.42864384 0.80309191 0.42141254 0.80577987 0.41951452 0.81021242 0.42053917 0.81303910 0.40607651 0.81572704 0.40417855 0.81794332 0.40469087 0.82063071 0.40279272 0.82506325 0.40381736 0.82694771 0.39417559 0.81808262 0.39212630 0.81633689 0.38920340 0.81680800 0.38679296 0.74044527 0.36914062 0.69284816 0.36914062
0 0.58656331 0.36914062 0.58809988 0.37171408 0.58762877 0.37412449 0.59649443 0.37617392 0.59998532 0.38201958 0.61106725 0.38458132 0.61281240 0.38750412 0.61234129 0.38991454 0.62120695 0.39196396 0.62295211 0.39488669 0.62248099 0.39729717 0.62422671 0.40022010 0.62375561 0.40263051 0.62597188 0.40314283 0.62865926 0.40124474 0.63530864 0.40278184 0.63799604 0.40088369 0.64021231 0.40139601 0.64303899 0.38693335 0.64572693 0.38503539 0.65237632 0.38657249 0.65063060 0.38364956 0.65157282 0.37882868 0.65694816 0.37503257 0.66138071 0.37605721 0.66273253 0.36914062 0.58656331 0.36914062
