0 0.17812500 0.77187500 0.47187500 0.77187500 0.47187500 0.83125000 0.17812500 0.83125000
0 0.48125000 0.62812500 0.77500000 0.62812500 0.77500000 0.68750000 0.48125000 0.68750000
0 0.48125000 0.91875000 0.77500000 0.91875000 0.77500000 0.97812500 0.48125000 0.97812500
0 0.48125000 0.48125000 0.77500000 0.48125000 0.77500000 0.54062500 0.48125000 0.54062500
0 0.18125000 0.48125000 0.47500000 0.48125000 0.47500000 0.54062500 0.18125000 0.54062500
0 0.18125000 0.62812500 0.47500000 0.62812500 0.47500000 0.68750000 0.18125000 0.68750000
0 0.47812500 0.77187500 0.77187500 0.77187500 0.77187500 0.83125000 0.47812500 0.83125000
0 0.18125000 0.91875000 0.47500000 0.91875000 0.47500000 0.97812500 0.18125000 0.97812500
0 0.77812500 0.47812500 1.00000000 0.47812500 1.00000000 0.54062500 0.77812500 0.54062500
0 0.77812500 0.91250000 1.00000000 0.91250000 1.00000000 0.97500000 0.77812500 0.97500000
0 0.77812500 0.76875000 1.00000000 0.76875000 1.00000000 0.83125000 0.77812500 0.83125000
0 0.77812500 0.62187500 1.00000000 0.62187500 1.00000000 0.68437500 0.77812500 0.68437500
0 0.00000000 0.47812500 0.17187500 0.47812500 0.17187500 0.54062500 0.00000000 0.54062500
0 0.00000000 0.76875000 0.17187500 0.76875000 0.17187500 0.83125000 0.00000000 0.83125000
0 0.00000000 0.91250000 0.17187500 0.91250000 0.17187500 0.97500000 0.00000000 0.97500000
0 0.00000000 0.62187500 0.17187500 0.62187500 0.17187500 0.68437500 0.00000000 0.68437500
