0 0.15991835 0.17766977 0.25193145 0.14304641 0.20963998 0.11382482 0.11762447 0.14844734 0.15991835 0.17766977
0 0.48929525 0.00000000 0.48879342 0.00041044 0.58522459 0.03689332 0.60694381 0.01740330 0.60485076 0.01184365 0.57375979 0.00000000 0.48929525 0.00000000
0 0.65820312 0.77328471 0.65586310 0.76121061 0.65789612 0.75818675 0.64955612 0.71515384 0.62684147 0.71958223 0.62382656 0.71754317 0.49763351 0.74214540 0.50155823 0.76239626 0.49952444 0.76541959 0.50737388 0.80592130 0.51494565 0.80444513 0.51796056 0.80648419 0.52041360 0.81914146 0.51837981 0.82216479 0.51080804 0.82364096 0.52209165 0.88186233 0.52005850 0.88488554 0.52307277 0.88692472 0.53064453 0.88544854 0.53365944 0.88748760 0.53611249 0.90014487 0.53407869 0.90316821 0.53106443 0.90112903 0.52601637 0.90211318 0.52398322 0.90513639 0.52545502 0.91273062 0.52846929 0.91476980 0.53043165 0.92489523 0.53344656 0.92693428 0.55868491 0.92201388 0.55770380 0.91695150 0.55973759 0.91392816 0.60264318 0.90556341 0.60565744 0.90760259 0.64099191 0.90071389 0.64400617 0.90275307 0.65136505 0.94072358 0.65820312 0.93939045 0.65820312 0.77328471
0 0.45262347 0.76668277 0.45458571 0.77680755 0.45255269 0.77983141 0.44498092 0.78130758 0.44645272 0.78890181 0.44441958 0.79192502 0.43684781 0.79340119 0.43733837 0.79593238 0.43530522 0.79895559 0.43025717 0.79993975 0.43172897 0.80753398 0.43930073 0.80605781 0.44231500 0.80809699 0.44329624 0.81316003 0.44126309 0.81618324 0.43369133 0.81765940 0.43712549 0.83537906 0.44469725 0.83390289 0.44771152 0.83594208 0.44567837 0.83896529 0.43810661 0.84044146 0.44006897 0.85056688 0.44764073 0.84909071 0.45065512 0.85113054 0.45114568 0.85366174 0.44911254 0.85668494 0.44154077 0.85816111 0.45135257 0.90878825 0.45640063 0.90780409 0.45941489 0.90984327 0.46383030 0.93262597 0.47140206 0.93114980 0.47441633 0.93318898 0.48030341 0.96356526 0.48282712 0.96307325 0.48584203 0.96511230 0.48633259 0.96764350 0.48934698 0.96968332 0.48983754 0.97221452 0.49740865 0.97073848 0.49691810 0.96820728 0.49895176 0.96518330 0.50399918 0.96419927 0.50350862 0.96166807 0.50554241 0.95864474 0.50806612 0.95815272 0.50757543 0.95562088 0.50960858 0.95259767 0.51718034 0.95112150 0.51668979 0.94859031 0.51872293 0.94556710 0.52377099 0.94458294 0.52131795 0.93192568 0.52335109 0.92890247 0.50863345 0.85296209 0.50106169 0.85443826 0.49804729 0.85239843 0.49412257 0.83214758 0.49615572 0.82912437 0.49566516 0.82659317 0.48809340 0.82806934 0.48507913 0.82603016 0.48360733 0.81843593 0.47603557 0.81991210 0.47302130 0.81787292 0.46909658 0.79762206 0.47112961 0.79459821 0.47617766 0.79361405 0.47919205 0.79565388 0.47968261 0.79818507 0.48725438 0.79670891 0.49026864 0.79874809 0.49075932 0.80127993 0.49833109 0.79980376 0.49440637 0.77955291 0.49643939 0.77652905 0.49055231 0.74615277 0.48753804 0.74411359 0.46987081 0.74755794 0.47036137 0.75008913 0.46832822 0.75311234 0.46075646 0.75458851 0.46222826 0.76218275 0.46019524 0.76520660 0.45262347 0.76668277
0 0.43783492 0.70389038 0.44126908 0.72161004 0.46146002 0.71767367 0.46447428 0.71971286 0.46790845 0.73743251 0.47043215 0.73694050 0.47344642 0.73897968 0.48606624 0.73651936 0.48263220 0.71880034 0.48466522 0.71577649 0.47779703 0.68033782 0.47022526 0.68181399 0.46721100 0.67977480 0.46328628 0.65952395 0.46531930 0.65650010 0.47036736 0.65551594 0.47338175 0.65755577 0.45817342 0.57908355 0.45060166 0.58055972 0.45158277 0.58562211 0.44954963 0.58864532 0.44197786 0.59012149 0.43896360 0.58808230 0.43798248 0.58301991 0.42283895 0.58597225 0.41982469 0.58393307 0.40468181 0.58688529 0.42577709 0.69573314 0.42374329 0.69875647 0.41617218 0.70023252 0.41715342 0.70529556 0.43482065 0.70185120 0.43783492 0.70389038
0 0.31937252 0.41699971 0.32238679 0.41903889 0.32336791 0.42410129 0.32133488 0.42712514 0.31628683 0.42810930 0.31930174 0.43014835 0.32028298 0.43521139 0.31824919 0.43823472 0.31572548 0.43872674 0.31719716 0.44632032 0.31516413 0.44934418 0.31263978 0.44983632 0.31362090 0.45489871 0.31663594 0.45693841 0.31712649 0.45946961 0.32014076 0.46150879 0.32063132 0.46403998 0.32364558 0.46607916 0.32413627 0.46861100 0.32715118 0.47065006 0.32764174 0.47318125 0.33065613 0.47522108 0.33114669 0.47775228 0.33416095 0.47979146 0.33465151 0.48232265 0.33766578 0.48436183 0.33815646 0.48689367 0.34418563 0.49097191 0.34467632 0.49350375 0.34769058 0.49554293 0.34818114 0.49807413 0.35119541 0.50011331 0.35168597 0.50264450 0.35470100 0.50468420 0.35519156 0.50721540 0.35820583 0.50925458 0.35869651 0.51178642 0.36879198 0.50981824 0.37482051 0.51389660 0.37531107 0.51642779 0.37832598 0.51846685 0.37881667 0.52099869 0.38183093 0.52303787 0.38232149 0.52556907 0.38533588 0.52760889 0.38582644 0.53014009 0.38884070 0.53217927 0.38933126 0.53471046 0.39234552 0.53674964 0.39283621 0.53928149 0.39080306 0.54230470 0.38575565 0.54328872 0.38624621 0.54581992 0.38876992 0.54532790 0.39178430 0.54736773 0.39227487 0.54989893 0.39984663 0.54842276 0.40286089 0.55046194 0.40531381 0.56311856 0.41540928 0.56115038 0.41393748 0.55355615 0.41092321 0.55151696 0.40945154 0.54392338 0.41148456 0.54089952 0.42915179 0.53745517 0.43216619 0.53949500 0.43658147 0.56227705 0.45424870 0.55883270 0.45726296 0.56087188 0.45284768 0.53808983 0.44983342 0.53605065 0.44934273 0.53351880 0.44632847 0.53147962 0.44583791 0.52894843 0.44282352 0.52690860 0.44233296 0.52437740 0.43931805 0.52233835 0.43882749 0.51980716 0.43581323 0.51776798 0.43532254 0.51523613 0.42270337 0.51769633 0.41968910 0.51565715 0.41919854 0.51312596 0.41618351 0.51108625 0.41569295 0.50855506 0.41267868 0.50651588 0.41218813 0.50398469 0.40917386 0.50194550 0.41120688 0.49892165 0.41373059 0.49842963 0.41576438 0.49540630 0.41828809 0.49491428 0.41527382 0.49287510 0.41478314 0.49034326 0.41176823 0.48830421 0.41127767 0.48577301 0.40826341 0.48373383 0.40777285 0.48120264 0.40174354 0.47712375 0.40125299 0.47459256 0.39823860 0.47255273 0.39774804 0.47002154 0.39473377 0.46798236 0.39424321 0.46545116 0.39122895 0.46341198 0.39073826 0.46088014 0.38772400 0.45884096 0.38723344 0.45630976 0.38421840 0.45427006 0.38372785 0.45173887 0.38071358 0.44969968 0.38022302 0.44716849 0.37419372 0.44308961 0.37370316 0.44055841 0.37068890 0.43851923 0.37019821 0.43598739 0.36718395 0.43394821 0.36669339 0.43141702 0.36367912 0.42937783 0.36318856 0.42684664 0.36017418 0.42480681 0.35968362 0.42227562 0.35666871 0.42023656 0.35617802 0.41770472 0.35316376 0.41566554 0.35267320 0.41313435 0.34965893 0.41109516 0.34916838 0.40856397 0.34313907 0.40448509 0.34264851 0.40195389 0.33963412 0.39991406 0.33760110 0.40293792 0.32245758 0.40589026 0.32547184 0.40792944 0.32645308 0.41299248 0.32441994 0.41601569 0.31937252 0.41699971
0 0.33017146 0.37811617 0.33318576 0.38015555 0.33367636 0.38268694 0.33669065 0.38472625 0.33718123 0.38725757 0.34019553 0.38929695 0.34068613 0.39182834 0.34370042 0.39386764 0.34419100 0.39639897 0.35022028 0.40047772 0.35071084 0.40300892 0.35372510 0.40504810 0.35421579 0.40757994 0.35723070 0.40961900 0.35772126 0.41215019 0.36073552 0.41418937 0.36122608 0.41672056 0.36424047 0.41876039 0.36473103 0.42129159 0.36774529 0.42333077 0.36823598 0.42586261 0.37426515 0.42994085 0.37475571 0.43247204 0.37776998 0.43451122 0.37826066 0.43704306 0.38127493 0.43908224 0.38176548 0.44161344 0.38478052 0.44365314 0.38527108 0.44618434 0.38828534 0.44822352 0.38877590 0.45075471 0.39179017 0.45279389 0.39228085 0.45532573 0.39529512 0.45736491 0.39578568 0.45989611 0.40181498 0.46397499 0.40230554 0.46650619 0.40531980 0.46854537 0.40581036 0.47107656 0.40882475 0.47311639 0.40931531 0.47564758 0.41233022 0.47768664 0.41282090 0.48021848 0.41583517 0.48225766 0.41632573 0.48478886 0.41933999 0.48682804 0.41983055 0.48935923 0.42585921 0.49343824 0.42634977 0.49596943 0.42936480 0.49800914 0.42985536 0.50054033 0.43286962 0.50257951 0.43336018 0.50511071 0.43637445 0.50714989 0.43686513 0.50968173 0.43988004 0.51172078 0.44037060 0.51425198 0.44338499 0.51629181 0.44387555 0.51882300 0.44688981 0.52086218 0.44738037 0.52339338 0.45039464 0.52543256 0.45088532 0.52796440 0.45389959 0.53000358 0.45439015 0.53253478 0.45740518 0.53457448 0.49616171 0.73455117 0.49917610 0.73659100 0.62789350 0.71149663 0.63090777 0.71353581 0.63847953 0.71205964 0.63749829 0.70699660 0.63245023 0.70798076 0.62943597 0.70594158 0.62894541 0.70341038 0.62137364 0.70488655 0.61835925 0.70284672 0.61100050 0.66487686 0.60342873 0.66635303 0.60041434 0.66431320 0.59845211 0.65418842 0.55302282 0.66304518 0.55000778 0.66100548 0.54559250 0.63822343 0.54762629 0.63520010 0.54468269 0.62001163 0.53711093 0.62148780 0.53409601 0.61944875 0.53115254 0.60426093 0.53318620 0.60123695 0.54075797 0.59976078 0.52702144 0.52888279 0.52197338 0.52986694 0.51895912 0.52782777 0.51846856 0.52529657 0.51545365 0.52325752 0.51496296 0.52072567 0.51194870 0.51868649 0.51145814 0.51615530 0.50844375 0.51411547 0.50795320 0.51158428 0.50493893 0.50954509 0.50444837 0.50701390 0.50143411 0.50497472 0.50094342 0.50244288 0.49491425 0.49836464 0.49442356 0.49583280 0.49140930 0.49379362 0.49091874 0.49126243 0.48790383 0.48922337 0.48741327 0.48669218 0.48439888 0.48465235 0.48390832 0.48212115 0.48089406 0.48008197 0.48040337 0.47755013 0.47738911 0.47551095 0.47689855 0.47297975 0.47388428 0.47094057 0.47339372 0.46840938 0.47037869 0.46636968 0.46988813 0.46383848 0.46385947 0.45975947 0.46336891 0.45722828 0.46035400 0.45518923 0.45986345 0.45265803 0.45684918 0.45061885 0.45635850 0.44808701 0.45334423 0.44604783 0.45285367 0.44351663 0.44983928 0.44147680 0.44934872 0.43894561 0.44633446 0.43690643 0.44584390 0.43437523 0.44282899 0.43233618 0.44233831 0.42980434 0.43932404 0.42776516 0.43883348 0.42523396 0.43280418 0.42115508 0.43231362 0.41862388 0.42929936 0.41658470 0.42880880 0.41405351 0.42579441 0.41201368 0.42530385 0.40948248 0.42228959 0.40744331 0.42179890 0.40491146 0.41878464 0.40287228 0.41829408 0.40034109 0.41527917 0.39830203 0.41478861 0.39577084 0.41177422 0.39373101 0.41128366 0.39119982 0.40525436 0.38712093 0.40476382 0.38458987 0.39466900 0.38655793 0.39165406 0.38451874 0.39116348 0.38198742 0.38106801 0.38395560 0.37805371 0.38191623 0.37707253 0.37685351 0.37454882 0.37734553 0.37251570 0.38036887 0.36746764 0.38135302 0.36445335 0.37931371 0.36347217 0.37425100 0.36094782 0.37474314 0.35793352 0.37270376 0.35744293 0.37017244 0.35442864 0.36813313 0.35393804 0.36560174 0.35092374 0.36356237 0.35043316 0.36103104 0.34033769 0.36299923 0.33732275 0.36096004 0.33683216 0.35842865 0.31664122 0.36236502 0.31965617 0.36440427 0.32014675 0.36693559 0.32316104 0.36897490 0.32365163 0.37150629 0.32968087 0.37558485 0.33017146 0.37811617
0 0.23279241 0.38921994 0.24036417 0.38774378 0.24337847 0.38978315 0.24386905 0.39231447 0.24688335 0.39435378 0.29231328 0.38549689 0.29532759 0.38753627 0.29581818 0.39006766 0.30591365 0.38809947 0.30892794 0.39013878 0.30941853 0.39267011 0.32960947 0.38873374 0.32358089 0.38465512 0.32309029 0.38212373 0.32007534 0.38008448 0.31958476 0.37755316 0.31355616 0.37347447 0.31306557 0.37094308 0.31005128 0.36890378 0.30956070 0.36637245 0.30353145 0.36229383 0.30304086 0.35976250 0.30002657 0.35772319 0.29953597 0.35519180 0.29652167 0.35315243 0.23342450 0.36545367 0.23139139 0.36847708 0.22382027 0.36995312 0.22431087 0.37248451 0.22732516 0.37452382 0.22977810 0.38718057 0.23279241 0.38921994
0 0.29960673 0.34204301 0.28951126 0.34401119 0.28649696 0.34197185 0.23097155 0.35279692 0.22893844 0.35582029 0.22389103 0.35680432 0.22690533 0.35884366 0.22739592 0.36137505 0.30058792 0.34710575 0.29960673 0.34204301
0 0.95909501 0.62419589 0.91159054 0.62547110 0.89875802 0.59016155 0.85737795 0.59223598 0.84529077 0.56076091 0.79160803 0.57119578 0.80651498 0.64788540 0.81375740 0.65443635 0.85130299 0.65310726 0.85726578 0.68378311 0.96042409 0.66174149 0.95909501 0.62419589
0 0.65820312 0.97336348 0.91838871 0.92658119 0.90715462 0.87902285 0.86630884 0.85313789 0.71793596 0.87799929 0.66329239 0.92443519 0.65820312 0.92587182 0.65820312 0.97336348
