0 0.19296597 0.18462401 0.16004310 0.17955378 0.15862115 0.21675871 0.19135980 0.21986726 0.19296597 0.18462401
0 0.57986199 0.32355910 0.44165975 0.23007052 0.38209582 0.29284077 0.51692793 0.39176490 0.57986199 0.32355910
0 0.60536658 0.33165097 0.67991491 0.35379198 0.74455888 0.22435825 0.66907587 0.19112382 0.60536658 0.33165097
0 0.22260946 0.97643640 0.21927856 0.97733233 0.21992602 0.98194152 0.26766800 0.96910003 0.26486235 0.94912701 0.25820055 0.95091888 0.25730620 0.95275416 0.25397530 0.95365009 0.25264923 0.95241205 0.25243343 0.95087579 0.25021274 0.95147310 0.24888673 0.95023546 0.24823927 0.94562627 0.23713664 0.94861262 0.23581035 0.94737505 0.23516288 0.94276586 0.22406025 0.94575221 0.22316557 0.94758717 0.22489210 0.95987808 0.22399775 0.96171336 0.22177733 0.96231060 0.22350386 0.97460151 0.22260946 0.97643640
0 0.16657279 0.95483736 0.17002585 0.97941918 0.17113605 0.97912056 0.17203046 0.97728567 0.17314095 0.97698697 0.17446696 0.97822462 0.17511442 0.98283381 0.18177594 0.98104202 0.18310223 0.98227958 0.18331803 0.98381585 0.18553844 0.98321861 0.18686479 0.98445657 0.18708059 0.98599284 0.19041121 0.98509698 0.19173722 0.98633463 0.19195308 0.98787128 0.19306357 0.98757259 0.19395792 0.98573731 0.19528398 0.98697535 0.19549978 0.98851161 0.20438200 0.98612250 0.20527669 0.98428754 0.20749710 0.98369030 0.20598637 0.97293566 0.20688078 0.97110077 0.21021168 0.97020483 0.20848515 0.95791393 0.20937950 0.95607865 0.21160019 0.95548133 0.21030533 0.94626335 0.21119973 0.94442846 0.21453063 0.94353252 0.21301991 0.93277788 0.20968900 0.93367381 0.20836300 0.93243617 0.20814714 0.93089951 0.20148533 0.93269138 0.20015933 0.93145374 0.19682842 0.93234967 0.19550242 0.93111203 0.19328172 0.93170934 0.19195566 0.93047130 0.18418365 0.93256179 0.18285764 0.93132415 0.18221023 0.92671535 0.17110760 0.92970170 0.17218667 0.93738342 0.17129227 0.93921831 0.16796136 0.94011424 0.16968789 0.95240515 0.16879320 0.95424012 0.16657279 0.95483736
0 0.19600157 0.80342470 0.19510717 0.80525959 0.19177626 0.80615552 0.19220792 0.80922845 0.19353393 0.81046609 0.19439720 0.81661155 0.19350279 0.81844643 0.19017189 0.81934237 0.19168261 0.83009701 0.19078821 0.83193190 0.18745731 0.83282783 0.18896803 0.84358248 0.18807363 0.84541736 0.18585322 0.84601460 0.18801141 0.86137844 0.18711672 0.86321340 0.18776413 0.86782220 0.19220523 0.86662764 0.19353130 0.86786568 0.19504197 0.87861993 0.19726266 0.87802261 0.19858873 0.87926065 0.19969922 0.87896196 0.20102523 0.88019960 0.20213543 0.87990098 0.20346144 0.88113863 0.20568214 0.88054131 0.20700820 0.88177935 0.20811841 0.88148073 0.20944470 0.88271830 0.21166511 0.88212106 0.21299112 0.88335871 0.21410132 0.88306009 0.21542762 0.88429766 0.21764803 0.88370042 0.21897432 0.88493799 0.22008453 0.88463937 0.22141059 0.88587741 0.22252080 0.88557879 0.22384680 0.88681643 0.22606750 0.88621912 0.22739351 0.88745676 0.22850400 0.88715807 0.22983006 0.88839611 0.23094027 0.88809749 0.23226628 0.88933513 0.23337648 0.88903651 0.23470277 0.89027408 0.23581298 0.88997546 0.23713899 0.89121311 0.23935968 0.89061579 0.24068569 0.89185344 0.24179590 0.89155482 0.24312196 0.89279285 0.24423245 0.89249416 0.24555846 0.89373180 0.24666867 0.89343319 0.24799496 0.89467075 0.25021537 0.89407352 0.25154143 0.89531155 0.25265164 0.89501293 0.25397793 0.89625050 0.25508814 0.89595188 0.25641415 0.89718953 0.25752464 0.89689083 0.25841904 0.89505595 0.26397035 0.89356277 0.26267543 0.88434439 0.26356983 0.88250951 0.26579053 0.88191219 0.26363240 0.86654875 0.26452675 0.86471347 0.26674716 0.86411623 0.26764185 0.86228127 0.26569952 0.84845409 0.26659387 0.84661882 0.26881456 0.84602150 0.26773550 0.83833978 0.26862990 0.83650489 0.27196052 0.83560904 0.27044979 0.82485439 0.27134448 0.82301943 0.27245469 0.82272081 0.27378069 0.82395846 0.27270163 0.81627674 0.27048121 0.81687397 0.26782891 0.81439876 0.26560850 0.81499600 0.26428244 0.81375796 0.26406664 0.81222169 0.26073573 0.81311763 0.25940944 0.81188006 0.25718903 0.81247730 0.25586297 0.81123926 0.25564717 0.80970300 0.25231626 0.81059893 0.25099025 0.80936129 0.25077445 0.80782502 0.24744355 0.80872096 0.24611754 0.80748331 0.24590168 0.80594665 0.24368099 0.80654397 0.24102897 0.80406868 0.23880828 0.80466599 0.23748221 0.80342795 0.23082041 0.80521982 0.22949440 0.80398218 0.22927860 0.80244591 0.22594798 0.80334177 0.22462169 0.80210420 0.22440589 0.80056794 0.22218547 0.80116518 0.22085913 0.79992721 0.22064332 0.79839095 0.21731271 0.79928681 0.21598670 0.79804916 0.21577084 0.79651250 0.21243994 0.79740844 0.21111365 0.79617087 0.21089784 0.79463460 0.20867743 0.79523184 0.20735142 0.79399420 0.20291032 0.79518875 0.20312612 0.79672502 0.20223143 0.79855998 0.20001102 0.79915722 0.19911661 0.80099211 0.19578571 0.80188804 0.19600157 0.80342470
0 0.28955078 0.78857664 0.27736381 0.70181927 0.27403290 0.70271521 0.27138060 0.70023999 0.26916019 0.70083723 0.26783418 0.69959958 0.26672398 0.69989820 0.26539763 0.69866024 0.26518183 0.69712398 0.26074072 0.69831853 0.25941471 0.69708089 0.25919885 0.69554423 0.25586795 0.69644016 0.25454194 0.69520252 0.25432614 0.69366625 0.25099524 0.69456219 0.24966923 0.69332454 0.24945343 0.69178828 0.24612253 0.69268421 0.24479646 0.69144617 0.24146556 0.69234211 0.24013955 0.69110446 0.23902935 0.69140308 0.23770334 0.69016544 0.23437244 0.69106137 0.23304609 0.68982341 0.23261448 0.68675088 0.22928387 0.68764674 0.22795786 0.68640909 0.21685495 0.68939552 0.21506585 0.69306537 0.21284544 0.69366260 0.21306125 0.69519887 0.21216690 0.69703415 0.20883599 0.69793008 0.21034666 0.70868434 0.20945232 0.71051962 0.20834183 0.71081831 0.20744742 0.71265320 0.20895815 0.72340784 0.20806374 0.72524273 0.20695354 0.72554135 0.20605913 0.72737623 0.20494864 0.72767493 0.20602771 0.73535665 0.20735406 0.73659461 0.20756986 0.73813088 0.20667517 0.73996584 0.20334427 0.74086177 0.20787639 0.77312532 0.21009709 0.77252800 0.21142315 0.77376604 0.21163895 0.77530230 0.21496986 0.77440637 0.21629586 0.77564401 0.21651172 0.77718067 0.21873242 0.77658336 0.22138443 0.77905865 0.22249492 0.77875995 0.22514694 0.78123524 0.22736735 0.78063800 0.22715155 0.77910174 0.22804624 0.77726678 0.23137714 0.77637084 0.23402916 0.77884613 0.23424501 0.78038279 0.23535522 0.78008417 0.23624957 0.77824889 0.23757592 0.77948686 0.23779172 0.78102312 0.24112262 0.78012719 0.24244863 0.78136483 0.24288029 0.78443775 0.24399049 0.78413914 0.24531650 0.78537678 0.24553230 0.78691305 0.25330431 0.78482255 0.25463032 0.78606020 0.25685102 0.78546288 0.25817708 0.78670092 0.25839288 0.78823719 0.26283399 0.78704263 0.26416000 0.78828028 0.26437586 0.78981694 0.26570187 0.79105458 0.26659655 0.78921962 0.26770676 0.78892100 0.26903277 0.79015865 0.26924857 0.79169491 0.27146927 0.79109760 0.27279527 0.79233524 0.27301108 0.79387151 0.27433714 0.79510955 0.27988874 0.79361630 0.28121475 0.79485394 0.28143055 0.79639021 0.28809207 0.79459841 0.28941842 0.79583638 0.28955078 0.79677866 0.28955078 0.78857664
0 0.22567824 0.59932942 0.22385969 0.59981857 0.22537041 0.61057314 0.22447601 0.61240810 0.22225532 0.61300542 0.22462931 0.62990552 0.23129111 0.62811364 0.23261712 0.62935129 0.23283292 0.63088756 0.23949473 0.62909568 0.24082079 0.63033372 0.24146820 0.63494252 0.24813000 0.63315065 0.24945601 0.63438829 0.24988767 0.63746122 0.25121368 0.63869886 0.25787548 0.63690699 0.25679641 0.62922527 0.25769082 0.62739039 0.25991123 0.62679315 0.26123724 0.62803079 0.26253216 0.63724917 0.26074335 0.64091894 0.23964802 0.64659310 0.23986382 0.64812937 0.23896942 0.64996425 0.23940108 0.65303718 0.23850667 0.65487206 0.23872253 0.65640872 0.23782784 0.65824368 0.23825945 0.66131621 0.23736504 0.66315110 0.23758090 0.66468776 0.23668650 0.66652264 0.23690230 0.66805891 0.24023320 0.66716297 0.24112761 0.66532809 0.24334830 0.66473077 0.24467431 0.66596842 0.24489017 0.66750507 0.24621618 0.66874272 0.24732638 0.66844410 0.24865239 0.66968175 0.24886819 0.67121801 0.25553000 0.66942614 0.25685600 0.67066379 0.25707186 0.67220044 0.26373367 0.67040857 0.26505967 0.67164622 0.26527548 0.67318248 0.26749589 0.67258524 0.26882224 0.67382321 0.27104265 0.67322597 0.27236894 0.67446354 0.27258474 0.67599980 0.27369495 0.67570118 0.26678884 0.62653754 0.26567863 0.62683616 0.26435234 0.62559859 0.26305741 0.61638021 0.26395210 0.61454525 0.26506231 0.61424663 0.26296686 0.59932942 0.22567824 0.59932942
0 0.67641995 0.59932942 0.68244582 0.72169868 0.66641681 0.72820785 0.67046686 0.80520877 0.74092947 0.78340230 0.73093552 0.60978872 0.72091326 0.61251908 0.71864388 0.59932942 0.67641995 0.59932942
0 0.54876260 1.00000000 0.54343449 0.76570964 0.51600775 0.77377973 0.52428568 1.00000000 0.54876260 1.00000000
