0 0.26780575 0.14490599 0.16370319 0.14127065 0.16312155 0.15792651 0.26722411 0.16156185 0.26780575 0.14490599
0 0.75569592 0.23238842 0.75532325 0.23954641 0.74038377 0.23919649 0.74001117 0.24635314 0.75495064 0.24670306 0.75457804 0.25385971 0.76951752 0.25420962 0.76877225 0.26852426 0.78584451 0.26892414 0.78860196 0.21596118 0.77152970 0.21556131 0.77063540 0.23273834 0.75569592 0.23238842
0 0.73507288 0.25913595 0.71373105 0.25863608 0.71313488 0.27008698 0.73447670 0.27058686 0.73507288 0.25913595
0 0.67283800 0.22328231 0.67321061 0.21612566 0.65613835 0.21572578 0.65576574 0.22288243 0.66643566 0.22313235 0.66457251 0.25891827 0.65390260 0.25866836 0.65352999 0.26582501 0.67273704 0.26627488 0.67310964 0.25911823 0.68377955 0.25936815 0.68407767 0.25364203 0.69261480 0.25384199 0.69291293 0.24811586 0.70358284 0.24836578 0.70417902 0.23691487 0.69350910 0.23666496 0.69380723 0.23093883 0.68527010 0.23073887 0.68564270 0.22358222 0.67283800 0.22328231
0 0.70030369 0.31134912 0.67042674 0.31064932 0.66997959 0.31923784 0.69985654 0.31993763 0.70030369 0.31134912
0 0.35937500 0.90793280 0.29369091 0.90563906 0.29078469 0.93289800 0.24965772 0.93537044 0.25206201 0.97844934 0.34757051 0.98569320 0.35297396 0.94288696 0.35937500 0.94273427 0.35937500 0.90793280
0 1.00000000 0.61025814 0.55421412 0.49607389 0.54253101 0.53366181 1.00000000 0.64956569 1.00000000 0.61025814
0 1.00000000 0.66451241 0.53996282 0.54519357 0.52588645 0.58212974 1.00000000 0.70386164 1.00000000 0.66451241
0 1.00000000 0.71562103 0.52391789 0.59382281 0.51098697 0.62932559 0.99861670 0.75508609 1.00000000 0.71982119 1.00000000 0.71562103
0 0.99658064 0.76741459 0.50906705 0.64277895 0.49655207 0.67897678 0.98290143 0.80552449 0.98452690 0.80251441 0.99658064 0.76741459
0 0.63027646 0.93144027 0.64234730 0.89628747 0.44549254 0.84503869 0.43123257 0.88250638 0.56632093 0.91578069 0.63027646 0.93144027
0 0.91670671 1.00000000 0.92781161 0.96766488 0.76123487 0.92573449 0.74931368 0.96383886 0.88557158 1.00000000 0.91670671 1.00000000
0 0.84012892 1.00000000 0.42705426 0.89301840 0.41445295 0.93326835 0.67413105 1.00000000 0.84012892 1.00000000
0 0.46056687 0.78566157 0.94717852 0.91126782 0.96112042 0.87067390 0.47394891 0.74504133 0.46056687 0.78566157
0 0.44571603 0.83461771 0.93033334 0.96031800 0.94411408 0.92019388 0.45930221 0.79696412 0.44571603 0.83461771
0 0.47925933 0.72552087 0.96676859 0.85422455 0.98015086 0.81525835 0.49411643 0.68821441 0.47925933 0.72552087
