0 0.19593010 0.32690904 0.17736466 0.35624585 0.18681758 0.37325742 0.20538323 0.34391868 0.19593010 0.32690904
0 0.67472675 0.44819948 0.73834207 0.45723908 0.74301994 0.43074124 0.67940462 0.42170164 0.67472675 0.44819948
0 0.78605461 0.46401892 0.86330421 0.47499592 0.86942161 0.44034387 0.77626925 0.42710712 0.77303057 0.44545266 0.78893333 0.44771241 0.78605461 0.46401892
0 0.94692109 1.00000000 0.95513622 0.97137457 0.84863500 0.96206527 0.84555085 0.96330224 0.83501907 1.00000000 0.94692109 1.00000000
0 0.82683093 1.00000000 0.83798488 0.96113433 0.66758292 0.94623945 0.65215433 1.00000000 0.82683093 1.00000000
0 0.30989583 0.97070645 0.62002944 0.99781532 0.63563255 0.94344666 0.62764479 0.94274845 0.62456064 0.94398543 0.32369451 0.91768663 0.32061027 0.91892322 0.30989583 0.91798667 0.30989583 0.97070645
0 0.30989583 0.90593646 0.46509839 0.91950276 0.46733908 0.92120479 0.64040340 0.93633239 0.64124675 0.93339375 0.63900617 0.93169134 0.66051297 0.85675143 0.65785061 0.85651871 0.65560924 0.85481661 0.32279308 0.82572506 0.31646761 0.84776601 0.31338333 0.84900298 0.30989583 0.84869813 0.30989583 0.90593646
0 0.95766639 0.96255826 0.98170346 0.87880167 0.87520223 0.86949237 0.85116516 0.95324896 0.95766639 0.96255826
0 0.66926962 0.94036217 0.81038357 0.95269697 0.81291385 0.94388029 0.81599788 0.94264369 0.82664801 0.94357462 0.82973273 0.94233808 0.84570757 0.94373444 0.86763626 0.86732446 0.75314727 0.85731695 0.75006312 0.85855393 0.72343816 0.85622663 0.71964285 0.86945128 0.71655813 0.87068782 0.68993317 0.86836052 0.66926962 0.94036217
0 0.30989583 0.80953475 0.34831042 0.81289258 0.35547935 0.78791261 0.35856363 0.78667564 0.36109380 0.77785933 0.31583081 0.77390288 0.30989583 0.79458317 0.30989583 0.80953475
0 0.86792574 0.85680612 0.88015511 0.81419316 0.70975315 0.79929828 0.69752378 0.84191123 0.86792574 0.85680612
0 0.98465541 0.86851567 0.99772824 0.82296370 0.89122702 0.81365440 0.87815418 0.85920637 0.98465541 0.86851567
0 0.66515173 0.84058777 0.67400748 0.80973013 0.67176679 0.80802810 0.66910375 0.80779532 0.66601972 0.80903192 0.61010674 0.80414455 0.60702271 0.80538116 0.59637190 0.80445017 0.59413122 0.80274813 0.59792652 0.78952348 0.45415021 0.77695595 0.45190895 0.77525348 0.37203337 0.76827153 0.36233417 0.80206818 0.35924999 0.80330478 0.35671972 0.81212146 0.36204471 0.81258692 0.36428560 0.81428897 0.66515173 0.84058777
