0 0.21250501 0.24116104 0.18798349 0.28448714 0.20998186 0.30058061 0.23450317 0.25725212 0.21250501 0.24116104
0 0.92366582 0.43990385 0.92311124 0.43356500 0.88240151 0.43712664 0.88264449 0.43990385 0.92366582 0.43990385
0 0.98881712 0.43990385 0.98818664 0.43269738 0.96184541 0.43500194 0.95924137 0.43281689 0.95903188 0.43042235 0.94705792 0.43146993 0.94445383 0.42928427 0.93248049 0.43033180 0.93331793 0.43990385 0.98881712 0.43990385
0 0.79818834 0.43990385 0.79712033 0.42769642 0.77556758 0.42958204 0.77647062 0.43990385 0.79818834 0.43990385
0 0.77164487 0.43990385 0.77077849 0.43000103 0.74922635 0.43188660 0.74992777 0.43990385 0.77164487 0.43990385
0 0.69684083 0.43990385 0.69507609 0.41973278 0.67352396 0.42161835 0.67512373 0.43990385 0.69684083 0.43990385
0 0.66280770 0.43703438 0.66113163 0.41787679 0.63239524 0.42039090 0.63407131 0.43954849 0.66280770 0.43703438
0 1.00000000 0.38340328 0.98399646 0.38480341 0.98672006 0.41593434 1.00000000 0.41477250 1.00000000 0.38340328
0 0.96735298 0.41521587 0.96441982 0.38168978 0.95005194 0.38294681 0.95298509 0.41647289 0.96735298 0.41521587
0 0.61479818 0.43990385 0.61260911 0.41488272 0.61000502 0.41269706 0.58845227 0.41458268 0.58584823 0.41239762 0.58563873 0.41000308 0.56169144 0.41209820 0.56399605 0.43844004 0.56574100 0.43990385 0.61479818 0.43990385
0 0.86716535 0.37330770 0.85040292 0.37477423 0.85522158 0.42985184 0.86240583 0.42922330 0.86500993 0.43140896 0.86979902 0.43098997 0.86498030 0.37591175 0.86716535 0.37330770
0 0.52161025 0.42284409 0.52286728 0.43721197 0.54441941 0.43532641 0.54316239 0.42095852 0.54534800 0.41835381 0.55253225 0.41772527 0.55211325 0.41293618 0.55429830 0.41033214 0.55346027 0.40075334 0.53669722 0.40221992 0.53711621 0.40700901 0.53493122 0.40961367 0.53014151 0.41003271 0.53097950 0.41961089 0.52879450 0.42221555 0.52161025 0.42284409
0 0.80753716 0.43643718 0.84106263 0.43350408 0.84022460 0.42392528 0.82106701 0.42560136 0.81846297 0.42341631 0.81594881 0.39467931 0.81813386 0.39207527 0.81708632 0.38010193 0.81448228 0.37791688 0.81406324 0.37312717 0.75419592 0.37836488 0.75566250 0.39512793 0.75826654 0.39731298 0.79897626 0.39375134 0.80158092 0.39593633 0.80493306 0.43425152 0.80753716 0.43643718
0 0.51774913 0.40629054 0.51691109 0.39671174 0.49535883 0.39859732 0.49724440 0.42014946 0.50921787 0.41910191 0.51140291 0.41649787 0.51077438 0.40931362 0.51296004 0.40670953 0.51774913 0.40629054
0 0.48732520 0.43990385 0.48913218 0.43775054 0.49392152 0.43733152 0.49056938 0.39901634 0.46901712 0.40090192 0.47242934 0.43990385 0.48732520 0.43990385
0 0.46036423 0.43990385 0.45704365 0.40194946 0.44028073 0.40341603 0.44347300 0.43990385 0.46036423 0.43990385
0 0.82759309 0.36229135 0.82540809 0.36489600 0.84217114 0.36342943 0.84133305 0.35385002 0.82696455 0.35510710 0.82759309 0.36229135
0 0.79906687 0.36720056 0.81822445 0.36552449 0.82040945 0.36291984 0.81978091 0.35573559 0.79822878 0.35762115 0.79906687 0.36720056
0 1.00000000 0.33755558 0.95367455 0.34160854 0.95660770 0.37513463 1.00000000 0.37133829 1.00000000 0.33755558
0 0.93984466 0.37660120 0.94463375 0.37618221 0.94170059 0.34265612 0.87464964 0.34852232 0.87246398 0.35112642 0.87506869 0.35331202 0.88114443 0.42275814 0.94101175 0.41752043 0.93765961 0.37920525 0.93984466 0.37660120
0 0.74027566 0.43990385 0.73901901 0.42554039 0.74120406 0.42293634 0.74838831 0.42230781 0.74294106 0.36004533 0.69744162 0.36402601 0.70408007 0.43990385 0.74027566 0.43990385
0 0.68424022 0.40620232 0.68067858 0.36549259 0.66631069 0.36674962 0.66987233 0.40745934 0.68424022 0.40620232
0 0.65768888 0.40611238 0.65433674 0.36779720 0.63278460 0.36968277 0.63613675 0.40799795 0.65768888 0.40611238
0 0.90473304 0.33382538 0.90733708 0.33601043 0.94086256 0.33307733 0.94002452 0.32349853 0.90410450 0.32664113 0.90473304 0.33382538
0 0.89775829 0.33684846 0.89692025 0.32726967 0.86818387 0.32978378 0.86902190 0.33936257 0.89775829 0.33684846
0 0.57219881 0.39428757 0.61769763 0.39030694 0.61413599 0.34959721 0.59976811 0.35085424 0.59716406 0.34866919 0.59674502 0.34387948 0.58716622 0.34471752 0.58498123 0.34732217 0.58258607 0.34753172 0.58279556 0.34992627 0.58061051 0.35253031 0.56863717 0.35357784 0.57219881 0.39428757
0 0.68900035 0.35028667 0.68522916 0.30718178 0.68262512 0.30499673 0.67544087 0.30562527 0.67325582 0.30822931 0.65888793 0.30948634 0.65972597 0.31906514 0.66233006 0.32125080 0.66505367 0.35238173 0.68900035 0.35028667
0 0.54906059 0.35046482 0.55124559 0.34786017 0.55603468 0.34744118 0.55331108 0.31631025 0.53175894 0.31819581 0.53385400 0.34214250 0.53166901 0.34474715 0.52906491 0.34256149 0.52696985 0.31861481 0.50541771 0.32050037 0.51023643 0.37557860 0.53418312 0.37348353 0.53397362 0.37108899 0.53615862 0.36848433 0.55052712 0.36722725 0.54906059 0.35046482
0 0.47533382 0.33519736 0.47272966 0.33301232 0.47189162 0.32343352 0.44794463 0.32552862 0.45087779 0.35905470 0.44869256 0.36165876 0.44608839 0.35947372 0.44315524 0.32594763 0.43357644 0.32678567 0.43902365 0.38904753 0.50128551 0.38360032 0.49583831 0.32133846 0.47668102 0.32301451 0.47751906 0.33259330 0.47533382 0.33519736
0 0.68939037 0.29957910 0.69379005 0.34986762 0.72013189 0.34756301 0.71657020 0.30685267 0.71396554 0.30466768 0.71333706 0.29748404 0.68939037 0.29957910
0 0.85567197 0.29709633 0.85441489 0.28272784 0.82567850 0.28524194 0.82756412 0.30679469 0.84193201 0.30553767 0.84172246 0.30314251 0.84390813 0.30053841 0.85348692 0.29970037 0.85567197 0.29709633
0 0.81870381 0.28826564 0.80912501 0.28910368 0.80652091 0.28691801 0.79215303 0.28817504 0.78996742 0.29077975 0.78736332 0.28859409 0.77538998 0.28964162 0.77937067 0.33514105 0.79373855 0.33388402 0.79634321 0.33606902 0.79718124 0.34564781 0.82352247 0.34334325 0.81870381 0.28826564
0 1.00000000 0.26999079 0.94062405 0.27518551 0.94565226 0.33265828 1.00000000 0.32790347 1.00000000 0.26999079
0 0.83543722 0.23130185 0.83878936 0.26961703 0.85315786 0.26835995 0.85294837 0.26596540 0.85034427 0.26377974 0.84741117 0.23025426 0.83543722 0.23130185
0 0.51173430 0.25479582 0.49018155 0.25668144 0.49227667 0.28062874 0.49009174 0.28323277 0.49134882 0.29760126 0.49395274 0.29978632 0.51550549 0.29790070 0.51173430 0.25479582
0 0.43749848 0.26129061 0.42791969 0.26212865 0.43169088 0.30523353 0.48676898 0.30041482 0.48404532 0.26928328 0.44094068 0.27305445 0.43833652 0.27086941 0.43749848 0.26129061
0 0.67157975 0.28907172 0.69073734 0.28739565 0.69510805 0.28218752 0.70468623 0.28134953 0.70070555 0.23585010 0.69831100 0.23605960 0.69612595 0.23866364 0.68894170 0.23929218 0.68915125 0.24168734 0.68696620 0.24429138 0.66780861 0.24596745 0.67157975 0.28907172
0 0.54403238 0.29299205 0.54621737 0.29038740 0.54286523 0.25207222 0.52370764 0.25374829 0.52110360 0.25156324 0.51891855 0.25416728 0.52164215 0.28529821 0.52424625 0.28748387 0.52508428 0.29706267 0.54424187 0.29538660 0.54403238 0.29299205
0 1.00000000 0.20483887 0.99004552 0.20570977 0.99109310 0.21768372 0.98890744 0.22028782 0.98630340 0.21810277 0.98525581 0.20612881 0.96609822 0.20780489 0.96840283 0.23414673 0.99713922 0.23163262 0.99974393 0.23381823 1.00000000 0.23674515 1.00000000 0.20483887
0 0.90072273 0.23282873 0.89904666 0.21367114 0.88467877 0.21492817 0.88551686 0.22450757 0.88812090 0.22669262 0.89084450 0.25782356 0.90521300 0.25656648 0.90332744 0.23501434 0.90072273 0.23282873
0 0.88366025 0.25845210 0.87988906 0.21534721 0.85354723 0.21765182 0.85731841 0.26075671 0.88366025 0.25845210
0 0.76694871 0.27590227 0.76212999 0.22082405 0.70944692 0.22543322 0.71426564 0.28051144 0.76694871 0.27590227
0 0.82648752 0.23932347 0.82388287 0.23713847 0.80233073 0.23902404 0.79972669 0.23683899 0.79742208 0.21049715 0.77108024 0.21280176 0.77652750 0.27506424 0.83400027 0.27003602 0.83379078 0.26764148 0.83118668 0.26545581 0.82888207 0.23911397 0.82648752 0.23932347
0 0.90434534 0.19149046 0.88997684 0.19274754 0.88779179 0.19535158 0.88904887 0.20972008 0.91539071 0.20741547 0.91413363 0.19304697 0.90694938 0.19367551 0.90434534 0.19149046
0 0.53337637 0.22635892 0.53077232 0.22417387 0.53056283 0.22177932 0.50901069 0.22366489 0.51068677 0.24282248 0.53942315 0.24030837 0.54202719 0.24249342 0.54681628 0.24207443 0.54534971 0.22531138 0.53337637 0.22635892
0 0.97648609 0.16104899 0.97564805 0.15147019 0.96127956 0.15272727 0.96546974 0.20062125 0.96807378 0.20280630 0.99202107 0.20071119 0.98866893 0.16239600 0.97909013 0.16323404 0.97648609 0.16104899
0 0.42788462 0.24524098 0.43603196 0.24452818 0.43456538 0.22776513 0.43675056 0.22516108 0.44154001 0.22474206 0.43923540 0.19840022 0.43684067 0.19860973 0.43465544 0.20121379 0.42788462 0.20180616 0.42788462 0.24524098
0 0.93278229 0.21313314 0.93634393 0.25384287 0.95071182 0.25258584 0.94966429 0.24061250 0.95184934 0.23800846 0.95903359 0.23737992 0.96121920 0.23477521 0.96017167 0.22280187 0.95756701 0.22061688 0.95170076 0.15356531 0.94212196 0.15440335 0.93951787 0.15221769 0.93472878 0.15263668 0.93577636 0.16461063 0.93359070 0.16721472 0.92640645 0.16784326 0.92808252 0.18700085 0.93068718 0.18918585 0.93236325 0.20834344 0.93017759 0.21094754 0.93278229 0.21313314
0 0.90862545 0.21283310 0.91239664 0.25593799 0.91958089 0.25530945 0.92218493 0.25749450 0.93176373 0.25665646 0.92799259 0.21355219 0.93017759 0.21094754 0.90862545 0.21283310
0 0.49628925 0.18858229 0.44839515 0.19277248 0.45111881 0.22390402 0.47506574 0.22180894 0.47766996 0.22399397 0.47955553 0.24554611 0.50110797 0.24366051 0.49628925 0.18858229
0 0.82936142 0.16185513 0.82810439 0.14748724 0.80176316 0.14979180 0.80302019 0.16415968 0.82936142 0.16185513
0 0.74889956 0.20750308 0.75108462 0.20489904 0.80137314 0.20049936 0.80355880 0.19789527 0.80313981 0.19310618 0.80053510 0.19092057 0.79697346 0.15021084 0.77302678 0.15230591 0.77323627 0.15470045 0.77105067 0.15730516 0.73034094 0.16086680 0.73474062 0.21115532 0.74910911 0.20989824 0.74889956 0.20750308
0 0.42788462 0.18491481 0.49305667 0.17921299 0.49242813 0.17202874 0.48982347 0.16984374 0.42788462 0.17526269 0.42788462 0.18491481
0 0.49961176 0.17140025 0.50221586 0.17358592 0.53813650 0.17044327 0.53478435 0.13212809 0.49646917 0.13548023 0.49961176 0.17140025
0 0.85651233 0.11363265 0.85672183 0.11602719 0.87348487 0.11456062 0.87608891 0.11674567 0.87650796 0.12153537 0.87911200 0.12372042 0.87932150 0.12611497 0.87713650 0.12871962 0.86755770 0.12955766 0.87016175 0.13174271 0.88213509 0.13069518 0.88734378 0.13506522 0.88755328 0.13745977 0.89276141 0.14183048 0.89297091 0.14422503 0.89557562 0.14641064 0.93389080 0.14305849 0.93347175 0.13826879 0.93086710 0.13608379 0.93305271 0.13347908 0.94023634 0.13285060 0.93981735 0.12806151 0.93721331 0.12587646 0.93700381 0.12348191 0.93439972 0.12129625 0.93419023 0.11890170 0.93158618 0.11671665 0.93137663 0.11432150 0.92877198 0.11213650 0.92856249 0.10974195 0.92595844 0.10755690 0.92574895 0.10516236 0.92314485 0.10297669 0.92293536 0.10058215 0.92033070 0.09839715 0.92012115 0.09600199 0.91491307 0.09163189 0.84786150 0.09749815 0.84807100 0.09989269 0.85067504 0.10207774 0.85088459 0.10447290 0.85348925 0.10665790 0.85390829 0.11144760 0.85651233 0.11363265
0 0.73522058 0.13389642 0.73144939 0.09079153 0.71947605 0.09183906 0.72324724 0.13494395 0.73522058 0.13389642
0 0.71324940 0.13099228 0.71073529 0.10225590 0.71292034 0.09965185 0.71271084 0.09725731 0.70792114 0.09767635 0.70531704 0.09549069 0.70510755 0.09309614 0.67637116 0.09561025 0.67658066 0.09800480 0.67439566 0.10060945 0.66960596 0.10102850 0.67232956 0.13215943 0.67493421 0.13434443 0.71324940 0.13099228
0 0.73863364 0.09016299 0.74345236 0.14524122 0.79853058 0.14042250 0.79832109 0.13802795 0.80050614 0.13542391 0.82445282 0.13332885 0.81942460 0.07585608 0.79308338 0.07816063 0.79350237 0.08294973 0.79131670 0.08555382 0.76018577 0.08827743 0.75758173 0.08609237 0.74081869 0.08755895 0.73863364 0.09016299
0 1.00000000 0.05764429 0.98923882 0.05858577 0.98944837 0.06098093 0.98726332 0.06358497 0.95134269 0.06672761 0.95155218 0.06912216 0.94936713 0.07172620 0.93978834 0.07256424 0.94020738 0.07735394 0.94281142 0.07953899 0.94302092 0.08193354 0.94541546 0.08172404 0.94802017 0.08390965 0.94843916 0.08869874 0.95104320 0.09088379 0.95125270 0.09327834 0.95385679 0.09546400 0.95406629 0.09785855 0.95667033 0.10004360 0.95687988 0.10243875 0.95927443 0.10222926 0.96187908 0.10441425 0.96229807 0.10920335 0.96490211 0.11138839 0.96511166 0.11378355 0.96771570 0.11596860 0.96792520 0.11836315 0.97313395 0.12273381 0.97334344 0.12512835 0.97594748 0.12731340 0.97615698 0.12970795 0.97876107 0.13189361 0.97918006 0.13668270 0.98178416 0.13886837 0.98199365 0.14126291 0.98438881 0.14105336 0.98699285 0.14323841 0.98741185 0.14802750 0.99262059 0.15239816 1.00000000 0.15175255 1.00000000 0.05764429
0 0.91865463 0.07923956 0.91739755 0.06487106 0.90542421 0.06591859 0.90668129 0.08028709 0.91865463 0.07923956
0 0.90189220 0.08070608 0.90063512 0.06633759 0.87429328 0.06864220 0.87555036 0.08301070 0.90189220 0.08070608
0 0.87076127 0.08342969 0.86950419 0.06906119 0.84316235 0.07136580 0.84441943 0.08573430 0.87076127 0.08342969
0 1.00000000 1.00000000 1.00000000 0.81266035 0.50012800 0.66064594 0.44060988 0.85287657 0.91370272 1.00000000 1.00000000 1.00000000
