0 0.30511021 0.30633731 0.30821107 0.28164734 0.29456059 0.27706825 0.28698565 0.35356120 0.31428658 0.36271706 0.31876069 0.31091639 0.30511021 0.30633731
0 0.20537627 0.35070241 0.21896742 0.35035883 0.21870052 0.32821376 0.20510937 0.32855734 0.20493144 0.31379397 0.18114494 0.31439529 0.18173804 0.36360577 0.20555420 0.36546578 0.20537627 0.35070241
0 0.30258039 0.23748606 0.32299755 0.23942969 0.32278998 0.22220729 0.27167288 0.21119141 0.27021225 0.23092038 0.28553252 0.23299286 0.28579942 0.25513792 0.30281762 0.25716979 0.30258039 0.23748606
0 0.77305447 0.38589290 0.80429804 0.40229926 0.80900002 0.38494801 0.77775642 0.36853935 0.77305447 0.38589290
0 0.76517082 0.41071173 0.80300590 0.43186897 0.80925670 0.40709307 0.77142162 0.38593583 0.76517082 0.41071173
0 0.74998121 0.36926947 0.76643447 0.37868299 0.77116495 0.36379076 0.75471170 0.35437725 0.74998121 0.36926947
0 0.81080552 0.39966842 0.81739699 0.40441701 0.82052315 0.39202904 0.81393012 0.38727818 0.81080552 0.39966842
0 0.34634353 0.83199858 0.33959879 0.78132733 0.23609893 0.78313392 0.21276726 0.78940145 0.21834316 0.88502182 0.41167309 0.88164724 0.41082092 0.83282655 0.34634353 0.83199858
0 0.97641933 0.73828125 0.79561436 0.82949071 0.79780515 0.83570342 0.98930526 0.73828125 0.97641933 0.73828125
0 0.80999514 0.73828125 0.76112196 0.76341660 0.76539642 0.76959294 0.82629249 0.73828125 0.80999514 0.73828125
