0 0.35072701 0.27630970 0.41224011 0.29723264 0.42149084 0.27495083 0.35997773 0.25402789 0.35072701 0.27630970
0 0.30675580 0.47968750 0.33635161 0.47573402 0.33762988 0.47232599 0.27513517 0.45639085 0.26775549 0.47842119 0.27337292 0.47968750 0.30675580 0.47968750
0 0.75620331 0.30551523 0.75340288 0.30980262 0.75173916 0.31009572 0.75033901 0.31223989 0.74867486 0.31253307 0.74727464 0.31467677 0.74561092 0.31496988 0.74421028 0.31711365 0.74447385 0.31896471 0.74640151 0.32052212 0.74666502 0.32237272 0.74859225 0.32393020 0.74885576 0.32578079 0.75078306 0.32733875 0.75104656 0.32918935 0.75297422 0.33074676 0.75323780 0.33259782 0.75709226 0.33571280 0.75735577 0.33756339 0.75928300 0.33912087 0.75954658 0.34097194 0.76147381 0.34252943 0.76173732 0.34438002 0.76366504 0.34593790 0.76392855 0.34778850 0.76585578 0.34934598 0.76611929 0.35119657 0.76804652 0.35275406 0.76831010 0.35460513 0.77023776 0.35616254 0.77050126 0.35801313 0.77435580 0.36112858 0.77461930 0.36297917 0.77654654 0.36453665 0.77821026 0.36424355 0.77961090 0.36209978 0.78127463 0.36180667 0.78267484 0.35966297 0.78433899 0.35936980 0.78713936 0.35508193 0.78880308 0.35478882 0.79020330 0.35264513 0.79186745 0.35235195 0.79326766 0.35020825 0.79493138 0.34991515 0.79633196 0.34777090 0.79799568 0.34747780 0.79773217 0.34562720 0.79580494 0.34406972 0.79554144 0.34221913 0.79361378 0.34066171 0.79335020 0.33881065 0.79142297 0.33725316 0.79115946 0.33540257 0.78923216 0.33384461 0.78896865 0.33199402 0.78704100 0.33043661 0.78677749 0.32858602 0.78485026 0.32702853 0.78458668 0.32517746 0.78265945 0.32361998 0.78239594 0.32176939 0.78046864 0.32021142 0.78020513 0.31836083 0.77827790 0.31680335 0.77801439 0.31495276 0.77608674 0.31339534 0.77582316 0.31154428 0.77389593 0.30998679 0.77363242 0.30813620 0.77170512 0.30657824 0.77144161 0.30472765 0.76758672 0.30161275 0.76732322 0.29976216 0.76539592 0.29820420 0.76399577 0.30034837 0.76233204 0.30064147 0.76093140 0.30278525 0.75926768 0.30307835 0.75786746 0.30522205 0.75620331 0.30551523
0 0.78824528 0.27900165 0.78684513 0.28114582 0.78518098 0.28143900 0.78378077 0.28358269 0.78211704 0.28387580 0.78071640 0.28601957 0.77905268 0.28631267 0.77625224 0.29060007 0.77458852 0.29089317 0.77318795 0.29303742 0.77152422 0.29333052 0.77012401 0.29547422 0.77205124 0.29703170 0.77231481 0.29888277 0.77424205 0.30044026 0.77450555 0.30229085 0.77643321 0.30384826 0.77669672 0.30569885 0.77862402 0.30725681 0.77888753 0.30910740 0.78081476 0.31066489 0.78107833 0.31251595 0.78300557 0.31407344 0.78326907 0.31592403 0.78519631 0.31748152 0.78545981 0.31933211 0.78738754 0.32089000 0.78765105 0.32274059 0.78957828 0.32429808 0.78984185 0.32614914 0.79369675 0.32926404 0.79396025 0.33111463 0.79588748 0.33267212 0.79615106 0.33452318 0.79807829 0.33608067 0.79860537 0.33978232 0.80053261 0.34133981 0.80079612 0.34319040 0.80245984 0.34289730 0.80386048 0.34075353 0.80552421 0.34046042 0.80692442 0.33831673 0.80858857 0.33802355 0.80998872 0.33587938 0.81165244 0.33558627 0.81305266 0.33344257 0.81471638 0.33314947 0.81611703 0.33100570 0.81778075 0.33071259 0.82058154 0.32642465 0.82224526 0.32613155 0.82364548 0.32398785 0.82530920 0.32369474 0.82670942 0.32155105 0.82837357 0.32125787 0.82977379 0.31911417 0.83143751 0.31882107 0.83283808 0.31667682 0.83091043 0.31511941 0.83064692 0.31326882 0.82871962 0.31171086 0.82845611 0.30986027 0.82652888 0.30830278 0.82626537 0.30645219 0.82241041 0.30333682 0.82214691 0.30148622 0.82021968 0.29992874 0.81995610 0.29807767 0.81802887 0.29652019 0.81776536 0.29466960 0.81583813 0.29311211 0.81557462 0.29126152 0.81364689 0.28970363 0.81338338 0.28785304 0.81145615 0.28629555 0.81119258 0.28444449 0.80733769 0.28132959 0.80707418 0.27947900 0.80514695 0.27792151 0.80488337 0.27607045 0.80295614 0.27451296 0.80269263 0.27266237 0.80076533 0.27110441 0.80050182 0.26925382 0.79883810 0.26954692 0.79743746 0.27169069 0.79577374 0.27198380 0.79297295 0.27627174 0.79130922 0.27656484 0.78990901 0.27870854 0.78824528 0.27900165
0 0.73622195 0.27298971 0.73482181 0.27513388 0.73315808 0.27542699 0.73175787 0.27757068 0.73009372 0.27786387 0.72869350 0.28000756 0.72702978 0.28030067 0.72562914 0.28244444 0.72589264 0.28429503 0.72782037 0.28585291 0.72808388 0.28770351 0.73001111 0.28926099 0.73027468 0.29111206 0.73220192 0.29266954 0.73246542 0.29452014 0.73632031 0.29763503 0.73658389 0.29948610 0.73991134 0.29889989 0.74131148 0.29675572 0.74297563 0.29646254 0.74577607 0.29217515 0.74744022 0.29188197 0.74884043 0.28973827 0.75050416 0.28944517 0.75190437 0.28730147 0.75356810 0.28700836 0.75496867 0.28486412 0.75663240 0.28457101 0.75803261 0.28242732 0.75969676 0.28213414 0.75943325 0.28028355 0.75750553 0.27872566 0.75724202 0.27687507 0.75531479 0.27531758 0.75505128 0.27346699 0.75312405 0.27190950 0.75286047 0.27005844 0.75093282 0.26850103 0.75066931 0.26665044 0.74874201 0.26509248 0.74847850 0.26324188 0.74681478 0.26353499 0.74541456 0.26567869 0.74375084 0.26597179 0.74235026 0.26811604 0.74068654 0.26840914 0.73788568 0.27269661 0.73622195 0.27298971
0 0.90441898 0.18454691 0.90301834 0.18669069 0.90135461 0.18698379 0.89995440 0.18912749 0.89829067 0.18942059 0.89548981 0.19370806 0.89382609 0.19400116 0.89435317 0.19770282 0.89628040 0.19926031 0.89654398 0.20111137 0.89847164 0.20266879 0.89873515 0.20451938 0.90066238 0.20607686 0.90092589 0.20792746 0.90285318 0.20948542 0.90311669 0.21133601 0.90504392 0.21289349 0.90530750 0.21474456 0.90723473 0.21630204 0.90749824 0.21815264 0.90942590 0.21971005 0.90968941 0.22156064 0.91161671 0.22311860 0.91188021 0.22496919 0.91380745 0.22652668 0.91407102 0.22837774 0.91599868 0.22993515 0.91626219 0.23178575 0.91818942 0.23334323 0.91845293 0.23519382 0.92038023 0.23675179 0.92064373 0.23860238 0.92449827 0.24171782 0.92476177 0.24356841 0.92616242 0.24142464 0.92782614 0.24113154 0.92922629 0.23898737 0.93089044 0.23869419 0.93229065 0.23655049 0.93395438 0.23625739 0.93535459 0.23411369 0.93701832 0.23382059 0.93841889 0.23167634 0.94008262 0.23138324 0.94148283 0.22923954 0.94314698 0.22894636 0.94594741 0.22465897 0.94761114 0.22436586 0.94734763 0.22251527 0.94349310 0.21939982 0.94322959 0.21754923 0.94130229 0.21599127 0.94103878 0.21414068 0.93911112 0.21258327 0.93884762 0.21073268 0.93692039 0.20917519 0.93665681 0.20732413 0.93472958 0.20576664 0.93446607 0.20391605 0.93253835 0.20235816 0.93227484 0.20050757 0.93034760 0.19895008 0.93008410 0.19709949 0.92815686 0.19554200 0.92789329 0.19369094 0.92403883 0.19057597 0.92377525 0.18872490 0.92184759 0.18716749 0.92158408 0.18531690 0.91965685 0.18375941 0.91939334 0.18190882 0.91746605 0.18035086 0.91720254 0.17850027 0.91527488 0.17694286 0.91501130 0.17509179 0.91361116 0.17723596 0.91194743 0.17752907 0.90914700 0.18181646 0.90748285 0.18210964 0.90608270 0.18425381 0.90441898 0.18454691
0 0.74530081 0.20499037 0.74390066 0.20713454 0.74223651 0.20742772 0.74083630 0.20957141 0.73917257 0.20986452 0.73777236 0.21200822 0.73610863 0.21230132 0.73330784 0.21658926 0.73164412 0.21688237 0.73024347 0.21902614 0.72857975 0.21931924 0.72717954 0.22146294 0.72551581 0.22175604 0.72744304 0.22331353 0.72770662 0.22516460 0.72963385 0.22672208 0.72989736 0.22857267 0.73182466 0.23013063 0.73208817 0.23198123 0.73401582 0.23353864 0.73427933 0.23538923 0.73620657 0.23694672 0.73647014 0.23879778 0.73839737 0.24035527 0.73866088 0.24220586 0.74058861 0.24376375 0.74085211 0.24561434 0.74470658 0.24872931 0.74497009 0.25057990 0.74689738 0.25213786 0.74716089 0.25398845 0.74908812 0.25554594 0.74935170 0.25739700 0.75127936 0.25895442 0.75154287 0.26080501 0.75347010 0.26236249 0.75373361 0.26421309 0.75566090 0.26577105 0.75592441 0.26762164 0.75785207 0.26917905 0.75811565 0.27103012 0.76004288 0.27258760 0.76030639 0.27443819 0.76223362 0.27599568 0.76249713 0.27784627 0.76442443 0.27940423 0.76468793 0.28125482 0.76801581 0.28066854 0.76941602 0.27852484 0.77107975 0.27823174 0.77248032 0.27608749 0.77414405 0.27579439 0.77554426 0.27365069 0.77720799 0.27335759 0.77860820 0.27121389 0.78027235 0.27092071 0.78167257 0.26877701 0.78333629 0.26848391 0.78473693 0.26634014 0.78640066 0.26604703 0.78920102 0.26175917 0.79086475 0.26146606 0.79226539 0.25932229 0.79392911 0.25902918 0.79532926 0.25688501 0.79506575 0.25503442 0.79313852 0.25347694 0.79287501 0.25162634 0.79094778 0.25006886 0.79068421 0.24821779 0.78875655 0.24666038 0.78849304 0.24480979 0.78656574 0.24325183 0.78630223 0.24140124 0.78437500 0.23984375 0.78411149 0.23799316 0.78218426 0.23643567 0.78165718 0.23273402 0.77780222 0.22961864 0.77753871 0.22776805 0.77561148 0.22621056 0.77534797 0.22435997 0.77342074 0.22280249 0.77315716 0.22095142 0.77122951 0.21939401 0.77096600 0.21754342 0.76903870 0.21598546 0.76877519 0.21413487 0.76684796 0.21257738 0.76658445 0.21072679 0.76465722 0.20916930 0.76439364 0.20731824 0.76246641 0.20576075 0.76220290 0.20391016 0.76027518 0.20235227 0.76001167 0.20050168 0.75808444 0.19894419 0.75782093 0.19709360 0.75589370 0.19553612 0.75449306 0.19767989 0.75282933 0.19797299 0.75142912 0.20011669 0.74976539 0.20040980 0.74696453 0.20469726 0.74530081 0.20499037
0 0.92420397 0.16778124 0.92280376 0.16992493 0.92114004 0.17021804 0.91973939 0.17236181 0.92000290 0.17421240 0.92193063 0.17577029 0.92219413 0.17762088 0.92412137 0.17917837 0.92438494 0.18102943 0.92631217 0.18258692 0.92657568 0.18443751 0.93043015 0.18755248 0.93069372 0.18940355 0.93262138 0.19096096 0.93288489 0.19281155 0.93481219 0.19436951 0.93507570 0.19622010 0.93700293 0.19777759 0.93726643 0.19962818 0.93919409 0.20118559 0.93945767 0.20303666 0.94138490 0.20459414 0.94164841 0.20644474 0.94357571 0.20800270 0.94383922 0.20985329 0.94576645 0.21141077 0.94602995 0.21326137 0.94795719 0.21481885 0.94822076 0.21666992 0.95207565 0.21978482 0.95373938 0.21949171 0.95514002 0.21734794 0.95680374 0.21705483 0.95820396 0.21491114 0.95986768 0.21461803 0.96126783 0.21247386 0.96293198 0.21218068 0.96433220 0.21003699 0.96599592 0.20974388 0.96546890 0.20604270 0.96354167 0.20448521 0.96327810 0.20263415 0.96135087 0.20107666 0.96108736 0.19922607 0.95915963 0.19766818 0.95889612 0.19581759 0.95696889 0.19426010 0.95670538 0.19240951 0.95285085 0.18929407 0.95258735 0.18744347 0.95066011 0.18588599 0.95039654 0.18403492 0.94846888 0.18247751 0.94820537 0.18062692 0.94627814 0.17906943 0.94601463 0.17721884 0.94408733 0.17566088 0.94382382 0.17381029 0.94189617 0.17225288 0.94163259 0.17040181 0.93777813 0.16728684 0.93751462 0.16543625 0.93558739 0.16387876 0.93532381 0.16202770 0.93339658 0.16047021 0.93199594 0.16261398 0.93033221 0.16290709 0.92893207 0.16505125 0.92726792 0.16534444 0.92586770 0.16748813 0.92420397 0.16778124
0 0.95624552 0.14126773 0.95484530 0.14341143 0.95318158 0.14370453 0.95178100 0.14584878 0.95011728 0.14614188 0.94871706 0.14828558 0.94705334 0.14857868 0.94565312 0.15072238 0.94398897 0.15101556 0.94425248 0.15286615 0.94618014 0.15442356 0.94644372 0.15627463 0.94837095 0.15783212 0.94863446 0.15968271 0.95056175 0.16124067 0.95082526 0.16309126 0.95275249 0.16464875 0.95301600 0.16649934 0.95494323 0.16805682 0.95520681 0.16990789 0.95713447 0.17146530 0.95739798 0.17331589 0.95932527 0.17487385 0.95958878 0.17672444 0.96344367 0.17983934 0.96370718 0.18168993 0.96563448 0.18324789 0.96589799 0.18509848 0.96782522 0.18665597 0.96808880 0.18850704 0.97001603 0.19006452 0.97027954 0.19191512 0.97220677 0.19347260 0.97247028 0.19532319 0.97439800 0.19688108 0.97466151 0.19873167 0.97658874 0.20028916 0.97798896 0.19814546 0.97965311 0.19785228 0.98105332 0.19570858 0.98271705 0.19541548 0.98411720 0.19327131 0.98578092 0.19297820 0.98718156 0.19083443 0.98884529 0.19054133 0.99024550 0.18839763 0.99190965 0.18810445 0.99330987 0.18596075 0.99093816 0.16930448 0.98901086 0.16774652 0.98874735 0.16589593 0.98681970 0.16433852 0.98655612 0.16248745 0.98462889 0.16092997 0.98436538 0.15907938 0.98243815 0.15752189 0.98217464 0.15567130 0.98024692 0.15411341 0.97998341 0.15226282 0.97805618 0.15070533 0.97779260 0.14885427 0.97586537 0.14729678 0.97560186 0.14544619 0.97367463 0.14388871 0.97341112 0.14203811 0.97148382 0.14048015 0.97122031 0.13862956 0.96929265 0.13707215 0.96902908 0.13522108 0.96710185 0.13366360 0.96543812 0.13395670 0.96403748 0.13610047 0.96237376 0.13639358 0.96097361 0.13853775 0.95930988 0.13883085 0.95790967 0.14097455 0.95624552 0.14126773
0 0.86445584 0.11949596 0.86305562 0.12163966 0.86139190 0.12193276 0.85999168 0.12407646 0.85832753 0.12436964 0.85692738 0.12651381 0.85526366 0.12680691 0.85386302 0.12895069 0.85219929 0.12924379 0.85272638 0.13294545 0.85465361 0.13450293 0.85491712 0.13635353 0.85684478 0.13791094 0.85710828 0.13976153 0.85903558 0.14131949 0.85929909 0.14317008 0.86122632 0.14472757 0.86148990 0.14657863 0.86341756 0.14813604 0.86368106 0.14998664 0.86753553 0.15310161 0.86779910 0.15495268 0.86972633 0.15651016 0.86998984 0.15836075 0.87191714 0.15991871 0.87218065 0.16176930 0.87410831 0.16332672 0.87437182 0.16517731 0.87629905 0.16673479 0.87656262 0.16858586 0.87848986 0.17014335 0.87875336 0.17199394 0.88068109 0.17355182 0.88094460 0.17540242 0.88287183 0.17695990 0.88313534 0.17881049 0.88506257 0.18036798 0.88532614 0.18221904 0.88725338 0.18377653 0.88891710 0.18348343 0.89031774 0.18133965 0.89198147 0.18104655 0.89338161 0.17890238 0.89504576 0.17860920 0.89784620 0.17432181 0.89950992 0.17402870 0.90091014 0.17188500 0.90257429 0.17159183 0.90397450 0.16944813 0.90563823 0.16915502 0.90703880 0.16701078 0.90870253 0.16671768 0.91010274 0.16457398 0.90957566 0.16087232 0.90572119 0.15775735 0.90545769 0.15590676 0.90353003 0.15434935 0.90326645 0.15249828 0.90133922 0.15094079 0.90107571 0.14909020 0.89914841 0.14753224 0.89888490 0.14568165 0.89503002 0.14256675 0.89476651 0.14071616 0.89283921 0.13915820 0.89257570 0.13730761 0.89064847 0.13575012 0.89038489 0.13389906 0.88845766 0.13234157 0.88819415 0.13049098 0.88626650 0.12893357 0.88600299 0.12708297 0.88214845 0.12396753 0.88188495 0.12211694 0.87995722 0.12055905 0.87969371 0.11870846 0.87776648 0.11715097 0.87750297 0.11530038 0.87557574 0.11374290 0.87531217 0.11189183 0.87364844 0.11218493 0.87224829 0.11432910 0.87058414 0.11462228 0.86918393 0.11676598 0.86752020 0.11705908 0.86611956 0.11920286 0.86445584 0.11949596
0 0.89203329 0.09756343 0.89063265 0.09970720 0.88896893 0.10000030 0.88756871 0.10214400 0.88590499 0.10243710 0.88450477 0.10458080 0.88284062 0.10487398 0.88144047 0.10701815 0.87977675 0.10731126 0.88030376 0.11101244 0.88223106 0.11257040 0.88249457 0.11442099 0.88442180 0.11597848 0.88468531 0.11782907 0.88661297 0.11938648 0.88687655 0.12123755 0.88880378 0.12279503 0.88906728 0.12464562 0.89292182 0.12776107 0.89318532 0.12961166 0.89511256 0.13116915 0.89537606 0.13301974 0.89730379 0.13457763 0.89756730 0.13642822 0.89949453 0.13798570 0.89975810 0.13983677 0.90168534 0.14139426 0.90194884 0.14324485 0.90387650 0.14480226 0.90414001 0.14665285 0.90606731 0.14821081 0.90633082 0.15006140 0.91018535 0.15317685 0.91044886 0.15502744 0.91237609 0.15658493 0.91263960 0.15843552 0.91456726 0.15999293 0.91623098 0.15969983 0.91763119 0.15755613 0.91929534 0.15726295 0.92069556 0.15511925 0.92235928 0.15482615 0.92375950 0.15268245 0.92542322 0.15238935 0.92682387 0.15024558 0.92848759 0.14995247 0.92988774 0.14780830 0.92796051 0.14625081 0.92769700 0.14440022 0.92576970 0.14284226 0.92550619 0.14099167 0.92357853 0.13943426 0.92331502 0.13758367 0.92138780 0.13602618 0.92112422 0.13417512 0.91726975 0.13106014 0.91700618 0.12920908 0.91507895 0.12765159 0.91481544 0.12580100 0.91288778 0.12424359 0.91262427 0.12239300 0.91069697 0.12083503 0.91043347 0.11898444 0.90850623 0.11742696 0.90797915 0.11372530 0.90937937 0.11158160 0.91104309 0.11128850 0.91244373 0.10914473 0.91410746 0.10885162 0.91384395 0.10700103 0.91191665 0.10544307 0.91165314 0.10359248 0.90972548 0.10203507 0.90946191 0.10018400 0.90753467 0.09862652 0.90727117 0.09677592 0.90534394 0.09521844 0.90508043 0.09336785 0.90315270 0.09180996 0.90288919 0.08995937 0.90122547 0.09025247 0.89982525 0.09239617 0.89816153 0.09268928 0.89676138 0.09483345 0.89509723 0.09512662 0.89369702 0.09727032 0.89203329 0.09756343
0 0.92101090 0.07348672 0.91961032 0.07563097 0.91794660 0.07592407 0.91514574 0.08021154 0.91348202 0.08050465 0.91208180 0.08264834 0.91041807 0.08294145 0.91094516 0.08664310 0.91287239 0.08820059 0.91313590 0.09005118 0.91506320 0.09160914 0.91532671 0.09345973 0.91725394 0.09501722 0.91751745 0.09686781 0.91944510 0.09842522 0.91970868 0.10027629 0.92163591 0.10183377 0.92189942 0.10368437 0.92382672 0.10524233 0.92409023 0.10709292 0.92601788 0.10865033 0.92628139 0.11050092 0.92820862 0.11205841 0.92847220 0.11390947 0.93232666 0.11702445 0.93259024 0.11887551 0.93451747 0.12043300 0.93478098 0.12228359 0.93670864 0.12384100 0.93697215 0.12569159 0.93889944 0.12724955 0.93916295 0.12910015 0.94109018 0.13065763 0.94135376 0.13250870 0.94328142 0.13406611 0.94354493 0.13591670 0.94520865 0.13562360 0.94660886 0.13347990 0.94827259 0.13318679 0.94967280 0.13104310 0.95133695 0.13074992 0.95273710 0.12860575 0.95440083 0.12831264 0.95580147 0.12616887 0.95746519 0.12587577 0.95886541 0.12373207 0.96052913 0.12343896 0.96192928 0.12129480 0.96359343 0.12100161 0.96639386 0.11671422 0.96805801 0.11642104 0.96613036 0.11486363 0.96586685 0.11301304 0.96393955 0.11145508 0.96367604 0.10960449 0.96174881 0.10804700 0.96148523 0.10619594 0.95763034 0.10308104 0.95736684 0.10123045 0.95543960 0.09967296 0.95517603 0.09782189 0.95324880 0.09626441 0.95298529 0.09441382 0.95105799 0.09285585 0.95079448 0.09100526 0.94886682 0.08944785 0.94860332 0.08759726 0.94474878 0.08448181 0.94448527 0.08263122 0.94255762 0.08107381 0.94229404 0.07922274 0.94036681 0.07766526 0.94010330 0.07581467 0.93817607 0.07425718 0.93791256 0.07240659 0.93598526 0.07084863 0.93572175 0.06899804 0.93379452 0.06744055 0.93353095 0.06558949 0.93020307 0.06617577 0.92880293 0.06831994 0.92713878 0.06861312 0.92573856 0.07075682 0.92407483 0.07104992 0.92267462 0.07319362 0.92101090 0.07348672
0 0.94998814 0.04941057 0.94858792 0.05155426 0.94692420 0.05184737 0.94552398 0.05399106 0.94385983 0.05428424 0.94105947 0.05857211 0.93939532 0.05886529 0.93799510 0.06100899 0.93633138 0.06130209 0.93659489 0.06315268 0.93852212 0.06471017 0.93878570 0.06656123 0.94071293 0.06811872 0.94097643 0.06996931 0.94483139 0.07308469 0.94509490 0.07493528 0.94702213 0.07649276 0.94728564 0.07834335 0.94921337 0.07990124 0.94947687 0.08175183 0.95140410 0.08330932 0.95166768 0.08516038 0.95359491 0.08671787 0.95385842 0.08856846 0.95578565 0.09012595 0.95604916 0.09197654 0.95797646 0.09353450 0.95823997 0.09538509 0.96016763 0.09694250 0.96043120 0.09879357 0.96235843 0.10035106 0.96262194 0.10220165 0.96454917 0.10375913 0.96481268 0.10560973 0.96866764 0.10872510 0.96893115 0.11057569 0.97085845 0.11213365 0.97112195 0.11398424 0.97252217 0.11184054 0.97418589 0.11154744 0.97558647 0.10940319 0.97725019 0.10911009 0.97865041 0.10696639 0.98031456 0.10667321 0.98171478 0.10452952 0.97644428 0.06751532 0.97258932 0.06439995 0.97232581 0.06254935 0.97039858 0.06099187 0.97013500 0.05914080 0.96820777 0.05758332 0.96794426 0.05573273 0.96601661 0.05417531 0.96575310 0.05232472 0.96382580 0.05076676 0.96356229 0.04891617 0.96163506 0.04735868 0.96137148 0.04550762 0.95944425 0.04395013 0.95918074 0.04209954 0.95778053 0.04424323 0.95611638 0.04453642 0.95471616 0.04668011 0.95305244 0.04697322 0.95165186 0.04911746 0.94998814 0.04941057
0 0.96224468 0.03966274 0.96250819 0.04151333 0.96443542 0.04307081 0.96469893 0.04492141 0.96855389 0.04803678 0.96881740 0.04988737 0.97074470 0.05144533 0.97100820 0.05329592 0.97293586 0.05485333 0.97319937 0.05670393 0.97512660 0.05826141 0.97539018 0.06011248 0.97143729 0.03235171 0.97003707 0.03449541 0.96837292 0.03478859 0.96697277 0.03693276 0.96530905 0.03722586 0.96390841 0.03936963 0.96224468 0.03966274
0 0.11516468 0.47968750 0.19570073 0.65141498 0.19934999 0.65068355 0.25668795 0.62402002 0.25463841 0.61107975 0.19666185 0.47968750 0.11516468 0.47968750
0 0.28825870 0.75040603 0.28801873 0.74783220 0.19469049 0.49961821 0.13079985 0.52836844 0.13202273 0.53608938 0.21249004 0.77709526 0.22416791 0.77524567 0.28825870 0.75040603
