0 0.45964671 0.32381069 0.46260449 0.32709479 0.52501803 0.33036574 0.52534511 0.32412471 0.45981025 0.32069017 0.45964671 0.32381069
0 0.43750000 0.31013287 0.46654274 0.31165494 0.46949972 0.31493900 0.48198259 0.31559320 0.48526665 0.31263622 0.48822443 0.31592032 0.52879355 0.31804645 0.53042907 0.28683888 0.53371313 0.28388190 0.53420374 0.27452035 0.52796191 0.27419323 0.52500497 0.27090837 0.49379820 0.26927290 0.49051410 0.27223067 0.48739278 0.27206709 0.48443585 0.26878224 0.43750000 0.26632243 0.43750000 0.31013287
0 0.66697145 0.42812500 0.66989289 0.37238069 0.67317698 0.36942291 0.72935030 0.37236683 0.73131285 0.33491902 0.73459695 0.33196124 0.73476049 0.32884073 0.72851946 0.32851365 0.72556168 0.32522955 0.72719720 0.29402197 0.73048205 0.29106504 0.75544779 0.29237344 0.75724685 0.25804535 0.76053091 0.25508837 0.76365142 0.25525191 0.76561402 0.21780330 0.76889888 0.21484637 0.77053440 0.18363879 0.72996448 0.18151261 0.72963736 0.18775445 0.72635330 0.19071142 0.69202521 0.18891237 0.68906823 0.18562831 0.68955889 0.17626596 0.59905829 0.17152302 0.59856763 0.18088537 0.59528357 0.18384235 0.59216226 0.18367877 0.59101740 0.20552399 0.58773334 0.20848097 0.58626140 0.23656722 0.58297734 0.23952420 0.58265022 0.24576604 0.57936537 0.24872298 0.57772985 0.27993055 0.59333403 0.28074833 0.59629101 0.28403238 0.59465553 0.31523916 0.59137143 0.31819693 0.58200908 0.31770628 0.57905215 0.31442142 0.55720693 0.31327656 0.55671627 0.32263891 0.55343217 0.32559669 0.55212377 0.35056243 0.54883891 0.35351936 0.54834829 0.36288092 0.54506419 0.36583869 0.53882316 0.36551161 0.53571570 0.42480544 0.59905668 0.42812500 0.66697145 0.42812500
0 0.43750000 0.25693437 0.49740938 0.26007408 0.50036631 0.26335894 0.50151117 0.24151372 0.50808013 0.23559901 0.55176977 0.23788868 0.55536785 0.16923330 0.54288498 0.16857910 0.53992800 0.16529505 0.51496226 0.16398665 0.51167820 0.16694362 0.50872043 0.16365953 0.43750000 0.15992702 0.43750000 0.25693437
0 0.52563301 0.13951157 0.52497881 0.15199444 0.52169476 0.15495142 0.51873698 0.15166732 0.52020892 0.12358106 0.45779457 0.12031007 0.45615909 0.15151684 0.46240093 0.15184396 0.46535791 0.15512802 0.56522086 0.16036161 0.56620214 0.14163771 0.52563301 0.13951157
0 0.43750000 0.15053896 0.44991806 0.15118976 0.45171712 0.11686167 0.45500118 0.11390469 0.45532829 0.10766286 0.43750000 0.10672852 0.43750000 0.15053896
0 0.43750000 0.00000000 0.43750000 0.08482410 0.47207650 0.08663618 0.47503427 0.08992027 0.47454362 0.09928262 0.49014700 0.10010036 0.49310398 0.10338442 0.58672510 0.10829089 0.58934190 0.05835942 0.59262675 0.05540248 0.61135066 0.05638376 0.61429457 0.00021045 0.61027895 0.00000000 0.55171983 0.00000000 0.54926343 0.04687093 0.54597933 0.04982871 0.54302240 0.04654385 0.54546166 0.00000000 0.43750000 0.00000000
0 0.66437422 0.00000000 0.66308119 0.02467247 0.65979714 0.02762945 0.64107243 0.02664813 0.63976403 0.05161387 0.63647993 0.05457164 0.63335942 0.05440810 0.62959780 0.12618400 0.69201215 0.12945500 0.69496908 0.13273985 0.69464201 0.13898089 0.69759978 0.14226499 0.71008185 0.14291915 0.71303963 0.14620324 0.80666075 0.15110972 0.80960463 0.09493721 0.81288868 0.09198023 0.81419708 0.06701449 0.79235266 0.06586967 0.78939488 0.06258558 0.77691281 0.06193142 0.77395508 0.05864652 0.77460928 0.04616365 0.77789413 0.04320671 0.84342900 0.04664125 0.84587336 0.00000000 0.66437422 0.00000000
0 0.25293210 1.00000000 0.25298189 0.99905006 0.25626594 0.99609308 0.25659306 0.98985124 0.25987712 0.98689427 0.26020424 0.98065243 0.26348830 0.97769545 0.26365184 0.97457494 0.26693589 0.97161796 0.26726302 0.96537612 0.27054787 0.96241919 0.27087499 0.95617735 0.27415905 0.95322038 0.27448613 0.94697934 0.27777022 0.94402156 0.27793377 0.94090105 0.28121862 0.93794411 0.28154574 0.93170227 0.28482980 0.92874530 0.28515688 0.92250426 0.28844098 0.91954648 0.28876806 0.91330545 0.29205215 0.91034767 0.29270631 0.89786560 0.29599041 0.89490782 0.29697169 0.87618392 0.30025654 0.87322698 0.30337706 0.87339052 0.30435838 0.85466582 0.30764244 0.85170884 0.30796956 0.84546701 0.29860721 0.84497635 0.29565023 0.84169229 0.17394206 0.83531384 0.17098508 0.83202978 0.11169205 0.82892236 0.10840719 0.83187930 0.10317360 0.93174225 0.10941543 0.93206937 0.11237241 0.93535343 0.11204529 0.94159527 0.10876123 0.94455224 0.09939888 0.94406158 0.09694562 0.99087254 0.15935997 0.99414354 0.16231695 0.99742760 0.18416217 0.99857246 0.18544753 1.00000000 0.25293210 1.00000000
0 0.24599275 0.59500574 0.24811893 0.55443582 0.21067032 0.55247322 0.20771335 0.54918917 0.20787689 0.54606865 0.15170438 0.54312477 0.14841952 0.54608171 0.13281613 0.54526397 0.13068999 0.58583309 0.19310434 0.58910409 0.19606127 0.59238895 0.24599275 0.59500574
0 0.26412667 0.42812500 0.25911676 0.52371971 0.25583271 0.52667668 0.25010845 0.63590199 0.24682439 0.63885897 0.24370307 0.63869539 0.24074610 0.63541133 0.24221808 0.60732428 0.22037286 0.60617942 0.21741588 0.60289536 0.21757942 0.59977484 0.17701029 0.59764870 0.17405332 0.59436465 0.14596626 0.59289267 0.14580272 0.59601318 0.14251866 0.59897016 0.13003579 0.59831596 0.13299277 0.60160002 0.13250211 0.61096237 0.12921801 0.61392015 0.12609750 0.61375661 0.12413494 0.65120442 0.14598016 0.65234928 0.14893710 0.65563413 0.24880005 0.66086773 0.25175703 0.66415178 0.26423990 0.66480598 0.26538476 0.64296077 0.26226424 0.64279723 0.25930646 0.63951313 0.26259132 0.63655619 0.27195367 0.63704685 0.27491065 0.64033091 0.27392937 0.65905481 0.28641224 0.65970901 0.28936917 0.66299387 0.28904210 0.66923490 0.28575800 0.67219268 0.23894704 0.66973942 0.23599010 0.66645457 0.14548950 0.66171163 0.14253172 0.65842753 0.12380782 0.65744625 0.12135456 0.70425721 0.11807050 0.70721419 0.11511273 0.70393009 0.12034632 0.60406714 0.12363122 0.60110940 0.12902836 0.49812593 0.13231241 0.49516895 0.13411147 0.46084086 0.12474912 0.46035020 0.10175904 0.48105056 0.09863852 0.48088703 0.07564844 0.50158738 0.07252793 0.50142385 0.05610680 0.51620949 0.05545260 0.52869236 0.05216854 0.53164934 0.04592671 0.53132222 0.04559959 0.53756406 0.04231553 0.54052103 0.03919421 0.54035745 0.03854001 0.55284032 0.03525596 0.55579730 0.02589440 0.55530668 0.02556728 0.56154852 0.02228243 0.56450545 0.01916191 0.56434191 0.01834417 0.57994530 0.01506007 0.58290308 0.01193876 0.58273949 0.00898182 0.57945464 0.00849116 0.58881699 0.00520710 0.59177397 0.00000000 0.59150108 0.00000000 0.87626654 0.00904876 0.87674076 0.01200574 0.88002482 0.01184216 0.88314613 0.00855810 0.88610311 0.00000000 0.88565460 0.00000000 1.00000000 0.09020829 1.00000000 0.09348413 0.93749343 0.05603632 0.93553087 0.05307858 0.93224597 0.05536826 0.88855633 0.06193721 0.88264162 0.08690295 0.88395002 0.08985989 0.88723487 0.09922224 0.88772553 0.10298390 0.81594883 0.10626795 0.81299186 0.11150155 0.71312890 0.11478565 0.71017113 0.11774338 0.71345602 0.11659857 0.73530044 0.16653004 0.73791724 0.16948698 0.74120210 0.27559097 0.74676277 0.27854794 0.75004683 0.33472126 0.75299075 0.33488480 0.74987023 0.32864296 0.74954311 0.32568602 0.74625825 0.32601310 0.74001722 0.32929720 0.73705944 0.34178087 0.73771368 0.34227149 0.72835213 0.34555555 0.72539515 0.34571913 0.72227384 0.34900318 0.71931686 0.35212370 0.71948040 0.35310498 0.70075649 0.35638908 0.69779872 0.35671616 0.69155768 0.36000106 0.68859995 0.36312157 0.68876348 0.36361219 0.67940193 0.31368072 0.67678513 0.31072374 0.67350108 0.31400783 0.67054330 0.36705983 0.67332364 0.36787757 0.65772025 0.36196361 0.65115214 0.36212719 0.64803082 0.36541125 0.64507384 0.36853177 0.64523738 0.37114857 0.59530591 0.37443342 0.59234897 0.37754088 0.53305514 0.37458310 0.52977104 0.37474664 0.52665052 0.36587495 0.51679751 0.36603853 0.51367620 0.35421062 0.50053997 0.35437420 0.49741865 0.33663077 0.47771343 0.33679432 0.47459291 0.31018004 0.44503392 0.31050712 0.43879288 0.30459240 0.43222393 0.30147189 0.43206039 0.29851491 0.42877633 0.29539359 0.42861275 0.29495442 0.42812500 0.26412667 0.42812500
0 0.19686435 0.42812500 0.19520356 0.42962019 0.18584201 0.42912957 0.18255791 0.43208735 0.17943659 0.43192377 0.17615253 0.43488074 0.17303202 0.43471721 0.16974716 0.43767414 0.16662664 0.43751060 0.16646306 0.44063192 0.16317901 0.44358890 0.15069614 0.44293470 0.14741208 0.44589168 0.14429076 0.44572809 0.14100671 0.44868507 0.13822637 0.50173707 0.13494227 0.50469484 0.13347033 0.53278110 0.20524703 0.53654276 0.20853108 0.53358578 0.24910021 0.53571192 0.25138993 0.49202147 0.25467478 0.48906454 0.25786849 0.42812500 0.19686435 0.42812500
