0 0.13969561 0.30533604 0.14183892 0.29800710 0.15233269 0.30042414 0.15800793 0.26066584 0.14903274 0.25664430 0.15159151 0.24550067 0.14109773 0.24308364 0.13072184 0.30131300 0.13969561 0.30533604
0 0.19384128 0.26500896 0.19280253 0.27454659 0.18361970 0.27243150 0.17684114 0.30998140 0.18450415 0.31370070 0.18367303 0.32133187 0.19527116 0.32595939 0.20543942 0.26963647 0.19384128 0.26500896
0 0.07120314 0.51444315 0.07507287 0.50360148 0.08535901 0.50792496 0.09220297 0.48212496 0.08322920 0.47810192 0.08641004 0.46123507 0.07481171 0.45660935 0.06091596 0.51011760 0.07120314 0.51444315
0 0.13701151 0.49048961 0.13272613 0.50514777 0.12395896 0.49921621 0.11690717 0.52692445 0.12588217 0.53094778 0.12180338 0.54369742 0.13167510 0.55183767 0.14688199 0.49862958 0.13701151 0.49048961
0 0.39991560 0.23487517 0.53667052 0.25854327 0.56812278 0.15112593 0.44872957 0.12929105 0.42659310 0.13090861 0.39991560 0.23487517
0 0.46127055 0.00000000 0.44043808 0.08095625 0.48327921 0.09207140 0.58135670 0.10374568 0.61199196 0.00000000 0.46127055 0.00000000
0 0.16331907 0.85992710 0.19427408 0.73795580 0.09457305 0.72479178 0.08084188 0.75761807 0.06239590 0.85190729 0.06533745 0.85617283 0.15376954 0.86682865 0.16331907 0.85992710
0 0.37064995 1.00000000 0.07886507 0.96570295 0.06251583 0.96793158 0.05661479 0.98444658 0.05594371 1.00000000 0.37064995 1.00000000
0 0.67690176 0.81143155 0.66483002 0.79565545 0.57731454 0.78114147 0.56591385 0.82080540 0.56782498 0.84605517 0.62609874 0.85879984 0.66722046 0.86050524 0.67690176 0.81143155
0 0.39843750 0.80638770 0.51839381 0.82106104 0.52696677 0.76000550 0.39843750 0.74221970 0.39843750 0.80638770
