0 0.48209533 0.41809910 0.44465731 0.44059284 0.47181620 0.43582252 0.48747083 0.42670539 0.48209533 0.41809910
0 0.70966685 0.00000000 0.69082410 0.02068000 0.84988583 0.16150443 0.85831863 0.15986527 0.96929119 0.03362284 0.93690985 0.00744076 0.89382741 0.05100384 0.87659467 0.04035574 0.91142242 0.00000000 0.70966685 0.00000000
0 0.92648432 0.35831726 0.91773710 0.36001755 0.86462770 0.42766925 0.86495327 0.42934415 0.88391277 0.44299608 0.88531772 0.44272299 0.92205502 0.43310841 0.96390612 0.38157286 0.96365777 0.38029522 0.92648432 0.35831726
0 0.27889703 0.69801727 0.24443292 0.67421078 0.23556809 0.68319024 0.27173043 0.70666035 0.27889703 0.69801727
0 0.34566053 0.70637478 0.31864473 0.68469299 0.28148843 0.72095369 0.31020216 0.74229747 0.34566053 0.70637478
0 0.18934855 0.89443693 0.17803127 0.91833753 0.18783759 0.92360192 0.18406495 0.93156769 0.19184490 0.93543092 0.18807257 0.94339833 0.19924677 0.94658587 0.22150328 0.90607642 0.18934855 0.89443693
0 0.10829830 0.89433534 0.11343882 0.88429272 0.10363250 0.87902833 0.08038457 0.91432322 0.09797083 0.92345083 0.11607824 0.89819856 0.10829830 0.89433534
0 0.15893404 0.93837490 0.10990147 0.91205654 0.10476095 0.92209916 0.15379512 0.94841720 0.15893404 0.93837490
0 0.37888522 0.96494562 0.36318226 0.98430732 0.38355102 0.98025262 0.39071920 0.97160922 0.37888522 0.96494562
0 0.22008421 0.98212596 0.18052761 0.95933151 0.17505736 0.96763692 0.21631158 0.99009174 0.22008421 0.98212596
0 0.50652735 0.81145481 0.46805118 0.84076177 0.47983842 0.85645400 0.51661667 0.82748504 0.50652735 0.81145481
0 0.99219468 1.00000000 0.98624570 0.89576226 0.93077413 0.89699438 0.92945228 0.91476051 0.93640005 1.00000000 0.99219468 1.00000000
