0 0.35000000 0.58757162 0.41421253 0.58869245 0.41739139 0.58562267 0.42988949 0.58584082 0.43130750 0.50460279 0.42823771 0.50142393 0.41573962 0.50120578 0.41266983 0.49802692 0.41294253 0.48240370 0.39732011 0.48213101 0.39424952 0.47895214 0.39457675 0.46020539 0.37895433 0.45993270 0.37588439 0.45675304 0.37615708 0.44113062 0.36678347 0.44096700 0.36371352 0.43778814 0.36058896 0.43773360 0.35751893 0.43455474 0.35773708 0.42205664 0.35000000 0.42192159 0.35000000 0.58757162
0 0.85787893 0.41828475 0.85470007 0.42135453 0.84220197 0.42113638 0.84122027 0.47737821 0.83486175 0.48351777 0.82548878 0.48335417 0.82532516 0.49272794 0.82214630 0.49579773 0.82149183 0.53329202 0.81831217 0.53636179 0.81524238 0.53318293 0.80274429 0.53296478 0.80176260 0.58920581 0.79858373 0.59227640 0.79820196 0.61414747 0.83882058 0.61485647 0.84189035 0.61803613 0.98874318 0.62059946 0.99337897 0.35501511 0.99030920 0.35183545 0.88095066 0.34992659 0.88062342 0.36867413 0.87744456 0.37174392 0.86182134 0.37147122 0.86176680 0.37459554 0.85858793 0.37766613 0.85787893 0.41828475
0 0.73954481 0.57249262 0.73976296 0.55999452 0.74294182 0.55692473 0.75543992 0.55714289 0.75603985 0.52277292 0.75921871 0.51970313 0.75954593 0.50095639 0.76272561 0.49788582 0.76584993 0.49794035 0.76902879 0.49487056 0.77527824 0.49497965 0.77625994 0.43873781 0.77943880 0.43566803 0.79506122 0.43594072 0.79587931 0.38907265 0.79905897 0.38600288 0.80530761 0.38611195 0.80848647 0.38304216 0.81473592 0.38315124 0.81533585 0.34878128 0.68410544 0.34649065 0.68083312 0.53396209 0.68390290 0.53714095 0.68281212 0.59963223 0.73592962 0.60055940 0.73636593 0.57556321 0.73954481 0.57249262
0 0.49269159 0.39003184 0.49241890 0.40565427 0.49548869 0.40883313 0.50486246 0.40899674 0.50793223 0.41217640 0.50765954 0.42779882 0.52640709 0.42812606 0.52947688 0.43130492 0.54509930 0.43157761 0.54559014 0.40345710 0.54876980 0.40038732 0.54975151 0.34414549 0.45601538 0.34250932 0.45563361 0.36438119 0.47125603 0.36465388 0.47432662 0.36783275 0.47399938 0.38658029 0.48962180 0.38685298 0.49269159 0.39003184
0 0.93652161 0.21025037 0.93334275 0.21332015 0.92084465 0.21310200 0.91766579 0.21617179 0.91684771 0.26303985 0.91366805 0.26610962 0.89804563 0.26583693 0.89700939 0.32520309 0.99074551 0.32683926 0.99118182 0.30184307 0.99436068 0.29877328 0.99768754 0.10817751 0.95706893 0.10746851 0.95603270 0.16683387 0.95285383 0.16990446 0.94035493 0.16968629 0.93986408 0.19780680 0.93668523 0.20087659 0.93652161 0.21025037
0 0.68803223 0.12152491 0.68841399 0.09965385 0.68534422 0.09647419 0.68599868 0.05897990 0.68292890 0.05580104 0.66730568 0.05552833 0.66266988 0.32111268 0.83139458 0.32405778 0.83457344 0.32098799 0.83522791 0.28349370 0.83840677 0.28042391 0.84465621 0.28053300 0.84783507 0.27746321 0.85408452 0.27757229 0.85435722 0.26194907 0.85128744 0.25877021 0.85172375 0.23377402 0.85490261 0.23070423 0.87052502 0.23097692 0.87079773 0.21535370 0.87397659 0.21228391 0.87446743 0.18416340 0.87764709 0.18109362 0.88389574 0.18120269 0.88707460 0.17813290 0.89332405 0.17824199 0.89419667 0.12824960 0.89737554 0.12517902 0.90987364 0.12539717 0.91118257 0.05040859 0.70808871 0.04686358 0.70710700 0.10310541 0.70392814 0.10617520 0.70365545 0.12179762 0.70047578 0.12486819 0.69110201 0.12470457 0.68803223 0.12152491
0 0.56581024 0.31942199 0.56799179 0.19444102 0.57117065 0.19137124 0.58366874 0.19158939 0.58684760 0.18851960 0.58997193 0.18857414 0.59304252 0.19175301 0.59097005 0.31048453 0.60971679 0.31081175 0.61440712 0.04210308 0.45818132 0.03937615 0.45649061 0.13623660 0.45956040 0.13941546 0.45650623 0.31438880 0.53149481 0.31569773 0.53456460 0.31887659 0.56581024 0.31942199
0 0.35000000 0.24689493 0.35766677 0.24702876 0.36073672 0.25020762 0.36051857 0.26270572 0.36358859 0.26588458 0.36353405 0.26900970 0.37603214 0.26922786 0.37910217 0.27240672 0.37899310 0.27865537 0.38206305 0.28183423 0.38189943 0.29120800 0.43501614 0.29213516 0.43730676 0.16090555 0.43423698 0.15772589 0.43625492 0.04211870 0.36126634 0.04080977 0.35819639 0.03763091 0.35000000 0.03748784 0.35000000 0.24689493
0 0.60561529 1.00000000 0.60398954 0.99831691 0.60437131 0.97644504 0.58874889 0.97617235 0.58557003 0.97924214 0.50745713 0.97787868 0.50427746 0.98094925 0.50115313 0.98089472 0.50081965 1.00000000 0.60561529 1.00000000
0 0.60497124 0.94207508 0.60589840 0.88895837 0.50903875 0.88726768 0.50838429 0.92476197 0.50520463 0.92783174 0.50493194 0.94345416 0.55180000 0.94427225 0.55497886 0.94120246 0.60497124 0.94207508
0 0.35000000 1.00000000 0.39455387 1.00000000 0.39464702 0.99466283 0.39782590 0.99159223 0.40407455 0.99170131 0.40725421 0.98863153 0.41037853 0.98868607 0.41076031 0.96681420 0.41393917 0.96374441 0.42956158 0.96401710 0.42972519 0.95464413 0.43290486 0.95157355 0.43301393 0.94532490 0.43619281 0.94225432 0.44869090 0.94247247 0.44901813 0.92372572 0.45219699 0.92065594 0.46782021 0.92092864 0.46798383 0.91155487 0.46491324 0.90837600 0.46502232 0.90212655 0.46820198 0.89905677 0.48382440 0.89932946 0.48426072 0.87433327 0.35000000 0.87198974 0.35000000 1.00000000
0 1.00000000 0.82082601 0.91653541 0.81936913 0.91419024 0.95372387 0.95168452 0.95437833 0.95475432 0.95755719 1.00000000 0.95834696 1.00000000 0.82082601
