0 0.15172781 0.05777005 0.06813146 0.05860633 0.06773729 0.11204337 0.15133052 0.11120688 0.15172781 0.05777005
0 0.33414750 0.07720798 0.21374225 0.07881284 0.21188193 0.10541663 0.33228718 0.10381177 0.33414750 0.07720798
0 0.21044130 0.41273036 0.10736176 0.40552234 0.10387394 0.45540054 0.20695348 0.46260857 0.21044130 0.41273036
0 0.70256642 0.39808562 0.69589610 0.40388405 0.69277891 0.40366607 0.68944369 0.40656608 0.68632571 0.40634805 0.68299054 0.40924727 0.67987335 0.40902929 0.67653739 0.41192845 0.67631936 0.41504643 0.67921937 0.41838165 0.67900140 0.42149884 0.68190061 0.42483400 0.68168264 0.42795119 0.68458179 0.43128715 0.68436382 0.43440434 0.68726383 0.43773956 0.68704580 0.44085755 0.69284422 0.44752787 0.69262625 0.45064506 0.69552546 0.45398022 0.69530743 0.45709821 0.69820665 0.46043337 0.69798867 0.46355056 0.70088862 0.46688658 0.70067065 0.47000377 0.70356986 0.47333893 0.70335189 0.47645612 0.70625110 0.47979128 0.70603307 0.48290927 0.70893308 0.48624448 0.70871511 0.48936167 0.71451348 0.49603280 0.71429550 0.49914999 0.71719472 0.50248515 0.72031190 0.50270313 0.72364787 0.49980397 0.72676505 0.50002194 0.73010022 0.49712273 0.73321820 0.49734076 0.73988858 0.49154153 0.74300577 0.49175951 0.74634094 0.48886030 0.74945892 0.48907833 0.75279408 0.48617912 0.75591128 0.48639709 0.75924729 0.48349713 0.76236448 0.48371511 0.76258245 0.48059792 0.75968324 0.47726276 0.75990122 0.47414557 0.75700120 0.47081035 0.75721923 0.46769237 0.75432002 0.46435720 0.75453800 0.46124002 0.75163884 0.45790405 0.75185682 0.45478687 0.74895680 0.45145165 0.74917478 0.44833446 0.74627557 0.44499929 0.74649360 0.44188131 0.74359438 0.43854614 0.74381236 0.43542896 0.74091320 0.43209300 0.74113117 0.42897581 0.73823196 0.42564064 0.73844994 0.42252346 0.73554993 0.41918824 0.73576796 0.41607025 0.73286874 0.41273509 0.73308672 0.40961790 0.73018756 0.40628194 0.73040554 0.40316475 0.72460631 0.39649437 0.72482429 0.39337718 0.72192513 0.39004122 0.71858991 0.39294123 0.71547273 0.39272326 0.71213676 0.39562241 0.70901957 0.39540444 0.70568441 0.39830365 0.70256642 0.39808562
0 0.77043006 0.36837197 0.76709484 0.37127198 0.76397685 0.37105395 0.76064169 0.37395316 0.75752450 0.37373518 0.75418854 0.37663434 0.75107135 0.37641637 0.74440102 0.38221479 0.74128384 0.38199682 0.73794782 0.38489677 0.73483063 0.38467880 0.73149547 0.38757801 0.73439468 0.39091318 0.73417665 0.39403116 0.73707586 0.39736633 0.73685789 0.40048351 0.73975790 0.40381873 0.73953993 0.40693592 0.74243908 0.41027188 0.74222111 0.41338907 0.74512032 0.41672423 0.74490229 0.41984222 0.74780150 0.42317738 0.74758353 0.42629457 0.75048274 0.42962973 0.75026477 0.43274692 0.75316472 0.43608294 0.75294675 0.43920012 0.75584596 0.44253529 0.75562793 0.44565328 0.76142715 0.45232366 0.76120918 0.45544085 0.76410839 0.45877601 0.76389036 0.46189399 0.76678957 0.46522916 0.76635357 0.47146433 0.76925278 0.47479950 0.76903481 0.47791668 0.77215199 0.47813466 0.77548795 0.47523550 0.77860514 0.47545348 0.78194031 0.47255426 0.78505829 0.47277229 0.78839351 0.46987228 0.79151070 0.47009026 0.79484586 0.46719104 0.79796305 0.46740902 0.80129901 0.46450986 0.80441620 0.46472784 0.81108738 0.45892867 0.81420457 0.45914664 0.81753973 0.45624743 0.82065692 0.45646541 0.82399208 0.45356619 0.82711007 0.45378422 0.83044523 0.45088501 0.83356242 0.45110298 0.83689844 0.44820303 0.83399843 0.44486781 0.83421640 0.44175062 0.83131724 0.43841466 0.83153522 0.43529747 0.82863601 0.43196231 0.82885398 0.42884512 0.82305481 0.42217394 0.82327279 0.41905675 0.82037357 0.41572159 0.82059161 0.41260361 0.81769239 0.40926844 0.81791037 0.40615125 0.81501115 0.40281609 0.81522913 0.39969890 0.81232918 0.39636288 0.81254715 0.39324570 0.80964793 0.38991053 0.80986597 0.38679255 0.80406674 0.38012217 0.80428472 0.37700498 0.80138550 0.37366982 0.80160353 0.37055183 0.79870432 0.36721667 0.79892230 0.36409948 0.79602314 0.36076352 0.79624112 0.35764633 0.79312392 0.35742835 0.78978797 0.36032751 0.78667078 0.36010953 0.77999960 0.36590870 0.77688241 0.36569073 0.77354725 0.36858994 0.77043006 0.36837197
0 0.67865194 0.33689317 0.67531672 0.33979318 0.67219953 0.33957520 0.66886437 0.34247442 0.66574638 0.34225639 0.66241122 0.34515560 0.65929403 0.34493762 0.65595807 0.34783678 0.65574010 0.35095397 0.65864005 0.35428999 0.65842208 0.35740717 0.66132129 0.36074234 0.66110326 0.36386032 0.66400247 0.36719549 0.66378450 0.37031267 0.66958372 0.37698306 0.66936569 0.38010104 0.67560007 0.38053699 0.67893528 0.37763698 0.68205327 0.37785501 0.68872360 0.37205659 0.69184158 0.37227462 0.69517675 0.36937541 0.69829393 0.36959338 0.70162910 0.36669417 0.70474629 0.36691214 0.70808230 0.36401219 0.71119949 0.36423016 0.71453466 0.36133095 0.71765264 0.36154898 0.71787062 0.35843179 0.71497066 0.35509578 0.71518864 0.35197859 0.71228942 0.34864342 0.71250740 0.34552623 0.70960818 0.34219107 0.70982622 0.33907308 0.70692621 0.33573787 0.70714418 0.33262068 0.70424502 0.32928472 0.70446300 0.32616753 0.70134581 0.32594955 0.69801065 0.32884877 0.69489346 0.32863079 0.69155744 0.33153075 0.68844025 0.33131277 0.68176913 0.33711114 0.67865194 0.33689317
0 0.72057303 0.23018229 0.71723781 0.23308230 0.71411983 0.23286427 0.71078466 0.23576349 0.70766748 0.23554551 0.70433231 0.23844472 0.70121513 0.23822675 0.69454394 0.24402592 0.69142676 0.24380794 0.68809079 0.24670710 0.68497361 0.24648913 0.68163844 0.24938834 0.67852126 0.24917036 0.68142047 0.25250553 0.68120244 0.25562351 0.68410165 0.25895868 0.68388368 0.26207586 0.68678283 0.26541182 0.68656486 0.26852901 0.68946487 0.27186423 0.68924689 0.27498142 0.69214611 0.27831658 0.69192808 0.28143457 0.69482729 0.28476973 0.69460932 0.28788692 0.69750927 0.29122294 0.69729129 0.29434013 0.70308972 0.30101045 0.70287175 0.30412764 0.70577090 0.30746360 0.70555293 0.31058079 0.70845214 0.31391595 0.70823411 0.31703394 0.71113412 0.32036916 0.71091615 0.32348635 0.71381536 0.32682151 0.71359738 0.32993870 0.71649654 0.33327466 0.71627857 0.33639185 0.71917858 0.33972707 0.71896055 0.34284505 0.72185976 0.34618022 0.72164178 0.34929740 0.72454100 0.35263257 0.72432303 0.35574976 0.72722218 0.35908572 0.72700421 0.36220290 0.73323938 0.36263891 0.73657454 0.35973970 0.73969173 0.35995767 0.74302775 0.35705772 0.74614494 0.35727569 0.74948010 0.35437648 0.75259729 0.35459445 0.75593245 0.35169524 0.75905044 0.35191327 0.76238560 0.34901406 0.76550279 0.34923203 0.76883875 0.34633287 0.77195594 0.34655085 0.77862632 0.34075163 0.78174351 0.34096960 0.78507947 0.33807044 0.78819666 0.33828842 0.79153188 0.33538841 0.79174985 0.33227122 0.78885064 0.32893606 0.78906861 0.32581887 0.78616940 0.32248371 0.78638743 0.31936572 0.78348742 0.31603050 0.78370540 0.31291331 0.78080624 0.30957735 0.78102421 0.30646016 0.77812500 0.30312500 0.77834297 0.30000781 0.77544376 0.29667265 0.77587977 0.29043748 0.77008060 0.28376629 0.77029857 0.28064911 0.76739936 0.27731394 0.76761734 0.27419675 0.76471812 0.27086159 0.76493615 0.26774361 0.76203614 0.26440839 0.76225412 0.26129120 0.75935496 0.25795524 0.75957293 0.25483805 0.75667372 0.25150288 0.75689170 0.24838570 0.75399248 0.24505053 0.75421052 0.24193255 0.75131130 0.23859738 0.75152928 0.23548020 0.74862932 0.23214418 0.74884730 0.22902699 0.74594808 0.22569183 0.74616606 0.22257464 0.74326685 0.21923948 0.73993088 0.22213863 0.73681370 0.22192066 0.73347853 0.22481987 0.73036134 0.22460190 0.72369022 0.23040027 0.72057303 0.23018229
0 1.00000000 0.15755254 0.99832560 0.15562612 0.99854358 0.15250893 0.99564362 0.14917291 0.99586159 0.14605572 0.99296238 0.14272056 0.99318036 0.13960337 0.99028114 0.13626821 0.99049918 0.13315023 0.98738198 0.13293225 0.98404677 0.13583226 0.98092878 0.13561423 0.97759362 0.13851344 0.97447643 0.13829547 0.97114047 0.14119462 0.96802328 0.14097665 0.96468812 0.14387586 0.96157093 0.14365789 0.95823577 0.14655710 0.95511778 0.14633907 0.95178256 0.14923908 0.94866537 0.14902111 0.94532941 0.15192026 0.94221222 0.15170229 0.94177622 0.15793746 0.94467543 0.16127263 0.94445746 0.16438981 0.94735747 0.16772503 0.94713949 0.17084222 0.95003865 0.17417818 0.94982067 0.17729537 0.95271989 0.18063053 0.95250186 0.18374852 0.95540187 0.18708374 0.95518389 0.19020093 0.96098232 0.19687125 0.96076429 0.19998924 0.96366350 0.20332440 0.96344553 0.20644159 0.96634468 0.20977755 0.96612671 0.21289474 0.96902672 0.21622996 0.96880874 0.21934715 0.97170796 0.22268231 0.97148992 0.22580030 0.97438914 0.22913546 0.97417116 0.23225265 0.97707112 0.23558867 0.97685314 0.23870585 0.97975236 0.24204102 0.97953438 0.24515820 0.98243360 0.24849337 0.98221557 0.25161135 0.98511478 0.25494652 0.98823197 0.25516449 0.99156793 0.25226533 0.99468512 0.25248331 0.99802033 0.24958330 1.00000000 0.24972173 1.00000000 0.15755254
0 0.42812500 1.00000000 0.42812500 0.96765914 0.42761809 0.96707601 0.42783612 0.96395803 0.42493611 0.96062281 0.42537212 0.95438763 0.42247291 0.95105247 0.42290886 0.94481809 0.42000964 0.94148293 0.42022767 0.93836494 0.41732846 0.93502978 0.41776447 0.92879461 0.41486525 0.92545944 0.41530120 0.91922507 0.41240119 0.91588985 0.41261922 0.91277186 0.40972001 0.90943670 0.41015602 0.90320153 0.40725680 0.89986636 0.40769275 0.89363198 0.40479274 0.89029677 0.40501077 0.88717878 0.40211156 0.88384362 0.40254756 0.87760844 0.39964835 0.87427328 0.40008430 0.86803890 0.39718509 0.86470374 0.39740312 0.86158575 0.39450391 0.85825059 0.39493991 0.85201542 0.39203990 0.84868020 0.39247585 0.84244582 0.38957664 0.83911066 0.38979467 0.83599267 0.38689546 0.83265751 0.38733146 0.82642233 0.38443145 0.82308712 0.38486740 0.81685274 0.38196819 0.81351757 0.38218622 0.81039959 0.37928700 0.80706443 0.37972301 0.80082925 0.37682380 0.79749409 0.37725975 0.79125971 0.37436053 0.78792455 0.37457857 0.78480656 0.37167855 0.78147134 0.37211456 0.77523617 0.36921535 0.77190101 0.36965130 0.76566663 0.36675208 0.76233147 0.36697012 0.75921348 0.36407010 0.75587826 0.35783573 0.75544231 0.35450056 0.75834152 0.34826539 0.75790552 0.34493017 0.76080553 0.33869500 0.76036952 0.33535983 0.76326874 0.32912546 0.76283279 0.32579029 0.76573200 0.31955512 0.76529599 0.31621996 0.76819521 0.31911917 0.77153037 0.31868316 0.77776555 0.32158238 0.78110071 0.32114637 0.78733588 0.32404638 0.79067110 0.32071042 0.79357026 0.31447604 0.79313431 0.31114008 0.79603347 0.30178852 0.79537954 0.29845330 0.79827955 0.29221812 0.79784355 0.28888296 0.80074276 0.27953060 0.80008878 0.27619544 0.80298799 0.27307825 0.80277002 0.27597741 0.80610598 0.27554146 0.81234036 0.27844067 0.81567552 0.27800466 0.82191069 0.27466950 0.82480991 0.26843432 0.82437390 0.26509916 0.82727311 0.25886399 0.82683711 0.25552877 0.82973712 0.24929439 0.82930117 0.24595923 0.83220038 0.24885844 0.83553554 0.24842249 0.84176992 0.25132165 0.84510588 0.25066767 0.85445824 0.24733251 0.85735746 0.24109733 0.85692145 0.23776217 0.85982067 0.23464498 0.85960269 0.23130902 0.86250185 0.22507464 0.86206590 0.22173948 0.86496511 0.21550430 0.86452910 0.21216908 0.86742912 0.20593391 0.86699311 0.20259875 0.86989232 0.19636437 0.86945637 0.19302921 0.87235558 0.18679403 0.87191958 0.18345882 0.87481959 0.17722364 0.87438358 0.17388848 0.87728280 0.17077129 0.87706482 0.17033534 0.88329920 0.17323455 0.88663436 0.17279855 0.89286954 0.17569776 0.89620470 0.17547973 0.89932269 0.17837894 0.90265785 0.17794299 0.90889222 0.18084300 0.91222744 0.18040700 0.91846262 0.18330621 0.92179778 0.18287021 0.92803296 0.18576942 0.93136812 0.18533347 0.93760250 0.18823342 0.94093851 0.18801545 0.94405570 0.19091466 0.94739087 0.19047866 0.95362604 0.19337787 0.95696120 0.19294192 0.96319558 0.19584108 0.96653154 0.19540513 0.97276592 0.19830428 0.97610188 0.19786833 0.98233625 0.20076834 0.98567147 0.20033234 0.99190665 0.20323155 0.99524181 0.20301358 0.99835900 0.20443971 1.00000000 0.42812500 1.00000000
0 0.01011852 0.56875000 0.00733621 0.57116862 0.00110104 0.57073262 0.00000000 0.57168973 0.00000000 0.94657133 0.00299945 0.94678107 0.00633461 0.94388186 0.01256978 0.94431787 0.01590495 0.94141866 0.02213932 0.94185461 0.02547449 0.93895539 0.02257533 0.93561943 0.02322931 0.92626707 0.02033010 0.92293191 0.02054807 0.91981472 0.02388323 0.91691551 0.03011841 0.91735151 0.03345357 0.91445230 0.03657076 0.91467027 0.03990678 0.91177032 0.04614115 0.91220627 0.04947632 0.90930705 0.05571149 0.90974306 0.05904665 0.90684385 0.06216384 0.90706182 0.06549986 0.90416187 0.06861705 0.90437984 0.06927097 0.89502828 0.06637176 0.89169311 0.06702574 0.88234075 0.07036096 0.87944074 0.07971253 0.88009467 0.08304848 0.87719551 0.08928286 0.87763146 0.09261882 0.87473230 0.09885320 0.87516825 0.10218836 0.87226904 0.11154073 0.87292302 0.11197673 0.86668784 0.10907752 0.86335268 0.10929549 0.86023549 0.10639554 0.85689947 0.10683149 0.85066510 0.10393227 0.84732994 0.10436828 0.84109476 0.10146907 0.83775960 0.10190507 0.83152442 0.09900586 0.82818926 0.09944181 0.82195488 0.09654260 0.81861972 0.09676063 0.81550173 0.09386062 0.81216652 0.09429662 0.80593134 0.09139741 0.80259618 0.09183336 0.79636180 0.08893415 0.79302664 0.08937015 0.78679147 0.08647014 0.78345625 0.08668817 0.78033826 0.08378896 0.77700310 0.08422491 0.77076872 0.08132569 0.76743356 0.08176170 0.76119838 0.07886249 0.75786322 0.07929849 0.75162805 0.07639928 0.74829288 0.07683523 0.74205851 0.07393527 0.73872249 0.07415325 0.73560530 0.07125404 0.73227014 0.07169004 0.72603496 0.06879083 0.72269980 0.06922678 0.71646542 0.06632683 0.71312941 0.06676277 0.70689503 0.06386362 0.70355907 0.06408159 0.70044188 0.06118238 0.69710672 0.06161833 0.69087234 0.05871917 0.68753638 0.05915512 0.68130200 0.05625597 0.67796604 0.05669192 0.67173167 0.05379190 0.66839645 0.05400988 0.66527926 0.05111072 0.66194330 0.05154667 0.65570892 0.04864752 0.65237296 0.04908347 0.64613858 0.04618345 0.64280337 0.04661946 0.63656819 0.04372025 0.63323303 0.04393822 0.63011584 0.04103906 0.62677988 0.04147501 0.62054550 0.03857580 0.61721034 0.03901181 0.61097517 0.03611259 0.60764000 0.03654860 0.60140483 0.03364859 0.59806961 0.03386656 0.59495242 0.03096735 0.59161726 0.03140336 0.58538208 0.02850414 0.58204692 0.02894015 0.57581175 0.02604014 0.57247653 0.02630072 0.56875000 0.01011852 0.56875000
0 1.00000000 1.00000000 1.00000000 0.71091060 0.99806641 0.71077539 0.99516719 0.70744023 0.99603915 0.69497068 0.86199128 0.68559714 0.85909127 0.68226192 0.68451756 0.67005454 0.68161835 0.66671937 0.64420970 0.66410351 0.63701608 0.76697710 0.66819035 0.76915702 0.67108956 0.77249218 0.69291148 0.77401812 0.69581063 0.77735408 0.69363077 0.80852756 0.69029561 0.81142677 0.68833372 0.83948306 0.68499850 0.84238307 0.62888513 0.83845924 0.61929361 0.97562430 0.71905002 0.98259994 0.72238518 0.97970073 0.73797192 0.98079066 0.73862590 0.97143830 0.74196192 0.96853834 0.97576619 0.98488753 0.97866535 0.98822349 0.97784185 1.00000000 1.00000000 1.00000000
0 0.42812500 0.92779734 0.48140926 0.93152334 0.48206324 0.92217098 0.48873357 0.91637255 0.60407751 0.92443819 0.60117750 0.92110297 0.60553733 0.85875442 0.60263812 0.85541925 0.60372805 0.83983252 0.58190614 0.83830658 0.57900692 0.83497142 0.55095063 0.83300953 0.54805068 0.82967351 0.54935858 0.81096958 0.54645937 0.80763442 0.54951124 0.76399060 0.55284641 0.76109138 0.60895978 0.76501521 0.61549942 0.67149398 0.61883464 0.66859397 0.62014255 0.64989004 0.50168222 0.64160649 0.49878301 0.63827133 0.49987299 0.62268379 0.42812500 0.61766668 0.42812500 0.92779734
