0 0.15826922 0.10117253 0.13100830 0.09080804 0.12788062 0.10596349 0.15514167 0.11632993 0.15826922 0.10117253
0 0.16372350 0.07936585 0.13064787 0.06572715 0.12657401 0.08731621 0.15964964 0.10095490 0.16372350 0.07936585
0 0.17862301 0.11262795 0.16422901 0.10651736 0.16095624 0.11960219 0.17535024 0.12571277 0.17862301 0.11262795
0 0.12562784 0.09374980 0.11981327 0.09047754 0.11777569 0.10127217 0.12359169 0.10454617 0.12562784 0.09374980
0 0.24666137 0.97067312 0.24551585 0.97389286 0.24423616 0.97419908 0.24309100 0.97741949 0.24053161 0.97803192 0.23938610 0.98125167 0.23810640 0.98155789 0.26370191 0.97543317 0.26228771 0.97282594 0.26201867 0.96699829 0.26060448 0.96439105 0.26046994 0.96147685 0.25905542 0.95886970 0.25649604 0.95948213 0.25535052 0.96270187 0.25407082 0.96300809 0.25292567 0.96622851 0.25036628 0.96684094 0.24922076 0.97006068 0.24666137 0.97067312
0 0.14579608 1.00000000 0.14555905 0.99486576 0.14414486 0.99225852 0.14401032 0.98934432 0.14259580 0.98673717 0.14232680 0.98091026 0.14091260 0.97830303 0.14064357 0.97247538 0.13922937 0.96986814 0.13909483 0.96695395 0.13768064 0.96434671 0.13741164 0.95851980 0.13599744 0.95591257 0.13572841 0.95008492 0.13431388 0.94747776 0.13417935 0.94456357 0.13276515 0.94195633 0.13249615 0.93612943 0.13108196 0.93352219 0.13081292 0.92769454 0.12939840 0.92508738 0.12912936 0.91925973 0.12771517 0.91665250 0.12758067 0.91373904 0.12616647 0.91113181 0.12589743 0.90530416 0.12448324 0.90269692 0.12421420 0.89686927 0.12280001 0.89426204 0.12266551 0.89134859 0.12010579 0.89196110 0.11896060 0.89518077 0.11768058 0.89548706 0.11653539 0.89870673 0.11397600 0.89931916 0.11283081 0.90253883 0.11027110 0.90315134 0.10885690 0.90054410 0.10845340 0.89180375 0.10703884 0.88919584 0.10676984 0.88336894 0.10421045 0.88398137 0.10306526 0.88720104 0.10178557 0.88750726 0.10064005 0.89072700 0.09808066 0.89133944 0.09693518 0.89455993 0.09437579 0.89517236 0.09323060 0.89839203 0.09067088 0.89900454 0.08952569 0.90222421 0.08824600 0.90253042 0.08710048 0.90575017 0.08454109 0.90636260 0.08339590 0.90958227 0.08083619 0.91019478 0.07969103 0.91341519 0.07713131 0.91402771 0.07598612 0.91724737 0.07470643 0.91755359 0.07356124 0.92077325 0.07100152 0.92138577 0.06985636 0.92460618 0.06729665 0.92521869 0.06615146 0.92843836 0.06359207 0.92905079 0.06244688 0.93227046 0.06116686 0.93257676 0.06002167 0.93579642 0.05746195 0.93640893 0.05631676 0.93962860 0.05375737 0.94024104 0.05261221 0.94346145 0.05005250 0.94407396 0.04890731 0.94729363 0.04762729 0.94759992 0.04648216 0.95081957 0.04392264 0.95143204 0.04277739 0.95465247 0.04021784 0.95526495 0.03907258 0.95848463 0.03779279 0.95879087 0.03792729 0.96170432 0.03934158 0.96431154 0.03947608 0.96722498 0.04089038 0.96983295 0.04115938 0.97565986 0.04257367 0.97826782 0.04284268 0.98409472 0.04425697 0.98670194 0.04439147 0.98961539 0.04580580 0.99222335 0.04607480 0.99805025 0.04713215 1.00000000 0.14579608 1.00000000
0 0.22269142 0.84384692 0.22154623 0.84706658 0.21898652 0.84767909 0.21784133 0.85089876 0.21656163 0.85120498 0.21541644 0.85442464 0.21285673 0.85503715 0.21171157 0.85825757 0.21043188 0.85856379 0.20928636 0.86178354 0.20672697 0.86239596 0.20558178 0.86561563 0.20430208 0.86592185 0.20315660 0.86914234 0.20059721 0.86975477 0.19945169 0.87297452 0.19817200 0.87328073 0.19702681 0.87650040 0.19446742 0.87711284 0.19332190 0.88033258 0.19076251 0.88094501 0.18961699 0.88416476 0.18833730 0.88447098 0.18719214 0.88769139 0.18463276 0.88830382 0.18348724 0.89152357 0.18220754 0.89182979 0.18106235 0.89504946 0.17850264 0.89566197 0.17735748 0.89888238 0.17607779 0.89918860 0.17493259 0.90240826 0.17237288 0.90302078 0.17122769 0.90624044 0.16994767 0.90654674 0.16880247 0.90976640 0.16624309 0.91037884 0.16509790 0.91359851 0.16381788 0.91390480 0.16267272 0.91712521 0.16011300 0.91773772 0.15896781 0.92095739 0.15768812 0.92126361 0.15654293 0.92448328 0.15681196 0.93031093 0.15822616 0.93291816 0.15836066 0.93583161 0.15977485 0.93843885 0.16004389 0.94426650 0.16145808 0.94687373 0.16159262 0.94978793 0.16300714 0.95239509 0.16327614 0.95822199 0.16469034 0.96082923 0.16495937 0.96665688 0.16637357 0.96926412 0.16650811 0.97217831 0.16792263 0.97478547 0.16819163 0.98061237 0.16960582 0.98321961 0.16974036 0.98613381 0.17115455 0.98874104 0.17142359 0.99456869 0.17283779 0.99717593 0.22146941 0.98553893 0.22261460 0.98231926 0.22517399 0.98170683 0.22631947 0.97848634 0.22759916 0.97818012 0.22874436 0.97496046 0.23130407 0.97434794 0.23244926 0.97112828 0.23372896 0.97082206 0.23487411 0.96760165 0.23743383 0.96698914 0.23857902 0.96376947 0.23985904 0.96346317 0.24100423 0.96024350 0.24356362 0.95963107 0.24470881 0.95641140 0.24598883 0.95610511 0.24713402 0.95288544 0.24969374 0.95227293 0.25083890 0.94905252 0.25211859 0.94874630 0.25326378 0.94552663 0.25582349 0.94491412 0.25568899 0.94200067 0.25427444 0.93939277 0.25400544 0.93356587 0.25259124 0.93095863 0.25232220 0.92513098 0.25090801 0.92252374 0.25077351 0.91961029 0.24935928 0.91700231 0.24909028 0.91117541 0.24767608 0.90856817 0.24754158 0.90565472 0.24612702 0.90304681 0.24585802 0.89721991 0.24444379 0.89461193 0.24417479 0.88878503 0.24276060 0.88617779 0.24262610 0.88326434 0.24121154 0.88065644 0.24094254 0.87482953 0.23952831 0.87222155 0.23939381 0.86930810 0.23797961 0.86670086 0.23771061 0.86087396 0.23629638 0.85826598 0.23602738 0.85243907 0.23461315 0.84983109 0.23447865 0.84691764 0.23306413 0.84431048 0.23279512 0.83848358 0.23138089 0.83587560 0.23124639 0.83296214 0.23010120 0.83618181 0.22882118 0.83648811 0.22767602 0.83970852 0.22511664 0.84032095 0.22397145 0.84354062 0.22269142 0.84384692
0 0.32942708 0.79179404 0.32898196 0.79190056 0.32783677 0.79512022 0.32655707 0.79542644 0.32541188 0.79864611 0.32285217 0.79925862 0.32170698 0.80247829 0.32042696 0.80278458 0.31928176 0.80600425 0.31672238 0.80661668 0.31557722 0.80983709 0.31429720 0.81014339 0.31315201 0.81336306 0.31059229 0.81397557 0.30944710 0.81719523 0.30816741 0.81750145 0.30702225 0.82072187 0.30446253 0.82133438 0.30331734 0.82455404 0.30075763 0.82516655 0.29961244 0.82838622 0.29833274 0.82869244 0.29718755 0.83191211 0.29462784 0.83252462 0.29348264 0.83574429 0.29220295 0.83605050 0.29105746 0.83927100 0.28849808 0.83988343 0.28735289 0.84310309 0.28607319 0.84340931 0.28492767 0.84662906 0.28236829 0.84724149 0.28122280 0.85046198 0.27994311 0.85076820 0.27879792 0.85398786 0.27623853 0.85460030 0.27509301 0.85782004 0.27253363 0.85843247 0.27138810 0.86165222 0.27010841 0.86195844 0.26896322 0.86517811 0.26909775 0.86809230 0.27051195 0.87069954 0.27078099 0.87652719 0.27219518 0.87913443 0.27232968 0.88204788 0.27374420 0.88465504 0.27401324 0.89048269 0.27542743 0.89308992 0.27569647 0.89891757 0.27711067 0.90152481 0.27737967 0.90735171 0.27879419 0.90995887 0.27892873 0.91287306 0.28034292 0.91548030 0.28061196 0.92130795 0.28202615 0.92391519 0.28229515 0.92974209 0.28370935 0.93234933 0.28397839 0.93817697 0.28539258 0.94078421 0.28552712 0.94369841 0.28694164 0.94630557 0.28721064 0.95213247 0.28862483 0.95473971 0.28889387 0.96056736 0.29030807 0.96317459 0.29044260 0.96608879 0.29185712 0.96869595 0.30465471 0.96563363 0.30579990 0.96241396 0.30835962 0.96180145 0.30950478 0.95858104 0.31078447 0.95827482 0.31192999 0.95505507 0.31448938 0.95444264 0.31563457 0.95122297 0.31819428 0.95061046 0.31933944 0.94739005 0.32061913 0.94708383 0.32176465 0.94386409 0.32432404 0.94325165 0.32546923 0.94003199 0.32802894 0.93941947 0.32917414 0.93619981 0.32942708 0.93613928 0.32942708 0.79179404
0 0.14564362 0.74445058 0.14449843 0.74767025 0.14321874 0.74797647 0.14207322 0.75119621 0.13951383 0.75180864 0.13836864 0.75502831 0.13708894 0.75533453 0.13749248 0.76407563 0.13890671 0.76668361 0.13904121 0.76959706 0.14032091 0.76929085 0.14146610 0.76607118 0.14274579 0.76576496 0.14389128 0.76254447 0.14645066 0.76193204 0.14759618 0.75871229 0.14887588 0.75840608 0.15002107 0.75518641 0.15258046 0.75457398 0.15372594 0.75135348 0.15500563 0.75104727 0.15615083 0.74782760 0.15743085 0.74752130 0.15729635 0.74460785 0.15588182 0.74200070 0.15561279 0.73617304 0.15419859 0.73356581 0.15305340 0.73678548 0.15049368 0.73739799 0.14934853 0.74061840 0.14806883 0.74092462 0.14692364 0.74414429 0.14564362 0.74445058
0 0.19104295 0.71885734 0.18989780 0.72207776 0.18861810 0.72238397 0.18747291 0.72560364 0.18491320 0.72621615 0.18376800 0.72943582 0.18248798 0.72974211 0.18134283 0.73296253 0.17878344 0.73357496 0.17763825 0.73679463 0.17635823 0.73710092 0.17521303 0.74032059 0.17265332 0.74093310 0.17150813 0.74415277 0.16894874 0.74476520 0.16780355 0.74798487 0.16652353 0.74829116 0.16537837 0.75151158 0.16281866 0.75212409 0.16167346 0.75534376 0.16039377 0.75564997 0.15924858 0.75886964 0.15668886 0.75948215 0.15554371 0.76270257 0.15426401 0.76300878 0.15311849 0.76622853 0.15055911 0.76684096 0.14941392 0.77006063 0.14685420 0.77067314 0.14570901 0.77389281 0.14442932 0.77419902 0.14328380 0.77741877 0.14072441 0.77803121 0.13957925 0.78125162 0.13829956 0.78155783 0.13715404 0.78477758 0.13459465 0.78539001 0.13344913 0.78860976 0.13216944 0.78891597 0.13102428 0.79213639 0.12846489 0.79274882 0.12873390 0.79857573 0.13014809 0.80118296 0.13041713 0.80701061 0.13183132 0.80961785 0.13196582 0.81253130 0.13338005 0.81513928 0.13364906 0.82096618 0.13506325 0.82357342 0.13533229 0.82940107 0.13674681 0.83200823 0.13688131 0.83492168 0.13829554 0.83752966 0.13856454 0.84335656 0.13997874 0.84596380 0.14024777 0.85179145 0.14166229 0.85439861 0.14179680 0.85731206 0.14321102 0.85992004 0.14348003 0.86574695 0.14489422 0.86835418 0.14502872 0.87126763 0.14644295 0.87387561 0.14671195 0.87970252 0.14812618 0.88231050 0.14839519 0.88813740 0.14980971 0.89074456 0.14994421 0.89365801 0.15135844 0.89626599 0.15162744 0.90209290 0.15304167 0.90470088 0.15317617 0.90761433 0.15445619 0.90730804 0.15560138 0.90408837 0.15688108 0.90378215 0.15802623 0.90056174 0.16058595 0.89994923 0.16173114 0.89672956 0.16301083 0.89642334 0.16415635 0.89320360 0.16671574 0.89259116 0.16786090 0.88937075 0.16914059 0.88906453 0.17028611 0.88584479 0.17284550 0.88523236 0.17399102 0.88201261 0.17527071 0.88170639 0.17641590 0.87848673 0.17897529 0.87787429 0.18012081 0.87465454 0.18140050 0.87434833 0.18254566 0.87112792 0.18510537 0.87051541 0.18625057 0.86729574 0.18880995 0.86668330 0.18995547 0.86346356 0.19123517 0.86315734 0.19238032 0.85993693 0.19494004 0.85932442 0.19608523 0.85610475 0.19736492 0.85579854 0.19851011 0.85257887 0.20106983 0.85196635 0.20221502 0.84874669 0.20349504 0.84844039 0.20464023 0.84522072 0.20719962 0.84460829 0.20834478 0.84138788 0.20962480 0.84108158 0.21076999 0.83786191 0.21332970 0.83724940 0.21447490 0.83402974 0.21575459 0.83372352 0.21689975 0.83050311 0.21945946 0.82989060 0.22060465 0.82667093 0.22316437 0.82605842 0.22430956 0.82283875 0.22558925 0.82253253 0.22673445 0.81931287 0.22801414 0.81900665 0.22774510 0.81317900 0.22633091 0.81057176 0.22619641 0.80765831 0.22478218 0.80505033 0.22451318 0.79922343 0.22309898 0.79661619 0.22296448 0.79370274 0.22155025 0.79109476 0.22128125 0.78526785 0.21986669 0.78265995 0.21973219 0.77974650 0.21831800 0.77713926 0.21804899 0.77131236 0.21663477 0.76870438 0.21650026 0.76579093 0.21508574 0.76318377 0.21481671 0.75735612 0.21340251 0.75474888 0.21313351 0.74892198 0.21171928 0.74631400 0.21158478 0.74340055 0.21017058 0.74079331 0.20990155 0.73496566 0.20848735 0.73235842 0.20835285 0.72944497 0.20693833 0.72683782 0.20666929 0.72101016 0.20525510 0.71840293 0.20512056 0.71548873 0.20370637 0.71288150 0.20343737 0.70705459 0.20087765 0.70766710 0.19973246 0.71088677 0.19845277 0.71119299 0.19730757 0.71441265 0.19474786 0.71502517 0.19360267 0.71824483 0.19104295 0.71885734
0 0.17514765 0.71087837 0.17400245 0.71409803 0.17272276 0.71440425 0.17157724 0.71762399 0.16901786 0.71823643 0.16787266 0.72145610 0.16659297 0.72176231 0.16544745 0.72498206 0.16558199 0.72789626 0.16699651 0.73050341 0.16726554 0.73633106 0.16982493 0.73571863 0.17097009 0.73249822 0.17224978 0.73219200 0.17339530 0.72897225 0.17595469 0.72835982 0.17710021 0.72514008 0.17837990 0.72483386 0.17952506 0.72161344 0.18208445 0.72100101 0.18322996 0.71778127 0.18450966 0.71747505 0.18565485 0.71425538 0.18693487 0.71394909 0.18680037 0.71103564 0.18538585 0.70842848 0.18498231 0.69968738 0.18370262 0.69999359 0.18255742 0.70321326 0.18127740 0.70351956 0.18013221 0.70673922 0.17885252 0.70704544 0.17770736 0.71026585 0.17514765 0.71087837
0 0.32942708 0.71275125 0.32918960 0.71231341 0.32892056 0.70648576 0.32750636 0.70387852 0.32737186 0.70096507 0.32595734 0.69835791 0.32568830 0.69253026 0.32427411 0.68992303 0.32413957 0.68700883 0.32272538 0.68440159 0.32245638 0.67857469 0.32104218 0.67596745 0.32090765 0.67305325 0.31949345 0.67044602 0.31922442 0.66461837 0.31780989 0.66201121 0.31767539 0.65909776 0.31626120 0.65649053 0.31599216 0.65066287 0.31215275 0.65158160 0.31100760 0.65480202 0.30844821 0.65541445 0.30730269 0.65863419 0.30602299 0.65894041 0.30487780 0.66216008 0.30231809 0.66277259 0.30117290 0.66599226 0.29989320 0.66629847 0.29874801 0.66951814 0.29618830 0.67013065 0.29504314 0.67335106 0.29376312 0.67365736 0.29261793 0.67687703 0.29005854 0.67748946 0.28891335 0.68070913 0.28763333 0.68101542 0.28648817 0.68423584 0.28392846 0.68484835 0.28278326 0.68806802 0.28150357 0.68837423 0.28035838 0.69159390 0.27779866 0.69220641 0.27665347 0.69542608 0.27537378 0.69573229 0.27422826 0.69895204 0.27166887 0.69956447 0.27052371 0.70278489 0.26796400 0.70339740 0.26681881 0.70661706 0.26553911 0.70692328 0.26439360 0.71014303 0.26183421 0.71075546 0.26068905 0.71397588 0.25940936 0.71428209 0.25826384 0.71750184 0.25570445 0.71811427 0.25455893 0.72133402 0.25327924 0.72164023 0.25213405 0.72485990 0.24957466 0.72547233 0.24842914 0.72869208 0.24714945 0.72899830 0.24600429 0.73221871 0.24344458 0.73283122 0.24229938 0.73605089 0.24101969 0.73635710 0.24142323 0.74509821 0.24283742 0.74770544 0.24297192 0.75061889 0.24438612 0.75322613 0.24465515 0.75905378 0.24606935 0.76166101 0.24620388 0.76457521 0.24761841 0.76718237 0.24775291 0.77009582 0.24916710 0.77270306 0.24943614 0.77853071 0.25085033 0.78113794 0.25098484 0.78405139 0.25239939 0.78665930 0.25266839 0.79248620 0.25408259 0.79509344 0.25421709 0.79800689 0.25563132 0.80061487 0.25590032 0.80644177 0.25731455 0.80904976 0.25744905 0.81196321 0.25886324 0.81457044 0.25913225 0.82039735 0.26054680 0.82300525 0.26068131 0.82591870 0.26209550 0.82852594 0.26236454 0.83435359 0.26377873 0.83696082 0.26391323 0.83987428 0.26532776 0.84248143 0.26546229 0.84539563 0.26687648 0.84800287 0.26802168 0.84478320 0.26930137 0.84447698 0.27044653 0.84125657 0.27300624 0.84064406 0.27415143 0.83742439 0.27671115 0.83681188 0.27785634 0.83359221 0.27913603 0.83328599 0.28028123 0.83006633 0.28284094 0.82945381 0.28398613 0.82623415 0.28654585 0.82562164 0.28769100 0.82240122 0.28897070 0.82209501 0.29011589 0.81887534 0.29267560 0.81826283 0.29382079 0.81504316 0.29638051 0.81443065 0.29752567 0.81121023 0.29880536 0.81090402 0.29995055 0.80768435 0.30251027 0.80707184 0.30365546 0.80385217 0.30621517 0.80323966 0.30736036 0.80001999 0.30864006 0.79971378 0.30978525 0.79649411 0.31234496 0.79588160 0.31349012 0.79266119 0.31604984 0.79204868 0.31719503 0.78882901 0.31847472 0.78852279 0.31961991 0.78530312 0.32217963 0.78469061 0.32332479 0.78147020 0.32588450 0.78085769 0.32702969 0.77763802 0.32830939 0.77733180 0.32942708 0.77418944 0.32942708 0.71275125
0 0.17036666 0.69140144 0.16922147 0.69462111 0.16666208 0.69523354 0.16551689 0.69845320 0.16423687 0.69875950 0.16309168 0.70197917 0.16181199 0.70228538 0.16066650 0.70550588 0.16208102 0.70811304 0.16221552 0.71102649 0.16362975 0.71363447 0.16376425 0.71654792 0.16632397 0.71593541 0.16746916 0.71271574 0.16874885 0.71240952 0.16989401 0.70918911 0.17245372 0.70857660 0.17359892 0.70535693 0.17487861 0.70505071 0.17602413 0.70183097 0.17730382 0.70152475 0.17844898 0.69830434 0.18100837 0.69769191 0.18215389 0.69447216 0.18188488 0.68864525 0.18047036 0.68603810 0.18020133 0.68021045 0.17764194 0.68082288 0.17649675 0.68404255 0.17521705 0.68434877 0.17407157 0.68756926 0.17279188 0.68787547 0.17164668 0.69109514 0.17036666 0.69140144
0 0.27821393 0.53303211 0.27706845 0.53625261 0.27450906 0.53686504 0.27336387 0.54008471 0.27080415 0.54069721 0.26965896 0.54391688 0.26837927 0.54422310 0.26723378 0.54744359 0.26467440 0.54805602 0.26352920 0.55127569 0.26096949 0.55188820 0.25982430 0.55510787 0.25854461 0.55541409 0.25739909 0.55863383 0.25483970 0.55924627 0.25369451 0.56246594 0.25113479 0.56307845 0.24998964 0.56629886 0.24870994 0.56660507 0.24756442 0.56982482 0.24500504 0.57043725 0.24385984 0.57365692 0.24130013 0.57426943 0.24015497 0.57748985 0.23887528 0.57779606 0.23772976 0.58101581 0.23517037 0.58162824 0.23402518 0.58484791 0.23274549 0.58515412 0.23159997 0.58837387 0.22904058 0.58898630 0.22789506 0.59220605 0.22533567 0.59281848 0.22419052 0.59603890 0.22291082 0.59634511 0.22176530 0.59956486 0.21920592 0.60017729 0.21806040 0.60339704 0.21550101 0.60400947 0.21435585 0.60722988 0.21307616 0.60753610 0.21193064 0.61075585 0.21334516 0.61336300 0.21361417 0.61918991 0.21502839 0.62179789 0.21516289 0.62471134 0.21657709 0.62731857 0.21684613 0.63314622 0.21826032 0.63575346 0.21852932 0.64158037 0.21994355 0.64418835 0.22007805 0.64710180 0.22149257 0.64970896 0.22176161 0.65553660 0.22317581 0.65814384 0.22344481 0.66397074 0.22485904 0.66657873 0.22499354 0.66949218 0.22640806 0.67209933 0.22667710 0.67792699 0.22809129 0.68053422 0.22836029 0.68636113 0.22977452 0.68896911 0.22990902 0.69188256 0.23132322 0.69448979 0.23159226 0.70031744 0.23300645 0.70292468 0.23327545 0.70875158 0.23469001 0.71135949 0.23482451 0.71427294 0.23623870 0.71688017 0.23650774 0.72270782 0.23906746 0.72209531 0.24021265 0.71887565 0.24277203 0.71826321 0.24391719 0.71504280 0.24519721 0.71473650 0.24634240 0.71151684 0.24890212 0.71090433 0.25004731 0.70768466 0.25132700 0.70737844 0.25247216 0.70415803 0.25503188 0.70354552 0.25617707 0.70032585 0.25745676 0.70001963 0.25860228 0.69679989 0.26116167 0.69618746 0.26230686 0.69296779 0.26358655 0.69266157 0.26473207 0.68944182 0.26729146 0.68882939 0.26843695 0.68560890 0.26971664 0.68530268 0.27086183 0.68208302 0.27342122 0.68147058 0.27456674 0.67825084 0.27584643 0.67794462 0.27699159 0.67472421 0.27827161 0.67441791 0.27941680 0.67119825 0.28197619 0.67058581 0.28312138 0.66736614 0.28440140 0.66705985 0.28554659 0.66384018 0.28810631 0.66322767 0.28925150 0.66000800 0.29053119 0.65970179 0.29167635 0.65648137 0.29423606 0.65586886 0.29538126 0.65264920 0.29666095 0.65234298 0.29780647 0.64912323 0.30036586 0.64851080 0.30151101 0.64529038 0.30279071 0.64498417 0.30393623 0.64176442 0.30649561 0.64115199 0.30764113 0.63793224 0.30892083 0.63762603 0.31006602 0.63440636 0.31134571 0.63410014 0.31094217 0.62535904 0.30952798 0.62275181 0.30939344 0.61983761 0.30797925 0.61723037 0.30771025 0.61140347 0.30629605 0.60879623 0.30602702 0.60296858 0.30461249 0.60036143 0.30447796 0.59744723 0.30306376 0.59483999 0.30279476 0.58901309 0.30138057 0.58640585 0.30111153 0.58057820 0.29969701 0.57797104 0.29956247 0.57505685 0.29814828 0.57244961 0.29787927 0.56662271 0.29646508 0.56401547 0.29619604 0.55818782 0.29478185 0.55558059 0.29464731 0.55266639 0.29323312 0.55005915 0.29296412 0.54423225 0.29154960 0.54162509 0.29128056 0.53579744 0.28986636 0.53319021 0.28973183 0.53027601 0.28831763 0.52766877 0.28804863 0.52184187 0.28690311 0.52506162 0.28434372 0.52567405 0.28319853 0.52889372 0.28063882 0.52950623 0.27949363 0.53272589 0.27821393 0.53303211
0 0.26528557 0.47720998 0.26414005 0.48042972 0.26286036 0.48073594 0.26171516 0.48395561 0.26043547 0.48426182 0.25929028 0.48748149 0.25673057 0.48809400 0.25558537 0.49131367 0.25430535 0.49161996 0.25316019 0.49484038 0.25188050 0.49514659 0.25073531 0.49836626 0.24817560 0.49897877 0.24703040 0.50219844 0.24575071 0.50250466 0.24460522 0.50572515 0.24332553 0.50603136 0.24218034 0.50925103 0.23962095 0.50986347 0.23847543 0.51308321 0.23860993 0.51599666 0.24002446 0.51860382 0.24029349 0.52443147 0.24170769 0.52703871 0.24184222 0.52995290 0.24325642 0.53256014 0.24352542 0.53838704 0.24493961 0.54099428 0.24520865 0.54682193 0.24662285 0.54942917 0.24689188 0.55525681 0.24817190 0.55495052 0.24931710 0.55173085 0.25059679 0.55142464 0.25174227 0.54820414 0.25430166 0.54759171 0.25544685 0.54437204 0.25672655 0.54406583 0.25787207 0.54084608 0.26043145 0.54023365 0.26157694 0.53701316 0.26285663 0.53670694 0.26400182 0.53348727 0.26656121 0.53287484 0.26770673 0.52965509 0.26898642 0.52934888 0.27013161 0.52612921 0.27141163 0.52582291 0.27255683 0.52260325 0.27511621 0.52199081 0.27626137 0.51877040 0.27754139 0.51846411 0.27868658 0.51524444 0.28124630 0.51463193 0.28239149 0.51141226 0.28367118 0.51110604 0.28481634 0.50788563 0.28468184 0.50497218 0.28326765 0.50236494 0.28299864 0.49653804 0.28158442 0.49393006 0.28144991 0.49101660 0.28003572 0.48840937 0.27976668 0.48258172 0.27835216 0.47997456 0.27821766 0.47706111 0.27680346 0.47445388 0.27653443 0.46862622 0.27512023 0.46601899 0.27384021 0.46632528 0.27269502 0.46954495 0.27141533 0.46985117 0.27027014 0.47307084 0.26899044 0.47337705 0.26784496 0.47659754 0.26528557 0.47720998
0 0.30846363 0.43152730 0.30731815 0.43474779 0.30603845 0.43505401 0.30489326 0.43827368 0.30233355 0.43888619 0.30118835 0.44210586 0.29990866 0.44241207 0.30031220 0.45115317 0.30172639 0.45376041 0.30199543 0.45958806 0.30340963 0.46219529 0.30354413 0.46510874 0.30495836 0.46771673 0.30522736 0.47354363 0.30664188 0.47615079 0.30691092 0.48197844 0.30832511 0.48458567 0.30859415 0.49041332 0.31000834 0.49302056 0.31014284 0.49593401 0.31155737 0.49854117 0.31182640 0.50436882 0.31324060 0.50697605 0.31350963 0.51280370 0.31492383 0.51541094 0.31519283 0.52123784 0.31660702 0.52384508 0.31674156 0.52675928 0.31815576 0.52936651 0.31842479 0.53519416 0.31983931 0.53780132 0.32010832 0.54362822 0.32152251 0.54623546 0.32165705 0.54914966 0.32307124 0.55175689 0.32320574 0.55467034 0.32576546 0.55405783 0.31957802 0.42003084 0.31829833 0.42033706 0.31715281 0.42355681 0.31459342 0.42416924 0.31344790 0.42738898 0.31216821 0.42769520 0.31102302 0.43091487 0.30846363 0.43152730
0 0.00000000 0.64465291 0.00735879 0.80405281 0.00877306 0.80666003 0.00904210 0.81248768 0.01045638 0.81509490 0.01059088 0.81800835 0.01200521 0.82061631 0.01227421 0.82644321 0.01368847 0.82905043 0.01395751 0.83487808 0.01537177 0.83748530 0.01550627 0.84039875 0.01692059 0.84300671 0.01718960 0.84883362 0.01860389 0.85144083 0.01887293 0.85726847 0.02028718 0.85987570 0.02042169 0.86278915 0.02183598 0.86539711 0.02210498 0.87122402 0.02351928 0.87383123 0.02378831 0.87965888 0.02520261 0.88226609 0.02533711 0.88517954 0.02675140 0.88778751 0.02702040 0.89361441 0.02843466 0.89622163 0.02870370 0.90204929 0.03011799 0.90465650 0.03025249 0.90756995 0.03166682 0.91017790 0.03193582 0.91600481 0.03335008 0.91861203 0.03361912 0.92443968 0.03503338 0.92704690 0.03530242 0.93287455 0.03786200 0.93226207 0.03900722 0.92904164 0.04156677 0.92842917 0.04271206 0.92520948 0.04399182 0.92490325 0.04513708 0.92168356 0.04769673 0.92107107 0.04884189 0.91785065 0.05140160 0.91723814 0.05254679 0.91401847 0.05382649 0.91371226 0.05497168 0.91049259 0.05470268 0.90466569 0.05328845 0.90205771 0.05301945 0.89623080 0.05160522 0.89362282 0.05120171 0.88488246 0.04978752 0.88227523 0.04951848 0.87644758 0.05180883 0.87000749 0.05436822 0.86939506 0.05551374 0.86617532 0.05679343 0.86586910 0.05793862 0.86264943 0.06049834 0.86203692 0.06164353 0.85881725 0.06292322 0.85851104 0.06406842 0.85529137 0.06662813 0.85467886 0.06777329 0.85145845 0.06905331 0.85115215 0.07019850 0.84793248 0.07275789 0.84732005 0.07390308 0.84410038 0.07518310 0.84379409 0.07632826 0.84057367 0.07888797 0.83996116 0.08003316 0.83674150 0.08131286 0.83643528 0.08245805 0.83321561 0.08501776 0.83260310 0.08616295 0.82938343 0.08602845 0.82646998 0.08461422 0.82386200 0.08434522 0.81803510 0.08549038 0.81481468 0.08677007 0.81450846 0.08791559 0.81128872 0.09047498 0.81067629 0.09162017 0.80745662 0.09289986 0.80715040 0.09404538 0.80393066 0.09532508 0.80362444 0.09647027 0.80040477 0.09902998 0.79979226 0.10017514 0.79657185 0.10145483 0.79626563 0.10260003 0.79304596 0.10388005 0.79273967 0.10246553 0.79013251 0.10219649 0.78430486 0.10078229 0.78169762 0.10064779 0.77878418 0.09923360 0.77617694 0.09896456 0.77034929 0.09755037 0.76774205 0.09728133 0.76191440 0.09586714 0.75930717 0.09573264 0.75639371 0.09431811 0.75378656 0.09404908 0.74795891 0.09263488 0.74535167 0.09250035 0.74243748 0.09108615 0.73983024 0.09081715 0.73400334 0.08940263 0.73139618 0.08926809 0.72848198 0.08785390 0.72587475 0.08758486 0.72004710 0.08617067 0.71743986 0.08590166 0.71161296 0.08448747 0.70900572 0.08435293 0.70609152 0.08293874 0.70348429 0.08266970 0.69765664 0.08125518 0.69504948 0.08112068 0.69213603 0.07970648 0.68952879 0.07943745 0.68370114 0.07802325 0.68109391 0.07788875 0.67818046 0.07647420 0.67557255 0.07620519 0.66974565 0.07479100 0.66713841 0.07452196 0.66131076 0.07310777 0.65870353 0.07297327 0.65579008 0.07155904 0.65318209 0.07129004 0.64735519 0.06987584 0.64474795 0.06974134 0.64183450 0.06832678 0.63922660 0.06805778 0.63339970 0.06664355 0.63079171 0.06637455 0.62496481 0.06496035 0.62235757 0.06482585 0.61944412 0.06341130 0.61683622 0.06314230 0.61100932 0.06172807 0.60840133 0.06159357 0.60548788 0.06017937 0.60288065 0.05991037 0.59705374 0.05849614 0.59444576 0.05836164 0.59153231 0.05694744 0.58892507 0.05667841 0.58309742 0.05526388 0.58049027 0.05499488 0.57466336 0.05358065 0.57205538 0.05344615 0.56914193 0.05203196 0.56653469 0.05176292 0.56070704 0.05034840 0.55809988 0.05021390 0.55518643 0.04879970 0.55257920 0.04853067 0.54675155 0.04711647 0.54414431 0.04698194 0.54123011 0.04556774 0.53862288 0.04529874 0.53279597 0.04388455 0.53018874 0.04361551 0.52436109 0.04220099 0.52175393 0.04206645 0.51883973 0.04065226 0.51623250 0.04038325 0.51040559 0.03896906 0.50779836 0.03883452 0.50488416 0.03742000 0.50227700 0.03715096 0.49644935 0.03573677 0.49384212 0.03546777 0.48801521 0.03405357 0.48540798 0.03391904 0.48249378 0.03250484 0.47988654 0.03223581 0.47405889 0.03082161 0.47145166 0.02967609 0.47467141 0.02839640 0.47497762 0.02725124 0.47819804 0.02469159 0.47881053 0.02354633 0.48203021 0.02226658 0.48233645 0.02112129 0.48555614 0.01856173 0.48616861 0.01741651 0.48938904 0.01613672 0.48969528 0.01499143 0.49291497 0.01243191 0.49352744 0.01256641 0.49644088 0.01398067 0.49904811 0.01424971 0.50487575 0.01566397 0.50748297 0.01579847 0.51039643 0.01465325 0.51361686 0.01337349 0.51392309 0.01222820 0.51714278 0.01094841 0.51744902 0.00980315 0.52066871 0.00724360 0.52128118 0.00609831 0.52450087 0.00481855 0.52480710 0.00367329 0.52802678 0.00111371 0.52863926 0.00000000 0.53177107 0.00000000 0.64465291
0 0.30408991 0.36482047 0.30294472 0.36804014 0.30038501 0.36865265 0.29923981 0.37187232 0.29668043 0.37248475 0.29553527 0.37570516 0.29425525 0.37601146 0.29311006 0.37923113 0.29337906 0.38505803 0.29479325 0.38766527 0.29492779 0.39057946 0.29263740 0.39701880 0.29135738 0.39732510 0.29021223 0.40054551 0.29048123 0.40637241 0.29189542 0.40897965 0.29216446 0.41480730 0.29357898 0.41741446 0.29384802 0.42324210 0.29526221 0.42584934 0.29553121 0.43167624 0.29667641 0.42845658 0.29923612 0.42784407 0.30038131 0.42462440 0.30294070 0.42401196 0.30408622 0.42079222 0.30536591 0.42048600 0.30651107 0.41726559 0.30907078 0.41665308 0.31021598 0.41343341 0.31149567 0.41312720 0.31264086 0.40990753 0.31520058 0.40929502 0.31634573 0.40607460 0.31890545 0.40546209 0.31648429 0.35301697 0.31392457 0.35362948 0.31277938 0.35684915 0.31021967 0.35746166 0.30907448 0.36068133 0.30651509 0.36129376 0.30536993 0.36451418 0.30408991 0.36482047
0 0.10007525 0.28991400 0.09893007 0.29313388 0.09637068 0.29374632 0.09522550 0.29696621 0.09266579 0.29757872 0.09152061 0.30079854 0.09024058 0.30110483 0.09050960 0.30693211 0.09192414 0.30953949 0.09232766 0.31828037 0.09003697 0.32472016 0.08747758 0.32533259 0.08633240 0.32855240 0.08377268 0.32916492 0.08262750 0.33238481 0.08134748 0.33269110 0.08020230 0.33591099 0.07764291 0.33652342 0.07649773 0.33974324 0.07521770 0.34004954 0.07535221 0.34296314 0.07676673 0.34557015 0.07717027 0.35431125 0.07858450 0.35691923 0.07871900 0.35983268 0.07757380 0.36305235 0.07501409 0.36366486 0.07386890 0.36688453 0.07258888 0.36719082 0.07144368 0.37041049 0.06888430 0.37102292 0.06773914 0.37424334 0.06645912 0.37454963 0.06531393 0.37776930 0.06275421 0.37838181 0.06160902 0.38160148 0.06032933 0.38190769 0.06086737 0.39356225 0.06228156 0.39616948 0.06241610 0.39908368 0.06127091 0.40230335 0.05871152 0.40291578 0.05756600 0.40613553 0.05628631 0.40644174 0.05514115 0.40966216 0.05386113 0.40996845 0.05271594 0.41318812 0.05015655 0.41380055 0.04901136 0.41702022 0.04773134 0.41732652 0.04658614 0.42054619 0.04530645 0.42085240 0.04672064 0.42345964 0.04698968 0.42928729 0.04840388 0.43189452 0.04867291 0.43772217 0.05008744 0.44032933 0.05022194 0.44324278 0.05163613 0.44585002 0.05190517 0.45167767 0.05331936 0.45428490 0.05358840 0.46011255 0.05500259 0.46271979 0.05513710 0.46563324 0.05655129 0.46824048 0.05682033 0.47406813 0.05823485 0.47667528 0.05850389 0.48250293 0.05991808 0.48511017 0.06005258 0.48802362 0.06146677 0.49063086 0.06173581 0.49645851 0.06315033 0.49906566 0.06341937 0.50489331 0.06483357 0.50750055 0.06510257 0.51332745 0.06651680 0.51593543 0.06665130 0.51884888 0.06806549 0.52145612 0.06833453 0.52728377 0.06974872 0.52989101 0.07001773 0.53571791 0.07143228 0.53832581 0.07156678 0.54123926 0.07298098 0.54384650 0.07325002 0.54967415 0.07466421 0.55228138 0.07493321 0.55810829 0.07634777 0.56071619 0.07648227 0.56362964 0.07789646 0.56623688 0.07816550 0.57206453 0.07957970 0.57467177 0.07984870 0.58049867 0.08126293 0.58310665 0.08153193 0.58893355 0.08294616 0.59154154 0.08308066 0.59445499 0.08449518 0.59706215 0.08476418 0.60288905 0.08617841 0.60549703 0.08644741 0.61132393 0.08786164 0.61393192 0.08799614 0.61684537 0.08941067 0.61945253 0.08967967 0.62527943 0.09109390 0.62788741 0.09136290 0.63371431 0.09277713 0.63632229 0.09291163 0.63923575 0.09432582 0.64184298 0.09459483 0.64766989 0.09600905 0.65027787 0.09627806 0.65610477 0.09769261 0.65871268 0.09796162 0.66453958 0.09937581 0.66714681 0.09951031 0.67006027 0.10092454 0.67266825 0.10119354 0.67849515 0.10260810 0.68110306 0.10287710 0.68692996 0.10429130 0.68953720 0.10442580 0.69245065 0.10584003 0.69505863 0.10610903 0.70088553 0.10752326 0.70349351 0.10779226 0.70932042 0.10920645 0.71192765 0.10934096 0.71484111 0.11075551 0.71744901 0.11102452 0.72327591 0.11243874 0.72588390 0.11270775 0.73171080 0.11412194 0.73431804 0.11439098 0.74014569 0.11567100 0.73983939 0.11681616 0.73661897 0.11809585 0.73631276 0.11924104 0.73309309 0.12052073 0.73278688 0.12166626 0.72956713 0.12422564 0.72895470 0.12537116 0.72573495 0.12665085 0.72542873 0.12779605 0.72220907 0.12907574 0.72190285 0.13022090 0.71868244 0.13150092 0.71837614 0.13264611 0.71515647 0.13392580 0.71485026 0.13352227 0.70610916 0.13210807 0.70350192 0.13183907 0.69767502 0.13042484 0.69506704 0.13002130 0.68632594 0.12860678 0.68371878 0.12847228 0.68080533 0.12961780 0.67758558 0.13217718 0.67697315 0.13332271 0.67375340 0.13588209 0.67314097 0.13702725 0.66992055 0.13958696 0.66930804 0.14073216 0.66608837 0.14329187 0.66547587 0.14443706 0.66225620 0.14699645 0.66164376 0.14814161 0.65842335 0.15070132 0.65781084 0.15184651 0.65459117 0.15312653 0.65428488 0.15427173 0.65106521 0.15683111 0.65045278 0.15797630 0.64723311 0.16053602 0.64662060 0.16168121 0.64340093 0.16424092 0.64278842 0.16383739 0.63404732 0.16242316 0.63143934 0.16215416 0.62561243 0.16444454 0.61917310 0.16572423 0.61886688 0.16686939 0.61564647 0.16942911 0.61503396 0.17057430 0.61181429 0.17185432 0.61150799 0.17299951 0.60828832 0.17427920 0.60798211 0.17542436 0.60476170 0.17670405 0.60445548 0.17784957 0.60123573 0.18040896 0.60062330 0.18155448 0.59740355 0.18141998 0.59449010 0.18000546 0.59188294 0.17973642 0.58605529 0.17832223 0.58344806 0.17805319 0.57762041 0.17663899 0.57501317 0.17650449 0.57209972 0.17508997 0.56949256 0.17482093 0.56366491 0.17340674 0.56105768 0.17313770 0.55523003 0.17172351 0.55262279 0.17158901 0.54970934 0.17017481 0.54710211 0.16990578 0.54127446 0.16849158 0.53866722 0.16822254 0.53283957 0.16680802 0.53023241 0.16667352 0.52731896 0.16525933 0.52471172 0.16499029 0.51888408 0.16357610 0.51627684 0.16330706 0.51044919 0.16189254 0.50784203 0.16175804 0.50492858 0.16034384 0.50232135 0.16007480 0.49649370 0.15866061 0.49388646 0.15839157 0.48805881 0.15697738 0.48545157 0.15684288 0.48253812 0.15542868 0.47993089 0.15515965 0.47410324 0.15374512 0.47149608 0.15347609 0.46566843 0.15206189 0.46306120 0.15192739 0.46014774 0.15051320 0.45754051 0.15024416 0.45171286 0.14882964 0.44910570 0.14856060 0.44327805 0.14714641 0.44067082 0.14701191 0.43775736 0.14559771 0.43515013 0.14532867 0.42932248 0.14391448 0.42671524 0.14364544 0.42088759 0.14223125 0.41828036 0.14209675 0.41536691 0.14068223 0.41275975 0.14041319 0.40693210 0.13899899 0.40432486 0.13872996 0.39849721 0.13731576 0.39588998 0.13718126 0.39297652 0.13576674 0.39036937 0.13549770 0.38454172 0.13408351 0.38193448 0.13381447 0.37610683 0.13240028 0.37349960 0.13226578 0.37058614 0.13085158 0.36797891 0.13058254 0.36215126 0.12916835 0.35954402 0.12889931 0.35371637 0.12748479 0.35110922 0.12735029 0.34819576 0.12593610 0.34558853 0.12566706 0.33976088 0.12425286 0.33715364 0.12398383 0.33132614 0.12256931 0.32871883 0.12243480 0.32580523 0.12102059 0.32319777 0.12075157 0.31737050 0.11933737 0.31476311 0.11906835 0.30893576 0.11765415 0.30632838 0.11751964 0.30341478 0.11610543 0.30080732 0.11583641 0.29498004 0.11442189 0.29237273 0.11415286 0.28654538 0.11273866 0.28393800 0.11246964 0.27811072 0.10990993 0.27872323 0.10876475 0.28194312 0.10620536 0.28255555 0.10506017 0.28577537 0.10250046 0.28638788 0.10135527 0.28960770 0.10007525 0.28991400
0 0.25738395 0.25000000 0.25748768 0.25224698 0.25890222 0.25485436 0.25903673 0.25776804 0.26045093 0.26037542 0.26071995 0.26620270 0.26213415 0.26881016 0.26240317 0.27463736 0.26381737 0.27724482 0.26395189 0.28015850 0.26536609 0.28276588 0.26563511 0.28859316 0.26704964 0.29120054 0.26731865 0.29702774 0.26873284 0.29963483 0.26886738 0.30254903 0.27028157 0.30515626 0.27055061 0.31098391 0.27196513 0.31359107 0.27223413 0.31941797 0.27364833 0.32202521 0.27492802 0.32171899 0.27607321 0.31849932 0.27735291 0.31819311 0.27849843 0.31497336 0.28105781 0.31436093 0.28220333 0.31114118 0.28348303 0.31083496 0.28462822 0.30761530 0.28590791 0.30730908 0.28705307 0.30408867 0.28961278 0.30347616 0.29075798 0.30025649 0.29203800 0.29995019 0.29318319 0.29673053 0.29574257 0.29611810 0.29688773 0.29289768 0.29816775 0.29259138 0.29931295 0.28937187 0.30187267 0.28875936 0.30301785 0.28553954 0.30429755 0.28523332 0.30544273 0.28201350 0.30800244 0.28140099 0.30914763 0.27818110 0.31042732 0.27787489 0.31157283 0.27465492 0.31015830 0.27204761 0.30962026 0.26039306 0.31191096 0.25395327 0.31172845 0.25000000 0.25738395 0.25000000
0 0.15608127 0.25000000 0.13469870 0.25511661 0.13496772 0.26094388 0.13638192 0.26355134 0.13665094 0.26937855 0.13806514 0.27198600 0.13819966 0.27489968 0.13961386 0.27750706 0.13988288 0.28333434 0.14129708 0.28594180 0.14156610 0.29176900 0.14298063 0.29437639 0.14311514 0.29729006 0.14452935 0.29989745 0.14479836 0.30572472 0.14621257 0.30833218 0.14648158 0.31415938 0.14789612 0.31676677 0.14803063 0.31968044 0.14944483 0.32228783 0.14971383 0.32811473 0.15112806 0.33072271 0.15139706 0.33654962 0.15281129 0.33915760 0.15294579 0.34207105 0.15435999 0.34467828 0.15462899 0.35050519 0.15604355 0.35311309 0.15631255 0.35894000 0.15772678 0.36154798 0.15786128 0.36446143 0.15927547 0.36706867 0.15954448 0.37289557 0.16095903 0.37550347 0.16122804 0.38133037 0.16264226 0.38393836 0.16277677 0.38685181 0.16419096 0.38945904 0.16445996 0.39528595 0.16587419 0.39789393 0.16614319 0.40372083 0.16755742 0.40632882 0.16769192 0.40924227 0.16910645 0.41184943 0.16937545 0.41767633 0.17078968 0.42028431 0.17105868 0.42611121 0.17247291 0.42871920 0.17260741 0.43163265 0.17402193 0.43423981 0.17429093 0.44006671 0.17570516 0.44267469 0.17597417 0.44850160 0.17738839 0.45110958 0.17752290 0.45402303 0.17893709 0.45663027 0.17920609 0.46245717 0.18062032 0.46506515 0.18088932 0.47089205 0.18230388 0.47349996 0.18243838 0.47641341 0.18385258 0.47902064 0.18412158 0.48484755 0.18553581 0.48745553 0.18580481 0.49328243 0.18721937 0.49589034 0.18735387 0.49880379 0.18876806 0.50141102 0.18903706 0.50723793 0.19045129 0.50984591 0.19072030 0.51567281 0.19213452 0.51828079 0.19226902 0.52119425 0.19368322 0.52380148 0.19395222 0.52962839 0.19536678 0.53223629 0.19550128 0.53514974 0.19678097 0.53484353 0.19792617 0.53162386 0.19920618 0.53131756 0.20035134 0.52809715 0.20291073 0.52748471 0.20405592 0.52426505 0.20533594 0.52395876 0.20648113 0.52073909 0.20904085 0.52012657 0.21018604 0.51690691 0.21146573 0.51660069 0.21261093 0.51338103 0.21517064 0.51276851 0.21476710 0.50402741 0.21335255 0.50141951 0.21321805 0.49850605 0.21436357 0.49528631 0.21564326 0.49498009 0.21678845 0.49176043 0.21934816 0.49114791 0.22049336 0.48792824 0.22433276 0.48700952 0.22547792 0.48378911 0.22803764 0.48317659 0.22918283 0.47995693 0.23046252 0.47965071 0.23019348 0.47382306 0.22877929 0.47121583 0.22851029 0.46538892 0.22709609 0.46278169 0.22938644 0.45634160 0.23066614 0.45603539 0.23181133 0.45281572 0.23437104 0.45220321 0.23551620 0.44898279 0.23679622 0.44867650 0.23794141 0.44545683 0.24050080 0.44484440 0.24164599 0.44162473 0.24292601 0.44131844 0.24407120 0.43809877 0.24535090 0.43779255 0.24508186 0.43196490 0.24366767 0.42935767 0.24326413 0.42061657 0.24555484 0.41417715 0.24683453 0.41387094 0.24797973 0.41065127 0.25053911 0.41003884 0.25168460 0.40681834 0.25296429 0.40651213 0.25410948 0.40329246 0.25666920 0.40267995 0.25781439 0.39946028 0.25909408 0.39915406 0.26023924 0.39593365 0.26151926 0.39562736 0.26125026 0.38980045 0.25983574 0.38719330 0.25956670 0.38136565 0.25815251 0.37875841 0.25788347 0.37293076 0.25646927 0.37032353 0.25633477 0.36741007 0.25492058 0.36480284 0.25465154 0.35897519 0.25323735 0.35636795 0.25296831 0.35054030 0.25155379 0.34793314 0.25141929 0.34501969 0.25000509 0.34241246 0.24973606 0.33658481 0.24832186 0.33397757 0.24818736 0.33106412 0.24677280 0.32845622 0.24650380 0.32262931 0.24508961 0.32002208 0.24482057 0.31419443 0.24340637 0.31158719 0.24327187 0.30867374 0.24185765 0.30606576 0.24158864 0.30023885 0.24017444 0.29763147 0.23990542 0.29180412 0.23849089 0.28919681 0.23835638 0.28628321 0.23694218 0.28367575 0.23667316 0.27784847 0.23525896 0.27524109 0.23512445 0.27232741 0.23370991 0.26972003 0.23344090 0.26389283 0.23202669 0.26128537 0.23175767 0.25545809 0.23034347 0.25285071 0.23021187 0.25000000 0.15608127 0.25000000
0 0.43983203 0.81051053 0.44271073 0.81311777 0.44681781 0.85682253 0.44448669 0.86004220 0.39238517 0.86616691 0.39484939 0.89238947 0.56157426 0.87279038 0.55883625 0.84365437 0.54320546 0.84549183 0.54032669 0.84288385 0.53895769 0.82831584 0.52332756 0.83015322 0.52044820 0.82754606 0.51935298 0.81589151 0.50372286 0.81772888 0.50084409 0.81512090 0.49947509 0.80055289 0.48123939 0.80269656 0.47836069 0.80008933 0.47699169 0.78552132 0.46396647 0.78705248 0.46108711 0.78444532 0.46026568 0.77570422 0.44463556 0.77754160 0.44175679 0.77493362 0.44038779 0.76036561 0.42215209 0.76250928 0.41927339 0.75990204 0.41845196 0.75116094 0.38198056 0.75544828 0.38636144 0.80206649 0.38924027 0.80467371 0.40226568 0.80314254 0.40514465 0.80575049 0.40596608 0.81449159 0.43983203 0.81051053
0 0.59106739 0.76621930 0.59188882 0.77496040 0.62835955 0.77067314 0.63069134 0.76745339 0.63590116 0.76684096 0.63425829 0.74935876 0.63658942 0.74613909 0.64440481 0.74522036 0.64330959 0.73356581 0.64564071 0.73034614 0.64824629 0.73003985 0.65057734 0.72681944 0.65318225 0.72651322 0.65208710 0.71485941 0.65441816 0.71163900 0.65962864 0.71102649 0.66195976 0.70780682 0.66004311 0.68741116 0.66237424 0.68419149 0.66758472 0.68357898 0.66621572 0.66901098 0.66854684 0.66579131 0.67636223 0.66487258 0.67499316 0.65030383 0.67732428 0.64708416 0.68253477 0.64647165 0.68486589 0.64325198 0.68377067 0.63159743 0.67595528 0.63251616 0.67019715 0.62730102 0.66964957 0.62147412 0.61754872 0.62759875 0.61782251 0.63051221 0.61549072 0.63373195 0.56338920 0.63985667 0.57516281 0.76514330 0.58818869 0.76361206 0.59106739 0.76621930
0 0.53391250 0.63448484 0.47920541 0.64091585 0.48002677 0.64965621 0.47769565 0.65287588 0.46206486 0.65471333 0.46507672 0.68676354 0.53801952 0.67818886 0.53391250 0.63448484
0 0.52623773 0.60887405 0.52856885 0.60565438 0.53117442 0.60534809 0.51940081 0.48006145 0.44906359 0.48832984 0.45317068 0.53203460 0.45083889 0.53525434 0.45877927 0.61975042 0.49525067 0.61546308 0.49758172 0.61224266 0.52623773 0.60887405
0 0.56314688 0.41305681 0.56081575 0.41627648 0.55300036 0.41719521 0.57052385 0.60366806 0.67993737 0.59080612 0.68226850 0.58758646 0.70050420 0.58544279 0.70283532 0.58222312 0.73670114 0.57824207 0.71808243 0.38011466 0.70245231 0.38195204 0.69957361 0.37934480 0.69875218 0.37060370 0.68312139 0.37244115 0.68024262 0.36983317 0.67996884 0.36691972 0.66433805 0.36875717 0.66145935 0.36614994 0.66063792 0.35740884 0.64500713 0.35924629 0.64212844 0.35663905 0.64185465 0.35372560 0.62622453 0.35556298 0.62334509 0.35295507 0.62252373 0.34421472 0.57563270 0.34972692 0.57275400 0.34711969 0.54930848 0.34987579 0.55177271 0.37609835 0.54944092 0.37931809 0.55163135 0.40262720 0.55944675 0.40170847 0.56232545 0.40431571 0.56314688 0.41305681
