0 0.39014013 0.21154595 0.31430968 0.21535635 0.31545012 0.22625968 0.39128057 0.22244928 0.39014013 0.21154595
0 0.10936402 0.11689652 0.04653479 0.10350658 0.04201909 0.11692848 0.10484779 0.13031999 0.10936402 0.11689652
0 0.70000000 0.00000000 0.70000000 0.02148783 0.73958044 0.05233241 0.74405592 0.05344827 0.78829578 0.00000000 0.70000000 0.00000000
0 0.70000000 0.08838848 0.73159536 0.04759589 0.73402328 0.03785806 0.70000000 0.01211431 0.70000000 0.08838848
0 0.70000000 0.27793318 0.75829461 0.22469370 0.75913528 0.22132193 0.71339830 0.17449751 0.70000000 0.18627706 0.70000000 0.27793318
0 0.71548878 0.17888192 0.75675398 0.22086830 0.76770468 0.22359862 0.82521209 0.16298062 0.82721248 0.15495748 0.78101812 0.10578228 0.71548878 0.17888192
0 0.85940866 0.02906793 0.78394170 0.10501038 0.78385481 0.10543639 0.83155473 0.15032988 0.83202737 0.15044290 0.90238190 0.07952378 0.90326038 0.07600040 0.86051389 0.02934349 0.85940866 0.02906793
0 0.87214389 0.00000000 0.85188550 0.02066390 0.85182203 0.02097658 0.91268363 0.07777821 0.92211369 0.08012939 0.99493090 0.01188874 0.99633707 0.00624889 0.98994744 0.00000000 0.87214389 0.00000000
0 1.00000000 0.51875000 1.00000000 0.35508265 0.97403532 0.33301464 0.96272228 0.33019398 0.87203795 0.42805613 0.97955055 0.51875000 1.00000000 0.51875000
0 0.18902351 0.71189215 0.14956715 0.74869781 0.30080398 0.79747274 0.32575232 0.76729391 0.18902351 0.71189215
0 0.35444352 0.77488143 0.32219099 0.80928670 0.46963170 0.85732509 0.49370209 0.82571288 0.35444352 0.77488143
0 0.20944081 0.68241504 0.18551851 0.71352804 0.32762749 0.76141078 0.34427711 0.73329443 0.20944081 0.68241504
0 0.38083683 0.74409424 0.36185184 0.77161117 0.50397760 0.82354572 0.51631067 0.79238362 0.38083683 0.74409424
0 0.21703225 0.65638957 0.19874862 0.67704719 0.34034754 0.72502611 0.34929644 0.70751362 0.21703225 0.65638957
0 0.37460767 0.71335097 0.36317465 0.73537006 0.51113158 0.78292227 0.52054415 0.76413603 0.37460767 0.71335097
0 0.79616043 0.57071924 0.76659469 0.56012700 0.75674216 0.56089116 0.70458590 0.78299588 0.70496798 0.78792214 0.74438625 0.79775022 0.79616043 0.57071924
0 0.93379525 0.68394181 0.95155324 0.59980101 0.94738298 0.59715092 0.81548748 0.57070701 0.76447338 0.80114817 0.87665975 0.82267804 0.91029794 0.68130394 0.93379525 0.68394181
