0 0.28278252 0.31314195 0.36420286 0.33175837 0.36796989 0.31598541 0.28654955 0.29736899 0.28278252 0.31314195
0 0.00000000 0.42674844 0.03750059 0.42211464 0.03571264 0.40167828 0.00000000 0.40609236 0.00000000 0.42674844
0 0.56144998 0.00000000 0.56181210 0.01096900 0.57949469 0.00792408 0.58361983 0.10032533 0.60705445 0.09660710 0.60406612 0.00000000 0.56144998 0.00000000
0 0.55769231 0.35840157 0.57741095 0.34597938 0.57350737 0.16288801 0.55769231 0.17117883 0.55769231 0.35840157
0 1.00000000 0.09122787 0.94590594 0.08622270 0.94328006 0.26707670 1.00000000 0.27167159 1.00000000 0.09122787
0 0.91172146 0.40739728 0.90276277 0.43448622 0.83394012 0.43836323 0.84383576 0.40880234 0.78309564 0.41041975 0.77888726 0.43824746 0.70701117 0.44677869 0.71107274 0.41570206 0.64247616 0.41721409 0.61939642 0.47939588 0.94719995 0.45995045 0.97102945 0.40558476 0.91172146 0.40739728
0 0.24680497 0.80369772 0.23379936 0.80483556 0.23462531 0.79803095 0.21639370 0.79856910 0.21412060 0.88351836 0.22884405 0.88422580 0.22955595 0.87716573 0.24302158 0.87938277 0.24680497 0.80369772
0 0.34785044 0.69017297 0.26709287 0.68699262 0.26421213 0.72428706 0.36084425 0.72663114 0.36275279 0.71614847 0.34544159 0.71289245 0.34785044 0.69017297
0 0.36685812 0.62486398 0.27092480 0.62278451 0.26553093 0.66293384 0.34662221 0.66256438 0.34707927 0.63311923 0.36719503 0.63172128 0.36685812 0.62486398
0 0.26809730 0.56971154 0.26442251 0.60194258 0.35417348 0.60247567 0.35656552 0.56971154 0.26809730 0.56971154
0 0.55769231 0.58905622 0.49830810 0.58925985 0.49893240 0.60500092 0.54450408 0.60681242 0.54293479 0.65123602 0.55769231 0.65186692 0.55769231 0.58905622
0 0.55769231 0.56971154 0.49844913 0.56971154 0.49800301 0.57661573 0.55769231 0.58038131 0.55769231 0.56971154
0 1.00000000 0.89930950 0.99558653 0.89969563 0.99298244 0.89750997 0.98819273 0.89792901 0.98558869 0.89574396 0.98319353 0.89595351 0.98058949 0.89376846 0.97580040 0.89418745 0.97319631 0.89200179 0.96840660 0.89242083 0.96580256 0.89023578 0.96340740 0.89044533 0.96080336 0.88826028 0.95601427 0.88867927 0.95341023 0.88649422 0.94862052 0.88691327 0.94601648 0.88472822 0.94122678 0.88514726 0.93862269 0.88296160 0.93622814 0.88317110 0.93362410 0.88098605 0.92883439 0.88140509 0.92623035 0.87922004 0.92144065 0.87963908 0.91883655 0.87745342 0.91644201 0.87766292 0.91383797 0.87547787 0.90904826 0.87589691 0.90644422 0.87371186 0.90165452 0.87413091 0.89905048 0.87194586 0.89665593 0.87215535 0.89405189 0.86997030 0.88926219 0.87038935 0.88665809 0.86820369 0.88186839 0.86862273 0.87926435 0.86643768 0.87686980 0.86664718 0.87426576 0.86446212 0.86947606 0.86488117 0.86687196 0.86269551 0.86208226 0.86311455 0.85947821 0.86092950 0.85468913 0.86134849 0.85208447 0.85916350 0.84968993 0.85937299 0.84708588 0.85718794 0.84229618 0.85760699 0.83969214 0.85542194 0.83729759 0.85563143 0.83469350 0.85344577 0.83229834 0.85365532 0.82792829 0.85886401 0.82313859 0.85928306 0.82053455 0.85709801 0.81814000 0.85730750 0.81553591 0.85512184 0.81314075 0.85533139 0.81053671 0.85314634 0.81272176 0.85054230 0.81251221 0.84814714 0.80772312 0.84856613 0.80511846 0.84638114 0.80032937 0.84680013 0.79772533 0.84461508 0.79533079 0.84482457 0.79272613 0.84263958 0.78793704 0.84305857 0.78533239 0.84087357 0.78054330 0.84129256 0.77793920 0.83910690 0.77554465 0.83931640 0.77575420 0.84171156 0.77356854 0.84431565 0.77398753 0.84910474 0.77180248 0.85170878 0.77201203 0.85410394 0.76982698 0.85670798 0.77024603 0.86149769 0.76806036 0.86410178 0.76826986 0.86649632 0.76608481 0.86910037 0.76650385 0.87389007 0.76431880 0.87649411 0.76452830 0.87888866 0.76234330 0.88149331 0.76255280 0.88388786 0.76494734 0.88367836 0.76755138 0.88586341 0.76994593 0.88565392 0.77255058 0.88783891 0.77733968 0.88741992 0.77994433 0.88960492 0.78473342 0.88918593 0.78733752 0.89137159 0.78973206 0.89116209 0.79233672 0.89334709 0.79712581 0.89292810 0.79973046 0.89511309 0.80451955 0.89469410 0.80712365 0.89687977 0.80951819 0.89667027 0.81212285 0.89885527 0.81691194 0.89843628 0.81951659 0.90062127 0.82430568 0.90020228 0.82690972 0.90238733 0.82930427 0.90217784 0.83190892 0.90436283 0.83669801 0.90394384 0.83930272 0.90612945 0.84409181 0.90571046 0.84669586 0.90789551 0.84909040 0.90768601 0.85169506 0.90987101 0.85648414 0.90945202 0.85908885 0.91163763 0.86387794 0.91121864 0.86648199 0.91340369 0.86887653 0.91319419 0.87148119 0.91537919 0.87627028 0.91496020 0.87887493 0.91714519 0.88366402 0.91672620 0.88626806 0.91891125 0.88866261 0.91870175 0.89126731 0.92088737 0.89605641 0.92046838 0.89866106 0.92265337 0.90345015 0.92223438 0.90605419 0.92441943 0.90844874 0.92420993 0.91105345 0.92639554 0.91584254 0.92597655 0.91844719 0.92816155 0.92323628 0.92774256 0.92584032 0.92992761 0.92823487 0.92971811 0.93083952 0.93190311 0.93562862 0.93148412 0.93823327 0.93366911 0.94302236 0.93325012 0.94562645 0.93543578 0.95041616 0.93501674 0.95302020 0.93720179 0.95541475 0.93699229 0.95801940 0.93917729 0.96280849 0.93875830 0.96541259 0.94094396 0.97020229 0.94052492 0.97280633 0.94270997 0.97520087 0.94250047 0.97780553 0.94468547 0.98259462 0.94426648 0.98519866 0.94645153 0.98998837 0.94603248 0.99259241 0.94821753 0.99498695 0.94800804 0.99759166 0.95019364 1.00000000 0.94998294 1.00000000 0.89930950
0 0.70088985 0.84102210 0.70109934 0.84341664 0.69891429 0.84602068 0.69933334 0.85081039 0.69714768 0.85341448 0.69756667 0.85820357 0.69538167 0.86080823 0.69580066 0.86559732 0.70059037 0.86517827 0.70319446 0.86736394 0.70558900 0.86715444 0.70819305 0.86933949 0.71298275 0.86892045 0.71558679 0.87110550 0.72037650 0.87068645 0.72298054 0.87287150 0.72537508 0.87266201 0.72797912 0.87484706 0.73276883 0.87442801 0.73537292 0.87661367 0.73516337 0.87421851 0.74171914 0.86640634 0.73932459 0.86661583 0.73671994 0.86443084 0.73630089 0.85964113 0.73848656 0.85703704 0.73827700 0.85464188 0.73567235 0.85245688 0.73327781 0.85266638 0.73067376 0.85048133 0.72588406 0.85090038 0.72328002 0.84871532 0.72286097 0.84392562 0.72504602 0.84132158 0.72483653 0.83892703 0.72702153 0.83632238 0.72681203 0.83392783 0.72899769 0.83132374 0.72660253 0.83153329 0.72399849 0.82934824 0.72160395 0.82955773 0.71899991 0.82737269 0.71421020 0.82779173 0.71160611 0.82560607 0.70921156 0.82581556 0.70660691 0.82363056 0.70681640 0.82602511 0.70463141 0.82862976 0.70484090 0.83102431 0.70265585 0.83362835 0.70307484 0.83841744 0.70088985 0.84102210
