0 0.26927083 0.15354167 0.24152829 0.13376773 0.23173662 0.13841978 0.26111162 0.15819481 0.26927083 0.15354167
0 0.32965329 0.16750000 0.30843750 0.15005208 0.26763838 0.16866356 0.29048662 0.18611148 0.32965329 0.16750000
0 0.15177083 0.26869792 0.13708333 0.28265625 0.14524255 0.28730939 0.14034671 0.29196144 0.14687500 0.29545102 0.14197917 0.30010417 0.15177083 0.30359375 0.17951338 0.28033023 0.15177083 0.26869792
0 0.07670088 0.25822917 0.08322917 0.25241356 0.07506995 0.24776042 0.04732588 0.26753436 0.06201338 0.27567708 0.08322917 0.26171875 0.07670088 0.25822917
0 0.11586755 0.29312500 0.07506995 0.26986148 0.06854167 0.27567708 0.10934079 0.29894061 0.11586755 0.29312500
0 0.31659671 0.34895833 0.32475745 0.34430519 0.31496579 0.33848958 0.29701338 0.34895833 0.31659671 0.34895833
0 0.16482588 0.32918439 0.13218750 0.30940936 0.12565921 0.31406250 0.15993005 0.33383644 0.16482588 0.32918439
0 0.46020833 0.25590314 0.41940921 0.26986148 0.42756995 0.28149269 0.46673662 0.26753436 0.46020833 0.25590314
0 0.85367798 0.27947071 0.89192708 0.27734375 0.89215262 0.20397483 0.83333333 0.20703125 0.55989583 0.21484375 0.55338542 0.21744792 0.55338542 0.28515625 0.66796875 0.28645833 0.85367798 0.27947071
0 0.22215893 0.60869569 0.22459404 0.57703612 0.24650998 0.57703612 0.24407487 0.60772155 0.31128370 0.60723448 0.31128370 0.57557492 0.35608957 0.57606198 0.36193380 0.50933336 0.07994899 0.51371699 0.07848795 0.54878605 0.09796874 0.54878605 0.09553366 0.58044562 0.11647552 0.57995855 0.11328125 0.61067708 0.22215893 0.60869569
0 0.00000000 0.74031368 0.03665380 0.73971758 0.03319505 0.58677753 0.00000000 0.58602594 0.00000000 0.74031368
0 0.66666667 0.71093750 0.66666667 0.80208333 0.70703125 0.80208333 0.71223958 0.78645833 0.71223958 0.71223958 0.70182292 0.70703125 0.66666667 0.71093750
0 0.88281250 0.68229167 0.87890625 0.68359375 0.87630208 0.70442708 0.84505208 0.70442708 0.84244792 0.79036458 0.87630208 0.79427083 0.87500000 0.83463542 0.90885417 0.83593750 0.91536458 0.68750000 0.88281250 0.68229167
