0 0.63942308 0.00000000 0.45013135 0.00000000 0.45323798 0.02955760 0.63942308 0.01706469 0.63942308 0.00000000
0 0.55830498 0.17063157 0.55965890 0.08540780 0.58797896 0.08500786 0.59093419 0.06407225 0.39444882 0.05894062 0.38758908 0.16537050 0.55830498 0.17063157
0 0.63942308 0.30113231 0.38595785 0.29703150 0.38756598 0.31233183 0.63942308 0.31669123 0.63942308 0.30113231
0 0.63942308 0.27536716 0.38582601 0.27126228 0.38743414 0.28656262 0.63942308 0.29092622 0.63942308 0.27536716
0 0.63942308 0.32689948 0.38608705 0.32279857 0.38769518 0.33809891 0.63942308 0.34245799 0.63942308 0.32689948
0 1.00000000 0.48471854 0.99153361 0.48560839 0.98939441 0.48825078 0.98222222 0.48900461 0.97958038 0.48686473 0.97932912 0.48447420 0.97454746 0.48497678 0.97190568 0.48283751 0.97115186 0.47566532 0.94724539 0.47817799 0.94460300 0.47603879 0.94384917 0.46886660 0.91994270 0.47137927 0.91780281 0.47402112 0.91981298 0.49314654 0.91767377 0.49578893 0.91289272 0.49629144 0.91490288 0.51541686 0.91276362 0.51805863 0.90559143 0.51881246 0.90634526 0.52598465 1.00000000 0.51614114 1.00000000 0.48471854
0 0.87340707 0.52884615 0.87501535 0.52686062 0.87979639 0.52635811 0.87803749 0.50962322 0.88017676 0.50698144 0.88734894 0.50622761 0.88533878 0.48710219 0.88747799 0.48445980 0.89225965 0.48395723 0.89075206 0.46961347 0.89289133 0.46697169 0.90006351 0.46621786 0.89830461 0.44948296 0.89113242 0.45023679 0.88849064 0.44809752 0.88823932 0.44570638 0.87389495 0.44721404 0.87125317 0.44507477 0.86408099 0.44582860 0.86143921 0.44368932 0.85665755 0.44419190 0.85401570 0.44205201 0.83728081 0.44381092 0.83463903 0.44167165 0.83388526 0.43450008 0.80997879 0.43701275 0.81123513 0.44896599 0.80909586 0.45160776 0.80192367 0.45236159 0.80393384 0.47148701 0.80179395 0.47412886 0.79701290 0.47463137 0.80103323 0.51288221 0.80342375 0.51263095 0.80556302 0.50998917 0.80795416 0.50973786 0.81059594 0.51187713 0.81134977 0.51904931 0.82569353 0.51754172 0.82833592 0.51968093 0.82858717 0.52207145 0.83336822 0.52156894 0.83601068 0.52370876 0.83626193 0.52609929 0.84343350 0.52534552 0.84607528 0.52748479 0.84621837 0.52884615 0.84934796 0.52884615 0.85085694 0.52698222 0.85315811 0.52884615 0.87340707 0.52884615
0 1.00000000 0.26959793 0.99785870 0.26982299 0.99521692 0.26768372 0.99496567 0.26529320 0.98779348 0.26604702 0.98515170 0.26390775 0.98490038 0.26151662 0.98011872 0.26201919 0.97483516 0.25774065 0.97005350 0.25824322 0.96741166 0.25610334 0.95306729 0.25761100 0.95042551 0.25547172 0.95017425 0.25308120 0.94300268 0.25383496 0.94036029 0.25169576 0.94010904 0.24930523 0.93532799 0.24980774 0.93268553 0.24766792 0.93243428 0.24527740 0.92526270 0.24603116 0.92262093 0.24389189 0.92236961 0.24150075 0.91519742 0.24225458 0.91255503 0.24011537 0.91230377 0.23772485 0.90752273 0.23822736 0.90488095 0.23608809 0.89531824 0.23709317 0.89556949 0.23948369 0.89342961 0.24212554 0.88864856 0.24262805 0.88650929 0.24526982 0.87933710 0.24602365 0.87958842 0.24841479 0.87744915 0.25105657 0.87027696 0.25181039 0.87077954 0.25659206 0.87342132 0.25873133 0.87442640 0.26829404 0.87228713 0.27093581 0.86511494 0.27168964 0.86687385 0.28842454 0.86473458 0.29106632 0.85756239 0.29182014 0.85932130 0.30855504 0.85718203 0.31119682 0.85240098 0.31169933 0.85491372 0.33560641 0.85277384 0.33824825 0.85352760 0.34541983 0.86309031 0.34441475 0.86573215 0.34655463 0.86749100 0.36328891 0.87227266 0.36278634 0.87491450 0.36492622 0.87730564 0.36467490 0.87994742 0.36681418 0.88233794 0.36656292 0.88497972 0.36870219 0.88976138 0.36819962 0.89240322 0.37033950 0.89479375 0.37008825 0.89743614 0.37222745 0.90221719 0.37172494 0.90485897 0.37386421 0.90724949 0.37361296 0.90989188 0.37575217 0.91467293 0.37524966 0.91731532 0.37738886 0.91970585 0.37713761 0.92234769 0.37927749 0.92473822 0.37902624 0.92738000 0.38116551 0.93216166 0.38066294 0.93480344 0.38280221 0.93719457 0.38255089 0.93983642 0.38469077 0.94222694 0.38443951 0.94486872 0.38657879 0.94725924 0.38632753 0.94990163 0.38846674 0.95229216 0.38821548 0.95493394 0.39035475 0.95971560 0.38985218 0.96235738 0.39199145 0.96474790 0.39174020 0.96738975 0.39388008 0.96978088 0.39362876 0.97242266 0.39576803 0.97481319 0.39551678 0.97745558 0.39765598 0.98223663 0.39715347 0.98487847 0.39929336 0.98726900 0.39904210 0.98991138 0.40118131 0.99230191 0.40093005 0.99494369 0.40306932 0.99733482 0.40281800 0.99947410 0.40017623 1.00000000 0.40012095 1.00000000 0.26959793
0 1.00000000 0.08783238 0.99788757 0.08612133 0.99071539 0.08687516 0.98807361 0.08473589 0.98568309 0.08498714 0.98304131 0.08284787 0.97586912 0.08360170 0.97322667 0.08146188 0.97272416 0.07668083 0.96555258 0.07743459 0.96291081 0.07529532 0.93900372 0.07780806 0.93472457 0.08309168 0.92994352 0.08359419 0.93019477 0.08598471 0.92805557 0.08862711 0.92088338 0.08938093 0.92264223 0.10611522 0.92050302 0.10875761 0.91811188 0.10900893 0.91597261 0.11165070 0.91773152 0.12838560 0.91559225 0.13102738 0.91320173 0.13127863 0.91106246 0.13392041 0.90867132 0.13417173 0.90992766 0.14612497 0.91257011 0.14826479 0.91282137 0.15065531 0.91068148 0.15329715 0.90350930 0.15405098 0.90878596 0.20425506 0.91356762 0.20375249 0.91620946 0.20589237 0.91646072 0.20828289 0.92363290 0.20752906 0.92627468 0.20966833 0.92652600 0.21205947 0.93130766 0.21155690 0.93659122 0.21583544 0.93898236 0.21558412 0.94426591 0.21986266 0.94904696 0.21936015 0.94879571 0.21696963 0.95093559 0.21432779 0.95810778 0.21357396 0.96339133 0.21785250 0.96364265 0.22024363 0.96603318 0.21999238 0.96817238 0.21734999 0.97081484 0.21948981 0.97106609 0.22188033 0.97823828 0.22112650 0.98088006 0.22326578 0.98138263 0.22804744 0.98377316 0.22779618 0.98641494 0.22993545 0.98666619 0.23232598 1.00000000 0.23092454 1.00000000 0.08783238
0 0.55226016 1.00000000 0.18952115 0.70105594 0.13448446 0.77101661 0.41466174 1.00000000 0.55226016 1.00000000
