0 0.00000000 0.25637929 0.19805684 0.23916680 0.19686535 0.19841039 0.00000000 0.21329235 0.00000000 0.25637929
0 0.10074556 0.28629978 0.10506559 0.30425492 0.12585163 0.30112228 0.13561703 0.37552613 0.26012732 0.34992936 0.24414568 0.25764734 0.10074556 0.28629978
0 0.00000000 0.34577573 0.00043811 0.36076181 0.07782389 0.34619736 0.07290812 0.30786402 0.05219007 0.31326154 0.04786826 0.29530648 0.00000000 0.30615909 0.00000000 0.34577573
0 0.07520743 0.51633195 0.27527364 0.47851690 0.27487648 0.46493143 0.07291413 0.50282558 0.07520743 0.51633195
0 0.07264940 0.49377001 0.27271732 0.45595277 0.27232016 0.44236730 0.07035610 0.48026364 0.07264940 0.49377001
0 0.07776376 0.53889609 0.27783168 0.50107884 0.27743452 0.48749337 0.07547223 0.52538964 0.07776376 0.53889609
0 0.76613679 0.47458566 0.57387224 0.56533828 0.57582979 0.65374200 0.78037192 0.55357287 0.76613679 0.47458566
0 1.00000000 0.40386704 0.99999960 0.36348758 0.80359675 0.45533683 0.81866637 0.53830821 1.00000000 0.45109071 1.00000000 0.40386704
0 0.84181191 0.65247287 0.99999919 0.57678718 0.99999935 0.48846958 0.82632455 0.56950323 0.84181191 0.65247287
0 0.67817541 0.67968750 0.78485413 0.67968681 0.80099340 0.67105919 0.78802324 0.58742491 0.59703476 0.67968750 0.67817541 0.67968750
0 1.00000000 0.61700358 0.88084481 0.67458909 0.99999973 0.66802706 1.00000000 0.64128479 1.00000000 0.61700358
0 0.24389416 0.87795097 0.28706395 0.88546126 0.31270968 0.81180824 0.31243703 0.80009663 0.27949580 0.78423329 0.28634926 0.74283367 0.16553995 0.70225822 0.12500581 0.80796017 0.10819645 0.86942445 0.22115257 0.90845693 0.23021616 0.90602786 0.24389416 0.87795097
0 0.83237088 1.00000000 0.86701333 0.82984082 0.75996355 0.77568430 0.71687819 1.00000000 0.83237088 1.00000000
