0 0.00000000 0.15794631 0.17660930 0.13591010 0.17218621 0.11400042 0.00000000 0.13432042 0.00000000 0.15794631
0 0.09035867 0.16793290 0.09582075 0.17732808 0.11480913 0.17422979 0.12991082 0.21371338 0.24309644 0.19146812 0.22078346 0.14275934 0.09035867 0.16793290
0 0.00000000 0.19726776 0.00356043 0.21490424 0.07401722 0.20180376 0.06634359 0.18145375 0.04760265 0.18576946 0.04213893 0.17637445 0.00000000 0.18520177 0.00000000 0.19726776
0 0.08545410 0.29377826 0.26759356 0.25982238 0.26611920 0.25251915 0.08223075 0.28664616 0.08545410 0.29377826
0 0.08124799 0.28177810 0.26338886 0.24782091 0.26191450 0.24051768 0.07802464 0.27464599 0.08124799 0.28177810
0 0.08965880 0.30577973 0.27179967 0.27182254 0.27032531 0.26451931 0.08643709 0.29864746 0.08965880 0.30577973
0 0.76093813 0.12651257 0.63325377 0.05011588 0.57181037 0.18055059 0.58485400 0.18740668 0.57874254 0.19978709 0.69438689 0.26739736 0.71153555 0.26498727 0.76234638 0.13653285 0.76093813 0.12651257
0 0.24996732 0.89085180 0.29318754 0.87936389 0.28750683 0.84631715 0.24428825 0.85780478 0.24996732 0.89085180
0 0.15331272 0.90279127 0.21551945 0.88599784 0.21355348 0.86932703 0.15134675 0.88612046 0.15331272 0.90279127
0 0.04526710 0.47041906 0.08122002 0.47289742 0.08275061 0.45564296 0.04679933 0.45316433 0.04526710 0.47041906
0 0.18045597 0.67938535 0.23465658 0.67030738 0.23097067 0.63905205 0.17677006 0.64813001 0.18045597 0.67938535
0 0.65754195 0.46715669 0.65563383 0.38624875 0.53671665 0.40868044 0.53517517 0.46796556 0.65754195 0.46715669
0 0.58663492 0.87896054 0.66196388 0.88002252 0.65863868 0.74539754 0.53393660 0.74702541 0.54820320 0.88327426 0.58663492 0.87896054
