0 0.37333437 0.55333438 0.38000000 0.57666562 0.42000000 0.56333437 0.41666562 0.54000000 0.37333437 0.55333438
0 0.57000000 0.53666563 0.57333438 0.56000000 0.62000000 0.55333438 0.61666562 0.53000000 0.57000000 0.53666563
0 0.40666563 0.68666563 0.41333437 0.71000000 0.45333438 0.69666562 0.45000000 0.67333438 0.40666563 0.68666563
0 0.59666562 0.62333437 0.60000000 0.64666563 0.64666563 0.64000000 0.64333438 0.61666562 0.59666562 0.62333437
0 0.39666563 0.64000000 0.40333438 0.66333438 0.44333437 0.65000000 0.44000000 0.62666563 0.39666563 0.64000000
0 0.62000000 0.67666562 0.45666563 0.72666562 0.46000000 0.75000000 0.62333437 0.70000000 0.62000000 0.67666562
0 0.43333437 0.49333437 0.47666562 0.62333437 0.51000000 0.61666562 0.47000000 0.48333437 0.43333437 0.49333437
0 0.58333437 0.58000000 0.58666562 0.60333437 0.63333438 0.59666562 0.63000000 0.57333438 0.58333437 0.58000000
0 0.51333438 0.60666562 0.53666563 0.60000000 0.50333438 0.48000000 0.48000000 0.48666562 0.51333438 0.60666562
0 0.57666562 0.65000000 0.48000000 0.68000000 0.48333437 0.70333438 0.58000000 0.67666562 0.57666562 0.65000000
0 0.66000000 0.70000000 0.43333437 0.76666563 0.43666563 0.79333437 0.66333438 0.72333438 0.66000000 0.70000000
0 0.38666563 0.59666562 0.39333438 0.62000000 0.43333437 0.60666562 0.43000000 0.58333437 0.38666563 0.59666562
0 0.56000000 0.49333437 0.56333437 0.51666563 0.61000000 0.51000000 0.60666562 0.48666562 0.56000000 0.49333437
0 0.54333437 0.45000000 0.54666562 0.47333438 0.59333437 0.46666562 0.59000000 0.44333437 0.54333437 0.45000000
