0 0.47326681 0.30963151 0.34471868 0.29016918 0.34105848 0.30602537 0.46960662 0.32548769 0.47326681 0.30963151
0 0.92188318 0.36513639 0.93445611 0.33342829 0.93007510 0.31990107 0.75210818 0.31634423 0.72353558 0.39356031 0.72791659 0.40708753 0.81386990 0.40604029 0.82812212 0.36645629 0.92188318 0.36513639
0 1.00000000 0.41633884 0.83770210 0.41693395 0.82855589 0.43484218 0.82737855 0.51305591 0.83337068 0.51675530 1.00000000 0.51857710 1.00000000 0.41633884
0 0.31433838 0.78135331 0.28581363 0.80525023 0.34489359 0.83402089 0.37341841 0.81012526 0.31433838 0.78135331
0 0.49810304 0.75260780 0.48996347 0.75963130 0.53157743 0.78058554 0.53971507 0.77356336 0.49810304 0.75260780
0 0.63867188 0.76103586 0.65210512 0.76380794 0.68515028 0.62198430 0.63867188 0.61361247 0.63867188 0.76103586
0 0.79420450 1.00000000 0.80123441 0.97298474 0.63937446 0.93673062 0.63867188 0.93867975 0.63867188 0.97430758 0.74042750 1.00000000 0.79420450 1.00000000
0 0.63867188 0.91928018 0.80313494 0.96142699 0.81445652 0.92214662 0.64828758 0.88528470 0.63867188 0.91303283 0.63867188 0.91928018
0 0.66514771 0.81897426 0.83165436 0.85649666 0.84008104 0.81692066 0.67772469 0.78251312 0.66514771 0.81897426
0 0.67352944 0.76786936 0.75778344 0.78845124 0.76766949 0.74757351 0.68614900 0.72949346 0.67352944 0.76786936
0 0.69744590 0.66258774 0.78417718 0.68124410 0.79513954 0.64522044 0.70989677 0.62771986 0.69744590 0.66258774
0 0.72016742 0.58984375 0.71448203 0.60976765 0.87590685 0.64716069 0.88666122 0.61374353 0.79223339 0.58984375 0.72016742 0.58984375
