0 0.46074035 0.08715123 0.49358323 0.01813439 0.41724943 0.00740637 0.41460592 0.01124181 0.42256877 0.01446538 0.41818560 0.03067917 0.44561981 0.04505515 0.43359784 0.07071375 0.46074035 0.08715123
0 0.57812500 0.05770559 0.50802335 0.02016382 0.49977241 0.01900422 0.46663949 0.09008476 0.50380855 0.11003584 0.51847236 0.08053960 0.54619687 0.09284994 0.55206201 0.08105138 0.56975970 0.08985005 0.57797830 0.07627977 0.57812500 0.07636377 0.57812500 0.05770559
0 0.57812500 0.49620567 0.67733621 0.31017714 0.67730485 0.29636649 0.58192673 0.25929414 0.57812500 0.26593196 0.57812500 0.49620567
0 0.32722969 0.76867596 0.38331909 0.77655881 0.36823300 0.70146278 0.31434953 0.69191763 0.32722969 0.76867596
0 0.00000000 0.72663146 0.04623903 0.73312994 0.03115294 0.65803390 0.00000000 0.65365564 0.00000000 0.72663146
0 0.09192604 0.66065805 0.05656828 0.65963348 0.07138256 0.73666363 0.13106837 0.74702424 0.11873186 0.66639768 0.09192604 0.66065805
0 0.24406264 0.75698759 0.30208616 0.76514227 0.28920601 0.68838394 0.23145431 0.67829515 0.18062362 0.67509600 0.18262045 0.70298911 0.22876745 0.71144696 0.23453844 0.69845179 0.24406264 0.75698759
0 0.64464742 0.84326695 0.64491923 0.84133295 0.64712503 0.83967076 0.64739683 0.83773677 0.63966036 0.83664948 0.63799768 0.83444361 0.61672276 0.83145362 0.61506064 0.82924732 0.59765321 0.82680087 0.59683773 0.83260335 0.60264021 0.83341883 0.60430239 0.83562463 0.62170933 0.83807101 0.62337201 0.84027688 0.64464742 0.84326695
0 0.67676395 0.75508199 0.67812305 0.74541153 0.67425506 0.74486792 0.67262416 0.75647238 0.67041787 0.75813450 0.66851509 0.77167344 0.67238357 0.77221712 0.67455815 0.75674418 0.67676395 0.75508199
0 0.64551505 0.73885608 0.64385286 0.73665028 0.63611590 0.73556292 0.63777858 0.73776879 0.63971258 0.73804059 0.64137470 0.74024689 0.65297965 0.74187786 0.65325152 0.73994337 0.64551505 0.73885608
0 0.65028238 0.64879964 0.64946696 0.65460162 0.65112908 0.65680791 0.65004179 0.66454438 0.65170398 0.66675018 0.65143218 0.66868417 0.65336667 0.66895605 0.65557246 0.66729386 0.65750646 0.66756567 0.65971226 0.66590348 0.65805007 0.66369768 0.65886555 0.65789520 0.65720344 0.65568891 0.65801885 0.64988693 0.66022465 0.64822474 0.66215864 0.64849654 0.66049652 0.64629025 0.66131201 0.64048778 0.65964982 0.63828198 0.66073711 0.63054551 0.65907492 0.62833971 0.65989041 0.62253723 0.65602192 0.62199355 0.65466276 0.63166451 0.65632495 0.63387031 0.65496585 0.64354077 0.65055419 0.64686564 0.64861970 0.64659377 0.65028238 0.64879964
0 0.68337112 0.62386504 0.68391473 0.61999705 0.67617876 0.61890983 0.67427605 0.63244828 0.67621005 0.63272009 0.67787217 0.63492638 0.67980616 0.63519819 0.68116532 0.62552723 0.68337112 0.62386504
0 0.57812500 0.63274150 0.58533773 0.63375518 0.58754343 0.63209297 0.59334590 0.63290846 0.59555227 0.63124585 0.60135425 0.63206126 0.60356004 0.63039907 0.60936252 0.63121456 0.61156881 0.62955244 0.61930479 0.63063966 0.62151108 0.62897754 0.62537907 0.62952115 0.62592275 0.62565267 0.62426056 0.62344687 0.62453237 0.62151288 0.62066388 0.62096920 0.61900177 0.61876290 0.62120756 0.61710071 0.62507605 0.61764439 0.62561966 0.61377641 0.62395747 0.61157061 0.62422934 0.60963612 0.61842687 0.60882063 0.61622100 0.61048332 0.60848453 0.60939603 0.60627824 0.61105815 0.60047626 0.61024273 0.59827046 0.61190492 0.59246798 0.61108944 0.59026169 0.61275155 0.58252546 0.61166430 0.58031952 0.61332647 0.57812500 0.61301805 0.57812500 0.63274150
0 0.70650348 0.59960938 0.70515894 0.60917627 0.71096142 0.60999175 0.71262359 0.61219765 0.71649158 0.61274126 0.71869789 0.61107904 0.72005700 0.60140843 0.72226282 0.59974609 0.72129002 0.59960938 0.70650348 0.59960938
