0 0.97883933 0.47759927 0.98124616 0.47389307 0.97734790 0.45555319 0.97364154 0.45314558 0.97169249 0.44397603 0.95640835 0.44722477 0.96355519 0.48084801 0.96661170 0.48019833 0.97031885 0.48260578 0.97161821 0.48871881 0.98078854 0.48676959 0.97883933 0.47759927
0 0.95147689 0.39396135 0.95758992 0.39266198 0.95304182 0.37126481 0.94933562 0.36885798 0.94413782 0.34440428 0.92579795 0.34830254 0.93294479 0.38192578 0.93665099 0.38433262 0.93795052 0.39044643 0.94712007 0.38849738 0.95082704 0.39090405 0.95147689 0.39396135
0 1.00000000 0.33852461 0.99675140 0.33641553 0.99545187 0.33030172 0.96794167 0.33614919 0.96553500 0.33985617 0.96247770 0.34050602 0.96572628 0.35578938 0.96943326 0.35819605 0.97398137 0.37959322 1.00000000 0.37406279 1.00000000 0.33852461
0 0.48430714 0.80589337 0.46620920 0.76884658 0.40446535 0.79900858 0.39460538 0.84881574 0.34993473 0.83104624 0.29075674 0.85725718 0.31280945 0.89687222 0.48430714 0.80589337
0 0.68519011 0.50000000 0.92100237 0.75210465 0.99473771 0.68586100 0.82094192 0.50000000 0.68519011 0.50000000
0 0.61875000 0.63810626 0.81834066 0.85171341 0.89312544 0.78583774 0.64278975 0.51386405 0.61875000 0.52558889 0.61875000 0.63810626
0 1.00000000 1.00000000 1.00000000 0.90218514 0.89622481 0.79040886 0.82354707 0.85525521 0.95834566 1.00000000 1.00000000 1.00000000
0 0.61875000 0.84538676 0.71430900 0.94851439 0.78839434 0.88298547 0.61875000 0.70104179 0.61875000 0.84538676
0 0.89811380 1.00000000 0.79358323 0.88827856 0.71740837 0.95308551 0.76177927 1.00000000 0.89811380 1.00000000
0 0.61875000 0.95114547 0.66037615 0.99654602 0.69741730 0.96734410 0.61875000 0.88250175 0.61875000 0.95114547
