0 0.28748962 0.29930199 0.30859999 0.28447230 0.28362384 0.23341202 0.26245074 0.24624229 0.28748962 0.29930199
0 0.26794695 0.36409997 0.28912006 0.35126969 0.26408118 0.29820999 0.24111173 0.31111009 0.26794695 0.36409997
0 0.59317563 0.00000000 0.56730233 0.09236936 0.56794328 0.11072380 0.74521989 0.16932575 0.79157757 0.16770691 0.82274149 0.05017114 0.82274327 0.05004288 0.66676555 0.00000000 0.59317563 0.00000000
0 1.00000000 0.00000000 0.97991975 0.00000000 0.92087743 0.31005769 1.00000000 0.33059774 1.00000000 0.00000000
0 0.11387661 1.00000000 0.12066442 0.99459846 0.12059094 0.99303702 0.13074552 0.98495673 0.13067203 0.98339528 0.14082715 0.97531498 0.14075365 0.97375313 0.15090823 0.96567284 0.15083474 0.96411139 0.16098930 0.95603070 0.16091582 0.95446925 0.17107094 0.94638895 0.17099745 0.94482750 0.18318283 0.93513083 0.18310934 0.93356939 0.19326392 0.92548910 0.19319044 0.92392765 0.20334554 0.91584695 0.20327205 0.91428550 0.21342663 0.90620521 0.21335313 0.90464336 0.22350771 0.89656307 0.22343423 0.89500162 0.23358880 0.88692133 0.23351532 0.88535988 0.24366988 0.87727919 0.24359640 0.87571775 0.25375152 0.86763744 0.25367801 0.86607559 0.26383259 0.85799530 0.26375911 0.85643386 0.26782125 0.85320149 0.14997316 0.85625520 0.15019363 0.86093994 0.14613149 0.86417231 0.10193859 0.86531744 0.10230603 0.87312508 0.10027522 0.87474106 0.06239520 0.87572261 0.06021743 0.87421569 0.06014394 0.87265424 0.05796560 0.87114694 0.05781864 0.86802404 0.03256575 0.86867840 0.03038781 0.86717148 0.02994687 0.85780199 0.00258930 0.85851089 0.00912976 0.99748858 0.02806960 0.99699780 0.03024756 0.99850512 0.03031791 1.00000000 0.11387661 1.00000000
0 0.00000000 0.80349101 0.00038466 0.81166464 0.00248909 0.81161011 0.00466700 0.81311703 0.00263606 0.81473301 0.00270956 0.81629486 0.00067861 0.81791084 0.00207488 0.84757995 0.28406879 0.84027286 0.29422337 0.83219257 0.29414988 0.83063113 0.30227365 0.82416681 0.30220017 0.82260536 0.31032393 0.81614105 0.31025043 0.81457920 0.31837422 0.80811528 0.31830071 0.80655344 0.32845529 0.79847315 0.32838181 0.79691170 0.33650558 0.79044738 0.33643207 0.78888554 0.34455586 0.78242162 0.34448236 0.78085977 0.35463694 0.77277948 0.35456345 0.77121804 0.36268722 0.76475372 0.36261372 0.76319187 0.37073750 0.75672796 0.37066400 0.75516611 0.37878777 0.74870180 0.37871429 0.74714035 0.38886887 0.73906006 0.38879536 0.73749821 0.39285753 0.73426625 0.27711373 0.73726543 0.27740769 0.74351162 0.27537687 0.74512759 0.23960170 0.74605461 0.23757037 0.74767100 0.22494405 0.74799817 0.22523799 0.75424396 0.22320719 0.75586034 0.18953631 0.75673283 0.18735798 0.75522552 0.18706404 0.74897973 0.18075116 0.74914331 0.17857336 0.74763599 0.15963308 0.74812677 0.15745530 0.74661985 0.15716135 0.74037366 0.00000000 0.74444606 0.00000000 0.80349101
0 0.00000000 0.73193844 0.39647875 0.72166479 0.39865653 0.72317171 0.40917855 0.72289906 0.40910506 0.72133762 0.41925964 0.71325733 0.41918614 0.71169548 0.42934126 0.70361518 0.42926777 0.70205373 0.43739100 0.69558943 0.43731752 0.69402798 0.44747262 0.68594727 0.44739913 0.68438583 0.45755371 0.67630554 0.45748023 0.67474409 0.46560399 0.66827977 0.46553051 0.66671832 0.47568507 0.65863764 0.47561159 0.65707619 0.48576617 0.64899590 0.48569267 0.64743405 0.49381699 0.64097012 0.49374349 0.63940827 0.50389807 0.63132798 0.50382458 0.62976646 0.51397915 0.62168605 0.51390566 0.62012448 0.51999862 0.61527626 0.40004570 0.61838450 0.40019268 0.62150760 0.40237100 0.62301459 0.40244449 0.62457616 0.40041314 0.62619227 0.35411595 0.62739193 0.35448339 0.63519965 0.35245258 0.63681570 0.31457257 0.63779726 0.31239479 0.63629026 0.31202735 0.62848254 0.28466989 0.62919143 0.28249157 0.62768440 0.28219761 0.62143821 0.04650144 0.62754562 0.04679539 0.63379182 0.04476469 0.63540791 0.02161599 0.63600774 0.01958502 0.63762380 0.00000000 0.63813129 0.00000000 0.73193844
0 0.26482658 0.60000000 0.22855816 0.60093980 0.22449654 0.60417195 0.22457003 0.60573351 0.22050788 0.60896564 0.35519141 0.60547569 0.35736973 0.60698272 0.51941072 0.60278387 0.52158850 0.60429091 0.52790193 0.60412732 0.52770769 0.60000000 0.26482658 0.60000000
0 0.00000000 0.61467949 0.04584004 0.61349167 0.04801837 0.61499870 0.17849276 0.61161782 0.18255492 0.60838565 0.18248143 0.60682412 0.18857439 0.60197586 0.00000000 0.60686225 0.00000000 0.61467949
0 0.69419463 1.00000000 0.79900240 0.80315227 0.79906797 0.80189609 0.74217024 0.77080817 0.74052905 0.77086548 0.62458986 1.00000000 0.69419463 1.00000000
0 0.72778911 1.00000000 0.71217269 0.99405044 0.71378544 0.98364250 0.74432257 0.99236646 0.75672524 0.94526117 0.73366394 0.93356512 0.73399074 0.92322398 0.76408112 0.94100342 0.77844625 0.88808703 0.77816181 0.87994200 0.69530680 0.84905384 0.68851094 0.84929116 0.63463035 1.00000000 0.72778911 1.00000000
