0 0.19474935 0.30612520 0.22012606 0.29337906 0.21804617 0.28349489 0.19301622 0.29788891 0.19474935 0.30612520
0 0.47363582 0.25071922 0.52189970 0.31253395 0.54366006 0.28152353 0.59124397 0.34662877 0.61780036 0.30974081 0.52341446 0.18005275 0.47363582 0.25071922
0 0.55586107 0.20530878 0.59489378 0.25865703 0.65067952 0.17622016 0.63124515 0.14917087 0.62074074 0.16612545 0.60009038 0.13828839 0.55586107 0.20530878
0 0.42986699 0.85745309 0.42624285 0.85848448 0.42420736 0.85708806 0.42217625 0.84778960 0.42339923 0.84546635 0.42136812 0.83616789 0.41322178 0.83848626 0.41118639 0.83709031 0.41078008 0.83523023 0.37819430 0.84450382 0.37615849 0.84310799 0.37412738 0.83380953 0.37209199 0.83241358 0.36883362 0.83334088 0.36679813 0.83194446 0.36353934 0.83287188 0.36150396 0.83147593 0.35661598 0.83286700 0.35458060 0.83147105 0.35132181 0.83239847 0.34928632 0.83100204 0.34602753 0.83192946 0.34399215 0.83053351 0.34073378 0.83146081 0.33869839 0.83006486 0.33381042 0.83145593 0.33177461 0.83006010 0.32851624 0.83098740 0.32648085 0.82959146 0.32322207 0.83051887 0.32118658 0.82912245 0.31792779 0.83004987 0.31589240 0.82865392 0.31100485 0.83004487 0.30896904 0.82864904 0.30571067 0.82957634 0.30367477 0.82818003 0.30041640 0.82910733 0.29838101 0.82771139 0.29512222 0.82863880 0.29308683 0.82724286 0.27842333 0.83141594 0.27638753 0.83002011 0.26009484 0.83465685 0.25887186 0.83698009 0.26090297 0.84627856 0.25968009 0.84860228 0.26171120 0.85790074 0.26048780 0.86022411 0.26251891 0.86952257 0.26129593 0.87184582 0.26373335 0.88300435 0.26251036 0.88532760 0.26454158 0.89462654 0.26331818 0.89694990 0.26534929 0.90624837 0.26412631 0.90857161 0.26615742 0.91787008 0.26493454 0.92019380 0.26696565 0.92949226 0.26574267 0.93181551 0.26777388 0.94111445 0.26655090 0.94343770 0.26858201 0.95273616 0.26735861 0.95505952 0.26938972 0.96435799 0.26816684 0.96668171 0.27019795 0.97598017 0.26897497 0.97830342 0.27100618 0.98760236 0.26978278 0.98992572 0.42986699 0.94436737 0.42986699 0.85745309
0 0.06258418 1.00000000 0.06167078 0.99581841 0.06289388 0.99349513 0.06126898 0.98605626 0.05149324 0.98883834 0.04945777 0.98744242 0.04864526 0.98372275 0.04986833 0.98139947 0.04824342 0.97396061 0.05068949 0.96931358 0.05557734 0.96792255 0.05761295 0.96931893 0.05924226 0.96885525 0.06046523 0.96653150 0.05802791 0.95537344 0.05925098 0.95305017 0.05884468 0.95119010 0.04906898 0.95397216 0.04703347 0.95257625 0.04825658 0.95025297 0.04581916 0.93909443 0.04704223 0.93677116 0.05844728 0.93352540 0.05641616 0.92422694 0.05763923 0.92190367 0.05682672 0.91818400 0.04705099 0.92096607 0.04501547 0.91957016 0.04298436 0.91027170 0.04420737 0.90794794 0.04380117 0.90608834 0.04502428 0.90376506 0.05479997 0.90098300 0.05317506 0.89354413 0.02873574 0.90049931 0.02670025 0.89910340 0.02507096 0.89956708 0.04700904 1.00000000 0.06258418 1.00000000
0 0.23438350 1.00000000 0.24860212 0.99595352 0.24982552 0.99363016 0.25308389 0.99270286 0.25511928 0.99409881 0.26163644 0.99224409 0.26001153 0.98480522 0.26123483 0.98248138 0.26082862 0.98062179 0.24942349 0.98386757 0.24738811 0.98247162 0.24616940 0.97689235 0.24739238 0.97456911 0.24617367 0.96898984 0.24739666 0.96666659 0.25717260 0.96388446 0.25920799 0.96528040 0.25798939 0.95970161 0.25473060 0.96062903 0.25269511 0.95923261 0.24943632 0.96016002 0.24740093 0.95876408 0.24496362 0.94760602 0.24618650 0.94528230 0.25759163 0.94203651 0.25881461 0.93971326 0.25678350 0.93041480 0.24537879 0.93366047 0.24334299 0.93226464 0.24456628 0.92994079 0.24212897 0.91878274 0.24335195 0.91645949 0.25638627 0.91275005 0.25516756 0.90717079 0.24539203 0.90995280 0.24335612 0.90855650 0.24091881 0.89739844 0.24336509 0.89275135 0.25314062 0.88996933 0.25273442 0.88810974 0.25395782 0.88578637 0.25273911 0.88020710 0.24133398 0.88345289 0.23929859 0.88205694 0.24052158 0.87973369 0.23849047 0.87043523 0.23971335 0.86811151 0.23930714 0.86625191 0.24053013 0.86392866 0.25193526 0.86068288 0.24990415 0.85138441 0.24012820 0.85416655 0.23809271 0.85277013 0.23931569 0.85044688 0.23728458 0.84114842 0.23850798 0.83882505 0.24991270 0.83557939 0.24910019 0.83185971 0.24706480 0.83046377 0.24665850 0.82860369 0.24014134 0.83045841 0.23810595 0.82906246 0.23769975 0.82720287 0.23444096 0.82813028 0.23240558 0.82673434 0.22751802 0.82812528 0.22548222 0.82672946 0.22222385 0.82765676 0.22018794 0.82626045 0.21692957 0.82718775 0.21489418 0.82579180 0.21000621 0.82718287 0.20797082 0.82578692 0.20471204 0.82671434 0.20267655 0.82531792 0.19941818 0.82624522 0.19738237 0.82484939 0.19412400 0.82577669 0.19208820 0.82438086 0.18720064 0.82577181 0.18516526 0.82437586 0.18190647 0.82530328 0.17987108 0.82390733 0.17661229 0.82483475 0.17457680 0.82343832 0.16968883 0.82482939 0.16765344 0.82343344 0.16439466 0.82436086 0.16235927 0.82296491 0.15910090 0.82389221 0.15706541 0.82249579 0.15380662 0.82342321 0.15177123 0.82202726 0.14688326 0.82341833 0.14484787 0.82202238 0.11226208 0.83129597 0.11022628 0.82990014 0.10819507 0.82060120 0.10004872 0.82291957 0.09801334 0.82152362 0.09760713 0.81966402 0.08783161 0.82244604 0.08579580 0.82105021 0.08538960 0.81919061 0.07561407 0.82197263 0.07357858 0.82057621 0.07276618 0.81685701 0.06299024 0.81963915 0.06176725 0.82196239 0.06379836 0.83126086 0.06257538 0.83358410 0.06460659 0.84288304 0.06338319 0.84520641 0.06541430 0.85450487 0.06419142 0.85682859 0.06622254 0.86612706 0.06499955 0.86845030 0.06703066 0.87774877 0.06580726 0.88007213 0.06783848 0.88937107 0.06661558 0.89169429 0.06905300 0.90285283 0.06782993 0.90517610 0.06986104 0.91447456 0.06863797 0.91679783 0.07066908 0.92609630 0.06944608 0.92842005 0.07147719 0.93771852 0.07025408 0.94004180 0.07228530 0.94934074 0.07106223 0.95166401 0.07309334 0.96096247 0.07187027 0.96328574 0.07390139 0.97258421 0.07267838 0.97490796 0.07470949 0.98420643 0.07348638 0.98652971 0.07551760 0.99582865 0.07429453 0.99815192 0.07469822 1.00000000 0.23438350 1.00000000
0 0.24635740 0.63708303 0.24513442 0.63940627 0.24716564 0.64870521 0.24594265 0.65102846 0.24797376 0.66032692 0.24675088 0.66265064 0.24837569 0.67008903 0.24715239 0.67241287 0.24918350 0.68171134 0.24796052 0.68403458 0.24999174 0.69333352 0.24876875 0.69565677 0.25079987 0.70495523 0.24957646 0.70727860 0.25160757 0.71657706 0.25038470 0.71890078 0.25241581 0.72819925 0.25119282 0.73052249 0.25322404 0.73982143 0.25200105 0.74214468 0.25403217 0.75144314 0.25280918 0.75376639 0.25484029 0.76306485 0.25361700 0.76538869 0.25524191 0.77282756 0.25401892 0.77515080 0.25605004 0.78444927 0.25482716 0.78677299 0.25685827 0.79607145 0.25563487 0.79839482 0.25766598 0.80769328 0.25644299 0.81001653 0.25725550 0.81373620 0.25929089 0.81513215 0.26254967 0.81420473 0.26458517 0.81560115 0.26784395 0.81467373 0.26987934 0.81606968 0.27313771 0.81514238 0.27517351 0.81653821 0.27843188 0.81561091 0.28046769 0.81700674 0.28372606 0.81607944 0.28576145 0.81747539 0.28902023 0.81654797 0.29105572 0.81794439 0.29431451 0.81701698 0.29634990 0.81841292 0.29960827 0.81748562 0.30164365 0.81888157 0.30653163 0.81749051 0.30856754 0.81888681 0.31182591 0.81795951 0.31386129 0.81935546 0.31712008 0.81842804 0.31915547 0.81982399 0.32241425 0.81889657 0.32444964 0.82029252 0.34725948 0.81380106 0.34929529 0.81519689 0.35132650 0.82449583 0.36110203 0.82171382 0.36313742 0.82310976 0.37128376 0.82079140 0.37331957 0.82218722 0.37372577 0.82404682 0.38350130 0.82126481 0.38553678 0.82266123 0.39531273 0.81987909 0.39734812 0.82127504 0.39816062 0.82499471 0.40304860 0.82360365 0.40508398 0.82499959 0.40997196 0.82360852 0.40834705 0.81616966 0.40956993 0.81384594 0.40672641 0.80082828 0.40794929 0.79850456 0.39817376 0.80128657 0.39613838 0.79989062 0.39532597 0.79617143 0.39654896 0.79384818 0.39370534 0.78083005 0.39492832 0.77850680 0.39289711 0.76920787 0.38312158 0.77198988 0.38108619 0.77059393 0.38230918 0.76827069 0.38068427 0.76083182 0.38190715 0.75850810 0.37987603 0.74920964 0.38109902 0.74688639 0.37906791 0.73758793 0.37092156 0.73990629 0.36888618 0.73851035 0.36685496 0.72921141 0.36807794 0.72688816 0.36523433 0.71387003 0.36645731 0.71154678 0.36442620 0.70224832 0.36116783 0.70317562 0.35913192 0.70177931 0.35750274 0.70224296 0.35546735 0.70084701 0.35303004 0.68968895 0.35425292 0.68736523 0.35100310 0.67248750 0.34122757 0.67526952 0.33919176 0.67387369 0.33878556 0.67201409 0.34000896 0.66969072 0.33838405 0.66225186 0.33960693 0.65992814 0.33757582 0.65062967 0.33879880 0.64830643 0.33717390 0.64086756 0.33065674 0.64272228 0.32658596 0.63993038 0.32414855 0.62877185 0.32537153 0.62644860 0.32252791 0.61343047 0.32375090 0.61110722 0.32293839 0.60738755 0.31479205 0.60970592 0.31275666 0.60830997 0.31194415 0.60459030 0.30216821 0.60737243 0.30013282 0.60597649 0.29932042 0.60225729 0.29809743 0.60458054 0.29158028 0.60643526 0.28954489 0.60503931 0.28913869 0.60317971 0.27936274 0.60596185 0.27732725 0.60456542 0.27651485 0.60084623 0.26836809 0.60316471 0.26633260 0.60176829 0.26592640 0.59990869 0.25615087 0.60269071 0.25411506 0.60129488 0.25370886 0.59943528 0.24393333 0.60221730 0.24271035 0.60454055 0.24474146 0.61383901 0.24351817 0.61616285 0.24554928 0.62546131 0.24432629 0.62778456 0.24635740 0.63708303
0 0.04761933 0.63043149 0.05005675 0.64159003 0.04883377 0.64391327 0.05086488 0.65321174 0.04964158 0.65553558 0.05167269 0.66483404 0.05044971 0.66715729 0.05248082 0.67645575 0.05125784 0.67877900 0.05328905 0.68807793 0.05206565 0.69040130 0.05409676 0.69969976 0.05287388 0.70202349 0.05490500 0.71132195 0.05368201 0.71364520 0.05611933 0.72480326 0.05489645 0.72712698 0.05692756 0.73642544 0.05570457 0.73874869 0.05773579 0.74804763 0.05651239 0.75037099 0.05854350 0.75966945 0.05732052 0.76199270 0.05935163 0.77129116 0.05812875 0.77361489 0.06015986 0.78291335 0.05893646 0.78523672 0.06137387 0.79639525 0.06015089 0.79871850 0.06218200 0.80801696 0.06544079 0.80708954 0.06747628 0.80848597 0.07236425 0.80709490 0.07439964 0.80849085 0.07765801 0.80756355 0.07969381 0.80895938 0.08295219 0.80803208 0.08498799 0.80942791 0.08824636 0.80850061 0.09028175 0.80989655 0.09354053 0.80896914 0.09557602 0.81036556 0.09883481 0.80943814 0.10087020 0.81083409 0.10412857 0.80990679 0.10616395 0.81130274 0.10942274 0.81037532 0.11145823 0.81177174 0.11471702 0.81084433 0.11675241 0.81224027 0.12001078 0.81131297 0.12204658 0.81270880 0.14974440 0.80482628 0.15177978 0.80622223 0.15218599 0.80808183 0.15422189 0.80947813 0.15544060 0.81505740 0.16521613 0.81227538 0.16725152 0.81367133 0.16765772 0.81553093 0.17091651 0.81460351 0.17295189 0.81599946 0.17621026 0.81507216 0.17824607 0.81646799 0.18313404 0.81507692 0.18516953 0.81647334 0.18842790 0.81554604 0.19046329 0.81694199 0.19535126 0.81555093 0.19738706 0.81694675 0.20064543 0.81601945 0.20268093 0.81741588 0.20593971 0.81648846 0.20797510 0.81788441 0.21286307 0.81649334 0.21489846 0.81788929 0.23607912 0.81186148 0.23323550 0.79884335 0.23445890 0.79651999 0.24586361 0.79327432 0.24220759 0.77653699 0.23569043 0.77839171 0.23365505 0.77699576 0.23121763 0.76583723 0.23244061 0.76351398 0.23203441 0.76165438 0.23325729 0.75933066 0.24140405 0.75701217 0.24343954 0.75840860 0.24222083 0.75282933 0.24344371 0.75050561 0.24222511 0.74492681 0.24018972 0.74353087 0.23204338 0.74584923 0.23000747 0.74445293 0.23123087 0.74212956 0.22919976 0.73283110 0.23042275 0.73050785 0.24182788 0.72726207 0.24020286 0.71982273 0.23042692 0.72260486 0.22839153 0.72120891 0.22798533 0.71934932 0.22920831 0.71702607 0.22717710 0.70772713 0.22840050 0.70540377 0.23980521 0.70215810 0.23858661 0.69657931 0.22881108 0.69936132 0.22677559 0.69796490 0.22799857 0.69564165 0.22556126 0.68448359 0.22678414 0.68215987 0.23818927 0.67891408 0.23615816 0.66961562 0.22638221 0.67239776 0.22434682 0.67100181 0.22556981 0.66867856 0.22313239 0.65752003 0.22435537 0.65519678 0.23576051 0.65195100 0.23698349 0.64962775 0.23454607 0.63846921 0.22477054 0.64125123 0.22273516 0.63985528 0.22192265 0.63613561 0.22314563 0.63381237 0.22152072 0.62637350 0.22396711 0.62172689 0.23374264 0.61894487 0.23171142 0.60964593 0.23293440 0.60732268 0.23171570 0.60174342 0.22356935 0.60406178 0.21949858 0.60126989 0.21623979 0.60219731 0.21420430 0.60080088 0.21094551 0.60172830 0.20891013 0.60033235 0.20565176 0.60125965 0.20361595 0.59986382 0.19872798 0.60125489 0.19669259 0.59985894 0.19343422 0.60078624 0.19139884 0.59939029 0.18814005 0.60031771 0.18610456 0.59892129 0.18121659 0.60031236 0.17918120 0.59891641 0.17592241 0.59984383 0.17388703 0.59844788 0.14130124 0.60772147 0.13926575 0.60632504 0.13723463 0.59702658 0.13234666 0.59841765 0.13112378 0.60074137 0.12949418 0.60120514 0.12745869 0.59980872 0.12664629 0.59608952 0.12501710 0.59655317 0.12298161 0.59515675 0.11972282 0.59608416 0.11768744 0.59468822 0.11279946 0.59607929 0.11076408 0.59468334 0.10750571 0.59561064 0.10546990 0.59421481 0.10058193 0.59560588 0.09854654 0.59420993 0.09528817 0.59513723 0.09325268 0.59374080 0.08836471 0.59513187 0.08632891 0.59373604 0.08307054 0.59466334 0.08103515 0.59326739 0.07777636 0.59419481 0.07574087 0.59279839 0.07085290 0.59418946 0.06881753 0.59279360 0.06555916 0.59372090 0.06352334 0.59232498 0.05863537 0.59371605 0.05659996 0.59232000 0.04519483 0.59556579 0.04722596 0.60486435 0.04600297 0.60718759 0.04803409 0.61648606 0.04681121 0.61880978 0.04884232 0.62810824 0.04761933 0.63043149
0 0.00000000 0.78479180 0.00516574 0.80844062 0.00720133 0.80983701 0.01208920 0.80844598 0.01412467 0.80984190 0.01738329 0.80891453 0.01941876 0.81031045 0.02267734 0.80938310 0.02471285 0.81077901 0.02960070 0.80938797 0.03163621 0.81078389 0.03489475 0.80985654 0.03693036 0.81125293 0.04181821 0.80986189 0.04385372 0.81125781 0.04874157 0.80986678 0.04996447 0.80754355 0.04752705 0.79638502 0.04875045 0.79406165 0.04631314 0.78290359 0.04753602 0.78057987 0.04509871 0.76942181 0.04632169 0.76709856 0.04388427 0.75594003 0.04510767 0.75361666 0.04307646 0.74431772 0.04429944 0.74199447 0.04186213 0.73083641 0.04308501 0.72851269 0.04146020 0.72107430 0.04268308 0.71875058 0.04065197 0.70945212 0.04187496 0.70712887 0.03943754 0.69597033 0.04066094 0.69364697 0.03862983 0.68434851 0.03985271 0.68202478 0.03782160 0.67272632 0.03904458 0.67040307 0.03660727 0.65924501 0.03783056 0.65692117 0.03539325 0.64576311 0.03661623 0.64343986 0.03417882 0.63228133 0.03540180 0.62995808 0.03296439 0.61879954 0.03418737 0.61647630 0.03174995 0.60531776 0.03297296 0.60299461 0.02972314 0.58811688 0.02768773 0.58672084 0.02117057 0.58857555 0.01913516 0.58717951 0.00773003 0.59042530 0.00569461 0.58902921 0.00528838 0.58716947 0.00202959 0.58809688 0.00000000 0.58670475 0.00000000 0.78479180
0 0.18854298 0.50933786 0.18248785 0.51106109 0.18411276 0.51849996 0.18288980 0.52082330 0.17311385 0.52360543 0.18001972 0.55522063 0.18979567 0.55243850 0.19183109 0.55383459 0.19467473 0.56685282 0.20445025 0.56407080 0.20648606 0.56546663 0.20689226 0.56732623 0.21829697 0.56408056 0.22033278 0.56547639 0.22073898 0.56733599 0.22888532 0.56501762 0.23092081 0.56641404 0.23132701 0.56827364 0.24110296 0.56549151 0.24313835 0.56688745 0.24354465 0.56874753 0.25332060 0.56596539 0.25535598 0.56736134 0.25576218 0.56922094 0.26553771 0.56643892 0.26757352 0.56783475 0.26797972 0.56969434 0.27775525 0.56691233 0.27979074 0.56830875 0.28019694 0.57016835 0.28834328 0.56784998 0.29037909 0.56924581 0.29119159 0.57296548 0.30422591 0.56925605 0.29853867 0.54321978 0.28876272 0.54600192 0.28672734 0.54460597 0.27902354 0.50933786 0.18854298 0.50933786
0 0.04765867 0.55930871 0.04969408 0.56070480 0.05295287 0.55977739 0.05498829 0.56117348 0.05987626 0.55978241 0.06191167 0.56117845 0.06517004 0.56025115 0.06720587 0.56164708 0.07046424 0.56071978 0.07250007 0.56211575 0.07738763 0.56072480 0.07942304 0.56212089 0.08268183 0.56119347 0.08471724 0.56258951 0.08797603 0.56166210 0.09001143 0.56305814 0.09489941 0.56166707 0.09693482 0.56306316 0.11648630 0.55749901 0.11852172 0.55889510 0.11892794 0.56075479 0.12096335 0.56215084 0.12422213 0.56122342 0.12625755 0.56261951 0.12951634 0.56169209 0.13155176 0.56308818 0.13481013 0.56216088 0.13684595 0.56355681 0.14173392 0.56216574 0.14376933 0.56356178 0.14702770 0.56263448 0.14906312 0.56403057 0.15232191 0.56310315 0.15435733 0.56449924 0.15761611 0.56357183 0.15965152 0.56496787 0.16290989 0.56404057 0.16494571 0.56543649 0.16983369 0.56404543 0.17186905 0.56544128 0.17512742 0.56451398 0.17716291 0.56591040 0.16619475 0.51569794 0.03096403 0.55418324 0.03218272 0.55976241 0.03544109 0.55883511 0.03747650 0.56023116 0.04236447 0.55884009 0.04440030 0.56023601 0.04765867 0.55930871
0 0.56222643 0.54447097 0.55142193 0.54678934 0.55196071 0.54864908 0.55033816 0.55097259 0.54169500 0.55282719 0.54277254 0.55654657 0.54114999 0.55887008 0.53034548 0.56118845 0.53088427 0.56304819 0.52926225 0.56537153 0.52061854 0.56722625 0.51899597 0.56954971 0.52061232 0.57512888 0.51899030 0.57745222 0.49738130 0.58208896 0.49845887 0.58580844 0.49683685 0.58813178 0.48603180 0.59045027 0.48657057 0.59230996 0.48494857 0.59463335 0.47198272 0.59741548 0.47306028 0.60113492 0.47143826 0.60345826 0.46279455 0.60531298 0.46441090 0.61089215 0.47521540 0.60857378 0.47791549 0.60996961 0.47899312 0.61368928 0.47737052 0.61601265 0.47844801 0.61973184 0.48114824 0.62112815 0.48438085 0.63228621 0.49302456 0.63043149 0.49572410 0.63182744 0.49895684 0.64298597 0.51192269 0.64020384 0.51462223 0.64159979 0.51569985 0.64531946 0.51407781 0.64764270 0.51623293 0.65508157 0.52703743 0.65276320 0.52973697 0.65415915 0.53404721 0.66903688 0.54485171 0.66671851 0.54755124 0.66811446 0.55132274 0.68113259 0.56212779 0.67881411 0.56482733 0.68021006 0.56806008 0.69136859 0.57886458 0.68905022 0.57832583 0.68719063 0.57994843 0.68486726 0.59075294 0.68254889 0.59021405 0.68068882 0.59183610 0.67836557 0.60264060 0.67604721 0.60156297 0.67232754 0.60318501 0.67000429 0.61182928 0.66814945 0.60859667 0.65699139 0.61021858 0.65466767 0.63398837 0.64956729 0.63344963 0.64770769 0.63669427 0.64306108 0.64533798 0.64120636 0.64479924 0.63934676 0.64642115 0.63702304 0.65722620 0.63470455 0.65668745 0.63284496 0.65830950 0.63052171 0.66263108 0.62959441 0.66425299 0.62727069 0.66857512 0.62634327 0.66803637 0.62448367 0.66965842 0.62216042 0.68046292 0.61984206 0.67992417 0.61798246 0.68154677 0.61565909 0.69019049 0.61380438 0.69181239 0.61148065 0.68857978 0.60032259 0.69020183 0.59799935 0.70965004 0.59382626 0.71127250 0.59150242 0.71343329 0.59103877 0.71505534 0.58871552 0.71721668 0.58825175 0.71883872 0.58592851 0.72099951 0.58546486 0.72262142 0.58314113 0.72478221 0.58267749 0.72640481 0.58035412 0.72856560 0.57989047 0.73018764 0.57756722 0.73234898 0.57710345 0.73397103 0.57478021 0.72912205 0.55804288 0.72263912 0.55943395 0.71993945 0.55803752 0.71777811 0.55850129 0.71507857 0.55710534 0.71184589 0.54594705 0.70104139 0.54826541 0.69834181 0.54686932 0.69349280 0.53013190 0.68268830 0.53245027 0.67998818 0.53105434 0.67783306 0.52361548 0.66702856 0.52593384 0.66432898 0.52453776 0.66109630 0.51337946 0.57681996 0.53146298 0.57735874 0.53332270 0.57573673 0.53564606 0.56493168 0.53796455 0.56330967 0.54028794 0.56384845 0.54214763 0.56222643 0.54447097
