0 0.06515205 0.20666972 0.09547970 0.19051907 0.09245568 0.17839038 0.06212803 0.19454103 0.06515205 0.20666972
0 0.04950746 0.17836368 0.07983321 0.16221351 0.07680919 0.15008481 0.04648343 0.16623499 0.04950746 0.17836368
0 0.05758160 0.19352680 0.08790972 0.17737804 0.08488570 0.16524935 0.05455757 0.18139810 0.05758160 0.19352680
0 0.03234896 0.14399377 0.07733556 0.11774689 0.07481570 0.10764028 0.02982910 0.13388715 0.03234896 0.14399377
0 0.00913202 0.10254527 0.05411909 0.07630029 0.05159876 0.06619178 0.00661215 0.09243866 0.00913202 0.10254527
0 0.00000000 0.08313926 0.00105788 0.08738216 0.04604448 0.06113529 0.04352461 0.05102867 0.00000000 0.07642256 0.00000000 0.08313926
0 0.00000000 0.07043923 0.03847260 0.04799473 0.03595227 0.03788621 0.00000000 0.05886212 0.00000000 0.07043923
0 0.02427482 0.12883065 0.06926142 0.10258378 0.06674155 0.09247717 0.02175448 0.11872214 0.02427482 0.12883065
0 0.04500804 0.10004171 0.06219323 0.09146341 0.05967337 0.08135679 0.04248817 0.08993509 0.04500804 0.10004171
0 0.68688652 0.20017818 0.65753010 0.28050002 0.67369469 0.28505684 0.70153507 0.20726077 0.68688652 0.20017818
0 0.00000000 0.54811788 0.00284794 0.54059267 0.00248989 0.53831276 0.00464598 0.53261540 0.00428794 0.53033549 0.00752223 0.52178983 0.00716417 0.51950980 0.00932012 0.51381281 0.00896204 0.51153273 0.01219634 0.50298712 0.01183827 0.50070704 0.01507257 0.49216143 0.01471450 0.48988134 0.01687046 0.48418441 0.01651238 0.48190432 0.01974668 0.47335872 0.01938861 0.47107863 0.02154456 0.46538164 0.02118650 0.46310162 0.02442079 0.45455595 0.00000000 0.46422268 0.00000000 0.54811788
