0 0.16465033 0.27402838 0.19041380 0.26865421 0.19074826 0.25928492 0.16498478 0.26465909 0.16465033 0.27402838
0 0.15910246 0.25038707 0.18486444 0.24501284 0.18519889 0.23564356 0.15943692 0.24101778 0.15910246 0.25038707
0 0.16184854 0.26298801 0.18761196 0.25761530 0.18794642 0.24824601 0.16218299 0.25361872 0.16184854 0.26298801
0 0.15372033 0.22206107 0.19242052 0.21243847 0.19269922 0.20463122 0.15399902 0.21425381 0.15372033 0.22206107
0 0.14536918 0.18737934 0.18406932 0.17775821 0.18434807 0.16994949 0.14564787 0.17957208 0.14536918 0.18737934
0 0.14262310 0.17477839 0.18132330 0.16515580 0.18160199 0.15734855 0.14290179 0.16697114 0.14262310 0.17477839
0 0.13981982 0.16373797 0.17851996 0.15411684 0.17879871 0.14630813 0.14009851 0.15593072 0.13981982 0.16373797
0 0.15097425 0.20946012 0.18967444 0.19983753 0.18995314 0.19203028 0.15125299 0.20165141 0.15097425 0.20946012
0 0.17233769 0.19299098 0.18681540 0.19035915 0.18709410 0.18255189 0.17261639 0.18518373 0.17233769 0.19299098
0 0.91442387 0.00000000 0.85855389 0.12386234 0.85832668 0.13362202 0.87348775 0.15395932 0.87873835 0.15228004 0.93518130 0.02234313 0.93155009 0.01042703 0.92053560 0.00000000 0.91442387 0.00000000
0 0.64234143 0.17702929 0.62581711 0.21525004 0.71890273 0.30220722 0.73519984 0.27374615 0.72385176 0.25751720 0.72282313 0.24573743 0.73907480 0.21922829 0.72270333 0.19491895 0.74173935 0.16073840 0.62698622 0.05310309 0.61050734 0.08937190 0.64361381 0.12237511 0.62592452 0.15467189 0.62955574 0.16658799 0.64234143 0.17702929
0 0.40141280 0.73177840 0.40423021 0.61075841 0.33669945 0.60135813 0.32884627 0.60290108 0.32332301 0.61629198 0.32082370 0.72364841 0.33500156 0.73025401 0.40141280 0.73177840
0 0.96401471 0.89699361 0.95947118 0.73807213 0.68936805 0.77338361 0.69400741 0.92818846 0.96401471 0.89699361
0 0.54897796 0.51873088 0.54452590 0.53292344 0.53776069 0.52844742 0.53176870 0.54977221 0.59530418 0.59431676 0.59990000 0.57394926 0.59654135 0.57068209 0.59895906 0.55535255 0.54897796 0.51873088
