0 0.26819577 0.18061377 0.22976094 0.18098311 0.23338036 0.18870548 0.27181519 0.18833615 0.26819577 0.18061377
0 0.26823837 0.20129929 0.22980566 0.20166830 0.23342508 0.20939068 0.27185779 0.20902167 0.26823837 0.20129929
0 0.26791613 0.19031204 0.22948187 0.19068258 0.23310129 0.19840495 0.27153555 0.19803441 0.26791613 0.19031204
0 0.28991230 0.22694803 0.23165798 0.22621501 0.23467397 0.23264992 0.29292830 0.23338294 0.28991230 0.22694803
0 0.28967527 0.25733181 0.23142151 0.25659999 0.23443751 0.26303490 0.29269183 0.26376793 0.28967527 0.25733181
0 0.28999963 0.26831874 0.23174530 0.26758572 0.23476130 0.27402063 0.29301562 0.27475365 0.28999963 0.26831874
0 0.28971788 0.27801732 0.23146412 0.27728551 0.23448012 0.28372042 0.29273444 0.28445344 0.28971788 0.27801732
0 0.29023609 0.23793376 0.23198177 0.23720073 0.23499833 0.24363685 0.29325209 0.24436867 0.29023609 0.23793376
0 0.28935148 0.24634608 0.26788339 0.24687617 0.27089939 0.25331108 0.29236748 0.25278099 0.28935148 0.24634608
0 1.00000000 0.32898668 0.98838199 0.33312392 0.99020658 0.34217378 0.99164548 0.34327784 1.00000000 0.34030275 1.00000000 0.32898668
0 0.96538007 0.33969857 0.96750874 0.35025661 0.97772270 0.34661936 0.97620217 0.33907769 0.97166261 0.34069425 0.96878482 0.33848612 0.96538007 0.33969857
0 0.96081865 0.31707433 0.96264325 0.32612418 0.97285720 0.32248694 0.97133668 0.31494526 0.96566229 0.31696595 0.96422340 0.31586188 0.96081865 0.31707433
0 0.98916903 0.28273001 0.98349464 0.28475069 0.98266397 0.28666337 0.97925922 0.28787582 0.98077967 0.29541711 0.99212874 0.29137564 0.99060829 0.28383436 0.98916903 0.28273001
0 0.95457367 0.27403436 0.95426960 0.27252618 0.95086514 0.27373852 0.95299381 0.28429656 0.96434259 0.28025519 0.96312621 0.27422209 0.96168732 0.27311802 0.95601293 0.27513870 0.95457367 0.27403436
0 0.99255200 0.25727714 0.97439373 0.26374340 0.97652232 0.27430104 0.98900621 0.26985546 0.98809399 0.26533092 0.98892473 0.26341863 0.99346430 0.26180206 0.99255200 0.25727714
0 0.93002368 0.15830128 0.92858479 0.15719721 0.92797656 0.15418047 0.92684174 0.15458458 0.93170723 0.17871701 0.93314621 0.17982146 0.93655096 0.17860901 0.93738162 0.17669633 0.93851644 0.17629221 0.93304280 0.14914343 0.93221205 0.15105572 0.92994212 0.15186406 0.93138131 0.15296802 0.93198953 0.15598476 0.93115850 0.15789716 0.93002368 0.15830128
0 0.91867490 0.16234264 0.91640497 0.16315098 0.91496608 0.16204691 0.91435785 0.15903016 0.91518860 0.15711787 0.91632371 0.15671365 0.91601963 0.15520547 0.91261489 0.15641792 0.91808853 0.18356670 0.92489774 0.18114191 0.92003224 0.15700948 0.91889742 0.15741360 0.91950565 0.16043035 0.91867490 0.16234264
0 0.90754865 0.16145496 0.90837939 0.15954267 0.90807532 0.15803449 0.90467057 0.15924694 0.90497464 0.16075512 0.90414390 0.16266741 0.90073915 0.16387986 0.90560464 0.18801229 0.91241414 0.18558739 0.90754865 0.16145496
0 0.88991704 0.16450075 0.88764712 0.16530908 0.89281668 0.19094969 0.89962618 0.18852479 0.89506476 0.16590054 0.89166001 0.16711299 0.89022112 0.16600893 0.88991704 0.16450075
0 0.90057604 0.15100542 0.90171115 0.15060120 0.90110300 0.14758484 0.90193367 0.14567216 0.90420360 0.14486382 0.90116271 0.12978125 0.89972352 0.12867729 0.89889278 0.13058959 0.89435321 0.13220615 0.89496135 0.13522251 0.89640033 0.13632696 0.89913715 0.14990136 0.90057604 0.15100542
0 0.91192511 0.14696395 0.91759949 0.14494327 0.91303815 0.12231941 0.91386882 0.12040673 0.90705961 0.12283153 0.91192511 0.14696395
0 0.92181314 0.11757772 0.91954350 0.11838595 0.92440899 0.14251837 0.93121820 0.14009357 0.92604863 0.11445297 0.92377899 0.11526120 0.92408307 0.11676938 0.92552204 0.11787383 0.92469129 0.11978613 0.92355618 0.12019035 0.92211729 0.11908628 0.92181314 0.11757772
0 0.88776652 0.12970191 0.88632733 0.12859795 0.88549659 0.13051024 0.88405770 0.12940618 0.88065295 0.13061863 0.88551844 0.15475105 0.88778837 0.15394272 0.88922727 0.15504678 0.89149690 0.15423855 0.89232794 0.15232615 0.88776652 0.12970191
0 0.59363139 0.94717316 0.59433845 0.94943847 0.59240656 0.95231018 0.57921545 0.95534449 0.62934247 0.94381392 0.62792855 0.93928388 0.59363139 0.94717316
0 0.62260108 0.90409758 0.62472170 0.91089176 0.63791348 0.90785729 0.64125844 0.90951519 0.68347053 0.89980526 0.68064304 0.89074636 0.62260108 0.90409758
0 0.56861162 0.92137128 0.56668041 0.92424283 0.61153059 0.91392608 0.60940997 0.90713190 0.56719788 0.91684183 0.56861162 0.92137128
0 0.61854906 0.90017439 0.67922911 0.88621633 0.67640144 0.87715684 0.67305648 0.87549895 0.61501452 0.88885017 0.61854906 0.90017439
0 0.60535796 0.90320870 0.60182341 0.89188449 0.55961132 0.90159441 0.56314587 0.91291862 0.60535796 0.90320870
0 0.61341100 0.87465382 0.67145296 0.86130260 0.65562309 0.86494390 0.65227813 0.86328600 0.61270413 0.87238910 0.61341100 0.87465382
0 0.65976310 0.80573202 0.59644496 0.82029691 0.59451375 0.82316847 0.59734160 0.83222854 0.64219178 0.82191178 0.64553741 0.82356952 0.66400470 0.81932154 0.65976310 0.80573202
0 1.00000000 0.40567689 0.98373827 0.40244346 0.93795499 0.40927384 0.93206066 0.41976287 0.93890314 0.44684891 0.99845368 0.61010528 1.00000000 0.61529663 1.00000000 0.40567689
