0 0.31157793 0.93738441 0.31007366 0.93455228 0.30625253 0.93355923 0.30474826 0.93072710 0.30556046 0.92605517 0.30405619 0.92322304 0.30527445 0.91621544 0.30759083 0.91437624 0.31905374 0.91735526 0.33082996 0.84961672 0.27924784 0.83621137 0.25528934 0.97402412 0.30687146 0.98742947 0.31418081 0.94538506 0.31649718 0.94354586 0.31730939 0.93887392 0.31157793 0.93738441
0 0.45044938 1.00000000 0.47435312 0.86250222 0.45142778 0.85654430 0.42648827 1.00000000 0.45044938 1.00000000
0 0.40221078 1.00000000 0.39678203 0.99858916 0.39527776 0.99575703 0.39730812 0.98407809 0.39962449 0.98223889 0.40153482 0.98273535 0.40303958 0.98556761 0.42405410 0.99102893 0.42892703 0.96299913 0.41746461 0.96002023 0.41595995 0.95718738 0.41799031 0.94550845 0.42030718 0.94366937 0.42985928 0.94615180 0.43432615 0.92045767 0.42477405 0.91797523 0.42326929 0.91514298 0.42529966 0.90346404 0.42761662 0.90162436 0.43907904 0.90460326 0.44354582 0.87890972 0.43208340 0.87593083 0.43057864 0.87309857 0.43260910 0.86141904 0.43492597 0.85957996 0.44638839 0.86255885 0.44760665 0.85555125 0.39029356 0.84065652 0.38878880 0.83782426 0.36395314 0.83136988 0.33552777 0.99487677 0.33934890 0.99586982 0.34085307 0.99870255 0.34062751 1.00000000 0.40221078 1.00000000
0 0.18029175 0.69330951 0.17988570 0.69564518 0.17756932 0.69748438 0.17391465 0.71850659 0.18537708 0.72148548 0.18688173 0.72431834 0.18485137 0.73599727 0.18253451 0.73783635 0.17107208 0.73485746 0.16619915 0.76288726 0.16851553 0.76104805 0.17806763 0.76353049 0.17957239 0.76636274 0.17713587 0.78037795 0.17481901 0.78221702 0.16335659 0.77923813 0.16132622 0.79091706 0.21290835 0.80432241 0.21441262 0.80715454 0.30420363 0.83048975 0.30570780 0.83332248 0.33436459 0.84076991 0.33720716 0.82441904 0.32574425 0.82144002 0.32423998 0.81860789 0.32627034 0.80692896 0.32858682 0.80508915 0.34004973 0.80806817 0.34938943 0.75434483 0.33792652 0.75136581 0.33642236 0.74853308 0.33845272 0.73685415 0.34308546 0.73317574 0.35263805 0.73565830 0.35588667 0.71697176 0.28711067 0.69909800 0.28560602 0.69626515 0.26459149 0.69080382 0.26308722 0.68797169 0.26349327 0.68563602 0.18516468 0.66527971 0.18313432 0.67695864 0.19268642 0.67944108 0.19419118 0.68227333 0.19216071 0.69395287 0.18984385 0.69579195 0.18029175 0.69330951
0 0.00000000 0.90279622 0.04595230 0.91473847 0.04745706 0.91757072 0.05127770 0.91856365 0.06305393 0.85082510 0.06537030 0.84898590 0.10069907 0.64576967 0.05102766 0.63286089 0.04952324 0.63002872 0.04720672 0.63186789 0.04395810 0.65055443 0.05542091 0.65353342 0.05692519 0.65636555 0.05570693 0.66337315 0.05339055 0.66521236 0.04192774 0.66223336 0.03543050 0.69960643 0.04689331 0.70258543 0.04839758 0.70541756 0.04636712 0.71709709 0.04405074 0.71893630 0.03258793 0.71595730 0.02649674 0.75099470 0.03795955 0.75397370 0.03946383 0.75680583 0.03743346 0.76848476 0.03511699 0.77032457 0.02365417 0.76734557 0.01675088 0.80705431 0.02248224 0.80854379 0.02398661 0.81137595 0.02780764 0.81236897 0.02931191 0.81520110 0.02768760 0.82454437 0.02305426 0.82822325 0.01350226 0.82574084 0.01147190 0.83741978 0.00915543 0.83925896 0.00550065 0.86028176 0.01887388 0.86375725 0.02037816 0.86658938 0.01753559 0.88294024 0.01521921 0.88477945 0.00184598 0.88130396 0.00000000 0.89192231 0.00000000 0.90279622
0 0.00000000 0.85746521 0.02007322 0.74200113 0.02238974 0.74016196 0.04147541 0.63037842 0.02810232 0.62690297 0.02659791 0.62407080 0.00749346 0.61910587 0.00000000 0.66220935 0.00000000 0.85746521
0 0.15518872 0.79176322 0.17021356 0.70533814 0.17252993 0.70349893 0.17943322 0.66379020 0.17752290 0.66329373 0.17601874 0.66046101 0.11106387 0.64358030 0.09725718 0.72299838 0.09494032 0.72483746 0.08763087 0.76688246 0.08913563 0.76971471 0.08832353 0.77438605 0.15518872 0.79176322
0 0.39191787 0.83131325 0.44923096 0.84620799 0.45085527 0.83686472 0.44130317 0.83438228 0.43979890 0.83155015 0.44264146 0.81519929 0.44495784 0.81336008 0.45642026 0.81633897 0.45966888 0.79765244 0.45816461 0.79482031 0.44861251 0.79233788 0.44710834 0.78950515 0.44995081 0.77315488 0.45226729 0.77131507 0.46372971 0.77429397 0.46657217 0.75794370 0.45510975 0.75496480 0.45360558 0.75213208 0.45644805 0.73578181 0.45876453 0.73394201 0.47022695 0.73692090 0.47347557 0.71823437 0.46201315 0.71525547 0.46050888 0.71242334 0.46375750 0.69373680 0.46607387 0.69189760 0.47753629 0.69487649 0.47834840 0.69020516 0.42294563 0.67580689 0.42144146 0.67297416 0.40233677 0.66800917 0.39624558 0.70304657 0.39392921 0.70488578 0.38628743 0.70289980 0.36557745 0.82202662 0.39041311 0.82848100 0.39191787 0.83131325
0 0.50000000 0.69094904 0.48298174 0.68652628 0.45983534 0.81966769 0.45751887 0.82150750 0.45345814 0.84486537 0.45496241 0.84769750 0.47597743 0.85315895 0.50000000 0.71497761 0.50000000 0.69094904
0 0.50000000 0.51028884 0.49774797 0.50970358 0.49624368 0.50687157 0.42364654 0.48800476 0.39562713 0.64917646 0.39944827 0.65016951 0.40095254 0.65300164 0.40014044 0.65767297 0.44981175 0.67058173 0.45131651 0.67341399 0.48570427 0.68235080 0.48773463 0.67067187 0.47627221 0.66769297 0.47476793 0.66486085 0.47679829 0.65318191 0.47911467 0.65134270 0.49248790 0.65481819 0.49533047 0.63846732 0.48195724 0.63499184 0.48045297 0.63215971 0.48288948 0.61814451 0.48520586 0.61630530 0.49666828 0.61928420 0.49951085 0.60293333 0.48804843 0.59995443 0.48654416 0.59712230 0.48857462 0.58544277 0.49089100 0.58360356 0.50000000 0.58597084 0.50000000 0.56888124 0.49373356 0.56725270 0.49222929 0.56442057 0.49425965 0.55274163 0.49657603 0.55090243 0.50000000 0.55179226 0.50000000 0.53470265 0.49941860 0.53455156 0.49791433 0.53171943 0.49832048 0.52938316 0.50000000 0.52804962 0.50000000 0.51028884
0 0.09778971 0.38867188 0.19491933 0.41391427 0.19930767 0.38867188 0.09778971 0.38867188
