0 0.16205017 0.24462535 0.16397683 0.23812884 0.15436299 0.23213100 0.14548150 0.25465033 0.15509534 0.26064817 0.15174151 0.26699782 0.16135535 0.27299565 0.17011185 0.25213872 0.16205017 0.24462535
0 0.14150477 0.26930278 0.13461941 0.26525470 0.13977369 0.25406925 0.12600553 0.24597493 0.12085114 0.25716194 0.11384092 0.25477471 0.10868653 0.26596172 0.13622562 0.28214908 0.14150477 0.26930278
0 0.94936968 0.34249120 0.95139526 0.34460703 0.97358804 0.34630927 0.97561305 0.34842505 0.97541890 0.35037062 0.98873502 0.35139200 0.99844320 0.25410761 0.99178514 0.25359692 0.98773459 0.24936481 0.97219988 0.24817326 0.96978594 0.24994907 0.95425123 0.24875752 0.95222570 0.24664120 0.93669099 0.24544965 0.93474932 0.26490682 0.93233544 0.26668213 0.92515138 0.33867264 0.92737111 0.33884290 0.92939607 0.34095918 0.94936968 0.34249120
0 0.91849389 0.33816199 0.92839627 0.23893154 0.88179042 0.23535676 0.87976541 0.23324097 0.85313374 0.23119826 0.85158042 0.24676380 0.84916711 0.24853916 0.84101219 0.33025850 0.86098580 0.33179053 0.86301138 0.33390635 0.91849389 0.33816199
0 1.00000000 0.21697577 0.99325510 0.21645842 0.99122952 0.21434259 0.88914174 0.20651221 0.88711678 0.20439593 0.86270427 0.20252344 0.86251007 0.20446950 0.86009675 0.20624486 0.86212176 0.20836064 0.88431454 0.21006288 0.88634007 0.21217920 0.88855923 0.21234942 0.89058425 0.21446520 0.93718953 0.21803994 0.93921511 0.22015576 0.95031149 0.22100688 0.95436152 0.22523845 0.97433570 0.22677052 0.97636066 0.22888680 0.99411511 0.23024861 0.99614012 0.23236439 1.00000000 0.23266045 1.00000000 0.21697577
0 0.24004551 0.72077751 0.23613949 0.71536076 0.17829840 0.75799126 0.18077848 0.76326284 0.24004551 0.72077751
0 0.17929714 0.74470762 0.22342267 0.71239414 0.21703657 0.70170580 0.17433966 0.73416473 0.17929714 0.74470762
0 0.13360414 0.81701589 0.09245795 0.84796070 0.09884271 0.85864889 0.13986404 0.82936493 0.13360414 0.81701589
0 0.25845216 0.76280420 0.25336847 0.75392201 0.21830458 0.78046693 0.22338693 0.78934897 0.25845216 0.76280420
0 0.40698628 0.87161661 0.42212900 0.86144646 0.42312762 0.84816438 0.40190404 0.86273300 0.40698628 0.87161661
0 0.37447317 0.88336391 0.35169743 0.89944807 0.35677978 0.90833012 0.37955552 0.89224596 0.37447317 0.88336391
