0 0.02545379 0.18592685 0.03624530 0.20579437 0.04870585 0.20174454 0.03825045 0.18052897 0.02545379 0.18592685
0 0.07630558 0.16568369 0.08709709 0.18555121 0.09955921 0.18150044 0.08910223 0.16028581 0.07630558 0.16568369
0 0.07158637 0.00000000 0.08092950 0.02083297 0.12681675 0.00000000 0.07158637 0.00000000
0 0.05239516 0.17546720 0.06318667 0.19533471 0.07564848 0.19128520 0.06519182 0.17006931 0.05239516 0.17546720
0 1.00000000 0.09537717 0.98793793 0.09225811 0.96919607 0.09204747 0.94853945 0.08711501 0.89109086 0.11191895 0.88157859 0.12115078 0.89270926 0.12801709 0.89081159 0.13241775 0.94324867 0.14549998 1.00000000 0.12310137 1.00000000 0.09537717
0 0.86032243 0.13532199 0.79747376 0.16012709 0.79779744 0.16334672 0.82258334 0.16817096 0.81782720 0.17278688 0.80068665 0.17955190 0.76764221 0.17494407 0.72130039 0.19384286 0.71844876 0.19770710 0.80170893 0.21657820 0.93279268 0.15966888 0.87749713 0.14680191 0.88637913 0.14025329 0.86032243 0.13532199
0 0.11291191 0.60118740 0.11006670 0.59645217 0.03489235 0.57502521 0.02606549 0.59966333 0.02576068 0.61703261 0.09840821 0.63782957 0.10440685 0.63529936 0.11291191 0.60118740
0 0.74280952 0.71630556 0.74982834 0.67040274 0.71675471 0.66455325 0.70866570 0.73287084 0.72655825 0.73499618 0.72925551 0.71524726 0.74280952 0.71630556
0 0.57469698 0.63421954 0.56984768 0.68065488 0.60508398 0.67796508 0.60562060 0.66675595 0.62188251 0.66621245 0.62566315 0.64219438 0.60722968 0.64220486 0.60776579 0.63099772 0.57469698 0.63421954
0 0.66045764 0.79587819 0.72985524 0.80384205 0.73309343 0.78195730 0.70869587 0.77823739 0.71410358 0.75688517 0.68970399 0.75316476 0.68429678 0.77451499 0.66369531 0.77399545 0.66045764 0.79587819
