0 0.13023900 0.26227662 0.11340932 0.28675755 0.12782833 0.29676746 0.14450999 0.27039731 0.13023900 0.26227662
0 0.18776862 0.30042687 0.17093893 0.32490781 0.18535795 0.33491771 0.20204133 0.30854918 0.18776862 0.30042687
0 0.19631050 0.56875000 0.20127764 0.55982970 0.14882067 0.52118213 0.13228704 0.54944148 0.15616467 0.56875000 0.19631050 0.56875000
0 0.16076902 0.28213114 0.14393933 0.30661208 0.15835835 0.31662198 0.17504159 0.29025168 0.16076902 0.28213114
0 0.88722032 0.43079183 0.92638282 0.40588674 0.91595674 0.37649436 0.87516454 0.40156473 0.88722032 0.43079183
0 0.84019753 0.46030145 0.87935989 0.43539459 0.86893395 0.40600398 0.82814175 0.43107435 0.84019753 0.46030145
0 0.50937500 0.97181266 0.47604395 0.97428150 0.47423535 0.97610679 0.47492902 0.98281943 0.50937500 0.98026801 0.50937500 0.97181266
0 0.24297908 1.00000000 0.36392725 0.99104135 0.36323358 0.98432871 0.36107808 0.98279704 0.13907453 0.99924087 0.13915298 1.00000000 0.24297908 1.00000000
0 0.50937500 0.86697056 0.46529207 0.87023579 0.46313661 0.86870455 0.46192268 0.85695732 0.46373132 0.85513246 0.47364206 0.85439837 0.47312180 0.84936378 0.33833444 0.85934750 0.33652529 0.86117240 0.25129166 0.86748567 0.25163852 0.87084221 0.24982988 0.87266707 0.25000328 0.87434512 0.24819469 0.87617042 0.20656915 0.87925362 0.20476000 0.88107853 0.20545367 0.88779117 0.20364503 0.88961603 0.19373428 0.89035012 0.19157883 0.88881888 0.16977478 0.89043391 0.16761928 0.88890224 0.16692566 0.88219003 0.14115701 0.88409871 0.13900151 0.88256704 0.13813443 0.87417635 0.02911496 0.88225144 0.02368873 0.88772648 0.02386214 0.88940454 0.01481832 0.89852933 0.01499172 0.90020738 0.01137423 0.90385756 0.02073877 0.99447798 0.26454636 0.97641912 0.26385273 0.96970691 0.26566133 0.96788161 0.27359003 0.96729433 0.27341662 0.96561628 0.27522526 0.96379142 0.27470500 0.95875683 0.27651364 0.95693197 0.28246029 0.95649150 0.28426944 0.95466660 0.28374917 0.94963201 0.28555777 0.94780672 0.29348647 0.94721944 0.29529511 0.94539457 0.32304530 0.94333911 0.32520126 0.94487032 0.32339216 0.94669565 0.32443264 0.95676439 0.32262400 0.95858926 0.31469530 0.95917654 0.31288671 0.96100183 0.31340697 0.96603642 0.31159833 0.96786128 0.30565168 0.96830175 0.30384304 0.97012661 0.30418985 0.97348272 0.50937500 0.95828462 0.50937500 0.86697056
0 0.50937500 0.79428765 0.50382251 0.74055635 0.50166706 0.73902510 0.50079998 0.73063441 0.50260858 0.72880912 0.50191495 0.72209691 0.49002165 0.72297785 0.48786615 0.72144617 0.48390205 0.72173980 0.48174609 0.72020859 0.48105242 0.71349595 0.45330223 0.71555141 0.45114678 0.71402017 0.45027965 0.70562905 0.42649305 0.70739093 0.42433760 0.70585968 0.42347052 0.69746899 0.42708827 0.69381880 0.43303492 0.69337833 0.43251470 0.68834417 0.28781558 0.69906206 0.28566012 0.69753082 0.29470375 0.68840560 0.29453034 0.68672755 0.30176537 0.67942763 0.30159196 0.67774958 0.30882699 0.67044966 0.30865358 0.66877160 0.31588856 0.66147125 0.31571516 0.65979320 0.32295018 0.65249328 0.32277678 0.65081523 0.33001180 0.64351531 0.32983840 0.64183726 0.33707342 0.63453734 0.33689997 0.63285885 0.34232640 0.62738423 0.33637975 0.62782470 0.33422430 0.62629345 0.31836690 0.62746801 0.31621140 0.62593634 0.31569114 0.62090175 0.24235030 0.62633412 0.23873306 0.62998428 0.23890647 0.63166233 0.22805370 0.64261245 0.22822710 0.64429050 0.21918344 0.65341528 0.21935684 0.65509333 0.21031322 0.66421855 0.21048663 0.66589660 0.20144296 0.67502138 0.20161641 0.67669986 0.19257274 0.68582465 0.19274615 0.68750270 0.18370197 0.69662752 0.18387538 0.69830557 0.17483176 0.70743079 0.17500516 0.70910884 0.16415290 0.72005891 0.16432630 0.72173697 0.15528213 0.73086179 0.15545554 0.73253984 0.14641187 0.74166462 0.14658532 0.74334311 0.13754165 0.75246789 0.13771506 0.75414594 0.12867093 0.76327119 0.12884433 0.76494924 0.11980067 0.77407403 0.11997407 0.77575208 0.11093041 0.78487686 0.11110386 0.78655535 0.10025104 0.79750503 0.10042445 0.79918308 0.09138082 0.80830830 0.09155423 0.80998635 0.08251056 0.81911113 0.08268401 0.82078961 0.07364035 0.82991440 0.07381375 0.83159245 0.06838737 0.83706750 0.07829811 0.83633342 0.08045408 0.83786462 0.09631147 0.83669006 0.09846693 0.83822130 0.09665828 0.84004616 0.09735200 0.84675923 0.09554285 0.84858414 0.08959620 0.84902460 0.08976961 0.85070266 0.08796097 0.85252752 0.08848123 0.85756211 0.08667259 0.85938697 0.07874389 0.85997425 0.07909075 0.86333079 0.07728211 0.86515565 0.12287174 0.86177882 0.12502770 0.86331002 0.44812228 0.83937836 0.44993092 0.83755349 0.50937500 0.83315046 0.50937500 0.79428765
0 0.73168976 0.56875000 1.00000000 0.79928423 1.00000000 0.62808763 0.93194562 0.56875000 0.73168976 0.56875000
