0 0.08968036 0.34923355 0.10489607 0.37474874 0.11532317 0.36315292 0.10006092 0.33544046 0.08968036 0.34923355
0 0.13125038 0.29625838 0.14646609 0.32177357 0.15689440 0.31017561 0.14163094 0.28246529 0.13125038 0.29625838
0 0.10107615 0.00549356 0.10126229 0.01428056 0.08187937 0.04398529 0.09718817 0.07389501 0.13476183 0.02114782 0.12639446 0.00403612 0.10107615 0.00549356
0 0.11177441 0.32157064 0.12699012 0.34708583 0.13741847 0.33548993 0.12215497 0.30777755 0.11177441 0.32157064
0 0.69890448 0.00000000 0.69898123 0.00241539 0.69445988 0.00774345 0.69454168 0.01031753 0.69228130 0.01298149 0.69236310 0.01555564 0.69010272 0.01821967 0.69252669 0.02070387 0.69486886 0.02061398 0.69729343 0.02309816 0.69963560 0.02300828 0.70205957 0.02549254 0.70440234 0.02540263 0.70682631 0.02788689 0.70916848 0.02779701 0.71159245 0.03028121 0.71393462 0.03019132 0.71635919 0.03267550 0.71870136 0.03258561 0.72112533 0.03506987 0.72346810 0.03497997 0.72589207 0.03746423 0.72823425 0.03737435 0.73065821 0.03985854 0.72839783 0.04252251 0.72371349 0.04270228 0.72128892 0.04021810 0.71894675 0.04030799 0.71652278 0.03782379 0.71418001 0.03791370 0.71175604 0.03542943 0.70941387 0.03551932 0.70698990 0.03303506 0.70464773 0.03312494 0.70222316 0.03064077 0.69988099 0.03073065 0.69745702 0.02824645 0.69277208 0.02842625 0.69034811 0.02594198 0.68800594 0.02603187 0.68574556 0.02869590 0.68582735 0.03126998 0.68356638 0.03393397 0.68372997 0.03908226 0.67920921 0.04441020 0.67929101 0.04698434 0.67703004 0.04964840 0.67719363 0.05479656 0.67493325 0.05746059 0.67501505 0.06003474 0.67275467 0.06269871 0.67283647 0.06527279 0.67057608 0.06793649 0.67300006 0.07042121 0.67534223 0.07033133 0.67776620 0.07281540 0.68010897 0.07272549 0.68253293 0.07520955 0.68487510 0.07511967 0.68729969 0.07760437 0.68964186 0.07751449 0.69206582 0.07999855 0.69440800 0.07990867 0.69683196 0.08239273 0.69917473 0.08230283 0.70402266 0.08727096 0.71339194 0.08691140 0.71581593 0.08939612 0.71815870 0.08930621 0.72058266 0.09179028 0.72292484 0.09170040 0.72534940 0.09418444 0.72769157 0.09409455 0.72995195 0.09143072 0.73463630 0.09125095 0.73221233 0.08876689 0.72987016 0.08885677 0.72744618 0.08637205 0.72970656 0.08370821 0.73439090 0.08352844 0.73681547 0.08601249 0.73915764 0.08592260 0.74141802 0.08325877 0.74133623 0.08068482 0.74359721 0.07802096 0.74343361 0.07287240 0.74100905 0.07038836 0.74327003 0.06772450 0.74561220 0.06763462 0.74787256 0.06497013 0.74779078 0.06239631 0.75005115 0.05973234 0.74996936 0.05715826 0.75222974 0.05449423 0.74988756 0.05458411 0.74746359 0.05209985 0.74972397 0.04943588 0.75440892 0.04925609 0.75432712 0.04668201 0.75658750 0.04401798 0.75650570 0.04144383 0.75876608 0.03877986 0.75868428 0.03620578 0.75626031 0.03372152 0.75852069 0.03105749 0.76086346 0.03096758 0.76078167 0.02839350 0.76304205 0.02572953 0.76296025 0.02315539 0.76522062 0.02049135 0.76513883 0.01791727 0.76271486 0.01543307 0.76497524 0.01276904 0.76731741 0.01267916 0.76957779 0.01001513 0.76949599 0.00744104 0.77175697 0.00477706 0.77167517 0.00220291 0.77354432 0.00000000 0.73275535 0.00000000 0.73177345 0.00115694 0.73064457 0.00000000 0.69890448 0.00000000
0 0.25159709 0.68065517 0.25008414 0.68379295 0.18843216 0.68748224 0.18872276 0.70684514 0.17058727 0.70960385 0.17240847 0.73125381 0.14829864 0.73404106 0.14842659 0.75439402 0.23937334 0.74640528 0.24234375 0.74384724 0.28988428 0.73951647 0.28776329 0.71917218 0.29641142 0.71789252 0.29581351 0.69610633 0.28464310 0.69798557 0.28313021 0.67672452 0.25159709 0.68065517
0 0.13891729 0.77687884 0.21500733 0.76948102 0.21431492 0.75682822 0.13804736 0.76351905 0.13891729 0.77687884
0 0.67646337 0.65937500 0.69662957 0.71555745 0.72219374 0.70423493 0.72668519 0.72168569 0.70617632 0.73253461 0.71635728 0.75567465 0.71693698 0.75562001 0.74909573 0.74245998 0.74657222 0.67019622 0.74279522 0.65937500 0.67646337 0.65937500
0 0.46116693 0.65937500 0.49099911 0.73448131 0.49119263 0.73447143 0.73777696 0.65937500 0.46116693 0.65937500
0 0.76292969 0.83649540 0.54759293 0.88200233 0.54776252 0.88685875 0.56564751 0.97431597 0.57470292 0.97399975 0.78091822 0.92530609 0.76292969 0.83649540
0 0.76899833 0.75302182 0.69567916 0.77980944 0.69592891 0.78696133 0.73515400 0.98627319 0.73831308 0.98594086 0.83039601 0.95563844 0.83056289 0.95244786 0.78808357 0.75235535 0.76899833 0.75302182
