0 0.16052992 0.29945596 0.18493623 0.29980236 0.18829818 0.25440337 0.16389314 0.25405730 0.16052992 0.29945596
0 0.41927083 0.25295413 0.44587171 0.25780655 0.45658487 0.17327715 0.42782363 0.17049567 0.41927083 0.22102777 0.41927083 0.25295413
0 0.51318765 0.17702007 0.48220386 0.17323790 0.46830322 0.25927375 0.49968344 0.26175014 0.51318765 0.17702007
0 0.56576419 0.18999153 0.53516246 0.18474278 0.52245185 0.26655539 0.55356207 0.26801704 0.56576419 0.18999153
0 0.62268276 0.19734332 0.59252956 0.19322498 0.58086780 0.26999807 0.60681769 0.27548926 0.62268276 0.19734332
0 0.67292173 0.20530101 0.64161702 0.20075581 0.63262053 0.27877190 0.66023293 0.28231005 0.67292173 0.20530101
0 0.72596461 0.20972845 0.69512807 0.20508769 0.67638391 0.28426092 0.70879335 0.28916386 0.72596461 0.20972845
0 0.67839471 0.44921875 0.68482328 0.41844296 0.65277963 0.41121336 0.64978268 0.44406608 0.67432777 0.44921875 0.67839471 0.44921875
0 0.62951432 0.43927113 0.63579368 0.41003630 0.60424186 0.40514184 0.59987319 0.43492547 0.60926135 0.43673613 0.62951432 0.43927113
0 0.57349634 0.42900471 0.58036247 0.40725163 0.54841111 0.40191397 0.54794767 0.42394258 0.57349634 0.42900471
0 0.52116922 0.41837506 0.52494995 0.39832508 0.49469008 0.39542595 0.49206821 0.41371957 0.52116922 0.41837506
0 0.44402258 0.38925753 0.44155726 0.40439174 0.46826156 0.40954209 0.47223392 0.39445926 0.44402258 0.38925753
0 0.00000000 0.80972072 0.00834461 0.83147154 0.01497664 0.83193895 0.03770436 0.80823226 0.10998596 0.72052872 0.10460375 0.68832206 0.08500907 0.65281296 0.04397724 0.70590657 0.03229499 0.71160209 0.00000000 0.74932878 0.00000000 0.80972072
0 0.47668605 0.44921875 0.49087218 0.46413937 0.54362022 0.48587963 0.55245727 0.47308128 0.55679300 0.44921875 0.47668605 0.44921875
