0 0.00000000 0.13534085 0.01779992 0.11911344 0.00622516 0.09436507 0.01209540 0.08689462 0.00060065 0.06447234 0.00000000 0.06492255 0.00000000 0.13534085
0 0.16146647 0.33170042 0.21494781 0.28308740 0.20666698 0.26507564 0.15318572 0.31369085 0.16146647 0.33170042
0 0.29853929 0.53081027 0.34510249 0.50375492 0.34140664 0.48537711 0.29331519 0.51255666 0.29853929 0.53081027
0 0.84883254 0.36539396 0.79011466 0.36483774 0.77276506 0.36805165 0.78168296 0.40685617 0.82058971 0.40419296 0.85457338 0.38866305 0.84883254 0.36539396
0 0.82165337 0.29332683 0.80779579 0.29120325 0.75544034 0.29694408 0.76702423 0.34478256 0.77554155 0.35361207 0.83344169 0.34376590 0.82165337 0.29332683
0 0.58484796 0.24162243 0.57694395 0.24059471 0.53834386 0.24715882 0.56079609 0.33373368 0.60350152 0.32963388 0.58741172 0.24935607 0.58484796 0.24162243
0 0.84953149 0.42404370 0.81103362 0.43190811 0.83143318 0.51725082 0.88173597 0.51027783 0.86533951 0.42609913 0.84953149 0.42404370
0 0.67626483 0.38446192 0.61035846 0.39198007 0.64007652 0.54610233 0.75258921 0.53434808 0.72533270 0.38665917 0.67626483 0.38446192
0 0.69619796 1.00000000 0.79629989 0.99708338 0.79552566 0.98887009 0.79330475 0.98775834 0.79120327 0.96546525 0.76376761 0.96626463 0.76176735 0.96749937 0.71744812 0.96879068 0.71544844 0.97002571 0.67112921 0.97131701 0.66912949 0.97255174 0.62269941 0.97390455 0.62069969 0.97513928 0.57637992 0.97643060 0.57438021 0.97766533 0.53428214 0.97883364 0.53527757 0.98939341 0.53749850 0.99050547 0.56282385 0.98976758 0.56504476 0.99087933 0.56515536 0.99205257 0.56737629 0.99316463 0.56802064 1.00000000 0.69619796 1.00000000
0 0.55894334 0.97105602 0.56094357 0.96982097 0.59893133 0.96871414 0.60093158 0.96747940 0.64102965 0.96631108 0.64302936 0.96507636 0.64725053 0.96495336 0.64570206 0.94852678 0.61615609 0.94938765 0.61415586 0.95062269 0.55506337 0.95234444 0.55306365 0.95357917 0.52351714 0.95444005 0.52517621 0.97203987 0.55894334 0.97105602
0 0.66169196 0.96100290 0.66191319 0.96334968 0.74633103 0.96089005 0.74833074 0.95965532 0.77998757 0.95873295 0.77776609 0.95762091 0.77632825 0.94236787 0.77410734 0.94125612 0.77210763 0.94249085 0.69191041 0.94482751 0.68991069 0.94606224 0.65825387 0.94698460 0.65947052 0.95989116 0.66169196 0.96100290
0 0.51908427 0.92986196 0.52074333 0.94746178 0.52918501 0.94721582 0.53118523 0.94598078 0.56706268 0.94493543 0.56906239 0.94370071 0.60705015 0.94259388 0.60905041 0.94135913 0.64281754 0.94037528 0.64115848 0.92277546 0.60950165 0.92369782 0.60750194 0.92493255 0.56529302 0.92616237 0.56329333 0.92739740 0.52319472 0.92856573 0.52119447 0.92980048 0.51908427 0.92986196
0 0.70602003 0.93735702 0.70801974 0.93612229 0.77344371 0.93421607 0.77544342 0.93298134 0.77477978 0.92594129 0.77255887 0.92482954 0.77167404 0.91544300 0.76956373 0.91550449 0.76756402 0.91673922 0.70002975 0.91870693 0.69803006 0.91994196 0.65371029 0.92123328 0.65536932 0.93883280 0.70602003 0.93735702
0 0.55196646 0.91949157 0.55396618 0.91825685 0.60039626 0.91690404 0.60239595 0.91566901 0.63827339 0.91462367 0.63672496 0.89819739 0.63450405 0.89708563 0.59440598 0.89825395 0.59240572 0.89948869 0.54597618 0.90084148 0.54397647 0.90207621 0.51865057 0.90281412 0.52030964 0.92041394 0.55196646 0.91949157
0 0.74779593 0.90907964 0.74979562 0.90784461 0.77089981 0.90722971 0.76979379 0.89549670 0.76757288 0.89438494 0.76713046 0.88969167 0.76502015 0.88975316 0.76302044 0.89098789 0.70181710 0.89277114 0.69981738 0.89400587 0.64916668 0.89548165 0.65071515 0.91190823 0.74779593 0.90907964
0 0.51510253 0.88762256 0.51587673 0.89583555 0.52853957 0.89546660 0.53053929 0.89423188 0.56641673 0.89318653 0.56841645 0.89195180 0.60429444 0.89090645 0.60629415 0.88967172 0.63372981 0.88887234 0.63218135 0.87244576 0.62996044 0.87133400 0.62362896 0.87151848 0.62162925 0.87275321 0.56253676 0.87447495 0.56053705 0.87570968 0.51199666 0.87712398 0.51288149 0.88651051 0.51510253 0.88762256
0 0.68638023 0.88616183 0.68838046 0.88492679 0.74958326 0.88314355 0.75158297 0.88190882 0.76635623 0.88147838 0.76558200 0.87326509 0.76336109 0.87215334 0.76269748 0.86511359 0.71204678 0.86658937 0.71004706 0.86782410 0.64884372 0.86960735 0.64684401 0.87084208 0.64262339 0.87096505 0.64417185 0.88739163 0.68638023 0.88616183
0 0.71506895 0.80885067 0.71230387 0.77951783 0.70597239 0.77970231 0.70375148 0.77859055 0.70353026 0.77624377 0.70552998 0.77500904 0.71819292 0.77464009 0.71686568 0.76056029 0.71886539 0.75932556 0.71842298 0.75463230 0.72042269 0.75339757 0.71998025 0.74870400 0.71775934 0.74759225 0.66288747 0.74919102 0.66388290 0.75975079 0.66188321 0.76098582 0.66610438 0.76086283 0.66832529 0.76197459 0.67286003 0.81008049 0.71506895 0.80885067
