0 0.36473653 0.31699585 0.44135274 0.37587179 0.45451472 0.35655729 0.37789873 0.29767892 0.36473653 0.31699585
0 0.16103473 0.55110206 0.22851698 0.58536233 0.23717113 0.56550444 0.16743518 0.53097006 0.16103473 0.55110206
0 0.88717812 0.36268021 0.88566947 0.37274608 0.87717493 0.37057329 0.87376901 0.42456960 0.88109082 0.42905353 0.87935900 0.44428698 0.88785354 0.44645977 0.89449883 0.36716630 0.88717812 0.36268021
0 0.84487564 0.42240372 0.84543363 0.40948358 0.85286698 0.41138493 0.85722255 0.36024263 0.85096293 0.35603040 0.85140939 0.34569283 0.84196430 0.34066335 0.83543054 0.41737424 0.84487564 0.42240372
0 0.93611539 0.07473201 0.93332237 0.08969402 0.92493936 0.08493866 0.92019133 0.12030169 0.92751204 0.12478779 0.92544640 0.14777406 0.93489159 0.15280112 0.94449929 0.07949006 0.93611539 0.07473201
0 0.88397615 0.11365189 0.88699245 0.09351988 0.89420251 0.10059123 0.89906218 0.06264319 0.89174048 0.05815684 0.89464613 0.04061009 0.88648541 0.03068447 0.87581642 0.10372652 0.88397615 0.11365189
0 0.87216447 0.84309221 0.87246590 0.84187292 0.81351143 0.82566040 0.81130528 0.82948284 0.81129545 0.82954725 0.86163295 0.84249970 0.87210106 0.84325700 0.87216447 0.84309221
0 0.83131750 0.86489996 0.85166117 0.82555672 0.85184950 0.82432335 0.84693400 0.82320154 0.82662674 0.86456061 0.83131750 0.86489996
0 0.82526887 0.87230282 0.82961902 0.87333039 0.82981497 0.87333902 0.84662977 0.83543674 0.84703485 0.83278398 0.84312256 0.83250095 0.82526887 0.87230282
0 0.80559371 0.91381326 0.83982693 0.92232282 0.84423447 0.92264168 0.88078712 0.85232958 0.88085115 0.85191023 0.84204443 0.84120591 0.80559371 0.91381326
0 0.78036035 0.89743162 0.81520174 0.90841784 0.82917050 0.90942839 0.82925237 0.90914266 0.78252971 0.89447629 0.78036035 0.89743162
0 0.82838658 0.88899450 0.82476491 0.88834074 0.79991647 0.93372639 0.79875748 0.94131637 0.80045977 0.94198993 0.80155929 0.94206947 0.82811077 0.89054368 0.82826715 0.88977666 0.82838658 0.88899450
0 0.84392539 0.93578198 0.77227448 0.91555911 0.77011100 0.91879233 0.82843403 0.93466127 0.84392539 0.93578198
0 0.81314966 0.90987350 0.78795359 0.96214959 0.78791597 0.96240909 0.79039754 0.96308429 0.79294003 0.96326822 0.81821269 0.91277775 0.81841609 0.91144571 0.81314966 0.90987350
