0 0.23153778 0.57812500 0.23335265 0.56958673 0.12942447 0.54749611 0.12639229 0.56176140 0.10397704 0.55699689 0.10181143 0.56718529 0.15327869 0.57812500 0.23153778 0.57812500
0 0.46875000 0.31997047 0.47759472 0.32201636 0.48005603 0.32027708 0.48048745 0.31806827 0.48294882 0.31632842 0.49309803 0.31867604 0.49439243 0.31204905 0.49685373 0.31030977 0.55368971 0.32345659 0.56361326 0.27265057 0.55143392 0.26983334 0.54983563 0.26715504 0.55112992 0.26052861 0.55605232 0.25704942 0.56620195 0.25939714 0.58561750 0.15999446 0.57343816 0.15717724 0.57183987 0.15449894 0.57356581 0.14566256 0.57602696 0.14392325 0.58820630 0.14674047 0.59338379 0.12023306 0.58729412 0.11882445 0.58686258 0.12103382 0.58440091 0.12277301 0.57222209 0.11995591 0.57179066 0.12216472 0.56932951 0.12390403 0.56526956 0.12296492 0.56483813 0.12517373 0.56237687 0.12691361 0.51366054 0.11564496 0.51206225 0.11296606 0.51249368 0.11075725 0.49828472 0.10747055 0.46875000 0.25868080 0.46875000 0.31997047
0 0.67379252 0.09958388 0.67133138 0.10132319 0.66524222 0.09991470 0.66481069 0.10212408 0.66234902 0.10386327 0.65017019 0.10104617 0.64973876 0.10325498 0.64727762 0.10499429 0.64321766 0.10405517 0.64278623 0.10626398 0.64032497 0.10800386 0.63423530 0.10659525 0.63380387 0.10880406 0.63134272 0.11054338 0.62728277 0.10960426 0.62512551 0.12064888 0.62266425 0.12238876 0.60236552 0.11769342 0.58122414 0.22593190 0.58528409 0.22687102 0.58688238 0.22954933 0.59297205 0.23095794 0.59457023 0.23363681 0.59327594 0.24026324 0.59081479 0.24200255 0.57863545 0.23918533 0.56828047 0.29220017 0.57234043 0.29313928 0.57393860 0.29581815 0.64701311 0.31272113 0.65175916 0.28842253 0.65016088 0.28574422 0.64610144 0.28480522 0.64450264 0.28212679 0.64622858 0.27329042 0.64013890 0.27188181 0.63854062 0.26920350 0.64069787 0.25815889 0.63663844 0.25721989 0.63504015 0.25454159 0.63719741 0.24349697 0.63110774 0.24208836 0.62950904 0.23940937 0.63166630 0.22836475 0.62760687 0.22742576 0.62600858 0.22474745 0.62816595 0.21370227 0.62656766 0.21102396 0.62250771 0.21008485 0.62090942 0.20740654 0.62479251 0.18752612 0.62725366 0.18578680 0.66379117 0.19423835 0.66538946 0.19691666 0.71207607 0.20771581 0.71897939 0.17237259 0.70882977 0.17002486 0.70636862 0.17176418 0.70477033 0.16908587 0.70735913 0.15583188 0.70126946 0.15442327 0.69967117 0.15174496 0.70225997 0.13849097 0.70472112 0.13675165 0.70558398 0.13233404 0.69949430 0.13092542 0.69789602 0.12824712 0.70091625 0.11278431 0.69482657 0.11137570 0.69322829 0.10869740 0.69581709 0.09544340 0.68972741 0.09403479 0.68726627 0.09577411 0.68320683 0.09483511 0.68277540 0.09704392 0.68031363 0.09878368 0.67422395 0.09737507 0.67379252 0.09958388
0 0.58529341 0.04217297 0.58123345 0.04123386 0.57877231 0.04297317 0.57834077 0.04518254 0.57587962 0.04692186 0.57181966 0.04598274 0.57009383 0.05481855 0.56763269 0.05655786 0.56357273 0.05561875 0.56270976 0.06003693 0.56024872 0.06177627 0.55415920 0.06036770 0.55286491 0.06699413 0.55040350 0.06873397 0.54431398 0.06732539 0.54301958 0.07395239 0.54055828 0.07569166 0.53446877 0.07428309 0.53317448 0.08090952 0.53071306 0.08264936 0.52665342 0.08171032 0.52535902 0.08833731 0.52289772 0.09007659 0.51883802 0.08913754 0.51754373 0.09576397 0.51508237 0.09750382 0.50899280 0.09609523 0.50812995 0.10051286 0.52030903 0.10333002 0.52190736 0.10600893 0.55032517 0.11258230 0.55075671 0.11037292 0.55321776 0.10863358 0.57148677 0.11285942 0.57640918 0.10938022 0.58046913 0.11031934 0.58090056 0.10811053 0.58336171 0.10637122 0.58945138 0.10777983 0.58988281 0.10557102 0.59234396 0.10383171 0.59640391 0.10477082 0.60934769 0.03850199 0.61180883 0.03676268 0.61267180 0.03234449 0.61107352 0.02966619 0.59889417 0.02684896 0.59759977 0.03347596 0.59513863 0.03521527 0.59107867 0.03427616 0.58861753 0.03601547 0.58775455 0.04043366 0.58529341 0.04217297
0 0.87866021 0.05000453 0.87650291 0.06104932 0.87404122 0.06278862 0.86998179 0.06184963 0.86653013 0.07952124 0.87058956 0.08046023 0.87218835 0.08313878 0.87046254 0.09197447 0.87206072 0.09465334 0.87119786 0.09907096 0.87525729 0.10000996 0.87685558 0.10268826 0.87556118 0.10931526 0.89585992 0.11401059 0.89745820 0.11668890 0.89573237 0.12552470 0.89327123 0.12726402 0.88109240 0.12444691 0.87677778 0.14653671 0.88083721 0.14747571 0.88243550 0.15015401 0.88027824 0.16119863 0.87781698 0.16293851 0.87172731 0.16152990 0.87129588 0.16373871 0.87289469 0.16641713 0.87246315 0.16862651 0.92117948 0.17989516 0.95317639 0.15728219 0.95360783 0.15507338 0.98314348 0.13420029 0.98400645 0.12978210 0.97994650 0.12884299 0.97834821 0.12616468 0.98050547 0.11512006 0.97890718 0.11244176 0.97933872 0.11023238 0.97324905 0.10882377 0.97165074 0.10614558 0.97423947 0.09289192 0.96814980 0.09148331 0.96655154 0.08880484 0.96870884 0.07776005 0.96464888 0.07682094 0.96305062 0.07414251 0.96434500 0.06751563 0.96274673 0.06483721 0.95868678 0.06389810 0.95708851 0.06121968 0.95924580 0.05017489 0.95721609 0.04970539 0.95561731 0.04702683 0.95604876 0.04481787 0.85455666 0.02134158 0.85412520 0.02355053 0.86021487 0.02495914 0.86181313 0.02763759 0.85879293 0.04310022 0.87706143 0.04732594 0.87866021 0.05000453
0 0.72294553 0.00000000 0.72076332 0.01117238 0.72685299 0.01258099 0.72845124 0.01525946 0.72629395 0.02630425 0.73238362 0.02771286 0.73398189 0.03039128 0.73096168 0.04585397 0.73502112 0.04679296 0.73661990 0.04947150 0.73575704 0.05388913 0.74184671 0.05529774 0.74344489 0.05797661 0.74171906 0.06681242 0.76201728 0.07150763 0.76361556 0.07418594 0.76564580 0.07465555 0.76724409 0.07733386 0.76638112 0.08175204 0.76391997 0.08349136 0.75377087 0.08114375 0.74859338 0.10765117 0.75265281 0.10859016 0.75425110 0.11126847 0.75209373 0.12231365 0.75818340 0.12372226 0.75978169 0.12640057 0.75848740 0.13302700 0.77878613 0.13772233 0.78180625 0.12226010 0.78426751 0.12052022 0.81674507 0.12803265 0.81834324 0.13071152 0.81748038 0.13512914 0.81501913 0.13686902 0.80283978 0.13405180 0.79938812 0.15172341 0.79692697 0.15346273 0.77662876 0.14876752 0.77533447 0.15539395 0.78142362 0.15680244 0.78302232 0.15948143 0.78000220 0.17494366 0.78406164 0.17588266 0.78566034 0.17856165 0.78264022 0.19402389 0.78872937 0.19543238 0.79032754 0.19811125 0.78817029 0.20915587 0.79223024 0.21009498 0.79382853 0.21277329 0.79080830 0.22823609 0.79240711 0.23091452 0.84721260 0.24359166 0.84893842 0.23475586 0.85139957 0.23301654 0.85748924 0.23442515 0.85835221 0.23000697 0.86081388 0.22826778 0.86487331 0.22920677 0.86616760 0.22258034 0.86862886 0.22084046 0.87471853 0.22224907 0.87687579 0.21120446 0.87933694 0.20946514 0.88339689 0.21040426 0.88585804 0.20866494 0.88628958 0.20645557 0.88875073 0.20471626 0.89281068 0.20565537 0.89410508 0.19902838 0.89656623 0.19728906 0.90265590 0.19869767 0.90395030 0.19207068 0.90641145 0.19033137 0.91250112 0.19173997 0.91379552 0.18511298 0.91219671 0.18243455 0.88986878 0.17726984 0.88740763 0.17900916 0.88537740 0.17853954 0.88408300 0.18516654 0.88162185 0.18690585 0.86132312 0.18221052 0.85972483 0.17953221 0.86101923 0.17290521 0.85695980 0.17196622 0.85536151 0.16928791 0.85579294 0.16707910 0.84970327 0.16567049 0.84810446 0.16299206 0.85026183 0.15194688 0.84620239 0.15100789 0.84460411 0.14832958 0.84589851 0.14170259 0.84835965 0.13996327 0.86865787 0.14465848 0.87167809 0.12919568 0.86558894 0.12778719 0.86399066 0.12510888 0.86485363 0.12069070 0.85267428 0.11787347 0.85107599 0.11519517 0.85323325 0.10415055 0.85569440 0.10241124 0.85975383 0.10335023 0.86191109 0.09230562 0.85582194 0.09089712 0.85422377 0.08821825 0.85508662 0.08380063 0.85754788 0.08206075 0.85927366 0.07322523 0.85318398 0.07181662 0.85158573 0.06913814 0.85331156 0.06030234 0.85577273 0.05856291 0.85663564 0.05414501 0.84851625 0.05226690 0.84691800 0.04958842 0.84907528 0.03854369 0.84501533 0.03760458 0.84341706 0.03492616 0.84643727 0.01946347 0.76229331 0.00000000 0.72294553 0.00000000
0 0.63384043 0.00000000 0.63292123 0.00470606 0.63045955 0.00644537 0.62436987 0.00503676 0.60624872 0.09781244 0.62045778 0.10109916 0.62088921 0.09889035 0.62335036 0.09715103 0.62741031 0.09809015 0.62784174 0.09588134 0.63030289 0.09414202 0.63639256 0.09555064 0.64131497 0.09207145 0.64537492 0.09301056 0.64580635 0.09080175 0.64826761 0.08906187 0.66044695 0.09187909 0.66087838 0.08967028 0.66333953 0.08793097 0.66942920 0.08933958 0.66986063 0.08713077 0.67724418 0.08191227 0.69145324 0.08519899 0.69361050 0.07415437 0.69158079 0.07368487 0.68998250 0.07100657 0.68795278 0.07053707 0.68635408 0.06785808 0.68937420 0.05239584 0.68531477 0.05145685 0.68371607 0.04877785 0.68673624 0.03331533 0.68064709 0.03190684 0.67904884 0.02922837 0.68206903 0.01376573 0.67800908 0.01282662 0.67641082 0.01014814 0.67839298 0.00000000 0.63384043 0.00000000
0 0.00000000 0.70036849 0.01555999 0.70759365 0.03120338 0.68096737 0.08498196 0.70038539 0.09692440 0.66298866 0.00000000 0.61923525 0.00000000 0.70036849
0 0.00000000 0.98151056 0.00647025 0.98520782 0.01724071 0.98150688 0.15762510 0.74378079 0.15855720 0.73000161 0.12128040 0.70810087 0.10644917 0.73090626 0.06222282 0.71351862 0.01309608 0.78494353 0.00000000 0.78436311 0.00000000 0.98151056
0 0.16313639 1.00000000 0.18254473 0.96472760 0.16246194 0.94648155 0.17521653 0.90526393 0.20167662 0.90290116 0.23288970 0.88757136 0.27872156 0.80346555 0.28887350 0.75570443 0.30578137 0.75131128 0.32304906 0.71704322 0.32531934 0.68757439 0.24613271 0.64678165 0.21525202 0.69812377 0.21269561 0.71954473 0.22143568 0.72539601 0.21302799 0.75555704 0.18587569 0.75178240 0.12330215 0.85828753 0.12127176 0.86783975 0.13261448 0.88023451 0.12067204 0.91763125 0.08807454 0.92068623 0.04971827 0.98841019 0.05217383 1.00000000 0.16313639 1.00000000
