0 0.51923077 0.42637497 0.58062884 0.43500391 0.58363986 0.41357938 0.54317203 0.40789200 0.54183374 0.41741442 0.53911873 0.41946016 0.53673830 0.41912562 0.53469241 0.41641077 0.51923077 0.41423778 0.51923077 0.42637497
0 0.71785557 0.59855769 0.72469096 0.54992139 0.72264519 0.54720656 0.72331425 0.54244596 0.72126848 0.53973113 0.72160309 0.53735022 0.71955732 0.53463539 0.72056100 0.52749388 0.72327583 0.52544812 0.73799606 0.42070822 0.70228913 0.41568994 0.70024336 0.41297511 0.64549281 0.40528042 0.64344712 0.40256499 0.59821838 0.39620850 0.59119275 0.44619845 0.58847792 0.44824422 0.53372737 0.44054953 0.53168148 0.43783469 0.51923077 0.43608485 0.51923077 0.57202318 0.70803362 0.59855769 0.71785557 0.59855769
0 0.51923077 0.39239008 0.53770343 0.39498625 0.53974924 0.39770170 0.58973858 0.40472725 0.59107687 0.39520483 0.55775084 0.39052116 0.55570446 0.38780625 0.51923077 0.38268020 0.51923077 0.39239008
0 0.51923077 0.36811569 0.58151655 0.37686939 0.58252023 0.36972788 0.56823782 0.36772062 0.56619144 0.36500570 0.51923077 0.35840581 0.51923077 0.36811569
0 0.87051635 0.39321065 0.86850900 0.40749367 0.86579418 0.40953944 0.85389207 0.40786670 0.85117663 0.40991239 0.80832880 0.40389052 0.80628242 0.40117560 0.80695148 0.39641500 0.79981058 0.39541142 0.79776489 0.39269598 0.76681856 0.38834675 0.76410364 0.39039313 0.76310006 0.39753403 0.77738307 0.39954138 0.78352030 0.40768648 0.78251662 0.41482799 0.81108205 0.41884259 0.81312843 0.42155751 0.89644380 0.43326672 0.89848956 0.43598155 0.91039228 0.43765437 0.91310711 0.43560860 0.91979813 0.38799956 0.90789602 0.38632682 0.90584964 0.38361191 0.83681668 0.37390996 0.83477100 0.37119452 0.78478165 0.36416898 0.78411251 0.36893019 0.78139768 0.37097595 0.76949496 0.36930314 0.76849129 0.37644465 0.86847058 0.39049582 0.87051635 0.39321065
0 0.77417863 0.33597711 0.77284043 0.34549892 0.78712344 0.34750627 0.78916921 0.35022110 0.82011494 0.35457024 0.82178767 0.34266813 0.77417863 0.33597711
0 0.92552398 0.36452926 0.92820038 0.34548564 0.87583074 0.33812557 0.87315433 0.35716919 0.92552398 0.36452926
0 0.78332749 0.32269777 0.85950195 0.33340339 0.86154772 0.33611822 0.86630893 0.33678737 0.86697799 0.33202677 0.86969282 0.32998100 0.91968216 0.33700654 0.92172854 0.33972145 0.92648914 0.34039051 0.92682367 0.33801021 0.92953850 0.33596444 0.93020764 0.33120323 0.91116403 0.32852683 0.90911826 0.32581200 0.91183317 0.32376562 0.92849649 0.32610750 0.93819844 0.25707454 0.94091327 0.25502877 0.95195342 0.17647400 0.94481252 0.17547041 0.94276623 0.17275489 0.85230935 0.16004200 0.85026358 0.15732718 0.81693695 0.15264342 0.80455850 0.24072061 0.80184368 0.24276638 0.79314540 0.30465783 0.79043057 0.30670360 0.78566936 0.30603445 0.78332749 0.32269777
0 0.83110701 0.00000000 0.82886481 0.01595413 0.85028933 0.01896515 0.85233509 0.02168010 0.84965868 0.04072372 0.84694383 0.04276967 0.82551930 0.03975865 0.82083559 0.07308498 0.81812076 0.07513075 0.80942240 0.13702281 0.83084631 0.14003375 0.83289269 0.14274866 0.91382776 0.15412334 0.91587353 0.15683817 0.98966770 0.16720926 0.99171338 0.16992470 0.98970612 0.18420711 0.98699129 0.18625288 0.96794768 0.18357648 0.96393307 0.21214190 0.96121824 0.21418767 0.96054910 0.21894888 0.97721241 0.22129076 0.97925818 0.22400559 0.97825451 0.23114710 0.98030028 0.23386192 0.97896208 0.24338373 0.97624716 0.24543011 0.97148595 0.24476097 0.96944027 0.24204553 0.96229876 0.24104186 0.95895321 0.26484668 0.95623838 0.26689245 0.94386002 0.35496903 0.94114511 0.35701541 0.92876675 0.44509198 0.92605193 0.44713775 0.91802271 0.50426860 0.91530727 0.50631429 0.90578546 0.50497608 0.90373969 0.50226125 0.90507789 0.49273945 0.90303212 0.49002462 0.90065182 0.48969009 0.89860544 0.48697517 0.90395825 0.44888794 0.88491464 0.44621153 0.88286895 0.44349610 0.84002051 0.43747414 0.83797474 0.43475931 0.79512691 0.42873744 0.79308114 0.42602261 0.76927631 0.42267706 0.75841630 0.43086067 0.75640904 0.44514307 0.75369412 0.44718945 0.75202139 0.45909156 0.76154320 0.46042977 0.76358897 0.46314459 0.76258530 0.47028610 0.75987047 0.47233188 0.75953594 0.47471217 0.75682050 0.47675786 0.75444020 0.47642333 0.75172529 0.47846971 0.74696469 0.47780065 0.73692821 0.54921391 0.73421277 0.55125959 0.72986355 0.58220593 0.75128807 0.58521695 0.75333384 0.58793178 0.75571414 0.58826631 0.75775991 0.59098113 0.75669510 0.59855769 0.89991599 0.59855769 0.90222135 0.58215422 0.90493618 0.58010845 0.90731709 0.58044307 0.91003191 0.57839730 0.91479251 0.57906636 0.91546166 0.57430515 0.91817649 0.57225938 0.91884555 0.56749878 0.92156107 0.56545248 0.92223013 0.56069188 0.92494504 0.55864550 0.92527957 0.55626520 0.92799440 0.55421944 0.92866346 0.54945883 0.93137899 0.54741254 0.93204804 0.54265194 0.93476296 0.54060556 0.93543202 0.53584496 0.93814685 0.53379919 0.93848138 0.53141889 0.94119629 0.52937251 0.94186535 0.52461191 0.94458026 0.52256553 0.94524932 0.51780493 0.94796476 0.51575925 0.94863390 0.51099804 0.95134873 0.50895227 0.95168326 0.50657197 0.95439818 0.50452559 0.95473271 0.50214529 0.95268694 0.49943046 0.95737069 0.46610383 0.96008552 0.46405806 0.96242739 0.44739474 0.96514283 0.44534906 0.97466403 0.44668717 0.97633676 0.43478506 0.97905220 0.43273938 0.98072494 0.42083727 0.98615468 0.41674512 0.99091589 0.41741426 0.99363072 0.41536850 1.00000000 0.41626364 1.00000000 0.02058585 0.85352404 0.00000000 0.83110701 0.00000000
0 0.54709316 0.00000000 0.51923077 0.19825125 0.51923077 0.33170348 0.56987152 0.33882058 0.57288245 0.31739666 0.57559798 0.31535037 0.57797828 0.31568490 0.58069311 0.31363912 0.58545370 0.31430818 0.58816914 0.31226250 0.59054944 0.31259703 0.59326427 0.31055126 0.59564518 0.31088587 0.59836001 0.30884010 0.60312061 0.30950916 0.60583552 0.30746278 0.60821643 0.30779740 0.61026212 0.31051283 0.60490931 0.34860007 0.60219448 0.35064584 0.59817987 0.37921126 0.60532138 0.38021494 0.60736715 0.38292977 0.63355166 0.38660976 0.63559804 0.38932468 0.66416347 0.39333928 0.66620915 0.39605472 0.74476392 0.40709488 0.74747883 0.40504850 0.74781336 0.40266819 0.75052880 0.40062251 0.75253615 0.38633949 0.75525098 0.38429372 0.76629113 0.30573896 0.76900605 0.30369258 0.78004620 0.22513781 0.78276164 0.22309213 0.79346726 0.14691766 0.79618209 0.14487189 0.80722224 0.06631712 0.80993716 0.06427074 0.81495539 0.02856411 0.80543359 0.02722591 0.80338784 0.02451090 0.73197398 0.01447433 0.72992822 0.01175938 0.73158089 0.00000000 0.54709316 0.00000000
0 0.00000000 1.00000000 0.06185101 1.00000000 0.06613756 0.93688073 0.04982135 0.93458764 0.05374267 0.92489968 0.06521490 0.92523212 0.07503178 0.82806081 0.08346465 0.83180574 0.08891244 0.78393583 0.07510642 0.78199552 0.07132080 0.77250430 0.00000000 0.76965297 0.00000000 1.00000000
0 0.30404887 0.88328496 0.34062294 0.88714522 0.35653890 0.79211097 0.31512085 0.78629004 0.30404887 0.88328496
0 1.00000000 0.74175599 0.93698073 0.79719440 0.97946425 0.83839161 1.00000000 0.82052236 1.00000000 0.74175599
0 0.96916185 0.62282158 0.95472012 0.60544267 0.62747426 0.90250714 0.64375070 0.92321375 0.96916185 0.62282158
0 0.87908221 0.59855769 0.76983734 0.69227612 0.59865996 0.85087486 0.61418380 0.87147570 0.80338693 0.69929360 0.91450486 0.59855769 0.87908221 0.59855769
0 0.79634874 0.59855769 0.72494998 0.66217626 0.56631860 0.80795644 0.58248928 0.82941565 0.74101488 0.68438807 0.83718683 0.59855769 0.79634874 0.59855769
0 0.71736475 0.59855769 0.66848074 0.64349556 0.53054378 0.76762532 0.54897225 0.78940185 0.73033208 0.61841983 0.75224125 0.59855769 0.71736475 0.59855769
0 0.63421402 0.59855769 0.52660995 0.69186111 0.51923077 0.69927388 0.51923077 0.73709153 0.66151618 0.60567853 0.67002571 0.59855769 0.63421402 0.59855769
0 0.55154146 0.59855769 0.51923077 0.62887815 0.51923077 0.66415544 0.59064694 0.59855769 0.55154146 0.59855769
