0 0.24819889 0.05388862 0.24994097 0.07046334 0.28680007 0.06240033 0.28505779 0.04582367 0.24819889 0.05388862
0 0.15605678 0.03424452 0.15714575 0.04460541 0.28680561 0.02259772 0.28571684 0.01223877 0.15605678 0.03424452
0 0.72845008 0.00000000 0.72366968 0.28739095 0.83622535 0.29323583 0.84518471 0.00000000 0.72845008 0.00000000
0 0.00000000 0.70732362 0.07817438 0.67966663 0.06874489 0.65891312 0.08286762 0.65535784 0.09186653 0.67201479 0.11067940 0.66382473 0.09273694 0.62118592 0.00000000 0.65307093 0.00000000 0.70732362
0 0.00000000 0.80268101 0.14667196 0.75012651 0.11935539 0.67740925 0.00000000 0.72002817 0.00000000 0.80268101
0 0.13029804 0.67315276 0.15319512 0.74322816 0.32342437 0.68805990 0.29907258 0.61399556 0.13029804 0.67315276
0 0.12604155 0.66221011 0.29266016 0.60224405 0.26717659 0.52726322 0.09883262 0.59051699 0.12604155 0.66221011
0 0.46875000 0.48241382 0.28819457 0.54990511 0.30543582 0.59572399 0.32742876 0.58823516 0.32047813 0.57136293 0.33346907 0.56689116 0.34122856 0.58160746 0.46875000 0.53668128 0.46875000 0.48241382
0 0.46875000 0.55275278 0.31421945 0.61033265 0.33690124 0.67835977 0.46875000 0.63214143 0.46875000 0.55275278
0 1.00000000 0.85626585 0.97645393 0.87556108 0.98303293 0.89066497 1.00000000 0.87734402 1.00000000 0.85626585
0 0.72991659 0.73517442 0.75995105 0.71056218 0.73669199 0.66572118 0.70841756 0.69009607 0.72991659 0.73517442
