0 0.45963542 0.37093687 0.43491066 0.35414372 0.42981595 0.36069910 0.45963542 0.38095174 0.45963542 0.37093687
0 0.03986659 0.24731926 0.10526497 0.25793764 0.10637509 0.24617256 0.04121482 0.23696816 0.03986659 0.24731926
0 0.21510386 0.25617628 0.27747620 0.26724271 0.28168662 0.24631772 0.21931428 0.23525128 0.21510386 0.25617628
0 0.59836438 0.41323428 0.60001537 0.42152319 0.72510407 0.40576898 0.72312282 0.39582196 0.60011879 0.41131361 0.59836438 0.41323428
0 0.53519056 0.42968750 0.58333687 0.42362375 0.58135562 0.41367672 0.57894076 0.41228158 0.57268619 0.41306931 0.57093169 0.41498956 0.49796315 0.42417953 0.49906023 0.42968750 0.53519056 0.42968750
0 0.65420092 0.38241033 0.65178606 0.38101519 0.59758069 0.38784204 0.59956186 0.39778864 0.60197733 0.39918414 0.72289614 0.38395511 0.72465109 0.38203437 0.72300011 0.37374547 0.65420092 0.38241033
0 0.58079868 0.40015175 0.57881752 0.39020515 0.49334037 0.40097051 0.49532154 0.41091711 0.58079868 0.40015175
0 0.72244317 0.36022050 0.72013182 0.34861620 0.59504312 0.36437040 0.59735447 0.37597470 0.72244317 0.36022050
0 0.57760013 0.37336437 0.57660959 0.36839128 0.57419473 0.36699614 0.48871759 0.37776149 0.49069875 0.38770809 0.53864945 0.38166898 0.54106442 0.38306411 0.57650608 0.37860043 0.57584572 0.37528504 0.57760013 0.37336437
0 0.65527577 0.34488861 0.65296434 0.33328389 0.59250493 0.34089841 0.59481636 0.35250313 0.65527577 0.34488861
0 0.51953649 0.35008836 0.51712153 0.34869323 0.48376454 0.35289435 0.48607597 0.36449908 0.49233043 0.36371136 0.49474540 0.36510649 0.57605319 0.35486624 0.57374176 0.34326152 0.51953649 0.35008836
0 0.58788206 0.31768897 0.59019350 0.32929369 0.63188973 0.32404229 0.63430459 0.32543743 0.64889840 0.32359942 0.64625679 0.31033701 0.58788206 0.31768897
0 0.57351500 0.33139425 0.57120357 0.31978953 0.47947185 0.33134261 0.48178329 0.34294733 0.57351500 0.33139425
0 0.18275308 0.42968750 0.05945339 0.47085286 0.05960514 0.50510499 0.07564885 0.50651886 0.07782554 0.52858544 0.08229476 0.53183252 0.20053572 0.49596692 0.20499299 0.47416793 0.20169817 0.42968750 0.18275308 0.42968750
0 0.70855391 0.42968750 0.65604830 0.43846446 0.66276797 0.79877999 0.75983673 0.80203495 0.75120379 0.43047955 0.73688649 0.42968750 0.70855391 0.42968750
