0 0.18179534 0.24086875 0.13909385 0.25661347 0.14408545 0.27247844 0.18527800 0.25710876 0.18179534 0.24086875
0 0.94746600 0.11942140 0.94648744 0.12527722 0.95247065 0.12539373 0.95747440 0.12094288 0.94746600 0.11942140
0 0.93963663 0.15584475 0.96944445 0.16286860 0.97531580 0.12773370 0.96574212 0.12129338 0.95986804 0.12515875 0.95432228 0.15139292 0.94202937 0.14963745 0.93963663 0.15584475
0 0.89753590 0.14706544 0.89437923 0.12539960 0.90416845 0.10853415 0.87871230 0.10443772 0.86587918 0.14531192 0.88110958 0.15034630 0.89753590 0.14706544
0 0.28990824 0.42968750 0.30881549 0.56721219 0.32174215 0.56220070 0.30352388 0.42968750 0.28990824 0.42968750
0 0.21093867 0.42968750 0.22608276 0.53984028 0.22508835 0.54251262 0.23284753 0.59895016 0.26774914 0.58541929 0.26934045 0.58708860 0.30553429 0.57305674 0.28582351 0.42968750 0.21093867 0.42968750
0 0.15046377 0.42968750 0.12644149 0.43900060 0.12853051 0.45419543 0.12753638 0.45686720 0.14245791 0.56540118 0.14146351 0.56807352 0.14683524 0.60714558 0.21922358 0.57908162 0.20728631 0.49225421 0.20828080 0.48958242 0.20004629 0.42968750 0.15046377 0.42968750
0 0.04758999 0.46957025 0.07056919 0.63671287 0.07573979 0.63470830 0.07733084 0.63637830 0.14454859 0.61031890 0.12127089 0.44100517 0.04758999 0.46957025
0 0.00000000 0.66407158 0.03437502 0.65074485 0.03596608 0.65241484 0.06181906 0.64239200 0.05197076 0.57075897 0.05296491 0.56808732 0.03983393 0.47257716 0.00000000 0.48802023 0.00000000 0.66407158
0 1.00000000 0.88145709 0.80667556 0.60843169 0.80562080 0.60863932 0.65360201 0.73393435 0.65407608 0.73614495 0.84524847 1.00000000 0.99724609 1.00000000 1.00000000 0.99774424 1.00000000 0.88145709
