0 0.28672299 0.26089706 0.37559150 0.24841205 0.37356789 0.23558322 0.28669394 0.24631421 0.28672299 0.26089706
0 0.29410416 0.33292365 0.38297290 0.32043672 0.38094929 0.30760789 0.29407534 0.31833889 0.29410416 0.33292365
0 0.28519240 0.24398428 0.37405950 0.23149708 0.37203753 0.21866852 0.28516358 0.22939951 0.28519240 0.24398428
0 0.28390597 0.22502816 0.37277471 0.21254123 0.37075274 0.19971267 0.28387879 0.21044366 0.28390597 0.22502816
0 0.27934160 0.18887239 0.36821034 0.17638546 0.36618672 0.16355663 0.27931278 0.17428763 0.27934160 0.18887239
0 0.29257356 0.31601087 0.38144067 0.30352367 0.37941870 0.29069510 0.29254475 0.30142610 0.29257356 0.31601087
0 0.28800778 0.27985292 0.37687630 0.26736790 0.37485432 0.25453933 0.28798037 0.26527033 0.28800778 0.27985292
0 0.28953979 0.29676788 0.37840689 0.28428068 0.37638492 0.27145212 0.28951097 0.28218312 0.28953979 0.29676788
0 0.28062639 0.20782824 0.36949513 0.19534131 0.36747315 0.18251275 0.28059921 0.19324374 0.28062639 0.20782824
0 0.69474836 0.61875000 0.70140808 0.58206973 0.69763603 0.57522818 0.57759949 0.55362458 0.56215163 0.56249851 0.55648318 0.61875000 0.69474836 0.61875000
0 0.02792910 0.74931616 0.03407599 0.74993796 0.03583698 0.75161989 0.04198387 0.75224169 0.04374486 0.75392362 0.04989175 0.75454541 0.05165266 0.75622772 0.05779956 0.75684952 0.05956054 0.75853145 0.06570743 0.75915325 0.06746832 0.76083517 0.07361531 0.76145698 0.07537612 0.76313928 0.07947429 0.76355383 0.08123517 0.76523575 0.08738217 0.76585756 0.08914305 0.76753948 0.09529005 0.76816129 0.09705093 0.76984321 0.10319793 0.77046502 0.10495881 0.77214694 0.11110581 0.77276875 0.11286662 0.77445105 0.11696479 0.77486560 0.11872567 0.77654752 0.12692149 0.77737658 0.12868237 0.77905850 0.13482937 0.77968031 0.13659018 0.78136261 0.14273717 0.78198442 0.14449806 0.78366634 0.15064505 0.78428814 0.15240594 0.78597007 0.15855293 0.78659187 0.16031381 0.78827379 0.16646081 0.78889560 0.16822169 0.79057752 0.17436869 0.79119933 0.17612950 0.79288163 0.18227650 0.79350344 0.18403738 0.79518536 0.19018437 0.79580716 0.19194525 0.79748909 0.19604343 0.79790364 0.19780423 0.79958594 0.20395071 0.80020770 0.20571212 0.80188967 0.21185911 0.80251147 0.21361999 0.80419340 0.21976647 0.80481515 0.22152787 0.80649712 0.22767487 0.80711893 0.22943575 0.80880085 0.23558222 0.80942261 0.23734355 0.81110496 0.23763157 0.80962991 0.23996834 0.80836249 0.24112019 0.80246344 0.24345695 0.80119602 0.24374490 0.79972135 0.24198409 0.79803905 0.23583709 0.79741724 0.23407621 0.79573532 0.22792922 0.79511351 0.22616833 0.79343159 0.22002134 0.79280978 0.21826045 0.79112786 0.21211346 0.79050606 0.21035258 0.78882413 0.20625440 0.78840958 0.20449360 0.78672728 0.19834712 0.78610552 0.19658572 0.78442355 0.19043872 0.78380175 0.18867784 0.78211982 0.18253137 0.78149807 0.18077003 0.77981572 0.17462304 0.77919391 0.17286216 0.77751199 0.16671568 0.77689023 0.16495428 0.77520826 0.15880728 0.77458645 0.15704640 0.77290453 0.15089993 0.77228278 0.14913852 0.77060080 0.14299152 0.76997899 0.14123071 0.76829670 0.13508424 0.76767494 0.13332284 0.76599297 0.12717584 0.76537116 0.12541496 0.76368924 0.11926848 0.76306748 0.11750715 0.76138513 0.11136015 0.76076332 0.10959927 0.75908140 0.10345280 0.75845965 0.10169140 0.75677768 0.09554440 0.75615587 0.09525645 0.75763054 0.09291969 0.75889796 0.09115880 0.75721604 0.08910998 0.75700878 0.08734910 0.75532686 0.08325093 0.75491231 0.08149005 0.75323039 0.08177799 0.75175572 0.07972864 0.75154841 0.07796783 0.74986611 0.07182136 0.74924436 0.07005995 0.74756238 0.06596230 0.74714788 0.06420090 0.74546591 0.06010325 0.74505140 0.05834234 0.74336909 0.05219545 0.74274730 0.05043446 0.74106537 0.04428757 0.74044357 0.04252658 0.73876164 0.03637969 0.73813984 0.03461870 0.73645791 0.02847181 0.73583611 0.02671083 0.73415418 0.02261286 0.73373965 0.02085195 0.73205734 0.01470508 0.73143554 0.01294407 0.72975361 0.01035243 0.74302639 0.01211337 0.74470870 0.01826024 0.74533050 0.02002122 0.74701243 0.02616811 0.74763423 0.02792910 0.74931616
0 0.69184621 0.61875000 0.69514553 0.62591480 0.68708981 0.63117454 0.73311795 0.76702911 0.75188731 0.75809813 0.75727257 0.77374836 0.76132595 0.77398510 0.89202548 0.71073598 0.89222470 0.70943069 0.85676989 0.61875000 0.69184621 0.61875000
