0 0.01234163 0.26215273 0.09692469 0.29585973 0.10065660 0.27830245 0.01607355 0.24459545 0.01234163 0.26215273
0 0.00000000 0.38793399 0.04678969 0.40840753 0.05105438 0.38834375 0.00000000 0.36770826 0.00000000 0.38793399
0 0.00000000 0.32172773 0.07212382 0.35087920 0.07585524 0.33332427 0.00000000 0.30266462 0.00000000 0.32172773
0 0.06169121 0.21497099 0.13571028 0.24905475 0.13890892 0.23400632 0.06435658 0.20243142 0.06169121 0.21497099
0 0.28846154 0.51923077 0.31398932 0.51923077 0.35195639 0.39811994 0.28846154 0.38203328 0.28846154 0.51923077
0 0.43906795 0.51923077 0.47258078 0.42082513 0.38452567 0.39926751 0.35192587 0.51923077 0.43906795 0.51923077
0 0.55317647 0.51923077 0.57785544 0.44452411 0.48852723 0.42481675 0.45973589 0.51923077 0.55317647 0.51923077
0 0.67487143 0.51923077 0.69057194 0.46996711 0.60058581 0.45008304 0.58407687 0.51923077 0.67487143 0.51923077
0 0.78897480 0.51923077 0.79631335 0.49601395 0.70541285 0.47865112 0.69477054 0.51923077 0.78897480 0.51923077
0 0.28846154 0.32337064 0.36836345 0.33830827 0.39667123 0.21211402 0.30465644 0.19242051 0.28846154 0.29746779 0.28846154 0.32337064
0 0.39572565 0.33778872 0.48013584 0.36036560 0.50872802 0.23498381 0.42169609 0.21670579 0.39572565 0.33778872
0 0.50263531 0.37076842 0.59183709 0.39271231 0.62262766 0.26205206 0.53103228 0.24084783 0.50263531 0.37076842
0 0.61096750 0.39379514 0.69516070 0.41227094 0.71940797 0.28402170 0.63499446 0.26958843 0.61096750 0.39379514
0 0.72452278 0.42146602 0.80849442 0.43896085 0.83091199 0.31344624 0.74287154 0.29243240 0.72452278 0.42146602
0 0.82941414 0.44191574 0.91035014 0.46033817 0.93847826 0.34033071 0.84947153 0.32141175 0.82941414 0.44191574
0 1.00000000 0.35163325 0.96626209 0.34735453 0.94350213 0.47150861 1.00000000 0.48465536 1.00000000 0.35163325
0 0.28846154 0.15112611 0.30718570 0.15473831 0.32051627 0.09541055 0.29606897 0.08615916 0.28846154 0.11502353 0.28846154 0.15112611
0 0.31894268 0.00000000 0.30481988 0.06212403 0.33181820 0.06664621 0.34775102 0.00000000 0.31894268 0.00000000
0 0.32062084 0.16168832 0.40263036 0.17889880 0.42446705 0.11542934 0.34160963 0.09494704 0.32062084 0.16168832
0 0.37408470 0.08156522 0.40161509 0.08579254 0.42047491 0.01919346 0.39542869 0.00940682 0.37408470 0.08156522
0 0.43172490 0.18885537 0.52074709 0.21052270 0.53799855 0.14029848 0.46294804 0.11661700 0.43172490 0.18885537
0 0.48893660 0.10872037 0.54282510 0.12008871 0.56754901 0.05000775 0.51934835 0.02716499 0.48893660 0.10872037
0 0.54530054 0.21299662 0.62340001 0.23061214 0.64470936 0.16481389 0.57013300 0.13668182 0.54530054 0.21299662
0 0.59163584 0.13001402 0.62256878 0.13772686 0.63912549 0.06799638 0.60993037 0.06016632 0.59163584 0.13001402
0 1.00000000 0.24511613 0.66731533 0.16946657 0.64941933 0.23867645 1.00000000 0.31997472 1.00000000 0.24511613
0 0.70017022 0.15844854 0.77689316 0.18043590 0.80487936 0.10963282 0.72028841 0.09043844 0.70017022 0.15844854
0 1.00000000 0.16625931 0.93097638 0.14706939 0.91173022 0.20746213 0.99646025 0.22466106 1.00000000 0.21397152 1.00000000 0.16625931
0 0.21080190 1.00000000 0.20898193 0.99719750 0.20948169 0.99484633 0.20477875 0.99384669 0.20292747 0.99099517 0.20442674 0.98394167 0.19972440 0.98294216 0.19787300 0.98009124 0.19887263 0.97538830 0.19416970 0.97438866 0.19231829 0.97153774 0.19281817 0.96918597 0.19046641 0.96868609 0.18861500 0.96583517 0.18911475 0.96348400 0.18726334 0.96063308 0.18826298 0.95593015 0.18591181 0.95543039 0.18406041 0.95257947 0.17935747 0.95157983 0.17750606 0.94872891 0.17950521 0.93932364 0.17480228 0.93832400 0.17295087 0.93547308 0.17345075 0.93312131 0.16874842 0.93212180 0.16689641 0.92927075 0.16789605 0.92456782 0.16604464 0.92171690 0.16654439 0.91936573 0.16419323 0.91886598 0.16234122 0.91601493 0.16284097 0.91366376 0.15578747 0.91216449 0.15393619 0.90931297 0.15493570 0.90461064 0.15258394 0.90411075 0.15073265 0.90125923 0.15123241 0.89890806 0.14652948 0.89790843 0.14467806 0.89505750 0.14567758 0.89035517 0.14382629 0.88750365 0.14147513 0.88700389 0.13962372 0.88415297 0.14012347 0.88180181 0.13827159 0.87895015 0.13592042 0.87845040 0.13406901 0.87559948 0.13456877 0.87324831 0.12986584 0.87224867 0.12801443 0.86939775 0.12851418 0.86704658 0.12381185 0.86604707 0.12195997 0.86319542 0.12345936 0.85614132 0.12160795 0.85329040 0.11220269 0.85129125 0.11035127 0.84844033 0.11085103 0.84608916 0.09204050 0.84209086 0.08918958 0.84394227 0.08868982 0.84629344 0.08583830 0.84814472 0.08398689 0.84529380 0.08163572 0.84479404 0.08063608 0.84949698 0.07778456 0.85134826 0.06837990 0.84934923 0.06788014 0.85170040 0.06502849 0.85355228 0.06032616 0.85255277 0.05932665 0.85725510 0.05647512 0.85910639 0.05177279 0.85810688 0.05127304 0.86045804 0.04842199 0.86231005 0.03666495 0.85981102 0.03616520 0.86216219 0.03331427 0.86401359 0.02155784 0.86151469 0.01955869 0.87091995 0.01670777 0.87277136 0.00495134 0.87027246 0.00445146 0.87262422 0.00159993 0.87447551 0.00000000 0.87413543 0.00000000 0.88449534 0.00145279 0.88673182 0.00095304 0.88908299 0.00280432 0.89193451 0.03337128 0.89843172 0.03622233 0.89657971 0.12557265 0.91557170 0.12657217 0.91086937 0.12942309 0.90901796 0.15293655 0.91401590 0.15478796 0.91686682 0.15028990 0.93802852 0.14743898 0.93987993 0.13568195 0.93738090 0.12618595 0.98205606 0.12333490 0.98390807 0.11157847 0.98140916 0.10762687 1.00000000 0.21080190 1.00000000
0 0.64151824 0.51923077 0.75180875 0.53507062 0.75354240 0.52955969 0.68162363 0.51923077 0.64151824 0.51923077
