0 0.21399562 0.18363438 0.16197985 0.18144025 0.16323093 0.19046162 0.21524670 0.19265575 0.21399562 0.18363438
0 0.21887441 0.12292926 0.16813466 0.11928909 0.16956435 0.12959836 0.22012549 0.13195062 0.21887441 0.12292926
0 0.21570778 0.15336149 0.16514664 0.15100923 0.16639756 0.16002939 0.21695870 0.16238165 0.21570778 0.15336149
0 0.19609436 0.21435989 0.14972107 0.21024381 0.15079338 0.21797607 0.19698790 0.22080303 0.19609436 0.21435989
0 0.20166640 0.02014935 0.18711054 0.02173174 0.18578207 0.04411409 0.21343779 0.04110760 0.21438258 0.02661579 0.20273871 0.02788160 0.20166640 0.02014935
0 0.69123973 0.27796668 0.62380222 0.26022852 0.62232223 0.27470447 0.68872462 0.29393063 0.69123973 0.27796668
0 0.68308857 0.36064947 0.68790380 0.30657965 0.62223882 0.28929209 0.61947697 0.34160812 0.68308857 0.36064947
0 0.68200832 0.38951613 0.68309765 0.37710985 0.61902731 0.35584832 0.61783448 0.38295498 0.65018684 0.38951613 0.68200832 0.38951613
0 0.70767515 0.31932408 0.70555820 0.34315848 0.74015742 0.35371331 0.74054464 0.34323875 0.73714270 0.34254900 0.73855818 0.32711924 0.70767515 0.31932408
0 0.70378662 0.37288909 0.73502162 0.38101832 0.73592927 0.36709556 0.74004309 0.36859970 0.74050024 0.35823202 0.70639535 0.34712682 0.70378662 0.37288909
0 0.84120709 0.38951613 0.84463508 0.35632275 0.77744652 0.34387228 0.77304705 0.38951613 0.84120709 0.38951613
0 0.84520632 0.33852999 0.84741806 0.31519636 0.78067434 0.30164898 0.77858925 0.32805583 0.84520632 0.33852999
0 1.00000000 0.33541918 0.94873863 0.32894608 0.94733286 0.34463874 1.00000000 0.34826745 1.00000000 0.33541918
0 1.00000000 0.38951613 1.00000000 0.36473288 0.94774971 0.36106519 0.94501220 0.38951613 1.00000000 0.38951613
0 0.91807506 0.38951613 0.92013468 0.36292452 0.88775567 0.35704881 0.88658783 0.37275904 0.88296090 0.37225223 0.88062019 0.38951613 0.91807506 0.38951613
0 0.14380968 0.87111208 0.14401911 0.87347886 0.14252254 0.87613692 0.14315081 0.88323725 0.14656245 0.88265596 0.14847747 0.88473214 0.15018351 0.88444146 0.15209859 0.88651824 0.15509090 0.88120287 0.15488148 0.87883610 0.15637766 0.87617872 0.15616823 0.87381194 0.15766480 0.87115388 0.15745538 0.86878711 0.15895156 0.86612973 0.15874208 0.86376234 0.16023826 0.86110497 0.15832324 0.85902879 0.15661764 0.85931940 0.15470217 0.85724330 0.15299657 0.85753390 0.15108155 0.85545773 0.14767034 0.85603894 0.14787977 0.85840571 0.14638315 0.86106317 0.14659257 0.86342994 0.14509639 0.86608732 0.14530587 0.86845470 0.14380968 0.87111208
0 0.01576250 0.83286386 0.01725872 0.83020586 0.01683988 0.82547231 0.01492476 0.82339615 0.01321903 0.82368678 0.01130390 0.82161062 0.00959819 0.82190124 0.01127367 0.84083666 0.01318880 0.84291282 0.01489451 0.84262219 0.01447562 0.83788804 0.01597193 0.83523063 0.01576250 0.83286386
0 0.12151649 0.81484531 0.12322209 0.81455470 0.12513755 0.81663080 0.12684315 0.81634020 0.12875818 0.81841637 0.13046422 0.81812569 0.13237929 0.82020247 0.13408490 0.81991187 0.13599992 0.82198804 0.13770552 0.82169744 0.13962098 0.82377354 0.14132659 0.82348293 0.14324161 0.82555910 0.14494765 0.82526842 0.14686267 0.82734460 0.14856827 0.82705400 0.15048335 0.82913077 0.15218895 0.82884017 0.15410442 0.83091627 0.15431384 0.83328304 0.15281727 0.83594110 0.15302670 0.83830788 0.15153052 0.84096526 0.15173994 0.84333203 0.15024376 0.84598941 0.15215883 0.84806619 0.15386444 0.84777559 0.15577990 0.84985169 0.15748550 0.84956108 0.15940052 0.85163725 0.16110656 0.85134658 0.16302164 0.85342336 0.16281216 0.85105597 0.16430835 0.84839860 0.16409892 0.84603182 0.16559505 0.84337383 0.16517621 0.83864028 0.16667239 0.83598290 0.16646297 0.83361613 0.16795953 0.83095807 0.16775011 0.82859129 0.16924629 0.82593391 0.16754069 0.82622451 0.16562517 0.82414781 0.16391957 0.82443841 0.16200455 0.82236224 0.16029894 0.82265285 0.15838392 0.82057667 0.15667788 0.82086735 0.15476286 0.81879118 0.15455344 0.81642440 0.15604956 0.81376642 0.15413454 0.81169025 0.15242894 0.81198085 0.15051348 0.80990475 0.14880787 0.81019535 0.14689280 0.80811858 0.14518719 0.80840918 0.14327217 0.80633301 0.14156613 0.80662368 0.13965111 0.80454751 0.13794550 0.80483811 0.13603004 0.80276202 0.13432444 0.80305262 0.13240942 0.80097645 0.13070381 0.80126705 0.12878874 0.79919027 0.12537710 0.79977156 0.12388097 0.80242954 0.12409039 0.80479632 0.12259377 0.80745377 0.12280319 0.80982055 0.12130701 0.81247793 0.12151649 0.81484531
0 0.72282562 0.60711608 0.64348502 0.65261795 0.69934936 0.73990304 0.77574256 0.69369118 0.72282562 0.60711608
