0 0.37479441 0.17440338 0.42745212 0.16976403 0.42985881 0.15456882 0.37760233 0.15667485 0.37479441 0.17440338
0 0.47769599 0.55769231 0.47505753 0.55406078 0.47543355 0.55168668 0.47343556 0.54893595 0.47381158 0.54656185 0.47181350 0.54381173 0.47218953 0.54143763 0.46819286 0.53593669 0.46856888 0.53356259 0.46657080 0.53081247 0.46694692 0.52843777 0.46494884 0.52568765 0.46532486 0.52331355 0.46332678 0.52056343 0.46370280 0.51818933 0.45970613 0.51268839 0.46008215 0.51031429 0.45808417 0.50756356 0.45846019 0.50518946 0.45646150 0.50243925 0.45683752 0.50006515 0.45483944 0.49731503 0.45521556 0.49494032 0.45121940 0.48944009 0.45159552 0.48706538 0.44959744 0.48431526 0.44997346 0.48194116 0.44951923 0.48131613 0.44951923 0.55731750 0.45188569 0.55769231 0.47769599 0.55769231
0 0.71542973 0.55769231 0.71574920 0.55567528 0.71375112 0.55292516 0.71412714 0.55055106 0.71212916 0.54780034 0.71250518 0.54542624 0.71525530 0.54342816 0.72237759 0.54455622 0.72275362 0.54218212 0.72075554 0.53943200 0.72113165 0.53705730 0.71913357 0.53430718 0.71950959 0.53193308 0.71751161 0.52918235 0.71788763 0.52680825 0.71588956 0.52405813 0.71626557 0.52168403 0.71426689 0.51893382 0.71464300 0.51655911 0.71264493 0.51380899 0.71302095 0.51143489 0.71102296 0.50868417 0.71139899 0.50631007 0.70940030 0.50355985 0.70977632 0.50118575 0.70777824 0.49843563 0.70815436 0.49606093 0.70615628 0.49331081 0.70653230 0.49093671 0.70453431 0.48818598 0.70491034 0.48581188 0.69066453 0.48355557 0.68666837 0.47805533 0.68742051 0.47330653 0.68542243 0.47055641 0.68617456 0.46580760 0.68892469 0.46380952 0.69604698 0.46493758 0.69642300 0.46256348 0.69442492 0.45981337 0.69480094 0.45743927 0.69280296 0.45468854 0.69317898 0.45231444 0.69118090 0.44956432 0.69155702 0.44718962 0.68955894 0.44443950 0.68993496 0.44206540 0.68793627 0.43931518 0.68831230 0.43694108 0.68631431 0.43419036 0.68669033 0.43181626 0.66057342 0.42767974 0.66019740 0.43005384 0.65744719 0.43205253 0.64795018 0.43054835 0.64757416 0.43292245 0.64482404 0.43492053 0.62345533 0.43153606 0.62070521 0.43353413 0.62032919 0.43590824 0.61757898 0.43790692 0.59621087 0.43452255 0.59583485 0.43689664 0.59308473 0.43889472 0.56934192 0.43513423 0.56896580 0.43750894 0.56621568 0.43950702 0.55671868 0.43800284 0.55634266 0.44037694 0.55359254 0.44237502 0.54884374 0.44162288 0.54609362 0.44362096 0.53184781 0.44136464 0.53147169 0.44373935 0.52872157 0.44573743 0.50497876 0.44197694 0.50697744 0.44472715 0.50660133 0.44710186 0.50859941 0.44985198 0.50822339 0.45222608 0.51022147 0.45497619 0.50984544 0.45735030 0.51184404 0.46010112 0.51146801 0.46247522 0.51346609 0.46522534 0.51308998 0.46760004 0.51508806 0.47035016 0.51471204 0.47272426 0.51671011 0.47547438 0.52858182 0.47735467 0.53257788 0.48285552 0.53220186 0.48522962 0.53419994 0.48797974 0.53382383 0.49035444 0.53582190 0.49310456 0.53544588 0.49547866 0.53269576 0.49747674 0.52557347 0.49634868 0.52519745 0.49872278 0.52719543 0.50147351 0.52681941 0.50384761 0.52881749 0.50659772 0.52844137 0.50897243 0.53043945 0.51172255 0.53006343 0.51409665 0.53206151 0.51684677 0.53168549 0.51922087 0.53368408 0.52197169 0.53330806 0.52434579 0.53530614 0.52709591 0.53493002 0.52947062 0.53692810 0.53222074 0.53655208 0.53459483 0.53855076 0.53734505 0.53817475 0.53971915 0.54017273 0.54246987 0.53979671 0.54484397 0.54179479 0.54759409 0.54141867 0.54996880 0.54341675 0.55271892 0.54304073 0.55509302 0.54492922 0.55769231 0.71542973 0.55769231
0 0.92311652 0.55769231 0.92045084 0.55402380 0.92120298 0.54927500 0.91920490 0.54652488 0.91958092 0.54415078 0.91758233 0.54139996 0.91795835 0.53902586 0.92070908 0.53702787 0.92783198 0.53815603 0.92820800 0.53578193 0.92620931 0.53303172 0.92658543 0.53065701 0.92458735 0.52790689 0.92496337 0.52553279 0.92296539 0.52278207 0.92334141 0.52040797 0.92134273 0.51765775 0.92171875 0.51528365 0.91972067 0.51253353 0.92009678 0.51015883 0.91809870 0.50740871 0.91847473 0.50503461 0.91647674 0.50228388 0.91685276 0.49990978 0.91485469 0.49715966 0.91523070 0.49478556 0.91323202 0.49203535 0.91360813 0.48966064 0.91161006 0.48691052 0.91198608 0.48453643 0.90998810 0.48178570 0.91036412 0.47941160 0.90836543 0.47666138 0.90874145 0.47428728 0.90474539 0.46878644 0.89287429 0.46690624 0.89087560 0.46415603 0.89125162 0.46178193 0.88925364 0.45903120 0.88962966 0.45665710 0.88763158 0.45390698 0.88800760 0.45153288 0.88600952 0.44878276 0.89150986 0.44478600 0.90100686 0.44629018 0.89701080 0.44078933 0.89738682 0.43841523 0.89538813 0.43566501 0.89576415 0.43329092 0.89376607 0.43054080 0.89414219 0.42816609 0.89214411 0.42541597 0.89252013 0.42304187 0.89052215 0.42029115 0.89089817 0.41791705 0.88690141 0.41241671 0.88727743 0.41004261 0.88527944 0.40729189 0.87815654 0.40616373 0.87540632 0.40816242 0.86828342 0.40703426 0.86553330 0.40903234 0.85841040 0.40790418 0.85566028 0.40990226 0.84853737 0.40877410 0.84578725 0.41077218 0.83866435 0.40964402 0.83591423 0.41164210 0.82879132 0.41051394 0.82604111 0.41251263 0.81891820 0.41138447 0.81616809 0.41338255 0.80904518 0.41225439 0.80629506 0.41425247 0.79917216 0.41312431 0.79642194 0.41512300 0.79167375 0.41437096 0.78892302 0.41636894 0.78180011 0.41524079 0.77905000 0.41723887 0.77192770 0.41611080 0.76917697 0.41810879 0.76205407 0.41698063 0.75930395 0.41897871 0.75218165 0.41785065 0.74943083 0.41984924 0.74230792 0.41872108 0.73955780 0.42071916 0.73243551 0.41959110 0.72968478 0.42158908 0.72256188 0.42046092 0.71981166 0.42245961 0.71506346 0.42170757 0.71231334 0.42370565 0.70519044 0.42257749 0.70243971 0.42457547 0.69531742 0.42344741 0.69456537 0.42819561 0.69656336 0.43094633 0.69618734 0.43332043 0.69818542 0.43607055 0.69780930 0.43844526 0.69980738 0.44119538 0.69943136 0.44356948 0.70143004 0.44631969 0.70105402 0.44869379 0.70305200 0.45144452 0.70267599 0.45381862 0.71454709 0.45569881 0.71654517 0.45844894 0.71891987 0.45882505 0.72091786 0.46157578 0.72054183 0.46394988 0.72253991 0.46670000 0.72178787 0.47144819 0.72378646 0.47419902 0.72341044 0.47657312 0.72065971 0.47857110 0.71116271 0.47706692 0.71078660 0.47944163 0.71278467 0.48219175 0.71240865 0.48456585 0.71440734 0.48731606 0.71403132 0.48969016 0.71802738 0.49519101 0.71765136 0.49756511 0.71964995 0.50031593 0.71927393 0.50269003 0.72127201 0.50544015 0.72089599 0.50781425 0.72289407 0.51056437 0.72251795 0.51293907 0.72451603 0.51568919 0.72414001 0.51806329 0.72613799 0.52081402 0.72576197 0.52318812 0.72776066 0.52593833 0.72738464 0.52831243 0.72938271 0.53106255 0.72900660 0.53343725 0.73100468 0.53618738 0.73062866 0.53856147 0.73262725 0.54131230 0.73225123 0.54368640 0.73424931 0.54643651 0.73387328 0.54881061 0.73587136 0.55156073 0.73549525 0.55393544 0.73749332 0.55668556 0.73733387 0.55769231 0.92311652 0.55769231
0 1.00000000 0.38652087 0.99813729 0.38622585 0.99738515 0.39097465 0.99463503 0.39297273 0.97089283 0.38921233 0.97051681 0.39158643 0.96776608 0.39358442 0.95826908 0.39208024 0.95789296 0.39445494 0.95514284 0.39645302 0.93140064 0.39269263 0.93102462 0.39506673 0.92827379 0.39706532 0.91402859 0.39480910 0.91127847 0.39680718 0.90652967 0.39605504 0.90615365 0.39842914 0.90815173 0.40117926 0.90777571 0.40355336 0.91177237 0.40905430 0.91139636 0.41142840 0.91339434 0.41417913 0.91301832 0.41655322 0.91501639 0.41930334 0.91464038 0.42167744 0.91663845 0.42442756 0.91626234 0.42680227 0.91826102 0.42955248 0.91788500 0.43192658 0.91988299 0.43467731 0.93412819 0.43693353 0.93612687 0.43968374 0.93537483 0.44443194 0.93737291 0.44718206 0.93699679 0.44955677 0.93899487 0.45230689 0.93861885 0.45468099 0.93586864 0.45667967 0.92637163 0.45517549 0.92599561 0.45754959 0.92799369 0.46029971 0.92761767 0.46267381 0.93161434 0.46817475 0.93123832 0.47054885 0.93323640 0.47329897 0.93286028 0.47567368 0.93485836 0.47842380 0.93448234 0.48079790 0.93648103 0.48354811 0.93610500 0.48592221 0.93810299 0.48867294 0.93772697 0.49104704 0.93972505 0.49379716 0.93934893 0.49617186 0.94134701 0.49892198 0.94097099 0.50129608 0.94296907 0.50404620 0.94259305 0.50642030 0.94459164 0.50917112 0.94421562 0.51154522 0.94621369 0.51429534 0.94583758 0.51667005 0.94783566 0.51942017 0.94745964 0.52179426 0.95145640 0.52729460 0.95620460 0.52804664 0.95895472 0.52604856 0.96370352 0.52680070 0.96570160 0.52955082 0.96494947 0.53429962 0.96694815 0.53704984 0.96657204 0.53942455 0.96857011 0.54217466 0.96819409 0.54454876 0.96544397 0.54654684 0.95832107 0.54541869 0.95756893 0.55016749 0.95956701 0.55291761 0.95919099 0.55529171 0.96093466 0.55769231 0.98558284 0.55769231 1.00000000 0.46666597 1.00000000 0.38652087
0 0.44951923 0.25795866 0.45607823 0.25899750 0.46007460 0.26449840 0.45969858 0.26687250 0.46169678 0.26962264 0.46132076 0.27199674 0.46331902 0.27474688 0.46294290 0.27712159 0.46019260 0.27911964 0.45069560 0.27761546 0.45031958 0.27998956 0.45231774 0.28274032 0.45194172 0.28511442 0.45393998 0.28786456 0.45356396 0.29023866 0.45556216 0.29298880 0.45518604 0.29536351 0.45718425 0.29811365 0.45680822 0.30048775 0.45880639 0.30323850 0.45843037 0.30561260 0.46042863 0.30836275 0.46005261 0.31073685 0.46205081 0.31348699 0.46167469 0.31586169 0.46567085 0.32136193 0.46529473 0.32373664 0.46729342 0.32648685 0.46691740 0.32886095 0.46891548 0.33161107 0.46853946 0.33398517 0.47053744 0.33673590 0.47016142 0.33911000 0.47216011 0.34186021 0.47178399 0.34423492 0.47378207 0.34698504 0.47340605 0.34935914 0.47540412 0.35210925 0.47502811 0.35448335 0.48927391 0.35673967 0.49127190 0.35949039 0.49089587 0.36186450 0.49289395 0.36461461 0.49251784 0.36698932 0.49451592 0.36973944 0.49413990 0.37211354 0.49138978 0.37411162 0.48901568 0.37373560 0.48626556 0.37573368 0.48389085 0.37535756 0.48351474 0.37773226 0.48551342 0.38048248 0.48513740 0.38285658 0.48713538 0.38560731 0.48675936 0.38798141 0.48875744 0.39073152 0.48838142 0.39310562 0.49037950 0.39585574 0.49000338 0.39823045 0.49200146 0.40098057 0.49162544 0.40335467 0.49362403 0.40610549 0.49324801 0.40847959 0.49524609 0.41122971 0.49487007 0.41360381 0.49686815 0.41635393 0.49649203 0.41872863 0.50598904 0.42023281 0.50798711 0.42298293 0.51073784 0.42098495 0.51111396 0.41861024 0.51386408 0.41661216 0.52098698 0.41774032 0.52373710 0.41574224 0.52848530 0.41649428 0.53123602 0.41449630 0.54785532 0.41712854 0.54823135 0.41475444 0.55098217 0.41275585 0.56047917 0.41426003 0.56085519 0.41188593 0.56360531 0.40988785 0.58734751 0.41364825 0.58772363 0.41127354 0.59047436 0.40927556 0.61184246 0.41265993 0.61259450 0.40791173 0.61534462 0.40591366 0.62484163 0.40741783 0.62521775 0.40504313 0.62796786 0.40304505 0.64933658 0.40642952 0.64971260 0.40405542 0.65246281 0.40205673 0.67620562 0.40581723 0.67658164 0.40344313 0.67458296 0.40069291 0.67495898 0.39831881 0.67296090 0.39556869 0.67333702 0.39319399 0.66934025 0.38769365 0.66971637 0.38531894 0.66771829 0.38256883 0.66809431 0.38019473 0.66609623 0.37744461 0.65422513 0.37556441 0.65222644 0.37281419 0.65260256 0.37043949 0.65060448 0.36768937 0.65098050 0.36531527 0.64898252 0.36256454 0.64935854 0.36019044 0.64736046 0.35744032 0.65011058 0.35544225 0.65960758 0.35694642 0.65760950 0.35419631 0.65798562 0.35182160 0.65598694 0.34907138 0.65636296 0.34669728 0.65436497 0.34394656 0.65474099 0.34157246 0.65274292 0.33882234 0.65311894 0.33644824 0.65112086 0.33369812 0.65149697 0.33132341 0.64949889 0.32857330 0.64987492 0.32619920 0.64787632 0.32344837 0.64825235 0.32107427 0.64625427 0.31832415 0.64663029 0.31595006 0.64463221 0.31319994 0.64500832 0.31082523 0.64300964 0.30807501 0.64338566 0.30570092 0.64138768 0.30295019 0.64176370 0.30057609 0.63976562 0.29782597 0.64014164 0.29545187 0.63814356 0.29270175 0.63851968 0.29032705 0.63652160 0.28757693 0.63177279 0.28682479 0.62577805 0.27857373 0.62102985 0.27782169 0.61703308 0.27232135 0.61778522 0.26757255 0.62053595 0.26557456 0.63003234 0.26707865 0.62803426 0.26432853 0.62841038 0.26195382 0.62641230 0.25920370 0.62678832 0.25682960 0.62479024 0.25407948 0.62516626 0.25170538 0.62316828 0.24895466 0.62354430 0.24658056 0.62154562 0.24383034 0.62192173 0.24145564 0.61992365 0.23870552 0.62029967 0.23633142 0.61830160 0.23358130 0.61867762 0.23120720 0.61667903 0.22845638 0.61705505 0.22608228 0.61505697 0.22333216 0.61543308 0.22095745 0.61343500 0.21820733 0.61381103 0.21583324 0.60981487 0.21033300 0.61019099 0.20795829 0.60819230 0.20520807 0.60856832 0.20283398 0.60657034 0.20008325 0.60694636 0.19770915 0.60494828 0.19495903 0.59070247 0.19270272 0.58870439 0.18995260 0.58945653 0.18520379 0.58745845 0.18245367 0.58821059 0.17770487 0.58621190 0.17495465 0.58896263 0.17295667 0.59845963 0.17446085 0.59646155 0.17171073 0.59683757 0.16933663 0.59483898 0.16658581 0.59521500 0.16421171 0.59321692 0.16146159 0.59359304 0.15908688 0.59159496 0.15633676 0.59197098 0.15396266 0.58997230 0.15121245 0.59034832 0.14883835 0.58835033 0.14608762 0.58872636 0.14371352 0.58672828 0.14096340 0.57485717 0.13908320 0.57448115 0.14145730 0.57173043 0.14345529 0.56460813 0.14232722 0.56385599 0.14707603 0.56110587 0.14907411 0.55160826 0.14756983 0.55123224 0.14994393 0.54848212 0.15194201 0.53898512 0.15043783 0.53860900 0.15281254 0.53585888 0.15481062 0.51449078 0.15142625 0.51411476 0.15380034 0.51136394 0.15579893 0.50186754 0.15429485 0.50111550 0.15904305 0.50311358 0.16179317 0.50273756 0.16416727 0.50473554 0.16691800 0.50435952 0.16929209 0.50635760 0.17204221 0.50598148 0.17441692 0.50797956 0.17716704 0.50760354 0.17954114 0.50960223 0.18229135 0.50922621 0.18466545 0.51122419 0.18741618 0.51084817 0.18979028 0.51284625 0.19254040 0.51247013 0.19491510 0.51446881 0.19766532 0.51409280 0.20003942 0.51609087 0.20278954 0.51571485 0.20516364 0.51021391 0.20916031 0.50546571 0.20840826 0.50271499 0.21040625 0.50034089 0.21003023 0.49759067 0.21202891 0.49521657 0.21165289 0.49246645 0.21365097 0.49009175 0.21327485 0.48734163 0.21527293 0.48496753 0.21489691 0.48221680 0.21689489 0.47746861 0.21614285 0.47471836 0.21814091 0.47234408 0.21776487 0.46959369 0.21976352 0.46721946 0.21938748 0.46446922 0.22138554 0.46209494 0.22100949 0.45934464 0.22300754 0.45697042 0.22263150 0.45422008 0.22463017 0.44951923 0.22388563 0.44951923 0.25795866
0 0.74570741 0.10529750 0.74533130 0.10767220 0.74258118 0.10967028 0.73308356 0.10816601 0.73233143 0.11291481 0.72958131 0.11491289 0.70583910 0.11115250 0.70546308 0.11352660 0.70271296 0.11552467 0.69559006 0.11439652 0.69521404 0.11677062 0.69246322 0.11876920 0.68296682 0.11726512 0.68221478 0.12201332 0.67946396 0.12401191 0.66996695 0.12250774 0.66959093 0.12488183 0.66684081 0.12687991 0.65734381 0.12537573 0.65696779 0.12774983 0.65421767 0.12974791 0.64709477 0.12861975 0.64634263 0.13336856 0.64359251 0.13536664 0.62222441 0.13198226 0.62184829 0.13435697 0.61909756 0.13635495 0.60960056 0.13485077 0.60922454 0.13722487 0.61122262 0.13997499 0.61084660 0.14234909 0.61284519 0.14509992 0.61246917 0.14747401 0.61446725 0.15022413 0.61409113 0.15259884 0.61608921 0.15534896 0.61571319 0.15772306 0.61771187 0.16047327 0.61733585 0.16284737 0.61933383 0.16559810 0.61895781 0.16797220 0.63320302 0.17022842 0.63719969 0.17572936 0.63682366 0.17810346 0.63882174 0.18085358 0.63806970 0.18560177 0.64006769 0.18835250 0.63731756 0.19035058 0.62782056 0.18884640 0.62744454 0.19122050 0.62944252 0.19397123 0.62906650 0.19634533 0.63106519 0.19909554 0.63068917 0.20146964 0.63268725 0.20421976 0.63231113 0.20659447 0.63430921 0.20934459 0.63393319 0.21171869 0.63593117 0.21446941 0.63555515 0.21684351 0.63755323 0.21959363 0.63717721 0.22196773 0.63917590 0.22471794 0.63879978 0.22709265 0.64079786 0.22984277 0.64042184 0.23221687 0.64241982 0.23496760 0.64204380 0.23734169 0.64404249 0.24009191 0.64366647 0.24246601 0.64566455 0.24521613 0.64528843 0.24759083 0.64728651 0.25034095 0.64691049 0.25271505 0.64890847 0.25546578 0.64853245 0.25783988 0.66277826 0.26009619 0.66677441 0.26559643 0.66639839 0.26797053 0.66839637 0.27072126 0.66802036 0.27309536 0.67001904 0.27584557 0.66964293 0.27822028 0.66689220 0.28021826 0.65739580 0.27871418 0.65939388 0.28146430 0.65901786 0.28383840 0.66101594 0.28658852 0.66063982 0.28896322 0.66263790 0.29171334 0.66226188 0.29408744 0.66425986 0.29683817 0.66388384 0.29921227 0.66588253 0.30196248 0.66550651 0.30433658 0.66750459 0.30708670 0.66712847 0.30946141 0.66912655 0.31221153 0.66875053 0.31458562 0.67074912 0.31733645 0.67037310 0.31971055 0.67237118 0.32246067 0.67199516 0.32483477 0.67399324 0.32758488 0.67361712 0.32995959 0.67561520 0.33270971 0.67523918 0.33508381 0.67723716 0.33783454 0.67686114 0.34020864 0.67885983 0.34295885 0.67848381 0.34533295 0.68048188 0.34808307 0.69472708 0.35033929 0.69872375 0.35584023 0.69797162 0.36058904 0.69996969 0.36333915 0.69959368 0.36571325 0.70159236 0.36846347 0.69884163 0.37046145 0.68934463 0.36895727 0.68896851 0.37133198 0.69096659 0.37408210 0.69059057 0.37645620 0.69258916 0.37920702 0.69221314 0.38158112 0.69421122 0.38433124 0.69383520 0.38670534 0.69583328 0.38945546 0.69545716 0.39183016 0.69745585 0.39458038 0.69707983 0.39695448 0.71132503 0.39921070 0.71170105 0.39683660 0.71445117 0.39483852 0.73581988 0.39822299 0.73657202 0.39347419 0.73932214 0.39147611 0.74881914 0.39298028 0.74919516 0.39060619 0.75194528 0.38860811 0.77568809 0.39236860 0.77606421 0.38999389 0.77881433 0.38799581 0.80018244 0.39138019 0.80055845 0.38900609 0.80330867 0.38700740 0.82705148 0.39076790 0.82780352 0.38601970 0.83055364 0.38402162 0.83767655 0.38514978 0.83805257 0.38277568 0.84080278 0.38077699 0.86454499 0.38453739 0.86492101 0.38216329 0.86767173 0.38016531 0.87479464 0.38129346 0.87517075 0.37891876 0.87317207 0.37616854 0.87354809 0.37379444 0.87155001 0.37104432 0.87192603 0.36867023 0.86992805 0.36591950 0.87030407 0.36354540 0.86830538 0.36079518 0.86868150 0.35842048 0.86668342 0.35567036 0.86705944 0.35329626 0.86506136 0.35054614 0.86543738 0.34817204 0.86343940 0.34542131 0.86381542 0.34304721 0.86181734 0.34029710 0.86219346 0.33792239 0.86019477 0.33517217 0.85544657 0.33442013 0.85344789 0.33166992 0.85382391 0.32929582 0.84432751 0.32779174 0.84232883 0.32504152 0.84270494 0.32266681 0.84545567 0.32066883 0.84308096 0.32029272 0.84108288 0.31754260 0.84145900 0.31516789 0.84420912 0.31316981 0.85370612 0.31467399 0.85170805 0.31192387 0.85208407 0.30954977 0.84808800 0.30404893 0.84846403 0.30167483 0.84646534 0.29892461 0.84684146 0.29654990 0.84484338 0.29379979 0.84521940 0.29142569 0.84322132 0.28867557 0.84359734 0.28630147 0.84159875 0.28355064 0.84197477 0.28117655 0.83997669 0.27842643 0.84035281 0.27605172 0.83835473 0.27330160 0.83873075 0.27092750 0.83673267 0.26817738 0.83710869 0.26580328 0.83511071 0.26305256 0.83548673 0.26067846 0.83348804 0.25792824 0.83386416 0.25555354 0.83186608 0.25280342 0.83224210 0.25042932 0.83024402 0.24767920 0.83062004 0.24530510 0.82862145 0.24255428 0.82587124 0.24455296 0.81637423 0.24304879 0.81237817 0.23754794 0.81313031 0.23279913 0.81113162 0.23004892 0.81150764 0.22767482 0.80950956 0.22492470 0.81225969 0.22292662 0.82175730 0.22443090 0.82213341 0.22205619 0.82013473 0.21930597 0.82051075 0.21693188 0.81851276 0.21418115 0.81888878 0.21180705 0.81689071 0.20905693 0.81726673 0.20668283 0.81526804 0.20393262 0.81564416 0.20155791 0.81364608 0.19880779 0.81402210 0.19643369 0.81202412 0.19368296 0.81240014 0.19130887 0.81040206 0.18855875 0.81077808 0.18618465 0.80878000 0.18343453 0.80915612 0.18105982 0.80715743 0.17830961 0.80753345 0.17593551 0.80553547 0.17318478 0.80591149 0.17081068 0.80391341 0.16806056 0.80428943 0.16568646 0.80229074 0.16293625 0.80266686 0.16056154 0.80066878 0.15781142 0.80104480 0.15543732 0.78442489 0.15280499 0.78242691 0.15005426 0.78280293 0.14768016 0.78080485 0.14493004 0.78155689 0.14018184 0.77955891 0.13743112 0.78031095 0.13268292 0.78306117 0.13068423 0.79018407 0.13181239 0.79056009 0.12943829 0.78856141 0.12668808 0.78893743 0.12431398 0.78693935 0.12156386 0.78731546 0.11918915 0.78531739 0.11643903 0.78569341 0.11406493 0.78369543 0.11131421 0.78407144 0.10894011 0.78207337 0.10618999 0.78244939 0.10381589 0.78045070 0.10106568 0.76857960 0.09918548 0.76820358 0.10155957 0.76545346 0.10355765 0.75833056 0.10242950 0.75795453 0.10480360 0.75520442 0.10680167 0.74570741 0.10529750
0 1.00000000 0.17479412 0.99798999 0.17202720 0.99836601 0.16965310 0.99636732 0.16690289 0.99674344 0.16452818 0.99474536 0.16177806 0.99549740 0.15702986 0.99349932 0.15427975 0.99387544 0.15190504 0.99187736 0.14915492 0.99225338 0.14678082 0.98038167 0.14490053 0.97638561 0.13939968 0.97676163 0.13702558 0.97476355 0.13427546 0.97513957 0.13190136 0.95851966 0.12926903 0.95652168 0.12651830 0.95764984 0.11939540 0.94815283 0.11789122 0.94615415 0.11514100 0.94690619 0.11039281 0.92791218 0.10738445 0.92591410 0.10463433 0.92666624 0.09988553 0.92466816 0.09713541 0.92229406 0.09675939 0.92029608 0.09400866 0.90842437 0.09212837 0.90642629 0.08937825 0.90717833 0.08463005 0.90518025 0.08187993 0.90555637 0.07950522 0.89368466 0.07762493 0.89330855 0.07999963 0.88780831 0.08399579 0.87831130 0.08249161 0.87793528 0.08486571 0.87518516 0.08686379 0.86806226 0.08573563 0.86768614 0.08811034 0.86218590 0.09210650 0.86018722 0.08935628 0.84356792 0.08672404 0.84281578 0.09147285 0.84481386 0.09422297 0.84443784 0.09659707 0.84168772 0.09859515 0.81794491 0.09483465 0.81756889 0.09720875 0.81481867 0.09920744 0.80532167 0.09770326 0.80494565 0.10007736 0.80694373 0.10282748 0.80656761 0.10520219 0.80856569 0.10795231 0.80818967 0.11032640 0.81018775 0.11307652 0.80981173 0.11545062 0.81181032 0.11820145 0.81143430 0.12057555 0.81343238 0.12332566 0.81305626 0.12570037 0.81705302 0.13120070 0.83129823 0.13345692 0.83329630 0.13620704 0.83254417 0.14095585 0.83454285 0.14370606 0.83416683 0.14608016 0.83616481 0.14883089 0.83578880 0.15120499 0.83303868 0.15320307 0.83066397 0.15282695 0.82791385 0.15482503 0.82553975 0.15444901 0.82516373 0.15682311 0.82716171 0.15957383 0.82678569 0.16194793 0.82878377 0.16469805 0.82840765 0.16707276 0.83040634 0.16982297 0.83003032 0.17219707 0.83202840 0.17494719 0.83165238 0.17732129 0.83365036 0.18007202 0.83327434 0.18244612 0.83527242 0.18519624 0.83489630 0.18757094 0.83689438 0.19032106 0.83651836 0.19269516 0.83851705 0.19544538 0.83814103 0.19781948 0.84013901 0.20057020 0.83976299 0.20294430 0.84176107 0.20569442 0.84138495 0.20806913 0.84338364 0.21081934 0.84300762 0.21319344 0.84500569 0.21594356 0.84462968 0.21831766 0.84662766 0.22106839 0.84625164 0.22344249 0.86049745 0.22569880 0.86449351 0.23119965 0.86411749 0.23357375 0.86611556 0.23632387 0.86536352 0.24107206 0.86736151 0.24382279 0.86461139 0.24582087 0.85511438 0.24431669 0.85711307 0.24706691 0.85673695 0.24944161 0.85873503 0.25219173 0.85835901 0.25456583 0.86035709 0.25731595 0.85998107 0.25969005 0.86197905 0.26244078 0.86160303 0.26481488 0.86360111 0.26756499 0.86322500 0.26993970 0.86522368 0.27268992 0.86484766 0.27506401 0.86684574 0.27781413 0.86646972 0.28018823 0.86846770 0.28293896 0.86809168 0.28531306 0.87009037 0.28806327 0.86971425 0.29043798 0.87171233 0.29318810 0.87133631 0.29556220 0.87333439 0.29831232 0.87295837 0.30068642 0.87495635 0.30343714 0.87458033 0.30581124 0.87657841 0.30856136 0.87620229 0.31093607 0.87820098 0.31368628 0.89007208 0.31556648 0.89606692 0.32381694 0.89569081 0.32619164 0.89768888 0.32894176 0.89731287 0.33131586 0.89931085 0.33406659 0.89656073 0.33606467 0.88706372 0.33456049 0.88668770 0.33693459 0.88868578 0.33968471 0.88830976 0.34205881 0.89030775 0.34480953 0.88993172 0.34718363 0.89193041 0.34993385 0.89155429 0.35230855 0.89355237 0.35505867 0.89317635 0.35743277 0.89517443 0.36018289 0.89479841 0.36255699 0.89679700 0.36530781 0.89642098 0.36768191 0.89841906 0.37043203 0.89804294 0.37280674 0.90004102 0.37555686 0.89966500 0.37793095 0.90166308 0.38068107 0.91353479 0.38256137 0.91628491 0.38056329 0.91666093 0.37818919 0.91941105 0.37619111 0.92653395 0.37731927 0.92691007 0.37494456 0.92966019 0.37294649 0.95102829 0.37633086 0.95140431 0.37395676 0.95415514 0.37195817 0.97789734 0.37571857 0.97827336 0.37334447 0.98377360 0.36934831 0.99089650 0.37047647 0.99127252 0.36810237 0.99402335 0.36610378 1.00000000 0.36705039 1.00000000 0.17479412
0 0.69910551 0.00000000 0.69901831 0.00055056 0.70101697 0.00330096 0.70064093 0.00567518 0.69789019 0.00767329 0.69551609 0.00729727 0.69276594 0.00929553 0.69039123 0.00891941 0.69001518 0.01129369 0.69201385 0.01404403 0.69163781 0.01641825 0.69363586 0.01916855 0.69325981 0.02154283 0.69725654 0.02704341 0.69688049 0.02941769 0.69887854 0.03216799 0.69850250 0.03454221 0.70050056 0.03729245 0.70012456 0.03966643 0.70212254 0.04241716 0.70174652 0.04479126 0.70374460 0.04754138 0.72036450 0.05017371 0.72236249 0.05292444 0.72198647 0.05529854 0.72398515 0.05804875 0.72323311 0.06279695 0.72523109 0.06554768 0.72485507 0.06792178 0.72210495 0.06991986 0.71498205 0.06879170 0.71422991 0.07354050 0.74034682 0.07767702 0.74109896 0.07292821 0.74384908 0.07093013 0.75097199 0.07205829 0.75134800 0.06968419 0.75409822 0.06768550 0.76359522 0.06918968 0.76397125 0.06681558 0.76672136 0.06481750 0.76909607 0.06519362 0.77184619 0.06319554 0.77422029 0.06357156 0.77697041 0.06157348 0.78884212 0.06345378 0.79159233 0.06145509 0.80108934 0.06295927 0.80146536 0.06058517 0.80421548 0.05858709 0.81371248 0.06009127 0.81408860 0.05771656 0.81683869 0.05571861 0.82396160 0.05684676 0.82433764 0.05447254 0.82708778 0.05247434 0.84845649 0.05585881 0.84920859 0.05111025 0.84683388 0.05073413 0.84483582 0.04798389 0.85033672 0.04398753 0.85983311 0.04549161 0.86020916 0.04311733 0.85783506 0.04274131 0.85583700 0.03999107 0.85658909 0.03524257 0.85421500 0.03486655 0.85221694 0.03211625 0.85259298 0.02974202 0.83597308 0.02710969 0.83397502 0.02435945 0.83435107 0.02198517 0.83235241 0.01923477 0.83272845 0.01686055 0.83073039 0.01411031 0.83110644 0.01173603 0.82910839 0.00898573 0.82948443 0.00661150 0.82748576 0.00386117 0.82786181 0.00148689 0.82678160 0.00000000 0.69910551 0.00000000
0 0.58699502 0.00000000 0.58442063 0.00187056 0.57492301 0.00036628 0.57454697 0.00274056 0.57654563 0.00549090 0.57616959 0.00786512 0.57816764 0.01061543 0.57779159 0.01298971 0.58178832 0.01849028 0.58141232 0.02086426 0.58341030 0.02361499 0.58303428 0.02598909 0.58503236 0.02873921 0.58465624 0.03111391 0.58865240 0.03661415 0.58827638 0.03898825 0.59027506 0.04173846 0.58989895 0.04411317 0.59189703 0.04686329 0.59152101 0.04923739 0.59551768 0.05473833 0.59514166 0.05711243 0.59713974 0.05986255 0.59676371 0.06223665 0.59876170 0.06498738 0.59838568 0.06736148 0.60238174 0.07286232 0.60200572 0.07523642 0.60400440 0.07798663 0.60362838 0.08036074 0.60562646 0.08311085 0.60525034 0.08548556 0.60924711 0.09098589 0.60887099 0.09336060 0.63736139 0.09787304 0.63773751 0.09549833 0.64048824 0.09350035 0.64998524 0.09500453 0.65036126 0.09263043 0.65311148 0.09063174 0.66023438 0.09175990 0.66098642 0.08701170 0.66373654 0.08501362 0.67085945 0.08614178 0.67123547 0.08376768 0.67398568 0.08176900 0.68110859 0.08289715 0.68148461 0.08052305 0.68423473 0.07852497 0.69373173 0.08002915 0.69410785 0.07765444 0.69685796 0.07565637 0.70635497 0.07716054 0.70710701 0.07241235 0.70473291 0.07203633 0.70273483 0.06928621 0.70311095 0.06691150 0.69911418 0.06141117 0.69949030 0.05903646 0.69749222 0.05628634 0.69786824 0.05391224 0.69587016 0.05116212 0.69624618 0.04878802 0.69224951 0.04328708 0.69262554 0.04091298 0.69062755 0.03816225 0.69100355 0.03578828 0.68900550 0.03303804 0.68938153 0.03066381 0.68738288 0.02791342 0.68775893 0.02553914 0.68376281 0.02003866 0.68413886 0.01766437 0.68214081 0.01491407 0.68251685 0.01253985 0.68051879 0.00978961 0.68089484 0.00741533 0.67689812 0.00191469 0.67720138 0.00000000 0.58699502 0.00000000
0 0.45329082 0.00000000 0.44951923 0.02381287 0.44951923 0.13383418 0.45626251 0.13490221 0.45663853 0.13252811 0.46213908 0.12853200 0.46688758 0.12928409 0.46726369 0.12690938 0.47001400 0.12491133 0.47713672 0.12603946 0.47788886 0.12129065 0.48063916 0.11929260 0.48776188 0.12042073 0.49051218 0.11842268 0.49126422 0.11367449 0.49401456 0.11167582 0.51538266 0.11506019 0.51575868 0.11268609 0.51850880 0.11068802 0.53750281 0.11369637 0.53950150 0.11644659 0.54187559 0.11682261 0.54262773 0.11207380 0.54537785 0.11007572 0.55487485 0.11157990 0.55562689 0.10683170 0.55837701 0.10483362 0.56787462 0.10633790 0.56825074 0.10396319 0.57100086 0.10196511 0.57812316 0.10309317 0.57849918 0.10071907 0.58125000 0.09872049 0.58837291 0.09984864 0.58874893 0.09747454 0.59149905 0.09547646 0.60099605 0.09698064 0.60137207 0.09460654 0.59937338 0.09185633 0.59974950 0.08948162 0.59737540 0.08910560 0.59537732 0.08635548 0.59575334 0.08398138 0.59375536 0.08123066 0.59413138 0.07885656 0.59213330 0.07610644 0.59288534 0.07135824 0.59088675 0.06860742 0.59126277 0.06623332 0.58888867 0.06585730 0.58689059 0.06310718 0.58764273 0.05835837 0.58564405 0.05560816 0.58602006 0.05323406 0.58402199 0.05048394 0.58439810 0.04810923 0.58202400 0.04773321 0.58002593 0.04498309 0.58040195 0.04260900 0.57840396 0.03985827 0.57915600 0.03511007 0.57715732 0.03235985 0.57753334 0.02998575 0.57515924 0.02960974 0.57316126 0.02685901 0.57353728 0.02448491 0.57153859 0.02173469 0.57229071 0.01698601 0.57029265 0.01423577 0.57066869 0.01186155 0.56829459 0.01148553 0.56629654 0.00873523 0.56704863 0.00398673 0.56505057 0.00123648 0.56524641 0.00000000 0.45329082 0.00000000
0 0.43417916 0.85741295 0.41106319 0.83322012 0.34777611 0.76288482 0.36207876 0.75360111 0.39988228 0.79038601 0.42657875 0.76766658 0.32483114 0.65659264 0.19081619 0.78165449 0.34696371 0.94625744 0.43417916 0.85741295
0 0.70850225 0.76321278 0.75755031 0.78136387 0.75995699 0.76616866 0.71131017 0.74548425 0.70850225 0.76321278
