0 0.19540636 0.30606088 0.12366317 0.26725723 0.11152238 0.37104331 0.11381934 0.38175245 0.17439479 0.41322329 0.18533260 0.41075535 0.19540636 0.30606088
0 0.79239202 0.00017196 0.79092626 0.01014099 0.80751631 0.01440425 0.80546403 0.02836239 0.88238373 0.04812901 0.88590177 0.02420184 0.79239202 0.00017196
0 0.28900978 0.78791086 0.26522163 0.77699557 0.25023989 0.80048288 0.23792223 0.85459216 0.26249164 0.86971460 0.28577994 0.81283498 0.28900978 0.78791086
0 0.33541861 0.91087476 0.36126618 0.92636987 0.38778432 0.84456613 0.35554595 0.82720765 0.33541861 0.91087476
0 0.30232419 0.79776199 0.28627979 0.88062988 0.30932259 0.89729688 0.32224490 0.86922975 0.33633763 0.81165866 0.30232419 0.79776199
0 0.48705708 1.00000000 0.48918996 0.99351388 0.47434894 0.98520731 0.47175670 0.97450309 0.49571852 0.89195400 0.46937405 0.88029337 0.44438252 0.96055254 0.37940887 0.92967006 0.36591784 0.94165392 0.36013168 0.96583270 0.40110464 0.99767602 0.40597267 1.00000000 0.48705708 1.00000000
0 0.62617670 0.86190363 0.62720740 0.85741000 0.59892810 0.85275158 0.59750429 0.85096270 0.57452747 0.84717775 0.56834346 0.87413875 0.57187815 0.87472102 0.57330232 0.87651036 0.61925595 0.88408026 0.62406582 0.86311024 0.62617670 0.86190363
0 0.53906250 0.84288997 0.54590455 0.84401706 0.54732844 0.84580595 0.55439827 0.84697056 0.55645958 0.83798369 0.55857055 0.83677709 0.56210551 0.83735940 0.56352940 0.83914829 0.57413391 0.84089516 0.57585168 0.83340604 0.57796302 0.83219950 0.58149770 0.83278176 0.58292196 0.83457072 0.60766612 0.83864680 0.60908993 0.84043568 0.63383454 0.84451184 0.63241028 0.84272288 0.63344098 0.83822926 0.63201717 0.83644037 0.63270433 0.83344449 0.63128053 0.83165561 0.63162407 0.83015787 0.62278690 0.82870212 0.62136264 0.82691317 0.61959529 0.82662204 0.61817158 0.82483277 0.61920227 0.82033914 0.58562049 0.81480725 0.58419669 0.81301837 0.58557092 0.80702699 0.58414712 0.80523811 0.58449065 0.80374036 0.55267630 0.79849961 0.55125250 0.79671033 0.55331380 0.78772346 0.53917416 0.78539425 0.53906250 0.78588105 0.53906250 0.84288997
0 0.68165083 0.81197337 0.69755782 0.81459372 0.69858852 0.81010009 0.70069994 0.80889317 0.72014207 0.81209585 0.72357762 0.79711760 0.72568850 0.79591098 0.72745584 0.79620212 0.72887964 0.79799100 0.74478664 0.80061134 0.74650441 0.79312222 0.74861583 0.79191529 0.76275548 0.79424450 0.76619102 0.77926625 0.75028358 0.77664584 0.74885977 0.77485696 0.75298247 0.75688282 0.75509344 0.75567582 0.77276823 0.75858738 0.77517307 0.74810275 0.76633591 0.74664702 0.76491219 0.74485775 0.75784191 0.74369307 0.75641810 0.74190419 0.75813588 0.73441506 0.71218224 0.72684516 0.71075844 0.72505628 0.66657169 0.71777744 0.65282935 0.77769121 0.65071847 0.77889783 0.64075529 0.82233521 0.67610441 0.82815824 0.67953995 0.81317999 0.68165083 0.81197337
0 0.55394720 0.72098685 0.54123546 0.77640738 0.56421237 0.78019234 0.56563631 0.78198124 0.58154344 0.78460161 0.58296734 0.78639051 0.58056241 0.79687551 0.59293471 0.79891359 0.59435852 0.80070247 0.59367145 0.80369797 0.59509516 0.80548723 0.59406446 0.80998086 0.62587890 0.81522162 0.62730271 0.81701050 0.63083785 0.81759285 0.64045749 0.77565321 0.64256846 0.77444621 0.65596718 0.71603057 0.64182753 0.71370136 0.64040381 0.71191210 0.56440299 0.69939255 0.56297905 0.69760365 0.55944414 0.69702134 0.55738274 0.70600860 0.56268513 0.70688206 0.56410903 0.70867096 0.56136056 0.72065371 0.55924959 0.72186031 0.55394720 0.72098685
0 0.73623559 0.67795635 0.71301429 0.69123005 0.71124649 0.69093884 0.69013653 0.70300600 0.68836918 0.70271486 0.67359195 0.71116179 0.76903480 0.72688400 0.76937843 0.72538587 0.78204425 0.71814587 0.78238779 0.71664812 0.78661008 0.71423458 0.79367946 0.71539911 0.79579079 0.71419257 0.80286061 0.71535718 0.80526555 0.70487217 0.79819572 0.70370757 0.79677146 0.70191861 0.79888288 0.70071169 0.80094419 0.69172481 0.80305507 0.69051820 0.80447888 0.69230708 0.81154870 0.69347168 0.81326647 0.68598256 0.80619665 0.68481795 0.80408577 0.68602457 0.78994612 0.68369536 0.78852231 0.68190648 0.79024017 0.67441697 0.79235105 0.67321035 0.79269459 0.67171260 0.79480547 0.67050599 0.80364264 0.67196173 0.80398617 0.67046398 0.80609759 0.66925705 0.80678467 0.66626156 0.80889564 0.66505456 0.81773280 0.66651030 0.81945057 0.65902117 0.81238075 0.65785657 0.81095694 0.65606769 0.81198762 0.65157413 0.81056383 0.64978517 0.79642418 0.64745596 0.78586925 0.65348935 0.78410145 0.65319814 0.76088015 0.66647184 0.75911281 0.66618071 0.73800293 0.67824748 0.73623559 0.67795635
0 0.57954747 0.60937500 0.56116191 0.68953222 0.64599981 0.70350749 0.64742361 0.70529637 0.65797901 0.69926305 0.65974635 0.69955419 0.67241226 0.69231380 0.67418005 0.69260501 0.68895675 0.68415839 0.69072454 0.68444960 0.70339045 0.67720921 0.70515780 0.67750035 0.71993495 0.66905380 0.72170229 0.66934494 0.73436865 0.66210463 0.73613599 0.66239576 0.74880190 0.65515537 0.75056969 0.65544658 0.76534639 0.64699996 0.76711419 0.64729117 0.77978008 0.64005086 0.78154742 0.64034199 0.79421373 0.63310191 0.79598107 0.63339304 0.80020333 0.63097966 0.80054689 0.62948183 0.80899095 0.62465506 0.80933450 0.62315724 0.81988947 0.61712373 0.82165681 0.61741487 0.82376817 0.61620823 0.82907019 0.61708163 0.83118110 0.61587492 0.79172287 0.60937500 0.57954747 0.60937500
