0 0.21911482 0.32932692 0.31637025 0.31237965 0.33458730 0.30110344 0.32124871 0.19415633 0.18558955 0.21627400 0.19508124 0.32405595 0.19965298 0.32932692 0.21911482 0.32932692
0 0.54882812 0.25134884 0.55380092 0.25026966 0.55538527 0.24748506 0.56115560 0.24623279 0.56273994 0.24344819 0.56658680 0.24261335 0.56624758 0.24024557 0.56398501 0.23829581 0.56262839 0.22882651 0.56036582 0.22687675 0.56002669 0.22450958 0.55810321 0.22492700 0.55651887 0.22771161 0.54882812 0.22938064 0.54882812 0.25134884
0 0.48132338 0.59243547 0.48017930 0.68663324 0.51692594 0.68766743 0.52075479 0.59031305 0.48132338 0.59243547
0 0.52560275 0.44898023 0.45162685 0.49463483 0.47333525 0.54397685 0.54337463 0.49274164 0.52560275 0.44898023
0 0.39490371 0.42715205 0.32420782 0.48110369 0.35110697 0.52288433 0.41929689 0.47333747 0.39490371 0.42715205
0 0.26635298 0.39842277 0.19887834 0.45296232 0.23037050 0.49760713 0.29241680 0.44167166 0.26635298 0.39842277
0 0.14114354 0.36382045 0.06734645 0.41072323 0.09531852 0.45999290 0.16249430 0.41066612 0.14114354 0.36382045
0 0.00000000 0.47049810 0.02952195 0.44595838 0.00769350 0.40307731 0.00000000 0.40830144 0.00000000 0.47049810
0 0.08872134 0.77158660 0.15535323 0.78415286 0.16664119 0.66587504 0.10239521 0.65536495 0.08872134 0.77158660
0 0.24930564 0.80494684 0.26721489 0.68909302 0.20243246 0.67483842 0.18571617 0.79172032 0.24930564 0.80494684
0 0.28503813 0.80620111 0.35083471 0.82023563 0.36158620 0.69821329 0.30097789 0.69849658 0.28503813 0.80620111
0 0.44920131 0.84264561 0.46269637 0.72517579 0.39773512 0.70967302 0.38441888 0.82839101 0.44920131 0.84264561
0 0.61873283 0.55915654 0.62791395 0.63655734 0.62648446 0.63959209 0.63076900 0.67571264 0.64812493 0.67116344 0.64690071 0.66084271 0.64833020 0.65780796 0.66395107 0.65371354 0.66027864 0.62275335 0.66170813 0.61971860 0.65283311 0.54489831 0.65426260 0.54186356 0.64508148 0.46446276 0.64651142 0.46142789 0.63763636 0.38660727 0.63906582 0.38357232 0.63753565 0.37067228 0.60282334 0.37977081 0.60435351 0.39267085 0.60292361 0.39570591 0.61210468 0.47310639 0.61067519 0.47614114 0.62016232 0.55612179 0.61873283 0.55915654
