0 0.12906143 0.55710136 0.14408261 0.55630022 0.14060029 0.50839823 0.12709579 0.51119883 0.12906143 0.55710136
0 0.07020760 0.52068246 0.07217309 0.56658285 0.12247490 0.56078128 0.12185910 0.51460099 0.07020760 0.52068246
0 0.95798304 0.38167290 0.94254322 0.35208398 0.93043577 0.34963501 0.72457224 0.43591344 0.73854954 0.46961751 0.75307161 0.47570560 0.95335747 0.39207981 0.95798304 0.38167290
0 0.25380232 0.68945312 0.24196164 0.71512564 0.30004004 0.74367650 0.32159036 0.69695190 0.30633629 0.68945312 0.25380232 0.68945312
0 0.14417812 1.00000000 0.15819114 0.97308956 0.13987224 0.96064729 0.12118919 0.99652363 0.12630676 1.00000000 0.14417812 1.00000000
0 0.49921509 1.00000000 0.49741924 0.93547740 0.42637586 0.94142191 0.43078309 1.00000000 0.49921509 1.00000000
0 0.59635954 1.00000000 0.59609305 0.92101224 0.52274362 0.92774364 0.52753922 1.00000000 0.59635954 1.00000000
0 0.68435026 1.00000000 0.68323755 0.91137091 0.60939953 0.91986052 0.61225552 1.00000000 0.68435026 1.00000000
0 0.77884406 1.00000000 0.77656046 0.90110084 0.70217026 0.90962873 0.71098677 1.00000000 0.77884406 1.00000000
0 0.86740615 1.00000000 0.86468462 0.89313976 0.79025889 0.90384642 0.79749666 1.00000000 0.86740615 1.00000000
0 0.91660625 1.00000000 0.95530724 0.99538707 0.95275474 0.88906580 0.87861000 0.89568234 0.88760229 1.00000000 0.91660625 1.00000000
0 1.00000000 0.88188309 0.97472272 0.88452662 0.97854505 0.99077265 1.00000000 0.98928156 1.00000000 0.88188309
0 0.40820312 0.79845800 0.42569349 0.89531766 0.49420206 0.88518798 0.48256763 0.78075321 0.40820312 0.78977798 0.40820312 0.79845800
0 0.51508520 0.87755089 0.58590409 0.87256668 0.57470307 0.76868083 0.50300721 0.77766107 0.51508520 0.87755089
0 0.60594074 0.87460683 0.68027326 0.86786884 0.66936483 0.75934637 0.59338913 0.76728575 0.60594074 0.87460683
0 0.69525633 0.86364026 0.76482369 0.85556286 0.74952623 0.75062346 0.68085898 0.76186475 0.69525633 0.86364026
0 0.78981295 0.85485985 0.85895061 0.84608745 0.84297090 0.74373289 0.76977658 0.75087817 0.78981295 0.85485985
0 0.87580348 0.84282373 0.94285444 0.83556693 0.93271854 0.73593257 0.85933604 0.74494281 0.87580348 0.84282373
0 1.00000000 0.72479275 0.95592099 0.73397901 0.97127776 0.83537894 1.00000000 0.83241044 1.00000000 0.72479275
0 0.41080434 0.76213163 0.47835941 0.75365981 0.47834589 0.69912410 0.40927396 0.70530669 0.41080434 0.76213163
0 0.52378992 0.68945312 0.50822246 0.68985735 0.50334458 0.75361258 0.57746597 0.74670964 0.57225734 0.68945312 0.52378992 0.68945312
0 0.59608660 0.68945312 0.59698317 0.74211521 0.66164156 0.73498886 0.66080301 0.68945312 0.59608660 0.68945312
0 1.00000000 0.68945312 0.68023229 0.68945312 0.68376369 0.73430139 1.00000000 0.70137551 1.00000000 0.68945312
