0 0.00000000 0.09436153 0.02711234 0.09291813 0.14088957 0.08847809 0.20580021 0.08744804 0.28036447 0.08211132 0.27843775 0.05641366 0.15827288 0.05416904 0.09930490 0.05936019 0.05251648 0.05979927 0.01671981 0.06350672 0.00000000 0.06484037 0.00000000 0.09436153
0 0.28509215 0.27134555 0.28968996 0.31219173 0.35415520 0.30863574 0.34703146 0.26823495 0.28509215 0.27134555
0 0.59861067 0.43990385 0.59837977 0.43859437 0.60033016 0.43580969 0.59991265 0.43344191 0.60186243 0.43065734 0.60422960 0.43023994 0.60339481 0.42550559 0.60534459 0.42272102 0.60812916 0.42467080 0.60771176 0.42230362 0.61551188 0.41116391 0.61509448 0.40879674 0.61704425 0.40601216 0.61662686 0.40364499 0.61857664 0.40086042 0.62094381 0.40044302 0.62052631 0.39807524 0.62247609 0.39529067 0.62484387 0.39487316 0.62442647 0.39250599 0.62637614 0.38972081 0.62874331 0.38930341 0.62832592 0.38693624 0.63027630 0.38415156 0.63264348 0.38373416 0.63222608 0.38136699 0.62038900 0.38345419 0.61760442 0.38150441 0.61718692 0.37913663 0.53433095 0.39374637 0.53154577 0.39179670 0.50313786 0.39680578 0.50397276 0.40154074 0.50202298 0.40432531 0.49965581 0.40474270 0.50007320 0.40710988 0.49812343 0.40989445 0.49575564 0.41031196 0.49617304 0.41267913 0.49422337 0.41546431 0.46344816 0.42089081 0.46066330 0.41894046 0.46024590 0.41657328 0.45077660 0.41824298 0.44799184 0.41629323 0.44757444 0.41392606 0.44952441 0.41114145 0.45189176 0.41072402 0.45147426 0.40835624 0.42543364 0.41294791 0.43018670 0.43990385 0.59861067 0.43990385
0 0.41826923 0.33854284 0.50245229 0.32369910 0.50203479 0.32133131 0.50398457 0.31854675 0.50635174 0.31812935 0.50356717 0.31617957 0.50551684 0.31339439 0.52682263 0.30963761 0.52640523 0.30727043 0.52835501 0.30448586 0.54019210 0.30239866 0.54297667 0.30434844 0.54339406 0.30671562 0.55286337 0.30504592 0.55564805 0.30699631 0.55606544 0.30936348 0.55411567 0.31214805 0.55174849 0.31256545 0.55216600 0.31493323 0.68473627 0.29155751 0.68863572 0.28598776 0.68821832 0.28362059 0.69016860 0.28083531 0.69490295 0.28000051 0.69448555 0.27763334 0.69643533 0.27484876 0.70117029 0.27401387 0.69950059 0.26454456 0.70145037 0.26175999 0.70381755 0.26134259 0.70340004 0.25897481 0.70535043 0.25619013 0.70771760 0.25577274 0.70730020 0.25340556 0.70924998 0.25062099 0.70883258 0.24825381 0.71078225 0.24546864 0.71314943 0.24505124 0.71273203 0.24268406 0.71468242 0.23989939 0.71704959 0.23948199 0.71663209 0.23711421 0.71858187 0.23432964 0.71816447 0.23196246 0.72011485 0.22917778 0.72248203 0.22876039 0.72443181 0.22597581 0.72164713 0.22402543 0.67430060 0.23237390 0.67471811 0.23474168 0.67276772 0.23752636 0.65382911 0.24086575 0.65466390 0.24560010 0.65271413 0.24838467 0.63851047 0.25088916 0.63572529 0.24893949 0.63530790 0.24657231 0.63057355 0.24740711 0.62778898 0.24545733 0.62542180 0.24587472 0.61985194 0.24197467 0.58670968 0.24781854 0.58475940 0.25060383 0.52320922 0.26145679 0.52125884 0.26424146 0.50232023 0.26758085 0.50273762 0.26994803 0.50078784 0.27273260 0.48895137 0.27481969 0.48338162 0.27092024 0.48101444 0.27133764 0.47906466 0.27412221 0.47433031 0.27495700 0.47154513 0.27300733 0.47071024 0.26827238 0.42336383 0.27662082 0.41826923 0.28389667 0.41826923 0.33854284
0 0.44439537 0.24362125 0.44049562 0.24919105 0.44091301 0.25155822 0.45038232 0.24988853 0.45316707 0.25183827 0.45358457 0.25420606 0.45163461 0.25699066 0.44926726 0.25740809 0.44968465 0.25977526 0.44578486 0.26534445 0.57835525 0.24196871 0.58420519 0.23361489 0.58378780 0.23124771 0.58963702 0.22289339 0.59910633 0.22122370 0.60467608 0.22512315 0.59882624 0.23347758 0.59924364 0.23584475 0.59729386 0.23862932 0.72986414 0.21525361 0.72944674 0.21288643 0.73919613 0.19896286 0.73877873 0.19659569 0.74852812 0.18267212 0.74811062 0.18030433 0.75786001 0.16638076 0.75744261 0.16401359 0.76719250 0.15008931 0.71747819 0.15885528 0.71789569 0.16122306 0.71594592 0.16400763 0.69700731 0.16734702 0.69505753 0.17013159 0.68322105 0.17221868 0.68043587 0.17026901 0.68001847 0.16790183 0.67054977 0.16957142 0.66776449 0.16762114 0.64882588 0.17096053 0.64604131 0.16901075 0.56791969 0.18278570 0.56833709 0.18515288 0.56443703 0.19072274 0.54786560 0.19364473 0.54591582 0.19642930 0.53171216 0.19893379 0.52892699 0.19698412 0.52850959 0.19461694 0.51904089 0.19628653 0.51625561 0.19433625 0.51583821 0.19196907 0.46849168 0.20031755 0.46264245 0.20867187 0.46305985 0.21103904 0.45330998 0.22496270 0.45372748 0.22733048 0.44397797 0.24125407 0.44439537 0.24362125
0 0.41826923 0.20091999 0.42337550 0.19362748 0.42295800 0.19125970 0.43270751 0.17733611 0.43229011 0.17496893 0.44008972 0.16382993 0.43967233 0.16146276 0.44747194 0.15032376 0.44705444 0.14795598 0.45485415 0.13681758 0.41826923 0.14326849 0.41826923 0.20091999
0 0.48757367 0.17010312 0.48367351 0.17567237 0.49551059 0.17358517 0.49829517 0.17553495 0.49049555 0.18667395 0.49091306 0.18904173 0.62111555 0.16608352 0.63281522 0.14937466 0.64465170 0.14728757 0.64743688 0.14923725 0.64785427 0.15160442 0.64005416 0.16274413 0.73238004 0.14646459 0.73516461 0.14841437 0.77304183 0.14173559 0.77889167 0.13338116 0.77847427 0.13101399 0.78627388 0.11987499 0.78585648 0.11750781 0.79365599 0.10636821 0.79323859 0.10400103 0.80103820 0.09286203 0.80062081 0.09049486 0.80842042 0.07935586 0.80800302 0.07698869 0.80995340 0.07420400 0.76260627 0.08255258 0.76302367 0.08491976 0.76107389 0.08770433 0.74213528 0.09104372 0.74255268 0.09341089 0.74060290 0.09619546 0.72639864 0.09870006 0.72361407 0.09675028 0.72319667 0.09438311 0.71372737 0.09605280 0.71094279 0.09410302 0.71010789 0.08936806 0.67933280 0.09479455 0.67738313 0.09757972 0.61109739 0.10926769 0.61151478 0.11163486 0.60956500 0.11441943 0.59062639 0.11775882 0.59104379 0.12012600 0.58909401 0.12291057 0.57725753 0.12499766 0.57447236 0.12304799 0.57405496 0.12068081 0.56458626 0.12235040 0.56180108 0.12040073 0.56138369 0.11803355 0.55859901 0.11608317 0.51361966 0.12401424 0.50387027 0.13793781 0.50428777 0.14030560 0.49648816 0.15144459 0.49690556 0.15381177 0.48715617 0.16773534 0.48757367 0.17010312
0 0.41826923 0.13594555 0.46070399 0.12846316 0.46460344 0.12289341 0.46418604 0.12052623 0.47198565 0.10938723 0.47156825 0.10702006 0.48131825 0.09309638 0.48090075 0.09072860 0.49065013 0.07680503 0.49023272 0.07443773 0.49803233 0.06329873 0.49761490 0.06093138 0.45026837 0.06927985 0.45068580 0.07164720 0.44873544 0.07443200 0.42979683 0.07777139 0.43021425 0.08013869 0.42826462 0.08292342 0.41826923 0.08468588 0.41826923 0.13594555
0 0.84317391 0.00000000 0.80536702 0.00666638 0.80578445 0.00903373 0.80383469 0.01181843 0.78726325 0.01474042 0.78336375 0.02030986 0.77152667 0.02239706 0.76874206 0.02044710 0.76832464 0.01807981 0.75885534 0.01974950 0.75607075 0.01779960 0.75565332 0.01543224 0.65622531 0.03296408 0.65664274 0.03533144 0.65469298 0.03811613 0.63575437 0.04145552 0.63617179 0.04382282 0.63422204 0.04660757 0.62001778 0.04911216 0.61723318 0.04716220 0.61681576 0.04479491 0.60734645 0.04646460 0.60456186 0.04451470 0.60414443 0.04214735 0.58047087 0.04632163 0.57768626 0.04437168 0.55638048 0.04812846 0.55443073 0.05091321 0.55484816 0.05328057 0.54314843 0.06998906 0.54356580 0.07235612 0.53381652 0.08628029 0.53423392 0.08864747 0.52643431 0.09978647 0.53827079 0.09769938 0.54105596 0.09964905 0.54147347 0.10201683 0.53757331 0.10758608 0.53799070 0.10995325 0.53604093 0.11273782 0.51710231 0.11607721 0.51988699 0.11802760 0.55539704 0.11176622 0.55734671 0.10898104 0.60942759 0.09979778 0.61221287 0.10174805 0.65009009 0.09506928 0.64967259 0.09270150 0.65162237 0.08991693 0.65872450 0.08866463 0.66067427 0.08588006 0.67014358 0.08421036 0.67209336 0.08142579 0.67167596 0.07905862 0.67557602 0.07348876 0.68977967 0.07098427 0.69256485 0.07293394 0.69339975 0.07766890 0.69144937 0.08045358 0.68908219 0.08087097 0.68949959 0.08323815 0.68754981 0.08602272 0.68518203 0.08644022 0.68559953 0.08880800 0.81580263 0.06584969 0.81775230 0.06306451 0.81733491 0.06069733 0.82708490 0.04677365 0.82666750 0.04440648 0.83446712 0.03326748 0.83404972 0.03090031 0.84379902 0.01697625 0.84338161 0.01460895 0.85118122 0.00346995 0.85076380 0.00110266 0.85153582 0.00000000 0.84317391 0.00000000
0 0.59399634 0.00000000 0.58479433 0.00162256 0.57504435 0.01554636 0.57546178 0.01791372 0.57156228 0.02348317 0.58339876 0.02139607 0.58618396 0.02334587 0.58660139 0.02571322 0.58270128 0.03128278 0.58033411 0.03170017 0.58075152 0.03406747 0.57880117 0.03685233 0.57921860 0.03921969 0.70705452 0.01667876 0.70900427 0.01389401 0.71137144 0.01347661 0.71332180 0.01069175 0.71290438 0.00832446 0.71873323 0.00000000 0.59399634 0.00000000
0 0.41826923 0.06759940 0.50583194 0.05215974 0.50778169 0.04937498 0.50736425 0.04700762 0.51516387 0.03586863 0.51474645 0.03350133 0.52254606 0.02236233 0.52212864 0.01999503 0.52797850 0.01164073 0.41826923 0.03098543 0.41826923 0.06759940
0 0.20313535 0.52845213 0.19957306 0.50824936 0.21977582 0.50468707 0.21398782 0.47186172 0.19631100 0.47497862 0.19230373 0.45225229 0.17462691 0.45536919 0.18798446 0.53112364 0.20313535 0.52845213
0 0.31770642 0.43990385 0.32093441 0.45821066 0.30073164 0.46177295 0.30696503 0.49712423 0.32464186 0.49400733 0.32864912 0.51673367 0.35137545 0.51272640 0.33853487 0.43990385 0.31770642 0.43990385
0 0.23685343 0.52771322 0.21665303 0.53127510 0.21976993 0.54895192 0.31706052 0.53960794 0.31394362 0.52193111 0.29582141 0.52252208 0.29270492 0.50484762 0.28216052 0.50410241 0.27948901 0.48895152 0.24621590 0.49221400 0.24680687 0.51033621 0.23670785 0.51211694 0.23685343 0.52771322
0 0.68889632 0.93548797 0.77163149 0.88765895 0.61393478 0.69386536 0.53586198 0.74595918 0.68889632 0.93548797
