0 0.35250807 0.31835938 0.37165720 0.27908873 0.28296606 0.23723076 0.27515779 0.25253248 0.30576268 0.26815138 0.29014378 0.29875628 0.32711942 0.31835938 0.35250807 0.31835938
0 0.27578241 0.25909109 0.24361530 0.24097472 0.23986626 0.25721359 0.27250173 0.27330129 0.27578241 0.25909109
0 0.07514170 0.09089592 0.00581298 0.05778572 0.00112636 0.07808573 0.07045507 0.11119593 0.07514170 0.09089592
0 0.88653422 0.06500694 0.79307858 0.03736103 0.69681501 0.00116181 0.68319982 0.00804100 0.66342873 0.09367899 0.78740939 0.14086348 0.86046649 0.16923625 0.88653422 0.06500694
0 0.56229601 0.00000000 0.55050182 0.05108626 0.64492207 0.08491189 0.66966683 0.03850766 0.67524081 0.00000000 0.56229601 0.00000000
0 0.00000000 0.92754788 0.04933730 0.94195098 0.06070568 0.87968502 0.06323146 0.87768985 0.06607362 0.86212303 0.06449513 0.85892970 0.06544256 0.85374054 0.06386460 0.85054736 0.06433825 0.84795311 0.06276041 0.84475927 0.06323406 0.84216502 0.06165610 0.83897184 0.06212976 0.83637759 0.06055179 0.83318441 0.04003410 0.82719466 0.03529733 0.85313847 0.03277207 0.85513379 0.00199578 0.84614924 0.00000000 0.84772610 0.00000000 0.92754788
0 0.00000000 0.80457597 0.02756661 0.81262352 0.02914497 0.81581752 0.04350679 0.82001018 0.05345409 0.76552763 0.05598000 0.76353180 0.07161148 0.67791627 0.07413675 0.67592096 0.08787350 0.60068309 0.09039889 0.59868710 0.10476123 0.60287992 0.11802433 0.53023630 0.12054960 0.52824098 0.12197067 0.52045757 0.11376370 0.51806170 0.11218574 0.51486852 0.10808199 0.51367051 0.10650403 0.51047733 0.12118821 0.43005030 0.08630860 0.41986785 0.08473048 0.41667463 0.03959212 0.40349734 0.01543429 0.53581266 0.02774475 0.53940647 0.02932287 0.54259970 0.02648084 0.55816585 0.05725696 0.56715036 0.05883496 0.57034425 0.05504550 0.59109957 0.05252008 0.59309484 0.03815790 0.58890208 0.03657978 0.58570885 0.00785537 0.57732330 0.00000000 0.62034812 0.00000000 0.69253554 0.02852199 0.70086200 0.03010006 0.70405521 0.02299479 0.74297160 0.02046943 0.74496689 0.01889136 0.74177368 0.00000000 0.73625870 0.00000000 0.80457597
0 0.77176054 1.00000000 0.78692529 0.90286306 0.78908457 0.90086774 0.79272994 0.87751751 0.77694055 0.87212684 0.77559083 0.86893351 0.67909975 0.83599039 0.67775003 0.83279706 0.58301322 0.80045287 0.58166405 0.79725903 0.53906250 0.78271439 0.53906250 0.92754788 0.75127627 1.00000000 0.77176054 1.00000000
0 0.53906250 0.72532791 0.56560804 0.73439085 0.56695729 0.73758473 0.61783484 0.75495488 0.61918411 0.75814806 0.66830701 0.77491916 0.66965628 0.77811234 0.72053346 0.79548237 0.72188273 0.79867554 0.77100609 0.81544680 0.77235536 0.81863998 0.80393414 0.82942132 0.82054046 0.72305048 0.80475107 0.71765980 0.80340180 0.71446663 0.74375233 0.69410164 0.74240306 0.69090846 0.68275359 0.67054348 0.68140432 0.66735030 0.62175531 0.64698547 0.62040614 0.64379163 0.55900231 0.62282768 0.55765290 0.61963446 0.54010901 0.61364478 0.53906250 0.62034812 0.53906250 0.72532791
0 0.70569726 0.65378260 0.70704698 0.65697593 0.76494172 0.67674183 0.76629099 0.67993501 0.82418573 0.69970091 0.82553500 0.70289409 0.82728973 0.70349317 0.83701051 0.64122721 0.83916979 0.63923189 0.85294085 0.55102212 0.85510024 0.54902613 0.86198577 0.50492125 0.82689798 0.49294189 0.82554871 0.48974871 0.76940825 0.47058174 0.76805908 0.46738789 0.71191862 0.44822092 0.71056935 0.44502774 0.65618316 0.42645970 0.65483389 0.42326653 0.59869321 0.40409947 0.59734380 0.40090625 0.57453676 0.39311968 0.54334927 0.59288946 0.58720898 0.60786365 0.58855816 0.61105680 0.64645335 0.63082285 0.64780252 0.63401669 0.70569726 0.65378260
0 0.58620813 0.31835938 0.57858714 0.36717519 0.60490301 0.37615972 0.60625226 0.37935359 0.66414700 0.39911950 0.66549627 0.40231267 0.72163673 0.42147965 0.72298646 0.42467298 0.77912692 0.44383995 0.78047619 0.44703313 0.83661665 0.46620010 0.83796592 0.46939328 0.86428187 0.47837783 0.87400266 0.41611188 0.87616192 0.41411669 0.88223741 0.37520050 0.86995702 0.37100784 0.86860733 0.36781431 0.81773015 0.35044428 0.81638090 0.34725097 0.76374899 0.32928185 0.76239974 0.32608854 0.73976085 0.31835938 0.58620813 0.31835938
0 1.00000000 0.46732702 0.99384030 0.46522404 0.99249103 0.46203085 0.98722775 0.46023391 0.98587848 0.45704073 0.98830870 0.44147404 0.99046801 0.43947859 0.99775860 0.39277913 0.99991836 0.39078379 0.94377789 0.37161682 0.93162688 0.44944944 0.92946715 0.45144460 0.91367085 0.55262695 0.93823253 0.56101258 0.93958180 0.56420575 0.93755666 0.57717766 0.93539727 0.57917364 0.93215701 0.59992896 0.92999728 0.60192413 0.90543605 0.59353866 0.90381592 0.60391632 0.90165663 0.60591164 0.88707546 0.69931057 0.88491572 0.70130574 0.86992944 0.79729959 0.86777015 0.79929491 0.85278397 0.89528810 0.85062468 0.89728341 0.83523338 0.99587151 0.84732581 1.00000000 0.94731056 1.00000000 0.94832655 0.99349213 0.95048628 0.99149696 0.96425745 0.90328652 0.96641673 0.90129120 0.96803686 0.89091354 0.96668759 0.88772036 0.93159935 0.87574085 0.93025019 0.87254701 0.91446079 0.86715634 0.91311152 0.86396316 0.92121218 0.81207486 0.92337146 0.81007954 0.92580161 0.79451338 0.92796099 0.79251740 0.96655779 0.80569477 0.96790695 0.80888861 0.98018779 0.81308143 1.00000000 0.68617540 1.00000000 0.68321030 0.95307085 0.66718818 0.95172158 0.66399500 0.95982223 0.61210670 0.96198152 0.61011138 0.98829747 0.61909594 0.99032271 0.60612336 0.99248200 0.60412804 1.00000000 0.60669477 1.00000000 0.46732702
