0 0.14277074 0.27034444 0.14905350 0.24575755 0.11848944 0.22723594 0.10880724 0.26728576 0.15596550 0.29209350 0.15910632 0.27980071 0.14277074 0.27034444
0 0.15844069 0.27485004 0.17570064 0.28608534 0.17673522 0.27340330 0.15934602 0.26375233 0.15844069 0.27485004
0 0.26903760 0.38701423 0.30592138 0.40670376 0.30721470 0.39085009 0.27033091 0.37116057 0.26903760 0.38701423
0 0.31835938 0.43823193 0.37083745 0.40941150 0.36292365 0.40229106 0.31835938 0.42676635 0.31835938 0.43823193
0 0.93993280 0.25737853 0.84386839 0.27000727 0.84616505 0.28307874 0.94250408 0.26886549 0.93993280 0.25737853
0 0.67587665 0.26194482 0.58404731 0.27654731 0.59144604 0.29971445 0.68327538 0.28511196 0.67587665 0.26194482
0 0.14881380 0.76373833 0.09021700 0.74672027 0.08866507 0.76739832 0.14713250 0.78614008 0.14881380 0.76373833
0 0.21306371 0.77664449 0.17764056 0.76428144 0.17647661 0.77978997 0.21189976 0.79215303 0.21306371 0.77664449
0 0.21468663 0.51284845 0.19349184 0.51034065 0.19245726 0.52412548 0.21365193 0.52663489 0.21468663 0.51284845
0 0.93506191 0.85151115 0.97464792 0.80752449 0.97219894 0.79945286 0.95328932 0.79528126 0.78364756 0.77614755 0.76507904 0.80217670 0.78738974 0.80925042 0.77535101 0.83187848 0.79038349 0.83573271 0.93506191 0.85151115
0 0.68373810 1.00000000 0.69628207 0.95134491 0.64295430 0.94173225 0.64023294 0.92445529 0.64506218 0.91960314 0.70733434 0.92338865 0.72457529 0.86183057 0.66277919 0.85546030 0.63128607 0.85550612 0.62965424 0.87505047 0.64903991 0.87663731 0.65199929 0.89262189 0.64475544 0.89990011 0.62077856 0.90187303 0.61788789 0.90688386 0.59687288 0.99961769 0.59746942 1.00000000 0.68373810 1.00000000
