0 0.46875000 0.27354550 0.42460013 0.26705251 0.22749434 0.21101020 0.20552831 0.22162908 0.17493445 0.20521285 0.01232342 0.16583839 0.00000000 0.21533633 0.00000000 0.24848040 0.00084175 0.25175502 0.20020465 0.30072148 0.19805806 0.35113306 0.18585504 0.40865385 0.46699815 0.40865385 0.46773931 0.40222804 0.46875000 0.40029376 0.46875000 0.27354550
0 0.61281959 0.40243551 0.61292819 0.40084150 0.56526398 0.39891998 0.56330039 0.39724202 0.56416925 0.38448909 0.53308385 0.38323592 0.53112023 0.38155837 0.53133746 0.37836993 0.52097583 0.37795222 0.51879498 0.37946310 0.51465002 0.37929600 0.51399839 0.38886050 0.51181757 0.39037097 0.51127451 0.39834186 0.61281959 0.40243551
0 0.46875000 0.39662754 0.50505732 0.39809122 0.50527455 0.39490278 0.50745548 0.39339231 0.50962763 0.36150999 0.50766390 0.35983243 0.50144682 0.35958180 0.49948309 0.35790424 0.47668720 0.35698525 0.47232535 0.36000619 0.47221675 0.36160021 0.47003578 0.36311068 0.46992715 0.36470510 0.46875000 0.36552035 0.46875000 0.39662754
0 0.56973478 0.39430463 0.60289240 0.39564134 0.60485602 0.39731889 0.61314542 0.39765306 0.61532624 0.39614259 0.61619510 0.38338966 0.61837648 0.38187880 0.62034007 0.38355676 0.62252091 0.38204587 0.62903733 0.28639930 0.53992609 0.28280689 0.53796249 0.28112893 0.52345590 0.28054412 0.51737389 0.36981464 0.53809767 0.37065009 0.54027849 0.36913962 0.56929168 0.37030924 0.57125529 0.37198680 0.56973478 0.39430463
0 0.53828833 0.27634648 0.54025191 0.27802444 0.62936315 0.28161684 0.63142670 0.25132853 0.53402606 0.24740195 0.53391746 0.24899597 0.53173664 0.25050644 0.53151941 0.25369488 0.52933859 0.25520536 0.52792670 0.27592877 0.53828833 0.27634648
0 0.00000000 0.71164233 0.01299665 0.75064164 0.07837264 0.71678352 0.05048565 0.64518060 0.00000000 0.67330131 0.00000000 0.71164233
0 0.46875000 0.83867398 0.44384427 0.85204378 0.43258169 0.82593399 0.32661846 0.89271082 0.34925142 0.94239901 0.35720893 0.94925812 0.34454509 0.95605628 0.36452408 0.99541995 0.36787474 1.00000000 0.37297587 1.00000000 0.46875000 0.94434359 0.46875000 0.83867398
0 1.00000000 0.42374365 0.93893306 0.42018123 0.93882446 0.42248801 0.94078806 0.42491568 0.94024503 0.43644961 0.94646221 0.43681230 0.94842583 0.43923993 0.96914961 0.44044888 0.97111322 0.44287652 0.97078739 0.44979689 0.96860657 0.45198275 0.96849796 0.45428956 0.99751062 0.45598205 0.99947422 0.45840975 1.00000000 0.45844042 1.00000000 0.42374365
0 0.55503793 0.40865385 0.55457073 0.41857699 0.55238937 0.42076288 0.52130440 0.41894950 0.52021832 0.44201730 0.51803734 0.44420316 0.51727709 0.46035065 0.51509611 0.46253638 0.48401087 0.46072299 0.48346784 0.47225674 0.48543159 0.47468486 0.50201040 0.47565200 0.50397412 0.47807953 0.51433585 0.47868399 0.51629963 0.48111152 0.51575660 0.49264527 0.51772035 0.49507339 0.51761175 0.49738003 0.53419066 0.49834718 0.53451649 0.49142669 0.53669731 0.48924094 0.54705894 0.48984540 0.54902255 0.49227292 0.54880533 0.49688677 0.54662451 0.49907252 0.54532122 0.52675388 0.57640662 0.52856729 0.57837024 0.53099481 0.57706695 0.55867617 0.60400792 0.56024781 0.60597151 0.56267591 0.60466825 0.59035669 0.62746371 0.59168649 0.62942783 0.59411463 0.63357227 0.59435640 0.63553642 0.59678395 0.63412453 0.62677194 0.63608815 0.62919946 0.66302859 0.63077106 0.66499218 0.63319918 0.66401472 0.65396005 0.66597887 0.65638760 0.66565304 0.66330809 0.67186969 0.66367074 0.67383331 0.66609826 0.69248487 0.66718632 0.69444849 0.66961384 0.69357963 0.68806808 0.69554322 0.69049619 0.69521739 0.69741668 0.72423058 0.69910920 0.72619419 0.70153672 0.72565117 0.71307047 0.75259160 0.71464207 0.75455522 0.71706959 0.75325193 0.74475096 0.75521608 0.74717850 0.78422873 0.74887099 0.78619232 0.75129910 0.78488904 0.77898047 0.78685318 0.78140801 0.81379362 0.78297962 0.81575724 0.78540714 0.81445395 0.81308850 0.81859892 0.81333030 0.82056251 0.81575841 0.84128629 0.81696736 0.84521352 0.82182239 0.84467049 0.83335615 0.87161093 0.83492775 0.87357505 0.83735589 0.87324925 0.84427579 0.87521287 0.84670331 0.87434401 0.86515755 0.90128444 0.86672915 0.90324803 0.86915726 0.90205334 0.89453199 0.90401749 0.89695954 0.92681296 0.89828934 0.92877658 0.90071686 0.93084933 0.90083778 0.93281295 0.90326530 0.93226989 0.91479964 0.93423351 0.91722716 0.93412491 0.91953379 0.95070372 0.92050094 0.95288507 0.91831522 0.96531891 0.91904056 0.96597057 0.90519959 0.96815139 0.90301384 0.97151822 0.83150351 0.97369957 0.82931779 0.99235060 0.83040582 1.00000000 0.66793534 1.00000000 0.58797503 0.99339221 0.58758956 0.99142859 0.58516204 0.99240608 0.56440057 0.99044246 0.56197306 0.99076829 0.55505257 0.96175510 0.55336005 0.95979148 0.55093253 0.96033452 0.53939878 0.95204511 0.53891520 0.95008152 0.53648709 0.93143049 0.53539906 0.92946634 0.53297151 0.93033520 0.51451727 0.93251655 0.51233156 0.93436287 0.47311632 0.90534969 0.47142380 0.90338608 0.46899611 0.90544962 0.42516731 0.86607481 0.42287033 0.86411120 0.42044264 0.84753239 0.41947549 0.84556878 0.41704782 0.84567738 0.41474105 0.74133063 0.40865385 0.55503793 0.40865385
0 0.48230629 0.40865385 0.48138666 0.42818645 0.48967606 0.42867003 0.49185699 0.42648411 0.49269648 0.40865385 0.48230629 0.40865385
