0 0.19460503 0.36056636 0.18640546 0.38828039 0.23611823 0.51676177 0.25594421 0.54124667 0.28388193 0.60127574 0.29139455 0.60503804 0.34468184 0.56232866 0.34482162 0.54851957 0.33162959 0.52363328 0.34192997 0.48850846 0.31027388 0.41375370 0.31041366 0.39994461 0.31914843 0.39213243 0.32037058 0.38055796 0.27484747 0.27482413 0.24650237 0.21865322 0.23790739 0.21265631 0.20486544 0.23842332 0.21628816 0.29255134 0.18947278 0.32177511 0.18784326 0.33720774 0.19460503 0.36056636
0 0.67492379 0.29411612 0.75832650 0.31393066 0.76970415 0.22592570 0.68280370 0.20632280 0.67492379 0.29411612
0 0.72463144 0.32365005 0.67638102 0.31322950 0.67022576 0.36494082 0.71869097 0.37332716 0.72463144 0.32365005
0 0.22857605 0.73758398 0.22679558 0.75143246 0.21424494 0.75544728 0.20741577 0.80916607 0.24969254 0.81656946 0.24749027 0.83897840 0.27173673 0.84286440 0.28346826 0.74518248 0.22857605 0.73758398
0 0.90244507 1.00000000 0.90435182 0.97182848 0.85563860 0.96254132 0.85468217 1.00000000 0.90244507 1.00000000
0 0.84495951 1.00000000 0.84679981 0.96092591 0.79780197 0.94986456 0.79621448 1.00000000 0.84495951 1.00000000
0 0.78057245 1.00000000 0.78522839 0.94746271 0.73586354 0.93634383 0.73339972 1.00000000 0.78057245 1.00000000
0 0.72215117 1.00000000 0.72667294 0.93860967 0.67733512 0.92531211 0.67432556 1.00000000 0.72215117 1.00000000
0 0.66211538 1.00000000 0.66799804 0.92736715 0.61875226 0.91816703 0.61553471 1.00000000 0.66211538 1.00000000
0 0.60009783 1.00000000 0.60422147 0.91286394 0.55678839 0.90290205 0.55204567 1.00000000 0.60009783 1.00000000
0 0.52582844 0.95906701 0.54329980 0.96431332 0.54744404 0.90161740 0.53058682 0.89775885 0.52582844 0.95906701
0 0.92435804 0.93029483 0.96976692 0.94280926 0.98489315 0.83818382 0.93453942 0.82632971 0.92435804 0.93029483
0 0.86355425 0.91448086 0.91062212 0.92193358 0.92099327 0.82252613 0.87343409 0.81104921 0.86355425 0.91448086
0 0.80078910 0.90649245 0.85015715 0.91582050 0.86101677 0.80900284 0.81058188 0.79841679 0.80078910 0.90649245
0 0.74474280 0.89124319 0.79090485 0.90174354 0.80286518 0.80053249 0.75737644 0.78690160 0.74474280 0.89124319
0 0.68225020 0.87848857 0.72810979 0.88966850 0.74387851 0.78644942 0.69527827 0.77675405 0.68225020 0.87848857
0 0.62659317 0.86504626 0.67109773 0.87463868 0.68434667 0.77739210 0.63566444 0.76582634 0.62659317 0.86504626
0 0.58884729 0.76606227 0.57255026 0.76251676 0.56322491 0.85461675 0.60766020 0.86386643 0.62025101 0.76306422 0.58860223 0.75142811 0.58884729 0.76606227
0 1.00000000 0.76001111 0.99570418 0.75998049 0.99092884 0.80886413 1.00000000 0.81128316 1.00000000 0.76001111
0 1.00000000 0.68479677 0.99557253 0.73487093 1.00000000 0.73622104 1.00000000 0.68479677
0 0.93797355 0.79939968 0.98278573 0.81022398 0.98512746 0.75348706 0.93925141 0.74489767 0.93797355 0.79939968
0 0.95656038 0.72907103 0.97130279 0.73388060 0.97451646 0.67293117 0.95995111 0.67306187 0.95656038 0.72907103
0 0.87210447 0.78899498 0.92132802 0.79848051 0.91956143 0.73459388 0.87701223 0.73070433 0.87210447 0.78899498
0 0.87849454 0.71396917 0.90795216 0.72103682 0.90840446 0.65031918 0.87959575 0.65361142 0.87849454 0.71396917
0 0.81629429 0.77434365 0.85920783 0.78372220 0.86146423 0.71860426 0.81829088 0.71822870 0.81629429 0.77434365
0 0.83972748 0.64843750 0.83474515 0.70412903 0.85188480 0.70728544 0.85619201 0.64897669 0.85276434 0.64843750 0.83972748 0.64843750
0 0.58646552 0.70727769 0.57054343 0.70204154 0.56909642 0.72422313 0.80157119 0.77288455 0.80595611 0.71517565 0.58725737 0.66796584 0.58646552 0.70727769
0 0.74812959 0.64843750 0.74841445 0.69159005 0.79148052 0.69725161 0.79405379 0.64843750 0.74812959 0.64843750
0 0.62919501 0.64843750 0.62879689 0.66120413 0.67498255 0.67282933 0.67592694 0.64843750 0.62919501 0.64843750
