0 0.39104712 0.35276722 0.36644192 0.35278339 0.36369723 0.41081875 0.36019303 0.47286768 0.38330807 0.47269721 0.38733686 0.41223613 0.39104712 0.35276722
0 0.36150932 0.37894299 0.33954406 0.37897918 0.33692224 0.42900649 0.33271557 0.49794803 0.35500785 0.49733533 0.35880993 0.43045040 0.36150932 0.37894299
0 0.33610202 0.38236078 0.31556399 0.38291435 0.31203057 0.43957528 0.30828930 0.49963622 0.33084655 0.49963107 0.33411995 0.43717094 0.33610202 0.38236078
0 0.29086342 0.38473924 0.28774516 0.44423919 0.28347398 0.50308504 0.30551680 0.50156876 0.31222121 0.38496806 0.29086342 0.38473924
0 0.98643503 0.66927083 0.98921678 0.59220165 0.96584153 0.59042291 0.96413780 0.58767551 0.86164795 0.57987655 0.86136524 0.58770899 0.85758088 0.59265654 0.82161903 0.58992002 0.81991531 0.58717262 0.82029224 0.57672959 0.75376378 0.57166711 0.75206007 0.56891904 0.75395226 0.56644527 0.75442342 0.55339165 0.72925067 0.55147613 0.72735803 0.55394987 0.68600277 0.55080295 0.68429859 0.54805551 0.68476974 0.53500190 0.68306602 0.53225449 0.68344297 0.52181080 0.65107749 0.51934795 0.64937376 0.51660055 0.64975070 0.50615752 0.61918363 0.50383152 0.61475468 0.62653724 0.68308155 0.63173656 0.68478528 0.63448397 0.68421987 0.65014884 0.85503659 0.66314712 0.85674032 0.66589453 0.85661845 0.66927083 0.98643503 0.66927083
0 0.18291922 0.95992530 0.18092676 0.95856731 0.10312229 0.95606562 0.10279167 0.95993612 0.10057821 0.96115888 0.09782311 0.99341231 0.21137604 0.99706344 0.21446176 0.96093951 0.18291922 0.95992530
0 0.00000000 0.99026695 0.08310372 0.99293903 0.08376496 0.98519802 0.05642781 0.98431903 0.05443531 0.98296137 0.05685982 0.95457811 0.02531739 0.95356391 0.02332479 0.95220624 0.00000000 0.95145627 0.00000000 0.99026695
0 0.10820931 0.94587971 0.11020178 0.94723771 0.21744609 0.95068600 0.22416856 0.87198752 0.22638148 0.87076474 0.23200191 0.80496751 0.16050606 0.80266866 0.15851303 0.80131098 0.12066241 0.80009394 0.11956035 0.81299551 0.11734746 0.81421796 0.10996375 0.90065744 0.10775086 0.90187989 0.10400392 0.94574449 0.10820931 0.94587971
0 0.00000000 0.94110680 0.05364627 0.94283172 0.05563877 0.94418938 0.08718131 0.94520359 0.09258132 0.88198680 0.09479421 0.88076435 0.10107586 0.80722643 0.10328875 0.80600399 0.10372960 0.80084309 0.10173710 0.79948543 0.06178325 0.79820077 0.05979076 0.79684310 0.01352840 0.79535560 0.01153580 0.79399793 0.00312449 0.79372748 0.00000000 0.83030519 0.00000000 0.94110680
0 0.13394586 0.66927083 0.12970799 0.71888263 0.12749507 0.72010541 0.12154405 0.78977282 0.15729197 0.79092224 0.15928447 0.79227991 0.21606093 0.79410548 0.21805394 0.79546349 0.23697925 0.79607201 0.24215886 0.73543533 0.24437176 0.73421288 0.24991914 0.66927083 0.13394586 0.66927083
0 0.01375565 0.66927083 0.00400613 0.78340636 0.02293154 0.78401488 0.02492420 0.78537255 0.07118639 0.78686004 0.07317889 0.78821771 0.07384010 0.78047703 0.07605302 0.77925425 0.07748567 0.76248251 0.07969910 0.76126008 0.10703572 0.76213905 0.11496857 0.66927083 0.01375565 0.66927083
