0 0.12963510 0.51986566 0.11989115 0.54429875 0.09042999 0.54587717 0.07534579 0.56360433 0.07452804 0.57400672 0.30057561 0.58451223 0.30867576 0.55611009 0.29173504 0.54769499 0.28957186 0.52545361 0.12963510 0.51986566
0 0.33061662 0.65885417 0.33907348 0.59237664 0.31186942 0.59012230 0.29872738 0.58314378 0.17779958 0.57891874 0.16178712 0.58357477 0.15040768 0.62881265 0.14648510 0.65885417 0.33061662 0.65885417
0 0.76499510 0.18742081 0.76447571 0.16914848 0.71170310 0.14383502 0.65185251 0.13392071 0.63646166 0.15554877 0.63010751 0.18661965 0.72343067 0.21856537 0.74673383 0.22068342 0.76499510 0.18742081
0 0.78056282 0.38745687 0.79791242 0.39067078 0.82573808 0.40989715 0.86956791 0.39969367 0.94149688 0.30572036 0.90946367 0.29025860 0.92033202 0.25152221 0.87433901 0.23948432 0.86202301 0.24687724 0.85227906 0.27131034 0.80487158 0.32702428 0.77357877 0.37678190 0.78056282 0.38745687
0 0.32079006 0.81859209 0.24643808 0.80903949 0.24337565 0.82144965 0.31772763 0.83100224 0.32079006 0.81859209
0 0.98350362 1.00000000 0.99364772 0.88219992 0.88868922 0.87885226 0.88638813 0.88011321 0.81641580 0.87788143 0.81595738 0.88320487 0.81365574 0.88446581 0.80709569 0.88425657 0.80652271 0.89091036 0.80422163 0.89217131 0.79547509 0.89189234 0.79513129 0.89588475 0.81699792 0.89658219 0.81929901 0.89532124 0.82148551 0.89539098 0.82355741 0.89679140 0.82321361 0.90078381 0.82528608 0.90218426 0.82482769 0.90750736 0.82252605 0.90876829 0.81159301 0.90841958 0.81124921 0.91241199 0.84404888 0.91345814 0.84612079 0.91485857 0.84566240 0.92018166 0.84773487 0.92158211 0.84992137 0.92165185 0.85222245 0.92039090 0.96155394 0.92387804 0.96362641 0.92527848 0.94981872 0.93284483 0.94970413 0.93417552 0.93129427 0.94426378 0.93117968 0.94559446 0.91276983 0.95568272 0.91265521 0.95701375 0.89424535 0.96710200 0.91611199 0.96779944 0.91818389 0.96919987 0.92911693 0.96954858 0.93118939 0.97094902 0.93107478 0.97228006 0.92877313 0.97354099 0.92842936 0.97753306 0.93280291 0.97767255 0.93487479 0.97907332 0.95892792 0.97984050 0.96099983 0.98124092 0.96088524 0.98257161 0.94937922 0.98887669 0.94926461 0.99020772 0.94696352 0.99146867 0.97101609 0.99223583 0.97308800 0.99363626 0.97527505 0.99370602 0.97734693 0.99510678 0.97692556 1.00000000 0.98350362 1.00000000
0 0.96625240 0.86931636 0.96165023 0.87183826 0.99444990 0.87288441 0.99651263 0.84893064 0.98960878 0.85271381 0.98949419 0.85404450 0.97798818 0.86034958 0.97787359 0.86168027 0.96636699 0.86798567 0.96625240 0.86931636
0 1.00000000 0.78498924 0.92329439 0.78254271 0.92272142 0.78919650 0.92041974 0.79045777 0.88980713 0.78948138 0.88773525 0.78808061 0.87024217 0.78752267 0.86966919 0.79417646 0.86736752 0.79543773 0.82800836 0.79418236 0.82593648 0.79278160 0.82650946 0.78612781 0.79808278 0.78522114 0.79601087 0.78382071 0.79646926 0.77849761 0.67620417 0.77466174 0.66930089 0.77844494 0.66918630 0.77977563 0.65998137 0.78481976 0.65986678 0.78615044 0.65066185 0.79119457 0.65054723 0.79252560 0.64134233 0.79756939 0.64122772 0.79890042 0.63202279 0.80394454 0.63190820 0.80527523 0.62960711 0.80653618 0.65803323 0.80744284 0.66010514 0.80884327 0.65953213 0.81549739 0.69014475 0.81647379 0.69221722 0.81787423 0.69152962 0.82585905 0.68922798 0.82711998 0.67610844 0.82670154 0.67576468 0.83069360 0.70856435 0.83173975 0.71063622 0.83314052 0.70971945 0.84378672 0.70741837 0.84504767 0.69648533 0.84469896 0.69625612 0.84736068 0.72686874 0.84833707 0.72894064 0.84973750 0.72882605 0.85106819 0.72652497 0.85232914 0.72629576 0.85499086 0.75472188 0.85589751 0.75679379 0.85729794 0.75622081 0.86395173 0.75829328 0.86535217 0.92010402 0.87051314 0.92021861 0.86918245 0.92712242 0.86539962 0.92723704 0.86406859 0.93183921 0.86154669 0.93195383 0.86021566 0.93655656 0.85769377 0.93667115 0.85636308 0.94127390 0.85384086 0.94138849 0.85251017 0.94829178 0.84872697 0.94840637 0.84739628 0.95300910 0.84487440 0.95312371 0.84354337 0.96002756 0.83976020 0.96209944 0.84116096 0.99708560 0.84227685 1.00000000 0.80843289 1.00000000 0.78498924
0 1.00000000 0.70092015 0.97424669 0.70009875 0.97217479 0.69869825 0.97263318 0.69337516 0.94420650 0.69246848 0.94213460 0.69106799 0.94247839 0.68707565 0.94477948 0.68581463 0.94489408 0.68448384 0.90990791 0.68336795 0.90783602 0.68196742 0.82474359 0.67931718 0.81323757 0.68562236 0.81312297 0.68695315 0.80161695 0.69325830 0.80150236 0.69458905 0.78769468 0.70215534 0.78758009 0.70348603 0.77607407 0.70979110 0.77595946 0.71112213 0.76445344 0.71742721 0.76433885 0.71875790 0.75053120 0.72632391 0.75041658 0.72765494 0.73891056 0.73396002 0.76296369 0.73472720 0.76503560 0.73612762 0.77159564 0.73633686 0.77366755 0.73773729 0.77355293 0.73906832 0.76895076 0.74159022 0.76883614 0.74292125 0.76423341 0.74544313 0.76411882 0.74677382 0.75721554 0.75055702 0.75710095 0.75188771 0.75249819 0.75440993 0.75238360 0.75574062 0.74778087 0.75826250 0.74766626 0.75959353 0.74306408 0.76211543 0.74294946 0.76344647 0.73834730 0.76596837 1.00000000 0.77431380 1.00000000 0.70092015
0 1.00000000 0.66755943 0.88745970 0.66396995 0.88055586 0.66775305 0.88044127 0.66908381 0.87813962 0.67034481 1.00000000 0.67423156 1.00000000 0.66755943
0 0.45375700 0.65885417 0.45129690 0.68742252 0.48409646 0.68846867 0.48616848 0.68986910 0.48559550 0.69652289 0.51402162 0.69742954 0.51609406 0.69883033 0.51529190 0.70814549 0.51299023 0.70940677 0.50643018 0.70919754 0.50574262 0.71718201 0.50344164 0.71844297 0.49469510 0.71816400 0.49262309 0.71676357 0.49205008 0.72341769 0.48974888 0.72467864 0.48318895 0.72446941 0.48295977 0.72713079 0.50919939 0.72796770 0.51127130 0.72936813 0.51115668 0.73069916 0.51322915 0.73209961 0.51288535 0.73609202 0.53912442 0.73692892 0.54119688 0.73832936 0.54096770 0.74099074 0.54303958 0.74239151 0.54258119 0.74771461 0.54028011 0.74897556 0.52934707 0.74862685 0.52900327 0.75261926 0.56617594 0.75380488 0.56847705 0.75254359 0.56859164 0.75121290 0.58239930 0.74364689 0.58251392 0.74231586 0.59401993 0.73601078 0.59413452 0.73468009 0.60794162 0.72711406 0.60805624 0.72578304 0.61956281 0.71947798 0.61967740 0.71814729 0.63348453 0.71058092 0.63359912 0.70925023 0.64510513 0.70294515 0.64521975 0.70161412 0.65902740 0.69404811 0.65914199 0.69271742 0.67064802 0.68641217 0.67076262 0.68508138 0.68226864 0.67877623 0.68238323 0.67744548 0.69619091 0.66987926 0.69630551 0.66854850 0.70781152 0.66224336 0.70792612 0.66091257 0.71168270 0.65885417 0.45375700 0.65885417
