0 0.27259113 0.11291396 0.26661845 0.12283117 0.22626211 0.25811655 0.27154633 0.27594666 0.33030368 0.08444671 0.30679487 0.07674165 0.29373207 0.11813547 0.27259113 0.11291396
0 0.50936330 0.29906840 0.55668630 0.31120261 0.56115075 0.29525842 0.52967947 0.28718879 0.52769519 0.29427540 0.52534791 0.29557214 0.52349669 0.29509746 0.52214147 0.29285136 0.50936330 0.28957487 0.50936330 0.29906840
0 0.50936330 0.41299218 0.64910585 0.44882392 0.65952277 0.41162127 0.65816765 0.40937519 0.65915967 0.40583234 0.65780455 0.40358626 0.65830068 0.40181438 0.65694557 0.39956830 0.65843372 0.39425357 0.66078085 0.39295680 0.68260659 0.31500909 0.65483780 0.30788882 0.65348268 0.30564275 0.61090393 0.29472502 0.60954894 0.29247849 0.57437517 0.28345949 0.56395825 0.32066215 0.56161111 0.32195892 0.51903237 0.31104120 0.51767715 0.30879510 0.50936330 0.30666332 0.50936330 0.41299218
0 0.50936330 0.27248594 0.52660593 0.27690717 0.52796101 0.27915372 0.56683704 0.28912202 0.56882132 0.28203541 0.54290413 0.27538992 0.54154854 0.27314372 0.50936330 0.26489102 0.50936330 0.27248594
0 0.50936330 0.25349889 0.56303740 0.26726160 0.56452555 0.26194687 0.55341831 0.25909884 0.55206272 0.25685264 0.50936330 0.24590397 0.50936330 0.25349889
0 0.79014723 0.30650788 0.78717093 0.31713733 0.78482379 0.31843411 0.77556769 0.31606073 0.77322008 0.31735738 0.73989791 0.30881316 0.73854232 0.30656696 0.73953433 0.30302411 0.73398096 0.30160015 0.73262596 0.29935362 0.70855943 0.29318266 0.70621217 0.29447988 0.70472414 0.29979416 0.71583185 0.30264232 0.71989707 0.30938100 0.71840893 0.31469573 0.74062386 0.32039192 0.74197946 0.32263812 0.80677267 0.33925191 0.80812778 0.34149799 0.81738437 0.34387149 0.81973150 0.34257472 0.82965229 0.30714394 0.82039618 0.30477056 0.81904059 0.30252436 0.76535461 0.28875860 0.76399962 0.28651207 0.72512360 0.27654377 0.72413146 0.28008707 0.72178432 0.28138385 0.71252774 0.27901035 0.71103959 0.28432508 0.78879211 0.30426180 0.79014723 0.30650788
0 0.71947223 0.25420903 0.71748807 0.26129518 0.72859578 0.26414334 0.72995090 0.26638942 0.75401696 0.27256026 0.75649713 0.26370268 0.71947223 0.25420903
0 0.83646388 0.28990298 0.84043219 0.27573067 0.79970504 0.26528771 0.79573673 0.27946003 0.83646388 0.28990298
0 0.72800239 0.24500365 0.78724222 0.26019348 0.78859734 0.26243956 0.79230007 0.26338898 0.79329208 0.25984613 0.79563921 0.25854936 0.83451524 0.26851766 0.83587083 0.27076386 0.83957308 0.27171316 0.84006909 0.26994174 0.84241622 0.26864497 0.84340836 0.26510166 0.82859841 0.26130420 0.82724329 0.25905812 0.82959055 0.25776090 0.84254938 0.26108370 0.85693450 0.20970919 0.85928163 0.20841242 0.87565090 0.14995175 0.87009753 0.14852779 0.86874206 0.14628114 0.79839500 0.12824327 0.79703988 0.12599719 0.77112221 0.11935158 0.75276865 0.18489885 0.75042152 0.18619563 0.73752456 0.23225541 0.73517742 0.23355219 0.73147469 0.23260276 0.72800239 0.24500365
0 1.00000000 0.05462141 0.79781090 0.00277758 0.79384258 0.01694989 0.81050414 0.02122213 0.81185923 0.02346830 0.80789092 0.03764061 0.80554375 0.03893752 0.78888219 0.03466528 0.78193763 0.05946683 0.77959050 0.06076360 0.76669341 0.10682384 0.78335449 0.11109595 0.78471008 0.11334215 0.84765217 0.12948129 0.84900729 0.13172737 0.90639599 0.14644255 0.90775099 0.14868908 0.90477481 0.15931809 0.90242768 0.16061486 0.88761772 0.15681741 0.88166525 0.17807587 0.87931811 0.17937264 0.87832597 0.18291595 0.89128480 0.18623876 0.89263992 0.18848483 0.89115177 0.19379956 0.89250689 0.19604564 0.89052273 0.20313180 0.88817547 0.20442902 0.88447274 0.20347960 0.88311775 0.20123307 0.87756390 0.19980899 0.87260344 0.21752461 0.87025630 0.21882138 0.85190287 0.28436820 0.84955561 0.28566543 0.83120218 0.35121226 0.82885505 0.35250903 0.81695010 0.39502596 0.81460249 0.39632262 0.80719751 0.39442389 0.80584239 0.39217781 0.80782655 0.38509165 0.80647143 0.38284558 0.80462031 0.38237092 0.80326471 0.38012472 0.81120135 0.35178010 0.79639139 0.34798264 0.79503640 0.34573611 0.76171375 0.33719177 0.76035863 0.33494569 0.72703647 0.32640147 0.72568135 0.32415539 0.70716866 0.31940850 0.69777953 0.32459593 0.69480335 0.33522494 0.69245609 0.33652217 0.68997592 0.34537975 0.69738090 0.34727847 0.69873602 0.34952455 0.69724787 0.35483928 0.69490074 0.35613606 0.69440473 0.35790748 0.69205712 0.35920413 0.69020600 0.35872948 0.68785873 0.36002671 0.68415648 0.35907740 0.66927536 0.41222334 0.66692775 0.41352000 0.66047914 0.43655034 0.67714070 0.44082258 0.67849582 0.44306865 0.68034694 0.44354330 0.68170206 0.44578938 0.67872576 0.45641884 0.72978938 0.46951220 0.79014099 0.46951220 0.79105865 0.46623487 0.79340579 0.46493809 0.79687810 0.45253721 0.79922523 0.45124043 0.80107683 0.45171521 0.80342397 0.45041843 0.80712622 0.45136774 0.80811836 0.44782443 0.81046550 0.44652766 0.81145751 0.44298481 0.81380525 0.44168771 0.81479726 0.43814485 0.81714452 0.43684763 0.81764053 0.43507620 0.81998766 0.43377943 0.82097968 0.43023658 0.82332741 0.42893947 0.82431943 0.42539662 0.82666669 0.42409939 0.82765871 0.42055654 0.83000584 0.41925977 0.83050185 0.41748834 0.83284911 0.41619112 0.83384113 0.41264827 0.83618839 0.41135104 0.83718040 0.40780819 0.83952801 0.40651154 0.84052015 0.40296823 0.84286729 0.40167146 0.84336329 0.39990003 0.84571056 0.39860280 0.84620656 0.39683138 0.84485145 0.39458530 0.85179606 0.36978353 0.85414320 0.36848676 0.85761551 0.35608587 0.85996311 0.35478922 0.86736762 0.35668783 0.86984779 0.34783025 0.87219539 0.34653359 0.87467556 0.33767601 0.87936995 0.33508201 0.88307268 0.33603144 0.88541981 0.33473466 0.89097367 0.33615874 0.89196581 0.33261544 0.89431294 0.33131866 0.89480895 0.32954724 0.89715609 0.32825047 0.89814823 0.32470716 0.90049584 0.32341051 0.90099197 0.32163863 0.90333910 0.32034186 0.90433112 0.31679901 0.90667826 0.31550223 0.90717439 0.31373035 0.90952152 0.31243358 0.91001753 0.31066215 0.91236479 0.30936493 0.91335681 0.30582208 0.91570442 0.30452542 0.91620042 0.30275400 0.91854769 0.30145677 0.91953970 0.29791392 0.92188696 0.29661669 0.92238297 0.29484527 0.92473058 0.29354862 0.92522659 0.29177719 0.92757372 0.29048042 0.92856586 0.28693711 0.93091300 0.28564034 0.93140913 0.28386846 0.93375627 0.28257169 0.93474828 0.27902884 0.93709541 0.27773206 0.93759155 0.27596018 0.93993916 0.27466353 0.94043516 0.27289211 0.94278243 0.27159488 0.94377444 0.26805203 0.94612158 0.26675525 0.94711372 0.26321195 0.94946133 0.26191530 0.94995734 0.26014387 0.95230460 0.25884665 0.95329661 0.25530379 0.95564375 0.25400702 0.95663589 0.25046372 0.95898302 0.24916694 0.95997516 0.24562364 0.96232230 0.24432686 0.96281831 0.24255544 0.96516591 0.24125879 0.96615806 0.23771548 0.96850519 0.23641871 0.96949733 0.23287540 0.97184447 0.23157863 0.97283648 0.22803578 0.97518409 0.22673913 0.97568023 0.22496725 0.97802736 0.22367048 0.97901950 0.22012717 0.98136664 0.21883040 0.98235865 0.21528755 0.98470579 0.21399077 0.98569793 0.21044747 0.98804506 0.20915070 0.98854120 0.20737882 0.99088881 0.20608216 0.99188082 0.20253931 0.99422796 0.20124254 0.99522010 0.19769923 0.99756723 0.19640246 0.99855938 0.19285916 1.00000000 0.19206346 1.00000000 0.05462141
0 0.56644225 0.00000000 0.50936330 0.20384987 0.50936330 0.22501782 0.55751919 0.23736560 0.56198351 0.22142186 0.56433125 0.22012476 0.56618237 0.22059941 0.56852951 0.21930263 0.57223176 0.22025194 0.57457937 0.21895529 0.57643050 0.21942994 0.57877763 0.21813316 0.58062923 0.21860794 0.58297637 0.21731116 0.58667862 0.21826047 0.58902588 0.21696324 0.59087748 0.21743802 0.59223247 0.21968454 0.58429584 0.24802917 0.58194870 0.24932594 0.57599623 0.27058441 0.58155008 0.27200849 0.58290520 0.27425456 0.60326854 0.27947598 0.60462413 0.28172218 0.62683907 0.28741837 0.62819406 0.28966490 0.68928502 0.30532939 0.69163228 0.30403216 0.69212829 0.30226073 0.69447589 0.30096408 0.69745219 0.29033462 0.69979933 0.28903785 0.71616860 0.23057718 0.71851586 0.22927995 0.73488514 0.17081928 0.73723274 0.16952263 0.75310601 0.11283339 0.75545314 0.11153661 0.77182242 0.05307594 0.77416968 0.05177872 0.78161024 0.02520575 0.77420526 0.02330702 0.77285018 0.02106080 0.71731260 0.00682027 0.71595751 0.00457410 0.71723828 0.00000000 0.56644225 0.00000000
0 0.00372145 0.46951220 0.00000000 0.48511547 0.00000000 0.63985031 0.04037665 0.65968898 0.04758699 0.63048249 0.02195168 0.62443803 0.03872364 0.54957839 0.08698038 0.58887477 0.11241202 0.48586035 0.07767774 0.46951220 0.00372145 0.46951220
0 0.00000000 0.93433887 0.01053374 0.93842222 0.05969034 0.72568538 0.00000000 0.69472304 0.00000000 0.93433887
0 0.13713872 0.57533696 0.11860012 0.66548446 0.14185837 0.66968029 0.18011003 0.49587749 0.13546644 0.49926494 0.11953090 0.57240144 0.13713872 0.57533696
0 0.05292812 0.89945375 0.09373663 0.72224397 0.06507831 0.72680729 0.02904883 0.90535958 0.05292812 0.89945375
0 0.20300591 0.46951220 0.18460613 0.49579417 0.50936330 0.58716737 0.50936330 0.52579633 0.32055753 0.46951220 0.20300591 0.46951220
0 0.50936330 0.79086622 0.46762023 0.77202606 0.42112708 0.94492183 0.50936330 0.98358167 0.50936330 0.79086622
0 0.71575539 0.68686580 0.66794050 0.67484274 0.65874111 0.70512964 0.70929342 0.71977530 0.71575539 0.68686580
0 0.82535444 0.65454342 0.81053912 0.71432587 0.80106075 0.71157987 0.79852103 0.72182810 0.75586835 0.70947107 0.75375204 0.71801074 0.74111471 0.71434954 0.73857499 0.72459778 0.72909661 0.72185177 0.72698031 0.73039143 0.71434149 0.72672980 0.71211213 0.74255997 0.81047785 0.76922826 0.83641303 0.65774724 0.82535444 0.65454342
