0 0.19040872 0.41278962 0.20929543 0.41702993 0.39555652 0.39547181 0.37710170 0.34132772 0.24883893 0.35445268 0.25523210 0.38515238 0.23584644 0.38753264 0.21707425 0.33080380 0.15116299 0.33889668 0.15692142 0.36442687 0.13930419 0.37052558 0.14522131 0.39734815 0.10547496 0.40485211 0.11479316 0.42732149 0.19040872 0.41278962
0 0.41717038 0.11207954 0.41168350 0.11012952 0.28890761 0.12520451 0.29482473 0.15202707 0.31645487 0.15724240 0.32706545 0.17955309 0.43433281 0.16638232 0.42601253 0.13067179 0.41717038 0.11207954
0 0.62003043 0.39711275 0.62924313 0.39811378 0.63859301 0.27773182 0.63146130 0.27800582 0.62003043 0.39711275
0 0.64222417 0.39775769 0.64935588 0.39748369 0.66102293 0.28072107 0.65245142 0.27962409 0.64222417 0.39775769
0 0.66354056 0.39615426 0.67082971 0.39744314 0.68073069 0.28253125 0.67359898 0.28280524 0.66354056 0.39615426
0 0.69116728 0.40550482 0.75468870 0.41582971 0.77269048 0.20689898 0.71076632 0.19950795 0.69116728 0.40550482
0 0.78025717 0.41121033 0.78762505 0.41328065 0.79813311 0.31731515 0.79036023 0.31768510 0.78025717 0.41121033
0 0.80476808 0.41547461 0.81349705 0.41813447 0.82338748 0.26435643 0.81689696 0.26453448 0.80476808 0.41547461
0 0.82960527 0.41651720 0.83769306 0.41927300 0.84861831 0.26930621 0.84204906 0.26870282 0.82960527 0.41651720
0 0.85419492 0.42156292 0.86348634 0.42334539 0.87561522 0.27240526 0.86768488 0.27121233 0.85419492 0.42156292
0 0.80129322 0.88907473 0.76441452 0.85348551 0.75175503 0.84051464 0.70201154 0.88604806 0.78816536 0.97368808 0.85839933 0.90350503 0.80019436 0.84632558 0.78739083 0.86034787 0.80658921 0.88150768 0.80129322 0.88907473
0 1.00000000 0.84478823 0.98520120 0.86026857 1.00000000 0.87183066 1.00000000 0.84478823
0 0.59368271 0.77553868 0.55922945 0.79913601 0.57714869 0.82114456 0.61075322 0.79626808 0.59368271 0.77553868
0 0.67694794 0.66502159 0.64651152 0.68190061 0.66798097 0.71592346 0.69876413 0.69623515 0.67694794 0.66502159
0 0.79130334 0.70631481 0.81755471 0.73421708 0.86301828 0.69889268 0.83608551 0.67107406 0.79130334 0.70631481
