0 0.41030462 0.21561107 0.33649497 0.06170403 0.32714376 0.05553028 0.15253799 0.06803963 0.14582123 0.07146890 0.22094563 0.23656508 0.27786015 0.35621814 0.38219126 0.35039301 0.37764128 0.33264460 0.44827542 0.32668918 0.45187510 0.32120200 0.41030462 0.21561107
0 0.52994792 0.20602813 0.54722874 0.28502892 0.55169695 0.27988492 0.55137813 0.27842739 0.55882506 0.26985395 0.55850624 0.26839643 0.56446385 0.26153789 0.56414503 0.26008037 0.57159205 0.25150730 0.57127322 0.25004978 0.57723076 0.24319087 0.57691193 0.24173335 0.58286955 0.23487481 0.58255072 0.23341729 0.58999802 0.22484418 0.58967919 0.22338665 0.59563626 0.21652781 0.59531744 0.21507029 0.60425413 0.20478264 0.60393523 0.20332475 0.60989292 0.19646658 0.60957402 0.19500869 0.61106333 0.19329416 0.57128206 0.19894852 0.56915497 0.19774802 0.52994792 0.20332076 0.52994792 0.20602813
0 0.52994792 0.19280011 0.62478715 0.17932003 0.63074430 0.17246156 0.63042548 0.17100404 0.63787278 0.16243054 0.63755395 0.16097302 0.64351157 0.15411448 0.64319275 0.15265696 0.65063967 0.14408390 0.65032085 0.14262638 0.65627838 0.13576747 0.65595955 0.13430995 0.66340648 0.12573689 0.66308765 0.12427937 0.67053504 0.11570624 0.67021614 0.11424835 0.67617329 0.10738988 0.67585446 0.10593236 0.68330185 0.09735923 0.68298294 0.09590133 0.68894064 0.08904317 0.68862173 0.08758528 0.69606866 0.07901222 0.69574983 0.07755470 0.70319667 0.06898127 0.69053930 0.07078034 0.68841188 0.06957988 0.60161608 0.08191670 0.60321036 0.08920506 0.60172105 0.09091959 0.58544695 0.09323272 0.58395718 0.09494731 0.56045010 0.09828852 0.56172547 0.10411898 0.56023616 0.10583351 0.52994792 0.11013856 0.52994792 0.19280011
0 0.74441185 0.00000000 0.52994792 0.03048308 0.52994792 0.08158269 0.71511190 0.05526420 0.71660167 0.05354961 0.71532630 0.04771914 0.71681561 0.04600462 0.72224000 0.04523362 0.72064579 0.03794555 0.72213554 0.03623085 0.72936852 0.03520278 0.73085780 0.03348815 0.73053896 0.03203055 0.72841200 0.03082995 0.72777430 0.02791468 0.72926360 0.02620008 0.73649658 0.02517201 0.73490237 0.01788395 0.73639165 0.01616931 0.74181651 0.01539825 0.74330579 0.01368361 0.74234927 0.00931078 0.74383855 0.00759614 0.75107200 0.00656801 0.74963529 0.00000000 0.74441185 0.00000000
0 0.12252916 0.53904904 0.12288861 0.54143818 0.12120953 0.54424859 0.11509342 0.54551250 0.12156394 0.58852000 0.12564100 0.58767747 0.12803950 0.58964522 0.15032663 0.73778083 0.15644222 0.73651702 0.15884029 0.73848550 0.15991872 0.74565352 0.17011241 0.74354696 0.17251039 0.74551482 0.18270355 0.74340837 0.18234411 0.74101923 0.18402362 0.73820811 0.18810068 0.73736557 0.18774123 0.73497643 0.18942031 0.73216603 0.20369106 0.72921693 0.20537005 0.72640591 0.20740858 0.72598464 0.20908818 0.72317413 0.21112671 0.72275286 0.21280579 0.71994246 0.22503801 0.71741463 0.19268569 0.50237894 0.17841495 0.50532804 0.17877439 0.50771717 0.17709531 0.51052758 0.17097920 0.51179149 0.17313607 0.52612753 0.17145699 0.52893794 0.12252916 0.53904904
0 0.19568432 0.49436838 0.20467106 0.55410045 0.20706956 0.55606821 0.23007568 0.70898269 0.24230738 0.70645497 0.24194793 0.70406583 0.24362701 0.70125543 0.24770459 0.70041278 0.24734505 0.69802304 0.24902413 0.69521263 0.26329488 0.69226353 0.26293543 0.68987439 0.26461451 0.68706399 0.27684673 0.68453616 0.27852581 0.68172575 0.28260287 0.68088321 0.28224333 0.67849347 0.28392241 0.67568306 0.29411610 0.67357650 0.29579518 0.67076610 0.29987224 0.66992356 0.30155175 0.66711243 0.26991833 0.45685502 0.25768611 0.45938285 0.25804565 0.46177260 0.25636657 0.46458300 0.24413488 0.46711072 0.24629165 0.48144615 0.24461214 0.48425727 0.19568432 0.49436838
0 0.32964006 0.43465964 0.32796098 0.43747005 0.27903315 0.44758116 0.31138547 0.66261684 0.31954011 0.66093166 0.31714213 0.65896379 0.31882121 0.65615339 0.32493732 0.65488947 0.32457787 0.65250034 0.32625686 0.64968932 0.33645003 0.64758287 0.33980871 0.64196195 0.34388577 0.64111941 0.34556476 0.63830839 0.34760381 0.63788702 0.34928289 0.63507661 0.35743753 0.63339143 0.35911661 0.63058102 0.37134883 0.62805319 0.37302791 0.62524279 0.37710497 0.62440025 0.37638598 0.61962137 0.37806558 0.61681085 0.38418169 0.61554694 0.35326721 0.41006810 0.33695794 0.41343846 0.33731741 0.41582779 0.33563783 0.41863842 0.32544466 0.42074488 0.32616356 0.42552315 0.32856163 0.42749162 0.32964006 0.43465964
0 0.41163993 0.37890625 0.41226991 0.38309354 0.40891127 0.38871476 0.36406103 0.39798322 0.36238197 0.40079381 0.36034292 0.40121519 0.35866386 0.40402571 0.35662533 0.40444698 0.38070989 0.56452949 0.38310787 0.56649735 0.38921884 0.60711511 0.40348959 0.60416601 0.40313014 0.60177687 0.40480922 0.59896647 0.40684775 0.59854520 0.41164423 0.60248083 0.41572181 0.60163818 0.41740089 0.59882778 0.41943942 0.59840651 0.42111850 0.59559610 0.42519608 0.59475346 0.42687516 0.59194305 0.42891369 0.59152178 0.43059320 0.58871066 0.43467026 0.58786812 0.43634934 0.58505771 0.44042692 0.58421507 0.44210600 0.58140466 0.43779235 0.55273320 0.43947143 0.54992279 0.46393535 0.54486724 0.44056970 0.38956313 0.44224877 0.38675260 0.44106828 0.37890625 0.41163993 0.37890625
0 0.44737454 0.37890625 0.47137100 0.53840317 0.50806713 0.53081979 0.48521160 0.37890625 0.44737454 0.37890625
0 0.24179174 0.37890625 0.20265244 0.38699452 0.20984185 0.43478030 0.21223985 0.43674829 0.21655348 0.46541963 0.22674717 0.46331307 0.22602827 0.45853480 0.22770735 0.45572439 0.24809368 0.45151149 0.24773414 0.44912174 0.24941323 0.44631133 0.26164544 0.44378351 0.26092646 0.43900462 0.26260555 0.43619434 0.28095336 0.43240270 0.28059389 0.43001344 0.28227348 0.42720281 0.29450517 0.42467509 0.29378623 0.41989645 0.29546529 0.41708592 0.30158140 0.41582200 0.30122193 0.41343274 0.30290151 0.41062205 0.30901709 0.40935824 0.31141510 0.41132629 0.31753121 0.41006238 0.31717173 0.40767306 0.31885131 0.40486236 0.32088983 0.40444109 0.31704809 0.37890625 0.24179174 0.37890625
0 0.10814008 0.52724084 0.12241082 0.52429173 0.12169193 0.51951346 0.12337101 0.51670306 0.14375787 0.51249004 0.14339833 0.51010029 0.14507741 0.50728989 0.15527057 0.50518344 0.15491113 0.50279430 0.15659012 0.49998329 0.16474527 0.49829799 0.16642436 0.49548759 0.17865605 0.49295987 0.17829660 0.49057073 0.17589863 0.48860286 0.17757771 0.48579246 0.19592604 0.48200071 0.19520705 0.47722183 0.19688613 0.47441142 0.20707930 0.47230497 0.20060880 0.42929759 0.20228786 0.42648706 0.19653633 0.38825844 0.08441045 0.41142964 0.09088092 0.45443684 0.09699651 0.45317303 0.09939451 0.45514108 0.10298919 0.47903379 0.10131020 0.48184481 0.10814008 0.52724084
0 0.77324424 0.88237304 0.78478182 0.91303680 0.79202342 0.90715495 0.85856073 0.79832674 0.84845722 0.75736740 0.87538869 0.71652895 0.87425817 0.70691169 0.86121218 0.67466364 0.85012367 0.68156295 0.84137679 0.65214434 0.83451308 0.64999321 0.78004615 0.73777963 0.78826337 0.78518764 0.72466855 0.88530457 0.73944905 0.92106038 0.74925526 0.91450022 0.76683273 0.88406883 0.77324424 0.88237304
