0 0.97093367 0.54882812 0.97609329 0.49902870 0.94876994 0.49611543 0.94688920 0.49375937 0.82708872 0.48098600 0.82642599 0.48738248 0.82178095 0.49119828 0.77974511 0.48671634 0.77786437 0.48436028 0.77874799 0.47583182 0.70098281 0.46754034 0.69910213 0.46518373 0.70142465 0.46327583 0.70252916 0.45261539 0.67310471 0.44947810 0.67078165 0.45138594 0.62244146 0.44623181 0.62056018 0.44387570 0.62166469 0.43321526 0.61978395 0.43085920 0.62066762 0.42233019 0.58283558 0.41829646 0.58095484 0.41594040 0.58183846 0.40741194 0.54610858 0.40360235 0.53572606 0.50381192 0.61559341 0.51232754 0.61747415 0.51468359 0.61614869 0.52747656 0.81581652 0.54876554 0.81586648 0.54882812 0.97093367 0.54882812
0 0.45898438 1.00000000 0.45898438 0.98712026 0.44788863 0.98595405 0.44641234 1.00000000 0.45898438 1.00000000
0 0.44151588 1.00000000 0.44257442 0.99914281 0.44400353 0.98554571 0.43429153 0.98452494 0.43255337 0.98237849 0.33543184 0.97217061 0.33277781 0.99742202 0.35730569 1.00000000 0.44151588 1.00000000
0 0.28733741 1.00000000 0.29075593 0.96747498 0.26161992 0.96441266 0.25988126 0.96226617 0.21132075 0.95716225 0.20681832 1.00000000 0.28733741 1.00000000
0 0.19896279 1.00000000 0.20314276 0.96023022 0.20528920 0.95849207 0.20549335 0.95654977 0.12779632 0.94838348 0.12605822 0.94623654 0.09303711 0.94276588 0.08702156 1.00000000 0.19896279 1.00000000
0 0.07523801 1.00000000 0.07689082 0.98427452 0.05940912 0.98243712 0.05767101 0.98029018 0.05378591 0.97988184 0.05204776 0.97773539 0.05490593 0.95054168 0.05316783 0.94839474 0.05439274 0.93674043 0.00000000 0.93102353 0.00000000 0.99975957 0.00228755 1.00000000 0.07523801 1.00000000
0 0.45898438 0.74949050 0.38518211 0.74173357 0.38344395 0.73958712 0.36401994 0.73754558 0.35871188 0.78804839 0.35656494 0.78978650 0.34492800 0.90050463 0.34278150 0.90224329 0.33706510 0.95663120 0.44195583 0.96765566 0.44603897 0.92880715 0.44818597 0.92706855 0.45839380 0.82994752 0.45898438 0.82946928 0.45898438 0.74949050
0 0.29821659 0.95254806 0.29995474 0.95469451 0.31937925 0.95673610 0.32080836 0.94313900 0.32295481 0.94140084 0.33459175 0.83068271 0.33673820 0.82894455 0.34653774 0.73570812 0.30768923 0.73162498 0.30595112 0.72947804 0.23990890 0.72253672 0.23419250 0.77692464 0.23204556 0.77866274 0.21755039 0.91657508 0.21540395 0.91831324 0.21274986 0.94356515 0.29821659 0.95254806
0 0.09681681 0.92548832 0.09661267 0.92743062 0.12186408 0.93008465 0.12360268 0.93223164 0.20712661 0.94101036 0.21488460 0.86719794 0.21703105 0.86545978 0.23213871 0.72172004 0.12530567 0.71049144 0.10999387 0.85617348 0.10784693 0.85791158 0.10458041 0.88899039 0.10243397 0.89072855 0.09896326 0.92375016 0.09681681 0.92548832
0 0.00000000 0.91531246 0.07739280 0.92344677 0.07913096 0.92559321 0.08301556 0.92600150 0.08607788 0.89686549 0.08822438 0.89512684 0.09720729 0.80966011 0.09935424 0.80792201 0.10833715 0.72245528 0.11048360 0.72071712 0.11191271 0.70712002 0.07889160 0.70364936 0.07715295 0.70150287 0.01305313 0.69476570 0.01131492 0.69261875 0.00160282 0.69159797 0.00000000 0.70684777 0.00000000 0.91531246
0 0.45898438 0.54882812 0.38581871 0.54882812 0.37657847 0.63674310 0.37443197 0.63848175 0.36544906 0.72394847 0.45898438 0.73377943 0.45898438 0.54882812
0 0.26013017 0.54882812 0.25124241 0.63338954 0.24909596 0.63512770 0.24133796 0.70894012 0.24522257 0.70934840 0.24696072 0.71149485 0.32077314 0.71925285 0.32220226 0.70565574 0.32434870 0.70391759 0.32679859 0.68060848 0.32894509 0.67886983 0.35419699 0.68152391 0.36814388 0.54882812 0.26013017 0.54882812
0 0.14622469 0.54882812 0.14572699 0.55356338 0.14358053 0.55530163 0.13010615 0.68350187 0.12795970 0.68524003 0.12693893 0.69495203 0.16578744 0.69903518 0.16752554 0.70118212 0.23551056 0.70832763 0.24143116 0.65199692 0.24357761 0.65025876 0.25423839 0.54882812 0.14622469 0.54882812
0 0.01857239 0.54882812 0.01089482 0.62187530 0.00874828 0.62361345 0.00282773 0.67994366 0.04750325 0.68463925 0.04924190 0.68678575 0.08614812 0.69066474 0.09002711 0.65375854 0.09217356 0.65202038 0.11742497 0.65467441 0.11783326 0.65078980 0.11997970 0.64905165 0.13051362 0.54882812 0.01857239 0.54882812
0 0.01071686 0.54882812 0.00000000 0.65079222 0.00000000 0.66947732 0.00996732 0.57464461 0.01211394 0.57290597 0.01464462 0.54882812 0.01071686 0.54882812
0 0.96455858 1.00000000 0.96470705 0.99882204 0.96282636 0.99688476 0.96304725 0.99513213 0.95740449 0.98932159 0.95762544 0.98756852 0.95574470 0.98563169 0.95596559 0.98387906 0.95408491 0.98194179 0.95430580 0.98018916 0.95242452 0.97825228 0.95264541 0.97649966 0.95032289 0.97806807 0.94822126 0.97788387 0.94357568 0.98102065 0.94147405 0.98083644 0.93915147 0.98240531 0.93704984 0.98222110 0.93240426 0.98535788 0.93030263 0.98517367 0.92565699 0.98831090 0.92355536 0.98812670 0.92123284 0.98969511 0.91913121 0.98951090 0.91448563 0.99264769 0.91238400 0.99246348 0.91006088 0.99403230 0.90961910 0.99753754 0.91201025 1.00000000 0.96455858 1.00000000
0 0.91492081 0.95547189 0.91259823 0.95704075 0.91049660 0.95685654 0.90585156 0.95999338 0.90374939 0.95980912 0.90142687 0.96137754 0.89932524 0.96119333 0.89467960 0.96433056 0.89257797 0.96414635 0.89213619 0.96765160 0.89589762 0.97152571 0.89567672 0.97327833 0.89755800 0.97521521 0.89965963 0.97539942 0.90154037 0.97733625 0.89921780 0.97890512 0.90109854 0.98084195 0.90087765 0.98259457 0.90463961 0.98646873 0.90441872 0.98822135 0.90629946 0.99015818 0.90862198 0.98858977 0.91072361 0.98877398 0.91304667 0.98720561 0.91514830 0.98738982 0.91979394 0.98425259 0.92189557 0.98443679 0.92421809 0.98286838 0.92631972 0.98305259 0.93096536 0.97991535 0.93306699 0.98009956 0.93771257 0.97696278 0.93981420 0.97714699 0.94213672 0.97557857 0.94423835 0.97576278 0.94888399 0.97262555 0.94700271 0.97068867 0.94722360 0.96893605 0.94534291 0.96699877 0.94556380 0.96524614 0.93992158 0.95943565 0.94014253 0.95768258 0.93826125 0.95574570 0.93848214 0.95399307 0.93660146 0.95205579 0.93682235 0.95030317 0.93494161 0.94836634 0.93283944 0.94818208 0.92819440 0.95131891 0.92609277 0.95113471 0.92377019 0.95270357 0.92166802 0.95251931 0.91702298 0.95565614 0.91492081 0.95547189
0 0.90640024 0.93877629 0.90175514 0.94191357 0.89965297 0.94172932 0.89733046 0.94329773 0.89522882 0.94311352 0.89058378 0.94625035 0.88848161 0.94606610 0.88615909 0.94763451 0.88405746 0.94745031 0.88173435 0.94901912 0.88361563 0.95095600 0.88339474 0.95270862 0.88715616 0.95658274 0.88693527 0.95833536 0.88881655 0.96027224 0.89113907 0.95870382 0.89324070 0.95888803 0.89556322 0.95731962 0.89766485 0.95750382 0.90231049 0.95436659 0.90441212 0.95455080 0.90905770 0.95141402 0.91115933 0.95159823 0.91348191 0.95002936 0.91558354 0.95021357 0.92022912 0.94707679 0.92233075 0.94726099 0.92465381 0.94569263 0.92675544 0.94587684 0.93140054 0.94273955 0.93350217 0.94292376 0.92974069 0.93905010 0.92996163 0.93729703 0.92620015 0.93342337 0.92642104 0.93167074 0.92431887 0.93148649 0.91967383 0.93462332 0.91757166 0.93443906 0.91524914 0.93600748 0.91314751 0.93582327 0.90850241 0.93896055 0.90640024 0.93877629
0 0.65053384 0.89508440 0.64588880 0.89822123 0.64378717 0.89803702 0.64146459 0.89960589 0.63936243 0.89942163 0.63471738 0.90255846 0.63261522 0.90237421 0.62797012 0.90551149 0.62586849 0.90532728 0.62354597 0.90689570 0.62144380 0.90671144 0.61679876 0.90984827 0.61469659 0.90966401 0.61005149 0.91280129 0.60794986 0.91261709 0.60562734 0.91418550 0.60352517 0.91400125 0.59888007 0.91713853 0.59677790 0.91695427 0.59213286 0.92009110 0.59003123 0.91990689 0.58770871 0.92147531 0.58560654 0.92129105 0.58096144 0.92442833 0.57885927 0.92424408 0.57421417 0.92738136 0.57211254 0.92719715 0.56979002 0.92876556 0.56768785 0.92858131 0.56304281 0.93171814 0.56094064 0.93153388 0.55861812 0.93310230 0.55651649 0.93291809 0.55187139 0.93605537 0.54976922 0.93587111 0.54512412 0.93900839 0.54302196 0.93882414 0.54069943 0.94039255 0.53859780 0.94020835 0.53395276 0.94334518 0.53185059 0.94316092 0.52720549 0.94629820 0.52510333 0.94611394 0.52278080 0.94768236 0.52067917 0.94749815 0.51603408 0.95063543 0.51393191 0.95045118 0.50928687 0.95358801 0.50718470 0.95340375 0.50486218 0.95497217 0.50276054 0.95478796 0.49811545 0.95792524 0.49601328 0.95774098 0.49136824 0.96087781 0.48926607 0.96069355 0.48694360 0.96226243 0.48484186 0.96207821 0.48251923 0.96364662 0.48628093 0.96752030 0.48606004 0.96927292 0.48982189 0.97314707 0.48960100 0.97489970 0.49170263 0.97508390 0.49358331 0.97702119 0.49126079 0.97858960 0.52278741 0.98135291 0.52743251 0.97821563 0.52953467 0.97839989 0.53141536 0.98033717 0.52909284 0.98190558 0.55851728 0.98448464 0.56083980 0.98291622 0.56294197 0.98310048 0.56482271 0.98503731 0.59634932 0.98780062 0.59867184 0.98623221 0.60077347 0.98641641 0.60309605 0.98484755 0.60519768 0.98503176 0.60707890 0.98696908 0.60475585 0.98853745 0.63418083 0.99111656 0.63650335 0.98954814 0.63860498 0.98973235 0.64048626 0.99166923 0.66991070 0.99424828 0.67455634 0.99111105 0.67665797 0.99129526 0.68130355 0.98815848 0.68340518 0.98834268 0.68572776 0.98677382 0.68782939 0.98695803 0.69247497 0.98382124 0.69457660 0.98400545 0.69689912 0.98243704 0.69900129 0.98262129 0.70364638 0.97948401 0.70574802 0.97966822 0.71039359 0.97653144 0.71249523 0.97671564 0.71714086 0.97357841 0.71924249 0.97376262 0.71548047 0.96988891 0.71570136 0.96813629 0.71193994 0.96426218 0.71216083 0.96250955 0.71027961 0.96057222 0.71260267 0.95900386 0.71072139 0.95706698 0.71094228 0.95531436 0.70718086 0.95144024 0.70740175 0.94968762 0.70364032 0.94581351 0.70386121 0.94406089 0.70197993 0.94212401 0.70220082 0.94037138 0.70032008 0.93843455 0.70054103 0.93668148 0.69677901 0.93280777 0.69467738 0.93262356 0.69279670 0.93068628 0.69511922 0.92911787 0.69534011 0.92736524 0.69157863 0.92349158 0.69179957 0.92173851 0.68991883 0.91980168 0.69013972 0.91804905 0.68803755 0.91786480 0.68615687 0.91592752 0.68659865 0.91242227 0.68471791 0.91048544 0.68493880 0.90873281 0.68117684 0.90485865 0.68139773 0.90310603 0.67929610 0.90292182 0.67741542 0.90098454 0.67973794 0.89941613 0.67597646 0.89554246 0.67619735 0.89378984 0.67431612 0.89185252 0.67453701 0.89009989 0.67265627 0.88816306 0.66845247 0.88779460 0.66380743 0.89093143 0.66170580 0.89074722 0.65706017 0.89388445 0.65495853 0.89370024 0.65263601 0.89526866 0.65053384 0.89508440
0 0.96668251 0.91570647 0.96203741 0.91884375 0.95993524 0.91865950 0.95761272 0.92022791 0.95551109 0.92004371 0.95086551 0.92318049 0.94876388 0.92299628 0.94411878 0.92613356 0.94201661 0.92594930 0.93969409 0.92751772 0.93759246 0.92733351 0.93294682 0.93047074 0.93084519 0.93028654 0.93062430 0.93203916 0.93438578 0.93591282 0.93416489 0.93766545 0.93792686 0.94153960 0.93770596 0.94329223 0.93958665 0.94522951 0.93936576 0.94698213 0.94312778 0.95085584 0.94290689 0.95260846 0.94666831 0.95648258 0.94876994 0.95666679 0.95065122 0.95860366 0.94832811 0.96017248 0.94810721 0.96192510 0.95186923 0.96579881 0.95164834 0.96755144 0.95352903 0.96948872 0.95330814 0.97124134 0.95541031 0.97142560 0.95773283 0.96985718 0.95983446 0.97004139 0.96447956 0.96690411 0.96658172 0.96708837 0.97122677 0.96395154 0.97332893 0.96413579 0.97565146 0.96256738 0.97741869 0.94854549 0.97531706 0.94836128 0.97343584 0.94642396 0.97575890 0.94485559 0.97786053 0.94503979 0.97984865 0.92926529 0.97752613 0.93083370 0.97542396 0.93064945 0.97354322 0.92871262 0.97818886 0.92557538 0.98029049 0.92575959 0.98227862 0.90998508 0.97995610 0.91155350 0.97785393 0.91136924 0.97553141 0.91293766 0.97342978 0.91275345 0.96878414 0.91589068 0.96668251 0.91570647
0 0.96833624 0.88572587 0.96601372 0.88729429 0.96391155 0.88711003 0.95926645 0.89024731 0.95716428 0.89006306 0.95251924 0.89319989 0.95041761 0.89301568 0.94809509 0.89458410 0.94599292 0.89439984 0.94134782 0.89753712 0.93924565 0.89735286 0.93460061 0.90048969 0.93249898 0.90030548 0.93017640 0.90187435 0.92807423 0.90169009 0.92342919 0.90482693 0.92132702 0.90464267 0.91668198 0.90777950 0.91458035 0.90759529 0.91225777 0.90916416 0.91015560 0.90897990 0.90551056 0.91211673 0.90340839 0.91193247 0.89876329 0.91506976 0.89666166 0.91488555 0.89433914 0.91645396 0.89223697 0.91626971 0.88759193 0.91940654 0.88548976 0.91922228 0.88084466 0.92235956 0.87874304 0.92217535 0.87642051 0.92374377 0.87431834 0.92355951 0.86967325 0.92669679 0.86757108 0.92651254 0.86292604 0.92964937 0.86104529 0.92771254 0.85894367 0.92752833 0.85429808 0.93066511 0.85219646 0.93048090 0.84755082 0.93361813 0.84544919 0.93343393 0.84921061 0.93730804 0.84898972 0.93906066 0.85087100 0.94099754 0.85065011 0.94275016 0.85253085 0.94468700 0.85485337 0.94311858 0.85695554 0.94330284 0.85927806 0.94173442 0.86137969 0.94191863 0.86602473 0.93878180 0.86812690 0.93896605 0.87277200 0.93582877 0.87487417 0.93601303 0.87719669 0.93444461 0.87929832 0.93462882 0.88394342 0.93149154 0.88604559 0.93167580 0.89069063 0.92853897 0.89279280 0.92872322 0.89511532 0.92715481 0.89721695 0.92733902 0.90186205 0.92420174 0.90396422 0.92438599 0.90860932 0.92124871 0.91071148 0.92143297 0.91535653 0.91829614 0.91745816 0.91848035 0.91978068 0.91691193 0.92188285 0.91709619 0.92652795 0.91395891 0.92863011 0.91414316 0.93327515 0.91100633 0.93537679 0.91119054 0.93769936 0.90962168 0.93980153 0.90980593 0.94444657 0.90666910 0.94654874 0.90685336 0.95119379 0.90371653 0.95329541 0.90390073 0.95561799 0.90233187 0.95772016 0.90251613 0.96236520 0.89937929 0.96446737 0.89956355 0.96911247 0.89642627 0.97121410 0.89661048 0.97353662 0.89504206 0.97563879 0.89522632 0.98028383 0.89208949 0.98238600 0.89227374 0.98470858 0.89070488 0.98625487 0.87843607 0.98393235 0.88000448 0.98183018 0.87982023 0.97718514 0.88295706 0.97508297 0.88277280 0.97043787 0.88591008 0.96833624 0.88572587
0 0.94432647 0.85703983 0.93968137 0.86017711 0.93757974 0.85999290 0.93525722 0.86156132 0.93315505 0.86137706 0.92851001 0.86451389 0.92640784 0.86432964 0.92176274 0.86746692 0.91966111 0.86728271 0.91733859 0.86885112 0.91523642 0.86866687 0.91059132 0.87180415 0.90848915 0.87161989 0.90384411 0.87475672 0.90174248 0.87457252 0.89941996 0.87614093 0.89731779 0.87595668 0.89267269 0.87909396 0.89057052 0.87890970 0.88592548 0.88204653 0.88382385 0.88186232 0.88150127 0.88343119 0.87939911 0.88324693 0.87475406 0.88638376 0.87265189 0.88619951 0.87032937 0.88776792 0.86822774 0.88758371 0.86358264 0.89072099 0.86148047 0.89053674 0.85683543 0.89367357 0.85473326 0.89348931 0.85241069 0.89505818 0.85030906 0.89487397 0.84566401 0.89801080 0.84356185 0.89782654 0.83891680 0.90096338 0.83681463 0.90077912 0.83449206 0.90234798 0.83239043 0.90216378 0.83006790 0.90373219 0.82984702 0.90548481 0.83172770 0.90742209 0.83150681 0.90917472 0.83526829 0.91304838 0.83504740 0.91480100 0.83925120 0.91516947 0.84113188 0.91710675 0.83880936 0.91867516 0.83858847 0.92042779 0.84046915 0.92236507 0.84024827 0.92411769 0.84212954 0.92605457 0.84190865 0.92780719 0.84378939 0.92974402 0.84611191 0.92817561 0.84821355 0.92835982 0.85053607 0.92679140 0.85263824 0.92697566 0.85728328 0.92383882 0.85938545 0.92402308 0.86170802 0.92245422 0.86380965 0.92263843 0.86845470 0.91950160 0.87055686 0.91968585 0.87287944 0.91811699 0.87498107 0.91830119 0.87962665 0.91516441 0.88172828 0.91534862 0.88637332 0.91221179 0.88847549 0.91239604 0.89079807 0.91082718 0.89289970 0.91101139 0.89754528 0.90787461 0.89964691 0.90805881 0.90196949 0.90648995 0.90407112 0.90667416 0.90871670 0.90353737 0.91081833 0.90372158 0.91546391 0.90058480 0.91756554 0.90076901 0.91988812 0.89920014 0.92198975 0.89938435 0.92663533 0.89624757 0.92873696 0.89643178 0.93106008 0.89486296 0.93316171 0.89504717 0.93780675 0.89191034 0.93990838 0.89209454 0.94455396 0.88895776 0.94665559 0.88914197 0.94897871 0.88757315 0.95108034 0.88775736 0.95572538 0.88462053 0.95782701 0.88480474 0.96015012 0.88323592 0.96225175 0.88342013 0.96689734 0.88028335 0.96899896 0.88046755 0.97132149 0.87889914 0.97342312 0.87908335 0.97574564 0.87751493 0.97596659 0.87576186 0.97220511 0.87188820 0.97242605 0.87013513 0.97054531 0.86819829 0.97076620 0.86644567 0.96656240 0.86607721 0.96468166 0.86414037 0.96700418 0.86257196 0.96722513 0.86081889 0.96534439 0.85888205 0.96556528 0.85712943 0.96180332 0.85325527 0.96202421 0.85150265 0.95992258 0.85131844 0.95760006 0.85288686 0.95549842 0.85270265 0.95085279 0.85583988 0.94875116 0.85565567 0.94642864 0.85722409 0.94432647 0.85703983
0 0.92684356 0.82715389 0.92219846 0.83029117 0.92009629 0.83010691 0.91545125 0.83324374 0.91334908 0.83305949 0.91102656 0.83462790 0.90892493 0.83444370 0.90427983 0.83758097 0.90217766 0.83739672 0.89985514 0.83896513 0.89775351 0.83878092 0.89310787 0.84191816 0.89100624 0.84173395 0.88636120 0.84487078 0.88425903 0.84468653 0.88193651 0.84625494 0.87983488 0.84607073 0.87518924 0.84920796 0.87308761 0.84902375 0.87076509 0.85059217 0.86866346 0.85040796 0.86401782 0.85354520 0.86191619 0.85336099 0.85727061 0.85649777 0.85516898 0.85631356 0.85284646 0.85788198 0.85074483 0.85769777 0.84609919 0.86083500 0.84399756 0.86065079 0.84167450 0.86221916 0.83957287 0.86203495 0.83492778 0.86517223 0.83282614 0.86498802 0.82818056 0.86812481 0.82607893 0.86794060 0.82375587 0.86950897 0.82165424 0.86932476 0.81700914 0.87246204 0.81490751 0.87227783 0.81258446 0.87384620 0.81236357 0.87559882 0.81424479 0.87753615 0.81402390 0.87928877 0.81778538 0.88316244 0.81756449 0.88491506 0.81944517 0.88685234 0.81922428 0.88860496 0.82298624 0.89247912 0.82276535 0.89423174 0.82464609 0.89616858 0.82442520 0.89792120 0.82630595 0.89985803 0.82862900 0.89828966 0.83073063 0.89847387 0.83305315 0.89690546 0.83515479 0.89708966 0.83980036 0.89395288 0.84190200 0.89413709 0.84422457 0.89256822 0.84632674 0.89275248 0.85097178 0.88961565 0.85307342 0.88979986 0.85771905 0.88666263 0.85982068 0.88684683 0.86214320 0.88527842 0.86424537 0.88546267 0.86889041 0.88232584 0.87099204 0.88251005 0.87331462 0.88094119 0.87541679 0.88112544 0.88006183 0.87798861 0.88216400 0.87817287 0.88448658 0.87660400 0.88658821 0.87678821 0.89123325 0.87365138 0.89333542 0.87383564 0.89798046 0.87069881 0.90008263 0.87088306 0.90240521 0.86931420 0.90450684 0.86949840 0.90915188 0.86636157 0.91125405 0.86654583 0.91357662 0.86497697 0.91567826 0.86516118 0.92032384 0.86202439 0.92242547 0.86220860 0.92474799 0.86064018 0.92684962 0.86082439 0.93149526 0.85768716 0.93359688 0.85787137 0.93824247 0.85473458 0.94034410 0.85491879 0.94266667 0.85334993 0.94476830 0.85353414 0.94941388 0.85039735 0.95151552 0.85058156 0.95383857 0.84901319 0.95594021 0.84919740 0.95826273 0.84762899 0.95848367 0.84587591 0.95660293 0.84393908 0.95682382 0.84218646 0.95306186 0.83831230 0.95328275 0.83655968 0.95140201 0.83462285 0.95162290 0.83287022 0.94786094 0.82899606 0.94808183 0.82724344 0.94432040 0.82336933 0.94454129 0.82161671 0.94243966 0.82143250 0.94011714 0.82300091 0.93801497 0.82281666 0.93336988 0.82595394 0.93126771 0.82576968 0.92894519 0.82733810 0.92684356 0.82715389
0 0.95869184 0.77678268 0.95636932 0.77835110 0.95426715 0.77816684 0.94962211 0.78130367 0.94752048 0.78111946 0.94287484 0.78425670 0.94077321 0.78407249 0.93845069 0.78564091 0.93634852 0.78545665 0.93170343 0.78859393 0.92960179 0.78840972 0.92495621 0.79154650 0.92285458 0.79136230 0.92053206 0.79293071 0.91842989 0.79274646 0.91610737 0.79431487 0.91400574 0.79413066 0.90936064 0.79726794 0.90725848 0.79708369 0.90493596 0.79865210 0.90283432 0.79846789 0.89818869 0.80160513 0.89608706 0.80142092 0.89144202 0.80455775 0.88933985 0.80437349 0.88701733 0.80594191 0.88491570 0.80575770 0.88027006 0.80889493 0.87816843 0.80871072 0.87584591 0.81027914 0.87374428 0.81009493 0.86909864 0.81323216 0.86699701 0.81304796 0.86235143 0.81618474 0.86024980 0.81600053 0.85792728 0.81756895 0.85582565 0.81738474 0.85118001 0.82052197 0.84907838 0.82033776 0.84443274 0.82347499 0.84233111 0.82329079 0.84000859 0.82485920 0.83790696 0.82467499 0.83326138 0.82781178 0.83115975 0.82762757 0.82883669 0.82919594 0.82673506 0.82901173 0.82208996 0.83214901 0.81998833 0.83196480 0.81534269 0.83510203 0.81324106 0.83491782 0.81091800 0.83648619 0.80881637 0.83630198 0.80417133 0.83943881 0.80206970 0.83925461 0.79742406 0.84239184 0.79532243 0.84220763 0.79299937 0.84377600 0.79676134 0.84765016 0.79654045 0.84940278 0.79842119 0.85133961 0.79820030 0.85309224 0.80196226 0.85696639 0.80174137 0.85871902 0.80550279 0.86259313 0.80528190 0.86434575 0.80716264 0.86628258 0.80694175 0.86803521 0.81114555 0.86840367 0.81346807 0.86683526 0.81557024 0.86701951 0.81789276 0.86545110 0.81999439 0.86563530 0.82231692 0.86406689 0.82441855 0.86425110 0.82906418 0.86111386 0.83116581 0.86129807 0.83581145 0.85816084 0.83791308 0.85834505 0.84023560 0.85677663 0.84233723 0.85696084 0.84698281 0.85382406 0.84908444 0.85400827 0.85373008 0.85087103 0.85583171 0.85105524 0.85815423 0.84948683 0.86025586 0.84967104 0.86490150 0.84653380 0.86700313 0.84671801 0.87164871 0.84358123 0.87375034 0.84376544 0.87607286 0.84219702 0.87817449 0.84238123 0.88282013 0.83924400 0.88492176 0.83942821 0.88724482 0.83785984 0.88934645 0.83804404 0.89399154 0.83490677 0.89609318 0.83509097 0.90073876 0.83195419 0.90284039 0.83213840 0.90516345 0.83057003 0.90726508 0.83075424 0.91191018 0.82761696 0.91401180 0.82780117 0.91865738 0.82466438 0.92075902 0.82484859 0.92308213 0.82327978 0.92518376 0.82346398 0.92982880 0.82032715 0.93193044 0.82051136 0.93425349 0.81894299 0.93635512 0.81912720 0.94100076 0.81598997 0.94310239 0.81617418 0.94774743 0.81303735 0.94984906 0.81322155 0.95217218 0.81165274 0.95427381 0.81183695 0.95891939 0.80870016 0.96102102 0.80888437 0.96566606 0.80574754 0.96776770 0.80593175 0.97009081 0.80436293 0.97219244 0.80454714 0.97683802 0.80141036 0.97893965 0.80159456 0.98358475 0.79845729 0.98568638 0.79864149 0.98800944 0.79707313 0.99011107 0.79725733 0.98823033 0.79532050 0.98845122 0.79356788 0.98468926 0.78969372 0.98491015 0.78794110 0.98302946 0.78600382 0.98325035 0.78425119 0.97948887 0.78037753 0.97970976 0.77862491 0.97782854 0.77668758 0.97804943 0.77493496 0.97428801 0.77106084 0.97196489 0.77262966 0.96986326 0.77244545 0.96754074 0.77401387 0.96543911 0.77382966 0.96079347 0.77696689 0.95869184 0.77678268
