0 0.44933638 0.45707011 0.44774491 0.43503040 0.43647430 0.41701282 0.43366181 0.32283722 0.42050552 0.30938672 0.29501428 0.28964731 0.29012021 0.29243771 0.28597842 0.35166808 0.25023746 0.34760251 0.24153926 0.33759638 0.12808159 0.32496370 0.12172714 0.39343724 0.12419056 0.40300739 0.13767384 0.41178181 0.41906723 0.46435138 0.43621286 0.46555031 0.44933638 0.45707011
0 0.87260286 0.17614059 0.74521877 0.19953046 0.74516875 0.20024590 0.75102847 0.22981105 0.75989900 0.23043133 0.87483702 0.20504968 0.87548630 0.19576454 0.87260286 0.17614059
0 0.91215920 0.16589526 0.78949524 0.19352941 0.78937655 0.19522683 0.79442604 0.21718254 0.79725663 0.21738048 0.91763845 0.19026183 0.91804346 0.18617231 0.91339992 0.16598202 0.91215920 0.16589526
0 0.95472781 0.15956647 0.83176184 0.18184306 0.83175654 0.18276995 0.83983790 0.21096016 0.84947687 0.21163418 0.96064511 0.18750198 0.96103749 0.18189068 0.95472781 0.15956647
0 0.22743243 0.78457193 0.23492811 0.80046320 0.22151481 0.80596438 0.22112080 0.81159905 0.27300785 0.91954553 0.27634502 0.91977888 0.45121225 0.84025203 0.45131392 0.83915646 0.42598457 0.80101698 0.43701096 0.79282556 0.40578864 0.71509105 0.35590913 0.74105457 0.35140574 0.73433813 0.22743243 0.78457193
0 0.56619860 0.61269195 0.54410560 0.61176542 0.51239430 0.83128866 0.56242744 0.84586102 0.56539881 0.82636716 0.54831586 0.82546446 0.55481656 0.77569616 0.58863042 0.79523376 0.59911085 0.72647630 0.56133230 0.71618671 0.56479749 0.67424719 0.58684281 0.68021777 0.59206181 0.64676644 0.57638390 0.64634080 0.57787089 0.63658534 0.56176145 0.63489217 0.56619860 0.61269195
0 0.56325704 1.00000000 0.57894257 0.88580064 0.53325370 0.87135550 0.51245938 1.00000000 0.56325704 1.00000000
0 0.62922674 0.84053015 0.64387168 0.72506131 0.61494692 0.73237934 0.60888915 0.78095036 0.62055095 0.78079353 0.61380370 0.84053435 0.62922674 0.84053015
0 0.57927059 1.00000000 0.58483892 0.99761229 0.60095000 0.87967117 0.58252441 0.88589540 0.57006298 1.00000000 0.57927059 1.00000000
0 0.66876674 0.68470430 0.64679935 0.72448943 0.86443445 0.74541574 0.88772768 0.70922380 0.66876674 0.68470430
0 0.94416986 1.00000000 0.95644982 0.91615206 0.93437272 0.92007079 0.92404233 1.00000000 0.94416986 1.00000000
0 0.89851328 1.00000000 0.90384151 0.95275784 0.90155772 0.93263615 0.91282128 0.93422524 0.92159848 0.88710470 0.84782443 0.86831862 0.82774896 0.98415942 0.89306930 1.00000000 0.89851328 1.00000000
