0 0.14399607 0.00000000 0.16805174 0.11694112 0.52167234 0.10525567 0.57565194 0.09885483 0.55351865 0.00000000 0.14399607 0.00000000
0 0.80168177 0.31236394 0.81140047 0.34075371 0.89602327 0.23791665 0.88470022 0.20624227 0.80168177 0.31236394
0 0.85476582 0.29237425 0.85927971 0.31026836 0.85580912 0.31245665 0.85013801 0.29988468 0.84345765 0.30928187 0.84782250 0.32430706 0.84509819 0.32706182 0.84045336 0.31354647 0.82821261 0.32630148 0.83268923 0.34347836 0.82964767 0.34702573 0.82630910 0.33105715 0.81283661 0.34769985 0.82589388 0.39205819 0.91193473 0.28891959 0.89876567 0.24240957 0.88309159 0.25807010 0.88922899 0.27271838 0.88643016 0.27403867 0.88225162 0.26259963 0.86997361 0.27463741 0.87366669 0.29053060 0.87090512 0.29256813 0.86696931 0.27890201 0.85476582 0.29237425
0 0.23314832 0.67710404 0.24674530 0.67615131 0.32178828 0.65387277 0.32209745 0.64337706 0.27181614 0.57358193 0.21108762 0.58700194 0.13686127 0.61446028 0.13042152 0.61098375 0.14594919 0.65964744 0.15964532 0.67178032 0.21382908 0.66667443 0.23314832 0.67710404
0 0.41918326 0.56901042 0.49547492 0.67181551 0.59208874 0.64933476 0.62050177 0.68007526 0.65638707 0.67101452 0.65628793 0.65792891 0.59017861 0.56901042 0.41918326 0.56901042
0 0.86690854 0.78159912 0.86725303 0.78662179 0.86627535 0.78847241 0.86650501 0.79182086 0.86552705 0.79367152 0.86575671 0.79701997 0.86477900 0.79887016 0.86500869 0.80221903 0.86403097 0.80406922 0.86426067 0.80741810 0.86328267 0.80926834 0.86351233 0.81261678 0.86253462 0.81446697 0.86276431 0.81781585 0.86178660 0.81966604 0.86213112 0.82468914 0.86115341 0.82653933 0.86138310 0.82988820 0.86040539 0.83173840 0.86063508 0.83508727 0.85965709 0.83693751 0.85977192 0.83861173 0.86097957 0.84010994 0.86316466 0.83975800 0.86437204 0.84125626 0.86655740 0.84090428 0.86776481 0.84240296 0.86995018 0.84205098 0.87115755 0.84354924 0.87334264 0.84319730 0.87455002 0.84469555 0.87673539 0.84434357 0.87794279 0.84584226 0.88012816 0.84549028 0.88133554 0.84698853 0.88242808 0.84681256 0.88363546 0.84831082 0.88582082 0.84795884 0.88559116 0.84461039 0.88656885 0.84275977 0.88633918 0.83941133 0.88731715 0.83756066 0.88708749 0.83421221 0.88806520 0.83236202 0.88783551 0.82901315 0.88881322 0.82716296 0.88858353 0.82381408 0.88956124 0.82196389 0.88933158 0.81861544 0.89030929 0.81676525 0.89007960 0.81341638 0.89105760 0.81156614 0.89082790 0.80821727 0.89180562 0.80636708 0.89157596 0.80301863 0.89255364 0.80116801 0.89232398 0.79781956 0.89330194 0.79596890 0.89318711 0.79429468 0.89416482 0.79244448 0.89393516 0.78909604 0.89491285 0.78724542 0.89468318 0.78389697 0.89566087 0.78204635 0.89543121 0.77869790 0.89422383 0.77719965 0.89203874 0.77755159 0.89083109 0.77605338 0.88973854 0.77622935 0.88853114 0.77473066 0.88634577 0.77508264 0.88513839 0.77358439 0.88404585 0.77376035 0.88283847 0.77226210 0.88065310 0.77261408 0.87944570 0.77111540 0.87835288 0.77129141 0.87714550 0.76979315 0.87496041 0.77014509 0.87375303 0.76864683 0.87156767 0.76899881 0.87036029 0.76750056 0.86926746 0.76767657 0.86938230 0.76935080 0.86840458 0.77120099 0.86863428 0.77454986 0.86765656 0.77640005 0.86788625 0.77974893 0.86690854 0.78159912
0 0.82321716 0.65998135 0.82126146 0.66368177 0.81579845 0.66456166 0.81614297 0.66958476 0.81516526 0.67143495 0.81562462 0.67813227 0.81464693 0.67998289 0.81522112 0.68835443 0.81424312 0.69020467 0.81470248 0.69690199 0.81372476 0.69875218 0.81429898 0.70712415 0.81332126 0.70897435 0.81378062 0.71567167 0.81280262 0.71752190 0.81314715 0.72254500 0.81216943 0.72439519 0.79468760 0.72721086 0.79370989 0.72906105 0.78715406 0.73011695 0.78594669 0.72861870 0.78571703 0.72527025 0.77260565 0.72738200 0.77139825 0.72588332 0.77116859 0.72253487 0.76789067 0.72306282 0.76668327 0.72156413 0.75903490 0.72279600 0.75914976 0.72447065 0.75817204 0.72632084 0.75874623 0.73469239 0.75776852 0.73654258 0.75834273 0.74491455 0.75736502 0.74676474 0.75793920 0.75513629 0.75696124 0.75698695 0.75753542 0.76535850 0.75655771 0.76720869 0.75713189 0.77558023 0.75615418 0.77743042 0.75672839 0.78580240 0.75575040 0.78765263 0.75632458 0.79602418 0.75534690 0.79787480 0.75592109 0.80624634 0.76138437 0.80536641 0.76259174 0.80686467 0.76282143 0.81021354 0.77593281 0.80810179 0.77714018 0.80960005 0.77725501 0.81127427 0.78818130 0.80951446 0.78938867 0.81101271 0.78950350 0.81268693 0.79496651 0.81180705 0.79617391 0.81330574 0.79628874 0.81497996 0.79749640 0.81647817 0.80186658 0.81577430 0.80428163 0.81877119 0.81520792 0.81701137 0.81641529 0.81850963 0.81653012 0.82018385 0.82636359 0.81860005 0.82757096 0.82009831 0.82975633 0.81974633 0.83096373 0.82124501 0.83861210 0.82001315 0.83981948 0.82151140 0.84418994 0.82080748 0.84338606 0.80908706 0.84436378 0.80723687 0.84413408 0.80388800 0.84511180 0.80203781 0.84838971 0.80150986 0.84936770 0.79965962 0.85155279 0.79930768 0.85253051 0.79745749 0.85184146 0.78741130 0.85281917 0.78556111 0.85224499 0.77718956 0.85322295 0.77533890 0.85264877 0.76696735 0.85362648 0.76511716 0.85293746 0.75507139 0.85391515 0.75322077 0.85334096 0.74484923 0.85431896 0.74299899 0.85420413 0.74132477 0.85518181 0.73947415 0.86064481 0.73859426 0.86162253 0.73674407 0.86093351 0.72669830 0.86191147 0.72484764 0.86110763 0.71312765 0.86208531 0.71127703 0.86536295 0.71074913 0.86634094 0.70889889 0.86961885 0.70837094 0.86892984 0.69832517 0.86990752 0.69647455 0.86967786 0.69312611 0.87065554 0.69127549 0.87393346 0.69074754 0.87491117 0.68889735 0.87600371 0.68872138 0.87554436 0.68202406 0.87652235 0.68017382 0.87594817 0.67180228 0.87692588 0.66995208 0.87635167 0.66158011 0.87732938 0.65972992 0.88497775 0.65849805 0.88463323 0.65347496 0.88561094 0.65162476 0.88492193 0.64157900 0.86962519 0.64404273 0.86841778 0.64254404 0.85858432 0.64412785 0.85881401 0.64747672 0.85783630 0.64932691 0.84691002 0.65108673 0.84570264 0.64958847 0.82275781 0.65328402 0.82321716 0.65998135
0 0.76036403 0.66164060 0.76093821 0.67001215 0.75996022 0.67186239 0.76041957 0.67855971 0.75944186 0.68040990 0.76001607 0.68878187 0.75903836 0.69063206 0.75949771 0.69732938 0.75851972 0.69917962 0.75886424 0.70420272 0.76007190 0.70570093 0.76018673 0.70737515 0.76455719 0.70667124 0.76576456 0.70816949 0.76587942 0.70984414 0.76806451 0.70949221 0.76904247 0.70764154 0.77122756 0.70728961 0.77243525 0.70878824 0.77277977 0.71381134 0.78589086 0.71169964 0.78709852 0.71319785 0.78721335 0.71487207 0.79923218 0.71293629 0.79877282 0.70623897 0.79975054 0.70438877 0.79917635 0.69601723 0.80015404 0.69416661 0.79957985 0.68579507 0.80055757 0.68394488 0.79998335 0.67557290 0.80096106 0.67372271 0.80038688 0.66535117 0.80136487 0.66350093 0.80090552 0.65680361 0.80188323 0.65495342 0.80843878 0.65389756 0.80752007 0.64050292 0.79003824 0.64331859 0.78883084 0.64181990 0.78848631 0.63679681 0.78946403 0.63494662 0.78934920 0.63327239 0.77623810 0.63538410 0.77635294 0.63705832 0.77537494 0.63890856 0.77571946 0.64393166 0.77474178 0.64578227 0.77497144 0.64913072 0.77399373 0.65098091 0.77433825 0.65600401 0.77336026 0.65785425 0.77370478 0.66287735 0.77272707 0.66472754 0.77307159 0.66975064 0.77209388 0.67160083 0.76553805 0.67265672 0.76433067 0.67115847 0.76410098 0.66780959 0.76507870 0.66595940 0.76461934 0.65926208 0.76559734 0.65741185 0.76502315 0.64904030 0.76600087 0.64719011 0.76554148 0.64049236 0.76651920 0.63864217 0.76617470 0.63361950 0.76180425 0.63432342 0.76226357 0.64102031 0.76128588 0.64287093 0.76186007 0.65124247 0.76088236 0.65309266 0.76134171 0.65978998 0.76036403 0.66164060
0 0.89099132 0.56901042 0.89125438 0.57284580 0.89027667 0.57469612 0.89050635 0.57804473 0.88952864 0.57989505 0.88987316 0.58491802 0.88889545 0.58676834 0.88923997 0.59179131 0.88826226 0.59364163 0.88860678 0.59866460 0.88762879 0.60051497 0.88785847 0.60386363 0.88906613 0.60536192 0.89015868 0.60518596 0.89619588 0.61267796 0.89728843 0.61250199 0.90332562 0.61999365 0.90441844 0.61981764 0.91045563 0.62730930 0.91154817 0.62713333 0.91275555 0.62863159 0.92586720 0.62651979 0.92563754 0.62317134 0.92661525 0.62132115 0.92615587 0.61462340 0.92713358 0.61277321 0.92678909 0.60775054 0.92776677 0.60589992 0.93541514 0.60466806 0.93518548 0.60131961 0.93616316 0.59946899 0.93581867 0.59444623 0.93679637 0.59259591 0.93645186 0.58757295 0.93742984 0.58572258 0.93708533 0.58069961 0.93806303 0.57884929 0.93771852 0.57382632 0.93869622 0.57197600 0.93849282 0.56901042 0.89099132 0.56901042
0 0.85200516 0.56901042 0.84904614 0.56948700 0.84806844 0.57133730 0.84829812 0.57468598 0.84732013 0.57653630 0.84766464 0.58155932 0.84668694 0.58340960 0.84703145 0.58843261 0.84605375 0.59028288 0.84639826 0.59530590 0.84542055 0.59715617 0.84576507 0.60217919 0.84478736 0.60402946 0.84501704 0.60737812 0.84403906 0.60922849 0.84438355 0.61425124 0.84340587 0.61610186 0.84363553 0.61945031 0.84265785 0.62130093 0.84375039 0.62112496 0.84495777 0.62262322 0.84932823 0.62191930 0.85053560 0.62341755 0.85490634 0.62271359 0.85611371 0.62421185 0.86048417 0.62350793 0.86169155 0.62500619 0.86387692 0.62465421 0.86364725 0.62130576 0.86462497 0.61945557 0.86428045 0.61443247 0.86525816 0.61258228 0.86491364 0.60755918 0.86589134 0.60570890 0.86554683 0.60068589 0.86652454 0.59883561 0.86618002 0.59381260 0.86715801 0.59196228 0.86681349 0.58693927 0.86779120 0.58508899 0.86744668 0.58006598 0.86842439 0.57821570 0.86807987 0.57319269 0.86905786 0.57134237 0.86889792 0.56901042 0.85200516 0.56901042
0 0.80562708 0.59679410 0.80585676 0.60014276 0.80487878 0.60199313 0.80522329 0.60701610 0.80424558 0.60886642 0.80447526 0.61221504 0.80930507 0.61820844 0.82132390 0.61627266 0.82253127 0.61777083 0.82276096 0.62111970 0.82931679 0.62006381 0.83029450 0.61821361 0.83006481 0.61486482 0.83104252 0.61301455 0.83069800 0.60799154 0.83167571 0.60614126 0.83133120 0.60111825 0.83230918 0.59926792 0.83207951 0.59591926 0.83305721 0.59406894 0.83271270 0.58904597 0.83369040 0.58719565 0.83334589 0.58217268 0.83432387 0.58032232 0.83409420 0.57697370 0.83507190 0.57512338 0.83484222 0.57177472 0.80752694 0.57617419 0.80787145 0.58119720 0.80689346 0.58304752 0.80723798 0.58807054 0.80626027 0.58992081 0.80660479 0.59494383 0.80562708 0.59679410
0 0.78222290 0.59379233 0.78343028 0.59529067 0.79872674 0.59282699 0.79838223 0.58780402 0.79936021 0.58595365 0.79901570 0.58093068 0.79999340 0.57908039 0.79987856 0.57740606 0.77147045 0.58198154 0.77170013 0.58533020 0.77072242 0.58718052 0.77095210 0.59052914 0.76997439 0.59237946 0.77020407 0.59572812 0.78222290 0.59379233
