0 0.59972176 0.28055153 0.59996742 0.29949992 0.60155850 0.30156843 0.60158580 0.30367423 0.60784093 0.30352723 0.60754067 0.28036778 0.59972176 0.28055153
0 0.62973400 0.30301273 0.66413721 0.30220424 0.66567359 0.30006170 0.66540064 0.27900804 0.66380965 0.27693900 0.66224596 0.27697574 0.66070957 0.27911829 0.65758180 0.27919179 0.65599081 0.27712274 0.65596352 0.27501749 0.64814468 0.27520123 0.64660828 0.27734324 0.63566159 0.27760049 0.63568889 0.27970629 0.63415238 0.28184829 0.62946104 0.28195854 0.62973400 0.30301273
0 0.59960938 0.25528177 0.60877693 0.25506633 0.60855856 0.23822319 0.60543099 0.23829669 0.60383992 0.23622818 0.59960938 0.23632760 0.59960938 0.25528177
0 0.64633533 0.25628958 0.64787172 0.25414758 0.65412687 0.25400058 0.65571785 0.25606909 0.66353669 0.25588534 0.66318185 0.22851538 0.63503379 0.22917687 0.63538863 0.25654684 0.63695240 0.25651009 0.63854346 0.25857859 0.64323485 0.25846835 0.64477124 0.25632634 0.64633533 0.25628958
0 0.64845275 0.17831671 0.64891678 0.21410825 0.65050777 0.21617676 0.65204416 0.21403475 0.66455446 0.21374075 0.66409043 0.17794922 0.64845275 0.17831671
0 0.59960938 0.16893452 0.60922160 0.16870863 0.60905782 0.15607601 0.60746672 0.15400750 0.60743943 0.15190224 0.60587562 0.15193899 0.60428455 0.14986995 0.60425725 0.14776469 0.60269349 0.14780144 0.60110239 0.14573293 0.60107508 0.14362713 0.60261160 0.14148513 0.60730294 0.14137488 0.60727565 0.13926962 0.59960938 0.13944978 0.59960938 0.16893452
0 0.66395395 0.16742239 0.66346262 0.12952507 0.64782494 0.12989256 0.64831627 0.16778989 0.66395395 0.16742239
0 0.59960938 0.06573847 0.61101163 0.06547051 0.61254814 0.06332850 0.61216600 0.03385301 0.59960938 0.03414810 0.59960938 0.06573847
0 0.00000000 0.74834251 0.00884084 0.74822388 0.01122357 0.74999306 0.01142795 0.75899426 0.02547921 0.75880572 0.03024464 0.76234317 0.03098044 0.79474813 0.02867948 0.79657970 0.03055984 0.87939202 0.02825888 0.88122360 0.02879028 0.90462690 0.02648926 0.90645847 0.00307059 0.90677271 0.00417428 0.95537992 0.03930232 0.95490856 0.04168504 0.95667775 0.07915492 0.95617497 0.07719280 0.86976235 0.07949364 0.86793032 0.09588686 0.86771035 0.09474229 0.81730299 0.09704313 0.81547142 0.09655260 0.79386827 0.09885345 0.79203670 0.11056323 0.79187957 0.10982744 0.75947461 0.11212828 0.75764304 0.11155599 0.73243913 0.08111186 0.73284764 0.07872867 0.73107892 0.07852428 0.72207772 0.06447338 0.72226626 0.06209079 0.72049753 0.06188640 0.71149633 0.04783502 0.71168488 0.04545230 0.70991570 0.04524791 0.70091450 0.01948734 0.70126016 0.01710463 0.69949143 0.01242089 0.69955428 0.01003812 0.69778556 0.00987460 0.69058404 0.00000000 0.69071654 0.00000000 0.74834251
0 0.00000000 0.65289962 0.00433250 0.65284148 0.00671522 0.65461067 0.00696048 0.66541202 0.01866979 0.66525490 0.02105256 0.66702362 0.02109345 0.66882423 0.02347622 0.67059296 0.02359885 0.67599340 0.04701746 0.67567916 0.04940024 0.67744834 0.05642581 0.67735407 0.05880829 0.67912280 0.05884916 0.68092295 0.06123237 0.68269213 0.06135499 0.68809257 0.07306418 0.68793545 0.07544677 0.68970418 0.07565116 0.69870584 0.08970267 0.69851730 0.09208526 0.70028602 0.12487170 0.69984608 0.12717255 0.69801452 0.12594622 0.64400640 0.12824706 0.64217483 0.14229856 0.64198628 0.14164452 0.61318208 0.14394537 0.61135051 0.14308694 0.57354487 0.14538778 0.57171316 0.15943928 0.57152462 0.15915314 0.55892280 0.16145398 0.55709109 0.16108608 0.54088875 0.00000000 0.54305024 0.00000000 0.65289962
0 0.75923600 0.73500302 0.73779149 0.72928669 0.73793125 0.73850403 0.75937576 0.74422036 0.75923600 0.73500302
0 0.75424724 0.75815365 0.73280399 0.75243729 0.73294374 0.76165464 0.75438700 0.76737100 0.75424724 0.75815365
0 0.75673059 0.74580925 0.73528610 0.74009436 0.73542586 0.74931171 0.75687034 0.75502660 0.75673059 0.74580925
0 0.76007453 0.79030709 0.72788511 0.78019660 0.72800156 0.78787724 0.76019099 0.79798774 0.76007453 0.79030709
0 0.75258036 0.82426396 0.72039096 0.81415490 0.72050741 0.82183555 0.75269684 0.83194604 0.75258036 0.82426396
0 0.75009827 0.83660833 0.71790885 0.82649784 0.71802530 0.83417848 0.75021473 0.84428897 0.75009827 0.83660833
0 0.74759161 0.84741459 0.71540220 0.83730554 0.71551866 0.84498618 0.74770809 0.85509667 0.74759161 0.84741459
0 0.75759242 0.80265003 0.72540299 0.79253954 0.72551947 0.80022162 0.75770888 0.81033067 0.75759242 0.80265003
0 0.75506248 0.81192102 0.74300601 0.80909039 0.74312247 0.81677103 0.75517893 0.81960166 0.75506248 0.81192102
