0 0.42223004 0.00000000 0.39577416 0.03159021 0.39699631 0.03930652 0.42941919 0.06422880 0.47610053 0.00937590 0.46768647 0.00000000 0.42223004 0.00000000
0 0.62585448 0.10588744 0.50412370 0.00651945 0.42156385 0.11451425 0.42278600 0.12223056 0.51900024 0.20032835 0.53673128 0.22152425 0.62585448 0.10588744
0 0.65000000 0.41875000 0.77448050 0.41875000 0.79284708 0.20824128 0.79168800 0.20092313 0.65000000 0.20451398 0.65000000 0.41875000
0 0.18800016 0.65423646 0.29726644 0.66426107 0.29703472 0.65056356 0.19024784 0.64214821 0.18800016 0.65423646
0 0.18026404 0.72202706 0.28953063 0.73205347 0.28929859 0.71835416 0.18251171 0.70993881 0.18026404 0.72202706
0 0.18956974 0.63831972 0.29883433 0.64834641 0.29860229 0.63464711 0.19181541 0.62623176 0.18956974 0.63831972
0 0.19079858 0.62049082 0.30006517 0.63051722 0.29983113 0.61681820 0.19304425 0.60840285 0.19079858 0.62049082
0 0.19573598 0.58644407 0.30500257 0.59647048 0.30477053 0.58277117 0.19798365 0.57435582 0.19573598 0.58644407
0 0.18183393 0.70611212 0.29109852 0.71613881 0.29086648 0.70243950 0.18407960 0.69402415 0.18183393 0.70611212
0 0.18677132 0.67206537 0.29603760 0.68208998 0.29580387 0.66839275 0.18901699 0.65997740 0.18677132 0.67206537
0 0.18520343 0.68798003 0.29446802 0.69800672 0.29423598 0.68430741 0.18744910 0.67589206 0.18520343 0.68798003
0 0.19450713 0.60427297 0.30377372 0.61429938 0.30353968 0.60060035 0.19675280 0.59218501 0.19450713 0.60427297
0 0.76135830 1.00000000 0.75277289 0.90997913 0.74332032 0.91246545 0.74175619 0.91057820 0.73500415 0.91235420 0.73343997 0.91046638 0.73172897 0.89252594 0.73286537 0.88992837 0.67344982 0.90555652 0.67836896 0.95713541 0.67723248 0.95973300 0.67566828 0.95784577 0.67096300 0.90850929 0.66691192 0.90957486 0.67553588 1.00000000 0.67830434 1.00000000 0.67560114 0.97165600 0.67673765 0.96905840 0.67830185 0.97094563 0.68107280 1.00000000 0.76135830 1.00000000
0 0.83847415 0.85065605 0.84916789 0.96278347 0.84803148 0.96538104 0.85081190 0.99453468 0.92643179 0.97464428 0.91274377 0.83112082 0.83847415 0.85065605
0 0.83003367 1.00000000 0.84676075 0.99560025 0.84333875 0.95971939 0.84447515 0.95712182 0.83442300 0.85172163 0.82767131 0.85349754 0.82610718 0.85161029 0.81530434 0.85445177 0.81594593 0.86117901 0.81480952 0.86377658 0.76079531 0.87798401 0.76400345 0.91162246 0.76286670 0.91422013 0.77104764 1.00000000 0.83003367 1.00000000
0 1.00000000 0.83164161 0.99760237 0.80650169 0.93953702 0.82177469 0.93797248 0.81988696 0.92581937 0.82308361 0.92468302 0.82568176 0.93601840 0.94453698 0.93488199 0.94713455 0.93723463 0.97180279 1.00000000 0.95529354 1.00000000 0.83164161
