0 0.17626637 0.37835046 0.19516425 0.38149383 0.37463899 0.37203100 0.37862342 0.36224808 0.38753068 0.28336628 0.32272508 0.28140534 0.17274813 0.28889836 0.16952625 0.29382149 0.16733878 0.31686854 0.18051251 0.32136937 0.17626637 0.37835046
0 0.73680060 0.39005708 0.74447483 0.37947476 0.77067334 0.38479611 0.77971794 0.38387705 0.78190492 0.38062312 0.79473017 0.34900283 0.76276753 0.33971963 0.77022420 0.32026640 0.77004620 0.31300839 0.75861685 0.30911693 0.76494047 0.28967778 0.76828028 0.28721621 0.78529576 0.28781151 0.79603290 0.26347738 0.82453707 0.27038348 0.83358167 0.26946442 0.87420482 0.16973672 0.88939505 0.14212050 0.89573845 0.12348780 0.89438785 0.11463098 0.82718210 0.10094547 0.76824646 0.23962186 0.70143882 0.38081611 0.70493685 0.38480611 0.72318426 0.38941956 0.73680060 0.39005708
0 0.18480986 0.81519442 0.17761945 0.80515771 0.14163292 0.82602693 0.14882462 0.83606243 0.18480986 0.81519442
0 0.21502111 0.85785177 0.20783072 0.84781625 0.17184419 0.86868547 0.17903589 0.87872097 0.21502111 0.85785177
0 0.20061460 0.83651203 0.19342421 0.82647651 0.15743897 0.84734452 0.16462938 0.85738123 0.20061460 0.83651203
0 0.16900511 0.79387561 0.16181341 0.78384011 0.12582819 0.80470931 0.13301858 0.81474483 0.16900511 0.79387561
0 0.78846998 0.91279536 0.79853127 0.91028744 0.80751295 0.90642577 0.81870840 0.89740575 0.82629077 0.88891365 0.83541832 0.87343365 0.84765650 0.85124223 0.85939928 0.83170269 0.87115318 0.81058942 0.87217419 0.80056455 0.87824567 0.78393012 0.88216643 0.76301177 0.88283320 0.75001318 0.88415561 0.72558972 0.88196122 0.71277252 0.87944817 0.69667952 0.87170803 0.68273699 0.85768793 0.70202215 0.84530155 0.72100379 0.83243141 0.74106357 0.82068810 0.76060219 0.80863097 0.78128499 0.79711921 0.80185826 0.78569404 0.82467269 0.77510360 0.84496363 0.76375116 0.86717387 0.75075531 0.89570458 0.75806178 0.90288268 0.76582650 0.90770917 0.77833165 0.91148842 0.78846998 0.91279536
0 0.78955297 0.61944444 0.83931355 0.71022219 0.87185981 0.66068633 0.85901980 0.63595873 0.85050175 0.61944444 0.78955297 0.61944444
0 0.69781887 0.70754798 0.67263637 0.76081335 0.67997267 0.77368120 0.67849487 0.77564680 0.68017621 0.78385329 0.69016134 0.80276952 0.70213734 0.82433178 0.71637236 0.84927077 0.72636809 0.86661328 0.73656124 0.87488254 0.74523039 0.88699134 0.76889273 0.83604756 0.69781887 0.70754798
0 0.67252518 0.61944444 0.66673048 0.63207235 0.65806913 0.67927697 0.65733250 0.70770786 0.65969053 0.72658109 0.66303348 0.73573154 0.66256464 0.73965595 0.66833169 0.74782919 0.69158873 0.69730639 0.71394368 0.65433032 0.73313323 0.61944444 0.67252518 0.61944444
