0 0.35654280 0.00000000 0.35643104 0.00379793 0.41217342 0.01457782 0.41489479 0.04049327 0.52756968 0.05236021 0.52745543 0.00000000 0.35654280 0.00000000
0 0.32085960 0.13324021 0.32545081 0.12790056 0.32847644 0.07120607 0.18284591 0.05529269 0.16975199 0.04974937 0.16920722 0.02213338 0.12098108 0.01424417 0.06428660 0.01121854 0.05405147 0.09457691 0.06061561 0.10522185 0.26828028 0.12875207 0.32085960 0.13324021
0 0.67864805 0.23975229 0.68007617 0.22812114 0.65293599 0.22478874 0.65150787 0.23641989 0.67864805 0.23975229
0 0.60937500 0.28437715 0.61406408 0.28495290 0.61746513 0.28930633 0.61722712 0.29124478 0.62885852 0.29267293 0.63055905 0.29484940 0.63008297 0.29872678 0.63178330 0.30090322 0.64341495 0.30233141 0.64511538 0.30450786 0.64487731 0.30644680 0.64657774 0.30862325 0.64610172 0.31250014 0.64780265 0.31467665 0.64756458 0.31661559 0.65919573 0.31804372 0.65943380 0.31610478 0.65773337 0.31392833 0.65820939 0.31005144 0.66038584 0.30835101 0.66620167 0.30906510 0.66790210 0.31124156 0.66742608 0.31511844 0.66912701 0.31729496 0.66865092 0.32117234 0.67035136 0.32334879 0.67011328 0.32528773 0.67181371 0.32746418 0.67157570 0.32940263 0.67327613 0.33157908 0.67303813 0.33351752 0.68466977 0.33494571 0.68637014 0.33712266 0.68613213 0.33906110 0.68953294 0.34341450 0.68929493 0.34535295 0.70092657 0.34678113 0.70262701 0.34895759 0.70191291 0.35477341 0.71548300 0.35643961 0.71718344 0.35861606 0.71670735 0.36249345 0.72640056 0.36368362 0.72735272 0.35592886 0.72952918 0.35422843 0.73728344 0.35518053 0.73775946 0.35130364 0.73605854 0.34912713 0.73629661 0.34718819 0.73847356 0.34548782 0.74622782 0.34643992 0.74717993 0.33868566 0.74935638 0.33698523 0.75517221 0.33769932 0.75347128 0.33552280 0.75442344 0.32776804 0.75272301 0.32559159 0.75489946 0.32389116 0.76459267 0.32508133 0.76289224 0.32290488 0.76336832 0.31902750 0.76166739 0.31685098 0.76190540 0.31491254 0.76020503 0.31273559 0.76068106 0.30885871 0.75898062 0.30668225 0.75921863 0.30474381 0.75751777 0.30256680 0.75799379 0.29868991 0.75629342 0.29651296 0.75653143 0.29457452 0.75483100 0.29239807 0.75530702 0.28852118 0.75360665 0.28634423 0.75384466 0.28440579 0.75214423 0.28222934 0.75262031 0.27835196 0.75091938 0.27617544 0.75115739 0.27423700 0.74945696 0.27206054 0.74969503 0.27012161 0.74799460 0.26794515 0.74847068 0.26406777 0.74676976 0.26189126 0.74700777 0.25995281 0.74530733 0.25777636 0.74578342 0.25389898 0.74408298 0.25172253 0.74432100 0.24978408 0.74262063 0.24760713 0.74309665 0.24373025 0.74139621 0.24155379 0.74163423 0.23961535 0.73993336 0.23743834 0.74040938 0.23356146 0.73870901 0.23138451 0.73894702 0.22944606 0.73724659 0.22726961 0.73748460 0.22533117 0.73578367 0.22315465 0.73625975 0.21927727 0.73455932 0.21710082 0.73479739 0.21516188 0.73309696 0.21298543 0.72340425 0.21179531 0.72292817 0.21567269 0.72075122 0.21737306 0.71105851 0.21618295 0.71082050 0.21812139 0.70864399 0.21982232 0.70088972 0.21887021 0.70065171 0.22080866 0.70235214 0.22298511 0.70187612 0.22686200 0.70357649 0.22903895 0.70333848 0.23097739 0.70503941 0.23315390 0.70480133 0.23509284 0.70650177 0.23726929 0.70432531 0.23896973 0.69850949 0.23825563 0.69680906 0.23607918 0.69487061 0.23584117 0.69415658 0.24165650 0.69585695 0.24383345 0.69561894 0.24577189 0.69731937 0.24794834 0.69684329 0.25182572 0.69854372 0.25400218 0.69636727 0.25570261 0.68667456 0.25451249 0.68837499 0.25668895 0.68789891 0.26056633 0.68959934 0.26274278 0.68936127 0.26468172 0.69106220 0.26685824 0.69058618 0.27073512 0.68840923 0.27243549 0.68065496 0.27148339 0.68017888 0.27536077 0.68187931 0.27753722 0.68164124 0.27947616 0.68334216 0.28165268 0.68310415 0.28359112 0.68480459 0.28576757 0.68456657 0.28770602 0.68239006 0.28940694 0.68045112 0.28916887 0.67827467 0.29086930 0.67439778 0.29039328 0.67415977 0.29233172 0.67586014 0.29450867 0.67538412 0.29838556 0.67708455 0.30056201 0.67660847 0.30443939 0.67830890 0.30661585 0.67807089 0.30855429 0.67977176 0.31073130 0.67759481 0.31243167 0.66984104 0.31147963 0.66643974 0.30712616 0.66691576 0.30324928 0.66521539 0.30107233 0.66569141 0.29719544 0.66399048 0.29501893 0.66446657 0.29114155 0.66276613 0.28896509 0.66324222 0.28508771 0.66154179 0.28291126 0.66177979 0.28097282 0.66007936 0.27879636 0.66055545 0.27491898 0.65885502 0.27274253 0.64722337 0.27131434 0.64552294 0.26913789 0.64576101 0.26719895 0.63412946 0.26577078 0.63242893 0.26359431 0.63266694 0.26165587 0.61909695 0.25998968 0.61739641 0.25781321 0.61763443 0.25587477 0.60937500 0.25486064 0.60937500 0.28437715
0 0.60937500 0.16827726 0.61647623 0.16914919 0.61719027 0.16333386 0.61936687 0.16163344 0.62712113 0.16258555 0.62735921 0.16064661 0.63171231 0.15724577 0.63752804 0.15795985 0.63776611 0.15602091 0.63606558 0.15384445 0.63654160 0.14996756 0.63484102 0.14779109 0.63507909 0.14585215 0.63337851 0.14367568 0.63385459 0.13979830 0.63215406 0.13762183 0.63239207 0.13568339 0.63069154 0.13350692 0.61906009 0.13207876 0.61735956 0.12990229 0.61783564 0.12602491 0.61613511 0.12384845 0.61637318 0.12190951 0.61854974 0.12020909 0.62630400 0.12116119 0.62678002 0.11728431 0.62507949 0.11510784 0.62531756 0.11316890 0.61562471 0.11197877 0.61538663 0.11391771 0.61321003 0.11561812 0.60937500 0.11514724 0.60937500 0.16827726
0 0.66840767 0.09878203 0.66793165 0.10265891 0.66575513 0.10435984 0.65606193 0.10316967 0.65582392 0.10510811 0.65364756 0.10680855 0.64589330 0.10585645 0.64565529 0.10779489 0.64347873 0.10949531 0.63572447 0.10854321 0.63477230 0.11629797 0.63647283 0.11847444 0.63623482 0.12041288 0.63793540 0.12258935 0.63769739 0.12452779 0.63939791 0.12670476 0.63915990 0.12864320 0.64086043 0.13081967 0.64038435 0.13469705 0.64208488 0.13687352 0.64184687 0.13881196 0.64354745 0.14098843 0.64330938 0.14292737 0.64500996 0.14510384 0.64477195 0.14704228 0.64647242 0.14921925 0.64599640 0.15309613 0.64769693 0.15527260 0.64745892 0.15721104 0.64915919 0.15938798 0.64892118 0.16132642 0.65062211 0.16350293 0.65038403 0.16544187 0.65208446 0.16761833 0.65184646 0.16955677 0.66153916 0.17074688 0.66494052 0.17509985 0.66446444 0.17897723 0.66616487 0.18115369 0.67198070 0.18186778 0.67415715 0.18016735 0.67609559 0.18040536 0.67949689 0.18475882 0.67925888 0.18669727 0.68095931 0.18887372 0.68072130 0.19081216 0.68242173 0.19298862 0.68218366 0.19492755 0.68388459 0.19710407 0.68969992 0.19781810 0.69187637 0.19611767 0.69381531 0.19635574 0.69551574 0.19853220 0.69503966 0.20240958 0.69674009 0.20458603 0.69650208 0.20652447 0.69820301 0.20870099 0.70037946 0.20700055 0.70813373 0.20795266 0.70837174 0.20601422 0.71054819 0.20431379 0.71830246 0.20526589 0.71854053 0.20332695 0.72071699 0.20162652 0.72847125 0.20257862 0.72918535 0.19676280 0.72748491 0.19458635 0.72772293 0.19264790 0.72602249 0.19047145 0.72649858 0.18659407 0.72479765 0.18441755 0.72503572 0.18247861 0.72333529 0.18030216 0.72357330 0.17836372 0.72187287 0.17618726 0.72234895 0.17230988 0.72064852 0.17013343 0.72088653 0.16819499 0.71918616 0.16601804 0.71966218 0.16214115 0.71796125 0.15996464 0.71819926 0.15802620 0.71649889 0.15584924 0.71673690 0.15391080 0.71503647 0.15173435 0.71551255 0.14785697 0.71381162 0.14568045 0.71404963 0.14374201 0.71234920 0.14156556 0.71282529 0.13768818 0.71112485 0.13551172 0.71136293 0.13357278 0.70966249 0.13139633 0.70990051 0.12945789 0.70820007 0.12728143 0.70867616 0.12340405 0.70697523 0.12122754 0.70721324 0.11928910 0.70551287 0.11711214 0.70598889 0.11323526 0.70428846 0.11105881 0.70452647 0.10912036 0.70282560 0.10694335 0.70306361 0.10500491 0.70136318 0.10282846 0.70183926 0.09895108 0.70013883 0.09677462 0.70037684 0.09483618 0.68874519 0.09340799 0.68850718 0.09534644 0.68633073 0.09704687 0.67857646 0.09609476 0.67833845 0.09803321 0.67616194 0.09973413 0.66840767 0.09878203
0 0.60937500 0.10530790 0.62215447 0.10687702 0.62286851 0.10106169 0.62116798 0.09888523 0.62164406 0.09500785 0.61994353 0.09283138 0.62018160 0.09089244 0.61848102 0.08871597 0.61895704 0.08483908 0.61725646 0.08266261 0.61749453 0.08072367 0.61579400 0.07854721 0.61603201 0.07660877 0.60937500 0.07579139 0.60937500 0.10530790
0 0.61188251 0.06232460 0.61018195 0.06014813 0.61042003 0.05820919 0.60994394 0.06208657 0.61188251 0.06232460
0 0.61756721 0.00000000 0.61327628 0.03494688 0.61497683 0.03712335 0.61450081 0.04100024 0.61620137 0.04317671 0.61596329 0.04511565 0.61766387 0.04729212 0.61718779 0.05116950 0.61888832 0.05334596 0.61865031 0.05528441 0.62035084 0.05746087 0.62011283 0.05939932 0.62181335 0.06157629 0.62133733 0.06545317 0.62303785 0.06763014 0.62279984 0.06956858 0.63443119 0.07099673 0.63613177 0.07317320 0.63589376 0.07511164 0.63759434 0.07728812 0.63711826 0.08116550 0.63494166 0.08286591 0.62718739 0.08191381 0.62671131 0.08579119 0.62841189 0.08796766 0.62817388 0.08990610 0.62987441 0.09208257 0.62963634 0.09402151 0.63133687 0.09619797 0.63109886 0.09813642 0.64079171 0.09932655 0.64102973 0.09738811 0.64320633 0.09568769 0.65289914 0.09687782 0.65337522 0.09300044 0.65555177 0.09130002 0.66524488 0.09249018 0.66548289 0.09055174 0.66765934 0.08885131 0.67541361 0.08980341 0.67565168 0.08786447 0.67782813 0.08616404 0.68364396 0.08687814 0.68799693 0.08347678 0.69187431 0.08395286 0.69405076 0.08225243 0.69792814 0.08272851 0.69622721 0.08055199 0.69670324 0.07667511 0.69500287 0.07449816 0.69524088 0.07255972 0.69354045 0.07038326 0.69377852 0.06844432 0.69207759 0.06626781 0.69255361 0.06239093 0.69085318 0.06021447 0.69109125 0.05827553 0.68939082 0.05609908 0.68962883 0.05416064 0.68792846 0.05198369 0.68840448 0.04810680 0.68670405 0.04593035 0.68694206 0.04399191 0.68524119 0.04181489 0.68547920 0.03987645 0.68377877 0.03770000 0.68425485 0.03382262 0.68255442 0.03164616 0.68279243 0.02970772 0.68109151 0.02753121 0.68132958 0.02559227 0.67962914 0.02341581 0.68010523 0.01953843 0.67840479 0.01736198 0.67864281 0.01542354 0.67694237 0.01324708 0.67718038 0.01130864 0.67548001 0.00913169 0.67595604 0.00525481 0.67425517 0.00307779 0.67449318 0.00113935 0.67360302 0.00000000 0.61756721 0.00000000
0 0.60937500 0.53010162 0.59665222 0.52576564 0.55251297 0.63791573 0.59151696 0.65292946 0.59635008 0.63533065 0.60751945 0.63962425 0.60937500 0.63420683 0.60937500 0.53010162
0 0.35953432 0.55830610 0.32479762 0.54603992 0.28323352 0.63918838 0.32321474 0.65241335 0.35953432 0.55830610
0 0.88163200 0.48937047 0.88333236 0.48725822 0.88484676 0.48755387 0.88654751 0.48544169 0.88691945 0.48062526 0.88540465 0.48032953 0.88370429 0.48244178 0.88067548 0.48185047 0.87897508 0.48396335 0.87746028 0.48366762 0.87708839 0.48848344 0.88163200 0.48937047
0 0.89696280 0.48991926 0.89866355 0.48780708 0.90017796 0.48810273 0.89884954 0.48539855 0.89922143 0.48058273 0.89789263 0.47787847 0.89619223 0.47999135 0.89164900 0.47910439 0.89127711 0.48392020 0.89260553 0.48662438 0.89241958 0.48903229 0.89696280 0.48991926
0 0.86380309 0.46144642 0.86343119 0.46626224 0.86475966 0.46896580 0.86778886 0.46955718 0.86948921 0.46744493 0.87100362 0.46774058 0.87118957 0.46533267 0.86986111 0.46262911 0.87023305 0.45781267 0.86890458 0.45510911 0.86927651 0.45029280 0.86794767 0.44758904 0.86813363 0.44518100 0.86510481 0.44458970 0.86340406 0.44670200 0.86188965 0.44640635 0.86151776 0.45122216 0.86284617 0.45392634 0.86247428 0.45874216 0.86380309 0.46144642
0 0.89975219 0.45379815 0.89938029 0.45861397 0.90070910 0.46131823 0.90240950 0.45920535 0.90392391 0.45950101 0.90429580 0.45468519 0.90296734 0.45198150 0.90333927 0.44716531 0.90201081 0.44446163 0.90238273 0.43964550 0.90105389 0.43694168 0.90123985 0.43453365 0.89821103 0.43394234 0.89651067 0.43605471 0.89783912 0.43875846 0.89746720 0.44357459 0.89879565 0.44627828 0.89842373 0.45109446 0.89975219 0.45379815
