0 0.29776696 0.24075632 0.28558212 0.23594060 0.07155591 0.25466547 0.08099155 0.34010572 0.09419775 0.35659560 0.24401609 0.34348819 0.24010089 0.29873726 0.30168215 0.28550726 0.29776696 0.24075632
0 0.39205071 0.48828125 0.37715051 0.29654990 0.36301999 0.29190440 0.32072542 0.30148646 0.33862474 0.39402858 0.28059441 0.40302675 0.29150156 0.48828125 0.39205071 0.48828125
0 0.47851562 0.48828125 0.47851562 0.38450605 0.45536630 0.38381502 0.43676051 0.39524574 0.44851791 0.48828125 0.47851562 0.48828125
0 0.58573472 0.01972352 0.49050427 0.06293771 0.51880572 0.12052630 0.63010880 0.06829864 0.60339459 0.01710510 0.58573472 0.01972352
0 0.52251648 0.12721648 0.55063472 0.18676152 0.66469139 0.13557578 0.63613334 0.07953034 0.52251648 0.12721648
0 0.58873879 0.25351659 0.70036111 0.20317359 0.66923376 0.14414119 0.55717778 0.19496391 0.58873879 0.25351659
0 0.62257875 0.31945497 0.73480971 0.26660946 0.70442587 0.20892532 0.58900677 0.26119913 0.62257875 0.31945497
0 0.66002093 0.38534142 0.76973478 0.33286868 0.73784553 0.27542082 0.62478083 0.32636830 0.66002093 0.38534142
0 0.69192881 0.45204883 0.80582587 0.39992077 0.77168876 0.34137233 0.65962719 0.39215722 0.69192881 0.45204883
0 0.75064206 0.48828125 0.77105395 0.48660914 0.79856621 0.48252883 0.84069785 0.46281075 0.80804672 0.40694744 0.69296505 0.45817119 0.71098804 0.48828125 0.75064206 0.48828125
0 0.47851562 0.04097045 0.48573385 0.05302584 0.54251911 0.02613370 0.47851562 0.03562487 0.47851562 0.04097045
0 0.47851562 0.22133519 0.51381742 0.20380796 0.48367049 0.14752125 0.47851562 0.14960763 0.47851562 0.22133519
0 0.47851562 0.25480004 0.48030143 0.27391229 0.48520234 0.30288131 0.54882322 0.27053731 0.51910313 0.21371974 0.47851562 0.23166745 0.47851562 0.25480004
0 0.55318451 0.28108197 0.48658305 0.31104899 0.49756080 0.37594804 0.58266318 0.33647569 0.55318451 0.28108197
0 0.58922341 0.34477432 0.49944639 0.38708992 0.51084865 0.45449683 0.61875445 0.40352968 0.58922341 0.34477432
0 0.61117046 0.48828125 0.65344119 0.46837627 0.62197932 0.41040326 0.51179388 0.46008288 0.51408007 0.47360821 0.52244180 0.48828125 0.61117046 0.48828125
0 0.66316968 0.48828125 0.65674804 0.47573328 0.62938457 0.48828125 0.66316968 0.48828125
0 0.67209730 1.00000000 0.67162867 0.99474385 0.67348031 0.99257847 0.67956833 0.99205581 0.67903574 0.98608231 0.67682900 0.98426484 0.65247744 0.98635543 0.65027022 0.98453851 0.64956006 0.97657333 0.65141222 0.97440791 0.65750024 0.97388526 0.65679008 0.96592007 0.63040883 0.96818491 0.62820209 0.96636744 0.62713687 0.95441993 0.62898850 0.95225455 0.63710569 0.95155769 0.63657306 0.94558368 0.61830952 0.94715161 0.61610282 0.94533465 0.61001480 0.94585731 0.60780811 0.94404034 0.60763053 0.94204867 0.60542383 0.94023170 0.60506873 0.93624886 0.60692037 0.93408348 0.61503755 0.93338662 0.61432739 0.92542144 0.58591698 0.92786048 0.58371029 0.92604352 0.58282259 0.91608717 0.55644186 0.91835197 0.55423517 0.91653501 0.55352496 0.90856932 0.55537660 0.90640394 0.56146410 0.90588133 0.56093151 0.89990783 0.55281484 0.90060465 0.55060758 0.89878722 0.53437331 0.90018093 0.53216651 0.89836398 0.53110129 0.88641646 0.53295299 0.88425057 0.53904091 0.88372793 0.53850827 0.87775391 0.51415671 0.87984450 0.51194991 0.87802755 0.51123975 0.87006237 0.48891746 0.87197874 0.50033162 1.00000000 0.67209730 1.00000000
