0 0.04992306 0.29640730 0.26564012 0.47207384 0.28314739 0.47628628 0.31480167 0.45339773 0.32093285 0.43787738 0.30167727 0.42191389 0.28464721 0.39036187 0.32421506 0.36175119 0.32246675 0.35000013 0.30310891 0.33989513 0.29944186 0.32615716 0.28015219 0.31214650 0.22389515 0.28967689 0.21454005 0.26607252 0.19703278 0.26186009 0.13559898 0.20023166 0.11805762 0.19797205 0.09126343 0.16624960 0.06796584 0.15802924 0.03631156 0.18091779 0.03213321 0.19647223 0.07646877 0.23045430 0.08976361 0.25217401 0.04992306 0.29640730
0 0.92839397 0.23784938 0.91976389 0.08320753 0.76302685 0.09386091 0.77160300 0.25159165 0.92839397 0.23784938
0 0.45552092 0.74070621 0.41079475 0.52981747 0.36010936 0.54232199 0.39925084 0.71912519 0.42099883 0.71229521 0.42280648 0.72674594 0.40517700 0.73364781 0.41101329 0.75331857 0.45552092 0.74070621
0 0.34773585 0.54313595 0.27221358 0.56241653 0.32096840 0.77852530 0.39647270 0.76027435 0.34773585 0.54313595
0 0.39936389 0.77165417 0.32702037 0.78584053 0.36103168 0.96152424 0.43751169 0.94638014 0.39936389 0.77165417
0 0.41074371 0.76876298 0.44995709 0.94144767 0.52748469 0.92529191 0.48521838 0.75049406 0.41074371 0.76876298
0 0.51603551 1.00000000 0.50245012 0.94339388 0.45487159 0.95492269 0.45962433 0.97766436 0.47721787 0.97282175 0.48007311 0.98626082 0.46452086 0.99216901 0.46624369 1.00000000 0.51603551 1.00000000
0 0.97629496 0.74706628 0.81791202 0.73400229 0.80855838 0.97484530 0.96918030 0.97764897 0.97629496 0.74706628
0 0.54882812 1.00000000 0.72285358 1.00000000 0.72850658 0.84058556 0.61118294 0.83544784 0.61282884 0.85916522 0.54882812 0.85681651 0.54882812 1.00000000
0 0.60716418 0.53463480 0.59593101 0.76514560 0.71730127 0.77447372 0.72651113 0.54186772 0.60716418 0.53463480
