0 0.14609969 0.56901042 0.10205426 0.42521866 0.09429254 0.41966266 0.00600602 0.43084208 0.00000000 0.44249451 0.00000000 0.44941016 0.03967869 0.56901042 0.14609969 0.56901042
0 0.79802863 0.23123263 0.79294193 0.24208546 0.81320751 0.25298369 0.81792754 0.24027466 0.79802863 0.23123263
0 0.82386053 0.24280329 0.81169299 0.27271985 0.83369287 0.28322325 0.84585879 0.25330705 0.82386053 0.24280329
0 0.23475317 0.82604401 0.24199385 0.83554588 0.26235359 0.83336268 0.25217868 0.81795986 0.26563830 0.81394699 0.21705567 0.74081928 0.05078110 0.79385925 0.10651680 0.88281799 0.14121696 0.86947850 0.12022483 0.83665830 0.12986943 0.83388790 0.15049659 0.86886539 0.19044726 0.85548375 0.18277837 0.84463884 0.18982933 0.84363968 0.19700678 0.84964121 0.23399884 0.84018811 0.22993087 0.82742922 0.23475317 0.82604401
0 0.13793840 0.65447196 0.11960314 0.62338085 0.07562335 0.63733344 0.09682958 0.67082516 0.13793840 0.65447196
0 0.00000000 0.56901042 0.00000000 0.58625047 0.00431593 0.59199104 0.04908889 0.57722419 0.04446188 0.56901042 0.00000000 0.56901042
0 0.76286801 0.76196710 0.72476047 0.76853843 0.73212389 0.79664275 0.71133826 0.80022706 0.71391561 0.81006417 0.70525547 0.81155754 0.70856906 0.82420468 0.75533674 0.81613998 0.75275939 0.80630288 0.76315221 0.80451072 0.76020691 0.79326926 0.77059972 0.79147710 0.76286801 0.76196710
0 0.67279638 0.77749921 0.67058731 0.76906778 0.65673077 0.77145723 0.66446248 0.80096722 0.67485530 0.79917507 0.67706436 0.80760650 0.69092091 0.80521705 0.68318919 0.77570705 0.67279638 0.77749921
0 0.65473823 0.77767619 0.61663231 0.78424724 0.62473198 0.81516160 0.63165944 0.81396701 0.63423679 0.82380412 0.64289856 0.82231047 0.64584386 0.83355194 0.69087886 0.82578602 0.68793356 0.81454456 0.67234434 0.81723279 0.66976698 0.80739568 0.66283789 0.80859055 0.65473823 0.77767619
0 0.70997387 0.80193153 0.70813310 0.79490577 0.72025860 0.79281483 0.71389127 0.76160037 0.70176577 0.76369131 0.70397483 0.77212274 0.69011828 0.77451219 0.69785000 0.80402219 0.70997387 0.80193153
