0 0.31772435 0.33038407 0.28278789 0.29665120 0.22091558 0.25705958 0.20569105 0.25284175 0.18109519 0.27649607 0.18314389 0.28668525 0.27448782 0.35368494 0.29703171 0.36153415 0.31772435 0.33038407
0 0.31088555 0.42149824 0.30902776 0.46588436 0.32298358 0.46975071 0.34084426 0.46026646 0.39383885 0.45570498 0.39989277 0.41729216 0.40243672 0.33460973 0.39375155 0.32418558 0.37140184 0.32921898 0.34007406 0.32535067 0.33089365 0.40779812 0.32572008 0.42079723 0.31088555 0.42149824
0 0.54947917 0.35042191 0.44801159 0.36166828 0.44009989 0.44446722 0.45405571 0.44833357 0.54947917 0.43557240 0.54947917 0.35042191
0 1.00000000 0.00000000 0.83756259 0.00000000 0.84578094 0.08442254 0.84593885 0.08446307 1.00000000 0.07820764 1.00000000 0.00000000
0 1.00000000 0.25059787 0.85951776 0.24156446 0.85860683 0.24629929 0.85414014 0.33540545 0.86149739 0.33744372 1.00000000 0.34241744 1.00000000 0.25059787
0 1.00000000 0.50204340 0.84310284 0.51055735 0.84870389 0.60330422 0.84898935 0.60338330 1.00000000 0.59167176 1.00000000 0.50204340
0 0.26118007 0.90916549 0.32979344 0.73090099 0.22440565 0.71207995 0.16017706 0.89004788 0.26118007 0.90916549
0 0.16811835 0.83698330 0.17762190 0.81212126 0.15507225 0.80892843 0.14676919 0.83449561 0.16811835 0.83698330
0 0.18780490 0.78076528 0.16624715 0.77671902 0.15554224 0.80748123 0.17929238 0.81137920 0.18780490 0.78076528
0 0.15747847 0.77070687 0.19161583 0.77783397 0.21521804 0.71616127 0.17726975 0.71196548 0.15747847 0.77070687
0 0.13547822 0.95509738 0.12641825 0.98079439 0.22345454 0.99672040 0.23105263 0.97332402 0.13547822 0.95509738
0 0.95211379 1.00000000 0.95609105 0.98506293 0.93379907 0.98060064 0.93248029 0.97877074 0.83474009 0.95920562 0.83355243 0.96366603 0.82933146 0.96595293 0.79503617 0.95908788 0.79371739 0.95725798 0.79530091 0.95131090 0.73185556 0.93861074 0.73053688 0.93678046 0.73264737 0.93563701 0.73462674 0.92820325 0.71062057 0.92339782 0.70850964 0.92454118 0.66907090 0.91664654 0.66775168 0.91481655 0.66973106 0.90738279 0.66841228 0.90555289 0.66999590 0.89960543 0.63913032 0.89342692 0.63781154 0.89159702 0.63939506 0.88564993 0.61024455 0.87981474 0.59163819 0.94969306 0.65679861 0.96273653 0.65811739 0.96456643 0.65574207 0.97348725 0.78819012 1.00000000 0.95211379 1.00000000
