0 0.00000000 0.18600173 0.09789054 0.37350837 0.21586489 0.35578184 0.21824269 0.34844020 0.04292853 0.00897692 0.01687461 0.00920553 0.00000000 0.01166410 0.00000000 0.18600173
0 0.40613615 0.20307967 0.40891068 0.22269278 0.41841402 0.22269702 0.41897829 0.21797591 0.43574542 0.21834574 0.43630969 0.21362463 0.46649629 0.21182061 0.46538135 0.20891523 0.48438542 0.20892270 0.48439247 0.20274957 0.40613615 0.20307967
0 0.50673533 0.21764903 0.47822793 0.21763731 0.47822296 0.22381010 0.45921680 0.22380297 0.45921237 0.22997712 0.43797085 0.23033065 0.43684938 0.23359976 0.42287428 0.23431990 0.42286775 0.24049439 0.64925432 0.23622937 0.64814592 0.22714950 0.62914133 0.22714067 0.62971056 0.21624677 0.60567491 0.21551066 0.60680344 0.20606843 0.52631019 0.20676090 0.52574593 0.21148201 0.50674187 0.21147454 0.50673533 0.21764903
0 0.30859375 0.73003284 0.30807752 0.73156626 0.28702389 0.74093519 0.28556273 0.73936820 0.24696476 0.75654442 0.24550360 0.75497743 0.22912852 0.76226439 0.23087830 0.77479014 0.23000034 0.77739805 0.21362527 0.78468501 0.21216410 0.78311802 0.19695889 0.78988439 0.19608063 0.79249243 0.19491107 0.79301289 0.19403311 0.79562079 0.19286355 0.79614125 0.19198559 0.79874916 0.19315208 0.80709948 0.19461332 0.80866700 0.19577974 0.81701679 0.19490186 0.81962523 0.18788389 0.82274825 0.18700593 0.82535616 0.17764883 0.82952010 0.17823211 0.83369553 0.17735415 0.83630343 0.17822897 0.84256578 0.17735079 0.84517435 0.17822567 0.85143722 0.17646976 0.85665304 0.16711266 0.86081698 0.16886244 0.87334273 0.16798418 0.87595077 0.15160940 0.88323760 0.15190101 0.88532504 0.15102305 0.88793295 0.15189794 0.89419583 0.15101968 0.89680386 0.14049302 0.90148826 0.13961514 0.90409670 0.13142760 0.90774018 0.13288570 0.91817795 0.13434686 0.91974494 0.13580496 0.93018271 0.13726643 0.93174957 0.13872460 0.94218787 0.14018577 0.94375486 0.14135226 0.95210518 0.14281343 0.95367217 0.14427153 0.96410994 0.14573307 0.96567733 0.14719117 0.97611510 0.14865234 0.97768209 0.15011051 0.98812039 0.15157168 0.98968738 0.15301229 1.00000000 0.16825969 1.00000000 0.30859375 0.93755090 0.30859375 0.73003284
0 0.72704255 0.62312170 0.96631386 0.58316746 0.95572015 0.54932026 0.71700657 0.59105646 0.72704255 0.62312170
0 0.83820800 0.71267990 0.82875222 0.65211729 0.85390934 0.64901161 0.85392084 0.63387278 0.67839106 0.64981400 0.68559894 0.72596141 0.83820800 0.71267990
0 0.97858023 0.62235886 0.91820859 0.62678055 0.91819500 0.64191980 0.89248225 0.64324310 0.89748875 0.67441455 0.99196153 0.66511252 0.97858023 0.62235886
0 0.70396216 0.83016626 0.94824884 0.80624339 0.94714044 0.79511068 0.70061684 0.81947785 0.70396216 0.83016626
0 0.70062128 0.81190780 0.94491057 0.78798618 0.94380217 0.77685348 0.69727595 0.80121939 0.70062128 0.81190780
0 0.70730043 0.84842346 0.95158972 0.82450184 0.95047923 0.81336955 0.70395510 0.83773505 0.70730043 0.84842346
