0 0.79501095 0.36602660 0.79721357 0.34774457 0.79085889 0.33121366 0.80353283 0.25372868 0.79490942 0.24063392 0.69539346 0.20453259 0.69094630 0.20603701 0.67814015 0.25383021 0.64954969 0.24482141 0.64402542 0.23525309 0.55322317 0.20687865 0.53713728 0.26188115 0.53763068 0.27010145 0.54726511 0.27942307 0.76909232 0.36716982 0.78292720 0.37087686 0.79501095 0.36602660
0 0.19768154 0.74743188 0.19967088 0.74105904 0.20307905 0.72486324 0.01553990 0.69510750 0.01529321 0.69602815 0.01011205 0.71927351 0.02341113 0.72283698 0.19768154 0.74743188
0 0.19430388 0.78761167 0.19634284 0.77166098 0.00594172 0.74099011 0.00186195 0.75621602 0.00000608 0.76509419 0.02103006 0.77072755 0.19236668 0.79358868 0.19398676 0.78879518 0.19430388 0.78761167
0 0.00000000 0.81442623 0.18625658 0.82267546 0.18783847 0.81677174 0.11092789 0.79616361 0.00000000 0.78621779 0.00000000 0.81442623
0 0.08598317 0.76819587 0.04933559 0.95085802 0.07024638 0.95646105 0.07334231 0.94795559 0.11628472 0.77513025 0.08598317 0.76819587
0 0.00000000 0.91284711 0.16683684 0.93036694 0.17224171 0.91019569 0.00000000 0.88246304 0.00000000 0.91284711
0 0.06634216 1.00000000 0.09733848 0.86564007 0.09694778 0.86550842 0.07201799 0.86164317 0.07142284 0.86386429 0.04270510 1.00000000 0.06634216 1.00000000
0 0.07609701 1.00000000 0.09029046 0.90827383 0.06437324 0.90732396 0.05284748 1.00000000 0.07609701 1.00000000
0 0.79199493 0.68589545 0.70775818 0.68613406 0.71453400 0.81863438 0.80680890 0.81605665 0.79199493 0.68589545
0 1.00000000 0.66565957 0.83843336 0.67910645 0.84380905 0.78469996 1.00000000 0.77354813 1.00000000 0.66565957
0 0.80109009 1.00000000 0.79149172 0.91471572 0.74616831 0.91898344 0.75106904 1.00000000 0.80109009 1.00000000
