0 0.62988281 0.21569239 0.61314985 0.22737954 0.35195304 0.24431483 0.30281384 0.26042603 0.28985361 0.27515539 0.28485913 0.33734467 0.28929591 0.36306064 0.30289129 0.36791879 0.62988281 0.33730145 0.62988281 0.21569239
0 0.73933834 0.00000000 0.72977278 0.01299822 0.73325643 0.02319425 0.71675375 0.04426097 0.72852416 0.07092452 0.76527025 0.02700593 0.75497845 0.00000000 0.73933834 0.00000000
0 0.74256751 0.33570794 0.75269040 0.32428113 0.73990194 0.28755915 0.72978021 0.29898603 0.74256751 0.33570794
0 0.72232404 0.35856169 0.73244578 0.34713482 0.71965848 0.31041291 0.70953559 0.32183971 0.72232404 0.35856169
0 0.76285516 0.31085803 0.77297689 0.29943115 0.76018959 0.26270923 0.75006786 0.27413611 0.76285516 0.31085803
0 0.23272569 0.99673215 0.23289744 0.99360580 0.21322559 0.99316913 0.21305384 0.99629548 0.23272569 0.99673215
0 0.20813556 0.99618630 0.20830731 0.99305996 0.18617664 0.99256871 0.18600489 0.99569505 0.20813556 0.99618630
0 0.34583849 0.99924299 0.34618197 0.99299070 0.30192063 0.99200820 0.30157715 0.99826049 0.34583849 0.99924299
0 0.29174123 0.99804216 0.29199884 0.99335284 0.28962525 0.99173527 0.26995340 0.99129860 0.26740872 0.99280699 0.26732285 0.99436997 0.26477814 0.99587876 0.24510630 0.99544209 0.24502043 0.99700506 0.29174123 0.99804216
0 0.09536623 0.98742317 0.02897359 0.98594940 0.02880187 0.98907535 0.02625703 0.99058414 0.02133900 0.99047497 0.02125314 0.99203795 0.09502276 0.99367546 0.09536623 0.98742317
0 0.42704207 1.00000000 0.42749993 0.99166561 0.35864909 0.99013728 0.35813387 0.99951592 0.37994147 1.00000000 0.42704207 1.00000000
0 0.12258693 0.98489725 0.12004161 0.98640562 0.10774687 0.98613271 0.10731750 0.99394837 0.15403830 0.99498547 0.15455353 0.98560683 0.12258693 0.98489725
0 0.47874411 1.00000000 0.47939659 0.98812296 0.43759408 0.98719504 0.43689062 1.00000000 0.47874411 1.00000000
0 0.54521709 1.00000000 0.54561688 0.99272266 0.51856856 0.99212225 0.51619560 0.99050470 0.51628146 0.98894172 0.50398609 0.98866879 0.50161315 0.98705084 0.48931840 0.98677792 0.48859203 1.00000000 0.54521709 1.00000000
0 0.09350787 0.97642696 0.04924653 0.97544446 0.04916067 0.97700744 0.04661583 0.97851623 0.03432090 0.97824331 0.03414917 0.98136925 0.09316439 0.98267925 0.09350787 0.97642696
0 0.21857258 0.98546303 0.21883019 0.98077371 0.20407662 0.98044621 0.20170366 0.97882866 0.20187541 0.97570231 0.18712121 0.97537480 0.18457650 0.97688360 0.17965823 0.97677442 0.17914302 0.98615266 0.18160247 0.98620726 0.18414716 0.98469886 0.21857258 0.98546303
0 0.00000000 0.98061122 0.00710041 0.98076883 0.00727214 0.97764289 0.00981697 0.97613410 0.02211185 0.97640701 0.02245533 0.97015472 0.02500020 0.96864633 0.00000000 0.96809138 0.00000000 0.98061122
0 0.35161547 0.98372124 0.35213068 0.97434300 0.32999938 0.97385173 0.32948417 0.98322997 0.35161547 0.98372124
0 0.32456653 0.98312081 0.32508173 0.97374257 0.30295106 0.97325132 0.30243586 0.98262956 0.32456653 0.98312081
0 0.61661497 1.00000000 0.61778648 0.97867507 0.59811463 0.97823840 0.59785704 0.98292732 0.59531235 0.98443571 0.59505474 0.98912503 0.59250940 0.99063381 0.56791990 0.99008798 0.56783404 0.99165095 0.56528872 0.99315933 0.55545343 0.99294101 0.55290811 0.99444939 0.55260318 1.00000000 0.61661497 1.00000000
0 0.06671717 0.97113723 0.09622494 0.97179224 0.09665428 0.96397697 0.05731059 0.96310363 0.05722473 0.96466661 0.05467939 0.96617538 0.04976174 0.96606622 0.04941828 0.97231812 0.06417248 0.97264562 0.06671717 0.97113723
0 0.22732359 0.96061761 0.22603554 0.98406381 0.23833029 0.98433672 0.24070388 0.98595429 0.24808035 0.98611803 0.24945426 0.96110886 0.22732359 0.96061761
0 0.21451361 0.96972334 0.21520057 0.95721875 0.18569280 0.95656375 0.18500584 0.96906833 0.21451361 0.96972334
0 0.57326692 0.98238147 0.57438322 0.96206162 0.54733427 0.96146120 0.54621797 0.98178105 0.57326692 0.98238147
0 0.52663199 0.97978140 0.52783417 0.95789818 0.51308060 0.95757069 0.51187842 0.97945391 0.52663199 0.97978140
0 0.16390563 0.94981980 0.14177433 0.94932854 0.13940137 0.94771099 0.13948723 0.94614801 0.11489711 0.94560217 0.11395254 0.96279607 0.11632613 0.96441364 0.11555331 0.97848120 0.16473293 0.97957288 0.16627857 0.95143776 0.16390563 0.94981980
0 0.43007600 0.94477362 0.41286361 0.94439154 0.41088863 0.98034193 0.41826573 0.98050568 0.42063867 0.98212363 0.42555631 0.98223279 0.42753132 0.94628201 0.43007600 0.94477362
0 0.07283698 0.94936357 0.07232177 0.95874181 0.09445244 0.95923306 0.09496765 0.94985482 0.09751299 0.94834604 0.10489009 0.94850979 0.10506182 0.94538385 0.10760650 0.94387546 0.10794998 0.93762316 0.09073696 0.93724107 0.09056523 0.94036702 0.08802052 0.94187581 0.08310225 0.94176664 0.08275879 0.94801853 0.08021408 0.94952732 0.07283698 0.94936357
0 0.36162313 0.98081363 0.39604854 0.98157779 0.39639202 0.97532550 0.37672017 0.97488883 0.37434721 0.97327128 0.37537767 0.95451400 0.37792236 0.95300560 0.37835170 0.94519034 0.37597874 0.94357279 0.37615049 0.94044644 0.31467612 0.93908185 0.31407503 0.95002346 0.31644799 0.95164101 0.35825051 0.95256893 0.36062410 0.95418650 0.35925019 0.97919567 0.36162313 0.98081363
0 0.07097925 0.93836738 0.07132273 0.93211508 0.04919193 0.93162383 0.04841911 0.94569139 0.06071398 0.94596431 0.06325867 0.94445592 0.06351628 0.93976660 0.06606160 0.93825822 0.07097925 0.93836738
0 0.04427390 0.93151466 0.02214311 0.93102341 0.02033985 0.96384785 0.03509374 0.96417535 0.03543722 0.95792305 0.03798209 0.95641467 0.04289999 0.95652383 0.04427390 0.93151466
0 0.00000000 0.96339635 0.00804498 0.96357493 0.00984824 0.93075049 0.00000000 0.93053188 0.00000000 0.96339635
0 0.39124754 0.93452164 0.38870283 0.93603043 0.40591585 0.93641252 0.40625935 0.93015983 0.39150515 0.92983232 0.39124754 0.93452164
0 0.36165451 0.93543002 0.38132636 0.93586669 0.38387107 0.93435790 0.38412868 0.92966858 0.36199801 0.92917733 0.36165451 0.93543002
0 0.59608517 0.97036815 0.61821584 0.97085940 0.62027671 0.93334564 0.58339184 0.93252689 0.58218966 0.95441011 0.59202558 0.95462845 0.59439854 0.95624600 0.59422681 0.95937194 0.59660038 0.96098991 0.59608517 0.97036815
0 0.52071529 0.95304552 0.57727201 0.95430095 0.57838833 0.93398070 0.57601474 0.93236313 0.52191748 0.93116230 0.52071529 0.95304552
0 0.50350227 0.95266343 0.50841991 0.95277259 0.50962210 0.93088937 0.44077126 0.92936104 0.43822595 0.93086942 0.44059951 0.93248738 0.43810930 0.97781640 0.49958367 0.97918099 0.50095758 0.95417182 0.50350227 0.95266343
0 0.30552716 0.92635893 0.25880636 0.92532184 0.25571506 0.98159247 0.29259993 0.98241123 0.29337275 0.96834367 0.29591744 0.96683528 0.30329454 0.96699903 0.30552716 0.92635893
0 0.24013356 0.95151189 0.24159334 0.92493975 0.22683977 0.92461225 0.22537999 0.95118439 0.24013356 0.95151189
0 0.21317048 0.94934849 0.21454439 0.92433932 0.19241372 0.92384807 0.19103981 0.94885724 0.21317048 0.94934849
0 0.47316720 0.92225536 0.47554016 0.92387291 0.50996558 0.92463708 0.51030906 0.91838478 0.47342481 0.91756604 0.47316720 0.92225536
0 0.46570424 0.92365458 0.46604771 0.91740228 0.43653994 0.91674728 0.43619647 0.92299957 0.46570424 0.92365458
0 0.12779358 0.93493349 0.17451374 0.93597057 0.17597352 0.90939842 0.16121995 0.90907093 0.15884699 0.90745338 0.15901874 0.90432703 0.14918282 0.90410870 0.14663811 0.90561749 0.14417865 0.90556289 0.14409279 0.90712587 0.14154810 0.90863426 0.12925336 0.90836135 0.12779358 0.93493349
0 0.25194447 0.91577984 0.25349013 0.88764433 0.25111717 0.88602677 0.24374007 0.88586302 0.24119539 0.88737141 0.22644182 0.88704392 0.22609834 0.89329621 0.22847127 0.89491416 0.22735498 0.91523401 0.25194447 0.91577984
0 0.10975324 0.90479873 0.11229795 0.90328994 0.11721559 0.90339910 0.11833189 0.88307924 0.09620122 0.88258800 0.09534254 0.89821853 0.09279783 0.89972732 0.09042489 0.89810937 0.09128357 0.88247883 0.06915290 0.88198758 0.06717790 0.91793837 0.09176739 0.91848420 0.09185326 0.91692122 0.09439797 0.91541243 0.10915217 0.91573994 0.10975324 0.90479873
0 0.00000000 0.92114181 0.05708375 0.92240894 0.05931635 0.88176924 0.03964482 0.88133257 0.03930134 0.88758487 0.03675646 0.88909325 0.03438338 0.88747570 0.03472686 0.88122341 0.01013705 0.88067757 0.00893486 0.90256079 0.00638999 0.90406918 0.00401690 0.90245162 0.00521909 0.88056840 0.00000000 0.88045255 0.00000000 0.92114181
0 0.25866600 0.88306458 0.25686275 0.91588902 0.28391169 0.91648944 0.28537149 0.88991690 0.28299790 0.88829933 0.28325550 0.88361041 0.25866600 0.88306458
0 0.42790618 0.89464612 0.42842141 0.88526748 0.39891364 0.88461248 0.39814080 0.89868043 0.41289437 0.89900793 0.41298025 0.89744456 0.41552557 0.89593618 0.42536149 0.89615451 0.42790618 0.89464612
0 0.39145065 0.88601210 0.38161473 0.88579376 0.37924179 0.88417581 0.36448822 0.88384831 0.36194288 0.88535709 0.35956994 0.88373914 0.34727520 0.88346622 0.34564367 0.91316471 0.36039724 0.91349221 0.36277083 0.91510977 0.36242735 0.92136207 0.38947567 0.92196248 0.39145065 0.88601210
0 0.62062019 0.92709335 0.62285278 0.88645365 0.61055741 0.88618072 0.60832481 0.92682042 0.62062019 0.92709335
0 0.60318094 0.88601698 0.58105027 0.88552573 0.58096440 0.88708871 0.57841909 0.88859708 0.51694472 0.88723250 0.51488385 0.92474625 0.60094834 0.92665668 0.60318094 0.88601698
0 0.41555633 0.85055256 0.41418242 0.87556173 0.42893662 0.87588924 0.42902248 0.87432627 0.42664954 0.87270832 0.42785170 0.85082549 0.41555633 0.85055256
0 0.08376613 0.84005743 0.06163483 0.83956616 0.06077613 0.85519709 0.05823156 0.85670549 0.05771634 0.86608413 0.06008917 0.86770168 0.08222047 0.86819294 0.08376613 0.84005743
0 0.00000000 0.86636784 0.05271257 0.86753793 0.05382889 0.84721768 0.00956717 0.84623518 0.00719409 0.84461762 0.00753757 0.83836533 0.00000000 0.83819801 0.00000000 0.86636784
0 0.24188234 0.87486683 0.26155419 0.87530350 0.26664419 0.87228672 0.27647949 0.87250504 0.27811101 0.84280656 0.27565219 0.84275197 0.27310750 0.84426037 0.26573040 0.84409661 0.26564452 0.84565999 0.26309983 0.84716838 0.24342798 0.84673171 0.24188234 0.87486683
0 0.11181411 0.86728497 0.11435881 0.86577618 0.11573273 0.84076701 0.09606088 0.84033034 0.09368792 0.83871279 0.09114323 0.84022118 0.09002693 0.86054103 0.09239987 0.86215898 0.09205639 0.86841128 0.11172824 0.86884795 0.11181411 0.86728497
0 0.60778652 0.84699443 0.60624085 0.87512995 0.61607678 0.87534829 0.61844974 0.87696584 0.62336801 0.87707501 0.62499954 0.84737652 0.60778652 0.84699443
0 0.59877789 0.87652917 0.60123734 0.87658376 0.60286887 0.84688528 0.57581992 0.84628485 0.57539056 0.85410052 0.57284524 0.85560889 0.57047228 0.85399134 0.57090164 0.84617568 0.55122980 0.84573901 0.55028523 0.86293291 0.57979300 0.86358792 0.58216657 0.86520588 0.58165136 0.87458412 0.59640493 0.87491162 0.59877789 0.87652917
0 0.48169138 0.85671525 0.48237833 0.84421066 0.46762476 0.84388317 0.46728126 0.85013586 0.46965422 0.85175341 0.46853792 0.87207326 0.48329212 0.87240077 0.48406494 0.85833321 0.48169138 0.85671525
0 0.46116083 0.87190951 0.46270649 0.84377399 0.43565754 0.84317357 0.43411188 0.87130908 0.46116083 0.87190951
0 0.34041330 0.87392423 0.34238831 0.83797345 0.28829104 0.83677261 0.28631604 0.87272339 0.34041330 0.87392423
0 0.40546344 0.85502316 0.40308985 0.85340559 0.38095918 0.85291434 0.37858622 0.85129679 0.37953079 0.83410289 0.35248185 0.83350246 0.35024923 0.87414256 0.40926477 0.87545257 0.40935063 0.87388960 0.40697770 0.87227165 0.40792227 0.85507774 0.40546344 0.85502316
0 0.49052825 0.83030686 0.47577405 0.82997935 0.47322937 0.83148774 0.47271414 0.84086638 0.49976308 0.84146680 0.50027831 0.83208817 0.49290121 0.83192441 0.49052825 0.83030686
0 0.10930020 0.82340935 0.10692724 0.82179180 0.10701310 0.82022883 0.08488243 0.81973757 0.08419547 0.83224216 0.11370324 0.83289716 0.11607621 0.83451472 0.12099385 0.83462388 0.12159494 0.82368227 0.10930020 0.82340935
0 0.61330523 0.83616238 0.61339112 0.83459901 0.60355582 0.83438069 0.60118224 0.83276312 0.60126810 0.83120015 0.59889514 0.82958260 0.58905922 0.82936426 0.58651453 0.83087265 0.58582757 0.84337724 0.62517127 0.84425058 0.62551475 0.83799829 0.61567882 0.83777995 0.61330523 0.83616238
0 0.56761550 0.81636843 0.56795898 0.81011613 0.55320478 0.80978862 0.55148739 0.84105009 0.55386035 0.84266764 0.57845047 0.84321348 0.57982438 0.81820431 0.56998846 0.81798598 0.56761550 0.81636843
0 0.00000000 0.82724346 0.00813864 0.82742412 0.00873973 0.81648250 0.01128454 0.81497411 0.01620257 0.81508328 0.01714714 0.79788938 0.01468812 0.79783479 0.01214325 0.79934318 0.00000000 0.79907363 0.00000000 0.82724346
0 0.51671849 0.84653821 0.51525872 0.87311036 0.53001229 0.87343785 0.53044163 0.86562259 0.53298632 0.86411419 0.54036342 0.86427795 0.54290876 0.86276917 0.54333810 0.85495390 0.54096451 0.85333634 0.54336886 0.80957029 0.53353293 0.80935195 0.53116000 0.80773400 0.52624235 0.80762484 0.52581298 0.81544051 0.52326767 0.81694888 0.51589057 0.81678513 0.51520361 0.82928971 0.51757720 0.83090728 0.51689024 0.84341187 0.51434493 0.84492025 0.51671849 0.84653821
0 0.49221426 0.84442900 0.49066860 0.87256451 0.49804570 0.87272827 0.50041866 0.87434582 0.51025458 0.87456415 0.51180022 0.84642904 0.51434493 0.84492025 0.49221426 0.84442900
0 0.07633455 0.79607304 0.02715481 0.79498137 0.02603849 0.81530162 0.05062824 0.81584745 0.05300139 0.81746501 0.05222856 0.83153257 0.07435955 0.83202383 0.07633455 0.79607304
0 0.41804656 0.80522314 0.41856177 0.79584490 0.39151345 0.79524449 0.39099824 0.80462273 0.41804656 0.80522314
0 0.33060879 0.82832189 0.33315348 0.82681350 0.38479192 0.82795975 0.38733724 0.82645138 0.38750896 0.82332543 0.38513540 0.82170746 0.38659517 0.79513532 0.36200568 0.79458949 0.36191981 0.79615246 0.35937447 0.79766124 0.31757196 0.79673332 0.31576870 0.82955776 0.33052290 0.82988527 0.33060879 0.82832189
0 0.00290845 0.78818324 0.07421921 0.78976617 0.07447682 0.78507685 0.07210323 0.78345929 0.00325193 0.78193094 0.00290845 0.78818324
0 0.08185329 0.78524059 0.08422623 0.78685855 0.12111110 0.78767730 0.12248501 0.76266813 0.08314132 0.76179479 0.08185329 0.78524059
0 0.45164529 0.77623465 0.45155942 0.77779763 0.46877245 0.77817971 0.47114541 0.77979727 0.47097366 0.78292362 0.47334662 0.78454117 0.47326075 0.78610414 0.47071604 0.78761293 0.46088012 0.78739460 0.46325308 0.78901215 0.47554783 0.78928507 0.48029437 0.79252019 0.48020851 0.79408316 0.48495441 0.79731867 0.48486854 0.79888164 0.48724211 0.80049961 0.52658581 0.80137295 0.52675755 0.79824660 0.52438397 0.79662904 0.52692930 0.79512025 0.53430577 0.79528400 0.53447750 0.79215805 0.53210454 0.79054050 0.53219041 0.78897752 0.52981747 0.78735957 0.52990333 0.78579660 0.52753037 0.78417904 0.52761626 0.78261567 0.52524267 0.78099810 0.52532854 0.77943513 0.52295558 0.77781758 0.52304144 0.77625460 0.52066850 0.77463665 0.52075437 0.77307368 0.51838078 0.77145611 0.51846666 0.76989274 0.51372074 0.76665763 0.44486928 0.76512929 0.44478342 0.76669226 0.44715637 0.76830981 0.44707049 0.76987319 0.44944408 0.77149075 0.44927233 0.77461710 0.45164529 0.77623465
0 0.32589363 0.77970317 0.32743929 0.75156765 0.31514454 0.75129474 0.31359888 0.77943026 0.32589363 0.77970317
0 0.30393471 0.77608557 0.30496514 0.75732870 0.30750983 0.75582030 0.30759569 0.75425733 0.30267742 0.75414816 0.30030448 0.75253021 0.30039034 0.75096723 0.27088257 0.75031223 0.27079671 0.75187520 0.26825200 0.75338399 0.26333372 0.75327482 0.26221742 0.77359467 0.26459101 0.77521224 0.30393471 0.77608557
0 0.33481639 0.75173141 0.33284139 0.78768219 0.38939810 0.78893762 0.38948397 0.78737465 0.39202865 0.78586625 0.41661815 0.78641209 0.41867902 0.74889833 0.39163070 0.74829792 0.39145897 0.75142387 0.38891366 0.75293225 0.35694706 0.75222266 0.35457410 0.75060511 0.33736108 0.75022302 0.33481639 0.75173141
0 0.62988281 0.75202129 0.59335270 0.75121040 0.59326682 0.75277378 0.59072213 0.75428217 0.55383726 0.75346341 0.55375139 0.75502638 0.55120671 0.75653478 0.54137078 0.75631644 0.54119903 0.75944279 0.54357199 0.76106034 0.54348613 0.76262331 0.54594495 0.76267790 0.54831852 0.76429586 0.54814679 0.76742181 0.55051975 0.76903936 0.55043389 0.77060233 0.55280683 0.77222029 0.55272096 0.77378326 0.55509392 0.77540081 0.55500804 0.77696419 0.55746686 0.77701877 0.55984045 0.77863634 0.55966872 0.78176228 0.56204168 0.78337984 0.56195579 0.78494321 0.56432875 0.78656076 0.56424289 0.78812373 0.56898941 0.79135926 0.56890355 0.79292223 0.57127651 0.79453978 0.57119064 0.79610276 0.57356358 0.79772071 0.57339186 0.80084665 0.57576479 0.80246461 0.57567893 0.80402758 0.57813838 0.80408218 0.58051134 0.80569973 0.58033961 0.80882567 0.58508614 0.81206120 0.59738089 0.81233411 0.59975385 0.81395166 0.59966796 0.81551504 0.61196271 0.81578795 0.61213446 0.81266161 0.60967563 0.81260703 0.60730267 0.81098947 0.60756029 0.80630015 0.61010498 0.80479176 0.61748208 0.80495551 0.61765382 0.80182917 0.61528024 0.80021160 0.61536610 0.79864863 0.61299316 0.79703068 0.61316489 0.79390473 0.61570958 0.79239634 0.62308668 0.79256009 0.62317254 0.79099712 0.62079960 0.78937916 0.62088547 0.78781619 0.61851251 0.78619864 0.61859840 0.78463526 0.62114308 0.78312687 0.62852018 0.78329063 0.62869191 0.78016468 0.62631895 0.77854713 0.62640484 0.77698375 0.62403125 0.77536619 0.62411711 0.77380321 0.62666245 0.77229443 0.62912127 0.77234901 0.62963648 0.76297078 0.62488996 0.75973525 0.62497582 0.75817228 0.62752114 0.75666390 0.62988281 0.75671633 0.62988281 0.75202129
0 0.51906773 0.75895153 0.51958296 0.74957288 0.50728821 0.74929997 0.50677299 0.75867861 0.51906773 0.75895153
0 0.50185534 0.75856945 0.50237057 0.74919081 0.47532162 0.74859039 0.47480639 0.75796903 0.50185534 0.75856945
0 0.46988875 0.75785986 0.47040397 0.74848122 0.44335503 0.74788080 0.44283980 0.75725944 0.46988875 0.75785986
0 0.71021217 0.67419315 0.67713108 0.67122082 0.66676457 0.67493746 0.65277433 0.84682092 0.65695763 0.84924741 0.69163498 0.84990241 0.71021217 0.67419315
0 0.82104666 0.70523876 0.80535470 0.70181241 0.74177956 0.70061156 0.72511972 0.84662244 0.73647701 0.84996692 0.80299239 0.85044081 0.81089112 0.81772545 0.82104666 0.70523876
