0 0.09536990 0.47851562 0.18504379 0.45977182 0.14136378 0.16033257 0.13092247 0.14115404 0.00000000 0.16742110 0.00000000 0.31473791 0.02567979 0.47851562 0.09536990 0.47851562
0 0.52791018 0.44435941 0.52831356 0.45369960 0.66693146 0.44978555 0.66644739 0.43857694 0.53013964 0.44242576 0.52791018 0.44435941
0 0.50695628 0.44121015 0.50002524 0.44140585 0.49779576 0.44333903 0.41693517 0.44562223 0.41741925 0.45683084 0.50983118 0.45422148 0.50934710 0.44301286 0.50695628 0.44121015
0 0.59377919 0.41631450 0.59138837 0.41451179 0.53132032 0.41620788 0.53180437 0.42741602 0.53419581 0.42921920 0.66819281 0.42543562 0.67042286 0.42350196 0.67001948 0.41416176 0.59377919 0.41631450
0 0.51101184 0.42800313 0.51052778 0.41679499 0.41580570 0.41946959 0.41628975 0.43067772 0.51101184 0.42800313
0 0.67168421 0.39915203 0.67111949 0.38607594 0.53250159 0.38998999 0.53306631 0.40306608 0.67168421 0.39915203
0 0.51203115 0.39804889 0.51178913 0.39244506 0.50939831 0.39064234 0.41467622 0.39331694 0.41516028 0.40452508 0.46829717 0.40302469 0.47068811 0.40482740 0.50996304 0.40371843 0.50980169 0.39998254 0.51203115 0.39804889
0 0.60124549 0.37495642 0.60068075 0.36187986 0.53368224 0.36377164 0.53424699 0.37684820 0.60124549 0.37495642
0 0.45282177 0.36605484 0.45043083 0.36425213 0.41346606 0.36529588 0.41403080 0.37837244 0.42096173 0.37817673 0.42335267 0.37997945 0.51345445 0.37743531 0.51288971 0.36435875 0.45282177 0.36605484
0 0.53255275 0.33761852 0.53311750 0.35069508 0.57932346 0.34939040 0.58171429 0.35119311 0.59788652 0.35073647 0.59724110 0.33579196 0.53255275 0.33761852
0 0.51463511 0.35121696 0.51407036 0.33814039 0.41241724 0.34101070 0.41298198 0.35408726 0.51463511 0.35121696
0 0.40820312 0.82014041 0.39600083 0.82083232 0.38839757 0.82696078 0.40180978 0.86187203 0.35751829 0.86228252 0.36386517 0.90794440 0.34468663 0.91838571 0.34947662 0.94362454 0.36159721 0.95492718 0.40820312 0.95386868 0.40820312 0.82014041
0 0.80451518 0.69287048 0.79568474 0.78574854 0.79700492 0.83158975 0.84576322 0.83389700 0.85221005 0.82768294 0.85878153 0.70630357 0.84841085 0.69219511 0.80451518 0.69287048
0 0.72727050 0.56462754 0.71551368 0.67895267 0.71570438 0.71054323 0.78541672 0.71456637 0.79434983 0.56461461 0.77084346 0.55988055 0.73379801 0.55943138 0.72727050 0.56462754
