0 0.24428347 0.27950117 0.23471394 0.27755137 0.23276239 0.25310308 0.21195059 0.25431060 0.21225030 0.27696068 0.20137046 0.28205212 0.20277837 0.30359923 0.24347498 0.30325422 0.24428347 0.27950117
0 0.12628488 0.26728489 0.12974887 0.27875368 0.16933729 0.27951164 0.16940001 0.25879567 0.20679295 0.25485425 0.20558716 0.22736887 0.21793763 0.22310858 0.21800035 0.20239262 0.21489879 0.19285794 0.19684703 0.19476070 0.19916101 0.22114310 0.16968576 0.22523612 0.17109367 0.24678323 0.13573591 0.24755166 0.12628488 0.26728489
0 0.00000000 0.24309719 0.08216608 0.24235047 0.12471667 0.23786540 0.13158887 0.21840399 0.14798879 0.21470303 0.14658089 0.19315591 0.16151018 0.18862380 0.15621313 0.17438975 0.12250722 0.17695638 0.12192176 0.18786585 0.01492151 0.19224116 0.01540243 0.21585830 0.00000000 0.21667719 0.00000000 0.24309719
0 0.85633547 0.34678133 0.91969293 0.29722093 0.94273024 0.28027146 0.94270379 0.28013027 0.85876061 0.21267720 0.70259695 0.32842429 0.82882492 0.42152185 0.83591410 0.42077461 0.93377035 0.34561113 0.90796477 0.32821057 0.87021201 0.35399095 0.85633547 0.34678133
0 0.42694812 0.16543547 0.47214623 0.21060553 0.48157828 0.20961134 0.50728807 0.19491067 0.50530231 0.18431364 0.46285082 0.14463691 0.42694812 0.16543547
0 0.61606893 0.00000000 0.57565696 0.01708378 0.61853757 0.06105734 0.62492531 0.06038403 0.66870270 0.03885504 0.66718828 0.03077333 0.63434229 0.00000000 0.61606893 0.00000000
0 0.88027793 0.00000000 0.84446792 0.02914368 0.91010885 0.08623047 0.91158733 0.08598784 0.95705389 0.04796676 0.95640260 0.04449115 0.90456698 0.00000000 0.88027793 0.00000000
0 0.88132209 0.58984375 0.91411370 0.56260572 0.91396274 0.56180016 0.88398586 0.54686682 0.87663234 0.54764192 0.82948465 0.58812908 0.82968253 0.58918511 0.83077649 0.58984375 0.88132209 0.58984375
0 0.00000000 0.69952372 0.13796327 0.70065672 0.16135390 0.69917738 0.16338907 0.69600438 0.17032400 0.65582701 0.16629546 0.64836237 0.00000000 0.64732063 0.00000000 0.69952372
0 0.55235333 0.85898240 0.56326072 0.85952418 0.57227522 0.77837634 0.56384939 0.77866284 0.55235333 0.85898240
0 0.57859973 0.85909869 0.58702557 0.85881220 0.59884050 0.78006692 0.58868944 0.77945139 0.57859973 0.85909869
0 0.60377093 0.85771446 0.61240935 0.85847749 0.62216791 0.78100297 0.61374208 0.78128946 0.60377093 0.85771446
0 0.63658711 0.86361162 0.71185133 0.86965061 0.72959417 0.72878786 0.65626777 0.72470042 0.63658711 0.86361162
0 0.74199790 0.86617584 0.75074261 0.86746363 0.76153958 0.80273087 0.75235743 0.80309111 0.74199790 0.86617584
0 0.77104473 0.86869468 0.78140838 0.87035973 0.79049646 0.76672945 0.78282695 0.76694220 0.77104473 0.86869468
0 0.80042271 0.86904074 0.81003004 0.87077954 0.82040592 0.76969931 0.81263011 0.76938729 0.80042271 0.86904074
0 0.82957584 0.87208434 0.84058952 0.87315088 0.85237174 0.77139839 0.84297700 0.77070911 0.82957584 0.87208434
