0 0.18936512 0.30870437 0.18136285 0.30431202 0.19122290 0.28096304 0.17121643 0.27649665 0.16067348 0.29772288 0.14808346 0.29955190 0.13910213 0.32004628 0.17726055 0.33066245 0.18936512 0.30870437
0 0.08504117 0.26558431 0.08279502 0.27722238 0.11939183 0.28857041 0.12934897 0.26924725 0.16614159 0.27561794 0.17814906 0.24963404 0.19171488 0.24897623 0.20167202 0.22965307 0.20333236 0.21991805 0.18557041 0.21684255 0.17512455 0.24209459 0.14565129 0.23799351 0.13666996 0.25848789 0.10329348 0.24970196 0.08504117 0.26558431
0 0.00000000 0.21497154 0.05576699 0.23044795 0.09763445 0.23769734 0.11334934 0.22137564 0.13042839 0.22232840 0.13940972 0.20183403 0.15551297 0.20161557 0.15736912 0.18690321 0.12467554 0.18024003 0.11891617 0.19026754 0.01693220 0.16559315 0.00609634 0.18777091 0.00000000 0.18637782 0.00000000 0.21497154
0 0.60335345 0.18422628 0.61797929 0.18851777 0.61221896 0.19829746 0.63513581 0.20698125 0.65817228 0.16786408 0.59644881 0.13911930 0.58596675 0.15478597 0.60024686 0.16037513 0.59448793 0.17015509 0.60727050 0.17544466 0.60335345 0.18422628
0 0.73463620 0.20639060 0.66082164 0.16976092 0.63778409 0.20887659 0.71344193 0.24450820 0.73463620 0.20639060
0 0.00000000 0.93616325 0.24630468 0.99951707 0.24867319 0.98808708 0.25119898 0.98632916 0.26145756 0.98896785 0.26382595 0.97753845 0.26635121 0.97578039 0.27455818 0.97789137 0.27645291 0.96874773 0.27897870 0.96698981 0.28513354 0.96857294 0.28702839 0.95942871 0.28955365 0.95767066 0.29570902 0.95925392 0.29823481 0.95749601 0.29965588 0.95063813 0.27298282 0.94377736 0.27140486 0.94096388 0.27377324 0.92953448 0.00704658 0.86092777 0.00467820 0.87235718 0.00215277 0.87411519 0.00000000 0.87356146 0.00000000 0.93616325
0 0.53906250 0.64142457 0.52443167 0.63766127 0.52206329 0.64909067 0.51953802 0.65084872 0.49286496 0.64398795 0.49128700 0.64117448 0.47282144 0.63642482 0.47029618 0.63818287 0.46792767 0.64961286 0.46540241 0.65137091 0.43257451 0.64292701 0.43099603 0.64011340 0.43336453 0.62868341 0.40464038 0.62129506 0.40306242 0.61848159 0.40543080 0.60705219 0.37465451 0.59913599 0.37212925 0.60089405 0.17516187 0.55023063 0.17374079 0.55708851 0.17531875 0.55990198 0.17279348 0.56166004 0.12560325 0.54952189 0.12307799 0.55127995 0.12165691 0.55813782 0.11913100 0.55989633 0.08425149 0.55092471 0.08267365 0.54811066 0.08456838 0.53896702 0.05584381 0.53157856 0.05426574 0.52876506 0.05663413 0.51733566 0.03201320 0.51100273 0.00027645 0.66415884 0.07208761 0.68262991 0.07398246 0.67348569 0.07650773 0.67172763 0.08676632 0.67436632 0.08518835 0.67155285 0.08660943 0.66469497 0.08913470 0.66293692 0.11785937 0.67032540 0.12038463 0.66856735 0.13679858 0.67278930 0.13821966 0.66593142 0.14327019 0.66241531 0.17404647 0.67033151 0.17562443 0.67314498 0.17420348 0.68000227 0.20292815 0.68739075 0.20450599 0.69020481 0.20213761 0.70163422 0.19961234 0.70339227 0.19140537 0.70128129 0.18903687 0.71271128 0.49885028 0.79240065 0.50074513 0.78325642 0.50327040 0.78149837 0.51147737 0.78360934 0.51384575 0.77217994 0.51637102 0.77042189 0.52663013 0.77306071 0.52899851 0.76163130 0.53152390 0.75987267 0.53906250 0.72349265 0.53906250 0.64142457
0 0.05513641 0.39941406 0.03580266 0.49271545 0.31278818 0.56396091 0.31326195 0.56167456 0.32841418 0.55112579 0.32888784 0.54884002 0.34656598 0.53653275 0.34703963 0.53424699 0.35209081 0.53073043 0.36645262 0.53442454 0.36803110 0.53723814 0.38444505 0.54146009 0.38602289 0.54427415 0.38097184 0.54779013 0.38049806 0.55007648 0.37039648 0.55710855 0.36992271 0.55939490 0.35982101 0.56642757 0.35934735 0.56871333 0.35429682 0.57222944 0.35382305 0.57451579 0.53906250 0.62216258 0.53906250 0.46325097 0.33994749 0.41203515 0.33805277 0.42117876 0.33552747 0.42293699 0.31295816 0.41713177 0.31043286 0.41889000 0.28786355 0.41308478 0.28644251 0.41994248 0.28391720 0.42170071 0.24903769 0.41272910 0.24745924 0.40991531 0.24888029 0.40305762 0.24730236 0.40024397 0.24407589 0.39941406 0.05513641 0.39941406
0 0.82947148 1.00000000 0.82916009 0.99935070 0.82038826 0.99671201 0.81903899 0.99389854 0.82146913 0.98018337 0.82362852 0.97842473 0.83240035 0.98106342 0.83726075 0.95363250 0.82848891 0.95099381 0.82713964 0.94818034 0.82956989 0.93446459 0.83172917 0.93270653 0.84225573 0.93587307 0.84266074 0.93358730 0.84131102 0.93077369 0.84536140 0.90791430 0.84185285 0.90685888 0.84144774 0.90914523 0.83928800 0.91090315 0.83051617 0.90826446 0.83011116 0.91055022 0.82795188 0.91230828 0.82093432 0.91019730 0.81971920 0.91705518 0.81755991 0.91881323 0.79299824 0.91142475 0.79259312 0.91371110 0.79043384 0.91546915 0.77990728 0.91230262 0.77950227 0.91458838 0.77734299 0.91634644 0.76681687 0.91318004 0.76249775 0.91669660 0.75548020 0.91458562 0.75507519 0.91687139 0.75291591 0.91862944 0.75116163 0.91810173 0.75035151 0.92267384 0.74819178 0.92443176 0.73766567 0.92126537 0.73496668 0.91563828 0.73064811 0.91915439 0.72781285 0.93515591 0.73132141 0.93621133 0.73267113 0.93902494 0.72335535 0.99160101 0.75127627 1.00000000 0.82947148 1.00000000
0 0.93252737 1.00000000 0.93874682 0.96489888 0.93739755 0.96208540 0.92862571 0.95944672 0.92727644 0.95663325 0.92930168 0.94520325 0.93146097 0.94344520 0.94198708 0.94661160 0.94644236 0.92146703 0.94509320 0.91865297 0.94671333 0.90950933 0.94887261 0.90775127 0.95008773 0.90089340 0.94482445 0.89931013 0.94266507 0.90106877 0.93213895 0.89790237 0.93173395 0.90018814 0.92957421 0.90194606 0.92255711 0.89983522 0.92039737 0.90159314 0.91864310 0.90106542 0.91432398 0.90458198 0.90379786 0.90141559 0.90163858 0.90317364 0.89637530 0.90159037 0.89556518 0.90616249 0.89340590 0.90792054 0.89165162 0.90739283 0.89030190 0.90457922 0.88328434 0.90246825 0.88247433 0.90703977 0.88031504 0.90879783 0.87154321 0.90615914 0.87113820 0.90844491 0.86897837 0.91020341 0.85669798 0.90650930 0.85453824 0.90826722 0.85372813 0.91283933 0.85156884 0.91459739 0.83643664 1.00000000 0.93252737 1.00000000
0 0.95100659 1.00000000 0.96965699 0.89474150 0.96925198 0.89702727 0.96709270 0.89878532 0.95656614 0.89561879 0.95049062 0.92990758 0.96101718 0.93307411 0.96236645 0.93588759 0.95993621 0.94960334 0.95777692 0.95136140 0.94725036 0.94819486 0.93807118 1.00000000 0.95100659 1.00000000
0 1.00000000 0.69202795 0.99787731 0.69375621 0.99436830 0.69270065 0.99220902 0.69445871 0.98694574 0.69287544 0.98478635 0.69463408 0.98127735 0.69357853 0.97911806 0.69533658 0.97385523 0.69375345 0.97169550 0.69551137 0.96818694 0.69445595 0.96602711 0.69621445 0.96251855 0.69515903 0.96035927 0.69691708 0.95509599 0.69533382 0.95293670 0.69709187 0.94942770 0.69603632 0.94726842 0.69779437 0.94375986 0.69673895 0.94160013 0.69849687 0.93809157 0.69744145 0.93593174 0.69919995 0.93242318 0.69814453 0.93026390 0.69990258 0.92500062 0.69831932 0.92284133 0.70007737 0.91933233 0.69902182 0.91717294 0.70078046 0.91366439 0.69972504 0.91150466 0.70148295 0.90799610 0.70042754 0.90583637 0.70218545 0.90057354 0.70060232 0.89841425 0.70236038 0.89490525 0.70130482 0.89274597 0.70306287 0.88923696 0.70200732 0.88707757 0.70376596 0.88356902 0.70271054 0.88140929 0.70446846 0.87790073 0.70341304 0.87574100 0.70517095 0.87047817 0.70358782 0.86831878 0.70534646 0.86480978 0.70429091 0.86265049 0.70604896 0.85914149 0.70499341 0.85698221 0.70675146 0.85347365 0.70569604 0.85131392 0.70745396 0.84605064 0.70587069 0.84389135 0.70762875 0.84038280 0.70657332 0.83822341 0.70833196 0.83471441 0.70727641 0.83255512 0.70903446 0.82904612 0.70797891 0.82688684 0.70973696 0.82337828 0.70868154 0.82121845 0.71044004 0.81595516 0.70885678 0.81379588 0.71061483 0.81028733 0.70955941 0.80812804 0.71131746 0.80461904 0.71026191 0.80245976 0.71201996 0.79895075 0.71096441 0.79679147 0.71272246 0.79328291 0.71166704 0.79112308 0.71342554 0.78585980 0.71184228 0.78370051 0.71360033 0.78019196 0.71254491 0.77803267 0.71430297 0.77452367 0.71324741 0.77236428 0.71500605 0.76885528 0.71395049 0.76669599 0.71570855 0.76318744 0.71465313 0.76102771 0.71641105 0.75576443 0.71482778 0.75360514 0.71658583 0.75009659 0.71553041 0.74793730 0.71728847 0.74442830 0.71623291 0.74226891 0.71799155 0.73875991 0.71693600 0.73660063 0.71869405 0.73309207 0.71763863 0.73093234 0.71939655 0.72566906 0.71781328 0.72350967 0.71957192 0.72000112 0.71851650 0.71784183 0.72027455 0.71433283 0.71921900 0.71217355 0.72097705 0.70866454 0.71992150 0.70650526 0.72167955 0.70299670 0.72062413 0.70083697 0.72238205 0.69557369 0.72079878 0.69341430 0.72255742 0.68990575 0.72150200 0.68774646 0.72326005 0.68423746 0.72220450 0.68207818 0.72396255 0.67856917 0.72290700 0.67640978 0.72466564 0.67290123 0.72361022 0.67074150 0.72536813 0.66547822 0.72378487 0.66331893 0.72554292 0.65981038 0.72448750 0.65765109 0.72624556 0.65414209 0.72519000 0.65198281 0.72694805 0.64847380 0.72589250 0.64631442 0.72765114 0.64280586 0.72659572 0.64064613 0.72835364 0.63538285 0.72677037 0.63322356 0.72852842 0.62971501 0.72747300 0.62755562 0.72923164 0.62404662 0.72817609 0.62188733 0.72993414 0.61837833 0.72887859 0.61621905 0.73063664 0.61271049 0.72958122 0.61055076 0.73133914 0.60704220 0.73028372 0.60488247 0.73204163 0.59961964 0.73045850 0.59746025 0.73221714 0.59395125 0.73116159 0.59179196 0.73291964 0.58828296 0.73186409 0.58612368 0.73362214 0.58261512 0.73256672 0.58045529 0.73432522 0.57519201 0.73274196 0.57303281 0.73450004 0.56952408 0.73344456 0.56736466 0.73520258 0.56385588 0.73414709 0.56169651 0.73590512 0.55818768 0.73484961 0.55602831 0.73660764 0.55076512 0.73502440 0.54860564 0.73678301 0.54509686 0.73572753 0.54293744 0.73748554 0.53942871 0.73643006 0.53906250 0.73672820 0.53906250 0.76802627 0.53942646 0.76772997 0.54293523 0.76878546 0.54509461 0.76702743 0.55035780 0.76861067 0.55251717 0.76685265 0.55602600 0.76790815 0.55818537 0.76615012 0.56169415 0.76720561 0.56385367 0.76544701 0.56736240 0.76650249 0.56952160 0.76474441 0.57478488 0.76632767 0.57694461 0.76456975 0.58045317 0.76562517 0.58261256 0.76386653 0.58612156 0.76492209 0.58828084 0.76316404 0.59178985 0.76421959 0.59394913 0.76246154 0.59745768 0.76351696 0.59961697 0.76175890 0.60488025 0.76334217 0.60703998 0.76158425 0.61054854 0.76263967 0.61270792 0.76088103 0.61621693 0.76193659 0.61837621 0.76017854 0.62188522 0.76123409 0.62404450 0.75947604 0.62755305 0.76053146 0.62971244 0.75877282 0.63497572 0.76035608 0.63713546 0.75859817 0.64064401 0.75965358 0.64280329 0.75789553 0.64631230 0.75895109 0.64847158 0.75719303 0.65373486 0.75877630 0.65589415 0.75701825 0.65940270 0.75807366 0.66156254 0.75631516 0.66507109 0.75737058 0.66723082 0.75561266 0.67249366 0.75719579 0.67465294 0.75543774 0.67816194 0.75649329 0.68032133 0.75473466 0.68558461 0.75631792 0.68774390 0.75455987 0.69125290 0.75561542 0.69341218 0.75385737 0.69867546 0.75544064 0.70083475 0.75368258 0.70434330 0.75473800 0.70650303 0.75298008 0.71176632 0.75456335 0.71392570 0.75280471 0.71743426 0.75386013 0.71959354 0.75210208 0.72310254 0.75315763 0.72526183 0.75139958 0.72877083 0.75245514 0.73093022 0.75069650 0.73619350 0.75227976 0.73835278 0.75052171 0.74186179 0.75157726 0.74402107 0.74981921 0.74752963 0.75087463 0.74968891 0.74911658 0.75319791 0.75017213 0.75535720 0.74841408 0.76062048 0.74999734 0.76277987 0.74823871 0.76628887 0.74929426 0.76844815 0.74753621 0.77195716 0.74859176 0.77411644 0.74683371 0.77937927 0.74841684 0.78153911 0.74665833 0.78504766 0.74771376 0.78720740 0.74595584 0.79071595 0.74701126 0.79287524 0.74525321 0.79813851 0.74683647 0.80029780 0.74507842 0.80380680 0.74613397 0.80596609 0.74437592 0.80947464 0.74543134 0.81163448 0.74367283 0.81514303 0.74472825 0.81730277 0.74297033 0.82256560 0.74455347 0.82472488 0.74279541 0.82823388 0.74385097 0.83039327 0.74209233 0.83390228 0.74314788 0.83606156 0.74138983 0.83957011 0.74244525 0.84172985 0.74068733 0.84523840 0.74174275 0.84739814 0.73998483 0.85266097 0.74156796 0.85482025 0.73980991 0.85832925 0.74086547 0.86048864 0.73910683 0.86399764 0.74016238 0.86615693 0.73840433 0.86966548 0.73945975 0.87182522 0.73770183 0.87708850 0.73928510 0.87924788 0.73752646 0.88275644 0.73858188 0.88491572 0.73682382 0.88842473 0.73787938 0.89058401 0.73612133 0.89409301 0.73717688 0.89625230 0.73541883 0.90151558 0.73700209 0.90367486 0.73524404 0.90718387 0.73629960 0.90934325 0.73454096 0.91285181 0.73559638 0.91501109 0.73383832 0.91852010 0.73489388 0.92067938 0.73313583 0.92594266 0.73471909 0.92810205 0.73296045 0.93161105 0.73401601 0.93377034 0.73225795 0.93727934 0.73331351 0.93943862 0.73155546 0.94294718 0.73261088 0.94510646 0.73085282 0.95036974 0.73243609 0.95252948 0.73067817 0.95603803 0.73173359 0.95819742 0.72997495 0.96170642 0.73103051 0.96386570 0.72927245 0.96737471 0.73032801 0.96953399 0.72856996 0.97479682 0.73015309 0.97695666 0.72839458 0.98046521 0.72945000 0.98262495 0.72769208 0.98613350 0.72874750 0.98829279 0.72698945 0.99180179 0.72804501 0.99396107 0.72628695 0.99922435 0.72787022 1.00000000 0.72349265 1.00000000 0.69202795
