0 0.29403937 0.23901143 0.27312655 0.23271222 0.27118690 0.23852661 0.27162956 0.26680841 0.28586226 0.26796482 0.29392187 0.26393893 0.29403937 0.23901143
0 0.20155102 0.26547246 0.21118489 0.26472186 0.21214586 0.26124904 0.21065370 0.23078369 0.17458263 0.22906345 0.17108643 0.23273380 0.17021399 0.24186299 0.17000795 0.26113413 0.17156450 0.26327816 0.20155102 0.26547246
0 0.28609405 0.38007930 0.28575763 0.35858512 0.28369404 0.35648060 0.19943592 0.35738205 0.18413602 0.35291084 0.18377063 0.36200052 0.19846369 0.39257001 0.27305252 0.39015660 0.28467916 0.38698545 0.28609405 0.38007930
0 0.85708837 0.35575875 0.89118037 0.34216911 0.96001489 0.30024379 0.94340383 0.27021300 0.92482607 0.25157394 0.88605181 0.26758414 0.86650583 0.28748736 0.82892295 0.30345805 0.83192973 0.32034813 0.85708837 0.35575875
0 0.16066461 1.00000000 0.16724817 0.89639897 0.14538153 0.89256908 0.13852758 1.00000000 0.16066461 1.00000000
0 0.20735159 1.00000000 0.20840160 0.97412605 0.18787747 0.97329048 0.18736424 1.00000000 0.20735159 1.00000000
0 0.13101168 0.87959726 0.11745421 0.85514853 0.06511880 0.94438265 0.07836956 0.96838128 0.13101168 0.87959726
0 0.03088525 0.87844534 0.04499895 0.90568910 0.10353558 0.82699891 0.09006890 0.79810653 0.03088525 0.87844534
0 0.16367733 0.77440189 0.15431293 0.75653281 0.15858925 0.74958666 0.14205237 0.72220730 0.10123879 0.78550727 0.12622068 0.83097755 0.16367733 0.77440189
0 0.19988357 0.68136631 0.20295243 0.67774740 0.20581148 0.68251719 0.20854037 0.67695849 0.21587082 0.68863651 0.25228632 0.63866070 0.22824203 0.59227947 0.18652152 0.65672487 0.19988357 0.68136631
0 0.30559225 0.57956449 0.26717624 0.63155650 0.28108480 0.65904385 0.33643704 0.57956449 0.30559225 0.57956449
0 0.28453264 0.68373440 0.28530429 0.71734101 0.35977125 0.72301493 0.35986099 0.68773011 0.28453264 0.68373440
0 0.31002825 0.83339150 0.30708669 0.82540862 0.31653712 0.80776264 0.31071307 0.79460242 0.31729740 0.78515897 0.30476795 0.76040062 0.29862695 0.76730929 0.28961703 0.75504468 0.28656179 0.76014860 0.28810595 0.76332862 0.28136881 0.77198593 0.28367841 0.77662186 0.27562681 0.78663757 0.28053925 0.79608209 0.26662909 0.82304007 0.23271256 0.87768991 0.22913743 0.87744062 0.22410352 0.88885946 0.22189084 0.88545634 0.21422435 0.89617389 0.21053286 0.88934464 0.20345606 0.90022883 0.20021244 0.89315236 0.18822590 0.90609972 0.19587703 0.92436138 0.18835694 0.93396647 0.20108138 0.95983108 0.20606552 0.94951890 0.21316127 0.96159564 0.21821736 0.95342619 0.22246499 0.95839019 0.22779686 0.95008690 0.23216446 0.95640802 0.23848195 0.94700905 0.24273521 0.95145732 0.25798875 0.93377634 0.25984861 0.93484824 0.29061791 0.89083884 0.29977459 0.86886778 0.30725480 0.84897657 0.30349784 0.84365970 0.31002825 0.83339150
0 0.86143593 0.57956449 0.89634280 0.58861235 0.89998459 0.58011091 0.89778156 0.57956449 0.86143593 0.57956449
0 0.96878644 0.61211123 0.99143569 0.61717475 0.99029969 0.59476606 0.97999194 0.59220852 0.96878644 0.61211123
