0 0.00000000 0.38947562 0.03058124 0.38236462 0.20508063 0.32056244 0.28443237 0.29804521 0.27660269 0.26074009 0.25962601 0.26062195 0.00000000 0.35338785 0.00000000 0.38947562
0 0.71005831 0.40368068 0.92688570 0.38721337 0.92322524 0.35353250 0.79964699 0.35956341 0.79338871 0.32606420 0.78931032 0.32373886 0.68168232 0.33387547 0.68283578 0.36903691 0.70380003 0.37018147 0.70597992 0.40135535 0.71005831 0.40368068
0 0.27102066 0.72455310 0.19504835 0.76178219 0.20813819 0.79557325 0.28411196 0.75834405 0.27102066 0.72455310
0 1.00000000 0.81717146 0.99994605 0.81723230 0.99373549 0.81765807 0.99938108 0.89681062 1.00000000 0.89676819 1.00000000 0.81717146
0 0.87300181 0.87488241 0.87107602 0.87705377 0.86486547 0.87747954 0.86819492 0.92415931 0.86626966 0.92633064 0.86848442 0.92821814 0.87469497 0.92779238 0.87691026 0.92967985 0.87763407 0.93982798 0.87570829 0.94199935 0.87349353 0.94011184 0.86935298 0.94039570 0.86742772 0.94256703 0.86786201 0.94865581 0.87007677 0.95054332 0.87065580 0.95866151 0.87287109 0.96054898 0.89357222 0.95912981 0.89328273 0.95507097 0.89520851 0.95289960 0.93040077 0.95048697 0.93261552 0.95237448 0.96159775 0.95038758 0.96381251 0.95227509 0.96598389 0.98271846 0.99496559 0.98073160 0.99424177 0.97058346 0.99616756 0.96841210 0.98719256 0.84258030 0.98911778 0.84040845 0.98665690 0.80590624 0.96802577 0.80718351 0.96581049 0.80529604 0.86230374 0.81239202 0.86346181 0.82862841 0.86153602 0.83079978 0.86385215 0.86327257 0.87006270 0.86284680 0.87227799 0.86473427 0.87300181 0.87488241
0 0.82383951 0.82726606 0.82441851 0.83538374 0.82249328 0.83755559 0.81628273 0.83798136 0.81671702 0.84407014 0.81479176 0.84624147 0.80858120 0.84666723 0.80872595 0.84869665 0.80680069 0.85086798 0.80266015 0.85115184 0.80309443 0.85724062 0.80930499 0.85681485 0.81151974 0.85870236 0.81180928 0.86276172 0.80988402 0.86493305 0.80367347 0.86535882 0.80468678 0.87956579 0.81089734 0.87914002 0.81311209 0.88102753 0.81118684 0.88319886 0.80497628 0.88362463 0.80555532 0.89174283 0.81176587 0.89131706 0.81398066 0.89320509 0.81412541 0.89523451 0.81220015 0.89740584 0.80598960 0.89783161 0.80888477 0.93842259 0.81302531 0.93813873 0.81524007 0.94002624 0.81654292 0.95829257 0.82275347 0.95786680 0.82496823 0.95975431 0.82670533 0.98410890 0.82877534 0.98396699 0.83099062 0.98585447 0.83113537 0.98788389 0.83335017 0.98977191 0.83349492 0.99180133 0.83970494 0.99137560 0.83956019 0.98934618 0.84148594 0.98717430 0.84562596 0.98689047 0.84548121 0.98486105 0.84740700 0.98268969 0.84947701 0.98254778 0.84933222 0.98051784 0.85125748 0.97834651 0.85746803 0.97792074 0.85732328 0.97589132 0.85924854 0.97371999 0.86338909 0.97343613 0.86266527 0.96328800 0.86459053 0.96111666 0.86024779 0.90023045 0.85403724 0.90065621 0.85182245 0.89876819 0.85066438 0.88253179 0.85258964 0.88036046 0.85244489 0.87833104 0.84623434 0.87875681 0.84401958 0.87686931 0.84358530 0.87078053 0.83737474 0.87120630 0.83515999 0.86931879 0.83400192 0.85308239 0.83592714 0.85091054 0.84006769 0.85062668 0.84228248 0.85251471 0.84242723 0.85454413 0.84863778 0.85411836 0.85085254 0.85600587 0.85099733 0.85803581 0.85720788 0.85761004 0.85604981 0.84137365 0.85797503 0.83920180 0.85623793 0.81484721 0.85402318 0.81295970 0.83953206 0.81395315 0.83967681 0.81598257 0.83775155 0.81815390 0.83154100 0.81857967 0.83197529 0.82466845 0.83005006 0.82684029 0.82383951 0.82726606
0 0.81815052 0.77666885 0.81916383 0.79087583 0.83572496 0.78974047 0.83793971 0.79162798 0.83895303 0.80583495 0.84102304 0.80569304 0.84323780 0.80758055 0.85358889 0.80687092 0.85257561 0.79266447 0.85450083 0.79049262 0.85247424 0.76207919 0.84626368 0.76250496 0.84404893 0.76061745 0.84289086 0.74438105 0.84481608 0.74220920 0.84895663 0.74192535 0.85117142 0.74381337 0.84668390 0.68089722 0.84047335 0.68132299 0.84076285 0.68538182 0.83883759 0.68755315 0.83262704 0.68797892 0.83041228 0.68609141 0.83012278 0.68203258 0.81770168 0.68288411 0.81548692 0.68099660 0.80306634 0.68184811 0.80929092 0.76911833 0.80736514 0.77128970 0.80115511 0.77171543 0.80144465 0.77577479 0.81593576 0.77478134 0.81815052 0.77666885
0 0.75138569 0.54058838 0.75360045 0.54247589 0.75388994 0.54653473 0.75196472 0.54870658 0.74782418 0.54899043 0.75003946 0.55087790 0.75032900 0.55493726 0.74840321 0.55710863 0.74633320 0.55725054 0.74676745 0.56333880 0.74484223 0.56551065 0.74277169 0.56565260 0.74306119 0.56971143 0.74527651 0.57159943 0.74542126 0.57362885 0.74763602 0.57551635 0.74778077 0.57754577 0.74999552 0.57943328 0.75014031 0.58146322 0.75235560 0.58335069 0.75250035 0.58538011 0.75471514 0.58726814 0.75485989 0.58929756 0.75707465 0.59118507 0.75721940 0.59321449 0.75943415 0.59510200 0.75957894 0.59713194 0.76400898 0.60090692 0.76415377 0.60293686 0.76636852 0.60482436 0.76651327 0.60685378 0.76872803 0.60874129 0.76887278 0.61077071 0.77108810 0.61265870 0.77123285 0.61468812 0.77344761 0.61657563 0.77359239 0.61860557 0.78187296 0.61803789 0.78630247 0.62181291 0.78644722 0.62384233 0.78866251 0.62572980 0.78880729 0.62775974 0.79102205 0.62964724 0.79116680 0.63167666 0.79338159 0.63356469 0.79352634 0.63559411 0.79574110 0.63748162 0.79588585 0.63951104 0.79810060 0.64139855 0.79824539 0.64342849 0.79632013 0.64559982 0.79218012 0.64588364 0.79232486 0.64791306 0.79439487 0.64777115 0.79660967 0.64965918 0.79675441 0.65168860 0.80296497 0.65126283 0.80517972 0.65315034 0.80590351 0.66329795 0.81418407 0.66273027 0.81374978 0.65664149 0.81153503 0.65475399 0.81110078 0.64866573 0.81302600 0.64649388 0.82751712 0.64550043 0.82973191 0.64738846 0.83103472 0.66565427 0.84552584 0.66466082 0.84774060 0.66654833 0.84643778 0.64828252 0.84422302 0.64639501 0.84407824 0.64436507 0.84186348 0.64247756 0.84171873 0.64044814 0.83950394 0.63856011 0.83935919 0.63653069 0.83714390 0.63464322 0.83699915 0.63261380 0.83478440 0.63072630 0.83463961 0.62869636 0.82428904 0.62940595 0.82207428 0.62751844 0.82192953 0.62548902 0.81971421 0.62360103 0.81956946 0.62157161 0.81735471 0.61968410 0.81720996 0.61765468 0.81499520 0.61576717 0.81692042 0.61359532 0.81899043 0.61345341 0.82091622 0.61128204 0.82298623 0.61114013 0.82077147 0.60925262 0.82062668 0.60722268 0.81841140 0.60533521 0.81826665 0.60330579 0.81605189 0.60141829 0.81590714 0.59938887 0.81147706 0.59561337 0.81133231 0.59358395 0.80911752 0.59169592 0.80897277 0.58966650 0.80675801 0.58777899 0.80661326 0.58574957 0.80439851 0.58386206 0.80425372 0.58183212 0.80203896 0.57994461 0.80189421 0.57791520 0.79967889 0.57602720 0.79953414 0.57399778 0.79731938 0.57211028 0.79717464 0.57008086 0.79274455 0.56630536 0.79259980 0.56427594 0.79038505 0.56238843 0.79024026 0.56035849 0.78802551 0.55847098 0.78788076 0.55644156 0.78566600 0.55455405 0.78552125 0.55252463 0.78330646 0.55063660 0.78316171 0.54860719 0.78094642 0.54671971 0.78080163 0.54468977 0.77858688 0.54280227 0.77844213 0.54077285 0.77622737 0.53888534 0.77608262 0.53685592 0.77165254 0.53308042 0.77150779 0.53105100 0.76929300 0.52916297 0.76736778 0.53133482 0.75494667 0.53218636 0.75716143 0.53407387 0.75745096 0.53813323 0.75552571 0.54030455 0.75138569 0.54058838
0 0.76385018 0.51118108 0.76606494 0.51306875 0.76620970 0.51509832 0.76842447 0.51698593 0.76856923 0.51901546 0.77078399 0.52090312 0.77092875 0.52293270 0.77314352 0.52482031 0.77328827 0.52684983 0.77771835 0.53062523 0.77786310 0.53265465 0.78007785 0.53454216 0.78022264 0.53657210 0.78243793 0.53845957 0.78258268 0.54048899 0.78479743 0.54237650 0.78494218 0.54440592 0.78715697 0.54629395 0.78730172 0.54832336 0.78951648 0.55021087 0.78966127 0.55224081 0.79409131 0.55601579 0.79423606 0.55804521 0.79645082 0.55993272 0.79659560 0.56196266 0.79881036 0.56385017 0.79895511 0.56587959 0.80117043 0.56776758 0.80131518 0.56979700 0.80352994 0.57168451 0.80367469 0.57371393 0.80588944 0.57560143 0.80603423 0.57763137 0.80824899 0.57951888 0.80839373 0.58154830 0.81282382 0.58532380 0.81296857 0.58735322 0.81518332 0.58924073 0.81532807 0.59127015 0.81754286 0.59315818 0.81768761 0.59518760 0.81990290 0.59707507 0.82004769 0.59910501 0.82226244 0.60099252 0.82240719 0.60302194 0.82462195 0.60490944 0.82476670 0.60693886 0.82919625 0.61071440 0.82934100 0.61274382 0.83155632 0.61463181 0.83170107 0.61666123 0.83391583 0.61854874 0.83406058 0.62057816 0.83627533 0.62246567 0.83642012 0.62449561 0.83863541 0.62638308 0.83878015 0.62841250 0.84099495 0.63030053 0.84113970 0.63232995 0.84335445 0.63421745 0.84349920 0.63624687 0.84571396 0.63813438 0.84585875 0.64016432 0.84807350 0.64205183 0.84821825 0.64408125 0.85043358 0.64596924 0.86186946 0.80630324 0.86408425 0.80819127 0.96966153 0.80095335 0.97187629 0.80284086 0.97808684 0.80241509 0.97779731 0.79835573 0.97365676 0.79863959 0.97144201 0.79675208 0.97129726 0.79472266 0.96508670 0.79514843 0.96287191 0.79326040 0.96070056 0.76281755 0.95449001 0.76324332 0.95227522 0.76135529 0.95169622 0.75323761 0.91443396 0.75579215 0.91221864 0.75390416 0.91091582 0.73563835 0.91284161 0.73346698 0.91197304 0.72128942 0.90576249 0.72171519 0.90354720 0.71982772 0.90267867 0.70765069 0.90460442 0.70547880 0.91081497 0.70505303 0.90676174 0.64822565 0.90262120 0.64850951 0.90040644 0.64662200 0.90026169 0.64459258 0.89804640 0.64270511 0.89790162 0.64067517 0.89568686 0.63878766 0.89554211 0.63675824 0.89332732 0.63487021 0.89318257 0.63284080 0.89096781 0.63095329 0.89082306 0.62892387 0.88860831 0.62703636 0.88846352 0.62500642 0.88403348 0.62123144 0.88388869 0.61920150 0.88167393 0.61731399 0.88152918 0.61528457 0.87931390 0.61339710 0.87916915 0.61136768 0.87695436 0.60947965 0.87680961 0.60745023 0.87459485 0.60556273 0.87445006 0.60353279 0.87223531 0.60164528 0.87209056 0.59961586 0.86987580 0.59772835 0.86973105 0.59569893 0.86751573 0.59381094 0.86737098 0.59178152 0.86294143 0.58800598 0.86279668 0.58597656 0.86058139 0.58408909 0.86043664 0.58205967 0.85822189 0.58017216 0.85807710 0.57814222 0.85586234 0.57625472 0.85571760 0.57422530 0.85350280 0.57233727 0.85335805 0.57030785 0.85114330 0.56842034 0.85099855 0.56639092 0.84878326 0.56450345 0.84863847 0.56247351 0.84642372 0.56058600 0.84627897 0.55855658 0.84184889 0.55478108 0.84170414 0.55275166 0.83948938 0.55086415 0.83934463 0.54883474 0.83712984 0.54694671 0.83698509 0.54491729 0.83477033 0.54302978 0.83462555 0.54099984 0.83241079 0.53911233 0.83226604 0.53708291 0.83005075 0.53519544 0.82990600 0.53316602 0.82769121 0.53127799 0.82754646 0.52924857 0.82311638 0.52547307 0.82297164 0.52344376 0.81469161 0.52401140 0.81247631 0.52212382 0.81233156 0.52009430 0.80405100 0.52066198 0.80183623 0.51877432 0.80154671 0.51471522 0.79947671 0.51485713 0.79755145 0.51702856 0.79341091 0.51731242 0.79119614 0.51542481 0.79090663 0.51136571 0.78883609 0.51150766 0.78662132 0.50961999 0.78647657 0.50759047 0.78426180 0.50570286 0.78411704 0.50367328 0.78190227 0.50178562 0.78175752 0.49975609 0.77347695 0.50032377 0.77126166 0.49843620 0.77111690 0.49640662 0.75455578 0.49754198 0.75677108 0.49942961 0.75691583 0.50145913 0.75913060 0.50334674 0.75927536 0.50537632 0.76370542 0.50915156 0.76385018 0.51118108
0 0.68475031 0.51048544 0.69096086 0.51005967 0.69317563 0.51194733 0.69332039 0.51397686 0.69553515 0.51586447 0.73279794 0.51330989 0.73501271 0.51519756 0.73515747 0.51722713 0.74343803 0.51665945 0.74565279 0.51854706 0.74579755 0.52057659 0.76235867 0.51944123 0.75792914 0.51566600 0.75778438 0.51363643 0.75556909 0.51174880 0.75542433 0.50971928 0.75099480 0.50594400 0.75085004 0.50391442 0.74863527 0.50202681 0.74849052 0.49999729 0.74406045 0.49622200 0.74391569 0.49419247 0.74170093 0.49230486 0.74155617 0.49027529 0.73934140 0.48838762 0.68758750 0.49193565 0.68566225 0.49410713 0.67945223 0.49453286 0.67959699 0.49656244 0.68181175 0.49845005 0.68253554 0.50859777 0.68475031 0.51048544
0 0.72509918 0.47916667 0.68686371 0.48178793 0.68493846 0.48395939 0.68079844 0.48424321 0.68301321 0.48613085 0.68315797 0.48816042 0.74319190 0.48404475 0.74290239 0.47998563 0.73462182 0.48055331 0.73299488 0.47916667 0.72509918 0.47916667
