0 0.29285110 0.00000000 0.30798893 0.24408759 0.32786120 0.25076186 0.38554599 0.24581050 0.39108279 0.24029879 0.39135042 0.21974905 0.42229630 0.21539989 0.43071023 0.20790597 0.42143480 0.10822679 0.41875567 0.00000000 0.29285110 0.00000000
0 1.00000000 0.23634191 0.98665477 0.23308378 0.95566370 0.21938389 0.91230731 0.21170413 0.86749263 0.19365927 0.83050169 0.18426442 0.78885282 0.16994017 0.74403968 0.15189509 0.69831330 0.32476792 0.73083142 0.33052802 0.74370850 0.33754636 0.77193249 0.34096568 0.77975468 0.34961591 0.80983547 0.35683883 0.82009322 0.36402491 0.85279335 0.37108010 0.86064981 0.37057710 0.86174232 0.37835071 0.89294988 0.38419401 0.90062411 0.38239439 0.90284339 0.38878837 0.93365266 0.40119473 0.93779861 0.39308410 0.94449248 0.40311417 0.97661054 0.41543599 0.97740888 0.40231122 0.98708611 0.41476372 1.00000000 0.41996346 1.00000000 0.23634191
0 0.09065860 1.00000000 0.09080478 0.99986136 0.09046248 0.99812076 0.09883629 0.99017938 0.09849399 0.98843879 0.10686780 0.98049740 0.10652549 0.97875681 0.11699253 0.96882976 0.11665023 0.96708917 0.12502404 0.95914778 0.12468174 0.95740719 0.13305555 0.94946581 0.13271324 0.94772521 0.14318091 0.93779810 0.14283860 0.93605751 0.15121179 0.92811619 0.15086948 0.92637559 0.15924392 0.91843415 0.15890161 0.91669355 0.16518148 0.91073745 0.13838838 0.91342845 0.13560983 0.91193254 0.03087149 0.92245205 0.03292540 0.93289606 0.03083193 0.93488130 0.02839615 0.93512594 0.04115425 1.00000000 0.09065860 1.00000000
0 0.10464243 0.80498713 0.05836279 0.80963528 0.05558467 0.80813933 0.05421537 0.80117651 0.05143731 0.79968055 0.02220797 0.80261623 0.01942991 0.80112027 0.01806052 0.79415701 0.00101004 0.79586949 0.02360362 0.91075628 0.09180543 0.90390636 0.09458336 0.90540233 0.18227141 0.89659528 0.18192910 0.89485468 0.19239685 0.88492802 0.19205455 0.88318743 0.20252159 0.87326038 0.20217929 0.87151978 0.21264642 0.86159318 0.21230402 0.85985214 0.22067792 0.85191120 0.22033553 0.85017017 0.23080266 0.84024356 0.23046035 0.83850297 0.24092802 0.82857586 0.24058571 0.82683526 0.25105284 0.81690866 0.25071054 0.81516807 0.26117767 0.80524147 0.26083528 0.80350043 0.27130240 0.79357382 0.27096010 0.79183323 0.27933391 0.78389185 0.27899152 0.78215081 0.29155259 0.77023892 0.29121028 0.76849833 0.29330352 0.76651267 0.19587235 0.77629828 0.19309443 0.77480230 0.15899321 0.77822730 0.15689989 0.78021252 0.15861159 0.78891638 0.15651827 0.79090160 0.10536644 0.79603909 0.10673575 0.80300191 0.10464243 0.80498713
0 0.00000000 0.78177023 0.31248676 0.75038527 0.31214445 0.74864468 0.32051827 0.74070330 0.32017596 0.73896270 0.33064309 0.72903610 0.33030078 0.72729551 0.34076845 0.71736840 0.34042615 0.71562780 0.35089328 0.70570120 0.35055088 0.70396016 0.36101801 0.69403356 0.36067571 0.69229296 0.37114346 0.68236630 0.37080116 0.68062570 0.38126820 0.67069866 0.38092589 0.66895806 0.39139302 0.65903146 0.39105063 0.65729042 0.40151776 0.64736382 0.40117545 0.64562323 0.41164258 0.63569662 0.41130028 0.63395603 0.41967463 0.62601414 0.41933232 0.62427354 0.42142564 0.62228832 0.28502201 0.63598818 0.28673362 0.64469160 0.28464039 0.64667726 0.23836044 0.65132544 0.23558180 0.64982909 0.23071055 0.65031833 0.23105294 0.65205937 0.22895962 0.65404459 0.22998654 0.65926637 0.22789331 0.66125204 0.18648460 0.66541097 0.18370658 0.66391456 0.18199497 0.65521114 0.15033000 0.65839145 0.14755207 0.65689548 0.14652507 0.65167325 0.14374652 0.65017734 0.00000000 0.66461469 0.00000000 0.78177023
0 0.29282773 0.55000000 0.00000000 0.57941048 0.00000000 0.65041399 0.02409064 0.64799442 0.02827765 0.64402394 0.02793526 0.64228290 0.03421525 0.63632679 0.03387295 0.63458619 0.04015353 0.62863047 0.03981114 0.62688943 0.04609163 0.62093327 0.04574934 0.61919276 0.05202986 0.61323673 0.05168753 0.61149600 0.05587413 0.60752539 0.05553180 0.60578466 0.05762572 0.60379925 0.10390505 0.59915113 0.10668300 0.60064723 0.10040311 0.60660320 0.10074544 0.60834393 0.09446492 0.61429996 0.09480721 0.61604046 0.08852672 0.62199663 0.08886911 0.62373767 0.08258915 0.62969333 0.08293146 0.63143392 0.07665096 0.63739008 0.07699336 0.63913112 0.07280610 0.64310162 0.43817326 0.60640556 0.44235990 0.60243512 0.44201750 0.60069408 0.45039131 0.59275270 0.45004901 0.59101210 0.46051614 0.58108550 0.46017375 0.57934446 0.46854822 0.57140324 0.46820589 0.56966251 0.47867300 0.55973582 0.47833068 0.55799514 0.48670449 0.55005375 0.48669392 0.55000000 0.29282773 0.55000000
0 0.90805405 0.92416422 0.90642038 0.92266825 0.90355529 0.92315756 0.90192162 0.92166159 0.90151895 0.91817996 0.89988528 0.91668399 0.89928132 0.91146176 0.90051238 0.90947654 0.90910729 0.90800867 0.90326907 0.85752832 0.86459268 0.86413362 0.87647043 0.96683491 0.91514682 0.96022961 0.91152312 0.92889713 0.91275417 0.92691191 0.91235151 0.92343028 0.90805405 0.92416422
0 1.00000000 0.82325714 0.98863556 0.82519800 1.00000000 0.92346091 1.00000000 0.82325714
0 0.98983551 0.94924942 0.99106688 0.94726370 0.99966143 0.94579589 0.99946013 0.94405529 0.99782645 0.94255932 0.99722249 0.93733709 0.98003302 0.94027278 0.97839935 0.93877681 0.97739277 0.93007339 0.97862383 0.92808817 0.98005619 0.92784355 0.98169023 0.92933945 0.99744697 0.92664846 0.99503114 0.90575999 0.98643659 0.90722780 0.98480250 0.90573145 0.98379593 0.89702803 0.98502735 0.89504275 0.99218954 0.89381956 0.98997502 0.87467169 0.98281283 0.87589488 0.98117880 0.87439897 0.98017222 0.86569555 0.98140359 0.86370983 0.98999814 0.86224202 0.98778368 0.84309459 0.97918913 0.84456240 0.97755509 0.84306649 0.97654846 0.83436263 0.97777988 0.83237735 0.98637443 0.83090954 0.98577047 0.82568731 0.94279698 0.83302649 0.94116294 0.83153058 0.92254111 0.83471089 0.93663338 0.95656005 0.93949848 0.95607074 0.94113220 0.95756716 0.94133350 0.95930775 0.99003681 0.95099002 0.98983551 0.94924942
0 0.76611695 0.79574747 0.76631826 0.79748807 0.76508720 0.79947329 0.76689905 0.81513952 0.77549360 0.81367172 0.77712769 0.81516807 0.77813427 0.82387149 0.77690285 0.82585677 0.76830830 0.82732458 0.77072412 0.84821304 0.77195518 0.84622783 0.77911736 0.84500464 0.78075140 0.84650055 0.78195934 0.85694500 0.78072791 0.85893028 0.77213336 0.86039809 0.77313994 0.86910151 0.81181634 0.86249621 0.81345000 0.86399218 0.88077551 0.85249407 0.88240923 0.85399049 0.90389616 0.85032087 0.90248692 0.83813582 0.89389200 0.83960369 0.89225833 0.83810772 0.89125175 0.82940431 0.89248276 0.82741864 0.90107767 0.82595077 0.89644739 0.78591487 0.88785247 0.78738275 0.88621875 0.78588633 0.88521217 0.77718291 0.88767429 0.77321248 0.89483684 0.77198923 0.89322629 0.75806358 0.84165789 0.76687063 0.84002380 0.76537428 0.82426706 0.76806527 0.82263339 0.76656930 0.82243209 0.76482871 0.76370113 0.77485901 0.76470771 0.78356242 0.77186990 0.78233924 0.77350393 0.78383515 0.77451057 0.79253901 0.77327914 0.79452429 0.76611695 0.79574747
0 0.67197768 0.81537489 0.66338283 0.81684275 0.66660393 0.84469403 0.67519877 0.84322618 0.67683244 0.84472214 0.67783907 0.85342601 0.67660801 0.85541122 0.66801317 0.85687909 0.67103296 0.88298978 0.67962780 0.88152192 0.68126148 0.88301789 0.68226805 0.89172131 0.68103705 0.89370697 0.67244220 0.89517483 0.67586460 0.92476671 0.68016199 0.92403279 0.68179573 0.92552875 0.68466075 0.92503945 0.68629443 0.92653542 0.68709970 0.93349824 0.68463727 0.93746919 0.67747515 0.93869236 0.67848173 0.94739578 0.67725060 0.94938101 0.67906251 0.96504769 0.68908979 0.96333520 0.69072346 0.96483116 0.69213270 0.97701621 0.69090164 0.97900143 0.68087436 0.98071393 0.68268621 0.99638017 0.71849751 0.99026418 0.72013155 0.99176009 0.72299628 0.99127084 0.71715805 0.94079049 0.71838911 0.93880527 0.70087439 0.78736377 0.66363065 0.79372440 0.66199687 0.79222845 0.66076570 0.79421368 0.66237625 0.80813933 0.67097110 0.80667147 0.67260477 0.80816744 0.67320873 0.81338967 0.67197768 0.81537489
0 0.67188392 1.00000000 0.67715770 0.99909932 0.67838883 0.99711409 0.66469917 0.87874611 0.66593034 0.87676088 0.65646835 0.79494760 0.64644118 0.79666008 0.64480740 0.79516413 0.63048285 0.79761053 0.65388988 1.00000000 0.67188392 1.00000000
0 0.76904379 0.87157604 0.76159502 0.80717005 0.76282607 0.80518482 0.75940367 0.77559294 0.75797131 0.77583757 0.75633759 0.77434115 0.70763428 0.78265889 0.71447913 0.84184310 0.71324771 0.84382838 0.71687147 0.87516131 0.71850550 0.87665721 0.71890812 0.88013840 0.76904379 0.87157604
0 0.94199171 0.82606366 0.98496519 0.81872449 0.98415992 0.81176167 0.97699773 0.81298485 0.97536406 0.81148888 0.97395482 0.79930383 0.97518588 0.79731861 0.98378043 0.79585080 0.98216988 0.78192516 0.98053621 0.78042919 0.97337402 0.78165237 0.97174030 0.78015596 0.97033111 0.76797135 0.97156212 0.76598569 0.98015667 0.76451788 0.97874748 0.75233328 0.97015293 0.75380109 0.96851921 0.75230467 0.96711002 0.74012006 0.96834102 0.73813440 0.97693557 0.73666659 0.97532503 0.72274095 0.96673047 0.72420875 0.96509680 0.72271279 0.96348626 0.70878714 0.96471732 0.70680192 0.97331187 0.70533411 0.97290925 0.70185292 0.93136813 0.70894747 0.92973441 0.70745106 0.91540967 0.70989749 0.91842946 0.73600819 0.91719840 0.73799341 0.91146858 0.73897197 0.92173584 0.82774806 0.94035767 0.82456776 0.94199171 0.82606366
0 1.00000000 0.77189607 0.99112879 0.69519092 0.97537169 0.69788198 0.98684683 0.79710209 0.98561582 0.79908775 0.98762898 0.81649458 0.98926265 0.81799055 1.00000000 0.81615679 1.00000000 0.77189607
0 0.96763628 0.56784636 0.97105873 0.59743869 0.96982767 0.59942390 0.98069885 0.69342178 0.99072613 0.69170929 0.97623119 0.56637848 0.96763628 0.56784636
0 0.95061737 0.69855921 0.97640139 0.69415572 0.97539481 0.68545230 0.96680026 0.68692011 0.96516659 0.68542414 0.96416001 0.67672073 0.96539107 0.67473551 0.97541835 0.67302301 0.97400910 0.66083796 0.96398182 0.66255046 0.96234815 0.66105449 0.96114022 0.65061003 0.96237127 0.64862481 0.97096583 0.64715700 0.96955658 0.63497195 0.96096203 0.63643976 0.95932836 0.63494379 0.95832173 0.62623993 0.95955279 0.62425471 0.96958007 0.62254221 0.96857349 0.61383880 0.96693946 0.61234289 0.96673810 0.61060185 0.95814355 0.61206966 0.95650988 0.61057369 0.95550330 0.60187028 0.95673436 0.59988506 0.96676164 0.59817256 0.96535240 0.58598751 0.95532512 0.58770001 0.95369145 0.58620404 0.95349009 0.58446300 0.95472115 0.58247778 0.95431853 0.57899659 0.95554959 0.57701137 0.95984705 0.57627744 0.96107806 0.57429177 0.96394315 0.57380246 0.96333919 0.56858023 0.94901445 0.57102666 0.94738079 0.56953078 0.89294729 0.57882714 0.90683829 0.69893607 0.90970339 0.69844676 0.91133706 0.69994273 0.91173967 0.70342392 0.94898333 0.69706330 0.95061737 0.69855921
0 0.64580628 0.58908329 0.64743996 0.59057935 0.64925183 0.60624568 0.64802078 0.60823103 0.63942594 0.60969889 0.63962726 0.61143962 0.71841234 0.59798440 0.71458729 0.56491097 0.64582942 0.57665371 0.64603073 0.57839441 0.64479969 0.58037974 0.63763732 0.58160296 0.63600353 0.58010690 0.63721144 0.59055115 0.64580628 0.58908329
