0 0.38906250 0.05490359 0.33850373 0.05000183 0.32477046 0.03787439 0.30709785 0.03974926 0.30737382 0.14102731 0.30039008 0.17308139 0.30746575 0.33695515 0.31104543 0.35315295 0.32165903 0.35571086 0.34815540 0.34829501 0.34986164 0.24461935 0.37437580 0.23960110 0.38399412 0.20128119 0.38500615 0.16721284 0.38906250 0.16567441 0.38906250 0.05490359
0 1.00000000 0.19321861 0.99783220 0.19298940 0.99513630 0.19451779 0.98568391 0.19351834 0.98535180 0.19529620 0.98265598 0.19682414 0.95902379 0.19432539 0.95869159 0.19610371 0.95599577 0.19763164 0.93000048 0.19488303 0.92933626 0.19843876 0.92664105 0.19996676 0.88410225 0.19546892 0.88377006 0.19724723 0.88107485 0.19877524 0.87162185 0.19777572 0.87128974 0.19955358 0.86859444 0.20108204 0.83314555 0.19733385 0.83111465 0.19530567 0.83144676 0.19352780 0.81963006 0.19227836 0.81693485 0.19380636 0.81660265 0.19558468 0.81390744 0.19711268 0.78318474 0.19386422 0.78285263 0.19564208 0.78488422 0.19766987 0.78322349 0.20656010 0.78525448 0.20858783 0.78359383 0.21747760 0.78562482 0.21950533 0.78396418 0.22839510 0.78599568 0.23042335 0.78466715 0.23753526 0.78669814 0.23956298 0.78570172 0.24489703 0.78773270 0.24692476 0.78673628 0.25225880 0.78876727 0.25428653 0.78843515 0.25606439 0.79046614 0.25809212 0.78980183 0.26164830 0.81816143 0.26464691 0.81849355 0.26286904 0.82118884 0.26134059 0.85191093 0.26458899 0.85460614 0.26306099 0.86169605 0.26381064 0.86708647 0.26075464 0.90253536 0.26450283 0.90286747 0.26272497 0.90556277 0.26119651 0.93392237 0.26419512 0.93425448 0.26241725 0.93964499 0.25936080 0.96327718 0.26185955 0.96360929 0.26008168 0.96630510 0.25855375 0.99466410 0.26155229 1.00000000 0.23298811 1.00000000 0.19726370 0.99953099 0.19679544 1.00000000 0.19428474 1.00000000 0.19321861
0 1.00000000 0.10800345 0.99926259 0.10792549 0.99520070 0.10386958 0.99586493 0.10031385 0.99350122 0.10006392 0.99147024 0.09803620 0.98201724 0.09703668 0.97795535 0.09298078 0.96850235 0.09198126 0.96647137 0.08995354 0.96680356 0.08817522 0.95262376 0.08667591 0.95059277 0.08464819 0.95192131 0.07753628 0.93537841 0.07578711 0.93740931 0.07781529 0.93574867 0.08670507 0.93777965 0.08873280 0.93645112 0.09584470 0.93848271 0.09787250 0.93715418 0.10498441 0.93918508 0.10701259 0.93752444 0.11590236 0.93955543 0.11793009 0.93822689 0.12504200 0.94025848 0.12706979 0.93892995 0.13418170 0.94601925 0.13493129 0.94805015 0.13695947 0.95277695 0.13745926 0.95480794 0.13948698 0.95381160 0.14482058 0.95111631 0.14634903 0.94166331 0.14534952 0.94033477 0.15246143 0.94236576 0.15448915 0.94103723 0.16160107 0.94306822 0.16362879 0.94207180 0.16896284 0.94410339 0.17099063 0.94277485 0.17810254 0.94480576 0.18013072 0.94414153 0.18368645 0.98904343 0.18843415 0.98937554 0.18665629 0.99207075 0.18512829 1.00000000 0.18596669 1.00000000 0.10800345
0 0.82356491 0.04220744 0.82086967 0.04373558 0.78542078 0.03998739 0.78409225 0.04709930 0.78139701 0.04862744 0.77903331 0.04837751 0.77870118 0.05015546 0.78073275 0.05218335 0.77907204 0.06107349 0.78110303 0.06310121 0.77977450 0.07021312 0.78180548 0.07224085 0.78014484 0.08113062 0.78217583 0.08315835 0.78084721 0.09027071 0.78287819 0.09229844 0.78121755 0.10118822 0.78324914 0.10321601 0.78192061 0.11032792 0.78395160 0.11235564 0.78229087 0.12124587 0.78432185 0.12327360 0.78299332 0.13038551 0.78502491 0.13241330 0.78336427 0.14130307 0.78539517 0.14333126 0.78373453 0.15222103 0.78576551 0.15424876 0.78443698 0.16136067 0.78646788 0.16338885 0.78480724 0.17227862 0.78683822 0.17430635 0.78550969 0.18141826 0.78754128 0.18344605 0.78687697 0.18700223 0.81523597 0.19000077 0.81556817 0.18822246 0.81826338 0.18669445 0.83007947 0.18794383 0.83074370 0.18438810 0.82871271 0.18236038 0.83140801 0.18083192 0.84086100 0.18183143 0.84289191 0.18385961 0.84255980 0.18563748 0.86619259 0.18813630 0.86888780 0.18660829 0.88779380 0.18860732 0.88812600 0.18682900 0.89082181 0.18530107 0.91681710 0.18804968 0.91714922 0.18627182 0.91984451 0.18474336 0.93402431 0.18624266 0.93435642 0.18446480 0.93232544 0.18243707 0.93365397 0.17532516 0.93162298 0.17329744 0.93295151 0.16618552 0.93091992 0.16415774 0.93158423 0.16060155 0.91976813 0.15935217 0.91773715 0.15732445 0.91806935 0.15554613 0.91603836 0.15351840 0.91670258 0.14996268 0.91939779 0.14843467 0.93357699 0.14993391 0.93154609 0.14790573 0.93287462 0.14079382 0.93084363 0.13876610 0.93217216 0.13165418 0.93014057 0.12962639 0.93146910 0.12251448 0.92943812 0.12048676 0.93076673 0.11337439 0.92873575 0.11134667 0.93006428 0.10423476 0.92803330 0.10220703 0.92869760 0.09865085 0.91451780 0.09715154 0.91248682 0.09512382 0.91381535 0.08801190 0.91651056 0.08648390 0.92832726 0.08773335 0.92865937 0.08595548 0.92662787 0.08392723 0.92828851 0.07503746 0.92625752 0.07300974 0.92758605 0.06589782 0.92555509 0.06387001 0.91137529 0.06237070 0.90934432 0.06034284 0.91000859 0.05678689 0.90797762 0.05475907 0.90830976 0.05298107 0.89649366 0.05173169 0.89446210 0.04970377 0.89479423 0.04792581 0.88534123 0.04692630 0.88331026 0.04489848 0.88397453 0.04134248 0.87924833 0.04084275 0.87721676 0.03881487 0.87754889 0.03703692 0.84918989 0.03403838 0.84885777 0.03581633 0.84616254 0.03734442 0.82725654 0.03534539 0.82659227 0.03890140 0.82389704 0.04042949 0.82356491 0.04220744
0 0.77829271 0.02654205 0.78032368 0.02856987 0.77999155 0.03034783 0.77729631 0.03187596 0.77493261 0.03162604 0.77460047 0.03340404 0.78878027 0.03490334 0.78911241 0.03312534 0.79180765 0.03159720 0.80835055 0.03334637 0.80631958 0.03131855 0.80901480 0.02979046 0.82083090 0.03103983 0.82215943 0.02392792 0.82485527 0.02239985 0.84848747 0.02489860 0.85051842 0.02692646 0.85018630 0.02870442 0.87854529 0.03170296 0.87887742 0.02992501 0.88157326 0.02839693 0.90284236 0.03064582 0.90553759 0.02911768 0.90790069 0.02936755 0.90889709 0.02403364 0.91159232 0.02250552 0.91631912 0.02300531 0.91665125 0.02122733 0.77721938 0.00648449 0.77688724 0.00826247 0.78161405 0.00876225 0.78364501 0.01079009 0.78231648 0.01790201 0.77962124 0.01943014 0.77829271 0.02654205
0 0.38906250 0.63874936 0.13343666 0.60362165 0.11953610 0.61119781 0.11035269 0.64693890 0.06328150 0.64537069 0.05168097 0.68608821 0.05567047 0.69050009 0.38906250 0.73832068 0.38906250 0.68626212 0.38777830 0.68600466 0.38906250 0.68168229 0.38906250 0.63874936
0 0.59001025 0.87839030 0.46747797 0.89303668 0.46609341 0.90124637 0.46641043 0.91435471 0.47446719 0.91529830 0.59226175 0.90467151 0.59001025 0.87839030
0 0.51424338 0.88902687 0.51977104 0.90745537 0.53144382 0.90882245 0.63325927 0.90176126 0.63437983 0.89511693 0.63014177 0.88098922 0.51424338 0.88902687
0 0.59047016 0.83713590 0.61283511 0.93939286 0.62317258 0.94060356 0.63476970 0.93958448 0.63809550 0.91986422 0.61627524 0.83496041 0.59047016 0.83713590
0 0.50589134 0.45963542 0.50506468 0.46433842 0.50173061 0.48410768 0.52301113 0.50416679 0.53051395 0.50504550 0.57165666 0.47124206 0.57183051 0.47024865 0.56136760 0.45963542 0.50589134 0.45963542
