0 0.10461019 0.28178892 0.10127157 0.28423394 0.10238444 0.29829282 0.15914103 0.29829282 0.16025391 0.28178892 0.10461019 0.28178892
0 0.31494344 0.16992911 0.30937907 0.18582176 0.31160482 0.18948929 0.36947428 0.18887804 0.37058716 0.17054036 0.31494344 0.16992911
0 0.40842489 0.28484520 0.31716919 0.28301143 0.31160482 0.29890408 0.32718506 0.30012659 0.32829793 0.31479673 0.40063477 0.31479673 0.40842489 0.28484520
0 1.00000000 0.00000000 0.98155513 0.00000000 0.97863333 0.00869630 0.97065260 0.03574630 0.96313750 0.05998889 0.95514479 0.08642222 0.94641771 0.11969537 0.95448385 0.12351667 0.96267500 0.12486111 0.97532240 0.12315000 0.98533750 0.12005741 0.99475885 0.11329722 1.00000000 0.10842657 1.00000000 0.00000000
0 0.85842338 0.00000000 0.85226302 0.02240833 0.86113177 0.03173796 0.85996615 0.03428148 0.86271406 0.04152130 0.87497656 0.05558148 0.88953125 0.07135185 0.90673698 0.08942778 0.91879583 0.10195648 0.92981146 0.10559537 0.93987083 0.11361667 0.95589792 0.05400926 0.90628783 0.00000000 0.85842338 0.00000000
0 0.33163641 0.56892361 0.33163641 0.49845920 0.33386259 0.49638669 0.34721680 0.49638669 0.34721680 0.47773437 0.23592908 0.47773437 0.23370347 0.47566192 0.23370347 0.47151693 0.22480048 0.47151693 0.22480048 0.49845920 0.22257487 0.50053171 0.22257487 0.56685126 0.24260647 0.56685126 0.24483264 0.56892361 0.33163641 0.56892361
0 0.00000000 0.56477891 0.04451497 0.56477891 0.04674069 0.56685126 0.18918850 0.56685126 0.19141467 0.56892361 0.21367188 0.56892361 0.21589748 0.56685126 0.21589748 0.55856133 0.21367188 0.55648845 0.20254327 0.55648845 0.20031710 0.55441610 0.20031710 0.54405382 0.20254327 0.54198147 0.21589748 0.54198147 0.21589748 0.52332873 0.20254327 0.52332873 0.20031710 0.52125648 0.20031710 0.50882164 0.20254327 0.50674913 0.21589748 0.50674913 0.21589748 0.49431424 0.20254327 0.49431424 0.20031710 0.49224178 0.20031710 0.48187934 0.20254327 0.47980683 0.21589748 0.47980683 0.21812309 0.47773437 0.21812309 0.47358941 0.21589748 0.47151693 0.00000000 0.47151693 0.00000000 0.56477891
0 0.73728163 0.82902018 0.73616130 0.81762153 0.75800781 0.78238932 0.75464681 0.76373698 0.74960531 0.76788194 0.72943929 0.80311415 0.69806993 0.84767253 0.69302843 0.85699870 0.69302843 0.86321615 0.69694960 0.88394097 0.70087077 0.88601345 0.73167996 0.83938260 0.73728163 0.82902018
0 0.78041450 0.73886719 0.77873400 0.74404839 0.79777968 0.77928060 0.80226101 0.78031684 0.81346436 0.76788194 0.79441867 0.72643229 0.78041450 0.73886719
0 0.89748942 0.82591146 0.89468858 0.81865777 0.88684625 0.82383898 0.88348524 0.81762153 0.87228190 0.83523763 0.87228190 0.85181749 0.86780056 0.85596246 0.87004123 0.86736111 0.88516574 0.84249132 0.89636909 0.83316515 0.89748942 0.82591146
0 0.81066352 0.84974501 0.81570502 0.84249132 0.81346436 0.82383898 0.81010335 0.82280273 0.79890001 0.84041884 0.79721951 0.84560004 0.80450168 0.87875977 0.80786268 0.87979601 0.81346436 0.87150608 0.81066352 0.85907118 0.81066352 0.84974501
0 0.85267605 0.85803494 0.85211589 0.84560004 0.85939806 0.83005642 0.85771756 0.80829536 0.85155572 0.81140408 0.84371338 0.82487522 0.84651421 0.85078125 0.83755154 0.86632487 0.83867187 0.90466580 0.84763455 0.89430339 0.85099555 0.85907118 0.85267605 0.85803494
