0 0.22387103 0.57445045 0.23104309 0.57040343 0.24155569 0.51530183 0.24245060 0.39707347 0.10000902 0.38762059 0.08594925 0.39035353 0.07621201 0.53815620 0.07834031 0.56957740 0.14700478 0.57480074 0.20448609 0.57025977 0.22387103 0.57445045
0 0.66496071 0.48285790 0.65511153 0.39167580 0.62750004 0.39359237 0.64063408 0.48271143 0.66496071 0.48285790
0 0.73504241 0.55019001 0.72210035 0.51782858 0.68440669 0.52463111 0.68157700 0.52930039 0.68564060 0.55952556 0.64768646 0.57179389 0.65682269 0.61714994 0.69357312 0.61190384 0.74417864 0.59554606 0.77647339 0.59261629 0.76896314 0.54961318 0.73504241 0.55019001
0 0.09965574 0.80210480 0.16990635 0.80684208 0.16941522 0.79703424 0.10079326 0.79339438 0.09965574 0.80210480
0 0.09639566 0.85084368 0.16664652 0.85558223 0.16615514 0.84577311 0.09753318 0.84213326 0.09639566 0.85084368
0 0.10026307 0.79066679 0.17051265 0.79540559 0.17002127 0.78559647 0.10139931 0.78195662 0.10026307 0.79066679
0 0.10060427 0.77786651 0.17085513 0.78260506 0.17036248 0.77279619 0.10174052 0.76915634 0.10060427 0.77786651
0 0.10291557 0.75336464 0.17316643 0.75810320 0.17267506 0.74829408 0.10405309 0.74465423 0.10291557 0.75336464
0 0.09700324 0.83940694 0.16725282 0.84414575 0.16676144 0.83433663 0.09813948 0.83069677 0.09700324 0.83940694
0 0.09931454 0.81490508 0.16956514 0.81964236 0.16907274 0.80983477 0.10045078 0.80619491 0.09931454 0.81490508
0 0.09870824 0.82634157 0.16895782 0.83108037 0.16846644 0.82127125 0.09984448 0.81763140 0.09870824 0.82634157
0 0.10257437 0.76616493 0.17282523 0.77090348 0.17233257 0.76109461 0.10371061 0.75745476 0.10257437 0.76616493
0 0.67137498 0.87123066 0.76613842 0.81964916 0.75254259 0.78382475 0.73003555 0.74310024 0.72417756 0.74025956 0.57331577 0.82396873 0.61147806 0.89746443 0.62117053 0.89955977 0.65316045 0.88670929 0.67137498 0.87123066
0 0.38932292 0.94572355 0.42848858 0.92507526 0.41180362 0.89383068 0.38932292 0.90371042 0.38932292 0.94572355
