0 0.14585683 0.00000000 0.16622088 0.04269687 0.26967345 0.03908422 0.27073926 0.01364090 0.26025797 0.00000000 0.14585683 0.00000000
0 0.29262995 0.00000000 0.29895247 0.03806178 0.33227170 0.04080688 0.34582371 0.09310015 0.40835380 0.09287087 0.41988572 0.14328037 0.45898438 0.14191501 0.45898438 0.00000000 0.45406245 0.00000000 0.45065812 0.01712958 0.45887484 0.02856854 0.45517546 0.03456067 0.43558794 0.03329036 0.42635837 0.00000000 0.29262995 0.00000000
0 0.47637964 0.00000000 0.47479440 0.02005372 0.47711195 0.08641952 0.48916437 0.09577021 0.67870658 0.09501420 0.68816881 0.03019136 0.68711450 0.00000000 0.47637964 0.00000000
0 0.45898438 0.66393509 0.41166460 0.57513965 0.32204625 0.63494186 0.37077931 0.73215964 0.45898438 0.66706632 0.45898438 0.66393509
0 0.45898438 0.68408024 0.37926414 0.73907623 0.42583106 0.83327842 0.45898438 0.80919426 0.45898438 0.68408024
0 0.00000000 0.98878229 0.32462406 0.76777503 0.26765775 0.67084476 0.00000000 0.85562217 0.00000000 0.98878229
0 0.18074141 1.00000000 0.38141068 0.85955951 0.32803499 0.77692962 0.00009266 1.00000000 0.18074141 1.00000000
0 1.00000000 0.52423400 0.98736804 0.51384924 0.92192406 0.59491321 0.95865596 0.62409157 1.00000000 0.57357069 1.00000000 0.52423400
0 0.91125438 0.45898438 0.84748443 0.53869134 0.88729036 0.56566158 0.95374681 0.48351188 0.92102381 0.45898438 0.91125438 0.45898438
0 0.77556547 0.45898438 0.61468937 0.66662599 0.63063454 0.68089809 0.79962266 0.45898438 0.77556547 0.45898438
0 0.71481084 0.45898438 0.69894077 0.47832243 0.58434866 0.62937748 0.59967672 0.64367113 0.72677577 0.47920403 0.74246288 0.45898438 0.71481084 0.45898438
0 0.66003002 0.45898438 0.65877710 0.46057096 0.55241520 0.59959905 0.56838193 0.61448827 0.67476538 0.47607730 0.68824138 0.45898438 0.66003002 0.45898438
0 0.60674080 0.45898438 0.51809947 0.57237530 0.53591756 0.58719986 0.63144151 0.45898438 0.60674080 0.45898438
0 0.54755241 0.45898438 0.50426229 0.51230710 0.47955011 0.54777087 0.49666487 0.56014851 0.57366107 0.45898438 0.54755241 0.45898438
0 0.49244192 0.45898438 0.46063296 0.50147324 0.45898438 0.50349562 0.45898438 0.52389106 0.46590100 0.52847562 0.51909194 0.45898438 0.49244192 0.45898438
