0 0.22083906 0.40481883 0.23965856 0.40825764 0.25050611 0.46104970 0.36963771 0.44065670 0.37308848 0.43588193 0.36779253 0.38572588 0.37083592 0.37709296 0.42552511 0.35816767 0.42592052 0.32445672 0.41363517 0.22059201 0.40165332 0.21948367 0.25051019 0.26132416 0.24483078 0.28244817 0.24979523 0.35443516 0.21568289 0.36847187 0.22083906 0.40481883
0 0.35388886 0.47851562 0.35014397 0.44216961 0.32788562 0.44895620 0.27331550 0.46192078 0.27548846 0.47851562 0.35388886 0.47851562
0 0.86139703 0.17244503 0.76764001 0.29168325 0.81631787 0.39063635 0.90864504 0.26443947 0.86139703 0.17244503
0 0.74365888 0.47851562 0.78816739 0.42026191 0.74138266 0.32607215 0.64741085 0.44327617 0.66420850 0.47851562 0.74365888 0.47851562
0 0.33714215 0.71294478 0.23866061 0.74940505 0.24157015 0.75428368 0.34005169 0.71782341 0.33714215 0.71294478
0 0.31740362 0.68222710 0.23210177 0.71335057 0.23501131 0.71822920 0.32031315 0.68710573 0.31740362 0.68222710
0 0.32519341 0.69171260 0.23231714 0.72563942 0.23844680 0.73711435 0.33132492 0.70318727 0.32519341 0.69171260
0 0.24665245 0.55998734 0.23710575 0.56306430 0.24292299 0.57282182 0.27914120 0.56078706 0.26916532 0.53928447 0.24052309 0.54851402 0.24665245 0.55998734
0 0.20483267 0.57455504 0.16892659 0.58830560 0.17308553 0.60005229 0.21127445 0.58774577 0.20483267 0.57455504
0 0.43161172 0.93223093 0.36456490 0.94147653 0.36612643 0.95006040 0.43317326 0.94081479 0.43161172 0.93223093
0 0.41831712 0.91470533 0.35127030 0.92395094 0.35283183 0.93253480 0.41987865 0.92328920 0.41831712 0.91470533
0 0.80824393 0.65495508 0.80799889 0.65294324 0.80335694 0.65389926 0.80205481 0.65622974 0.78348742 0.66005371 0.78373247 0.66206555 0.78243034 0.66439604 0.77314645 0.66630807 0.77339156 0.66832042 0.77208943 0.67065091 0.76280594 0.67256285 0.76354115 0.67859889 0.76223862 0.68092946 0.75295513 0.68284140 0.75369034 0.68887744 0.75238820 0.69120792 0.73072606 0.69566927 0.73195137 0.70572898 0.73064924 0.70805947 0.72136535 0.70997149 0.72259072 0.72003172 0.72128859 0.72236221 0.71200470 0.72427424 0.71568069 0.75445390 0.71437856 0.75678438 0.71756439 0.78293985 0.72839547 0.78070918 0.73018776 0.78240289 0.73239333 0.80051048 0.74167723 0.79859845 0.74346946 0.80029165 0.74518493 0.81437556 0.75137406 0.81310090 0.75316629 0.81479410 0.76554455 0.81224478 0.76684708 0.80991421 0.76488655 0.79381846 0.76618869 0.79148798 0.77856694 0.78893866 0.77986901 0.78660766 0.78605814 0.78533301 0.78507788 0.77728513 0.78638001 0.77495465 0.79566390 0.77304262 0.79696604 0.77071213 0.79517380 0.76901894 0.79419348 0.76097054 0.79549561 0.75864006 0.79728784 0.76033326 0.80502415 0.75873996 0.80355379 0.74666840 0.80485632 0.74433783 0.80664856 0.74603103 0.81593205 0.74411908 0.81421658 0.73003517 0.81551911 0.72770461 0.82480260 0.72579266 0.82357729 0.71573294 0.82487942 0.71340246 0.83416331 0.71149043 0.83293794 0.70143020 0.83424007 0.69909972 0.84352396 0.69718769 0.84180849 0.68310378 0.84311062 0.68077329 0.85239451 0.67886126 0.85190441 0.67483758 0.85320648 0.67250658 0.84928543 0.64031508 0.84000154 0.64222711 0.83820931 0.64053391 0.81654717 0.64499526 0.81777248 0.65505497 0.81647035 0.65738546 0.80718685 0.65929741 0.80539422 0.65760429 0.80669675 0.65527372 0.80824393 0.65495508
