0 0.37219984 0.18885310 0.36839838 0.15921886 0.35308393 0.15423218 0.28797035 0.16142636 0.25498435 0.15716186 0.24791306 0.17428844 0.28384209 0.19246400 0.37219984 0.18885310
0 0.57812500 0.05262033 0.37384811 0.08128417 0.36369754 0.08644806 0.36428348 0.10606797 0.37823550 0.13053832 0.42082709 0.13743241 0.47592635 0.13345375 0.49699062 0.16821091 0.54624478 0.16382352 0.55277110 0.15449041 0.54575412 0.11484185 0.55409256 0.10759335 0.57812500 0.10471787 0.57812500 0.05262033
0 0.00000000 0.18412970 0.05338978 0.18418078 0.03934248 0.18907218 0.03852502 0.20076238 0.05025619 0.22899322 0.07431781 0.22088631 0.15864258 0.21895129 0.16670853 0.21559953 0.16830249 0.16480574 0.26137442 0.14977712 0.25449369 0.10818019 0.23736712 0.10110890 0.00000000 0.12934725 0.00000000 0.18412970
0 0.69912727 0.37890625 0.62725592 0.25521883 0.57812500 0.27374066 0.57812500 0.30732385 0.61826099 0.37890625 0.69912727 0.37890625
0 0.55635397 1.00000000 0.56366844 0.88762373 0.56157331 0.88503442 0.55706742 0.88469592 0.55497229 0.88210661 0.55560241 0.87242566 0.52856881 0.87039479 0.52647372 0.86780486 0.52726137 0.85570382 0.27269457 0.83657973 0.27190693 0.84868076 0.26949671 0.85093223 0.21993540 0.84720899 0.21914776 0.85931002 0.21673701 0.86156083 0.17393367 0.85834527 0.17183853 0.85575596 0.17262618 0.84365492 0.14559258 0.84162405 0.14349749 0.83903412 0.14428513 0.82693309 0.02263395 0.81779415 0.01540298 0.82454731 0.01524546 0.82696739 0.00078339 0.84047368 0.00062587 0.84289376 0.00000000 0.84347826 0.00000000 0.97661086 0.26680338 0.99665421 0.27885492 0.98539875 0.27901245 0.98297866 0.28865377 0.97397467 0.28881129 0.97155459 0.29845261 0.96255060 0.29861013 0.96013052 0.30825146 0.95112652 0.30840902 0.94870582 0.31322937 0.94420411 0.34702151 0.94674271 0.34911665 0.94933203 0.34801392 0.96627385 0.34560374 0.96852470 0.33433989 0.96767851 0.33355220 0.97978016 0.33114202 0.98203102 0.32438348 0.98152329 0.32359583 0.99362432 0.32118566 0.99587518 0.31909053 0.99328587 0.31667977 0.99553667 0.31217446 0.99519822 0.31186192 1.00000000 0.55635397 1.00000000
0 0.14215806 0.68571344 0.13010599 0.69696824 0.12994846 0.69938832 0.11789693 0.71064379 0.11773940 0.71306387 0.10568790 0.72431871 0.10553038 0.72673880 0.09347888 0.73799364 0.09332132 0.74041435 0.08609017 0.74716748 0.11762966 0.74953686 0.11972479 0.75212617 0.11862207 0.76906799 0.11621189 0.77131884 0.10720011 0.77064184 0.10641247 0.78274287 0.10400229 0.78499373 0.10174964 0.78482450 0.09933942 0.78707597 0.09483353 0.78673747 0.09436097 0.79399772 0.08954058 0.79850005 0.08278203 0.79799232 0.08246699 0.80283248 0.23791003 0.81450999 0.24000569 0.81709997 0.41797644 0.83046986 0.42520758 0.82371672 0.42536514 0.82129602 0.43018550 0.81679431 0.43065810 0.80953344 0.43306885 0.80728263 0.43338394 0.80244185 0.43579411 0.80019099 0.44255265 0.80069872 0.44286770 0.79585856 0.44527787 0.79360770 0.44543544 0.79118700 0.44784561 0.78893615 0.45460416 0.78944388 0.45539180 0.77734284 0.45780198 0.77509199 0.50736386 0.77881528 0.50945899 0.78140459 0.50463806 0.78590626 0.50448054 0.78832634 0.49724997 0.79507952 0.49709241 0.79750022 0.48986131 0.80425274 0.48970379 0.80667282 0.48247264 0.81342596 0.47796733 0.81308750 0.47733720 0.82276845 0.47251623 0.82727074 0.46350503 0.82659378 0.46318999 0.83143395 0.46528509 0.83402387 0.56666150 0.84163969 0.57721610 0.67948362 0.42627837 0.66814456 0.42533321 0.68266568 0.42292303 0.68491653 0.39588944 0.68288566 0.39379430 0.68029635 0.37351867 0.67877316 0.37273099 0.69087481 0.37032081 0.69312566 0.32751747 0.68991010 0.32542234 0.68732079 0.32621002 0.67521914 0.29917643 0.67318827 0.29708129 0.67059895 0.29786894 0.65849792 0.17396481 0.64918974 0.16914388 0.65369140 0.16898632 0.65611211 0.15693482 0.66736695 0.15677730 0.66978703 0.14231563 0.68329273 0.14215806 0.68571344
0 0.57812500 0.51269696 0.57666378 0.51406124 0.54512487 0.51169191 0.54271470 0.51394276 0.52469230 0.51258885 0.52406218 0.52226980 0.52165142 0.52452061 0.48110132 0.52147432 0.47900618 0.51888501 0.47979383 0.50678397 0.45050700 0.50458383 0.44841186 0.50199452 0.44872695 0.49715373 0.44663181 0.49456442 0.44694689 0.48972364 0.32754866 0.48075395 0.31790733 0.48975795 0.31774977 0.49217865 0.30569770 0.50343345 0.30554017 0.50585353 0.29348867 0.51710838 0.29333115 0.51952846 0.28127961 0.53078393 0.28112209 0.53320401 0.26907059 0.54445886 0.26891303 0.54687956 0.25686153 0.55813440 0.25670401 0.56055449 0.24465194 0.57180929 0.24449441 0.57422937 0.23967402 0.57873170 0.24192668 0.57890093 0.24402181 0.58149024 0.27330864 0.58369038 0.27540373 0.58628032 0.26817263 0.59303284 0.26801511 0.59545292 0.25837374 0.60445753 0.25821622 0.60687761 0.24616472 0.61813246 0.24600720 0.62055254 0.23636588 0.62955653 0.23620836 0.63197662 0.23379814 0.63422809 0.24506199 0.63507427 0.24715713 0.63766359 0.57156028 0.66203407 0.57171780 0.65961399 0.57812500 0.65363033 0.57812500 0.51269696
0 0.57812500 0.39986348 0.41060232 0.38727849 0.41044479 0.38969873 0.39839328 0.40095373 0.39823575 0.40337400 0.39100461 0.41012695 0.39776316 0.41063468 0.39985828 0.41322418 0.42463922 0.41508582 0.42673435 0.41767526 0.42657682 0.42009546 0.41452531 0.43135050 0.41436777 0.43377077 0.40472645 0.44277476 0.40456892 0.44519496 0.39251742 0.45644981 0.39235986 0.45887051 0.38512875 0.46562303 0.38497123 0.46804311 0.48184176 0.47532042 0.48425194 0.47306957 0.57812500 0.48012169 0.57812500 0.39986348
0 0.98411304 1.00000000 0.99197962 0.83437882 0.99033579 0.83420959 0.98880652 0.83161962 0.92962486 0.82552699 0.92809598 0.82293768 0.92480832 0.82259922 0.92304912 0.82485004 0.91976146 0.82451158 0.91800223 0.82676301 0.91471457 0.82642455 0.91295579 0.82867541 0.91008193 0.88918119 0.90832312 0.89143266 0.90751846 0.90837386 0.91080611 0.90871231 0.91233497 0.91130225 0.91726688 0.91180998 0.91879576 0.91439929 0.91799106 0.93134110 0.91623229 0.93359196 0.90472464 0.93240727 0.90265546 0.97597124 0.90089668 0.97822209 0.89986229 1.00000000 0.98411304 1.00000000
0 0.88664650 1.00000000 0.88717041 0.98896983 0.88892918 0.98671897 0.89249280 0.91169146 0.89425200 0.90944064 0.89885020 0.81263114 0.89732093 0.81004117 0.83156353 0.80327159 0.83003465 0.80068228 0.83060942 0.78858125 0.82896559 0.78841202 0.82743629 0.78582266 0.80277758 0.78328410 0.80124831 0.78069413 0.80170813 0.77101318 0.77869325 0.76864385 0.75758657 0.79565583 0.75594274 0.79548660 0.74187162 0.81349458 0.72214440 0.81146371 0.72087989 0.83808647 0.71912069 0.84033728 0.71418920 0.83982960 0.71266032 0.83724029 0.71357996 0.81787839 0.70371614 0.81686293 0.70218726 0.81427362 0.70276205 0.80217196 0.69618631 0.80149501 0.69465701 0.79890565 0.67986170 0.79738251 0.67963178 0.80222329 0.68116066 0.80481260 0.68070084 0.81449355 0.67894206 0.81674441 0.67813737 0.83368623 0.67637859 0.83593708 0.66980285 0.83526012 0.66827397 0.83267081 0.66498589 0.83233231 0.66418120 0.84927413 0.66571008 0.85186344 0.68543772 0.85389436 0.68696660 0.85648367 0.68639180 0.86858532 0.70776285 0.87078542 0.70929173 0.87337473 0.70860202 0.88789585 0.70684321 0.89014732 0.70355513 0.88980882 0.70321029 0.89706907 0.70649837 0.89740757 0.70802725 0.89999688 0.70745245 0.91209853 0.70569367 0.91434939 0.70076176 0.91384166 0.69915238 0.94772529 0.69739360 0.94997615 0.68095446 0.94828377 0.67942516 0.94569442 0.67778133 0.94552519 0.67697666 0.96246639 0.69012814 0.96382030 0.69165700 0.96641023 0.69131215 0.97367048 0.69284146 0.97625984 0.69249658 0.98352070 0.70071615 0.98436689 0.70224500 0.98695682 0.72854796 0.98966465 0.73007684 0.99225396 0.80531921 1.00000000 0.88664650 1.00000000
0 0.75422957 0.72721222 0.75399965 0.73205300 0.75224087 0.73430386 0.77196809 0.73633473 0.77219801 0.73149395 0.77066913 0.72890463 0.75422957 0.72721222
0 0.75445947 0.72237205 0.75621825 0.72012120 0.77101398 0.72164439 0.77147382 0.71196282 0.75667809 0.71043963 0.75656312 0.71286033 0.75480434 0.71511119 0.74165286 0.71375727 0.74142294 0.71859805 0.74295182 0.72118737 0.75445947 0.72237205
0 0.81438807 0.53883965 0.81262887 0.54109046 0.81239895 0.54593125 0.81064017 0.54818210 0.80406443 0.54750514 0.80394945 0.54992585 0.80219068 0.55217670 0.80184583 0.55943695 0.80008703 0.56168842 0.79974215 0.56894929 0.79798295 0.57120010 0.79775306 0.57604027 0.79423547 0.58054259 0.79412053 0.58296268 0.79236175 0.58521353 0.78414176 0.58436730 0.78238295 0.58661877 0.78180818 0.59871980 0.78004941 0.60097066 0.77993446 0.60339074 0.77817565 0.60564221 0.77691117 0.63226436 0.77515239 0.63451522 0.76364474 0.63333053 0.76318489 0.64301210 0.76142611 0.64526295 0.74991846 0.64407827 0.74980351 0.64649835 0.74804474 0.64874920 0.74311283 0.64824147 0.74046885 0.70390709 0.75526416 0.70543023 0.75537911 0.70301015 0.75713788 0.70075930 0.75736781 0.69591851 0.75912701 0.69366770 0.76570233 0.69434462 0.76723163 0.69693397 0.76887546 0.69710320 0.77193362 0.70228249 0.77357745 0.70245171 0.77663521 0.70763034 0.77827904 0.70779957 0.78003824 0.70554876 0.78015319 0.70312867 0.78191199 0.70087720 0.78202694 0.69845712 0.78049806 0.69586780 0.77885381 0.69569853 0.77426719 0.68792998 0.77262336 0.68776075 0.77109406 0.68517140 0.75794258 0.68381748 0.75641370 0.68122817 0.75675857 0.67396730 0.75851738 0.67171583 0.76016163 0.67188510 0.76027658 0.66946502 0.76203535 0.66721416 0.76215030 0.66479408 0.76390908 0.66254323 0.76402405 0.66012253 0.76578283 0.65787167 0.76589778 0.65545159 0.76765659 0.65320012 0.76800143 0.64593987 0.77151944 0.64143759 0.77645135 0.64194531 0.77821012 0.63969446 0.77844005 0.63485367 0.78019883 0.63260282 0.78513074 0.63311055 0.78582045 0.61858943 0.78757926 0.61633796 0.80237499 0.61786115 0.80294976 0.60576012 0.80142045 0.60317076 0.80153540 0.60075068 0.80000655 0.59816075 0.80046634 0.58848042 0.80222515 0.58622895 0.80234009 0.58380886 0.80409929 0.58155805 0.80574312 0.58172728 0.80750193 0.57947581 0.81078959 0.57981426 0.81254879 0.57756345 0.81748070 0.57807118 0.81771059 0.57323102 0.81946937 0.57098016 0.81969929 0.56613938 0.82145807 0.56388853 0.82310190 0.56405775 0.82486071 0.56180628 0.82979262 0.56231401 0.83437966 0.57008261 0.84588731 0.57126729 0.84435842 0.56867798 0.84447337 0.56625790 0.83529930 0.55072071 0.83541425 0.54830062 0.83388536 0.54571131 0.83446013 0.53361028 0.83621894 0.53135881 0.83644883 0.52651864 0.83820764 0.52426717 0.83985147 0.52443640 0.84008137 0.51959623 0.83021797 0.51858082 0.82987309 0.52584168 0.82811432 0.52809254 0.82318241 0.52758481 0.82272259 0.53726576 0.82096381 0.53951661 0.81438807 0.53883965
0 0.89116999 0.41784453 0.88941079 0.42009546 0.88119122 0.41924928 0.87943243 0.42150032 0.87920252 0.42634079 0.87744374 0.42859177 0.87579949 0.42842250 0.87533967 0.43810345 0.87358088 0.44035449 0.85385366 0.43832362 0.85224429 0.47220694 0.85048551 0.47445779 0.85002569 0.48413874 0.84826691 0.48638960 0.84497883 0.48605110 0.84394421 0.50783370 0.84887612 0.50834143 0.85040501 0.51093074 0.86026883 0.51194620 0.86072865 0.50226525 0.86248742 0.50001439 0.87070699 0.50086058 0.87223587 0.50344989 0.87154613 0.51797163 0.88140995 0.51898709 0.88163987 0.51414630 0.88339865 0.51189545 0.88351363 0.50947474 0.88527241 0.50722389 0.88691666 0.50739316 0.88867544 0.50514231 0.89031927 0.50531154 0.89054916 0.50047137 0.89230797 0.49821990 0.89288274 0.48611887 0.89464151 0.48386801 0.89475646 0.48144793 0.89651569 0.47919650 0.89815952 0.47936573 0.89991829 0.47711487 0.90485021 0.47762260 0.90660898 0.47537175 0.90825281 0.47554098 0.90917245 0.45617908 0.91093168 0.45392765 0.91586359 0.45443538 0.91620844 0.44717501 0.91972601 0.44267293 0.92630175 0.44334988 0.92687653 0.43124873 0.92534765 0.42865929 0.92370340 0.42849002 0.92217453 0.42590052 0.92053070 0.42573129 0.91900182 0.42314180 0.91078183 0.42229557 0.90925296 0.41970613 0.91017260 0.40034423 0.89702112 0.39899032 0.89854999 0.40157975 0.89820513 0.40884050 0.89644635 0.41109147 0.89315869 0.41075302 0.89139990 0.41300406 0.89116999 0.41784453
0 1.00000000 0.39986348 0.98296555 0.39810982 0.97768878 0.40486284 0.97757382 0.40728304 0.97405625 0.41178506 0.97394130 0.41420533 0.96866452 0.42095828 0.96854957 0.42337855 0.96327279 0.43013150 0.96315784 0.43255177 0.95964027 0.43705372 0.95952531 0.43947399 0.95776653 0.44172503 0.95661698 0.46592722 0.95826081 0.46609645 0.95978967 0.46868638 0.95944482 0.47594663 0.95768605 0.47819748 0.94289074 0.47667434 0.94113193 0.47892581 0.94055716 0.49102684 0.93879796 0.49327766 0.93868302 0.49569774 0.93516543 0.50020007 0.93352118 0.50003079 0.93000360 0.50453312 0.92835977 0.50436389 0.92660099 0.50661475 0.92495674 0.50644547 0.92484179 0.50886556 0.92308302 0.51111641 0.92285309 0.51595720 0.92109431 0.51820805 0.91780623 0.51786955 0.91604746 0.52012040 0.91275979 0.51978194 0.91264482 0.52220265 0.91088562 0.52445346 0.91054078 0.53171371 0.90878197 0.53396518 0.90843710 0.54122605 0.90667832 0.54347690 0.90644842 0.54831706 0.90293042 0.55281935 0.88813511 0.55129620 0.88461755 0.55579791 0.88450258 0.55821861 0.87922582 0.56497113 0.87911088 0.56739121 0.87383409 0.57414435 0.87371912 0.57656506 0.87020156 0.58106676 0.86985669 0.58832763 0.88136392 0.58951228 0.88289322 0.59210163 0.88162871 0.61872440 0.87986951 0.62097521 0.87658185 0.62063675 0.87600708 0.63273778 0.87424785 0.63498921 0.87401796 0.63982938 0.87225918 0.64208023 0.86568344 0.64140328 0.86522362 0.65108422 0.86346481 0.65333570 0.85688907 0.65265874 0.85536022 0.65006881 0.84714023 0.64922258 0.84538142 0.65147405 0.84526647 0.65389413 0.84174892 0.65839584 0.84163397 0.66081593 0.83635719 0.66756906 0.83624221 0.66998976 0.83272424 0.67449143 0.83260929 0.67691151 0.82733293 0.68366469 0.82721798 0.68608478 0.82369997 0.69058706 0.82358503 0.69300714 0.81830824 0.69976028 0.81819330 0.70218037 0.81467571 0.70668269 0.81456077 0.70910278 0.80928401 0.71585529 0.80916904 0.71827599 0.80389225 0.72502913 0.80354741 0.73228938 0.80519166 0.73245865 0.81130758 0.74281656 0.83103480 0.74484743 0.83256365 0.74743737 0.83244870 0.74985745 0.83068992 0.75210830 0.83046003 0.75694847 0.84525534 0.75847161 0.84678419 0.76106154 0.84609447 0.77558266 0.85102638 0.77609039 0.85255527 0.77867970 0.85913101 0.77935666 0.86066028 0.78194663 0.86723560 0.78262354 0.86876490 0.78521290 0.87369681 0.78572063 0.87522569 0.78830994 0.88180143 0.78898690 0.88333029 0.79157683 0.88990602 0.79225379 0.89143490 0.79484310 0.89636681 0.79535083 0.89789570 0.79794014 0.90447144 0.79861710 0.90600032 0.80120641 0.91093223 0.80171414 0.91246153 0.80430349 0.94533981 0.80768824 0.94686908 0.81027821 0.99289926 0.81501692 1.00000000 0.66551963 1.00000000 0.39986348
0 0.94515537 0.39421734 0.93364772 0.39303266 0.93330285 0.40029340 0.93987859 0.40097036 0.94140747 0.40355979 0.94305130 0.40372902 0.94481050 0.40147809 0.94515537 0.39421734
