0 0.63387205 0.00000000 0.62929039 0.00618802 0.63114138 0.02784739 0.63963017 0.04611695 0.65256501 0.04908959 0.75815627 0.01240677 0.75517297 0.00000000 0.63387205 0.00000000
0 0.63799467 0.09292771 0.64621086 0.11899907 0.66571535 0.12053235 0.66988883 0.11303721 0.70013643 0.10563600 0.76282336 0.10274070 0.77637151 0.08815930 0.78232231 0.06711325 0.79429758 0.06023142 0.78875013 0.03241405 0.77711559 0.02954363 0.76760462 0.04053079 0.72579062 0.04311114 0.71107846 0.05368943 0.64011271 0.06962455 0.63799467 0.09292771
0 0.34895833 0.41719595 0.34296570 0.41650162 0.34289436 0.41951091 0.34146187 0.42236249 0.33465535 0.42157386 0.33458400 0.42458391 0.33315150 0.42743549 0.33186167 0.42426849 0.32641667 0.42363761 0.32627400 0.42965619 0.32484148 0.43250854 0.31803532 0.43171995 0.31660247 0.43457148 0.31388014 0.43425606 0.31244730 0.43710760 0.30427997 0.43616130 0.30420863 0.43917059 0.30277614 0.44202217 0.29733113 0.44139129 0.29446577 0.44709517 0.29310461 0.44693746 0.29303327 0.44994675 0.29160075 0.45279910 0.29023924 0.45264135 0.29009657 0.45865993 0.29138675 0.46182696 0.29131541 0.46483625 0.29539925 0.46530942 0.29668906 0.46847719 0.29647503 0.47750583 0.29776486 0.48067282 0.29762219 0.48669140 0.29618969 0.48954298 0.29482853 0.48938527 0.29339566 0.49223758 0.29203450 0.49207987 0.29060200 0.49493144 0.28924049 0.49477369 0.29053067 0.49794073 0.29038798 0.50396008 0.29167780 0.50712708 0.29153513 0.51314565 0.29282494 0.51631342 0.29268227 0.52233200 0.29397243 0.52549981 0.29375842 0.53452767 0.29504825 0.53769467 0.29490556 0.54371402 0.29619539 0.54688102 0.29476287 0.54973336 0.29204020 0.54941790 0.29196886 0.55242719 0.29325904 0.55559423 0.29311637 0.56161281 0.29440617 0.56478058 0.29433484 0.56778987 0.29569600 0.56794757 0.29712850 0.56509600 0.29841833 0.56826300 0.29834699 0.57127228 0.29963715 0.57444009 0.29949448 0.58045867 0.30078431 0.58362567 0.30064162 0.58964501 0.29920912 0.59249659 0.29648645 0.59218113 0.29362143 0.59788506 0.29347876 0.60390363 0.29476859 0.60707063 0.29455456 0.61609927 0.29584439 0.61926627 0.29570170 0.62528561 0.29699153 0.62845261 0.29684886 0.63447119 0.29813901 0.63763900 0.29799634 0.64365757 0.29928615 0.64682534 0.29907215 0.65585321 0.30036197 0.65902020 0.31261349 0.66043972 0.31404599 0.65758814 0.31676831 0.65790356 0.31683965 0.65489427 0.31827215 0.65204269 0.32507866 0.65283132 0.32515000 0.64982204 0.32658251 0.64696969 0.33338868 0.64775828 0.33346001 0.64474899 0.33489286 0.64189745 0.34169902 0.64268604 0.34177038 0.63967598 0.34320288 0.63682441 0.34728672 0.63729758 0.34895833 0.56678046 0.34895833 0.41719595
0 0.08770445 0.47444043 0.09178793 0.47491356 0.09322043 0.47206198 0.09594311 0.47237745 0.09737561 0.46952587 0.10418177 0.47031446 0.10704714 0.46461057 0.11249214 0.46524145 0.11256347 0.46223216 0.11399597 0.45938059 0.12216365 0.46032693 0.12223498 0.45731764 0.12366750 0.45446529 0.13183518 0.45541163 0.13054500 0.45224459 0.13197785 0.44939306 0.14422902 0.45081253 0.14566153 0.44796018 0.14573287 0.44495089 0.14716537 0.44209931 0.15533304 0.44304565 0.15676554 0.44019408 0.16357171 0.44098267 0.16378573 0.43195403 0.16521858 0.42910249 0.16657974 0.42926021 0.16743582 0.39314644 0.16062931 0.39235780 0.15933948 0.38919081 0.15983887 0.36812425 0.16127137 0.36527267 0.16807788 0.36606130 0.16900532 0.32693747 0.16771549 0.32377047 0.08604012 0.31430722 0.08218774 0.47681957 0.08354925 0.47697732 0.08483908 0.48014432 0.08620024 0.48030203 0.08627158 0.47729274 0.08770445 0.47444043
0 0.02401665 0.51232769 0.02544921 0.50947612 0.03225549 0.51026472 0.03232684 0.50725466 0.03375944 0.50440310 0.04056568 0.50519170 0.04063701 0.50218241 0.04206951 0.49933083 0.05023719 0.50027717 0.05030852 0.49726788 0.05174104 0.49441553 0.05854720 0.49520412 0.06141255 0.48950101 0.06821871 0.49028960 0.06829007 0.48727954 0.06972257 0.48442796 0.07652908 0.48521659 0.07796158 0.48236502 0.07867497 0.45227059 0.07050730 0.45132425 0.06921749 0.44815648 0.06971685 0.42709070 0.07114937 0.42423835 0.07931705 0.42518469 0.07981641 0.40411890 0.07852661 0.40095113 0.07938269 0.36483736 0.07257617 0.36404873 0.07128635 0.36088173 0.07178573 0.33981517 0.07321823 0.33696360 0.08002474 0.33775223 0.08059546 0.31367638 0.05745395 0.31099511 0.05616412 0.30782811 0.01124287 0.30262334 0.00610638 0.51930596 0.01155139 0.51993684 0.01284128 0.52310385 0.01713908 0.51454837 0.02394531 0.51533698 0.02401665 0.51232769
0 0.34895833 0.26932641 0.32604252 0.26667129 0.32597118 0.26968073 0.32453868 0.27253246 0.31773252 0.27174387 0.31758983 0.27776291 0.31887966 0.28093006 0.31873698 0.28694902 0.32002680 0.29011625 0.31981278 0.29914465 0.31838028 0.30199646 0.31709045 0.29882923 0.31723313 0.29281027 0.31594296 0.28964308 0.31608564 0.28362404 0.31479582 0.28045689 0.31493850 0.27443793 0.31364868 0.27127070 0.31379136 0.26525181 0.31250153 0.26208459 0.31271555 0.25305618 0.31142573 0.24988895 0.31156841 0.24386999 0.28570457 0.24087330 0.28563323 0.24388278 0.28692305 0.24704997 0.28678037 0.25306893 0.28807019 0.25623608 0.28799885 0.25924560 0.28656635 0.26209741 0.27839902 0.26115111 0.27832768 0.26416055 0.27961750 0.26732771 0.27940348 0.27635619 0.28069331 0.27952334 0.28055063 0.28554238 0.28184045 0.28870953 0.28169777 0.29472849 0.28298759 0.29789572 0.28284491 0.30391460 0.28413508 0.30708187 0.28399240 0.31310083 0.28528223 0.31626799 0.28513954 0.32228718 0.28642937 0.32545418 0.28628668 0.33147353 0.28757686 0.33464056 0.28743419 0.34065914 0.28872401 0.34382614 0.28858132 0.34984549 0.28987115 0.35301248 0.28972846 0.35903183 0.29101829 0.36219883 0.29087562 0.36821740 0.29345561 0.37455221 0.30842945 0.37628715 0.30986195 0.37343557 0.31258427 0.37375099 0.31401679 0.37089864 0.31673946 0.37121410 0.31817196 0.36836252 0.32225580 0.36883569 0.32368830 0.36598412 0.32504946 0.36614183 0.32519213 0.36012325 0.32662500 0.35727094 0.32791481 0.36043871 0.33472097 0.36122730 0.33479233 0.35821724 0.33622483 0.35536566 0.34303134 0.35615429 0.34589635 0.35045037 0.34895833 0.35080514 0.34895833 0.26932641
0 0.17133842 0.22851562 0.17050345 0.26373857 0.17867078 0.26468487 0.17996095 0.26785206 0.17939023 0.29192791 0.17795738 0.29477968 0.16979005 0.29383338 0.16936201 0.31189026 0.22245086 0.31804136 0.22273622 0.30600344 0.22001355 0.30568797 0.21872373 0.30252082 0.22007919 0.24534065 0.21599535 0.24486748 0.21470552 0.24170033 0.21491955 0.23267185 0.18088837 0.22872885 0.17945552 0.23158058 0.17809436 0.23142287 0.17691040 0.22851562 0.17133842 0.22851562
0 0.08807382 0.22851562 0.08639681 0.29926001 0.08768699 0.30242705 0.16527817 0.31141709 0.16542086 0.30539774 0.16685336 0.30254632 0.16842284 0.23633782 0.16713302 0.23317059 0.16724336 0.22851562 0.08807382 0.22851562
0 0.00890462 0.22851562 0.00737313 0.29312155 0.08088082 0.30163846 0.08231332 0.29878688 0.08274137 0.28072977 0.07593485 0.27994113 0.07464503 0.27677398 0.07478771 0.27075502 0.07349789 0.26758779 0.07371191 0.25855939 0.07514441 0.25570758 0.07650558 0.25586529 0.07793843 0.25301360 0.08202227 0.25348677 0.08261421 0.22851562 0.00890462 0.22851562
0 0.34895833 0.97729593 0.61186250 0.99362312 0.61638783 0.89130039 0.61130821 0.89098493 0.60863560 0.89383728 0.60101650 0.89336411 0.59834393 0.89621569 0.59326431 0.89590023 0.59059174 0.89875180 0.58551212 0.89843634 0.58283955 0.90128792 0.57522110 0.90081479 0.57254788 0.90366633 0.56746891 0.90335091 0.56479565 0.90620322 0.55971668 0.90588780 0.55704411 0.90873938 0.55196449 0.90842391 0.54929192 0.91127549 0.54167282 0.91080232 0.53900021 0.91365467 0.53392125 0.91333925 0.53124802 0.91619079 0.52616906 0.91587537 0.52349583 0.91872690 0.51841687 0.91841148 0.51574429 0.92126306 0.51066468 0.92094760 0.50799210 0.92379918 0.50037300 0.92332601 0.49770040 0.92617836 0.49262143 0.92586294 0.48994821 0.92871447 0.48486924 0.92839905 0.48219602 0.93125059 0.47711705 0.93093517 0.47444444 0.93378752 0.46682534 0.93331435 0.46415277 0.93616593 0.45907315 0.93585046 0.45640058 0.93870204 0.45132161 0.93838662 0.44864839 0.94123816 0.44356942 0.94092274 0.44089620 0.94377428 0.43327775 0.94330115 0.43060514 0.94615350 0.42552552 0.94583804 0.42285295 0.94868961 0.41777333 0.94837415 0.41510076 0.95122573 0.40748166 0.95075256 0.40480905 0.95360491 0.39972944 0.95328945 0.39705699 0.95614104 0.39197777 0.95582560 0.38930500 0.95867717 0.38168609 0.95820401 0.37901333 0.96105557 0.37393403 0.96074013 0.37126133 0.96359170 0.36618197 0.96327626 0.36350924 0.96612860 0.35589027 0.96565544 0.35321756 0.96850701 0.34895833 0.96824250 0.34895833 0.97729593
0 0.34895833 0.94711808 0.36684745 0.94822905 0.36698054 0.94521976 0.36965331 0.94236819 0.38235157 0.94315680 0.38502431 0.94030446 0.38515740 0.93729517 0.38783010 0.93444360 0.40052804 0.93523218 0.40066113 0.93222289 0.40333435 0.92937135 0.41095345 0.92984453 0.41121966 0.92382518 0.41389223 0.92097360 0.42912979 0.92191990 0.42926291 0.91890984 0.43193613 0.91605830 0.44463420 0.91684689 0.45235382 0.74229739 0.43711562 0.74135105 0.43684944 0.74736963 0.43417687 0.75022121 0.41132022 0.74880174 0.41025544 0.77287758 0.40758218 0.77572989 0.39996360 0.77525675 0.39983051 0.77826604 0.39715774 0.78111761 0.38191987 0.78017129 0.38165366 0.78619063 0.37898095 0.78904220 0.34895833 0.78717770 0.34895833 0.94711808
0 0.58294072 0.72626529 0.57759492 0.73196841 0.54457969 0.72991805 0.54418039 0.73894669 0.54150781 0.74179827 0.46531810 0.73706664 0.45759844 0.91161691 0.46267741 0.91193233 0.46535064 0.90908079 0.49328691 0.91081572 0.49355312 0.90479638 0.49622569 0.90194480 0.50384414 0.90241793 0.50625119 0.90558497 0.51133015 0.90590039 0.51667598 0.90019650 0.52937405 0.90098509 0.52964023 0.89496652 0.53231280 0.89211494 0.53471985 0.89528198 0.53498603 0.88926340 0.53765863 0.88641105 0.57321335 0.88861912 0.57334644 0.88560983 0.57601966 0.88275829 0.59125722 0.88370459 0.59139034 0.88069453 0.59406291 0.87784296 0.60930111 0.87878930 0.60943420 0.87578001 0.61210678 0.87292843 0.61972588 0.87340160 0.62717932 0.70487068 0.60178253 0.70329345 0.60164944 0.70630274 0.59897687 0.70915432 0.59135777 0.70868115 0.58868520 0.71153273 0.58360623 0.71121731 0.58294072 0.72626529
0 0.63813651 0.68744429 0.63015067 0.86801313 0.65300733 0.86943261 0.65327350 0.86341403 0.65594611 0.86056168 0.67372380 0.86166573 0.67385689 0.85865644 0.67652946 0.85580487 0.69684663 0.85706663 0.70509867 0.67047843 0.69747957 0.67000526 0.69694715 0.68204396 0.69427458 0.68489553 0.65617972 0.68252972 0.65604663 0.68553901 0.65337406 0.68839059 0.63813651 0.68744429
