0 0.30834981 0.45015617 0.32537892 0.39889382 0.32332349 0.38835514 0.11561087 0.34617650 0.09461271 0.39853471 0.09516341 0.41290614 0.28220754 0.45139386 0.30554477 0.45392078 0.30834981 0.45015617
0 0.51953125 0.46804747 0.52393556 0.46301766 0.52403378 0.46064070 0.53192372 0.45163058 0.53202194 0.44925363 0.53991188 0.44024351 0.54001010 0.43786655 0.54987256 0.42660345 0.54997079 0.42422649 0.55194324 0.42197411 0.51953125 0.41981973 0.51953125 0.46804747
0 0.65000191 0.45947905 0.64013962 0.47074156 0.64004140 0.47311851 0.63215143 0.48212924 0.63205321 0.48450620 0.62416327 0.49351632 0.62406505 0.49589327 0.61617512 0.50490339 0.61607690 0.50728035 0.60818696 0.51629047 0.60808871 0.51866803 0.59822642 0.52993054 0.59812820 0.53230750 0.59221062 0.53906523 0.61470173 0.54056018 0.61647764 0.54306171 0.61835178 0.54318628 0.62012818 0.54568784 0.61815534 0.54794019 0.61805710 0.55031776 0.61214000 0.55707552 0.61204178 0.55945248 0.60612422 0.56620960 0.60602598 0.56858717 0.60010840 0.57534490 0.60001018 0.57772186 0.59803782 0.57997425 0.72173867 0.58819644 0.72351507 0.59069800 0.87532992 0.60078889 0.87927512 0.59628415 0.87937334 0.59390720 0.89120802 0.58039170 0.89130624 0.57801474 0.90116856 0.56675163 0.90126678 0.56437467 0.90521198 0.55986993 0.91270901 0.56036825 0.91448493 0.56286978 0.93697604 0.56436472 0.93875196 0.56686625 0.93865374 0.56924321 0.93076378 0.57825393 0.93066556 0.58063089 0.92080326 0.59189340 0.92070504 0.59427036 0.91478746 0.60102809 0.91468924 0.60340505 0.98591132 0.60813906 0.99249242 0.44887322 0.94751021 0.44588333 0.94553785 0.44813571 0.88368695 0.44402458 0.88358873 0.44640154 0.88161637 0.44865393 0.88132169 0.45578540 0.87934933 0.45803779 0.83624125 0.45517247 0.83575013 0.46705786 0.83377775 0.46931085 0.80191499 0.46719299 0.80013909 0.46469085 0.80072843 0.45042850 0.77636319 0.44880898 0.77458727 0.44630745 0.77507839 0.43442206 0.67199403 0.42757021 0.66607648 0.43432733 0.66597825 0.43670429 0.65808829 0.44571502 0.65799007 0.44809197 0.65010013 0.45710210 0.65000191 0.45947905
0 0.51953125 0.40075063 0.56959726 0.40407844 0.57157009 0.40182609 0.57166834 0.39944852 0.57955780 0.39043837 0.57965602 0.38806141 0.58951879 0.37679894 0.58961704 0.37442138 0.59947934 0.36315887 0.59957755 0.36078191 0.60746749 0.35177179 0.60756571 0.34939484 0.61742803 0.33813172 0.61752625 0.33575477 0.62541619 0.32674465 0.62551441 0.32436769 0.63537719 0.31310522 0.63547541 0.31072826 0.64533773 0.29946515 0.64543595 0.29708819 0.65529825 0.28582568 0.65539649 0.28344812 0.66525879 0.27218561 0.66535701 0.26980865 0.67521930 0.25854615 0.67531752 0.25616920 0.67729039 0.25391623 0.57233189 0.24693981 0.57184077 0.25882520 0.56986790 0.26107816 0.52863445 0.25833744 0.52824154 0.26784588 0.52626909 0.27009826 0.52064629 0.26972452 0.51953125 0.29670897 0.51953125 0.40075063
0 0.77140432 0.29592655 0.75759680 0.31169441 0.75749858 0.31407137 0.74763581 0.32533384 0.74753759 0.32771079 0.73767527 0.33897391 0.73757705 0.34135087 0.72771475 0.35261337 0.72761650 0.35499093 0.71775421 0.36625344 0.71765599 0.36863040 0.71568315 0.37088275 0.74192301 0.37262687 0.74369891 0.37512901 0.74301135 0.39176832 0.74103896 0.39402131 0.73541607 0.39364756 0.73521963 0.39840148 0.73324727 0.40065386 0.73305080 0.40540839 0.73107845 0.40766077 0.68984451 0.40492002 0.68589977 0.40942540 0.68777391 0.40954997 0.68954983 0.41205150 0.96881429 0.43061376 0.96920719 0.42110532 0.97118005 0.41885236 0.99367116 0.42034731 0.99917180 0.28722921 0.98417773 0.28623258 0.98220535 0.28848557 0.96158838 0.28711520 0.96119547 0.29662363 0.95922264 0.29887599 0.92548622 0.29663358 0.92371030 0.29413205 0.92410320 0.28462362 0.92232731 0.28212148 0.90171034 0.28075110 0.89993394 0.27824954 0.90032684 0.26874111 0.89657856 0.26849197 0.89480264 0.26599044 0.82170642 0.26113185 0.81993051 0.25863032 0.79931354 0.25725995 0.79142360 0.26627007 0.79132538 0.26864702 0.78146308 0.27990953 0.78136484 0.28228709 0.77150254 0.29354960 0.77140432 0.29592655
0 0.69898785 0.22913826 0.70687728 0.22012872 0.70697552 0.21775115 0.71683830 0.20648868 0.71693652 0.20411172 0.72482646 0.19510160 0.72492470 0.19272404 0.73281462 0.18371452 0.73291286 0.18133696 0.74277516 0.17007446 0.74287338 0.16769750 0.75076332 0.15868738 0.75086156 0.15630981 0.75875148 0.14730030 0.75884972 0.14492274 0.76871202 0.13366023 0.76881024 0.13128327 0.77670018 0.12227315 0.77679842 0.11989559 0.78468833 0.11088608 0.78478658 0.10850851 0.79267652 0.09949840 0.79277474 0.09712144 0.80263703 0.08585893 0.69767853 0.07888251 0.69718741 0.09076790 0.69521505 0.09302029 0.65210698 0.09015496 0.65171408 0.09966340 0.64974169 0.10191639 0.61600527 0.09967399 0.61422938 0.09717185 0.61462228 0.08766341 0.60337649 0.08691592 0.60160057 0.08441440 0.59035477 0.08366691 0.58857885 0.08116538 0.58897176 0.07165694 0.52899547 0.06767042 0.52241434 0.22693686 0.66673216 0.23652944 0.66870502 0.23427648 0.69494440 0.23602056 0.69888960 0.23151583 0.69898785 0.22913826
0 1.00000000 0.09659324 0.92081371 0.09132985 0.91884133 0.09358285 0.91874311 0.09595980 0.90690797 0.10947466 0.90680973 0.11185223 0.89694743 0.12311473 0.89684921 0.12549169 0.88698689 0.13675480 0.88688867 0.13913176 0.87702637 0.15039426 0.87692815 0.15277122 0.86706586 0.16403373 0.86696761 0.16641129 0.85710483 0.17767377 0.85700661 0.18005072 0.84714429 0.19131384 0.84704607 0.19369079 0.83718378 0.20495330 0.86717192 0.20694656 0.86894784 0.20944809 0.86875137 0.21420261 0.86677902 0.21645500 0.86648433 0.22358648 0.86451197 0.22583886 0.86076321 0.22558969 0.85879086 0.22784207 0.85504210 0.22759290 0.85464920 0.23710134 0.85267684 0.23935372 0.84705394 0.23897998 0.84675926 0.24611145 1.00000000 0.25629712 1.00000000 0.09659324
0 1.00000000 0.01554986 0.98038138 0.01424584 0.97840902 0.01649838 0.97831079 0.01887549 0.96844801 0.03013814 0.96834978 0.03251522 0.96440505 0.03702030 0.97939912 0.03801693 0.98117504 0.04051864 0.99054621 0.04114153 0.99232261 0.04364321 0.99034976 0.04589568 0.99025154 0.04827282 0.98433396 0.05503037 0.98423573 0.05740751 0.98029101 0.06191259 0.98019278 0.06428967 0.97427521 0.07104728 0.97417698 0.07342436 0.97023224 0.07792962 1.00000000 0.07990823 1.00000000 0.01554986
0 0.56750047 0.00000000 0.56686561 0.01536376 0.56489311 0.01761626 0.55739607 0.01711794 0.55700317 0.02662638 0.55503066 0.02887894 0.54940790 0.02850520 0.54743539 0.03075776 0.54704249 0.04026620 0.54507003 0.04251870 0.53757300 0.04202038 0.53727831 0.04915186 0.72095593 0.06136062 0.72273185 0.06386215 0.81644455 0.07009108 0.82630734 0.05882848 0.82640556 0.05645135 0.83429502 0.04744119 0.83439325 0.04506405 0.84425603 0.03380146 0.84435425 0.03142438 0.85224419 0.02241426 0.85234242 0.02003712 0.86220472 0.00877446 0.86230295 0.00639735 0.76605640 0.00000000 0.56750047 0.00000000
0 0.33836232 1.00000000 0.34160284 0.83612405 0.21937464 0.84121456 0.21782719 0.87074175 0.21517514 1.00000000 0.33836232 1.00000000
0 0.71441647 0.88620337 0.61036118 0.83352618 0.59807543 0.84995343 0.70213230 0.90262946 0.71441647 0.88620337
0 0.77271463 0.75308401 0.69259218 0.80182538 0.72408340 0.83576432 0.80268982 0.78565408 0.77271463 0.75308401
