0 1.00000000 0.11371893 0.71036712 0.05805700 0.69928048 0.08424483 0.68856931 0.17148033 1.00000000 0.22361350 1.00000000 0.11371893
0 0.26714721 0.72481831 0.29798311 0.76428647 0.31140536 0.75753991 0.27850124 0.71781584 0.26714721 0.72481831
0 0.19368453 0.69061048 0.21675822 0.72492826 0.27251637 0.69819018 0.24737423 0.66361844 0.19368453 0.69061048
0 0.24020720 0.37890625 0.24961726 0.38892828 0.26547800 0.37890625 0.24020720 0.37890625
0 0.04755687 0.51314522 0.10229937 0.49467901 0.09449784 0.47273263 0.04182380 0.49145281 0.04755687 0.51314522
0 0.95822487 1.00000000 0.95840049 0.99852323 0.96101963 0.99641105 0.94469312 0.99434132 0.94264729 0.99163776 0.94407921 0.97959698 0.94669776 0.97748473 0.96302428 0.97955446 0.96445613 0.96751429 0.94812962 0.96544456 0.94608379 0.96274100 0.94751564 0.95070084 0.95013426 0.94858796 0.96646078 0.95065770 0.96789263 0.93861753 0.95389831 0.93684346 0.95185248 0.93413989 0.95328441 0.92209912 0.95590295 0.91998686 0.96989728 0.92176094 0.97075635 0.91453721 0.87979502 0.90300594 0.87774926 0.90030176 0.84043185 0.89557100 0.82983599 0.98466918 0.84849469 0.98703457 0.85054045 0.98973875 0.92517527 0.99920028 0.92578043 1.00000000 0.95822487 1.00000000
0 0.44311612 0.87209105 0.44049758 0.87420331 0.42417118 0.87213359 0.42216654 0.88899019 0.43616074 0.89076425 0.43820658 0.89346781 0.43677465 0.90550859 0.43415610 0.90762085 0.42016189 0.90584679 0.41844368 0.92029486 0.43243789 0.92206892 0.43448364 0.92477310 0.43333822 0.93440474 0.43071960 0.93651761 0.41672539 0.93474355 0.41472082 0.95159953 0.42871503 0.95337359 0.43076079 0.95607777 0.42961529 0.96571002 0.54156752 0.97990233 0.55645902 0.85468303 0.43051276 0.83871669 0.42879455 0.85316476 0.44045639 0.85464315 0.44250222 0.85734671 0.44135665 0.86697958 0.44340248 0.86968314 0.44311612 0.87209105
0 0.39843750 0.96175758 0.40629191 0.96275329 0.42118341 0.83753400 0.39843750 0.83465048 0.39843750 0.96175758
0 0.96809602 0.89708923 0.96605019 0.89438566 0.96690933 0.88716132 0.96952795 0.88504845 0.97419292 0.88563983 0.97562478 0.87359967 0.96163046 0.87182559 0.95958462 0.86912203 0.96101648 0.85708187 0.96363503 0.85496961 0.97762935 0.85674369 0.97877493 0.84711082 0.96478060 0.84533674 0.96273477 0.84263318 0.96416662 0.83059302 0.96678517 0.82848076 0.98077950 0.83025484 0.98221136 0.81821468 0.96821703 0.81644060 0.96617127 0.81373642 0.96731677 0.80410417 0.96993531 0.80199191 0.98392964 0.80376599 0.98507514 0.79413373 0.85679640 0.77787170 0.84362318 0.88864230 0.88094059 0.89337307 0.88355913 0.89126082 0.97218828 0.90249643 0.97276099 0.89768061 0.96809602 0.89708923
0 0.72008863 0.77276279 0.72213506 0.77546643 0.72070313 0.78750721 0.71808399 0.78961939 0.70642245 0.78814104 0.70380390 0.79025330 0.70208562 0.80470199 0.71607935 0.80647598 0.71812578 0.80917963 0.71640749 0.82362831 0.71378835 0.82574049 0.69979462 0.82396649 0.69807640 0.83841456 0.70507297 0.83930153 0.70711932 0.84200578 0.71178370 0.84259709 0.71383013 0.84530073 0.71239828 0.85734089 0.70977913 0.85945307 0.69578540 0.85767907 0.69492626 0.86490341 0.70425561 0.86608611 0.70630144 0.86878967 0.80892432 0.88179928 0.82324304 0.76139642 0.77193130 0.75489158 0.76988547 0.75218802 0.72790368 0.74686594 0.72704461 0.75408967 0.72442607 0.75620192 0.71043174 0.75442785 0.70871345 0.76887654 0.70609491 0.77098879 0.72008863 0.77276279
0 0.59029559 0.72942121 0.58685916 0.75831736 0.58424054 0.76043023 0.57364468 0.84952842 0.68792910 0.86401638 0.70224781 0.74361352 0.59029559 0.72942121
0 0.39843750 0.82242879 0.39929189 0.82253711 0.40133784 0.82524069 0.56226949 0.84564216 0.56284228 0.84082573 0.55351233 0.83964296 0.55146650 0.83693940 0.54680212 0.83634809 0.54475629 0.83364453 0.54618815 0.82160436 0.54880677 0.81949149 0.56513328 0.82156122 0.57114714 0.77099204 0.55482063 0.76892231 0.55277479 0.76621875 0.55420672 0.75417797 0.55682527 0.75206572 0.57315179 0.75413545 0.57630186 0.72764721 0.55997534 0.72557749 0.55792958 0.72287330 0.39843750 0.70265432 0.39843750 0.82242879
0 0.73473550 0.66951226 0.73330364 0.68155242 0.73068450 0.68366460 0.71902296 0.68218626 0.71640441 0.68429851 0.71468612 0.69874720 0.73101264 0.70081693 0.73305847 0.70352049 0.73162661 0.71556065 0.72900807 0.71767291 0.71268155 0.71560318 0.71067691 0.73245978 0.72467064 0.73423378 0.72671707 0.73693742 0.72643064 0.73934594 0.75208591 0.74259829 0.75413174 0.74530185 0.82410218 0.75417208 0.83584354 0.65544164 0.80085832 0.65100652 0.79881256 0.64830234 0.74050426 0.64091054 0.73935869 0.65054341 0.73412100 0.65476784 0.72012727 0.65299384 0.71869541 0.66503400 0.73268914 0.66680800 0.73473550 0.66951226
0 1.00000000 0.67380709 0.87577957 0.65805953 0.87373374 0.65535597 0.87140155 0.65506032 0.85966019 0.75379076 0.85704157 0.75590363 0.85560971 0.76794379 0.85765554 0.77064736 0.96727558 0.78454400 0.96932141 0.78724757 0.98564793 0.78931730 0.98622064 0.78450148 0.97222631 0.78272740 0.97018048 0.78002384 0.97161241 0.76798306 0.97423096 0.76587081 0.98822529 0.76764488 0.98965714 0.75560472 0.97799501 0.75412630 0.97594917 0.75142273 0.97738103 0.73938257 0.97999965 0.73726970 0.99399398 0.73904378 0.99542583 0.72700361 0.97909932 0.72493388 0.97705349 0.72223032 0.97791263 0.71500598 0.98053117 0.71289372 0.98081761 0.71048520 0.98343615 0.70837294 0.99743048 0.71014702 0.99886233 0.69810686 0.98486801 0.69633278 0.98282218 0.69362922 0.98425403 0.68158905 0.98687265 0.67947618 1.00000000 0.68114035 1.00000000 0.67380709
0 0.64254576 0.62849223 0.64049993 0.62578867 0.60318252 0.62105790 0.59115473 0.72219687 0.70310696 0.73638918 0.71284375 0.65451471 0.71546229 0.65240246 0.71718058 0.63795377 0.64254576 0.62849223
0 0.52871305 0.68983708 0.56836265 0.69486351 0.57208551 0.66355884 0.55809178 0.66178484 0.55604535 0.65908120 0.55747721 0.64704104 0.56009642 0.64492824 0.57409015 0.64670224 0.58325416 0.56964421 0.58587270 0.56753196 0.58644549 0.56271553 0.58439966 0.56001196 0.57273812 0.55853362 0.57069228 0.55583005 0.57212414 0.54378989 0.57474276 0.54167702 0.58640430 0.54315536 0.58902284 0.54104311 0.59360485 0.50251410 0.53762873 0.49541794 0.53558290 0.49271438 0.46094820 0.48325286 0.43689269 0.68553018 0.48587212 0.69173935 0.48673127 0.68451501 0.48934981 0.68240275 0.52666722 0.68713352 0.52871305 0.68983708
0 1.00000000 0.54914482 0.88805246 0.53495311 0.88146581 0.59033872 0.87884726 0.59245098 0.87226062 0.64783659 0.95855698 0.65877647 0.96060281 0.66148003 1.00000000 0.66647446 1.00000000 0.66403025 0.98887722 0.66262020 0.98683146 0.65991602 0.98826332 0.64787586 0.99088187 0.64576360 1.00000000 0.64691952 1.00000000 0.63469721 0.99231380 0.63372282 0.99026796 0.63101926 0.99198618 0.61657119 0.99460480 0.61445832 1.00000000 0.61514227 1.00000000 0.60292059 0.99603665 0.60241815 0.99399082 0.59971459 0.99542268 0.58767443 0.99804122 0.58556217 1.00000000 0.58581049 1.00000000 0.57358819 0.99947316 0.57352140 0.99742732 0.57081783 0.99885918 0.55877767 1.00000000 0.55785718 1.00000000 0.54914482
0 0.73591911 0.54011037 0.73391446 0.55696696 0.74790879 0.55874104 0.74995462 0.56144460 0.74852269 0.57348538 0.74590414 0.57559763 0.72957763 0.57352791 0.72757298 0.59038450 0.74389950 0.59245423 0.74594533 0.59515780 0.74451347 0.60719796 0.74189493 0.60931021 0.72790060 0.60753614 0.72528198 0.60964901 0.72270462 0.63132143 0.83698904 0.64580938 0.84300297 0.59523959 0.84562152 0.59312734 0.85306723 0.53051800 0.73878282 0.51603004 0.73792375 0.52325377 0.75191808 0.52502784 0.75396383 0.52773202 0.75253198 0.53977219 0.74991343 0.54188444 0.73591911 0.54011037
0 0.66881238 0.50715981 0.66676655 0.50445625 0.62011979 0.49854279 0.61525143 0.53947971 0.61263288 0.54159197 0.60404159 0.61383418 0.71832601 0.62832213 0.73178566 0.51514300 0.66881238 0.50715981
0 0.39843750 0.69043264 0.42641784 0.69397974 0.42842249 0.67712314 0.41442852 0.67534911 0.41238251 0.67264553 0.41495986 0.65097311 0.41757859 0.64886088 0.43157256 0.65063491 0.43529549 0.61932962 0.42130152 0.61755559 0.41925551 0.61485201 0.42068737 0.60281184 0.42330616 0.60069900 0.43030315 0.60158601 0.43292187 0.59947378 0.43758649 0.60006512 0.44216849 0.56153610 0.43750387 0.56094476 0.43545786 0.55824118 0.43079319 0.55764983 0.42874724 0.55494625 0.42989274 0.54531400 0.42784680 0.54260980 0.43046552 0.54049756 0.44445949 0.54227160 0.44789599 0.51337483 0.45051472 0.51126260 0.45080107 0.50885469 0.44875514 0.50615049 0.43476117 0.50437646 0.43271516 0.50167288 0.43414701 0.48963271 0.43676574 0.48752048 0.45309208 0.48959019 0.45509672 0.47273359 0.42244399 0.46859417 0.39843750 0.67045926 0.39843750 0.69043264
0 1.00000000 0.41470446 0.90147091 0.40221382 0.89602979 0.44796705 0.91002351 0.44974106 0.91206993 0.45244482 0.91063806 0.46448510 0.90801893 0.46659716 0.89402520 0.46482316 0.88915677 0.50576070 0.96845596 0.51581354 0.97103339 0.49414051 0.97365194 0.49202826 0.98764627 0.49380233 0.99423288 0.43841703 0.99685144 0.43630459 1.00000000 0.43670373 1.00000000 0.41470446
0 0.43310998 0.37890625 0.42559413 0.44210532 0.47224089 0.44801878 0.48045999 0.37890625 0.43310998 0.37890625
