0 0.75295398 0.32962150 0.68375449 0.30395165 0.67865639 0.32391050 0.74785587 0.34958035 0.75295398 0.32962150
0 0.39973958 0.73343254 0.39379282 0.73421589 0.37621821 0.72861235 0.34028176 0.71308973 0.31297314 0.70239455 0.28245505 0.68955266 0.24059689 0.88035405 0.25817045 0.88595578 0.32841702 0.91095465 0.36666296 0.91904719 0.38438720 0.84064315 0.39973958 0.84433524 0.39973958 0.73343254
0 0.66405869 0.86020438 0.69164958 0.88061576 0.70486197 0.87761342 0.67530032 0.85702105 0.66405869 0.86020438
0 0.59532003 0.84129655 0.61572506 0.85894702 0.67054670 0.84711484 0.64817058 0.82928434 0.59532003 0.84129655
0 0.84032982 0.77211237 0.86223342 0.76148364 0.85377158 0.75650063 0.86107256 0.75295835 0.85423240 0.74917625 0.86153371 0.74563302 0.85075323 0.74149100 0.81030702 0.75884534 0.84032982 0.77211237
0 0.92784505 0.78957787 0.91822542 0.79396115 0.92668726 0.79894415 0.96609298 0.78465212 0.95079099 0.77588700 0.92100489 0.78579577 0.92784505 0.78957787
0 0.89097717 0.75463701 0.93328887 0.77955030 0.94290849 0.77516703 0.90059495 0.75025357 0.89097717 0.75463701
0 0.65791560 0.68906250 0.66412899 0.69287167 0.67723940 0.68906250 0.65791560 0.68906250
0 0.84263403 0.71759524 0.87613600 0.73854751 0.88540840 0.73518432 0.84993501 0.71405297 0.84263403 0.71759524
0 0.46408911 0.74932384 0.51752085 0.74157482 0.51114152 0.73046833 0.45968086 0.73839738 0.46408911 0.74932384
