0 0.41927083 0.22835282 0.41870407 0.22316951 0.40127324 0.21325047 0.16142876 0.24819728 0.10352271 0.26601842 0.09488447 0.27671396 0.09594711 0.32750775 0.10573881 0.36955437 0.26375187 0.34319088 0.29456243 0.33212758 0.41925794 0.31904824 0.41927083 0.31902916 0.41927083 0.22835282
0 0.76473120 0.25788437 0.77245599 0.25731756 0.77151073 0.24313281 0.66283076 0.24296376 0.66377590 0.25714661 0.66956905 0.25672153 0.66858447 0.27104788 0.76554139 0.27004219 0.76473120 0.25788437
0 0.87755936 0.00000000 0.87831330 0.01131358 0.95968735 0.00941445 0.95905998 0.00000000 0.87755936 0.00000000
0 0.19347906 1.00000000 0.20290548 0.99938588 0.20164877 0.98264200 0.19838099 0.98285489 0.19663307 0.98143926 0.19651880 0.97991681 0.19302296 0.97708554 0.19279448 0.97404141 0.19583334 0.97078403 0.20073480 0.97046470 0.19776441 0.93088830 0.19613031 0.93099476 0.19438238 0.92957913 0.19415391 0.92653500 0.19088654 0.92674786 0.18913862 0.92533223 0.18845314 0.91619906 0.18997258 0.91457057 0.19814141 0.91403838 0.19631348 0.88968378 0.19456556 0.88826815 0.19353733 0.87456840 0.19026955 0.87478129 0.18852162 0.87336566 0.18688794 0.87347210 0.18514002 0.87205647 0.18434030 0.86140123 0.18585974 0.85977274 0.19239489 0.85934698 0.18919601 0.81672644 0.18266087 0.81715220 0.18091295 0.81573657 0.18022746 0.80660341 0.18174690 0.80497491 0.18828205 0.80454915 0.18416921 0.74975132 0.18242084 0.74833532 0.16771686 0.74929328 0.16817388 0.75538231 0.16665443 0.75701081 0.15848560 0.75754300 0.15859984 0.75906507 0.15556053 0.76232209 0.14902538 0.76274785 0.14913965 0.76427030 0.14762020 0.76589880 0.13945137 0.76643100 0.13956561 0.76795306 0.13804620 0.76958195 0.13151063 0.77000773 0.13162487 0.77152980 0.13010542 0.77315830 0.12193659 0.77369049 0.12216507 0.77673462 0.12064565 0.77836351 0.10430757 0.77942792 0.10465032 0.78399450 0.10313087 0.78562300 0.09496204 0.78615519 0.09344218 0.78778372 0.09355642 0.78930578 0.09203697 0.79093428 0.08223446 0.79157291 0.08234873 0.79309536 0.08082886 0.79472388 0.07429413 0.79514962 0.07452264 0.79819414 0.07300278 0.79982266 0.06646763 0.80024842 0.06658187 0.80177048 0.06506242 0.80339898 0.05689359 0.80393118 0.05700783 0.80545324 0.05548800 0.80708215 0.04895326 0.80750789 0.04591396 0.81076491 0.04101258 0.81108423 0.03949308 0.81271313 0.03960732 0.81423519 0.03808779 0.81586369 0.02991883 0.81639589 0.02687973 0.81965290 0.01217567 0.82061086 0.01065613 0.82223976 0.01122735 0.82985047 0.01297539 0.83126609 0.01423210 0.84800997 0.01271253 0.84963847 0.00454360 0.85017067 0.00614305 0.87148114 0.01267818 0.87105538 0.01442622 0.87247100 0.01499744 0.88008171 0.01674549 0.88149734 0.01697400 0.88454186 0.01545443 0.88617036 0.00728549 0.88670256 0.01025589 0.92627897 0.01679102 0.92585321 0.01853906 0.92726883 0.01899604 0.93335748 0.01747647 0.93498598 0.01420894 0.93519886 0.01432321 0.93672132 0.01280364 0.93834982 0.01116985 0.93845626 0.01448297 0.98259886 0.02101809 0.98217310 0.02276614 0.98358872 0.02356587 0.99424396 0.02204630 0.99587246 0.01551117 0.99629822 0.01578900 1.00000000 0.19347906 1.00000000
0 0.20226631 0.81587492 0.19573116 0.81630068 0.20292864 0.91219698 0.20619600 0.91198412 0.20794392 0.91339975 0.21121171 0.91318686 0.21295963 0.91460249 0.21353085 0.92221320 0.21527922 0.92362919 0.21375935 0.92525772 0.20395684 0.92589634 0.20704145 0.96699442 0.21030881 0.96678156 0.21555302 0.97102881 0.21623851 0.98016198 0.21471907 0.98179048 0.20818392 0.98221624 0.20944063 0.99896012 0.30256639 0.99289305 0.29788233 0.93048450 0.29134718 0.93091026 0.28959923 0.92949424 0.28822829 0.91122830 0.28647995 0.90981270 0.28579446 0.90067953 0.27762563 0.90121172 0.27412979 0.89838046 0.27378704 0.89381388 0.27530649 0.89218538 0.27857427 0.89197249 0.27682593 0.89055688 0.27659743 0.88751236 0.26679491 0.88815099 0.26504699 0.88673536 0.26390455 0.87151393 0.26542396 0.86988504 0.26705765 0.86977861 0.26614368 0.85760132 0.26439576 0.85618569 0.26382454 0.84857497 0.26207662 0.84715934 0.25717515 0.84747867 0.25542679 0.84606267 0.25439858 0.83236331 0.25265066 0.83094768 0.25207944 0.82333697 0.24391061 0.82386916 0.24216266 0.82245314 0.24079172 0.80418720 0.23262288 0.80471939 0.23087455 0.80330379 0.22893238 0.77742713 0.22239723 0.77785289 0.22064931 0.77643726 0.21973535 0.76425996 0.21320020 0.76468572 0.20970391 0.76185410 0.20913269 0.75424339 0.20749900 0.75434982 0.19701100 0.74585528 0.19047585 0.74628104 0.19470296 0.80260132 0.19645088 0.80401696 0.20135235 0.80369763 0.20310027 0.80511326 0.20378576 0.81424643 0.20226631 0.81587492
0 0.41927083 0.70974303 0.42684663 0.70938670 0.42668840 0.70786463 0.42879308 0.70623613 0.42816012 0.70014748 0.41927083 0.70056560 0.41927083 0.70974303
0 0.41927083 0.69352013 0.42073835 0.69437815 0.42058011 0.69285609 0.41927083 0.69291767 0.41927083 0.69352013
0 0.57593240 0.67790062 0.57577417 0.67637856 0.57335255 0.67496296 0.54619777 0.67624021 0.54635600 0.67776227 0.56219619 0.67701721 0.56461780 0.67843282 0.56477604 0.67995488 0.57835343 0.67931626 0.57593240 0.67790062
0 0.41927083 0.68832876 0.43368307 0.68765087 0.43289187 0.68004015 0.42157717 0.68057235 0.41927083 0.67922354 0.41927083 0.68832876
0 0.41927083 0.67456202 0.43678477 0.67373824 0.43662654 0.67221617 0.41927083 0.67303251 0.41927083 0.67456202
0 0.41927083 0.66232518 0.42194115 0.66219958 0.42436235 0.66361559 0.42452058 0.66513766 0.43809832 0.66449902 0.43762359 0.65993251 0.43536062 0.66003895 0.43293940 0.65862325 0.42615059 0.65894257 0.42372937 0.65752687 0.42357113 0.65600469 0.41927083 0.65620696 0.41927083 0.66232518
0 0.46272195 0.63886714 0.46335491 0.64495579 0.46124977 0.64658439 0.46156626 0.64962876 0.46609244 0.64941586 0.46851348 0.65083157 0.46867172 0.65235371 0.47546071 0.65203438 0.47966984 0.64877724 0.48645882 0.64845791 0.48630058 0.64693573 0.48840572 0.64530708 0.48777276 0.63921844 0.48987732 0.63758986 0.48908612 0.62997907 0.49119068 0.62835046 0.49071596 0.62378399 0.48166417 0.62420975 0.47924312 0.62279400 0.47892664 0.61974968 0.46761205 0.62028187 0.46792853 0.62332620 0.46582339 0.62495484 0.46645636 0.63104348 0.46435179 0.63267206 0.46482651 0.63723856 0.46272195 0.63886714
0 0.42861936 0.63894161 0.42909408 0.64350807 0.42698940 0.64513669 0.44283000 0.64439161 0.44219704 0.63830296 0.44430177 0.63667434 0.44382705 0.63210787 0.44593173 0.63047926 0.44545701 0.62591279 0.44756168 0.62428417 0.44724520 0.62123985 0.43366758 0.62187848 0.43398406 0.62492281 0.43187933 0.62655143 0.43235404 0.63111789 0.43024931 0.63274652 0.43072403 0.63731298 0.42861936 0.63894161
