0 0.35952323 0.11975265 0.36882791 0.08161395 0.22258774 0.02753180 0.19509189 0.08283710 0.20092561 0.09746321 0.29077319 0.13178598 0.30452112 0.10413333 0.35952323 0.11975265
0 0.38412549 0.25976562 0.43501652 0.15797502 0.43498516 0.14416437 0.39627146 0.12491728 0.38306718 0.14870169 0.33773565 0.13444148 0.29371094 0.20911931 0.26995788 0.20972568 0.26116548 0.23018550 0.23581286 0.25620721 0.23444729 0.25976562 0.38412549 0.25976562
0 1.00000000 0.20993243 0.47851562 0.12763891 0.47851562 0.15927111 1.00000000 0.24156463 1.00000000 0.20993243
0 1.00000000 0.13388680 0.47851562 0.05171362 0.47851562 0.08348088 1.00000000 0.16747219 1.00000000 0.13388680
0 0.47851562 0.00000000 0.47851562 0.00742994 1.00000000 0.08960312 1.00000000 0.05586427 0.64548347 0.00000000 0.47851562 0.00000000
0 0.68942944 0.25976562 0.69293308 0.23483593 0.48485486 0.20348797 0.48050570 0.23443385 0.63805416 0.25976562 0.68942944 0.25976562
0 0.20610404 0.70070676 0.11887316 0.61409963 0.10647473 0.63876554 0.18748954 0.71793954 0.19182593 0.71007002 0.19768209 0.71682421 0.20610404 0.70070676
0 0.11469806 0.72508477 0.06827596 0.67992610 0.06495978 0.68736196 0.10514379 0.72505294 0.11200668 0.73111261 0.11469806 0.72508477
0 0.12866537 0.69564447 0.09480151 0.66249490 0.09136848 0.66949161 0.12359433 0.70012561 0.12613272 0.70201647 0.12866537 0.69564447
0 0.40602061 0.96222293 0.41616984 0.99157699 0.44138334 0.96450159 0.45853154 0.94574524 0.44917537 0.91602863 0.44218041 0.92228831 0.43780319 0.90735409 0.40772379 0.93869106 0.41279811 0.95280654 0.40602061 0.96222293
0 0.45870232 1.00000000 0.47405278 0.98363236 0.47193106 0.97780275 0.45111832 1.00000000 0.45870232 1.00000000
0 0.37156516 0.99618310 0.38235698 0.99861547 0.38371321 0.99141508 0.37346757 0.98895482 0.36086221 0.98067989 0.35425136 0.97281549 0.35014108 0.97853262 0.35844334 0.98747109 0.37156516 0.99618310
0 0.34920304 1.00000000 0.33787417 0.98850383 0.33364593 0.99475427 0.33868505 1.00000000 0.34920304 1.00000000
0 0.24327788 0.45129174 0.25187878 0.47248403 0.27989028 0.44019086 0.27064691 0.41832779 0.24327788 0.45129174
0 0.28333440 0.43655973 0.28922200 0.48225444 0.30583034 0.47102969 0.29868158 0.42689680 0.28333440 0.43655973
0 0.26653381 0.57598485 0.26665391 0.58266217 0.30104992 0.57492630 0.30084616 0.56801981 0.26653381 0.57598485
0 0.28691588 0.59771624 0.28711156 0.60569937 0.30855488 0.59651460 0.30790250 0.58854901 0.28691588 0.59771624
0 0.59329486 0.78940212 0.60959621 0.89159832 0.72304004 0.85626150 0.82243277 0.83670081 0.87295806 0.81861561 0.85723494 0.77793547 0.88724508 0.77080122 0.89651364 0.80805157 0.93587661 0.80136399 0.96431215 0.79676818 0.94871308 0.73277098 0.94200309 0.70163672 0.91843942 0.70139782 0.88594504 0.70756451 0.87517970 0.66819959 0.85934833 0.67226948 0.72795379 0.70902813 0.71428876 0.71369936 0.71922411 0.75710924 0.64862882 0.77258295 0.59329486 0.78940212
