0 0.00000000 0.29328916 0.25698910 0.28255061 0.29332933 0.27485050 0.29798536 0.24923056 0.30018814 0.11126480 0.29355035 0.10584112 0.11513682 0.11576458 0.12054245 0.12447253 0.12238239 0.20873190 0.09398025 0.22169215 0.08323713 0.20739696 0.08132905 0.12001687 0.00000000 0.12263619 0.00000000 0.29328916
0 0.70453334 0.24610888 0.73671400 0.26956864 0.74712947 0.26328627 0.71314941 0.23990149 0.70453334 0.24610888
0 0.63684792 0.23145684 0.66164622 0.25230964 0.70510713 0.22709972 0.67850952 0.20632327 0.63684792 0.23145684
0 0.82471054 0.09643646 0.83976804 0.07827353 0.83039777 0.07282933 0.83541699 0.06677593 0.82793864 0.06271225 0.83295778 0.05665748 0.82188249 0.05274642 0.79318969 0.08317013 0.82471054 0.09643646
0 0.90830187 0.10603258 0.90157763 0.11361911 0.91094791 0.11906332 0.93992519 0.09300854 0.92307657 0.08350065 0.90082351 0.10196889 0.90830187 0.10603258
0 0.86230390 0.06417429 0.90915678 0.09139250 0.91588102 0.08380597 0.86902645 0.05658783 0.86230390 0.06417429
0 0.63917920 0.01668872 0.65811812 0.00274211 0.63653316 0.00365799 0.62791541 0.00986545 0.63917920 0.01668872
0 0.80541915 0.02131716 0.84299614 0.04454932 0.84981459 0.03841821 0.81043837 0.01526376 0.80541915 0.02131716
0 0.48578432 0.12688078 0.52962233 0.10749666 0.51968485 0.09331589 0.47764615 0.11262367 0.48578432 0.12688078
0 0.39211125 0.81395456 0.39258107 0.82492569 0.39088218 0.82723536 0.39135201 0.83820649 0.38965310 0.84051559 0.39012292 0.85148672 0.38842355 0.85379586 0.38889340 0.86476755 0.38719449 0.86707665 0.38738241 0.87146488 0.42503509 0.86904997 0.42475321 0.86246763 0.42645212 0.86015852 0.42570039 0.84260449 0.41673555 0.84317946 0.41484869 0.84109977 0.41437886 0.83012864 0.41607778 0.82781954 0.41542001 0.81245962 0.40645517 0.81303459 0.40456833 0.81095547 0.40447437 0.80876135 0.40617326 0.80645169 0.40560948 0.79328644 0.40730839 0.79097734 0.40693250 0.78219976 0.39617479 0.78288972 0.39626877 0.78508440 0.39456940 0.78739353 0.39503923 0.79836466 0.39334031 0.80067377 0.39381016 0.81164546 0.39211125 0.81395456
0 0.42633159 0.43750000 0.42662255 0.44429417 0.42492364 0.44660344 0.42539347 0.45757474 0.42369410 0.45988398 0.42416393 0.47085523 0.42246503 0.47316450 0.42293487 0.48413591 0.42123595 0.48644501 0.42179974 0.49961026 0.42010085 0.50191992 0.42057068 0.51289105 0.41887176 0.51520016 0.41934161 0.52617185 0.41764224 0.52848098 0.41811207 0.53945211 0.41641315 0.54176122 0.41688298 0.55273235 0.41518409 0.55504201 0.41574788 0.56820726 0.41404850 0.57051639 0.41451835 0.58148808 0.41281944 0.58379718 0.41328926 0.59476832 0.41159038 0.59707798 0.41206020 0.60804911 0.41036129 0.61035822 0.41083111 0.62132934 0.40913220 0.62363845 0.40969601 0.63680426 0.40799664 0.63911338 0.40846649 0.65008508 0.40676757 0.65239418 0.40723740 0.66336531 0.40553848 0.66567442 0.40600831 0.67664555 0.40430896 0.67895524 0.40477879 0.68992637 0.40307987 0.69223548 0.40364369 0.70540128 0.40194477 0.70771038 0.40232064 0.71648740 0.40062172 0.71879651 0.40118554 0.73196231 0.39948662 0.73427141 0.40127950 0.73415642 0.40316633 0.73623555 0.41213117 0.73566058 0.41184926 0.72907767 0.41354864 0.72676854 0.42430635 0.72607858 0.42600526 0.72376948 0.42581734 0.71938125 0.42751669 0.71707156 0.45799741 0.71511663 0.44869471 0.49788531 0.44690183 0.49800030 0.44501454 0.49592120 0.44671391 0.49361207 0.44605614 0.47825226 0.44775505 0.47594305 0.44719126 0.46277752 0.43822596 0.46335253 0.43633911 0.46127323 0.43586928 0.45030199 0.43756819 0.44799277 0.43711885 0.43750000 0.42633159 0.43750000
0 0.22379971 0.43750000 0.22137573 0.43765547 0.22175160 0.44643248 0.22005269 0.44874170 0.22052252 0.45971300 0.21882361 0.46202227 0.21929345 0.47299351 0.21759454 0.47530273 0.21806437 0.48627403 0.21636546 0.48858330 0.21683529 0.49955454 0.21513592 0.50186367 0.21560575 0.51283481 0.21390686 0.51514447 0.21437668 0.52611560 0.21267777 0.52842470 0.21314762 0.53939640 0.21144825 0.54170553 0.21191807 0.55267666 0.21021916 0.55498576 0.21068899 0.56595689 0.20899009 0.56826656 0.20945992 0.57923769 0.20776101 0.58154679 0.20823086 0.59251848 0.20653194 0.59482759 0.20700177 0.60579872 0.20530240 0.60810785 0.20558430 0.61469075 0.24861607 0.61193085 0.25050336 0.61400995 0.26305395 0.61320500 0.26494125 0.61528409 0.26550506 0.62844990 0.26380568 0.63075903 0.26436950 0.64392484 0.26267058 0.64623394 0.26323439 0.65939975 0.26153548 0.66170885 0.26219325 0.67706877 0.26049388 0.67937790 0.26105766 0.69254315 0.25935877 0.69485281 0.26001652 0.71021217 0.27077469 0.70952218 0.27266155 0.71160187 0.27096264 0.71391097 0.27133850 0.72268799 0.26963959 0.72499709 0.27010942 0.73596822 0.26841004 0.73827735 0.26887989 0.74924905 0.26718098 0.75155815 0.26755685 0.76033517 0.26585793 0.76264427 0.26632776 0.77361540 0.26462841 0.77592509 0.26509823 0.78689623 0.26339932 0.78920533 0.26386917 0.80017702 0.26217026 0.80248612 0.26254612 0.81126314 0.26084721 0.81357224 0.26273404 0.81565137 0.27169888 0.81507640 0.27358620 0.81715606 0.27405603 0.82812718 0.27235665 0.83043632 0.27292044 0.84360156 0.27122155 0.84591123 0.27169138 0.85688236 0.26999246 0.85919146 0.27046232 0.87016315 0.26876294 0.87247228 0.26913881 0.88124930 0.38030443 0.87411954 0.38200332 0.87180987 0.38190936 0.86961576 0.37473740 0.87007574 0.37096373 0.86591749 0.37030596 0.85055757 0.37200487 0.84824847 0.37738396 0.84790348 0.37927079 0.84998260 0.38285654 0.84975262 0.38266862 0.84536439 0.38436797 0.84305470 0.38371022 0.82769534 0.37474539 0.82827031 0.37285807 0.82619066 0.37257616 0.81960775 0.37427554 0.81729862 0.37399365 0.81071628 0.37569255 0.80840661 0.38824359 0.80760163 0.38777376 0.79663050 0.38947268 0.79432140 0.38900283 0.78334971 0.37824466 0.78403970 0.37635782 0.78196057 0.37607594 0.77537823 0.37777483 0.77306857 0.37749292 0.76648566 0.37919184 0.76417656 0.39174288 0.76337158 0.39136702 0.75459457 0.39306593 0.75228546 0.39269007 0.74350844 0.38910432 0.74373842 0.38721748 0.74165930 0.38363127 0.74188930 0.38174443 0.73981018 0.38108666 0.72445026 0.38278558 0.72214115 0.39354375 0.72145117 0.39524264 0.71914150 0.39477281 0.70817037 0.39647173 0.70586127 0.39628378 0.70147247 0.38731894 0.70204745 0.38543211 0.69996832 0.38515020 0.69338542 0.38684912 0.69107632 0.38656721 0.68449341 0.38826612 0.68218431 0.39902430 0.68149432 0.39713746 0.67941519 0.38817217 0.67999020 0.38628530 0.67791051 0.38798422 0.67560141 0.38742043 0.66243616 0.38911932 0.66012650 0.39987749 0.65943651 0.40157641 0.65712740 0.40120054 0.64835039 0.39044283 0.64904035 0.38855554 0.64696125 0.38846157 0.64476714 0.39016092 0.64245745 0.38969110 0.63148632 0.39139001 0.62917721 0.40394106 0.62837223 0.40356519 0.61959522 0.40526411 0.61728611 0.39450639 0.61797607 0.39261910 0.61589698 0.39233719 0.60931408 0.39403654 0.60700438 0.39582942 0.60688939 0.39752833 0.60458029 0.39734041 0.60019206 0.39903933 0.59788296 0.40621129 0.59742297 0.40602334 0.59303418 0.40772272 0.59072505 0.40725289 0.57975392 0.40895178 0.57744426 0.39819361 0.57813425 0.39630677 0.57605512 0.39602487 0.56947222 0.39772378 0.56716312 0.39744188 0.56058022 0.39914079 0.55827111 0.40451988 0.55792612 0.40621925 0.55561698 0.40980500 0.55538701 0.40971102 0.55319233 0.41140993 0.55088323 0.41075216 0.53552331 0.40178732 0.53609828 0.39990049 0.53401916 0.39952462 0.52524214 0.40122354 0.52293303 0.40103559 0.51854425 0.40273451 0.51623514 0.40452784 0.51612012 0.40641468 0.51819925 0.41358664 0.51773927 0.41330475 0.51115692 0.41500367 0.50884782 0.41443986 0.49568201 0.40368215 0.49637198 0.40179485 0.49429288 0.40170089 0.49209877 0.40340024 0.48978907 0.40302438 0.48101217 0.40642220 0.47639374 0.41718037 0.47570375 0.41699243 0.47131518 0.41869134 0.46900597 0.41822151 0.45803472 0.41992042 0.45572545 0.41935662 0.44255993 0.41039178 0.44313490 0.40850448 0.44105569 0.40835221 0.43750000 0.22379971 0.43750000
0 0.00000000 0.61687493 0.03478052 0.61464423 0.03647954 0.61233456 0.08668336 0.60911467 0.08838228 0.60680557 0.13858601 0.60358568 0.14028492 0.60127657 0.16717989 0.59955163 0.16906673 0.60163075 0.16972450 0.61699068 0.19482659 0.61538072 0.19435676 0.60440958 0.18539147 0.60498458 0.18350461 0.60290490 0.18331669 0.59851667 0.18501560 0.59620757 0.18473370 0.58962467 0.18643307 0.58731553 0.19719078 0.58662557 0.19690887 0.58004267 0.19860779 0.57773357 0.19832588 0.57115066 0.19662697 0.57345977 0.18766213 0.57403474 0.18577530 0.57195561 0.18568134 0.56976150 0.18738023 0.56745183 0.18681644 0.55428659 0.18851535 0.55197749 0.19389444 0.55163249 0.19578127 0.55371162 0.19936748 0.55348161 0.20106640 0.55117251 0.20069053 0.54239549 0.18993282 0.54308545 0.18804553 0.54100635 0.18795154 0.53881168 0.18965092 0.53650255 0.18918109 0.52553142 0.19088000 0.52322232 0.20343105 0.52241733 0.20305516 0.51363976 0.19229699 0.51432975 0.19041015 0.51225062 0.19022223 0.50786239 0.19192115 0.50555329 0.19163924 0.49897039 0.19333813 0.49666072 0.20588918 0.49585574 0.20570126 0.49146752 0.20740017 0.48915830 0.20711826 0.48257551 0.19636055 0.48326547 0.19447325 0.48118626 0.19400342 0.47021496 0.19570279 0.46790566 0.19560882 0.46571144 0.19730773 0.46340222 0.20806544 0.46271226 0.20976481 0.46040296 0.20957687 0.45601445 0.19702583 0.45681943 0.19513899 0.45474019 0.19683790 0.45243092 0.19636806 0.44145965 0.19806697 0.43915041 0.00980311 0.45122498 0.01027294 0.46219622 0.00857394 0.46450550 0.00904378 0.47547680 0.00734473 0.47778603 0.00781456 0.48875727 0.00611552 0.49106655 0.00658535 0.50203785 0.00488635 0.50434707 0.00535618 0.51531820 0.00365719 0.51762787 0.00393908 0.52421021 0.01469697 0.52352024 0.01658394 0.52559935 0.01667793 0.52779403 0.01497888 0.53010314 0.01535474 0.53888016 0.01195673 0.54349837 0.00119874 0.54418835 0.00176255 0.55735416 0.00006355 0.55966327 0.00081528 0.57721731 0.00000000 0.57832535 0.00000000 0.58468185 0.00119115 0.58599432 0.00657014 0.58564933 0.00845709 0.58772901 0.00902088 0.60089426 0.00732187 0.60320337 0.00000000 0.60367297 0.00000000 0.61687493
0 0.76399506 0.68388125 0.64206790 0.69713378 0.64516108 0.75857291 0.89345215 0.73622636 0.88636410 0.67940574 0.76399506 0.68388125
0 0.90096415 0.88543566 0.89820239 0.83057930 0.81987844 0.82825139 0.65146687 0.84183958 0.64347713 0.85107658 0.65256261 0.90558795 0.75185515 0.90457164 0.90096415 0.88543566
