0 0.20359380 0.31144966 0.17943238 0.32120886 0.18777772 0.36141398 0.38292021 0.33248392 0.37142365 0.28486802 0.20359380 0.31144966
0 0.73106954 0.18607731 0.72338698 0.20416787 0.78210263 0.22861772 0.78978296 0.21052554 0.73106954 0.18607731
0 0.76320003 0.10927140 0.75551746 0.12736196 0.81423312 0.15181181 0.82191376 0.13372156 0.76320003 0.10927140
0 0.74816283 0.14751054 0.74048250 0.16560272 0.79919592 0.19005095 0.80687656 0.17196070 0.74816283 0.14751054
0 0.71397402 0.22464246 0.70629338 0.24273271 0.76500711 0.26718287 0.77268967 0.24909231 0.71397402 0.22464246
0 0.38553601 0.87056514 0.40625458 0.93478066 0.45260296 0.92111189 0.43188632 0.85689607 0.38553601 0.87056514
0 0.31308881 0.89258550 0.31905800 0.91695171 0.36573238 0.90534127 0.35976512 0.88097476 0.31308881 0.89258550
0 0.32675758 0.93893388 0.33511110 0.96503240 0.38178548 0.95342196 0.37343389 0.92732313 0.32675758 0.93893388
0 0.88423002 0.61106905 0.92861992 0.79279480 0.93810889 0.79122109 0.89300859 0.60969078 0.88423002 0.61106905
0 0.90127148 0.62806038 0.93488113 0.76985424 0.93447861 0.76990367 0.94669424 0.77235102 0.90968914 0.62726262 0.90127148 0.62806038
0 0.94091030 0.70094962 0.93142620 0.69960752 0.94160648 0.74559209 0.95096877 0.74409369 0.94091030 0.70094962
0 1.00000000 0.67666677 0.98758562 0.62691054 0.98477506 0.62778699 0.98043579 0.61270360 0.96593992 0.61621484 0.97108898 0.63147497 0.95800380 0.63461595 0.96199979 0.65201552 0.97680483 0.64790266 0.98070518 0.66112607 0.96526515 0.66267140 0.96866141 0.68114595 0.98337507 0.67656948 0.98891712 0.69530062 0.97859531 0.70296853 0.98881346 0.73886875 0.99864632 0.73497232 1.00000000 0.74035586 1.00000000 0.67666677
0 1.00000000 0.78275214 0.93985273 0.79126812 0.94082930 0.80205847 1.00000000 0.79312920 1.00000000 0.78275214
