0 0.32520623 0.46908170 0.32866207 0.41334394 0.32788114 0.36660710 0.32094352 0.35983660 0.31519634 0.36353226 0.31262348 0.34569648 0.29889549 0.34461382 0.29497243 0.39305414 0.29598384 0.46573985 0.30487985 0.47059035 0.32141744 0.47085736 0.32520623 0.46908170
0 0.22635795 0.35756326 0.23155468 0.33307963 0.25371147 0.33171534 0.26299773 0.28577244 0.25122813 0.28276978 0.15291776 0.28123991 0.14350350 0.32924717 0.16906510 0.33230031 0.16491157 0.35479175 0.22635795 0.35756326
0 0.67921497 0.35632128 0.68179532 0.30959150 0.64441538 0.30772859 0.59988832 0.30593904 0.59293803 0.35098383 0.67921497 0.35632128
0 0.96171124 0.73403843 0.96473735 0.70897420 0.82665686 0.68329616 0.82611223 0.70689220 0.96171124 0.73403843
0 0.95972539 0.76582795 0.96247088 0.73864026 0.82538012 0.71189784 0.82441260 0.73351459 0.95972539 0.76582795
0 0.95973385 0.78575069 0.96026089 0.77118310 0.82348191 0.73990205 0.82232407 0.75590098 0.95973385 0.78575069
0 0.95764584 0.81993638 0.95908765 0.79430014 0.82096933 0.76638680 0.81949318 0.78988504 0.95764584 0.81993638
0 0.95311024 0.83895081 0.95687815 0.82684305 0.81827751 0.79402396 0.81717879 0.80883834 0.95311024 0.83895081
0 0.95343992 0.87448006 0.95570490 0.84996009 0.82716408 0.82078592 0.82359606 0.84597520 0.95343992 0.87448006
0 0.95213420 0.89249674 0.95339559 0.87746807 0.81515618 0.84833494 0.81503705 0.86189600 0.95213420 0.89249674
0 0.94787143 0.92700446 0.95180095 0.89989128 0.81208150 0.87207849 0.80998457 0.89494907 0.94787143 0.92700446
0 0.94787608 0.94537852 0.94834194 0.93107063 0.81015748 0.90240442 0.80897776 0.91494875 0.94787608 0.94537852
0 0.94435210 0.97890502 0.94681839 0.95709031 0.80884261 0.92334859 0.80651698 0.94752115 0.94435210 0.97890502
0 0.94293229 0.99583423 0.94368092 0.98392944 0.80576194 0.95346499 0.80461408 0.96940980 0.94293229 0.99583423
0 0.89401107 1.00000000 0.81307824 0.98147733 0.81170487 1.00000000 0.89401107 1.00000000
