0 0.45556712 0.19637988 0.40904152 0.20341081 0.40825873 0.23501379 0.41284994 0.24158566 0.45961356 0.23694066 0.46903401 0.25247034 0.50392821 0.24719715 0.51073038 0.23648162 0.49457896 0.05485811 0.44951588 0.05682423 0.45352796 0.11676539 0.40142469 0.12706110 0.40669562 0.16017114 0.45152068 0.15581910 0.45556712 0.19637988
0 0.21783501 0.37761975 0.43519251 0.34719470 0.42825540 0.29738316 0.38513088 0.29905632 0.36996345 0.24564475 0.18338499 0.26899658 0.17325046 0.24630912 0.11315489 0.25539073 0.12226860 0.30729524 0.18260219 0.30059956 0.18862156 0.32148700 0.20508220 0.32868708 0.21783501 0.37761975
0 0.89230849 0.00000000 0.80573647 0.04159508 0.84045020 0.15601759 0.97822628 0.08630124 0.94892452 0.00000000 0.89230849 0.00000000
0 1.00000000 0.15481006 0.98217423 0.09632707 0.84212787 0.16200530 0.90675119 0.37881050 1.00000000 0.33744220 1.00000000 0.15481006
0 1.00000000 0.53846154 1.00000000 0.35542067 0.91654799 0.39426635 0.95993811 0.53846154 1.00000000 0.53846154
0 0.74320214 0.00000000 0.74866153 0.01763841 0.59962041 0.08580211 0.64999091 0.23656778 0.82874965 0.16029728 0.82842009 0.16034709 0.82809054 0.16039689 0.77546584 0.00000000 0.74320214 0.00000000
0 0.74165104 0.24152220 0.74744148 0.26254111 0.84791234 0.21631896 0.83014851 0.16613337 0.71439161 0.21805378 0.72193689 0.24922651 0.74165104 0.24152220
0 0.85354538 0.24345273 0.75466640 0.28529530 0.79550281 0.41972745 0.89354192 0.37376621 0.85354538 0.24345273
0 0.94633399 0.53846154 0.90352443 0.40731707 0.80929019 0.44658317 0.81372154 0.45750956 0.72642427 0.49200732 0.74089583 0.53846154 0.94633399 0.53846154
0 0.55859375 0.62114814 0.11024194 0.91350898 0.14588966 1.00000000 0.21732233 1.00000000 0.55859375 0.77308454 0.55859375 0.62114814
0 0.03492070 0.75622320 0.05504554 0.79466907 0.30921566 0.62123090 0.29405854 0.59165167 0.03492070 0.75622320
0 0.09068210 0.53846154 0.00000000 0.59888172 0.00000000 0.64368543 0.15498646 0.53846154 0.09068210 0.53846154
0 0.86380107 0.67355451 0.79349507 0.68417911 0.79654181 0.71471900 0.86684781 0.70409439 0.86380107 0.67355451
