0 0.52421669 0.10052225 0.51255069 0.10157758 0.51956367 0.11437990 0.52765921 0.11380622 0.52421669 0.10052225
0 0.40838836 0.13242695 0.40986403 0.13454574 0.52051698 0.12456992 0.51523200 0.11135048 0.41772771 0.11989701 0.42108364 0.12920548 0.41297701 0.13006761 0.41392579 0.13187677 0.40838836 0.13242695
0 0.44453121 0.16660636 0.44370720 0.16535766 0.42903381 0.16638084 0.43043672 0.17116415 0.42631998 0.17153597 0.42886142 0.17821834 0.56480248 0.16543611 0.55758206 0.15208353 0.46555721 0.16139615 0.46641886 0.16447155 0.44453121 0.16660636
0 0.42946542 0.18414587 0.42870930 0.18765736 0.56278876 0.17525140 0.56205416 0.17159744 0.42946542 0.18414587
0 0.75537311 0.08298765 0.76384904 0.09520237 0.83744936 0.08868330 0.83682212 0.08173371 0.84613937 0.08014223 0.84222696 0.07481922 0.75537311 0.08298765
0 0.73367716 0.24799836 0.73573051 0.25580646 0.81505024 0.24969716 0.81228387 0.24193264 0.73367716 0.24799836
0 0.77685823 0.23547265 0.80612497 0.23245980 0.80374911 0.22557870 0.77323218 0.22833817 0.77685823 0.23547265
0 0.73064250 0.26167373 0.71832425 0.26806904 0.78382448 0.27982881 0.79592766 0.27357096 0.73064250 0.26167373
0 0.75013215 0.29627318 0.76405965 0.28948939 0.70380011 0.27484940 0.68872745 0.28152626 0.75013215 0.29627318
0 0.65928246 0.25781881 0.65016919 0.26230542 0.64502961 0.26132020 0.63150811 0.26894890 0.67871637 0.27856245 0.70167314 0.26674855 0.65928246 0.25781881
0 0.59469494 0.25188731 0.59184789 0.25108411 0.59420809 0.24976260 0.59023465 0.24921312 0.59594601 0.24586380 0.55782904 0.23682830 0.53412224 0.24838310 0.58221889 0.25822879 0.59469494 0.25188731
0 0.55045093 0.23219527 0.56456942 0.22546498 0.50158244 0.21133130 0.49003019 0.21763296 0.55045093 0.23219527
0 0.57907631 0.22253799 0.59961246 0.21990570 0.58808346 0.19383400 0.56633995 0.19628736 0.57907631 0.22253799
0 0.66607849 0.20321140 0.66175651 0.20478750 0.64898531 0.20277188 0.64205750 0.20570631 0.63491471 0.20410132 0.62219845 0.21016393 0.62769090 0.21179464 0.62195678 0.21576433 0.62571596 0.21645819 0.62736232 0.21570196 0.63405198 0.21741514 0.63644031 0.21629246 0.64423129 0.21836301 0.64905580 0.21600449 0.66846012 0.21890203 0.70895080 0.22674695 0.70951847 0.22799697 0.71756526 0.22892842 0.71591581 0.22993078 0.72406125 0.23181917 0.72060123 0.23357278 0.72873054 0.23524607 0.72502799 0.23686252 0.73541790 0.24008335 0.74511823 0.23615981 0.75254932 0.23807602 0.76590738 0.23186827 0.75855258 0.23087602 0.76455707 0.22757954 0.75850671 0.22641168 0.76070628 0.22459771 0.75451829 0.22334427 0.75752934 0.22139338 0.75046781 0.21987732 0.75234846 0.21809780 0.73838511 0.21408401 0.73866952 0.21336735 0.70536543 0.20585838 0.68999027 0.20424845 0.67623399 0.20307026 0.67371798 0.20473973 0.66607849 0.20321140
0 0.46854697 0.22775459 0.45396595 0.23510532 0.52076220 0.24725668 0.53352258 0.24039649 0.46854697 0.22775459
0 0.22730253 0.69574504 0.26101861 0.71573588 0.26108583 0.71637247 0.26111944 0.71669077 0.30109318 0.57726620 0.27675922 0.56365234 0.25413639 0.65400288 0.24377037 0.64699747 0.22730253 0.69574504
0 0.25375835 0.75989332 0.20684634 0.72408743 0.14365623 0.96483416 0.18902321 0.99377353 0.25375835 0.75989332
0 0.86635498 0.91650363 0.86712524 0.92144721 0.86507903 0.92431012 0.86021645 0.92509301 0.85740009 0.92301298 0.84037983 0.92575328 0.84076491 0.92822475 0.83871870 0.93108767 0.82899231 0.93265364 0.82976256 0.93759722 0.82771635 0.94046014 0.81799058 0.94202601 0.81837566 0.94449749 0.81632945 0.94736040 0.79444661 0.95088359 0.79521687 0.95582717 0.79317004 0.95869019 0.78101298 0.96064750 0.77819661 0.95856747 0.77090213 0.95974190 0.77167238 0.96468548 0.76962617 0.96754840 0.75990040 0.96911427 0.76271677 0.97119430 0.76310184 0.97366578 0.76591883 0.97574571 0.76630401 0.97821782 0.76912037 0.98029785 0.76950545 0.98276932 0.77232192 0.98484998 0.77270700 0.98732146 0.97208502 0.95522113 0.96926865 0.95314109 0.96888347 0.95066899 0.96606711 0.94858896 0.96568203 0.94611748 0.96286557 0.94403682 0.94827660 0.94638568 0.94546023 0.94430565 0.94469007 0.93936270 0.94187371 0.93728267 0.94148853 0.93481056 0.93867217 0.93273053 0.93790191 0.92778695 0.93994812 0.92492403 0.94724198 0.92374970 0.94442562 0.92166967 0.94404054 0.91919820 0.94122417 0.91711817 0.94083900 0.91464606 0.93802263 0.91256603 0.93763755 0.91009455 0.93482109 0.90801389 0.93443601 0.90554242 0.93161902 0.90346249 0.93123395 0.90099101 0.92841758 0.89891098 0.92803240 0.89643887 0.90128638 0.90074505 0.90167155 0.90321715 0.89962534 0.90608007 0.88989957 0.90764595 0.89028465 0.91011742 0.88823844 0.91298034 0.86635498 0.91650363
0 1.00000000 0.86204937 0.99750948 0.86245035 0.99789456 0.86492182 0.99584845 0.86778537 0.98855459 0.86895970 0.98893967 0.87143118 0.98689284 0.87429420 0.97716706 0.87586007 0.97793722 0.88080302 0.97589111 0.88366657 0.95400828 0.88718975 0.95119181 0.88510909 0.93903413 0.88706651 0.93980439 0.89201009 0.94262075 0.89409012 0.94300593 0.89656222 0.94863928 0.90072219 0.94902436 0.90319366 0.95184073 0.90527369 0.95222590 0.90774580 0.95504289 0.90982573 0.95542797 0.91229720 0.95824443 0.91437787 0.95862951 0.91684934 0.97321786 0.91450058 0.97885121 0.91866054 0.97923629 0.92113202 0.98205275 0.92321268 0.98282291 0.92815563 0.98563937 0.93023629 0.98602445 0.93270777 0.98397824 0.93557069 0.97425247 0.93713655 0.97706883 0.93921659 0.97745391 0.94168806 0.98308736 0.94584865 0.98347244 0.94832013 0.98628891 0.95040079 0.98667398 0.95287227 1.00000000 0.95072675 1.00000000 0.86204937
0 0.74262405 0.69826327 0.74300912 0.70073474 0.74096229 0.70359775 0.73366781 0.70477219 0.73443806 0.70971577 0.73239185 0.71257868 0.71050902 0.71610187 0.71089410 0.71857335 0.70884789 0.72143626 0.69669021 0.72339368 0.69707539 0.72586579 0.69502917 0.72872870 0.68530340 0.73029457 0.68568848 0.73276605 0.68364237 0.73562960 0.67634789 0.73680403 0.67711804 0.74174697 0.67507183 0.74460989 0.66534606 0.74617576 0.66573114 0.74864724 0.66368503 0.75151079 0.65639054 0.75268522 0.65677562 0.75515669 0.65472941 0.75801961 0.63041467 0.76193434 0.63079985 0.76440645 0.62670743 0.77013228 0.62184423 0.77091527 0.62222931 0.77338674 0.62504567 0.77546677 0.62543085 0.77793888 0.62824784 0.78001881 0.62863292 0.78249028 0.63144938 0.78457095 0.63183446 0.78704242 0.63465082 0.78912245 0.63503590 0.79159392 0.63785289 0.79367386 0.63823807 0.79614596 0.64387080 0.80030602 0.65116528 0.79913160 0.65321149 0.79626868 0.65564278 0.79587724 0.65845977 0.79795716 0.65884495 0.80042927 0.66166131 0.80250930 0.66204639 0.80498078 0.66486275 0.80706081 0.66563301 0.81200439 0.66844938 0.81408442 0.66640317 0.81694734 0.65910868 0.81812177 0.65629231 0.81604174 0.65667739 0.81851321 0.65949386 0.82059387 0.65987894 0.82306535 0.66269592 0.82514528 0.66308100 0.82761675 0.66871383 0.83177745 0.66909891 0.83424892 0.67191527 0.83632895 0.67230045 0.83880106 0.67511682 0.84088109 0.67550190 0.84335256 0.67831888 0.84543249 0.67870396 0.84790397 0.68152043 0.84998463 0.68190551 0.85245611 0.68472187 0.85453614 0.68510705 0.85700824 0.68792403 0.85908818 0.68830911 0.86155965 0.69112548 0.86363968 0.69151056 0.86611115 0.69432702 0.86819182 0.69471210 0.87066329 0.69752846 0.87274332 0.69791364 0.87521543 0.70073001 0.87729546 0.70111508 0.87976693 0.71570405 0.87741808 0.71852042 0.87949811 0.71890550 0.88196958 0.72172196 0.88405025 0.72210704 0.88652172 0.72492403 0.88860165 0.72530920 0.89107376 0.72812557 0.89315379 0.72607936 0.89601671 0.71635359 0.89758258 0.71673867 0.90005405 0.71955503 0.90213408 0.71994021 0.90460619 0.72557294 0.90876625 0.72595812 0.91123836 0.72877510 0.91331829 0.72916018 0.91578976 0.73197655 0.91786979 0.73236163 0.92034127 0.73517809 0.92242193 0.73556317 0.92489340 0.73838015 0.92697333 0.73876533 0.92944544 0.74158170 0.93152547 0.74196678 0.93399695 0.74478314 0.93607698 0.74516822 0.93854845 0.74798468 0.94062912 0.74836976 0.94310059 0.75118613 0.94518062 0.75157130 0.94765273 0.76616027 0.94530387 0.76577510 0.94283176 0.76782131 0.93996885 0.77754708 0.93840297 0.77716200 0.93593150 0.77920873 0.93306785 0.80109157 0.92954466 0.80070649 0.92707319 0.80275270 0.92421027 0.82706682 0.92029564 0.82668174 0.91782417 0.82872857 0.91496115 0.83602306 0.91378672 0.83525280 0.90884314 0.83729901 0.90598022 0.84945607 0.90402291 0.85227243 0.90610294 0.85956692 0.90492851 0.86161313 0.90206559 0.86122795 0.89959348 0.86327416 0.89673057 0.88758890 0.89281584 0.88720383 0.89034436 0.88925003 0.88748144 0.91356478 0.88356671 0.91317970 0.88109524 0.90754625 0.87693465 0.90716117 0.87446317 0.90472988 0.87485462 0.90191342 0.87277395 0.90075818 0.86535953 0.90280439 0.86249661 0.91009888 0.86132218 0.90971370 0.85885008 0.90689733 0.85677004 0.90651226 0.85429857 0.90369517 0.85221801 0.90331009 0.84974653 0.90049373 0.84766650 0.90010865 0.84519503 0.89729228 0.84311500 0.89690711 0.84064289 0.89409012 0.83856296 0.89370504 0.83609148 0.89088858 0.83401082 0.89050350 0.83153935 0.88768713 0.82945932 0.88730205 0.82698784 0.88448569 0.82490781 0.88410051 0.82243570 0.88128415 0.82035567 0.88089907 0.81788420 0.87526561 0.81372360 0.87488054 0.81125213 0.87206417 0.80917210 0.85747520 0.81152096 0.85465884 0.80944093 0.85388858 0.80449735 0.85107222 0.80241732 0.85068704 0.79994521 0.84787005 0.79786528 0.84748497 0.79539380 0.84953181 0.79253079 0.85925758 0.79096492 0.85362412 0.78680432 0.85323905 0.78433285 0.85042268 0.78225282 0.85003751 0.77978071 0.84722114 0.77770068 0.84683606 0.77522920 0.84401907 0.77314927 0.84363400 0.77067780 0.84081753 0.76859714 0.84043245 0.76612566 0.83761609 0.76404563 0.83723091 0.76157352 0.83441455 0.75949349 0.83402947 0.75702202 0.83121310 0.75494199 0.83082802 0.75247051 0.82801094 0.75038995 0.82762586 0.74791848 0.82480949 0.74583845 0.82442432 0.74336634 0.82160795 0.74128631 0.82122287 0.73881483 0.81840589 0.73673490 0.81802081 0.73426343 0.81238798 0.73010273 0.81200290 0.72763126 0.79498264 0.73037156 0.79216618 0.72829090 0.79178110 0.72581942 0.78896473 0.72373939 0.78819458 0.71879645 0.78537811 0.71671578 0.78499304 0.71424431 0.78703924 0.71138139 0.79919630 0.70942407 0.79637984 0.70734341 0.79599476 0.70487194 0.79317777 0.70279201 0.79279270 0.70032053 0.78997633 0.69824050 0.78959115 0.69576839 0.78677479 0.69368836 0.78638971 0.69121689 0.78075688 0.68705619 0.78037180 0.68458472 0.77473845 0.68042476 0.76258139 0.68238207 0.76539776 0.68446211 0.76335154 0.68732502 0.75362577 0.68889089 0.75439593 0.69383384 0.75234920 0.69669749 0.74262405 0.69826327
0 1.00000000 0.71118447 0.99871806 0.71023769 0.99833298 0.70776621 0.99551662 0.70568618 0.99513144 0.70321408 0.99231445 0.70113415 0.99192938 0.69866267 0.98911291 0.69658201 0.98872783 0.69411053 0.98591147 0.69203050 0.98552639 0.68955903 0.98271002 0.68747900 0.98232485 0.68500689 0.97669149 0.68084693 0.97630632 0.67837482 0.97348995 0.67629479 0.97310487 0.67382332 0.97028851 0.67174329 0.96990343 0.66927181 0.96708634 0.66719125 0.96670126 0.66471978 0.96388490 0.66263974 0.96349972 0.66016764 0.96068336 0.65808761 0.96029828 0.65561613 0.95748191 0.65353610 0.94289294 0.65588496 0.94007658 0.65380493 0.93969140 0.65133282 0.93687504 0.64925279 0.93610478 0.64430921 0.93328842 0.64222918 0.93290334 0.63975771 0.93494955 0.63689479 0.94467532 0.63532892 0.94185833 0.63324898 0.94147315 0.63077688 0.93865679 0.62869685 0.93827171 0.62622537 0.93545525 0.62414471 0.93507017 0.62167324 0.92943744 0.61751317 0.92905236 0.61504170 0.92623527 0.61296114 0.92585019 0.61048966 0.92303383 0.60840963 0.92264865 0.60593752 0.91983229 0.60385749 0.91944721 0.60138602 0.90485824 0.60373488 0.90524332 0.60620635 0.90319711 0.60906927 0.89590262 0.61024370 0.89628780 0.61271580 0.89424159 0.61557872 0.88451582 0.61714460 0.88528607 0.62208818 0.88323986 0.62495109 0.87594538 0.62612552 0.87633046 0.62859700 0.87428425 0.63145991 0.84996951 0.63537464 0.85035458 0.63784612 0.84830847 0.64070967 0.83858270 0.64227554 0.83935286 0.64721849 0.83730675 0.65008204 0.82758097 0.65164791 0.82796605 0.65411938 0.82591922 0.65698240 0.81862536 0.65815673 0.81901043 0.66062821 0.81696423 0.66349112 0.79508077 0.66701441 0.79546595 0.66948652 0.79341974 0.67234943 0.78369396 0.67391531 0.78407905 0.67638678 0.78689551 0.67846744 0.78728059 0.68093892 0.79009695 0.68301895 0.79048203 0.68549042 0.79329902 0.68757035 0.79406927 0.69251393 0.79688564 0.69459396 0.79727082 0.69706607 0.80008718 0.69914610 0.80047226 0.70161758 0.80328925 0.70369751 0.81787760 0.70134875 0.82069396 0.70342878 0.82107914 0.70590089 0.82389613 0.70798082 0.82466638 0.71292440 0.82748275 0.71500443 0.82786782 0.71747590 0.82582161 0.72033882 0.81852713 0.72151325 0.81929738 0.72645683 0.82211375 0.72853686 0.82249883 0.73100833 0.82531529 0.73308900 0.82570037 0.73556047 0.82851736 0.73764040 0.82890243 0.74011188 0.83453526 0.74427257 0.83492034 0.74674405 0.83773671 0.74882408 0.83812189 0.75129619 0.84093825 0.75337622 0.84132333 0.75584769 0.84695668 0.76000765 0.84734186 0.76247976 0.85015823 0.76455979 0.85054330 0.76703126 0.85336039 0.76911183 0.85374547 0.77158330 0.85656183 0.77366333 0.85694691 0.77613480 0.86257974 0.78029550 0.86296482 0.78276697 0.86578119 0.78484700 0.87793887 0.78288959 0.88357170 0.78705028 0.88395678 0.78952176 0.88677314 0.79160179 0.88715822 0.79407326 0.88997530 0.79615383 0.89036038 0.79862530 0.88831355 0.80148832 0.87858840 0.80305409 0.88140486 0.80513476 0.88178994 0.80760623 0.88460631 0.80968626 0.88499139 0.81215773 0.88780775 0.81423776 0.88819293 0.81670987 0.89100929 0.81878990 0.89139437 0.82126137 0.89421146 0.82334194 0.89459654 0.82581341 0.89741290 0.82789344 0.89779798 0.83036492 0.90061435 0.83244495 0.90099952 0.83491706 0.90381651 0.83699699 0.90420159 0.83946846 0.90983442 0.84362916 0.91021950 0.84610063 0.91303586 0.84818066 0.91342094 0.85065213 0.91623740 0.85273280 0.91662248 0.85520427 0.91943947 0.85728420 0.91982465 0.85975631 0.92264101 0.86183634 0.92302609 0.86430781 0.92584246 0.86638785 0.92827437 0.86599630 0.93109073 0.86807633 0.93838460 0.86690200 0.93799952 0.86443053 0.94004635 0.86156751 0.96436047 0.85765288 0.96397539 0.85518141 0.96602222 0.85231839 0.99033634 0.84840376 0.98995117 0.84593165 0.99199737 0.84306874 1.00000000 0.84178029 1.00000000 0.71118447
0 0.78204220 0.35937500 0.78252390 0.36246659 0.78534029 0.36454682 0.78572540 0.36701848 0.78854179 0.36909864 0.78892688 0.37157024 0.80351585 0.36922138 0.80633225 0.37130160 0.80671736 0.37377326 0.80914864 0.37338182 0.81196565 0.37546188 0.81273586 0.38040514 0.81555225 0.38248536 0.81632245 0.38742856 0.81427627 0.39029167 0.80454987 0.39185764 0.80493498 0.39432931 0.80736689 0.39393777 0.81018328 0.39601792 0.81056837 0.39848952 0.81338472 0.40056943 0.81415497 0.40551301 0.81697196 0.40759294 0.81735714 0.41006504 0.82017350 0.41214508 0.82055858 0.41461655 0.82337495 0.41669658 0.82414520 0.42164016 0.82619131 0.41877661 0.82900778 0.42085728 0.82977793 0.42580022 0.83259502 0.42788079 0.83298010 0.43035226 0.83579646 0.43243229 0.83618154 0.43490377 0.83899791 0.43698379 0.83938308 0.43945590 0.84220007 0.44153583 0.85435713 0.43957852 0.85717350 0.44165855 0.85755868 0.44413066 0.85998996 0.44373921 0.86280695 0.44581915 0.86357711 0.45076209 0.86639347 0.45284212 0.86677865 0.45531423 0.86473244 0.45817715 0.85500604 0.45974312 0.85539112 0.46221459 0.86102458 0.46637519 0.86140965 0.46884666 0.86422602 0.47092669 0.86461110 0.47339817 0.86742818 0.47547873 0.86781326 0.47795021 0.87062963 0.48003023 0.87139988 0.48497382 0.87421625 0.48705385 0.87460133 0.48952532 0.87703261 0.48913388 0.87984898 0.49121391 0.88061923 0.49615749 0.88343622 0.49823742 0.88382140 0.50070953 0.88663776 0.50278956 0.88702284 0.50526103 0.88983921 0.50734106 0.89022428 0.50981254 0.89265619 0.50942099 0.89547266 0.51150166 0.89624282 0.51644461 0.89905928 0.51852527 0.89944436 0.52099674 0.90226072 0.52307678 0.90264580 0.52554825 0.90546217 0.52762828 0.90623242 0.53257186 0.91468224 0.53881249 0.91545239 0.54375544 0.91826938 0.54583537 0.91865456 0.54830747 0.92837971 0.54674170 0.93042644 0.54387805 0.94258350 0.54192074 0.94462971 0.53905782 0.94424463 0.53658634 0.94629084 0.53372343 0.95115404 0.53294044 0.95076896 0.53046897 0.95281507 0.52760542 0.96497213 0.52564810 0.96458705 0.52317663 0.96663389 0.52031361 0.97149646 0.51953072 0.97354319 0.51666707 0.97597448 0.51627563 0.95152794 0.35937500 0.78204220 0.35937500
0 0.66009660 0.35937500 0.51403084 0.38289193 0.51441594 0.38536356 0.51723233 0.38744375 0.51761744 0.38991542 0.52325021 0.39407573 0.52363532 0.39654740 0.52645171 0.39862762 0.53860940 0.39667020 0.54424217 0.40083052 0.54501238 0.40577384 0.54782877 0.40785400 0.54373640 0.41358015 0.53887382 0.41436304 0.54169022 0.41644326 0.54207532 0.41891486 0.54489170 0.42099502 0.54527681 0.42346668 0.54809320 0.42554690 0.54847830 0.42801850 0.55129469 0.43009866 0.55167979 0.43257032 0.55449681 0.43465045 0.55488191 0.43712204 0.55769830 0.43920220 0.55808335 0.44167355 0.56371680 0.44583414 0.56410188 0.44830562 0.56691835 0.45038628 0.56730343 0.45285776 0.57011979 0.45493779 0.57050487 0.45740926 0.57332123 0.45948929 0.57370641 0.46196140 0.57652278 0.46404143 0.57690786 0.46651290 0.57972494 0.46859347 0.58011002 0.47106494 0.58292639 0.47314497 0.58331146 0.47561645 0.58612783 0.47769648 0.58651301 0.48016858 0.58932999 0.48224851 0.59176128 0.48185707 0.59380749 0.47899415 0.60110198 0.47781973 0.60391834 0.47989976 0.60430342 0.48237123 0.60711988 0.48445189 0.60750496 0.48692337 0.61032195 0.48900330 0.61109211 0.49394625 0.60904537 0.49680990 0.60418280 0.49759278 0.60456788 0.50006426 0.60738424 0.50214429 0.60776942 0.50461640 0.61058578 0.50669643 0.61097086 0.50916790 0.61378785 0.51124783 0.61417293 0.51371930 0.61698939 0.51579997 0.61737447 0.51827144 0.62019083 0.52035147 0.62057601 0.52282358 0.62339238 0.52490361 0.62377746 0.52737509 0.62659382 0.52945512 0.62697890 0.53192659 0.63261235 0.53608719 0.63299743 0.53855866 0.63581389 0.54063932 0.63619897 0.54311080 0.63901596 0.54519073 0.63940104 0.54766220 0.64221740 0.54974223 0.64260258 0.55221434 0.64541895 0.55429437 0.64580402 0.55676584 0.64862049 0.55884651 0.66320946 0.55649765 0.66602582 0.55857768 0.66641090 0.56104915 0.66922727 0.56312919 0.66961235 0.56560066 0.67242881 0.56768132 0.67281389 0.57015280 0.67563087 0.57223273 0.67358414 0.57509638 0.66385899 0.57666215 0.66424407 0.57913362 0.66706043 0.58121366 0.66744551 0.58368513 0.67026188 0.58576516 0.67064706 0.58823727 0.67346342 0.59031730 0.67384850 0.59278877 0.67666496 0.59486944 0.67705004 0.59734091 0.68268340 0.60150087 0.68306847 0.60397234 0.68588494 0.60605301 0.68627001 0.60852448 0.68908700 0.61060441 0.68947218 0.61307652 0.69228855 0.61515655 0.69267362 0.61762803 0.69548999 0.61970806 0.69587507 0.62217953 0.69869153 0.62426020 0.69907661 0.62673167 0.70189298 0.62881170 0.71648195 0.62646284 0.71929841 0.62854350 0.71968349 0.63101498 0.72249985 0.63309501 0.72327001 0.63803796 0.72608710 0.64011852 0.72647217 0.64258999 0.72442534 0.64545301 0.71470019 0.64701879 0.71751666 0.64909945 0.71790173 0.65157092 0.72353446 0.65573098 0.72391954 0.65820246 0.72673601 0.66028312 0.74861946 0.65675983 0.75066557 0.65389629 0.75552877 0.65311330 0.75514369 0.65064182 0.75718990 0.64777891 0.76448376 0.64660458 0.76653060 0.64374156 0.77625637 0.64217569 0.77510104 0.63476063 0.77714725 0.63189772 0.79173621 0.62954886 0.79378233 0.62668531 0.81080258 0.62394501 0.81041750 0.62147353 0.81246371 0.61861062 0.82218949 0.61704474 0.82180441 0.61457327 0.82385062 0.61171035 0.83114510 0.61053592 0.83037485 0.60559234 0.83242106 0.60272942 0.83971554 0.60155500 0.83933036 0.59908289 0.84137657 0.59621997 0.86569132 0.59230524 0.86492116 0.58736229 0.86696737 0.58449938 0.87426123 0.58332504 0.87387605 0.58085294 0.87592288 0.57798992 0.88321737 0.57681549 0.88730969 0.57108903 0.89703546 0.56952315 0.89421910 0.56744312 0.89383402 0.56497165 0.88820067 0.56081169 0.88781549 0.55833958 0.88499912 0.55625955 0.88461405 0.55378808 0.88179758 0.55170741 0.87207181 0.55327328 0.86925482 0.55119335 0.86682353 0.55158480 0.86400717 0.54950477 0.86362209 0.54703329 0.86080573 0.54495326 0.86042055 0.54248115 0.85760418 0.54040112 0.85721910 0.53792965 0.85440202 0.53584908 0.85644885 0.53298607 0.86617400 0.53142030 0.86578892 0.52894882 0.86297256 0.52686879 0.86258748 0.52439732 0.85977101 0.52231665 0.85938593 0.51984518 0.85656957 0.51776515 0.85618439 0.51529304 0.85055104 0.51113308 0.85016596 0.50866161 0.84734960 0.50658157 0.84696442 0.50410947 0.84414805 0.50202944 0.84376297 0.49955796 0.84094589 0.49747740 0.82635754 0.49982616 0.82072419 0.49566620 0.81995403 0.49072325 0.81713757 0.48864258 0.81636741 0.48369963 0.81841352 0.48083609 0.82327672 0.48005310 0.82532293 0.47719018 0.82775484 0.47679864 0.82493785 0.47471871 0.82455277 0.47224723 0.81891994 0.46808654 0.81853487 0.46561507 0.81571788 0.46353513 0.81533270 0.46106303 0.80969997 0.45690297 0.80931489 0.45443149 0.80649853 0.45235146 0.80611335 0.44987935 0.80329698 0.44779932 0.80291190 0.44532785 0.79727845 0.44116725 0.79689338 0.43869578 0.79407701 0.43661575 0.79369193 0.43414428 0.78805848 0.42998368 0.78767340 0.42751221 0.77551634 0.42946952 0.76706652 0.42322890 0.76668145 0.42075742 0.76386508 0.41867739 0.76347990 0.41620529 0.76066354 0.41412526 0.76270975 0.41126234 0.77243552 0.40969647 0.76961905 0.40761580 0.76923400 0.40514446 0.76641699 0.40306440 0.76603189 0.40059280 0.76321550 0.39851258 0.76283039 0.39604091 0.76001400 0.39396075 0.75962891 0.39148915 0.75681251 0.38940893 0.75642740 0.38693727 0.75361102 0.38485711 0.75322592 0.38238551 0.74759251 0.37822517 0.74720741 0.37575357 0.74439102 0.37367341 0.74400592 0.37120175 0.74118890 0.36912163 0.74080380 0.36665003 0.73798741 0.36456987 0.73760231 0.36209821 0.73478591 0.36001798 0.72019694 0.36236684 0.71738056 0.36028668 0.71723851 0.35937500 0.66009660 0.35937500
0 0.45798682 0.40711696 0.45837193 0.40958862 0.46118832 0.41166878 0.46157341 0.41414038 0.46720620 0.41830082 0.46759130 0.42077243 0.47040769 0.42285258 0.47079280 0.42532425 0.47360981 0.42740437 0.47399491 0.42987597 0.47681129 0.43195612 0.47719640 0.43442779 0.48001280 0.43650801 0.48039790 0.43897961 0.48321490 0.44105967 0.48360001 0.44353133 0.48641641 0.44561155 0.48680151 0.44808315 0.49243424 0.45224321 0.49281941 0.45471532 0.49563578 0.45679535 0.49602085 0.45926683 0.49883794 0.46134739 0.49922302 0.46381886 0.50203939 0.46589889 0.50242446 0.46837037 0.50524083 0.47045040 0.50562601 0.47292251 0.51125936 0.47708247 0.51164454 0.47955457 0.51446090 0.48163461 0.51484598 0.48410608 0.51766235 0.48618611 0.51804742 0.48865758 0.52086389 0.49073825 0.52124897 0.49320972 0.52688242 0.49737032 0.52726750 0.49984179 0.53008386 0.50192182 0.53046894 0.50439330 0.53328593 0.50647322 0.53367111 0.50894533 0.53648747 0.51102536 0.53687255 0.51349684 0.53968901 0.51557750 0.54007409 0.51804898 0.54570682 0.52220904 0.54609190 0.52468051 0.54890899 0.52676108 0.54929406 0.52923255 0.55211043 0.53131258 0.55249561 0.53378469 0.55531197 0.53586472 0.55569705 0.53833619 0.56133040 0.54249615 0.56171558 0.54496826 0.56453195 0.54704829 0.56491702 0.54951976 0.56773349 0.55160043 0.56811857 0.55407190 0.57093493 0.55615194 0.57132001 0.55862341 0.57413700 0.56070334 0.57452217 0.56317545 0.58015490 0.56733551 0.58054008 0.56980762 0.58335707 0.57188754 0.58374215 0.57435902 0.58655851 0.57643905 0.58694359 0.57891052 0.58976006 0.58099119 0.59014514 0.58346266 0.59577796 0.58762336 0.59616304 0.59009483 0.59898003 0.59217476 0.59936511 0.59464624 0.60218147 0.59672627 0.60256665 0.59919837 0.60538302 0.60127840 0.60576809 0.60374988 0.60858518 0.60583044 0.60897026 0.60830192 0.61460299 0.61246198 0.61498807 0.61493345 0.61780453 0.61701412 0.61818961 0.61948559 0.62100598 0.62156562 0.62139115 0.62403773 0.62420814 0.62611766 0.62459322 0.62858913 0.63022595 0.63274919 0.63061113 0.63522130 0.63342811 0.63730123 0.63381319 0.63977271 0.63662966 0.64185337 0.63701474 0.64432484 0.63983110 0.64640487 0.64021618 0.64887635 0.64303254 0.65095638 0.64341772 0.65342849 0.64905108 0.65758845 0.64943625 0.66006055 0.65225262 0.66214059 0.65263769 0.66461206 0.65545406 0.66669209 0.65583914 0.66916356 0.65865623 0.67124413 0.65904130 0.67371560 0.66467413 0.67787629 0.66505921 0.68034777 0.66787558 0.68242780 0.66826065 0.68489928 0.71202694 0.67785280 0.71611936 0.67212697 0.72341384 0.67095254 0.72059748 0.66887251 0.72021230 0.66640040 0.71457895 0.66224044 0.71419377 0.65976833 0.71137741 0.65768830 0.71099233 0.65521683 0.70817596 0.65313679 0.70779088 0.65066532 0.70497380 0.64858476 0.70458872 0.64611328 0.70177235 0.64403325 0.70138718 0.64156115 0.69575445 0.63740108 0.69536937 0.63492961 0.69255300 0.63284958 0.69216783 0.63037747 0.68935084 0.62829754 0.68896576 0.62582607 0.68614930 0.62374540 0.68576422 0.62127393 0.68013086 0.61711397 0.67974579 0.61464249 0.67692932 0.61256183 0.67654424 0.61009036 0.67372788 0.60801032 0.67334270 0.60553822 0.65875373 0.60788708 0.65593737 0.60580704 0.65555229 0.60333557 0.65273592 0.60125554 0.65235084 0.59878407 0.64671801 0.59462337 0.64633294 0.59215190 0.64837905 0.58928835 0.65324162 0.58850546 0.65528783 0.58564254 0.65490275 0.58317107 0.65208639 0.58109104 0.65170131 0.57861956 0.64606848 0.57445887 0.64568340 0.57198740 0.64286694 0.56990673 0.64248186 0.56743526 0.63966487 0.56535533 0.63927979 0.56288386 0.63646343 0.56080382 0.63607825 0.55833172 0.63326189 0.55625169 0.63287681 0.55378021 0.62724336 0.54961962 0.62685828 0.54714814 0.62404191 0.54506811 0.62365683 0.54259664 0.62084037 0.54051597 0.62045529 0.53804450 0.61763893 0.53596447 0.61725375 0.53349236 0.61443676 0.53141243 0.61405168 0.52894096 0.61123532 0.52686093 0.61085024 0.52438945 0.60521679 0.52022886 0.60483171 0.51775738 0.60201524 0.51567672 0.60163017 0.51320525 0.59881380 0.51112522 0.59842872 0.50865374 0.59561236 0.50657371 0.59522718 0.50410160 0.59241082 0.50202157 0.59202574 0.49955010 0.58639229 0.49538950 0.58600721 0.49291803 0.58319084 0.49083800 0.58280576 0.48836653 0.57998868 0.48628596 0.57960360 0.48381449 0.57678723 0.48173446 0.57640206 0.47926235 0.57358569 0.47718232 0.57320061 0.47471085 0.56756788 0.47055078 0.56718271 0.46807868 0.56436572 0.46599875 0.55950314 0.46678163 0.55745631 0.46964465 0.55259374 0.47042753 0.54977737 0.46834750 0.54939229 0.46587603 0.54657583 0.46379537 0.54619075 0.46132389 0.54337376 0.45924396 0.54298868 0.45677249 0.54017232 0.45469246 0.53978714 0.45222035 0.54183335 0.44935743 0.55155912 0.44779156 0.54874276 0.44571153 0.54835758 0.44323942 0.54554123 0.44115952 0.54515614 0.43868792 0.53952274 0.43452764 0.53913763 0.43205598 0.53632124 0.42997582 0.53593614 0.42750422 0.53311975 0.42542400 0.53273464 0.42295233 0.52991763 0.42087228 0.52953254 0.41840068 0.52671614 0.41632045 0.52633103 0.41384879 0.52351465 0.41176863 0.52312955 0.40929703 0.51749676 0.40513659 0.51711166 0.40266499 0.51429465 0.40058493 0.51390955 0.39811327 0.51109315 0.39603305 0.51070805 0.39356145 0.50789167 0.39148129 0.50750656 0.38900963 0.50468955 0.38692954 0.50430445 0.38445791 0.44838172 0.39346160 0.44876682 0.39593323 0.45158322 0.39801342 0.45196832 0.40048508 0.45478471 0.40256524 0.45516980 0.40503684 0.45798682 0.40711696
