0 0.20899995 0.28314159 0.34691095 0.26530231 0.34309886 0.25457676 0.34069512 0.24318002 0.20137437 0.25979085 0.20899995 0.28314159
0 0.38446067 0.29525061 0.38029109 0.27242517 0.28930466 0.28477594 0.29381721 0.30945782 0.38446067 0.29525061
0 0.00000000 0.35849429 0.04856511 0.35134886 0.04172553 0.34012909 0.07099806 0.33605018 0.04875551 0.28149301 0.00000000 0.28992744 0.00000000 0.35849429
0 0.87728382 0.53906250 0.88362802 0.49624010 0.87634385 0.49318365 0.87543224 0.49063111 0.88421053 0.43137895 0.88056829 0.42985067 0.87874570 0.42474583 0.87995649 0.41657317 0.87904519 0.41402075 0.88509914 0.37315747 0.88418784 0.37060505 0.88449060 0.36856149 0.87842010 0.36601430 0.87750880 0.36346188 0.87993038 0.34711657 0.88144703 0.34558292 0.88508927 0.34711121 0.88539203 0.34506765 0.88690868 0.34353401 0.88721136 0.34149097 0.88630007 0.33893855 0.88265782 0.33741027 0.88174653 0.33485785 0.88628701 0.30421025 0.87778855 0.30064429 0.87687726 0.29809187 0.88020695 0.27561694 0.88172368 0.27408277 0.88444794 0.25569442 0.87716377 0.25263798 0.87625216 0.25008543 0.87716028 0.24395580 0.86987611 0.24089936 0.86896481 0.23834694 0.86957024 0.23426035 0.86228576 0.23120378 0.86137447 0.22865136 0.86228250 0.22252226 0.85378404 0.21895630 0.85287601 0.22508540 0.85894620 0.22763246 0.86076903 0.23273795 0.85865021 0.24703971 0.85713347 0.24857388 0.85227726 0.24653620 0.85136604 0.24398326 0.84984899 0.24551730 0.84440047 0.28229400 0.84561476 0.28280351 0.84713142 0.28126987 0.85198763 0.28330754 0.85289893 0.28585996 0.85108270 0.29811920 0.84956605 0.29965285 0.84349586 0.29710579 0.84197889 0.29863931 0.83774109 0.32724387 0.83865269 0.32979642 0.84472289 0.33234348 0.84563418 0.33489590 0.84412072 0.34511159 0.84260398 0.34664576 0.83531951 0.34358919 0.83077910 0.37423626 0.83806358 0.37729283 0.83897480 0.37984577 0.83776401 0.38801843 0.83867530 0.39057085 0.83715865 0.39210450 0.82987448 0.38904805 0.82835752 0.39058157 0.82533050 0.41101347 0.83261498 0.41407005 0.83352628 0.41662247 0.83171005 0.42888171 0.83019340 0.43041536 0.82290892 0.42735879 0.81927655 0.45187676 0.82656103 0.45493333 0.82747232 0.45748575 0.82565610 0.46974500 0.82413945 0.47127865 0.81685497 0.46822207 0.81413071 0.48661042 0.82141519 0.48966699 0.82232648 0.49221941 0.82081294 0.50243563 0.81929628 0.50396927 0.81444007 0.50193160 0.81292341 0.50346525 0.81170912 0.50295573 0.80807675 0.52747370 0.81536123 0.53053028 0.81627245 0.53308322 0.81596977 0.53512625 0.82535071 0.53906250 0.87728382 0.53906250
0 0.76332260 0.14193515 0.76180913 0.15215084 0.76029217 0.15368436 0.75300800 0.15062792 0.75119177 0.16288717 0.75210307 0.16543958 0.75817326 0.16798664 0.75908487 0.17053919 0.75757132 0.18075540 0.75605436 0.18228892 0.74877019 0.17923248 0.74665129 0.19353476 0.75393546 0.19659120 0.75484707 0.19914375 0.75242548 0.21548907 0.75090852 0.21702258 0.74362435 0.21396614 0.74241356 0.22213880 0.74969773 0.22519524 0.75060926 0.22774831 0.74879311 0.24000704 0.74727614 0.24154055 0.73999198 0.23848411 0.73878119 0.24665677 0.74606536 0.24971321 0.74697696 0.25226576 0.74455538 0.26861107 0.74303834 0.27014511 0.73575417 0.26708867 0.73393802 0.27934739 0.74122219 0.28240384 0.74213380 0.28495639 0.74031758 0.29721563 0.73880061 0.29874915 0.73151644 0.29569271 0.72909486 0.31203802 0.72757821 0.31357167 0.72697277 0.31765826 0.73547092 0.32122409 0.73638253 0.32377664 0.73486906 0.33399233 0.73335201 0.33552637 0.72606784 0.33246993 0.72152744 0.36311700 0.72881161 0.36617344 0.72972314 0.36872651 0.72730156 0.38507183 0.72578459 0.38660535 0.72335664 0.38558657 0.72244503 0.38303402 0.71880310 0.38150587 0.71335458 0.41828256 0.72063875 0.42133901 0.72155028 0.42389208 0.71943145 0.43819383 0.71791441 0.43972788 0.71063024 0.43667143 0.70306282 0.48775041 0.80382908 0.53003201 0.85044456 0.21538446 0.84316039 0.21232801 0.84224909 0.20977560 0.84345988 0.20160294 0.83617540 0.19854636 0.83526410 0.19599394 0.83556678 0.19395091 0.82828261 0.19089447 0.82737108 0.18834140 0.82767376 0.18629836 0.82676246 0.18374594 0.82554849 0.18323656 0.82463696 0.18068349 0.82220900 0.17966471 0.82129770 0.17711230 0.81886944 0.17609339 0.81795814 0.17354098 0.81310193 0.17150330 0.81219063 0.16895088 0.81249331 0.16690785 0.80642280 0.16436066 0.80460028 0.15925530 0.79853009 0.15670824 0.79761848 0.15415570 0.79792124 0.15211214 0.78942309 0.14854631 0.78851148 0.14599376 0.78941952 0.13986466 0.78213535 0.13680822 0.78122413 0.13425528 0.78152681 0.13221224 0.77424233 0.12915567 0.77333103 0.12660325 0.77363379 0.12455969 0.76634962 0.12150325 0.76544150 0.12763287 0.76392446 0.12916691 0.75664029 0.12611047 0.75512682 0.13632616 0.76241099 0.13938260 0.76332260 0.14193515
0 0.67968750 0.29130666 0.68903100 0.29522720 0.68994239 0.29777965 0.72029372 0.31051510 0.72120495 0.31306804 0.72484719 0.31459633 0.74966843 0.14705660 0.74875714 0.14450418 0.75511377 0.10159786 0.75389948 0.10108835 0.75238283 0.10262199 0.75116885 0.10211261 0.75025755 0.09956019 0.75056031 0.09751663 0.74327583 0.09446006 0.74236453 0.09190764 0.74387800 0.08169195 0.72688124 0.07456010 0.72596985 0.07200764 0.72627261 0.06996408 0.71898831 0.06690759 0.71807692 0.06435513 0.71898496 0.05822603 0.70684441 0.05313185 0.67968750 0.23643698 0.67968750 0.29130666
0 0.14653426 0.94286696 0.15822331 0.94980720 0.18790486 0.94378820 0.20053212 0.93620097 0.20810237 0.92198511 0.15964890 0.70727063 0.15298630 0.65864139 0.14350566 0.64822593 0.12203455 0.65360814 0.11667951 0.67508604 0.09836522 0.67857144 0.09331839 0.68804869 0.14653426 0.94286696
0 0.87429825 0.79931110 0.87300658 0.80676612 0.86575431 0.80416409 0.86446288 0.81161772 0.87171515 0.81421975 0.87042372 0.82167338 0.87767599 0.82427542 0.87509289 0.83918407 0.88338051 0.84215758 0.89293777 0.78699681 0.88465015 0.78402331 0.88155052 0.80191313 0.87429825 0.79931110
0 0.86006650 0.82429180 0.84970624 0.82057465 0.84763991 0.83250074 0.85800016 0.83621788 0.86006650 0.82429180
0 0.83518596 0.77736106 0.83647739 0.76990743 0.82818977 0.76693392 0.82689834 0.77438755 0.83207798 0.77624595 0.82562035 0.81351689 0.82044071 0.81165849 0.81914928 0.81911212 0.82847321 0.82245744 0.82976464 0.81500381 0.83494429 0.81686221 0.83597757 0.81089847 0.84012187 0.81238540 0.84115516 0.80642166 0.84633480 0.80828005 0.84840113 0.79635397 0.84322149 0.79449557 0.84425478 0.78853183 0.84011049 0.78704490 0.84140192 0.77959127 0.83518596 0.77736106
0 0.83496935 0.87387702 0.82046577 0.86867330 0.81891596 0.87761821 0.83341954 0.88282193 0.83496935 0.87387702
