0 0.00000000 0.32600714 0.14400002 0.29489909 0.11285375 0.22195108 0.10763555 0.19086803 0.08969152 0.18778875 0.00000000 0.20676782 0.00000000 0.32600714
0 0.65726323 0.19758584 0.60336403 0.25522384 0.68384714 0.30911165 0.73355997 0.26079660 0.72921840 0.25826058 0.73592921 0.24948662 0.65726323 0.19758584
0 0.16133269 1.00000000 0.29316549 0.98812048 0.28945020 0.91965352 0.28799234 0.91802086 0.13268633 0.93201556 0.13637544 1.00000000 0.16133269 1.00000000
0 0.34960938 0.90894000 0.33957070 0.90984459 0.33830339 0.91172327 0.33557889 0.91196878 0.33412136 0.91033563 0.30551207 0.91291363 0.30424510 0.91479228 0.30288286 0.91491503 0.30678866 0.98689289 0.34960938 0.98303429 0.34960938 0.90894000
0 0.11714828 0.82227450 0.12200674 0.91180817 0.28684918 0.89695414 0.27951388 0.76177612 0.27815163 0.76189887 0.27669410 0.76026573 0.21130202 0.76615824 0.21003471 0.76803692 0.21251155 0.81368126 0.21124456 0.81555946 0.17582403 0.81875123 0.17436652 0.81711853 0.11714828 0.82227450
0 0.34960938 0.79210015 0.34467762 0.70121559 0.34059052 0.70158388 0.33913302 0.69995119 0.31461081 0.70216090 0.31334382 0.70403910 0.31410593 0.71808358 0.31283894 0.71996178 0.29649092 0.72143491 0.30582676 0.89347957 0.34960938 0.88953430 0.34960938 0.79210015
0 0.58254411 1.00000000 0.58290966 0.99970871 0.58131468 0.98390878 0.58367170 0.98203058 0.58243113 0.96974155 0.57229354 0.97023259 0.56958209 0.96859989 0.56451296 0.96884543 0.56180147 0.96721229 0.56162426 0.96545684 0.55402090 0.96582513 0.55597035 0.98513640 0.55361333 0.98701460 0.55492420 1.00000000 0.58254411 1.00000000
0 0.53709648 1.00000000 0.53640405 0.99314073 0.53876107 0.99126253 0.53681161 0.97195126 0.53916929 0.97007302 0.53863761 0.96480623 0.53592551 0.96317357 0.52578856 0.96366458 0.52036497 0.96039877 0.51022738 0.96088981 0.51146794 0.97317885 0.50911092 0.97505705 0.51017427 0.98559063 0.50781725 0.98746883 0.50888056 0.99800197 0.52155239 0.99738817 0.52426389 0.99902132 0.52436269 1.00000000 0.53709648 1.00000000
0 0.45771403 0.97049002 0.45824571 0.97575681 0.45588804 0.97763505 0.45624251 0.98114639 0.45388548 0.98302459 0.45441716 0.98829138 0.45206013 0.99016958 0.46219773 0.98967854 0.46490918 0.99131124 0.46526364 0.99482258 0.48300461 0.99396325 0.48571605 0.99559594 0.49331942 0.99522765 0.49296499 0.99171676 0.49532197 0.98983811 0.49479029 0.98457132 0.49714732 0.98269312 0.48701037 0.98318413 0.48429827 0.98155146 0.48665595 0.97967323 0.48612427 0.97440644 0.48848130 0.97252824 0.48794962 0.96726145 0.49030664 0.96538324 0.48942050 0.95660511 0.47928290 0.95709615 0.47657145 0.95546345 0.47639424 0.95370801 0.46625664 0.95419905 0.46354519 0.95256635 0.46389962 0.95607725 0.46154194 0.95795548 0.46207362 0.96322228 0.45971664 0.96510092 0.46007106 0.96861182 0.45771403 0.97049002
0 0.42276392 0.97747547 0.42040677 0.97935368 0.42076124 0.98286503 0.42347281 0.98449771 0.42382723 0.98800861 0.43649894 0.98739482 0.43614452 0.98388392 0.43343320 0.98225122 0.43325599 0.98049578 0.43561284 0.97861713 0.43490395 0.97159489 0.43726162 0.96971666 0.43655273 0.96269442 0.43890976 0.96081622 0.43820087 0.95379398 0.44055790 0.95191578 0.44038064 0.95015988 0.42770880 0.95077368 0.42535170 0.95265233 0.42606054 0.95967412 0.42370336 0.96155278 0.42441225 0.96857502 0.42205503 0.97045323 0.42276392 0.97747547
0 0.39671110 0.97168084 0.39435388 0.97355905 0.39506277 0.98058129 0.39270559 0.98245995 0.40791206 0.98172338 0.40755759 0.97821204 0.40991475 0.97633383 0.40938307 0.97106704 0.41174022 0.96918883 0.41103133 0.96216659 0.41338851 0.96028793 0.41285688 0.95502159 0.41521410 0.95314338 0.41485963 0.94963203 0.41232520 0.94975479 0.40961355 0.94812211 0.40201039 0.94849039 0.39965317 0.95036860 0.40036206 0.95739084 0.39800490 0.95926905 0.39853658 0.96453584 0.39617942 0.96641405 0.39671110 0.97168084
0 0.40419035 0.94485628 0.41686232 0.94424248 0.41957390 0.94587517 0.43224560 0.94526138 0.43189118 0.94175048 0.43424885 0.93987225 0.43678309 0.93974950 0.43949454 0.94138219 0.43967175 0.94313764 0.45234359 0.94252384 0.45216638 0.94076840 0.45452405 0.93889016 0.45416958 0.93537882 0.45652661 0.93350062 0.45634940 0.93174517 0.45363790 0.93011203 0.45292906 0.92309024 0.43772234 0.92382682 0.43789955 0.92558226 0.43554252 0.92746046 0.42540493 0.92795151 0.42269335 0.92631882 0.42251613 0.92456337 0.39210334 0.92603650 0.39316665 0.93656964 0.39080943 0.93844785 0.39116390 0.94195919 0.40383593 0.94134539 0.40654751 0.94297807 0.40419035 0.94485628
0 0.64047431 0.91400596 0.64029705 0.91225006 0.62509098 0.91298661 0.62526823 0.91474251 0.64047431 0.91400596
0 0.42216167 0.92105203 0.42198446 0.91929658 0.40931242 0.91991038 0.40948963 0.92166583 0.42216167 0.92105203
0 0.63723114 0.90710602 0.61949018 0.90796535 0.61677873 0.90633266 0.61660152 0.90457721 0.55831016 0.90740071 0.56102226 0.90903338 0.59396929 0.90743750 0.59668074 0.90907019 0.59432376 0.91094884 0.63740839 0.90886192 0.63723114 0.90710602
0 0.47102379 0.92574183 0.47155547 0.93100862 0.46919845 0.93288682 0.46973012 0.93815362 0.46737310 0.94003182 0.46772752 0.94354271 0.47786512 0.94305167 0.48057662 0.94468481 0.48075383 0.94644026 0.48835719 0.94607197 0.49106863 0.94770467 0.50880959 0.94684533 0.51152109 0.94847848 0.51169830 0.95023393 0.53704262 0.94900630 0.53975407 0.95063900 0.54010849 0.95414989 0.57052129 0.95267676 0.57323278 0.95430991 0.57340999 0.95606536 0.59875431 0.95483773 0.60146576 0.95647043 0.60182023 0.95998177 0.62716455 0.95875415 0.62952158 0.95687595 0.62898990 0.95160916 0.63134688 0.94973051 0.63063803 0.94270872 0.63299502 0.94083007 0.63281780 0.93907462 0.63517483 0.93719642 0.64531308 0.93670534 0.64495861 0.93319400 0.63735525 0.93356229 0.63464315 0.93192962 0.63428873 0.92841873 0.63664636 0.92654005 0.63629194 0.92302915 0.63375705 0.92315193 0.63104555 0.92151879 0.60823612 0.92262363 0.60552467 0.92099093 0.60534746 0.91923549 0.58507226 0.92021757 0.58236081 0.91858488 0.56461986 0.91944421 0.56190841 0.91781152 0.56173115 0.91605562 0.53638683 0.91728324 0.53367538 0.91565055 0.53349817 0.91389510 0.53078603 0.91226199 0.49277052 0.91410337 0.49005842 0.91247071 0.48970400 0.90895982 0.47703216 0.90957361 0.47720937 0.91132906 0.47485235 0.91320726 0.47538403 0.91847405 0.47302700 0.92035225 0.47338147 0.92386360 0.47102379 0.92574183
0 0.40883404 0.88994276 0.40647687 0.89182142 0.40394243 0.89194418 0.40429686 0.89545508 0.41443445 0.89496404 0.41714614 0.89659717 0.41732335 0.89835262 0.41496613 0.90023083 0.40736297 0.90059911 0.40500575 0.90247732 0.40518296 0.90423277 0.40282585 0.90611142 0.40353473 0.91313366 0.41367234 0.91264262 0.41638391 0.91427531 0.41656112 0.91603076 0.43937108 0.91492589 0.44208253 0.91655859 0.44225978 0.91831449 0.44497123 0.91994718 0.44732826 0.91806898 0.45746586 0.91757794 0.45728860 0.91582204 0.45964627 0.91394381 0.45911464 0.90867746 0.46147162 0.90679881 0.46111720 0.90328792 0.46347418 0.90140927 0.46311976 0.89789837 0.46040831 0.89626568 0.46023110 0.89451023 0.46258808 0.89263158 0.46512232 0.89250883 0.46476789 0.88899793 0.46712488 0.88711928 0.46641603 0.88009749 0.44614083 0.88107958 0.44342934 0.87944643 0.44325213 0.87769099 0.41283946 0.87916411 0.41301667 0.88091955 0.41065956 0.88279821 0.41101399 0.88630911 0.40865683 0.88818732 0.40612240 0.88831008 0.40883404 0.88994276
0 0.46570710 0.87307480 0.46552989 0.87131935 0.42244538 0.87340627 0.42262260 0.87516172 0.46570710 0.87307480
0 0.41925540 0.84180641 0.44206471 0.84070158 0.44748825 0.84396694 0.44766546 0.84572239 0.44530848 0.84760104 0.44023936 0.84784658 0.43752786 0.84621343 0.43735065 0.84445798 0.40947222 0.84580835 0.40964944 0.84756380 0.42232114 0.84695001 0.42503329 0.84858312 0.42538771 0.85209402 0.42303008 0.85397270 0.40782401 0.85470925 0.40817843 0.85822015 0.41071279 0.85809739 0.41342444 0.85973007 0.41377891 0.86324142 0.41142168 0.86511963 0.41395612 0.86499686 0.41666776 0.86662955 0.41431058 0.86850821 0.40670742 0.86887649 0.40706184 0.87238739 0.41466500 0.87201911 0.41702223 0.87014089 0.42209096 0.86989538 0.42191375 0.86813993 0.42427060 0.86626129 0.42698274 0.86789440 0.42715995 0.86964985 0.47024459 0.86756292 0.46953570 0.86054068 0.47189268 0.85866203 0.47171547 0.85690658 0.45904363 0.85752038 0.45633218 0.85588768 0.45379794 0.85601044 0.44837440 0.85274508 0.45073138 0.85086643 0.46847234 0.85000710 0.46811792 0.84649620 0.47047490 0.84461755 0.47554402 0.84437201 0.47518960 0.84086112 0.47754663 0.83898292 0.47683773 0.83196068 0.45402830 0.83306552 0.45131681 0.83143237 0.45113960 0.82967692 0.40805445 0.83176387 0.40823166 0.83351932 0.41836925 0.83302828 0.42108062 0.83466143 0.42143504 0.83817232 0.41907819 0.84005097 0.41925540 0.84180641
0 0.41135111 0.81396297 0.40899388 0.81584118 0.40934831 0.81935208 0.44482990 0.81763343 0.44754140 0.81926657 0.44518437 0.82114477 0.40463398 0.82310894 0.40481119 0.82486439 0.42255215 0.82400506 0.42526364 0.82563820 0.42544085 0.82739365 0.48373221 0.82457015 0.48337774 0.82105880 0.48573477 0.81918060 0.48467145 0.80864746 0.48702843 0.80676882 0.48685122 0.80501337 0.48178275 0.80525887 0.47907065 0.80362621 0.48142828 0.80174753 0.48903164 0.80137924 0.48885443 0.79962379 0.43056308 0.80244729 0.43074029 0.80420274 0.42838330 0.80608139 0.40810778 0.80706349 0.40846221 0.81057439 0.41117390 0.81220752 0.41135111 0.81396297
0 0.45555233 0.79770881 0.45537512 0.79595336 0.39708408 0.79877685 0.39726130 0.80053230 0.45555233 0.79770881
0 0.61415631 0.77944129 0.60148447 0.78005508 0.60183894 0.78356643 0.60455039 0.78519912 0.60561370 0.79573226 0.61828554 0.79511846 0.61686776 0.78107398 0.61415631 0.77944129
0 0.38735420 0.77807796 0.38988857 0.77795520 0.39260020 0.77958834 0.39277741 0.78134378 0.42319007 0.77987066 0.42590217 0.78150333 0.42625664 0.78501467 0.42389896 0.78689290 0.39348630 0.78836602 0.39384072 0.79187692 0.39890958 0.79163140 0.40162121 0.79326453 0.40179842 0.79501998 0.46008977 0.79219648 0.46280122 0.79382917 0.46315569 0.79734052 0.49103425 0.79599014 0.49032536 0.78896790 0.47005016 0.78994999 0.46733867 0.78831684 0.46698424 0.78480595 0.46934127 0.78292775 0.48454734 0.78219120 0.48437013 0.78043575 0.48165864 0.77880261 0.48401566 0.77692440 0.48383845 0.77516896 0.48619608 0.77329028 0.49379879 0.77292202 0.49362158 0.77116657 0.49597861 0.76928837 0.49851350 0.76916558 0.49833629 0.76741014 0.49562419 0.76577747 0.47534899 0.76675956 0.47263750 0.76512641 0.47246029 0.76337097 0.41163482 0.76631722 0.40892324 0.76468453 0.38357925 0.76591214 0.38393367 0.76942303 0.38646810 0.76930027 0.38917973 0.77093341 0.38953415 0.77444430 0.38717699 0.77632251 0.38735420 0.77807796
