0 0.35325990 0.26953125 0.35588145 0.24453523 0.30217278 0.23405114 0.29608000 0.23506361 0.29333018 0.25242532 0.29576554 0.26953125 0.35325990 0.26953125
0 1.00000000 0.06870014 0.97418022 0.06695295 0.97213199 0.06574816 0.90641568 0.06130121 0.90359568 0.06217657 0.90116188 0.06201188 0.89730692 0.07241069 0.89448765 0.07328582 0.86771399 0.07147408 0.86566567 0.07026956 0.85836365 0.06977544 0.85631532 0.06857092 0.76382473 0.06231218 0.76177640 0.06110766 0.75204058 0.06044885 0.75088416 0.06356833 0.74806488 0.06444346 0.73589464 0.06361992 0.73384632 0.06241540 0.73423179 0.06137557 0.59793032 0.05215220 0.59588200 0.05094768 0.59665305 0.04886776 0.49442725 0.04195025 0.48825924 0.05858856 0.58805124 0.06534137 0.59009946 0.06654616 0.58971399 0.06758599 0.74305330 0.07796229 0.74510162 0.07916681 0.74471615 0.08020663 0.93456494 0.09305349 0.93661326 0.09425801 0.93622769 0.09529811 1.00000000 0.09961351 1.00000000 0.08575583 0.95827701 0.08293248 0.95622816 0.08172765 0.95661364 0.08068783 0.95943354 0.07981273 0.96430113 0.08014212 0.96699966 0.07286279 0.96981894 0.07198766 0.97186726 0.07319218 0.96878326 0.08151133 1.00000000 0.08362373 1.00000000 0.06870014
0 0.53170706 0.04234111 0.53594759 0.03090221 0.50187254 0.02859639 0.49763200 0.04003529 0.53170706 0.04234111
0 0.40849014 0.01801338 0.39615412 0.05128999 0.47647448 0.05672518 0.48688302 0.02864798 0.48970229 0.02777284 0.49124429 0.02361327 0.40849014 0.01801338
0 0.74155633 0.04161752 0.74309833 0.03745794 0.53134410 0.02312877 0.52980210 0.02728834 0.74155633 0.04161752
0 0.49560620 0.01857860 0.49946123 0.00817958 0.46538568 0.00587372 0.46153064 0.01627274 0.49560620 0.01857860
0 0.45666279 0.01594334 0.46051783 0.00554432 0.42887638 0.00340318 0.42502135 0.01380220 0.45666279 0.01594334
0 1.00000000 0.04524844 0.99483152 0.04489869 0.99278322 0.04369412 0.99316872 0.04265421 0.80331993 0.02980736 0.79922333 0.02739818 0.77244967 0.02558644 0.76589619 0.04326457 0.86568818 0.05001738 0.86773641 0.05122217 0.86735093 0.05226200 0.95010571 0.05786192 0.95215403 0.05906644 0.95176856 0.06010627 1.00000000 0.06337004 1.00000000 0.04524844
0 0.52245359 0.00000000 0.51584888 0.01781630 0.51828268 0.01798099 0.52033091 0.01918578 0.75642500 0.03516201 0.76182206 0.02060336 0.75977313 0.01939874 0.66484936 0.01297535 0.66280044 0.01177071 0.66318595 0.01073080 0.65101633 0.00990730 0.64896803 0.00870273 0.64935352 0.00766285 0.55929672 0.00156880 0.55724843 0.00036420 0.55738344 0.00000000 0.52245359 0.00000000
0 0.46756313 0.00000000 0.46654217 0.00275405 0.50061773 0.00505991 0.50249349 0.00000000 0.46756313 0.00000000
0 0.00000000 0.71990329 0.00326160 0.72092553 0.00943251 0.59713199 0.00214059 0.59484658 0.00000000 0.63061071 0.00000000 0.71990329
0 0.14280749 0.86080619 0.09157170 0.84721174 0.09022422 0.86404692 0.14146020 0.87763912 0.14280749 0.86080619
0 0.14849564 0.61852949 0.07762180 0.60124616 0.07588942 0.62289043 0.14676325 0.64017376 0.14849564 0.61852949
0 0.64343762 0.43739894 0.49210833 0.50085888 0.50237121 0.53479000 0.65369887 0.47132745 0.64343762 0.43739894
0 0.73330754 0.68314839 0.64917796 0.56664298 0.59733737 0.61876776 0.68387364 0.73324852 0.73330754 0.68314839
