0 0.24277573 0.19399426 0.25150255 0.17745698 0.24711601 0.17210954 0.23886389 0.17124153 0.23296834 0.17444527 0.20910581 0.21169634 0.21122123 0.21907088 0.22662095 0.22745328 0.23238421 0.22848436 0.24821998 0.20302898 0.24326566 0.19818831 0.24277573 0.19399426
0 0.22384410 0.24125283 0.22216417 0.23760632 0.20376225 0.23035979 0.20013783 0.23153642 0.19081220 0.24294764 0.17576195 0.26976028 0.15819182 0.29110316 0.15162724 0.30468132 0.14852377 0.31568484 0.14969036 0.32030412 0.15900019 0.32485940 0.16895565 0.32420707 0.21973736 0.24903508 0.22384410 0.24125283
0 0.71904362 0.14554698 0.70506647 0.16521155 0.71408711 0.18562766 0.72858398 0.16629308 0.71904362 0.14554698
0 0.70768353 0.12195813 0.69352101 0.14142567 0.70302030 0.15962678 0.71685323 0.14118551 0.70768353 0.12195813
0 0.70369127 0.16666349 0.68997488 0.18593245 0.69383119 0.19429268 0.70758926 0.17531838 0.70369127 0.16666349
0 0.69793772 0.15377908 0.68410951 0.17337866 0.68807703 0.18140651 0.70231844 0.16250110 0.69793772 0.15377908
0 0.68260693 0.11876198 0.66848145 0.13849331 0.67233631 0.14684540 0.68661627 0.12708725 0.68260693 0.11876198
0 0.67299178 0.09861029 0.65934898 0.11840782 0.66617368 0.13329778 0.68052789 0.11407089 0.67299178 0.09861029
0 0.69747535 0.09870132 0.68357303 0.11777241 0.69262512 0.13841321 0.70679327 0.11898568 0.69747535 0.09870132
0 0.68570757 0.07332997 0.67199050 0.09372183 0.68153175 0.11222313 0.69528569 0.09321788 0.68570757 0.07332997
0 0.73376365 0.12555215 0.72049292 0.14462353 0.72876605 0.16421343 0.74322991 0.14576976 0.73376365 0.12555215
0 0.72259043 0.09991731 0.70853901 0.12017620 0.71837204 0.13850851 0.73235396 0.12000316 0.72259043 0.09991731
0 0.71227038 0.07699020 0.69847921 0.09685356 0.70775386 0.11683236 0.72214510 0.09786925 0.71227038 0.07699020
0 0.70065082 0.05267583 0.68663647 0.07319943 0.69657984 0.09119205 0.71030321 0.07196941 0.70065082 0.05267583
0 0.74881889 0.10344458 0.73432134 0.12390206 0.74385686 0.14461359 0.75891609 0.12478629 0.74881889 0.10344458
0 0.73708746 0.07945990 0.72344518 0.09925736 0.73283174 0.11890737 0.74688807 0.09981047 0.73708746 0.07945990
0 0.72687928 0.05620310 0.71271604 0.07679262 0.72258510 0.09650515 0.73660562 0.07714799 0.72687928 0.05620310
0 0.71540809 0.03182289 0.70117126 0.05188384 0.71096548 0.07106335 0.72539479 0.05124851 0.71540809 0.03182289
0 0.73061154 0.01077230 0.71663423 0.03155969 0.72609468 0.04948150 0.74004145 0.02960322 0.73061154 0.01077230
0 0.74189659 0.03607653 0.72803135 0.05541232 0.73726802 0.07624469 0.75180907 0.05609739 0.74189659 0.03607653
0 0.75210477 0.05933333 0.73812818 0.07899875 0.74770023 0.09772205 0.76224041 0.07869396 0.75210477 0.05933333
0 0.76298145 0.08397795 0.74963593 0.10364374 0.75887425 0.12336236 0.77348791 0.10373448 0.76298145 0.08397795
0 0.25078739 0.64568898 0.24875751 0.64341326 0.24705385 0.64612530 0.24999342 0.69100562 0.25186043 0.69078744 0.25356366 0.68807610 0.26103025 0.68720354 0.26306008 0.68947862 0.26403997 0.70443915 0.26233674 0.70715049 0.25300361 0.70824118 0.25129990 0.71095258 0.25358627 0.74586006 0.25561658 0.74813509 0.26494971 0.74704440 0.26697953 0.74931948 0.26779608 0.76178617 0.26609289 0.76449814 0.25489276 0.76580702 0.25734239 0.80320708 0.26854252 0.80189820 0.27057239 0.80417392 0.27122563 0.81414740 0.27325546 0.81642248 0.27155223 0.81913382 0.26035258 0.82044264 0.25864887 0.82315403 0.26028200 0.84808804 0.27148213 0.84677917 0.27351196 0.84905425 0.27449185 0.86401478 0.27278862 0.86672612 0.26158848 0.86803500 0.26354821 0.89795543 0.27474834 0.89664655 0.27677817 0.89892163 0.27775806 0.91388217 0.27605483 0.91659351 0.26485470 0.91790238 0.26632448 0.94034255 0.27752461 0.93903367 0.27955444 0.94130875 0.28037103 0.95377608 0.27866780 0.95648741 0.27120120 0.95735998 0.26949797 0.96007132 0.26763097 0.96028950 0.26959069 0.99020993 0.28079083 0.98890106 0.28282070 0.99117678 0.28298400 0.99366999 0.37258315 0.98319919 0.36752051 0.90590458 0.35632086 0.90721341 0.35429055 0.90493838 0.34955451 0.83263019 0.34395444 0.83328463 0.33989478 0.82873447 0.33924154 0.81876099 0.33721171 0.81648591 0.33394550 0.76661852 0.33191567 0.76434344 0.33175233 0.76184959 0.32241872 0.76294034 0.32038889 0.76066526 0.31908241 0.74071831 0.32078564 0.73800697 0.32638570 0.73735253 0.32622236 0.73485868 0.32792559 0.73214735 0.32776229 0.72965414 0.32573246 0.72737905 0.32013240 0.72803349 0.31810256 0.72575841 0.31565290 0.68835771 0.30258623 0.68988472 0.30055640 0.68760964 0.29875998 0.66018241 0.30046316 0.65747044 0.29899338 0.63503028 0.28779372 0.63633910 0.28576342 0.63406407 0.28527347 0.62658380 0.27407382 0.62789262 0.27204399 0.62561754 0.27171735 0.62063048 0.26051721 0.62193936 0.25848738 0.61966428 0.25799748 0.61218465 0.24493082 0.61371165 0.24542072 0.62119128 0.25475385 0.62010059 0.25881402 0.62465134 0.25995717 0.64210444 0.25825398 0.64481642 0.25078739 0.64568898
0 0.22881772 1.00000000 0.26431727 0.99585143 0.23916741 0.61187224 0.22796776 0.61318107 0.22593793 0.61090599 0.22528468 0.60093251 0.21408455 0.60224138 0.21205472 0.59996630 0.21189142 0.59747309 0.20069177 0.59878191 0.19866142 0.59650625 0.19849812 0.59401304 0.19646829 0.59173796 0.19460176 0.59195609 0.19257141 0.58968042 0.18883835 0.59011668 0.18680852 0.58784159 0.18307498 0.58827791 0.18104515 0.58600282 0.17357856 0.58687539 0.17154873 0.58460031 0.17138543 0.58210710 0.16205182 0.58319785 0.15799212 0.57864704 0.14865900 0.57973774 0.14662869 0.57746271 0.14646535 0.57496886 0.13339916 0.57649581 0.13136885 0.57422079 0.13087896 0.56674116 0.11967930 0.56804998 0.11764943 0.56577426 0.11748613 0.56328105 0.10628600 0.56458993 0.10425617 0.56231484 0.10409282 0.55982100 0.09289317 0.56112982 0.09338311 0.56861008 0.09167945 0.57132212 0.08047979 0.57263094 0.08129633 0.58509762 0.09249599 0.58378880 0.09452629 0.58606383 0.09534284 0.59853052 0.09363913 0.60124191 0.08243948 0.60255073 0.08341936 0.61751126 0.08544919 0.61978635 0.09478232 0.61869565 0.09681262 0.62097068 0.09762921 0.63343800 0.09592550 0.63614940 0.08472584 0.63745822 0.08586903 0.65491196 0.09706869 0.65360314 0.09909899 0.65587817 0.10040548 0.67582512 0.09870177 0.67853652 0.08750211 0.67984534 0.08815536 0.68981881 0.09935501 0.68850999 0.10138536 0.69078566 0.10236521 0.70574555 0.10066150 0.70845695 0.08946184 0.70976577 0.09011508 0.71973924 0.10131474 0.71843042 0.10334505 0.72070545 0.10465153 0.74065240 0.10294787 0.74336443 0.09174821 0.74467326 0.09272806 0.75963315 0.10392771 0.75832433 0.10595802 0.76059936 0.10693790 0.77555989 0.10523420 0.77827129 0.09403454 0.77958011 0.09534103 0.79952706 0.09363780 0.80223840 0.09396444 0.80722545 0.10703062 0.80569851 0.10906093 0.80797353 0.10987747 0.82044022 0.10817381 0.82315225 0.09697415 0.82446107 0.09942378 0.86186113 0.11062344 0.86055231 0.11265378 0.86282797 0.11396027 0.88277493 0.11225656 0.88548632 0.10852350 0.88592258 0.10649320 0.88364755 0.10089361 0.88430194 0.10383318 0.92918226 0.11503283 0.92787344 0.11706318 0.93014910 0.11820633 0.94760221 0.11650266 0.95031424 0.10530300 0.95162306 0.10847160 1.00000000 0.22881772 1.00000000
0 0.00000000 0.69361729 0.00760840 0.80977973 0.03374149 0.80672575 0.03577146 0.80900081 0.08243766 0.80354727 0.08446753 0.80582300 0.09006760 0.80516856 0.07667611 0.60071196 0.07464628 0.59843688 0.07121677 0.54607628 0.06934976 0.54629446 0.06764653 0.54900580 0.06578000 0.54922393 0.06375017 0.54694885 0.06358683 0.54445500 0.05238670 0.54576388 0.05035687 0.54348880 0.04954032 0.53102211 0.02340724 0.53407609 0.02137726 0.53180102 0.02121392 0.52930718 0.01001408 0.53061602 0.00798410 0.52834095 0.00749420 0.52086132 0.00000000 0.52173712 0.00000000 0.69361729
0 0.72579726 0.74489617 0.65889146 0.69382246 0.65470845 0.71497500 0.71666481 0.76143987 0.71823695 0.75462372 0.72286400 0.75877473 0.72579726 0.74489617
0 0.67227431 0.77984322 0.63680289 0.75337881 0.63580486 0.75968075 0.66630813 0.78151366 0.67146330 0.78495241 0.67227431 0.77984322
0 0.67674848 0.75474376 0.65084303 0.73527925 0.64970883 0.74126447 0.67422982 0.75908662 0.67608610 0.76008924 0.67674848 0.75474376
0 0.88821228 0.91037848 0.89877372 0.93113346 0.91060587 0.90585613 0.91860391 0.88840185 0.90848510 0.86722760 0.90502218 0.87327838 0.90013957 0.86257955 0.88588513 0.89199464 0.89108477 0.90194069 0.88821228 0.91037848
0 0.91923701 0.93682549 0.92153284 0.94064123 0.93374656 0.91476059 0.93158289 0.91065756 0.91923701 0.93682549
0 0.87160520 0.94258551 0.87868939 0.94254009 0.87849838 0.93676677 0.87175098 0.93669387 0.86269354 0.93257164 0.85743566 0.92770144 0.85569454 0.93282359 0.86216255 0.93821904 0.87160520 0.94258551
0 0.85660806 0.95534816 0.86851544 0.96129772 0.87765336 0.96264228 0.88074729 0.96224244 0.88072901 0.95665675 0.87233401 0.95641988 0.86063680 0.95138986 0.84947674 0.94266151 0.84773884 0.94821438 0.85660806 0.95534816
0 0.90600706 0.96605551 0.90524343 0.96076223 0.89760321 0.96552747 0.88849308 0.97068066 0.88931035 0.97621656 0.90143079 0.96939761 0.90600706 0.96605551
0 0.90859324 0.97584565 0.89967240 0.98278131 0.89454813 0.98455619 0.90674156 0.98324249 0.90913542 0.98124316 0.91743557 0.97226618 0.92486405 0.96094654 0.92289943 0.95547046 0.91658496 0.96662896 0.90859324 0.97584565
0 0.71306315 0.54665310 0.72148272 0.56141131 0.73430911 0.53162833 0.72539202 0.51646866 0.71306315 0.54665310
0 0.73593506 0.52822722 0.74619131 0.56229423 0.75493747 0.55072295 0.74411927 0.51807975 0.73593506 0.52822722
0 0.74553688 0.63834076 0.74657372 0.64345026 0.76692146 0.63140432 0.76579941 0.62613357 0.74553688 0.63834076
0 0.76138523 0.65142327 0.76265734 0.65752273 0.77471425 0.64666124 0.77315970 0.64065627 0.76138523 0.65142327
