0 0.44552582 0.30125286 0.43954214 0.28203552 0.31369549 0.28930628 0.31227958 0.30086367 0.31715716 0.34962061 0.32377838 0.35897240 0.44239444 0.35385016 0.44792748 0.34691157 0.44552582 0.30125286
0 0.67160285 0.13656000 0.67139954 0.14354655 0.73236998 0.16206103 0.73099725 0.11944559 0.67748837 0.10203914 0.67753715 0.13228402 0.67536802 0.13240897 0.67537575 0.13785017 0.67160285 0.13656000
0 0.45624637 0.54100592 0.44898746 0.54124365 0.44648354 0.53905390 0.35453895 0.54206502 0.35203503 0.53987527 0.34235668 0.54019223 0.34261015 0.54699917 0.34027521 0.54934738 0.32817681 0.54974360 0.32567289 0.54755385 0.32558840 0.54528487 0.19009156 0.54972229 0.18758764 0.54753254 0.18741865 0.54299400 0.08579633 0.54632205 0.08714823 0.58262805 0.18635112 0.57937923 0.18885506 0.58156956 0.18893955 0.58383854 0.34137364 0.57884644 0.34387756 0.58103619 0.34396205 0.58330517 0.53269010 0.57712447 0.53519401 0.57931421 0.53527852 0.58158377 0.60060689 0.57944432 0.60311143 0.58163404 0.60319592 0.58390302 0.61287426 0.58358607 0.61160687 0.54954963 0.55111737 0.55153061 0.54861281 0.54934031 0.54852832 0.54707133 0.55086388 0.54472310 0.55570275 0.54456463 0.55511128 0.52868061 0.55744623 0.52633239 0.55995015 0.52852214 0.56062610 0.54667514 0.59208119 0.54564501 0.59441613 0.54329679 0.59692005 0.54548654 0.61143788 0.54501109 0.61025497 0.51324364 0.59573715 0.51371908 0.59624410 0.52733354 0.59390915 0.52968175 0.59140523 0.52749201 0.59089828 0.51387755 0.55944319 0.51490768 0.55693925 0.51271735 0.49161089 0.51485681 0.48927534 0.51720562 0.48685592 0.51728486 0.48770084 0.53997582 0.48536590 0.54232403 0.45875029 0.54319567 0.45624637 0.54100592
0 0.12192068 0.54059552 0.12099124 0.51563500 0.08711735 0.51674435 0.08804678 0.54170486 0.12192068 0.54059552
0 0.00000000 0.58321034 0.07496535 0.58075528 0.07268401 0.51948877 0.07501895 0.51714056 0.07468098 0.50806406 0.00000000 0.51050980 0.00000000 0.58321034
0 0.32398301 0.50217136 0.32364504 0.49309486 0.11314087 0.49998871 0.11347885 0.50906521 0.32398301 0.50217136
0 0.07667856 0.49663933 0.07583362 0.47394791 0.04195922 0.47505727 0.04280417 0.49774869 0.07667856 0.49663933
0 0.03796506 0.49790716 0.03712011 0.47521574 0.00566546 0.47624586 0.00651040 0.49893728 0.03796506 0.49790716
0 0.53474067 0.50208503 0.53482516 0.50435401 0.60983249 0.50189758 0.60839610 0.46332260 0.56968272 0.46459044 0.56717879 0.46240057 0.56709430 0.46013142 0.37836625 0.46631212 0.37335840 0.46193234 0.34674280 0.46280398 0.34817918 0.50137895 0.44738207 0.49813013 0.44988601 0.50032046 0.44997050 0.50258944 0.53223675 0.49989528 0.53474067 0.50208503
0 0.33180250 0.45193383 0.23743910 0.45502416 0.23493455 0.45283426 0.23485006 0.45056511 0.22275228 0.45096130 0.22024836 0.44877144 0.22016386 0.44650234 0.13063870 0.44943422 0.12813478 0.44724430 0.12805028 0.44497515 0.09417638 0.44608449 0.09586625 0.49146687 0.09828569 0.49138764 0.10078963 0.49357796 0.33548997 0.48589171 0.33430704 0.45412367 0.33180250 0.45193383
0 0.07558014 0.46714056 0.07473520 0.44444931 0.04086080 0.44555867 0.04170574 0.46824992 0.07558014 0.46714056
0 0.00448255 0.44447817 0.00541198 0.46943851 0.03686663 0.46840840 0.03602169 0.44571715 0.02392373 0.44611335 0.02141962 0.44392350 0.00448255 0.44447817
0 0.78469583 0.54446922 0.76987544 0.54509027 0.71506763 0.56417377 0.72431730 0.61957484 0.72851579 0.62295419 0.73465062 0.62222339 0.79445237 0.59736472 0.79420548 0.58888083 0.79122309 0.57875894 0.78469583 0.54446922
0 1.00000000 0.66256446 0.84269759 0.73301125 0.84275525 0.73499285 0.86437097 0.82622599 1.00000000 0.76711662 1.00000000 0.66256446
