0 0.10005718 0.00000000 0.14917910 0.15516033 0.16948500 0.24620425 0.19546916 0.27497601 0.21699954 0.37207365 0.23543311 0.38220818 0.25553285 0.37877274 0.27100703 0.36493039 0.28280774 0.33292686 0.28817926 0.24110015 0.27593438 0.18056289 0.21492300 0.00000000 0.10005718 0.00000000
0 1.00000000 0.03681137 0.98495324 0.03430458 0.98472916 0.03678079 0.98632994 0.03956103 0.98610586 0.04203728 0.98770711 0.04481756 0.98748304 0.04729375 0.99068459 0.05285429 0.99046052 0.05533047 0.99206177 0.05811076 0.99183769 0.06058700 0.99343847 0.06336727 0.99321439 0.06584346 0.99481518 0.06862366 0.99459110 0.07109991 0.99779266 0.07666039 0.99756858 0.07913657 0.99916983 0.08191692 0.99894575 0.08439316 1.00000000 0.08456880 1.00000000 0.03681137
0 1.00000000 0.12347385 0.99923432 0.12214410 0.99945838 0.11966804 0.99785759 0.11688796 0.99420739 0.11627984 0.99260660 0.11349976 0.99305478 0.10854701 0.98575487 0.10733085 0.98415407 0.10455077 0.98437813 0.10207471 0.98277740 0.09929400 0.98322553 0.09434188 0.98140020 0.09403779 0.97979941 0.09125758 0.98002349 0.08878133 0.98207244 0.08660911 0.98754749 0.08752125 0.98799564 0.08256888 0.98639486 0.07978861 0.98661895 0.07731236 0.98501816 0.07453216 0.98524224 0.07205597 0.98204021 0.06649536 0.98226429 0.06401917 0.98066350 0.06123896 0.98088758 0.05876272 0.97928680 0.05598245 0.97951088 0.05350626 0.97791009 0.05072606 0.97813417 0.04824981 0.97653293 0.04546946 0.97675700 0.04299328 0.97515622 0.04021307 0.97538030 0.03773682 0.97217827 0.03217627 0.82435510 0.00754896 0.82595588 0.01032920 0.83690599 0.01215348 0.83850677 0.01493372 0.83805862 0.01988615 0.83965940 0.02266636 0.83943532 0.02514261 0.84103657 0.02792295 0.84058841 0.03287532 0.83853900 0.03504747 0.83123955 0.03383138 0.83284033 0.03661166 0.83261626 0.03908784 0.83581782 0.04464831 0.83559374 0.04712456 0.83719453 0.04990477 0.83697045 0.05238095 0.83857170 0.05516130 0.83834761 0.05763755 0.83994840 0.06041775 0.83972432 0.06289394 0.84132510 0.06567421 0.84110102 0.06815046 0.84430306 0.07371095 0.84407901 0.07618688 0.84567975 0.07896759 0.84545568 0.08144365 0.84705648 0.08422373 0.84683236 0.08670042 0.84843315 0.08948050 0.84820909 0.09195655 0.84981035 0.09473671 0.84958629 0.09721277 0.85278783 0.10277356 0.85256376 0.10524962 0.86351387 0.10707390 0.86511461 0.10985462 0.86489054 0.11233067 0.86649134 0.11511075 0.86626727 0.11758681 0.86809260 0.11789091 0.86969340 0.12067099 0.86924521 0.12562374 0.86719629 0.12779578 0.85989590 0.12657953 0.86149711 0.12936032 0.86127304 0.13183638 0.86287384 0.13461646 0.86264978 0.13709252 0.86425058 0.13987260 0.86402645 0.14234929 0.86562772 0.14512945 0.86540365 0.14760550 0.86860519 0.15316630 0.86838112 0.15564236 0.86998192 0.15842243 0.86975786 0.16089849 0.87135860 0.16367921 0.87113453 0.16615526 0.87273579 0.16893542 0.87251167 0.17141211 0.87411247 0.17419219 0.87388841 0.17666825 0.87709047 0.18222848 0.87686634 0.18470517 0.87846714 0.18748526 0.87824308 0.18996131 0.87984382 0.19274202 0.87961975 0.19521808 0.88122055 0.19799816 0.88099648 0.20047422 0.88419849 0.20603509 0.88397442 0.20851115 0.88557522 0.21129122 0.88535110 0.21376792 0.88695190 0.21654800 0.88672783 0.21902405 0.88832909 0.22180421 0.88810503 0.22428027 0.88970577 0.22706098 0.89883055 0.22858117 0.90087953 0.22640850 0.91912955 0.22944895 0.91957768 0.22449683 0.92162661 0.22232480 0.93805130 0.22506115 0.93827537 0.22258509 0.94032435 0.22041242 0.94579940 0.22132456 0.94602347 0.21884850 0.94807286 0.21667655 0.96814728 0.22002094 0.96859547 0.21506819 0.97064439 0.21289615 0.97611945 0.21380830 0.97451865 0.21102822 0.97496684 0.20607547 0.97176478 0.20051523 0.97198890 0.19803854 0.97403829 0.19586658 0.99228785 0.19890696 0.99251191 0.19643090 0.99456130 0.19425894 1.00000000 0.19516503 1.00000000 0.12347385
0 0.00000000 0.77906768 0.04863929 0.66076270 0.00000000 0.64260112 0.00000000 0.77906768
0 0.05350430 0.66244037 0.00014075 0.80248673 0.17837163 0.86934857 0.22965853 0.72706369 0.05350430 0.66244037
0 0.19031405 0.87409326 0.33333604 0.92923308 0.33325511 0.92989220 0.38535221 0.78987137 0.24221641 0.73686049 0.19031405 0.87409326
0 0.45874734 1.00000000 0.52025556 0.83816411 0.39650397 0.79586298 0.34022454 0.94952855 0.42784583 0.98560864 0.42218808 1.00000000 0.45874734 1.00000000
0 0.52929688 1.00000000 0.52929688 0.84715005 0.52719089 0.84628272 0.47023247 1.00000000 0.52929688 1.00000000
0 0.13177818 0.63867188 0.11968035 0.67385788 0.22556005 0.71385442 0.25419739 0.63867188 0.13177818 0.63867188
0 0.28165339 0.63867188 0.25282012 0.72383693 0.39218566 0.77982852 0.44309311 0.63867188 0.28165339 0.63867188
0 0.45099986 0.63867188 0.39999652 0.78384552 0.52434599 0.82736728 0.52929688 0.81368837 0.52929688 0.64556250 0.51203323 0.63867188 0.45099986 0.63867188
0 0.63163265 0.82238026 0.59978132 0.79118203 0.58327497 0.80594647 0.61487232 0.83921316 0.63163265 0.82238026
0 0.86018914 0.63867188 0.81736807 0.67726608 0.83913499 0.70512647 0.91099084 0.63867188 0.86018914 0.63867188
