0 0.00000000 0.22659609 0.15515705 0.20921319 0.16709860 0.20324477 0.15721505 0.12415713 0.00000000 0.13856470 0.00000000 0.22659609
0 0.75924361 0.00000000 0.75455494 0.00504819 0.75478398 0.00694815 0.75088402 0.01114737 0.78139196 0.00835172 0.78380002 0.01005195 0.78494521 0.01955165 0.78299523 0.02165129 0.78081622 0.02185097 0.77886623 0.02395056 0.77668721 0.02415024 0.77760337 0.03174997 0.77565283 0.03384962 0.72989063 0.03804312 0.72794066 0.04014276 0.72816970 0.04204272 0.71646868 0.05464035 0.71669776 0.05654065 0.70499730 0.06913814 0.70522632 0.07103796 0.69157536 0.08573547 0.69180438 0.08763529 0.68010397 0.10023326 0.68033299 0.10213307 0.66863197 0.11473061 0.66886105 0.11663091 0.66301056 0.12292993 0.66954818 0.12233084 0.67195622 0.12403098 0.69592711 0.12183436 0.69833515 0.12353450 0.69948033 0.13303405 0.69753039 0.13513403 0.69099278 0.13573311 0.69213796 0.14523267 0.69018796 0.14733216 0.64006717 0.15192507 0.63421725 0.15822403 0.63444627 0.16012384 0.62469524 0.17062189 0.62492432 0.17252219 0.61517385 0.18302019 0.61540287 0.18492000 0.60370240 0.19751749 0.60393148 0.19941779 0.59418045 0.20991584 0.59440947 0.21181565 0.58465906 0.22231414 0.58488808 0.22421395 0.57318761 0.23681144 0.57341670 0.23871174 0.56366566 0.24920979 0.60071122 0.24581505 0.60311982 0.24751513 0.60403598 0.25511487 0.60208543 0.25721442 0.59336935 0.25801313 0.59451459 0.26751317 0.59256403 0.26961271 0.54462282 0.27400589 0.53877228 0.28030442 0.53900136 0.28220472 0.53120088 0.29060323 0.53142991 0.29250304 0.52362943 0.30090154 0.52385845 0.30280136 0.51605797 0.31119986 0.51628700 0.31309967 0.50653658 0.32359816 0.50676560 0.32549797 0.49896501 0.33389649 0.49919404 0.33579630 0.49139356 0.34419480 0.49162258 0.34609462 0.48187200 0.35659312 0.48210102 0.35849293 0.47430054 0.36689143 0.47452957 0.36879125 0.49196283 0.36719372 0.49437111 0.36889432 0.50526687 0.36789587 0.50767502 0.36959600 0.50882020 0.37909555 0.50687010 0.38119505 0.50251178 0.38159443 0.50056168 0.38369443 0.50147778 0.39129368 0.49952772 0.39339367 0.45812371 0.39718780 0.45571547 0.39548719 0.46699605 0.48906250 0.68511613 0.48906250 0.68496562 0.48781404 0.68691562 0.48571455 0.69345323 0.48511546 0.69230805 0.47561591 0.69425805 0.47351641 0.70079567 0.47291733 0.69987945 0.46531710 0.70182945 0.46321761 0.71054608 0.46241885 0.70940090 0.45291929 0.71135090 0.45081980 0.71788851 0.45022071 0.71697236 0.44262097 0.71892235 0.44052148 0.72545997 0.43992239 0.72740990 0.43782242 0.72695186 0.43402279 0.72454375 0.43232217 0.72431473 0.43042235 0.72626473 0.42832286 0.73498136 0.42752410 0.73406520 0.41992436 0.73601576 0.41782482 0.74255282 0.41722578 0.74163666 0.40962604 0.74553715 0.40542652 0.75207476 0.40482743 0.75115861 0.39722769 0.75310860 0.39512820 0.76182524 0.39432944 0.75941664 0.39262935 0.75872951 0.38692942 0.76068006 0.38482988 0.76939670 0.38403112 0.76848054 0.37643138 0.77043053 0.37433189 0.77696815 0.37373280 0.77891809 0.37163282 0.77800193 0.36403308 0.77995193 0.36193359 0.78648954 0.36133450 0.78557339 0.35373476 0.78752338 0.35163527 0.79624002 0.35083651 0.79509484 0.34133695 0.79704533 0.33923692 0.80576141 0.33843821 0.80484525 0.33083847 0.80679581 0.32873893 0.81333342 0.32813984 0.81218824 0.31864029 0.81413818 0.31654031 0.82067524 0.31594127 0.81975914 0.30834202 0.82170964 0.30624199 0.83042627 0.30544322 0.82951011 0.29784348 0.83146011 0.29574399 0.83799772 0.29514490 0.83685255 0.28564535 0.83880248 0.28354537 0.84969814 0.28254693 0.84878204 0.27494768 0.85073198 0.27284770 0.85944917 0.27204888 0.85830399 0.26254933 0.86025398 0.26044984 0.86679104 0.25985080 0.86587489 0.25225106 0.86782538 0.25015103 0.87436300 0.24955195 0.87321782 0.24005239 0.87516781 0.23795290 0.88388445 0.23715414 0.88296829 0.22955440 0.88491829 0.22745490 0.89145590 0.22685582 0.89031066 0.21735578 0.89226066 0.21525629 0.90097729 0.21445752 0.90029022 0.20875808 0.90224016 0.20665810 0.90877777 0.20605902 0.91072777 0.20395953 0.90981161 0.19635978 0.91176161 0.19426029 0.91829922 0.19366121 0.91715399 0.18416117 0.91910454 0.18206162 0.92564160 0.18146259 0.92472544 0.17386285 0.92667544 0.17176336 0.93103403 0.17136395 0.93298403 0.16926446 0.93206787 0.16166472 0.93401842 0.15956517 0.94273450 0.15876646 0.94181829 0.15116623 0.94376884 0.14906669 0.95248547 0.14826792 0.95156932 0.14066819 0.95351932 0.13856869 0.96005693 0.13796961 0.96200693 0.13587012 0.96131980 0.13017019 0.96326979 0.12807070 0.96980740 0.12747161 0.96866217 0.11797157 0.97256216 0.11377259 0.97909977 0.11317350 0.97841264 0.10747357 0.98036320 0.10537403 0.98254222 0.10517435 0.96986336 0.00000000 0.75924361 0.00000000
0 0.70483252 0.00000000 0.43906250 0.02435432 0.43906250 0.25734659 0.44998951 0.34798894 0.45778999 0.33959043 0.45756097 0.33769062 0.46536145 0.32929212 0.46513243 0.32739230 0.47293290 0.31899380 0.47270382 0.31709350 0.48050436 0.30869548 0.48027528 0.30679518 0.48807575 0.29839668 0.48784673 0.29649686 0.49564721 0.28809836 0.49541819 0.28619854 0.50321867 0.27780004 0.50298964 0.27590022 0.51079006 0.26750123 0.50207343 0.26830000 0.49966539 0.26659986 0.47787363 0.26859679 0.47546548 0.26689667 0.47936575 0.26269766 0.47913666 0.26079736 0.48303693 0.25659835 0.48280785 0.25469805 0.48670812 0.25049904 0.48647910 0.24859923 0.49037930 0.24439973 0.53178346 0.24060558 0.53568345 0.23640660 0.53545437 0.23450630 0.54325490 0.22610828 0.54302582 0.22420798 0.55277685 0.21370993 0.55254783 0.21181012 0.56229825 0.20131164 0.56206922 0.19941183 0.57181970 0.18891383 0.57159067 0.18701401 0.57939115 0.17861551 0.57916213 0.17671570 0.58891254 0.16621721 0.58868352 0.16431740 0.59843455 0.15381935 0.56792605 0.15661505 0.56551795 0.15491443 0.56437277 0.14541488 0.56827276 0.14121590 0.57481038 0.14061681 0.57389422 0.13301707 0.57584422 0.13091758 0.62160641 0.12672407 0.62745689 0.12042506 0.62722781 0.11852476 0.63697828 0.10802676 0.63674926 0.10612695 0.64455030 0.09772840 0.64432127 0.09582858 0.65212120 0.08743013 0.65189211 0.08552983 0.66164315 0.07503178 0.66141412 0.07313197 0.66921460 0.06473346 0.66898558 0.06283365 0.67873599 0.05233516 0.67850698 0.05043545 0.68630746 0.04203694 0.68607842 0.04013703 0.69387890 0.03173853 0.69364987 0.02983862 0.66096235 0.03283400 0.65855429 0.03113372 0.65740909 0.02163402 0.65935907 0.01953443 0.66807571 0.01873566 0.66715955 0.01113593 0.66911009 0.00903628 0.71705131 0.00464310 0.72095182 0.00044380 0.72089832 0.00000000 0.70483252 0.00000000
0 0.83970161 0.48906250 0.83443711 0.50243298 0.93002550 0.54583372 0.93828935 0.54496515 0.95760029 0.48906250 0.83970161 0.48906250
0 0.79811277 0.61609475 0.79913535 0.62582397 0.85930643 0.64311190 0.90182021 0.54122234 0.90172943 0.53965606 0.84349386 0.52036421 0.83651978 0.52109722 0.79811277 0.61609475
0 0.75090992 0.72006868 0.81385158 0.74077165 0.85556271 0.63381637 0.79770692 0.61472970 0.79180194 0.61535033 0.74968759 0.70843900 0.75090992 0.72006868
0 0.71143484 0.82258782 0.76876512 0.84715318 0.77950129 0.84602476 0.81301085 0.75784054 0.81227817 0.75086956 0.75127175 0.71943049 0.71143484 0.82258782
0 0.88579913 0.77986367 0.83861971 0.86695989 0.84019173 0.88191657 0.88632384 0.90698175 0.88892949 0.90661520 0.94725129 0.80705318 0.94722936 0.80609711 0.88893033 0.77953457 0.88579913 0.77986367
0 0.94402542 0.80516598 0.99422016 0.71240794 0.99414141 0.71128502 0.93232917 0.68141691 0.93132418 0.68151154 0.88043780 0.77154571 0.88089495 0.77589519 0.94103563 0.80548022 0.94402542 0.80516598
0 1.00000000 0.59911559 0.97342007 0.58618442 0.92763814 0.68249598 0.92815555 0.68741886 0.98148790 0.71167543 0.98929179 0.71085521 1.00000000 0.68968938 1.00000000 0.59911559
