0 1.00000000 0.27016505 0.99937939 0.26971986 0.99870380 0.25944975 0.99010909 0.25980860 0.98784806 0.25818625 0.94702620 0.25989068 0.95141762 0.32664793 0.94938126 0.32844927 0.95039468 0.34385509 0.95898885 0.34349626 0.96124984 0.34511817 0.99132969 0.34386225 0.99359068 0.34548416 0.99381587 0.34890739 0.99607689 0.35052973 0.99652730 0.35737662 1.00000000 0.35723162 1.00000000 0.27016505
0 0.84603566 0.29671946 0.84626085 0.30014268 0.84852187 0.30176503 0.84897227 0.30861192 0.86616060 0.30789426 0.86842160 0.30951617 0.86920980 0.32149833 0.88639813 0.32078067 0.88865912 0.32240258 0.91014481 0.32150549 0.91240580 0.32312740 0.91308142 0.33339795 0.93456710 0.33250086 0.93422929 0.32736559 0.93626510 0.32556428 0.93119810 0.24853691 0.93323388 0.24673516 0.91819396 0.24736312 0.91593296 0.24574121 0.90304144 0.24627947 0.90078045 0.24465756 0.89999224 0.23267540 0.84842726 0.23482838 0.84616627 0.23320647 0.84537806 0.22122431 0.81100140 0.22265963 0.80874041 0.22103772 0.79799729 0.22148627 0.79573627 0.21986392 0.79551108 0.21644070 0.79325009 0.21481879 0.79291228 0.20968351 0.78002076 0.21022177 0.78474998 0.28211430 0.80193831 0.28139664 0.80419985 0.28301852 0.80510066 0.29671230 0.84377412 0.29509757 0.84603566 0.29671946
0 0.61514625 0.22568774 0.62588882 0.22523921 0.62815037 0.22686110 0.62893857 0.23884326 0.65901787 0.23758737 0.66127887 0.23920928 0.66206708 0.25119144 0.69214692 0.24993552 0.69440792 0.25155743 0.69519613 0.26353959 0.73601854 0.26183514 0.73827953 0.26345705 0.73906774 0.27543921 0.77129599 0.27409359 0.77017000 0.25697660 0.77220581 0.25517528 0.76939079 0.21238192 0.75005405 0.21318928 0.74779306 0.21156737 0.74711747 0.20129726 0.70199826 0.20318111 0.69973668 0.20155878 0.68254835 0.20227644 0.68028736 0.20065453 0.67949915 0.18867237 0.66231082 0.18939003 0.66004983 0.18776812 0.64071255 0.18857551 0.63845155 0.18695360 0.63777594 0.17668305 0.59910248 0.17829777 0.59684148 0.17667586 0.59661627 0.17325220 0.59435472 0.17163031 0.59390432 0.16478343 0.55308191 0.16648788 0.55612212 0.21270447 0.58405356 0.21153825 0.58631456 0.21316016 0.58710277 0.22514232 0.61288526 0.22406583 0.61514625 0.22568774
0 0.44921875 0.17597383 0.46318128 0.17539086 0.46544239 0.17701276 0.46611800 0.18728331 0.46837916 0.18890521 0.49631022 0.18773901 0.49857133 0.18936092 0.49924694 0.19963147 0.52502943 0.19855498 0.52729043 0.20017689 0.54233035 0.19954893 0.54019094 0.16702611 0.53589358 0.16720554 0.53137159 0.16396171 0.53069597 0.15369117 0.51995341 0.15413970 0.51769186 0.15251781 0.49190965 0.15359429 0.48964849 0.15197239 0.48897287 0.14170184 0.45029919 0.14331657 0.44921875 0.14254158 0.44921875 0.17597383
0 0.44921875 0.80737982 0.26189269 0.81009737 0.26465259 0.84520544 0.35427100 0.84077044 0.36493491 0.87690623 0.44921875 0.87396147 0.44921875 0.80737982
0 0.29922469 0.91179880 0.29338164 0.88722941 0.19380655 0.88940455 0.18887518 0.90131167 0.19490608 0.97802931 0.34704105 0.97271394 0.34613767 0.91146360 0.29922469 0.91179880
0 0.44921875 0.69479713 0.99075093 0.67521715 0.98930965 0.64719571 0.44921875 0.66672358 0.44921875 0.69479713
0 0.44921875 0.62743712 0.99288823 0.60954066 0.99318483 0.57955261 0.44921875 0.59934555 0.44921875 0.62743712
0 0.44921875 0.56004211 0.99116703 0.54032259 0.98962972 0.51043422 0.44921875 0.53009608 0.44921875 0.56004211
0 0.44921875 0.49266479 0.98770795 0.47307113 0.98617064 0.44318276 0.44921875 0.46271877 0.44921875 0.49266479
0 0.50604009 0.75917081 0.69140722 0.75301827 0.68986991 0.72312990 0.50459881 0.73114937 0.50604009 0.75917081
