0 0.30229355 0.00000000 0.30314290 0.03000423 0.38886686 0.03929345 0.38868887 0.00000000 0.30229355 0.00000000
0 0.68932008 0.27115767 0.68491220 0.27427841 0.68288556 0.27412881 0.68068158 0.27568961 0.67865442 0.27553997 0.67645048 0.27710034 0.67442385 0.27695074 0.67221939 0.27851107 0.67204204 0.28022148 0.67389188 0.28208109 0.67371458 0.28379106 0.67556390 0.28565064 0.67538659 0.28736061 0.67723588 0.28922062 0.67705857 0.29093060 0.67890841 0.29279021 0.67873106 0.29450062 0.68242971 0.29821977 0.68225240 0.29992974 0.68410173 0.30178932 0.68392438 0.30349973 0.68577370 0.30535930 0.68559639 0.30706928 0.68744620 0.30892933 0.68726889 0.31063930 0.68911821 0.31249887 0.68894091 0.31420885 0.69079023 0.31606842 0.69061288 0.31777883 0.69246272 0.31963845 0.69228542 0.32134842 0.69598402 0.32506801 0.69580672 0.32677798 0.69765604 0.32863755 0.69968268 0.32878715 0.70188714 0.32722683 0.70391377 0.32737643 0.70611771 0.32581606 0.70814486 0.32596570 0.71255279 0.32284453 0.71457942 0.32299413 0.71678337 0.32143376 0.71881052 0.32158340 0.72101446 0.32002303 0.72304109 0.32017263 0.72524560 0.31861187 0.72727223 0.31876147 0.72744954 0.31705150 0.72560021 0.31519192 0.72577752 0.31348195 0.72392768 0.31162234 0.72410503 0.30991193 0.72225570 0.30805235 0.72243301 0.30634238 0.72058373 0.30448237 0.72076104 0.30277239 0.71891119 0.30091278 0.71908850 0.29920281 0.71723917 0.29734323 0.71741653 0.29563282 0.71556720 0.29377325 0.71574451 0.29206328 0.71389523 0.29020326 0.71407253 0.28849329 0.71222321 0.28663372 0.71240051 0.28492374 0.71055067 0.28306413 0.71072802 0.28135372 0.70887870 0.27949414 0.70905600 0.27778417 0.70720672 0.27592416 0.70738403 0.27421419 0.70368486 0.27049500 0.70386217 0.26878503 0.70201289 0.26692501 0.69980890 0.26848582 0.69778227 0.26833622 0.69557781 0.26989655 0.69355117 0.26974695 0.69134723 0.27130731 0.68932008 0.27115767
0 0.73383302 0.25548856 0.73162903 0.25704937 0.72960188 0.25689973 0.72739794 0.25846010 0.72537130 0.25831049 0.72316684 0.25987082 0.72114021 0.25972122 0.71673233 0.26284196 0.71470569 0.26269236 0.71250119 0.26425312 0.71047455 0.26410352 0.70827061 0.26566389 0.71011994 0.26752346 0.70994259 0.26923388 0.71179191 0.27109345 0.71161461 0.27280342 0.71346445 0.27466304 0.71328714 0.27637301 0.71513642 0.27823302 0.71495912 0.27994299 0.71680844 0.28180257 0.71663109 0.28351298 0.71848042 0.28537255 0.71830311 0.28708253 0.72015243 0.28894210 0.71997513 0.29065207 0.72182493 0.29251213 0.72164762 0.29422210 0.72349694 0.29608167 0.72331959 0.29779208 0.72701876 0.30151127 0.72684145 0.30322124 0.72869078 0.30508082 0.72851343 0.30679123 0.73036275 0.30865080 0.73000810 0.31207118 0.73185742 0.31393076 0.73168011 0.31564073 0.73370675 0.31579033 0.73591121 0.31423000 0.73793784 0.31437961 0.74014178 0.31281924 0.74216893 0.31296888 0.74437292 0.31140807 0.74639955 0.31155768 0.74860349 0.30999731 0.75063013 0.31014691 0.75283459 0.30858658 0.75486122 0.30873618 0.75926967 0.30561505 0.76129630 0.30576465 0.76350024 0.30420428 0.76552688 0.30435388 0.76773082 0.30279352 0.76975797 0.30294316 0.77196191 0.30138279 0.77398855 0.30153239 0.77619305 0.29997162 0.77434320 0.29811201 0.77452051 0.29640204 0.77267123 0.29454202 0.77284854 0.29283205 0.77099921 0.29097248 0.77117652 0.28926250 0.76747739 0.28554288 0.76765470 0.28383290 0.76580538 0.28197333 0.76598273 0.28026292 0.76413340 0.27840334 0.76431071 0.27669337 0.76246139 0.27483380 0.76263869 0.27312382 0.76078889 0.27126378 0.76096620 0.26955380 0.75911687 0.26769423 0.75929423 0.26598382 0.75559506 0.26226463 0.75577236 0.26055466 0.75392304 0.25869508 0.75410039 0.25698467 0.75225106 0.25512510 0.75242837 0.25341512 0.75057909 0.25155511 0.75075640 0.24984514 0.74872976 0.24969554 0.74652530 0.25125587 0.74449867 0.25110626 0.74009022 0.25422740 0.73806359 0.25407780 0.73585965 0.25563817 0.73383302 0.25548856
0 0.67444841 0.23731951 0.67224442 0.23888032 0.67021779 0.23873071 0.66801385 0.24029108 0.66598669 0.24014144 0.66378275 0.24170181 0.66175612 0.24155221 0.65955166 0.24311254 0.65937435 0.24482251 0.66122415 0.24668256 0.66104685 0.24839253 0.66289617 0.25025211 0.66271882 0.25196252 0.66456814 0.25382209 0.66439084 0.25553206 0.66809001 0.25925125 0.66791265 0.26096166 0.67196592 0.26126087 0.67416991 0.25970006 0.67619706 0.25984970 0.68060494 0.25672896 0.68263210 0.25687861 0.68483604 0.25531824 0.68686267 0.25546784 0.68906661 0.25390747 0.69109325 0.25405707 0.69329775 0.25249631 0.69532438 0.25264591 0.69752832 0.25108554 0.69955548 0.25123518 0.69973278 0.24952521 0.69788299 0.24766516 0.69806029 0.24595519 0.69621097 0.24409561 0.69638827 0.24238564 0.69453895 0.24052606 0.69471630 0.23881565 0.69286645 0.23695604 0.69304376 0.23524607 0.69119448 0.23338606 0.69137179 0.23167608 0.68934516 0.23152648 0.68714121 0.23308685 0.68511458 0.23293725 0.68291008 0.23449802 0.68088344 0.23434841 0.67647504 0.23746911 0.67444841 0.23731951
0 0.89478243 0.20016628 0.89257797 0.20172661 0.89055133 0.20157701 0.88834739 0.20313738 0.88632076 0.20298777 0.88191236 0.20610847 0.87988572 0.20595887 0.87953106 0.20937925 0.88138039 0.21123883 0.88120304 0.21294924 0.88305288 0.21480885 0.88287557 0.21651882 0.88472490 0.21837840 0.88454759 0.22008837 0.88639687 0.22194838 0.88621957 0.22365836 0.88806889 0.22551793 0.88789154 0.22722834 0.88974086 0.22908791 0.88956356 0.23079789 0.89141340 0.23265750 0.89123610 0.23436747 0.89308538 0.23622748 0.89290807 0.23793746 0.89475740 0.23979703 0.89458004 0.24150744 0.89642989 0.24336706 0.89625258 0.24507703 0.89810191 0.24693660 0.89792460 0.24864658 0.89977388 0.25050659 0.89959657 0.25221656 0.90329518 0.25593615 0.90311787 0.25764612 0.90532233 0.25608579 0.90734896 0.25623539 0.90955295 0.25467459 0.91158010 0.25482423 0.91378405 0.25326386 0.91581068 0.25341346 0.91801462 0.25185309 0.92004125 0.25200270 0.92224576 0.25044193 0.92427239 0.25059153 0.92647633 0.24903116 0.92850349 0.24918080 0.93291137 0.24606007 0.93493800 0.24620967 0.93511531 0.24449970 0.93141670 0.24078011 0.93159401 0.23907014 0.92974473 0.23721012 0.92992204 0.23550015 0.92807219 0.23364054 0.92824950 0.23193057 0.92640017 0.23007099 0.92657752 0.22836058 0.92472820 0.22650101 0.92490551 0.22479103 0.92305571 0.22293098 0.92323301 0.22122101 0.92138369 0.21936144 0.92156099 0.21765146 0.91971167 0.21579189 0.91988902 0.21408148 0.91619037 0.21036233 0.91636772 0.20865192 0.91451788 0.20679230 0.91469518 0.20508233 0.91284586 0.20322276 0.91302317 0.20151278 0.91117389 0.19965277 0.91135119 0.19794280 0.90950135 0.19608319 0.90967870 0.19437278 0.90747471 0.19593358 0.90544808 0.19578398 0.90104020 0.19890472 0.89901305 0.19875508 0.89680906 0.20031588 0.89478243 0.20016628
0 0.70294911 0.17911229 0.70074512 0.18067310 0.69871796 0.18052346 0.69651402 0.18208383 0.69448739 0.18193422 0.69228345 0.18349460 0.69025682 0.18334499 0.68584837 0.18646613 0.68382174 0.18631653 0.68161727 0.18787686 0.67959064 0.18772725 0.67738670 0.18928762 0.67536007 0.18913802 0.67720939 0.19099759 0.67703204 0.19270800 0.67888137 0.19456758 0.67870406 0.19627755 0.68055334 0.19813756 0.68037603 0.19984754 0.68222588 0.20170715 0.68204857 0.20341712 0.68389790 0.20527670 0.68372054 0.20698711 0.68556987 0.20884668 0.68539256 0.21055666 0.68724236 0.21241671 0.68706506 0.21412668 0.69076371 0.21784583 0.69058640 0.21955580 0.69243568 0.22141581 0.69225837 0.22312579 0.69410770 0.22498536 0.69393035 0.22669577 0.69578019 0.22855538 0.69560288 0.23026536 0.69745221 0.23212493 0.69727490 0.23383490 0.69912418 0.23569492 0.69894687 0.23740489 0.70079672 0.23926450 0.70061937 0.24097491 0.70246869 0.24283449 0.70229139 0.24454446 0.70414071 0.24640404 0.70396340 0.24811401 0.70581268 0.24997402 0.70563538 0.25168399 0.70968916 0.25198324 0.71189311 0.25042287 0.71391974 0.25057247 0.71612424 0.24901170 0.71815088 0.24916131 0.72035482 0.24760094 0.72238145 0.24775054 0.72458539 0.24619017 0.72661254 0.24633981 0.72881649 0.24477944 0.73084312 0.24492905 0.73304758 0.24336872 0.73507421 0.24351832 0.73948214 0.24039714 0.74150877 0.24054675 0.74371323 0.23898642 0.74573987 0.23913602 0.74794385 0.23757521 0.74812116 0.23586524 0.74627184 0.23400567 0.74644914 0.23229570 0.74459982 0.23043612 0.74477717 0.22872571 0.74292733 0.22686610 0.74310463 0.22515612 0.74125535 0.22329611 0.74143266 0.22158614 0.73958333 0.21972656 0.73976064 0.21801659 0.73791131 0.21615702 0.73826598 0.21273663 0.73456685 0.20901701 0.73474416 0.20730704 0.73289483 0.20544746 0.73307214 0.20373749 0.73122281 0.20187791 0.73140017 0.20016750 0.72955032 0.19830789 0.72972763 0.19659792 0.72787835 0.19473790 0.72805565 0.19302793 0.72620633 0.19116836 0.72638363 0.18945838 0.72453431 0.18759881 0.72471166 0.18588840 0.72286233 0.18402882 0.72303964 0.18231885 0.72118984 0.18045880 0.72136715 0.17874883 0.71951782 0.17688925 0.71969513 0.17517928 0.71784581 0.17331971 0.71564135 0.17488004 0.71361471 0.17473043 0.71141077 0.17629080 0.70938414 0.17614120 0.70497574 0.17926190 0.70294911 0.17911229
0 0.92237146 0.19014056 0.92016752 0.19170092 0.91814089 0.19155132 0.91593643 0.19311165 0.91575912 0.19482162 0.91760892 0.19668168 0.91743161 0.19839165 0.91928094 0.20025122 0.91910359 0.20196163 0.92095291 0.20382121 0.92077560 0.20553118 0.92447426 0.20925033 0.92429690 0.21096074 0.92614675 0.21282035 0.92596944 0.21453033 0.92781872 0.21639034 0.92764141 0.21810031 0.92949074 0.21995989 0.92931343 0.22166986 0.93116328 0.22352947 0.93098593 0.22523988 0.93283525 0.22709946 0.93265795 0.22880943 0.93450722 0.23066944 0.93432992 0.23237941 0.93617924 0.23423899 0.93600194 0.23594896 0.93785126 0.23780854 0.93767391 0.23951895 0.94137308 0.24323813 0.94339971 0.24338774 0.94560417 0.24182741 0.94763081 0.24197701 0.94983475 0.24041664 0.95186138 0.24056624 0.95406537 0.23900544 0.95609252 0.23915508 0.95829646 0.23759471 0.96032310 0.23774431 0.96067771 0.23432437 0.95882839 0.23246479 0.95900574 0.23075438 0.95715641 0.22889481 0.95733372 0.22718484 0.95548392 0.22532479 0.95566123 0.22361481 0.95381190 0.22175524 0.95398921 0.22004527 0.95029060 0.21632568 0.95046791 0.21461571 0.94861858 0.21275613 0.94879593 0.21104572 0.94694609 0.20918611 0.94712340 0.20747613 0.94527407 0.20561656 0.94545138 0.20390659 0.94360210 0.20204658 0.94377941 0.20033660 0.94192956 0.19847699 0.94210691 0.19676658 0.93840826 0.19304743 0.93858557 0.19133746 0.93673624 0.18947788 0.93691360 0.18776747 0.93506427 0.18590790 0.93285981 0.18746823 0.93083318 0.18731862 0.92862919 0.18887943 0.92660204 0.18872979 0.92439810 0.19029016 0.92237146 0.19014056
0 1.00000000 0.20777101 0.99832484 0.20608613 0.99850214 0.20437616 0.99665230 0.20251654 0.99682965 0.20080613 0.99498033 0.19894656 0.99515763 0.19723659 0.99330831 0.19537701 0.99348562 0.19366704 0.99163582 0.19180699 0.99181312 0.19009702 0.98996380 0.18823744 0.99014115 0.18652703 0.98829182 0.18466746 0.98846913 0.18295748 0.98661981 0.18109791 0.98679711 0.17938794 0.98494783 0.17752792 0.98512514 0.17581795 0.98327530 0.17395834 0.98345265 0.17224793 0.98160332 0.17038835 0.97957669 0.17023875 0.97737223 0.17179908 0.97534560 0.17164948 0.97314161 0.17321028 0.97111497 0.17306068 0.96891103 0.17462105 0.96688388 0.17447141 0.96467994 0.17603178 0.96265331 0.17588217 0.96044880 0.17744294 0.95842217 0.17729334 0.95621823 0.17885371 0.95419159 0.17870410 0.95198765 0.18026447 0.94996050 0.18011483 0.94978319 0.18182480 0.95163304 0.18368442 0.95145568 0.18539483 0.95330501 0.18725440 0.95312770 0.18896437 0.95497698 0.19082439 0.95479968 0.19253436 0.95664900 0.19439394 0.95647169 0.19610391 0.95832102 0.19796348 0.95814367 0.19967389 0.95999351 0.20153351 0.95981620 0.20324348 0.96166549 0.20510349 0.96148818 0.20681346 0.96518735 0.21053265 0.96501004 0.21224262 0.96685932 0.21410264 0.96668202 0.21581261 0.96853134 0.21767218 0.96835399 0.21938259 0.97020331 0.22124217 0.97002601 0.22295214 0.97187533 0.22481172 0.97169803 0.22652169 0.97354783 0.22838174 0.97337052 0.23009171 0.97521985 0.23195129 0.97742379 0.23039092 0.97945094 0.23054056 0.98165488 0.22898019 0.98368151 0.22912979 0.98588550 0.22756899 0.98791213 0.22771859 0.99011659 0.22615826 0.99214323 0.22630786 0.99434717 0.22474749 0.99637432 0.22489713 0.99857826 0.22333677 1.00000000 0.20962537 1.00000000 0.20777101
0 1.00000000 0.16211741 0.99870401 0.16303496 0.99667738 0.16288535 0.99226893 0.16600649 0.99024230 0.16585689 0.98803836 0.16741726 0.98601172 0.16726765 0.98786105 0.16912723 0.98768374 0.17083720 0.98953307 0.17269678 0.98935571 0.17440719 0.99120504 0.17626676 0.99102773 0.17797673 0.99287701 0.17983674 0.99269971 0.18154672 0.99454955 0.18340633 0.99437224 0.18511630 0.99622157 0.18697588 0.99604422 0.18868629 0.99789354 0.19054586 0.99771624 0.19225584 1.00000000 0.19455226 1.00000000 0.16211741
0 0.86503857 0.13248991 0.86283462 0.13405028 0.86080799 0.13390068 0.85860405 0.13546105 0.85657690 0.13531141 0.85437291 0.13687221 0.85234628 0.13672261 0.85014182 0.13828294 0.84811518 0.13813334 0.84776052 0.14155372 0.84960985 0.14341329 0.84943254 0.14512327 0.85128239 0.14698288 0.85110508 0.14869285 0.85295436 0.15055287 0.85277705 0.15226284 0.85462638 0.15412241 0.85444903 0.15583282 0.85629887 0.15769244 0.85612156 0.15940241 0.85982021 0.16312156 0.85964286 0.16483197 0.86149219 0.16669154 0.86131488 0.16840152 0.86316416 0.17026153 0.86298686 0.17197150 0.86483670 0.17383112 0.86465939 0.17554109 0.86650872 0.17740066 0.86633137 0.17911107 0.86818069 0.18097065 0.86800338 0.18268062 0.86985318 0.18454067 0.86967588 0.18625064 0.87152520 0.18811022 0.87134789 0.18982019 0.87319722 0.19167977 0.87301987 0.19339018 0.87486919 0.19524975 0.87689583 0.19539935 0.87910029 0.19383902 0.88112692 0.19398863 0.88333091 0.19242782 0.88535806 0.19257746 0.88976594 0.18945672 0.89179258 0.18960633 0.89399652 0.18804596 0.89602367 0.18819560 0.89822761 0.18663523 0.90025424 0.18678483 0.90245875 0.18522406 0.90448538 0.18537367 0.90668933 0.18381330 0.90704398 0.18039292 0.90334533 0.17667377 0.90352264 0.17496379 0.90167279 0.17310418 0.90185015 0.17139377 0.90000082 0.16953420 0.90017813 0.16782422 0.89832885 0.16596421 0.89850616 0.16425424 0.89480698 0.16053505 0.89498429 0.15882508 0.89313501 0.15696506 0.89331232 0.15525509 0.89146299 0.15339552 0.89164035 0.15168511 0.88979102 0.14982553 0.88996833 0.14811556 0.88811848 0.14625595 0.88829579 0.14454597 0.88459718 0.14082639 0.88477449 0.13911641 0.88292469 0.13725636 0.88310200 0.13554639 0.88125267 0.13368682 0.88142998 0.13197684 0.87958065 0.13011727 0.87975801 0.12840686 0.87773137 0.12825725 0.87552739 0.12981806 0.87350023 0.12966842 0.87129629 0.13122879 0.86926966 0.13107919 0.86706520 0.13263952 0.86503857 0.13248991
0 0.90311642 0.11979234 0.90091196 0.12135267 0.89888533 0.12120306 0.89668139 0.12276344 0.89465476 0.12261383 0.89245081 0.12417420 0.89042366 0.12402456 0.88821967 0.12558537 0.88619304 0.12543576 0.88583843 0.12885571 0.88768771 0.13071572 0.88751040 0.13242569 0.88935973 0.13428527 0.88918242 0.13599524 0.89103226 0.13785485 0.89085491 0.13956526 0.89270424 0.14142484 0.89252693 0.14313481 0.89622554 0.14685440 0.89604823 0.14856437 0.89789755 0.15042395 0.89772024 0.15213392 0.89957005 0.15399397 0.89939274 0.15570394 0.90124207 0.15756352 0.90106471 0.15927393 0.90291404 0.16113350 0.90273673 0.16284347 0.90458658 0.16470309 0.90440927 0.16641306 0.90625855 0.16827307 0.90608124 0.16998304 0.90977985 0.17370263 0.90960254 0.17541260 0.91145187 0.17727218 0.91127456 0.17898215 0.91312440 0.18084177 0.91515104 0.18099137 0.91735498 0.17943100 0.91938213 0.17958064 0.92158607 0.17802027 0.92361271 0.17816988 0.92581665 0.17660951 0.92784328 0.17675911 0.93004774 0.17519878 0.93207437 0.17534838 0.93427836 0.17378757 0.93242903 0.17192800 0.93260634 0.17021803 0.93075706 0.16835802 0.93093437 0.16664804 0.92908452 0.16478843 0.92926183 0.16307846 0.92741250 0.16121888 0.92758986 0.15950847 0.92389120 0.15578932 0.92406856 0.15407891 0.92221923 0.15221934 0.92239654 0.15050937 0.92054669 0.14864975 0.92072400 0.14693978 0.91887472 0.14507977 0.91905203 0.14336979 0.91720270 0.14151022 0.91755736 0.13808984 0.91976130 0.13652947 0.92178794 0.13667907 0.92399240 0.13511874 0.92601903 0.13526834 0.92619634 0.13355837 0.92434706 0.13169836 0.92452437 0.12998838 0.92267452 0.12812877 0.92285187 0.12641836 0.92100255 0.12455879 0.92117985 0.12284882 0.91933053 0.12098924 0.91950784 0.11927927 0.91765804 0.11741922 0.91783534 0.11570924 0.91580871 0.11555964 0.91360477 0.11712001 0.91157814 0.11697041 0.90937415 0.11853121 0.90734700 0.11838157 0.90514306 0.11994194 0.90311642 0.11979234
0 0.94339826 0.10553396 0.94119376 0.10709472 0.93916713 0.10694512 0.93475873 0.11006582 0.93273209 0.10991622 0.93052815 0.11147659 0.92850152 0.11132698 0.92814686 0.11474737 0.92999618 0.11660694 0.92981888 0.11831691 0.93166816 0.12017693 0.93149085 0.12188690 0.93334018 0.12374647 0.93316287 0.12545645 0.93501271 0.12731606 0.93483536 0.12902647 0.93668469 0.13088604 0.93650738 0.13259601 0.93835666 0.13445603 0.93817935 0.13616600 0.94002920 0.13802561 0.93985189 0.13973559 0.94170121 0.14159516 0.94152386 0.14330557 0.94522251 0.14702472 0.94504516 0.14873513 0.94689449 0.15059471 0.94671718 0.15230468 0.94856702 0.15416429 0.94838972 0.15587426 0.95023900 0.15773428 0.95006169 0.15944425 0.95191102 0.16130383 0.95173367 0.16301424 0.95358351 0.16487385 0.95340620 0.16658382 0.95543283 0.16673342 0.95763678 0.16517305 0.95966341 0.16532266 0.96186735 0.16376229 0.96389450 0.16391193 0.96609849 0.16235112 0.96812512 0.16250073 0.97032958 0.16094040 0.97235622 0.16109000 0.97456016 0.15952963 0.97658679 0.15967923 0.97879078 0.15811843 0.98081793 0.15826807 0.98522581 0.15514733 0.98725297 0.15529697 0.98540312 0.15343736 0.98558043 0.15172739 0.98373115 0.14986737 0.98390846 0.14815740 0.98205913 0.14629783 0.98223648 0.14458742 0.97853731 0.14086823 0.97871462 0.13915825 0.97686529 0.13729868 0.97704265 0.13558827 0.97519332 0.13372870 0.97537063 0.13201872 0.97352135 0.13015871 0.97369865 0.12844874 0.97184881 0.12658912 0.97202611 0.12487915 0.96832751 0.12115956 0.96850482 0.11944959 0.96665497 0.11758998 0.96683232 0.11587957 0.96498300 0.11401999 0.96516030 0.11231002 0.96331098 0.11045045 0.96348829 0.10874047 0.96163901 0.10688046 0.96181631 0.10517049 0.95996699 0.10331091 0.96014434 0.10160050 0.95609055 0.10130126 0.95388657 0.10286206 0.95185942 0.10271242 0.94965547 0.10427279 0.94762884 0.10412319 0.94542490 0.10568356 0.94339826 0.10553396
0 1.00000000 0.09635646 0.99953904 0.09589282 0.99971634 0.09418285 0.99786702 0.09232327 0.99804437 0.09061286 0.99619504 0.08875329 0.99637235 0.08704331 0.99416841 0.08860368 0.99214126 0.08845404 0.98993732 0.09001441 0.98791068 0.08986481 0.98570618 0.09142558 0.98367955 0.09127597 0.98147560 0.09283634 0.97944897 0.09268674 0.97724503 0.09424711 0.97521788 0.09409747 0.97080995 0.09721864 0.96878280 0.09706900 0.96657886 0.09862937 0.96455222 0.09847977 0.96437491 0.10018974 0.96622424 0.10204931 0.96604689 0.10375972 0.96789621 0.10561930 0.96771891 0.10732927 0.97141803 0.11104890 0.97124073 0.11275887 0.97309005 0.11461844 0.97291274 0.11632842 0.97476254 0.11818847 0.97458524 0.11989844 0.97643456 0.12175801 0.97625721 0.12346842 0.97810654 0.12532800 0.97792923 0.12703797 0.97977855 0.12889755 0.97960124 0.13060752 0.98145053 0.13246753 0.98127322 0.13417751 0.98312306 0.13603712 0.98294571 0.13774753 0.98479504 0.13960710 0.98461773 0.14131707 0.98646705 0.14317665 0.98628975 0.14488662 0.98998887 0.14860625 0.98981157 0.15031622 0.99166085 0.15217623 0.99148354 0.15388621 0.99368748 0.15232584 0.99571412 0.15247544 0.99791862 0.15091467 0.99994525 0.15106428 1.00000000 0.15102552 1.00000000 0.09635646
0 0.06868944 0.43945312 0.00347549 0.66101775 0.00000000 0.70748955 0.00000000 0.91964456 0.18939787 0.99593424 0.22912289 1.00000000 0.41047723 1.00000000 0.47569118 0.77843537 0.47916667 0.73196357 0.47916667 0.52051672 0.31707152 0.45451618 0.28976880 0.44351888 0.25004377 0.43945312 0.06868944 0.43945312
0 0.58641966 0.69325556 0.60180088 0.76691976 0.72214013 0.73014894 0.71494539 0.67254579 0.58641966 0.69325556
0 0.73492233 0.66176878 0.74591245 0.72887890 0.86642786 0.70035978 0.86040072 0.64080027 0.73492233 0.66176878
0 0.59983590 0.76298383 0.60593762 0.82169048 0.72323504 0.79142369 0.72135628 0.74024896 0.59983590 0.76298383
0 0.75013440 0.73689887 0.75394148 0.78799924 0.87075627 0.76210788 0.87315182 0.70770231 0.75013440 0.73689887
0 0.59614767 0.82621885 0.60195513 0.86610446 0.71746031 0.83447514 0.71733012 0.80313770 0.59614767 0.82621885
0 0.73782204 0.79525152 0.73811834 0.83472170 0.86350265 0.80880016 0.86349996 0.77525419 0.73782204 0.79525152
