0 0.20699359 0.55989583 0.22208072 0.43559684 0.21541729 0.42722287 0.15526141 0.42642901 0.13828403 0.55989583 0.20699359 0.55989583
0 0.38306533 0.55989583 0.39631845 0.47480288 0.30222689 0.46151261 0.28558257 0.55989583 0.38306533 0.55989583
0 0.47851562 0.44966820 0.42721794 0.44646318 0.41570903 0.46673046 0.41867151 0.48228474 0.47851562 0.48758896 0.47851562 0.44966820
0 0.82899688 0.17089487 0.79232996 0.04962933 0.69217469 0.06115942 0.69700138 0.09508595 0.73046592 0.18751948 0.73550504 0.19079893 0.82379157 0.17961952 0.82899688 0.17089487
0 1.00000000 0.26481176 0.80701229 0.28982220 0.79294697 0.29580883 0.79631553 0.31263674 0.81654571 0.35103639 0.83467181 0.35778605 1.00000000 0.33554334 1.00000000 0.26481176
0 0.25257662 0.74584862 0.25164153 0.77002850 0.30110036 0.77235742 0.30183926 0.73321895 0.22675334 0.73289947 0.22628637 0.74498859 0.25257662 0.74584862
0 0.22884195 0.74898836 0.20065958 0.74699937 0.20331252 0.75847858 0.23116346 0.75903350 0.22884195 0.74898836
0 0.00000000 0.71538037 0.03851296 0.71570701 0.03519655 0.70135700 0.00000000 0.70105849 0.00000000 0.71538037
0 0.67197372 0.69863967 0.67944338 0.74037972 0.65944339 0.74033448 0.67691529 0.82988526 0.70801818 0.82859945 0.76421501 0.80424405 0.75981016 0.77447757 0.74040796 0.77387106 0.71780188 0.69142679 0.67197372 0.69863967
0 0.86654609 0.81249569 0.88430353 0.81113751 0.88868638 0.82062536 0.90868735 0.82011004 0.89455008 0.74737466 0.87785991 0.74676323 0.87808806 0.76053649 0.85919242 0.75957733 0.86654609 0.81249569
