0 0.11952906 0.03580292 0.07158089 0.04309039 0.09005418 0.17272154 0.20077244 0.16496357 0.18986470 0.03349305 0.11952906 0.03580292
0 0.24062214 0.00000000 0.26139595 0.16333422 0.30198273 0.15918107 0.31230733 0.16238540 0.32334941 0.15768392 0.33561643 0.16075214 0.37967975 0.15373688 0.38816694 0.14528665 0.38062485 0.04762095 0.32000134 0.04925030 0.31622150 0.03773185 0.37582422 0.02962775 0.37115322 0.00000000 0.24062214 0.00000000
0 0.91933962 0.16977731 0.92108694 0.18337441 0.91896177 0.18552086 0.92095868 0.20106026 0.91883351 0.20320671 0.92132968 0.22263121 0.91920452 0.22477766 0.92095183 0.23837476 0.95420039 0.23551659 0.95682536 0.23725469 0.99719883 0.23378403 0.98396930 0.13083560 0.94834537 0.13389797 0.94572100 0.13215982 0.92197151 0.13420141 0.92222111 0.13614371 0.92009594 0.13829016 0.92184325 0.15188726 0.91971809 0.15403371 0.92146540 0.16763081 0.91933962 0.16977731
0 0.69822682 0.00000000 0.69825889 0.00024958 0.69613374 0.00239615 0.69638335 0.00433860 0.69425759 0.00648520 0.69475682 0.01037005 0.69263167 0.01251664 0.69288128 0.01445905 0.69075613 0.01660559 0.69125536 0.02049049 0.68912960 0.02263709 0.68937921 0.02457949 0.68725406 0.02672608 0.68775329 0.03061093 0.68562813 0.03275748 0.68587774 0.03469993 0.68375260 0.03684652 0.68425182 0.04073133 0.68212667 0.04287792 0.68237629 0.04482037 0.68025052 0.04696697 0.68074972 0.05085157 0.69262416 0.04983080 0.69524920 0.05156940 0.69312342 0.05371590 0.69387228 0.05954330 0.69174711 0.06168974 0.67512253 0.06311886 0.67537212 0.06506116 0.67324695 0.06720760 0.67374621 0.07109270 0.67162104 0.07323915 0.67187071 0.07518195 0.66974554 0.07732839 0.67024474 0.08121299 0.66811957 0.08335944 0.66836923 0.08530224 0.66624345 0.08744874 0.66674271 0.09133384 0.66461754 0.09348028 0.66486714 0.09542258 0.66274197 0.09756903 0.66299157 0.09951133 0.66086586 0.10165832 0.66136505 0.10554293 0.65923995 0.10768987 0.65948955 0.10963217 0.65736438 0.11177862 0.65761397 0.11372092 0.65548881 0.11586736 0.65598807 0.11975246 0.65386290 0.12189891 0.65411256 0.12384171 0.65198678 0.12598820 0.65223638 0.12793050 0.65011121 0.13007695 0.65061047 0.13396205 0.67673473 0.13171631 0.67935910 0.13345446 0.69835845 0.13182121 0.69810885 0.12987891 0.70023395 0.12773196 0.69998436 0.12578966 0.70210952 0.12364322 0.70161033 0.11975861 0.70373604 0.11761162 0.70348644 0.11566932 0.70561161 0.11352287 0.70511235 0.10963777 0.70723752 0.10749133 0.70698792 0.10554903 0.70911370 0.10340253 0.70886404 0.10145973 0.71098921 0.09931329 0.71048995 0.09542819 0.71261511 0.09328174 0.71236552 0.09133944 0.71449069 0.08919299 0.71399142 0.08530789 0.71611659 0.08316145 0.71586700 0.08121915 0.71799271 0.07907215 0.71774311 0.07712985 0.71986828 0.07498341 0.71936908 0.07109880 0.70986941 0.07191543 0.70724498 0.07017678 0.70674578 0.06629218 0.70887089 0.06414523 0.71599580 0.06353275 0.71812096 0.06138630 0.72524587 0.06077382 0.72474668 0.05688921 0.72687185 0.05474277 0.72662218 0.05279997 0.72874735 0.05065353 0.72824809 0.04676843 0.73037327 0.04462208 0.73012366 0.04267968 0.73224943 0.04053308 0.73175019 0.03664818 0.73387535 0.03450164 0.73362574 0.03255924 0.73575089 0.03041264 0.73550127 0.02847019 0.73762703 0.02632359 0.73712780 0.02243874 0.73925296 0.02029215 0.73900335 0.01834975 0.74112850 0.01620320 0.74062927 0.01231830 0.74275442 0.01017176 0.74250481 0.00822936 0.74462996 0.00608276 0.74438034 0.00414031 0.74650611 0.00199371 0.74624990 0.00000000 0.69822682 0.00000000
0 0.00000000 0.76310195 0.00378853 0.80947191 0.11302891 0.83539520 0.12784072 0.77348031 0.00000000 0.74099940 0.00000000 0.76310195
0 0.08085710 0.85275390 0.00571292 0.83302576 0.00843400 0.86633059 0.07232106 0.88178145 0.08085710 0.85275390
0 0.31842042 0.79314265 0.23827262 0.76977836 0.21685135 0.87043683 0.37315195 0.90954367 0.38129136 0.80697518 0.31842042 0.79314265
0 0.93610123 0.70514548 0.86384663 0.60808638 0.81865752 0.62041755 0.83184032 0.64175118 0.79717996 0.65858163 0.84071822 0.71051966 0.88457738 0.70220945 0.90062425 0.71679612 0.93610123 0.70514548
0 0.56596150 0.53731115 0.64302259 0.62748718 0.72133795 0.60105157 0.64519850 0.50426469 0.56667898 0.52940535 0.56596150 0.53731115
0 1.00000000 0.76843132 0.85592500 0.81943160 0.85326509 0.82747351 0.87237431 0.86148443 0.88740039 0.86959635 0.90559970 0.86046560 0.95682025 0.84902107 0.99065811 0.85188709 1.00000000 0.84870115 1.00000000 0.76843132
