0 0.23828125 0.40937500 0.23828125 0.04457671 0.09855408 0.31324175 0.09251127 0.31921347 0.08450298 0.31955220 0.00792239 0.30735784 0.00000000 0.30674976 0.00000000 0.39611743 0.00428410 0.39630215 0.04740968 0.40267115 0.04738253 0.40937500 0.23828125 0.40937500
0 0.53092046 0.13988996 0.51913443 0.13899975 0.51872035 0.14058320 0.51535985 0.14194453 0.50357383 0.14105431 0.50315975 0.14263777 0.49979935 0.14399868 0.49095964 0.14333100 0.49013149 0.14649792 0.48677098 0.14785924 0.47793127 0.14719156 0.47751720 0.14877502 0.47415680 0.15013594 0.46237077 0.14924572 0.46154251 0.15241304 0.45818211 0.15377395 0.44934240 0.15310628 0.44892832 0.15468973 0.44556718 0.15605059 0.43672822 0.15538297 0.43336772 0.15674429 0.43295364 0.15832775 0.42959249 0.15968861 0.41780646 0.15879839 0.41697820 0.16196571 0.41361780 0.16332663 0.40477809 0.16265895 0.40224586 0.16085295 0.40141770 0.16401987 0.39805730 0.16538078 0.38921759 0.16471311 0.38880341 0.16629697 0.38544301 0.16765789 0.37660330 0.16699021 0.37324291 0.16835112 0.37282872 0.16993499 0.36946757 0.17129585 0.35768230 0.17040568 0.35726822 0.17198914 0.36233270 0.17560114 0.36191852 0.17718500 0.36486484 0.17740754 0.36739708 0.17921354 0.36615474 0.18396432 0.43097827 0.18886055 0.43351050 0.19066654 0.50128035 0.19578531 0.50169443 0.19420186 0.50505482 0.19284094 0.51389454 0.19350862 0.51472280 0.19034130 0.51808319 0.18898038 0.52986922 0.18987060 0.53028340 0.18828674 0.53364380 0.18692582 0.54248351 0.18759350 0.54331167 0.18442658 0.54667282 0.18306572 0.55845809 0.18395589 0.55928635 0.18078857 0.56264750 0.17942771 0.57148721 0.18009538 0.57190140 0.17851152 0.57526179 0.17715061 0.58704782 0.17804082 0.58746190 0.17645737 0.58451482 0.17623477 0.58198258 0.17442877 0.58281085 0.17126145 0.57986453 0.17103891 0.57733229 0.16923291 0.57816055 0.16606559 0.58152095 0.16470468 0.59330697 0.16559490 0.59372105 0.16401144 0.57309532 0.16245354 0.57056307 0.16064755 0.57097715 0.15906409 0.56803084 0.15884155 0.56549795 0.15703509 0.56632610 0.15386817 0.56379397 0.15206177 0.56462212 0.14889486 0.56798252 0.14753394 0.57682223 0.14820162 0.57723631 0.14661816 0.57428999 0.14639562 0.57175785 0.14458922 0.57258601 0.14142230 0.57005312 0.13961584 0.57046720 0.13803238 0.56752088 0.13780984 0.56498864 0.13600385 0.56581680 0.13283693 0.55108445 0.13172417 0.54772330 0.13308503 0.54730922 0.13466849 0.54394883 0.13602941 0.53510987 0.13536179 0.53428161 0.13852910 0.53092046 0.13988996
0 0.84328244 0.07143761 0.83992204 0.07279853 0.83697497 0.07257593 0.83361457 0.07393685 0.83066826 0.07371431 0.82730700 0.07507557 0.82436068 0.07485303 0.81763989 0.07757487 0.81469357 0.07735233 0.81133242 0.07871319 0.80838610 0.07849065 0.80502571 0.07985156 0.80207863 0.07962897 0.79871813 0.08099029 0.79577181 0.08076775 0.79241142 0.08212866 0.78946510 0.08190612 0.78274344 0.08462831 0.77979713 0.08440576 0.77643597 0.08576662 0.77348966 0.08554408 0.77012926 0.08690500 0.76718294 0.08668246 0.76382255 0.08804338 0.76087547 0.08782078 0.75751508 0.08918170 0.75456876 0.08895916 0.74784711 0.09168134 0.74490079 0.09145880 0.74154039 0.09281972 0.73859407 0.09259717 0.73523282 0.09395844 0.73228650 0.09373590 0.72892610 0.09509682 0.72597903 0.09487422 0.72261863 0.09623514 0.71967232 0.09601259 0.71295152 0.09873443 0.71000445 0.09851183 0.70664395 0.09987315 0.70369763 0.09965061 0.70033648 0.10101147 0.69739016 0.10078893 0.69402977 0.10214985 0.69108345 0.10192731 0.68436179 0.10464949 0.68141547 0.10442695 0.67805508 0.10578787 0.67510801 0.10556527 0.67174761 0.10692619 0.66880129 0.10670365 0.66544090 0.10806456 0.66249458 0.10784202 0.65913332 0.10920329 0.65618700 0.10898075 0.64946546 0.11170252 0.64651914 0.11147998 0.64315863 0.11284131 0.64021232 0.11261877 0.63685192 0.11397968 0.63390485 0.11375709 0.63054445 0.11511800 0.62759813 0.11489546 0.62423698 0.11625632 0.62129067 0.11603378 0.61456977 0.11875602 0.61162345 0.11853348 0.60826230 0.11989434 0.60531598 0.11967180 0.60195558 0.12103272 0.59900851 0.12081012 0.59564801 0.12217144 0.59270169 0.12194890 0.58934129 0.12330982 0.58639498 0.12308728 0.57967343 0.12580905 0.57672711 0.12558651 0.57631303 0.12716997 0.58137741 0.13078237 0.58096333 0.13236583 0.58602846 0.13597829 0.58561438 0.13756174 0.59067886 0.14117374 0.59026467 0.14275760 0.59532991 0.14636965 0.59491572 0.14795352 0.59744797 0.14975951 0.59703389 0.15134297 0.60209912 0.15495502 0.60168494 0.15653889 0.60674942 0.16015088 0.60633523 0.16173474 0.61139971 0.16534674 0.61098564 0.16693020 0.63161137 0.16848809 0.63497177 0.16712718 0.63791884 0.16734977 0.64127924 0.16598886 0.64422556 0.16621140 0.65094721 0.16348921 0.65389353 0.16371176 0.65725393 0.16235084 0.66020024 0.16257338 0.66356139 0.16121252 0.66650771 0.16143506 0.66986821 0.16007374 0.67281529 0.16029633 0.67953608 0.15757450 0.68248240 0.15779704 0.68584279 0.15643612 0.68878987 0.15665872 0.69215026 0.15529780 0.69509658 0.15552035 0.69845784 0.15415908 0.70140416 0.15438162 0.70812495 0.15165979 0.71107127 0.15188233 0.71443252 0.15052106 0.71737884 0.15074360 0.72073924 0.14938269 0.72368631 0.14960528 0.73040710 0.14688345 0.73335342 0.14710599 0.73671382 0.14574507 0.73966089 0.14596767 0.74302139 0.14460635 0.74596771 0.14482889 0.74932886 0.14346803 0.75227518 0.14369057 0.75899608 0.14096833 0.76194240 0.14119087 0.76530355 0.13983001 0.76824987 0.14005255 0.77161026 0.13869163 0.77455734 0.13891423 0.77791773 0.13755331 0.78086405 0.13777585 0.78758495 0.13505362 0.79053202 0.13527621 0.79389242 0.13391530 0.79683874 0.13413784 0.80019989 0.13277698 0.80314621 0.13299952 0.80650671 0.13163819 0.80945303 0.13186074 0.81617457 0.12913896 0.81912089 0.12936150 0.82248129 0.12800058 0.82542836 0.12822318 0.82878876 0.12686226 0.83173507 0.12708480 0.83509558 0.12572348 0.83804189 0.12594602 0.84476344 0.12322424 0.84770976 0.12344679 0.85107102 0.12208552 0.85401733 0.12230806 0.85737773 0.12094714 0.86032405 0.12116968 0.86368445 0.11980877 0.86663152 0.12003136 0.87335231 0.11730953 0.87629938 0.11753213 0.87965988 0.11617081 0.88260620 0.11639335 0.88596660 0.11503243 0.88891292 0.11525497 0.89227407 0.11389411 0.89522039 0.11411665 0.90194204 0.11139447 0.90488836 0.11161701 0.90824875 0.11025609 0.91119507 0.11047863 0.91455547 0.10911772 0.91750254 0.10934031 0.92422344 0.10661807 0.92717051 0.10684067 0.93053091 0.10547975 0.93347723 0.10570229 0.93683762 0.10434138 0.93978394 0.10456392 0.94314520 0.10320265 0.94609152 0.10342519 0.95281306 0.10070342 0.95575938 0.10092596 0.95911978 0.09956504 0.95658754 0.09775904 0.95700172 0.09617518 0.95193649 0.09256313 0.95235067 0.09097927 0.94981843 0.08917327 0.95023251 0.08758981 0.94770027 0.08578381 0.94811435 0.08420036 0.94558146 0.08239390 0.94599554 0.08081044 0.94346330 0.07900444 0.94387748 0.07742058 0.93881300 0.07380858 0.93922708 0.07222513 0.86556459 0.06666127 0.86220345 0.06802213 0.85925712 0.06779959 0.85589673 0.06916051 0.85294966 0.06893791 0.84622876 0.07166015 0.84328244 0.07143761
0 1.00000000 0.03911757 0.99884194 0.03958659 0.99000223 0.03891891 0.98958813 0.04050245 0.98622770 0.04186349 0.97444167 0.04097327 0.97402756 0.04255685 0.97066714 0.04391785 0.96182744 0.04325017 0.96099923 0.04641729 0.96394554 0.04663983 0.96647851 0.04844601 0.96606441 0.05002954 0.97112884 0.05364174 0.97071473 0.05522532 0.97366104 0.05544786 0.97619326 0.05725394 0.97283285 0.05861494 0.97789802 0.06222723 0.97748392 0.06381077 0.98001614 0.06561685 0.97960208 0.06720023 0.98254840 0.06742277 0.98508129 0.06922923 1.00000000 0.07035606 1.00000000 0.03911757
0 0.13849424 0.75307916 0.08546910 0.69819805 0.08214081 0.72584501 0.13517511 0.78223759 0.13849424 0.75307916
0 0.14471606 0.72334621 0.09176026 0.66792580 0.08721298 0.69342478 0.14061986 0.74685747 0.14471606 0.72334621
0 0.15077296 0.68627965 0.09548968 0.62666485 0.09162769 0.64877954 0.14690750 0.71177098 0.15077296 0.68627965
0 0.15515302 0.66341352 0.09864483 0.60534625 0.09667803 0.61578537 0.15319514 0.67668448 0.15515302 0.66341352
0 0.11022270 0.81222857 0.08323896 0.78503894 0.07977747 0.80797560 0.10932268 0.83639589 0.11022270 0.81222857
0 0.10366285 0.84851489 0.07670661 0.82278864 0.07319237 0.84410545 0.10069696 0.87480993 0.10366285 0.84851489
0 0.09847942 0.88574379 0.07126383 0.85421667 0.06734783 0.87777350 0.09500351 0.90699653 0.09847942 0.88574379
0 0.09116356 0.91851077 0.06456585 0.89181691 0.05966774 0.91501585 0.08810879 0.94222138 0.09116356 0.91851077
0 0.06174826 0.88643242 0.03471877 0.85812145 0.03215015 0.87206427 0.03621313 0.87489759 0.03312100 0.88612752 0.05771748 0.91264610 0.06174826 0.88643242
0 0.06856531 0.85378129 0.04086234 0.82272957 0.03885417 0.83372490 0.04283547 0.83971263 0.04163468 0.84876121 0.06597874 0.87306995 0.06856531 0.85378129
0 0.04540976 0.78862829 0.04264378 0.80749028 0.07071420 0.84261992 0.07488956 0.82090545 0.04540976 0.78862829
0 0.08008750 0.77740189 0.05328876 0.74976487 0.04803865 0.77354084 0.07706549 0.80301356 0.08008750 0.77740189
0 0.53390163 0.69030069 0.56165888 0.61691296 0.46162843 0.60971176 0.44875869 0.62950040 0.43278389 0.68619408 0.43583666 0.68873248 0.52453423 0.69450766 0.53390163 0.69030069
0 0.63069106 0.80776959 0.75864598 0.81969631 0.78152085 0.81072619 0.79266557 0.77900667 0.78408227 0.77536843 0.45222956 0.75434611 0.43594115 0.75579722 0.43047335 0.76574590 0.42978332 0.79016387 0.44335350 0.79644923 0.63069106 0.80776959
