0 1.00000000 0.15257468 0.96972568 0.13258712 0.94836074 0.15935224 0.98108152 0.17975585 1.00000000 0.15295148 1.00000000 0.15257468
0 0.78128573 0.22563969 0.79790018 0.20738984 0.74588975 0.16941439 0.73750294 0.17906636 0.72065587 0.16826344 0.69607088 0.20105677 0.76516714 0.24825401 0.76839637 0.24598916 0.78267537 0.23173343 0.77635771 0.22768233 0.78128573 0.22563969
0 0.64544087 0.26484010 0.67231232 0.27426702 0.68113990 0.24639938 0.65338386 0.23900655 0.64544087 0.26484010
0 0.39691652 0.71671699 0.39572304 0.72569250 0.39330184 0.72762090 0.39210837 0.73659642 0.39635409 0.73722709 0.39817914 0.73978624 0.39575731 0.74171513 0.39456392 0.75069007 0.39214263 0.75261904 0.39094916 0.76159456 0.38852796 0.76352296 0.38733448 0.77249847 0.38491328 0.77442687 0.38401815 0.78115865 0.38159695 0.78308704 0.38040347 0.79206256 0.37556044 0.79591985 0.37496374 0.80040732 0.37254253 0.80233572 0.37134898 0.81131180 0.36892723 0.81324012 0.36803219 0.81997132 0.36561090 0.82190030 0.36441743 0.83087581 0.36199622 0.83280421 0.37685733 0.83501173 0.37868184 0.83757080 0.40628065 0.84167041 0.40657900 0.83942668 0.40900075 0.83749836 0.41019422 0.82852284 0.41261551 0.82659387 0.41380890 0.81761893 0.41623019 0.81568996 0.41742366 0.80671445 0.41984487 0.80478605 0.42014322 0.80254231 0.42498625 0.79868502 0.44621594 0.80183855 0.44863769 0.79991023 0.44923447 0.79542219 0.43649622 0.79353001 0.43467171 0.79097094 0.43526841 0.78648347 0.43768961 0.78455507 0.45255072 0.78676259 0.45374427 0.77778650 0.45616548 0.77585810 0.45706052 0.76912690 0.45948181 0.76719792 0.46037693 0.76046614 0.45613121 0.75983547 0.45430670 0.75727640 0.45460505 0.75503267 0.45702626 0.75310427 0.45732460 0.75086053 0.45974589 0.74893156 0.46611501 0.74987765 0.46730848 0.74090214 0.46972969 0.73897374 0.47062481 0.73224196 0.47304602 0.73031356 0.47394114 0.72358178 0.47636290 0.72165347 0.47755637 0.71267795 0.47331010 0.71204720 0.47148559 0.70948813 0.47238071 0.70275635 0.42142881 0.69518779 0.41960376 0.69262864 0.40686605 0.69073654 0.40656770 0.69298028 0.40414649 0.69490867 0.40295302 0.70388419 0.40053119 0.70581308 0.39933780 0.71478802 0.39691652 0.71671699
0 0.54882812 0.67063617 0.53537074 0.66863716 0.53354569 0.66607801 0.52929997 0.66544734 0.52870320 0.66993538 0.52628145 0.67186370 0.52419285 0.68757099 0.52177164 0.68949939 0.52057817 0.69847490 0.51815696 0.70040330 0.51696349 0.70937882 0.51454228 0.71130721 0.48906633 0.70752293 0.48724128 0.70496378 0.48482007 0.70689218 0.48392495 0.71362396 0.48150374 0.71555236 0.48031027 0.72452787 0.47788906 0.72645627 0.47669551 0.73543236 0.47427430 0.73736076 0.47337926 0.74409196 0.47095743 0.74602085 0.46976396 0.75499637 0.46734275 0.75692476 0.46614928 0.76590028 0.46372807 0.76782868 0.46253460 0.77680419 0.46011285 0.77873251 0.45891930 0.78770860 0.45649809 0.78963699 0.45560305 0.79636820 0.45318176 0.79829717 0.45198829 0.80727268 0.45411115 0.80758802 0.45593566 0.81014709 0.45805907 0.81046251 0.45988358 0.81302158 0.48748239 0.81712119 0.48930690 0.81968026 0.49355317 0.82031102 0.49444821 0.81357981 0.49686942 0.81165142 0.49776454 0.80491964 0.50018637 0.80299075 0.51504694 0.80519818 0.51564363 0.80071071 0.51806538 0.79878239 0.51836373 0.79653866 0.52078502 0.79460969 0.52108337 0.79236595 0.51925885 0.78980688 0.51955728 0.78756257 0.52197849 0.78563417 0.52317196 0.77665866 0.52559317 0.77473026 0.52618994 0.77024222 0.52861115 0.76831382 0.52980462 0.75933830 0.53222583 0.75740991 0.53341930 0.74843439 0.53584105 0.74650608 0.53703452 0.73753056 0.53945581 0.73560159 0.54064920 0.72662665 0.54307048 0.72469768 0.54426396 0.71572217 0.54668571 0.71379385 0.54817753 0.70257460 0.54882812 0.70205629 0.54882812 0.67063617
0 0.44215385 0.60445035 0.43973264 0.60637875 0.43760923 0.60606333 0.43578472 0.60350426 0.43336352 0.60543266 0.43217004 0.61440817 0.42974829 0.61633649 0.42855482 0.62531200 0.42613362 0.62724040 0.42523849 0.63397218 0.42281721 0.63590115 0.42222051 0.64038862 0.42646623 0.64101930 0.42829129 0.64357845 0.42709781 0.65255396 0.42467598 0.65448285 0.41830740 0.65353684 0.41800906 0.65578058 0.41558785 0.65770898 0.41469273 0.66444075 0.41227097 0.66636907 0.41107750 0.67534459 0.40865629 0.67727298 0.40746282 0.68624850 0.47327583 0.69602457 0.47510027 0.69858422 0.51119107 0.70394526 0.51208619 0.69721348 0.51450802 0.69528459 0.51570141 0.68630965 0.51812270 0.68438067 0.51931617 0.67540516 0.52173737 0.67347676 0.52263250 0.66674499 0.52080799 0.66418591 0.51868512 0.66387058 0.51686007 0.66131143 0.51775519 0.65457965 0.52017695 0.65265133 0.52107207 0.64591955 0.52349328 0.64399115 0.52409005 0.63950311 0.52651126 0.63757471 0.52710795 0.63308724 0.52286223 0.63245657 0.52103725 0.62989684 0.52193238 0.62316506 0.52435413 0.62123675 0.53072271 0.62218275 0.53161775 0.61545155 0.53403904 0.61352258 0.53463574 0.60903511 0.53281130 0.60647546 0.51370447 0.60363727 0.51187996 0.60107821 0.48428061 0.59697851 0.48245610 0.59441944 0.44424244 0.58874306 0.44241793 0.58618399 0.43999618 0.58811231 0.43910105 0.59484408 0.44334732 0.59547484 0.44517183 0.59803391 0.44275062 0.59996231 0.44215385 0.60445035
0 0.36695381 0.60014406 0.36576026 0.60912014 0.36333905 0.61104854 0.36244401 0.61777975 0.36002218 0.61970864 0.35882871 0.62868415 0.35640750 0.63061255 0.35521403 0.63958806 0.35279282 0.64151646 0.35159935 0.65049198 0.35584507 0.65112265 0.35826682 0.64919433 0.36463595 0.65014042 0.36646046 0.65269949 0.37707530 0.65427625 0.37889981 0.65683533 0.37860139 0.65907963 0.38225095 0.66419786 0.38195253 0.66644217 0.38377704 0.66900124 0.38802276 0.66963191 0.38984781 0.67219106 0.38895269 0.67892284 0.39319841 0.67955351 0.39502347 0.68211267 0.39472512 0.68435640 0.39230329 0.68628529 0.39442670 0.68660071 0.39625121 0.68915978 0.39837407 0.68947512 0.40079528 0.68754672 0.40169040 0.68081494 0.40411168 0.67888597 0.40530508 0.66991103 0.40772690 0.66798214 0.40892038 0.65900662 0.41134158 0.65707822 0.41253505 0.64810271 0.41495626 0.64617431 0.41585139 0.63944254 0.41827314 0.63751422 0.41946661 0.62853870 0.42188789 0.62660973 0.42308129 0.61763479 0.42550257 0.61570582 0.42669604 0.60673030 0.42911725 0.60480191 0.43001237 0.59807013 0.43243358 0.59614173 0.43362705 0.58716622 0.42938133 0.58653554 0.42755682 0.58397647 0.39358888 0.57893077 0.39176437 0.57637170 0.39206280 0.57412739 0.37720169 0.57191987 0.37630657 0.57865165 0.37388536 0.58058005 0.37299024 0.58731183 0.37056849 0.58924014 0.36937502 0.59821566 0.36695381 0.60014406
0 0.54882812 0.52876814 0.53688553 0.52699415 0.53506048 0.52443499 0.50533880 0.52002004 0.50351437 0.51746040 0.47379215 0.51304537 0.47196764 0.51048629 0.46984478 0.51017096 0.46742303 0.51209928 0.46652791 0.51883105 0.46410670 0.52075945 0.46350993 0.52524750 0.46533444 0.52780657 0.46745784 0.52812198 0.46928235 0.53068105 0.46838723 0.53741283 0.46596602 0.53934123 0.45959690 0.53839514 0.45929855 0.54063888 0.45687672 0.54256777 0.45568325 0.55154328 0.45326204 0.55347168 0.45206857 0.56244719 0.44964736 0.56437559 0.45601649 0.56532168 0.45784092 0.56788133 0.48331687 0.57166561 0.48514138 0.57422467 0.51274074 0.57832437 0.51456525 0.58088344 0.54641033 0.58561381 0.54882812 0.58368813 0.54882812 0.52876814
0 0.40834665 0.53307032 0.40715310 0.54204641 0.40473135 0.54397472 0.40353788 0.55295024 0.41627612 0.55484242 0.41810064 0.55740149 0.44569999 0.56150118 0.44689346 0.55252567 0.44931467 0.55059727 0.45020979 0.54386549 0.45263100 0.54193710 0.45382447 0.53296158 0.45624568 0.53103318 0.45714080 0.52430140 0.45956209 0.52237243 0.46075548 0.51339750 0.46317731 0.51146860 0.45680819 0.51052251 0.45498367 0.50796344 0.41889288 0.50260240 0.41799776 0.50933418 0.41557601 0.51126250 0.41438254 0.52023801 0.41196133 0.52216641 0.41076786 0.53114192 0.40834665 0.53307032
0 0.15776424 0.46381353 0.15657077 0.47278904 0.15414902 0.47471736 0.15295555 0.48369287 0.15053426 0.48562184 0.14934087 0.49459678 0.14691958 0.49652575 0.14632288 0.50101323 0.15056861 0.50164390 0.15239358 0.50420362 0.17150041 0.50704181 0.17332492 0.50960088 0.17302658 0.51184462 0.20274879 0.51625965 0.20457330 0.51881872 0.20427495 0.52106246 0.21701266 0.52295455 0.21883764 0.52551428 0.22520676 0.52646037 0.23004925 0.52260300 0.24703322 0.52512585 0.24885773 0.52768492 0.24855931 0.52992923 0.26129755 0.53182141 0.26312207 0.53438048 0.26282372 0.53662422 0.29254593 0.54103925 0.29437037 0.54359889 0.31560006 0.54675242 0.31589848 0.54450811 0.31165276 0.54387744 0.30982825 0.54131837 0.31012660 0.53907463 0.28465010 0.53529027 0.28282567 0.53273063 0.26796456 0.53052311 0.26614005 0.52796404 0.26703509 0.52123284 0.26945638 0.51930386 0.27064985 0.51032835 0.27307160 0.50840003 0.27426507 0.49942452 0.27668628 0.49749612 0.27817810 0.48627687 0.28059938 0.48434790 0.28209120 0.47312865 0.28451297 0.47120022 0.28570644 0.46222471 0.28146018 0.46159395 0.27963569 0.45903471 0.28205692 0.45710614 0.25870383 0.45363720 0.25687933 0.45107801 0.20168171 0.44287878 0.19803218 0.43776027 0.16831051 0.43334532 0.16771378 0.43783308 0.16529201 0.43976151 0.16380017 0.45098093 0.16137893 0.45290950 0.16018545 0.46188513 0.15776424 0.46381353
0 0.04019942 0.41992188 0.03943864 0.42564331 0.03701728 0.42757180 0.03582381 0.43654732 0.03340245 0.43847581 0.02892693 0.47213401 0.05227991 0.47560294 0.05410453 0.47816202 0.07958049 0.48194630 0.08140511 0.48450539 0.08110668 0.48674970 0.11295165 0.49148005 0.11477616 0.49403912 0.14025211 0.49782340 0.14055046 0.49557967 0.14297229 0.49365077 0.14114723 0.49109162 0.13902437 0.49077629 0.13719986 0.48821721 0.13809498 0.48148544 0.14051619 0.47955704 0.14688531 0.48050313 0.14748209 0.47601508 0.14990330 0.47408669 0.15109677 0.46511117 0.15351798 0.46318277 0.15441308 0.45645111 0.15016736 0.45582044 0.14834287 0.45326125 0.14893960 0.44877350 0.15136083 0.44684493 0.15348369 0.44716026 0.15590492 0.44523175 0.15802778 0.44554708 0.16044954 0.44361865 0.16194138 0.43239923 0.14071115 0.42924563 0.13888667 0.42668638 0.13676380 0.42637104 0.13493931 0.42381186 0.11795534 0.42128901 0.11698042 0.41992188 0.04019942 0.41992188
0 0.84558378 0.74773937 0.85019516 0.72361833 0.84370476 0.71211996 0.73293780 0.66541439 0.73078765 0.68544523 0.72814707 0.70801289 0.72737127 0.72220759 0.72223613 0.75288569 0.74555158 0.76588807 0.83530873 0.80061367 0.84558378 0.74773937
