0 0.22345288 0.32330554 0.22865510 0.26491052 0.06557747 0.24685489 0.05986484 0.29338049 0.22345288 0.32330554
0 0.76502783 0.52116566 0.75868571 0.56965271 0.78858979 0.57309946 0.78892357 0.57054768 0.79197570 0.56830922 0.80828658 0.57018921 0.80962184 0.55998079 0.81267467 0.55774242 0.82626718 0.55930909 0.82893754 0.53889356 0.83198967 0.53665510 0.83432625 0.51879135 0.82345211 0.51753799 0.82106752 0.51467290 0.81834916 0.51435958 0.81596387 0.51149440 0.81729905 0.50128663 0.82035196 0.49904760 0.82307033 0.49936092 0.82545483 0.50222667 0.83632898 0.50348003 0.84267109 0.45499298 0.84572323 0.45275452 0.84939499 0.42468300 0.84667662 0.42436968 0.84429204 0.42150459 0.83341789 0.42025123 0.83103338 0.41738548 0.83236848 0.40717837 0.83542070 0.40493926 0.85173157 0.40681925 0.85874123 0.35322865 0.84514872 0.35166197 0.84276413 0.34879688 0.84409931 0.33858911 0.84715153 0.33635000 0.86346310 0.33823007 0.86646723 0.31526276 0.82568900 0.31056266 0.82330441 0.30769756 0.80155611 0.30519085 0.80022093 0.31539861 0.79716810 0.31763699 0.78415010 0.41716287 0.78109797 0.41940133 0.76807997 0.51892720 0.76502783 0.52116566
0 1.00000000 0.32029211 0.94392074 0.31382841 0.94358688 0.31638084 0.94053474 0.31861930 0.87528986 0.31109916 0.86961538 0.35448200 0.86656324 0.35672046 0.85521419 0.44348679 0.85216205 0.44572525 0.84081300 0.53249158 0.83776087 0.53473004 0.83709332 0.53983360 0.83947791 0.54269869 0.86938130 0.54614536 0.87038261 0.53849003 0.87343545 0.53625165 0.88974632 0.53813164 0.89141536 0.52537145 0.89446749 0.52313299 0.89685278 0.52599817 0.90772693 0.52725152 0.90906210 0.51704376 0.91211424 0.51480530 0.94473668 0.51856537 0.94607186 0.50835760 0.94912400 0.50611914 0.96271651 0.50768582 0.96371791 0.50002983 0.96677074 0.49779145 0.97764489 0.49904481 0.99099666 0.39696715 0.98284088 0.39602712 0.98045637 0.39316137 0.98112392 0.38805781 0.98417606 0.38581935 0.98450983 0.38326757 0.98756205 0.38102846 0.99299947 0.38165518 1.00000000 0.32813439 1.00000000 0.32029211
0 0.71370196 0.21735200 0.71131737 0.21448690 0.70044322 0.21323354 0.69643769 0.24385684 0.71818599 0.24636355 0.71918739 0.23870756 0.72224022 0.23646919 0.76029939 0.24085589 0.76335153 0.23861743 0.80141139 0.24300422 0.80241280 0.23534823 0.80546493 0.23310977 0.80947046 0.20248647 0.74694394 0.19527966 0.74594254 0.20293565 0.74289040 0.20517411 0.72386047 0.20298071 0.72219152 0.21574026 0.71913938 0.21797871 0.71370196 0.21735200
0 0.63901473 0.23982917 0.67979296 0.24452928 0.68279717 0.22156131 0.64201895 0.21686121 0.63963436 0.21399611 0.64063576 0.20634013 0.62432419 0.20446005 0.61955501 0.19872986 0.62055642 0.19107387 0.62360855 0.18883541 0.62728031 0.16076389 0.60825038 0.15857050 0.60558002 0.17898603 0.60252789 0.18122449 0.59485060 0.23991930 0.63562882 0.24461941 0.63596260 0.24206763 0.63901473 0.23982917
0 0.68665799 0.12875139 0.70840628 0.13125810 0.70874005 0.12870632 0.70635546 0.12584123 0.70668924 0.12328945 0.70974146 0.12105034 0.71074286 0.11339435 0.71379500 0.11115589 0.72195078 0.11209593 0.72295210 0.10444059 0.71751538 0.10381396 0.71513018 0.10094812 0.71546395 0.09839635 0.71274559 0.09808303 0.70969345 0.10032149 0.70153767 0.09938145 0.70120381 0.10193388 0.69815167 0.10417234 0.68999588 0.10323230 0.68665799 0.12875139
0 0.66676771 0.04874660 0.66543253 0.05895437 0.67358832 0.05989440 0.67597289 0.06275963 0.67497149 0.07041561 0.67191935 0.07265407 0.67091795 0.08031006 0.67907373 0.08125010 0.68145832 0.08411520 0.72495491 0.08912862 0.72662386 0.07636908 0.72967608 0.07412996 0.74055023 0.07538332 0.74522331 0.03965647 0.73706753 0.03871643 0.73401537 0.04095502 0.73334777 0.04605897 0.73029562 0.04829756 0.72213984 0.04735752 0.72180605 0.04990943 0.71875389 0.05214808 0.69972395 0.04995469 0.69733939 0.04708940 0.70067732 0.02157005 0.65989910 0.01686995 0.65751453 0.01400465 0.65851591 0.00634886 0.63948598 0.00415547 0.63714942 0.02201903 0.65617936 0.02421242 0.65856392 0.02707771 0.65656116 0.04238929 0.66199858 0.04301601 0.66676771 0.04874660
0 0.78018232 0.02555291 0.77984852 0.02810489 0.77679636 0.03034354 0.76864057 0.02940351 0.76697161 0.04216318 0.76391945 0.04440177 0.75304530 0.04314841 0.74870602 0.07632336 0.75958016 0.07757671 0.76196467 0.08044246 0.82720955 0.08796260 0.82921235 0.07265075 0.83226519 0.07041225 0.83860729 0.02192536 0.80598415 0.01816521 0.80565036 0.02071715 0.80259819 0.02295581 0.79444310 0.02201585 0.79410931 0.02456776 0.79105646 0.02680627 0.78018232 0.02555291
0 0.88119851 0.07605231 0.87385508 0.13219469 0.87080286 0.13443380 0.86813250 0.15484933 0.87628759 0.15578929 0.87867288 0.15865447 0.88139124 0.15896779 0.88377583 0.16183288 0.88244065 0.17204065 0.87938851 0.17427911 0.86579600 0.17271243 0.86045529 0.21354349 0.85740307 0.21578261 0.85606790 0.22599037 0.88325292 0.22912372 0.88563751 0.23198882 0.92369737 0.23637560 0.93270984 0.16747303 0.93576198 0.16523456 0.94811236 0.07081277 0.95116452 0.06857411 0.95583764 0.03284694 0.88787440 0.02501348 0.88353507 0.05818869 0.89712758 0.05975536 0.89951285 0.06262073 0.89784387 0.07538047 0.89479102 0.07761898 0.88119851 0.07605231
0 0.81734048 0.22670714 0.84724457 0.23015389 0.85091624 0.20208303 0.85396846 0.19984391 0.86665260 0.10287047 0.86970474 0.10063201 0.87971861 0.02407344 0.84709617 0.02031338 0.83574721 0.10707905 0.83269498 0.10931817 0.82001084 0.20629161 0.81695870 0.20853007 0.81495589 0.22384204 0.81734048 0.22670714
0 0.73735330 0.01543567 0.73835469 0.00777982 0.71660640 0.00527310 0.71560501 0.01292896 0.73735330 0.01543567
0 0.56628170 0.77569968 0.55540755 0.77504882 0.55507377 0.77637393 0.55202155 0.77753668 0.54114740 0.77688582 0.54081363 0.77821093 0.53776150 0.77937333 0.52960571 0.77888519 0.52893817 0.78153540 0.52588594 0.78269814 0.51773016 0.78220999 0.51739639 0.78353510 0.51434425 0.78469751 0.50347010 0.78404665 0.50280247 0.78669721 0.49975033 0.78785961 0.49159455 0.78737146 0.49126078 0.78869657 0.48820795 0.78985893 0.48005286 0.78937082 0.47700063 0.79053357 0.47666686 0.79185868 0.47361403 0.79302104 0.46273988 0.79237019 0.46207225 0.79502074 0.45902012 0.79618314 0.45086433 0.79569499 0.44847974 0.79420718 0.44781219 0.79685740 0.44476006 0.79801980 0.43660427 0.79753165 0.43627042 0.79885710 0.43321828 0.80001950 0.42506249 0.79953135 0.42201036 0.80069376 0.42167650 0.80201921 0.41862367 0.80318157 0.40775022 0.80253076 0.40741644 0.80385587 0.41218562 0.80683149 0.41185177 0.80815693 0.41457013 0.80831963 0.41695472 0.80980744 0.41595331 0.81378311 0.47576147 0.81736281 0.47814606 0.81885063 0.54067259 0.82259304 0.54100636 0.82126793 0.54405850 0.82010553 0.55221428 0.82059368 0.55288191 0.81794312 0.55593405 0.81678072 0.56680820 0.81743157 0.56714205 0.81610612 0.57019419 0.81494372 0.57834997 0.81543187 0.57901752 0.81278165 0.58207035 0.81161929 0.59294380 0.81227010 0.59361144 0.80961955 0.59666427 0.80845719 0.60482005 0.80894533 0.60515391 0.80761989 0.60820605 0.80645748 0.61908020 0.80710834 0.61941397 0.80578323 0.61669491 0.80562048 0.61431032 0.80413267 0.61497795 0.80148212 0.61225959 0.80131942 0.60987500 0.79983161 0.61054263 0.79718105 0.61359476 0.79601865 0.62446891 0.79666950 0.62480268 0.79534439 0.60577275 0.79420539 0.60338816 0.79271758 0.60372193 0.79139247 0.60100357 0.79122977 0.59861837 0.78974158 0.59928592 0.78709137 0.59690141 0.78560322 0.59756896 0.78295300 0.60062110 0.78179060 0.60877688 0.78227875 0.60911065 0.78095364 0.60639229 0.78079094 0.60400779 0.77930279 0.60467533 0.77665258 0.60229013 0.77516438 0.60262390 0.77383928 0.59990554 0.77367657 0.59752095 0.77218876 0.59818850 0.76953855 0.58459599 0.76872499 0.58154316 0.76988736 0.58120938 0.77121246 0.57815725 0.77237487 0.57000216 0.77188676 0.56933453 0.77453731 0.56628170 0.77569968
0 0.85172491 0.71610972 0.84867278 0.71727213 0.84595372 0.71710938 0.84290158 0.71827179 0.84018322 0.71810908 0.83713030 0.71927179 0.83441194 0.71910908 0.82830767 0.72143389 0.82558930 0.72127119 0.82253647 0.72243355 0.81981811 0.72227085 0.81676597 0.72343325 0.81404692 0.72327051 0.81099470 0.72443325 0.80827633 0.72427055 0.80522420 0.72543296 0.80250583 0.72527025 0.79640078 0.72759536 0.79368242 0.72743266 0.79062959 0.72859502 0.78791122 0.72843232 0.78485909 0.72959472 0.78214072 0.72943202 0.77908859 0.73059442 0.77636953 0.73043168 0.77331739 0.73159408 0.77059903 0.73143138 0.76449398 0.73375649 0.76177562 0.73359378 0.75872348 0.73475619 0.75600512 0.73459349 0.75295220 0.73575619 0.75023384 0.73559348 0.74718170 0.73675589 0.74446264 0.73659315 0.74141051 0.73775555 0.73869214 0.73759285 0.73258787 0.73991766 0.72986881 0.73975491 0.72681659 0.74091766 0.72409823 0.74075495 0.72104539 0.74191732 0.71832703 0.74175461 0.71527490 0.74291702 0.71255654 0.74275431 0.70645148 0.74507942 0.70373312 0.74491672 0.70068098 0.74607912 0.69796192 0.74591638 0.69490979 0.74707878 0.69219142 0.74691608 0.68913929 0.74807849 0.68642093 0.74791578 0.68336801 0.74907848 0.68064964 0.74891578 0.67454468 0.75124055 0.67182631 0.75107785 0.66877409 0.75224059 0.66605573 0.75207789 0.66300360 0.75324029 0.66028454 0.75307755 0.65723240 0.75423995 0.65451404 0.75407725 0.65146121 0.75523961 0.64874284 0.75507691 0.64263848 0.75740206 0.63992012 0.75723936 0.63686729 0.75840172 0.63414893 0.75823902 0.63109679 0.75940142 0.62837773 0.75923868 0.62532551 0.76040142 0.62260715 0.76023872 0.61955501 0.76140112 0.61683665 0.76123842 0.61073168 0.76356319 0.60801332 0.76340048 0.60767954 0.76472559 0.61244864 0.76770155 0.61211487 0.76902666 0.61688466 0.77200266 0.61655088 0.77332777 0.62132006 0.77630339 0.62098621 0.77762883 0.62575608 0.78060450 0.62542222 0.78192994 0.62780681 0.78341775 0.62747304 0.78474286 0.63224291 0.78771852 0.63190906 0.78904397 0.63667824 0.79201959 0.63634438 0.79334503 0.64111356 0.79632065 0.64077979 0.79764576 0.65980972 0.79878476 0.66286185 0.79762236 0.66558091 0.79778510 0.66863305 0.79662270 0.67135141 0.79678540 0.67745646 0.79446029 0.68017483 0.79462300 0.68322696 0.79346059 0.68594533 0.79362329 0.68899816 0.79246093 0.69171652 0.79262363 0.69476874 0.79146089 0.69748780 0.79162363 0.70359207 0.78929883 0.70631044 0.78946153 0.70936257 0.78829912 0.71208163 0.78846187 0.71513377 0.78729946 0.71785213 0.78746217 0.72090504 0.78629946 0.72362341 0.78646217 0.72972768 0.78413736 0.73244604 0.78430006 0.73549896 0.78313736 0.73821732 0.78330006 0.74126946 0.78213766 0.74398852 0.78230040 0.75009279 0.77997559 0.75281115 0.78013829 0.75586329 0.77897589 0.75858235 0.77913863 0.76163457 0.77797589 0.76435293 0.77813859 0.76740577 0.77697623 0.77012413 0.77713893 0.77622848 0.77481379 0.77894685 0.77497649 0.78199968 0.77381413 0.78471804 0.77397683 0.78777018 0.77281442 0.79048924 0.77297717 0.79354137 0.77181476 0.79625973 0.77197747 0.80236409 0.76965232 0.80508315 0.76981506 0.80813529 0.76865266 0.81085365 0.76881536 0.81390648 0.76765300 0.81662485 0.76781570 0.81967707 0.76665296 0.82239543 0.76681566 0.82850040 0.76449089 0.83121876 0.76465359 0.83427090 0.76349119 0.83698996 0.76365393 0.84004209 0.76249153 0.84276046 0.76265423 0.84581267 0.76149149 0.84853104 0.76165419 0.85463601 0.75932942 0.85735437 0.75949212 0.86040729 0.75832942 0.86312565 0.75849213 0.86617779 0.75732972 0.86889615 0.75749242 0.87194828 0.75633002 0.87466734 0.75649276 0.88077161 0.75416796 0.88349067 0.75433070 0.88654289 0.75316796 0.88926126 0.75333066 0.89231339 0.75216825 0.89503176 0.75233096 0.89808459 0.75116859 0.90080295 0.75133130 0.90690800 0.74900619 0.90962637 0.74916889 0.91267850 0.74800649 0.91539687 0.74816919 0.91844900 0.74700679 0.92116806 0.74716953 0.92727242 0.74484438 0.92999148 0.74500713 0.93304361 0.74384472 0.93576198 0.74400742 0.93881411 0.74284502 0.94153247 0.74300772 0.94458539 0.74184502 0.94730376 0.74200772 0.95340872 0.73968296 0.95612709 0.73984566 0.95917922 0.73868325 0.95679463 0.73719544 0.95712849 0.73587000 0.95235861 0.73289434 0.95269247 0.73156889 0.95030788 0.73008108 0.95064165 0.72875597 0.94825706 0.72726816 0.94859084 0.72594305 0.94620564 0.72445487 0.94653941 0.72312976 0.94415482 0.72164195 0.94448868 0.72031650 0.93971950 0.71734088 0.94005327 0.71601577 0.87209003 0.71194796 0.86903719 0.71311032 0.86631883 0.71294762 0.86326669 0.71411002 0.86054763 0.71394728 0.85444328 0.71627242 0.85172491 0.71610972
0 1.00000000 0.68462923 0.99766527 0.68448949 0.99699767 0.68713991 0.99394552 0.68830238 0.98578973 0.68781423 0.98545594 0.68913941 0.98240378 0.69030191 0.97152963 0.68965106 0.97119583 0.69097627 0.96814368 0.69213874 0.95998790 0.69165059 0.95932031 0.69430098 0.96203867 0.69446368 0.96442393 0.69595163 0.96409014 0.69727681 0.96885928 0.70025260 0.96852548 0.70157781 0.97124384 0.70174051 0.97362842 0.70322839 0.97057626 0.70439086 0.97534609 0.70736672 0.97501230 0.70869190 0.97739687 0.71017978 0.97706312 0.71150482 0.97978148 0.71166752 0.98216668 0.71315571 1.00000000 0.71422309 1.00000000 0.68462923
