0 0.00000000 0.44921875 0.09756180 0.44921875 0.10439791 0.41230770 0.09358120 0.38804419 0.00732506 0.36172284 0.00000000 0.39143854 0.00000000 0.44921875
0 0.71837964 0.00000000 0.66750684 0.03303719 0.76329154 0.19657636 0.83965976 0.14437754 0.84790773 0.13033885 0.78033681 0.02227785 0.77221533 0.02581552 0.75091966 0.00000000 0.71837964 0.00000000
0 0.33836773 0.73958434 0.33684494 0.74800223 0.33467334 0.74965928 0.33315055 0.75807718 0.33673240 0.75897176 0.33814311 0.76152350 0.33597096 0.76318098 0.33444826 0.77159834 0.33227657 0.77325592 0.33075378 0.78167382 0.32858218 0.78333087 0.32705938 0.79174876 0.32488778 0.79340581 0.32374567 0.79971937 0.32157407 0.80137642 0.32005128 0.80979431 0.31570752 0.81310883 0.31494617 0.81731751 0.31277457 0.81897456 0.31125168 0.82739300 0.30907963 0.82904993 0.30793760 0.83536295 0.30576591 0.83702054 0.30424312 0.84543843 0.30207152 0.84709548 0.31460892 0.85022675 0.31601918 0.85277838 0.33930260 0.85859350 0.33968328 0.85648916 0.34185534 0.85483223 0.34337813 0.84641433 0.34554983 0.84475675 0.34707252 0.83633939 0.34924422 0.83468180 0.35076701 0.82626391 0.35293861 0.82460686 0.35331928 0.82250252 0.35766304 0.81918800 0.37557323 0.82366114 0.37774529 0.82200421 0.37850673 0.81779499 0.36776025 0.81511101 0.36634999 0.81255938 0.36711134 0.80835070 0.36928294 0.80669366 0.38182035 0.80982492 0.38334324 0.80140649 0.38551484 0.79974944 0.38665686 0.79343642 0.38882855 0.79177883 0.38997067 0.78546528 0.38638882 0.78457069 0.38497856 0.78201906 0.38535924 0.77991472 0.38753084 0.77825768 0.38791151 0.77615334 0.39008321 0.77449575 0.39545645 0.77583774 0.39697924 0.76741984 0.39915084 0.76576279 0.40029296 0.75944924 0.40246456 0.75779219 0.40360668 0.75147863 0.40577873 0.74982170 0.40730153 0.74140380 0.40371921 0.74050910 0.40230896 0.73795747 0.40345108 0.73164392 0.36046607 0.72090824 0.35905536 0.71835650 0.34830934 0.71567264 0.34792867 0.71777698 0.34575707 0.71943402 0.34423428 0.72785192 0.34206212 0.72950939 0.34053943 0.73792675 0.33836773 0.73958434
0 0.46875000 0.70616090 0.45904260 0.70373644 0.45763189 0.70118469 0.45405003 0.70029011 0.45328859 0.70449933 0.45111653 0.70615626 0.44845162 0.72088772 0.44628002 0.72254476 0.44475723 0.73096266 0.44258563 0.73261971 0.44106284 0.74103761 0.43889124 0.74269465 0.41739874 0.73732681 0.41598803 0.73477507 0.41381642 0.73643212 0.41267431 0.74274567 0.41050271 0.74440272 0.40897992 0.75282062 0.40680831 0.75447767 0.40528543 0.76289610 0.40311383 0.76455315 0.40197181 0.77086617 0.39979965 0.77252364 0.39827686 0.78094154 0.39610526 0.78259859 0.39458247 0.79101648 0.39241087 0.79267353 0.39088808 0.80109143 0.38871602 0.80274836 0.38719313 0.81116679 0.38502153 0.81282384 0.38387951 0.81913686 0.38170781 0.82079445 0.38018502 0.82921235 0.38197595 0.82965963 0.38338620 0.83221127 0.38517759 0.83265867 0.38658784 0.83521030 0.40987127 0.84102543 0.41128153 0.84357706 0.41486384 0.84447176 0.41600586 0.83815874 0.41817746 0.83650169 0.41931957 0.83018814 0.42149173 0.82853066 0.43402868 0.83166182 0.43479003 0.82745314 0.43696208 0.82579620 0.43734276 0.82369187 0.43951446 0.82203428 0.43989513 0.81992994 0.43848488 0.81737831 0.43886565 0.81527343 0.44103725 0.81361638 0.44256004 0.80519848 0.44473164 0.80354144 0.44549308 0.79933222 0.44766468 0.79767517 0.44918747 0.78925728 0.45135907 0.78760023 0.45288186 0.77918233 0.45505392 0.77752539 0.45657671 0.76910750 0.45874841 0.76744991 0.46027111 0.75903255 0.46244280 0.75737497 0.46396559 0.74895707 0.46613765 0.74730014 0.46804112 0.73677790 0.46875000 0.73623684 0.46875000 0.70616090
0 0.38323882 0.63641422 0.38106722 0.63807127 0.37927584 0.63762386 0.37786558 0.63507223 0.37569398 0.63672928 0.37417119 0.64514718 0.37199913 0.64680411 0.37047634 0.65522201 0.36830474 0.65687906 0.36716262 0.66319261 0.36499093 0.66485020 0.36422958 0.66905888 0.36781143 0.66995346 0.36922214 0.67250521 0.36769935 0.68092310 0.36552720 0.68258057 0.36015442 0.68123870 0.35977374 0.68334304 0.35760214 0.68500009 0.35646003 0.69131365 0.35428797 0.69297058 0.35276518 0.70138847 0.35059358 0.70304552 0.34907079 0.71146342 0.40459320 0.72533036 0.40600335 0.72788253 0.43645095 0.73548694 0.43759306 0.72917338 0.43976522 0.72751591 0.44128791 0.71909855 0.44345961 0.71744096 0.44498240 0.70902307 0.44715400 0.70736602 0.44829612 0.70105246 0.44688587 0.69850083 0.44509494 0.69805354 0.44368422 0.69550179 0.44482634 0.68918824 0.44699840 0.68753131 0.44814052 0.68121775 0.45031212 0.67956070 0.45107356 0.67535148 0.45324516 0.67369444 0.45400651 0.66948576 0.45042466 0.66859117 0.44901404 0.66603889 0.45015616 0.65972533 0.45232822 0.65806840 0.45770100 0.65941027 0.45884302 0.65309725 0.46101472 0.65143967 0.46177606 0.64723099 0.46036591 0.64467882 0.44424665 0.64065297 0.44283639 0.63810134 0.41955251 0.63228610 0.41814225 0.62973447 0.38590373 0.62168277 0.38449348 0.61913114 0.38232142 0.62078807 0.38117930 0.62710163 0.38476161 0.62799632 0.38617187 0.63054796 0.38400027 0.63220500 0.38323882 0.63641422
0 0.31941023 0.62707102 0.31788734 0.63548945 0.31571574 0.63714650 0.31457372 0.64345952 0.31240156 0.64511699 0.31087877 0.65353489 0.30870717 0.65519194 0.30718438 0.66360983 0.30501278 0.66526688 0.30348999 0.67368478 0.30707184 0.67457936 0.30924390 0.67292243 0.31461714 0.67426441 0.31602740 0.67681604 0.32498249 0.67905261 0.32639274 0.68160425 0.32601197 0.68370912 0.32883294 0.68881250 0.32845217 0.69091737 0.32986242 0.69346901 0.33344428 0.69436359 0.33485499 0.69691533 0.33371287 0.70322889 0.33729472 0.70412347 0.33870544 0.70667522 0.33832476 0.70877956 0.33615261 0.71043703 0.33794399 0.71088444 0.33935425 0.71343607 0.34114517 0.71388336 0.34331677 0.71222631 0.34445889 0.70591275 0.34663059 0.70425517 0.34815328 0.69583781 0.35032544 0.69418034 0.35184823 0.68576244 0.35401983 0.68410539 0.35554262 0.67568750 0.35771422 0.67403045 0.35885634 0.66771689 0.36102840 0.66605996 0.36255119 0.65764206 0.36472289 0.65598447 0.36624558 0.64756712 0.36841728 0.64590953 0.36994007 0.63749163 0.37211167 0.63583458 0.37325379 0.62952103 0.37542539 0.62786398 0.37694818 0.61944608 0.37336632 0.61855150 0.37195607 0.61599987 0.34329940 0.60884275 0.34188915 0.60629112 0.34226992 0.60418625 0.32973251 0.60105498 0.32859039 0.60736854 0.32641879 0.60902558 0.32527668 0.61533914 0.32310462 0.61699607 0.32158183 0.62541397 0.31941023 0.62707102
0 0.46875000 0.56978879 0.46831747 0.56968076 0.46690676 0.56712901 0.44183240 0.56086659 0.44042225 0.55831442 0.41534744 0.55205189 0.41393718 0.54950026 0.41214625 0.54905297 0.40997419 0.55070990 0.40883208 0.55702346 0.40666048 0.55868051 0.40589903 0.56288972 0.40730929 0.56544136 0.40910067 0.56588876 0.41051093 0.56844039 0.40936881 0.57475395 0.40719721 0.57641100 0.40182397 0.57506901 0.40144329 0.57717335 0.39927114 0.57883082 0.39774835 0.58724872 0.39557675 0.58890577 0.39405396 0.59732366 0.39188236 0.59898071 0.39725560 0.60032270 0.39866575 0.60287487 0.42015825 0.60824271 0.42156851 0.61079433 0.44485239 0.61660958 0.44626265 0.61916121 0.46875000 0.62477751 0.46875000 0.56978879
0 0.35845829 0.56643767 0.35693540 0.57485611 0.35476335 0.57651304 0.35324055 0.58493094 0.36398704 0.58761491 0.36539729 0.59016654 0.38868118 0.59598179 0.39020397 0.58756389 0.39237557 0.58590684 0.39351768 0.57959329 0.39568929 0.57793624 0.39721207 0.56951834 0.39938368 0.56786129 0.40052579 0.56154774 0.40269749 0.55989015 0.40422018 0.55147279 0.40639234 0.54981532 0.40101910 0.54847333 0.39960885 0.54592170 0.36916125 0.53831729 0.36801913 0.54463085 0.36584708 0.54628779 0.36432429 0.55470568 0.36215268 0.55636273 0.36062989 0.56478063 0.35845829 0.56643767
0 0.14886300 0.48329694 0.14734021 0.49171483 0.14516815 0.49337176 0.14364536 0.50178966 0.14147366 0.50344725 0.13995097 0.51186461 0.13777927 0.51352219 0.13701792 0.51773087 0.14059978 0.51862545 0.14201039 0.52117774 0.15812966 0.52520358 0.15953991 0.52775522 0.15915924 0.52985956 0.18423405 0.53612209 0.18564430 0.53867372 0.18526363 0.54077806 0.19600965 0.54346192 0.19742027 0.54601421 0.20279351 0.54735619 0.20713680 0.54404156 0.22146514 0.54762012 0.22287539 0.55017175 0.22249462 0.55227662 0.23324110 0.55496060 0.23465136 0.55751223 0.23427068 0.55961657 0.25934550 0.56587911 0.26075565 0.56843127 0.27866584 0.57290441 0.27904661 0.57079954 0.27546476 0.56990495 0.27405450 0.56735332 0.27443518 0.56524898 0.25294222 0.55988103 0.25153206 0.55732886 0.23899465 0.55419760 0.23758440 0.55164596 0.23872642 0.54533295 0.24089812 0.54367536 0.24242091 0.53525746 0.24459297 0.53360053 0.24611576 0.52518263 0.24828736 0.52352558 0.25019082 0.51300335 0.25236252 0.51134576 0.25426598 0.50082353 0.25643806 0.49916648 0.25796085 0.49074859 0.25437854 0.48985389 0.25296832 0.48730210 0.25513995 0.48564489 0.23543837 0.48072435 0.23402814 0.47817261 0.18746128 0.46654235 0.18464037 0.46143871 0.15956601 0.45517629 0.15880461 0.45938523 0.15663254 0.46104227 0.15472904 0.47156467 0.15255741 0.47322188 0.15103460 0.48163989 0.14886300 0.48329694
0 0.04613269 0.44921875 0.04433352 0.45059159 0.03862305 0.48215873 0.05832453 0.48707925 0.05973488 0.48963090 0.08122738 0.49499874 0.08263773 0.49755039 0.08225696 0.49965527 0.10912261 0.50636508 0.11053286 0.50891671 0.13202536 0.51428454 0.13240603 0.51218020 0.13457819 0.51052273 0.13316748 0.50797099 0.13137655 0.50752370 0.12996629 0.50497206 0.13110841 0.49865851 0.13328001 0.49700146 0.13865325 0.49834345 0.13941470 0.49413423 0.14158630 0.49247718 0.14310909 0.48405929 0.14528069 0.48240224 0.14642279 0.47608879 0.14284093 0.47519421 0.14143070 0.47264247 0.14219209 0.46843352 0.14436372 0.46677631 0.14615465 0.46722360 0.14832627 0.46556645 0.15011720 0.46601374 0.15228928 0.46435670 0.15419277 0.45383430 0.13628212 0.44936104 0.13620349 0.44921875 0.04613269 0.44921875
0 0.77963029 1.00000000 0.57656559 0.68345018 0.46875000 0.75510847 0.46875000 0.76832224 0.62677232 1.00000000 0.77963029 1.00000000
