0 0.58572809 0.21355185 0.58225155 0.20711210 0.50482674 0.19097782 0.49951474 0.22941802 0.50163023 0.25528202 0.57646514 0.27100799 0.58205326 0.26599734 0.58572809 0.21355185
0 0.44474040 0.50000000 0.45652481 0.37582328 0.41549471 0.36346298 0.41120155 0.36867778 0.40040197 0.50000000 0.44474040 0.50000000
0 0.19364206 0.25975058 0.33322449 0.28568440 0.33738155 0.28241202 0.34391849 0.22649000 0.36375106 0.22372508 0.36538041 0.16310157 0.22981893 0.13583779 0.21905102 0.14003181 0.21496788 0.19830458 0.19370425 0.20280777 0.19016553 0.25331083 0.19364206 0.25975058
0 0.72204663 0.00000000 0.82991164 0.13863826 0.83754346 0.12936807 0.73644602 0.00000000 0.72204663 0.00000000
0 0.31063586 0.77591276 0.32433643 0.77695805 0.32265637 0.78856132 0.38430896 0.79326510 0.38646894 0.77834728 0.37505251 0.77747626 0.37673257 0.76587299 0.34933142 0.76378242 0.35413130 0.73063221 0.30389515 0.72679944 0.29885519 0.76160771 0.31255577 0.76265299 0.31063586 0.77591276
0 0.42216037 0.77101527 0.42360036 0.76107005 0.43730093 0.76211533 0.44234089 0.72730707 0.42407417 0.72591341 0.42263418 0.73585863 0.40893361 0.73481334 0.40389365 0.76962161 0.42216037 0.77101527
0 0.42985481 0.78165740 0.40930395 0.78008947 0.40738404 0.79334924 0.46675248 0.79787876 0.46867239 0.78461898 0.48009096 0.78549016 0.48177103 0.77388689 0.49090332 0.77458364 0.49618312 0.73811887 0.44594911 0.73428627 0.44066930 0.77075104 0.43153487 0.77005412 0.42985481 0.78165740
0 0.38153246 0.73272277 0.38297245 0.72277755 0.36698773 0.72155800 0.36399184 0.75819859 0.37997655 0.75941814 0.37877664 0.76770531 0.39475922 0.76892470 0.39979918 0.73411643 0.38153246 0.73272277
0 0.88415905 0.73452786 0.88444566 0.69058206 0.86358123 0.68938811 0.86460505 0.75448729 0.87580124 0.75415894 0.87572614 0.73529382 0.88415905 0.73452786
0 0.77350683 0.67937628 0.77460193 0.72353991 0.79604698 0.71644747 0.79539254 0.70586894 0.80535096 0.70324998 0.80556746 0.68024187 0.79422604 0.68264279 0.79357147 0.67206620 0.77350683 0.67937628
0 0.84047667 0.81981199 0.88387742 0.81827647 0.88394753 0.79733878 0.86860866 0.79701597 0.87006049 0.77629612 0.85472032 0.77597311 0.85326862 0.79669102 0.84054665 0.79887625 0.84047667 0.81981199
