0 0.53906250 0.20683594 0.50390625 0.20507812 0.50130208 0.24414062 0.50520833 0.26953125 0.53906250 0.27128233 0.53906250 0.20683594
0 0.46550076 0.52929688 0.46875000 0.39648438 0.42708333 0.39062500 0.42317708 0.39648438 0.42158174 0.52929688 0.46550076 0.52929688
0 0.19921875 0.32226562 0.33984375 0.32617188 0.34375000 0.32226562 0.34635417 0.26562500 0.36588542 0.25976562 0.36328125 0.19921875 0.22656250 0.19335938 0.21614583 0.19921875 0.21614583 0.25781250 0.19531250 0.26562500 0.19531250 0.31640625 0.19921875 0.32226562
0 0.85775745 0.32047285 0.85595703 0.32254028 0.84875488 0.32254028 0.84875488 0.35975673 0.84515358 0.36389160 0.83975231 0.36389160 0.83975231 0.37009443 0.83795189 0.37216187 0.83795189 0.39697266 0.83615101 0.39904009 0.83435059 0.39697266 0.82714844 0.39697266 0.82714844 0.43418858 0.82534802 0.43625654 0.82534802 0.45072911 0.84875488 0.45072911 0.85055530 0.45279707 0.93518066 0.45279707 0.93518066 0.27705410 0.93338024 0.27498613 0.87036133 0.27498613 0.87036133 0.28739179 0.86856091 0.28945923 0.85955788 0.28945923 0.85955788 0.29152666 0.85775745 0.29359462 0.85775745 0.32047285
0 0.79113770 0.42385088 0.79113770 0.41558062 0.79293812 0.41351318 0.80014027 0.41351318 0.80014027 0.39076983 0.80194069 0.38870239 0.80194069 0.37629726 0.80374157 0.37422930 0.80554199 0.37422930 0.80734241 0.37216187 0.81094372 0.37216187 0.81094372 0.33494541 0.81274414 0.33287798 0.82174671 0.33287798 0.82174671 0.30186436 0.82354759 0.29979693 0.82714844 0.29979693 0.82894886 0.29772949 0.83255016 0.29772949 0.83255016 0.27498613 0.75692738 0.27498613 0.75692738 0.39904009 0.75872780 0.40110752 0.75872780 0.44245937 0.78933727 0.44245937 0.78933727 0.42591884 0.79113770 0.42385088
0 0.64709473 0.30599976 0.64709473 0.31633745 0.64889515 0.31840489 0.65429688 0.31840489 0.65609730 0.32047285 0.65609730 0.33081055 0.66690075 0.33081055 0.66870117 0.33287798 0.67770374 0.33287798 0.67770374 0.31427002 0.67950462 0.31220259 0.67950462 0.27498613 0.62548828 0.27498613 0.62548828 0.28945923 0.63449085 0.28945923 0.63629173 0.29152666 0.63629173 0.30393232 0.64529430 0.30393232 0.64709473 0.30599976
0 0.95138538 0.45072911 0.99819958 0.45072911 0.99819958 0.26258100 0.97299183 0.26258100 0.97299183 0.27498613 0.97119141 0.27705410 0.96218884 0.27705410 0.96038795 0.27498613 0.95138538 0.27498613 0.95138538 0.45072911
0 0.90097034 0.18194580 0.89916992 0.18401323 0.89196777 0.18401323 0.89016735 0.18608067 0.89016735 0.21709429 0.88836647 0.21916172 0.87936390 0.21916172 0.87936390 0.25844561 0.93338024 0.25844561 0.93338024 0.24190508 0.93518066 0.23983765 0.93518066 0.11371626 0.91177380 0.11371626 0.91177380 0.15299961 0.90997337 0.15506758 0.90277077 0.15506758 0.90277077 0.17367554 0.90097034 0.17574297 0.90097034 0.18194580
0 0.95498669 0.09510830 0.95138538 0.09510830 0.95138538 0.25637817 0.99819958 0.25637817 0.99819958 0.08063520 0.97479225 0.08063520 0.97479225 0.09097290 0.97299183 0.09304033 0.97299183 0.09510830 0.97119141 0.09717573 0.95678711 0.09717573 0.95498669 0.09510830
0 0.75692738 0.12612139 0.75692738 0.11164882 0.75512695 0.10958086 0.75512695 0.08477007 0.75332653 0.08270264 0.74432350 0.08270264 0.74432350 0.25844561 0.84155273 0.25844561 0.84335316 0.25637817 0.84335316 0.23156738 0.84515358 0.22949995 0.84875488 0.22949995 0.85055530 0.22743252 0.85415661 0.22743252 0.85415661 0.21709429 0.85235619 0.21502686 0.85235619 0.19848633 0.85415661 0.19641889 0.86315918 0.19641889 0.86315918 0.18608067 0.86495960 0.18401323 0.86495960 0.16540527 0.86676048 0.16333784 0.87036133 0.16333784 0.87216175 0.16127041 0.87576305 0.16127041 0.87576305 0.12818935 0.87756348 0.12612139 0.88476562 0.12612139 0.88476562 0.07649981 0.76773083 0.07649981 0.76773083 0.11371626 0.76593041 0.11578369 0.76593041 0.12612139 0.76412952 0.12818935 0.75872780 0.12818935 0.75692738 0.12612139
0 0.68850720 0.25844561 0.68850720 0.17574297 0.69030762 0.17367554 0.69750977 0.17367554 0.69931019 0.17160810 0.70111061 0.17160810 0.70291149 0.17367554 0.70291149 0.25224278 0.71371448 0.25224278 0.71371448 0.07443237 0.62368786 0.07443237 0.62368786 0.13852705 0.62548828 0.14059448 0.62548828 0.25637817 0.66870117 0.25637817 0.67050159 0.25844561 0.68850720 0.25844561
0 0.53906250 0.19435146 0.54626465 0.19435146 0.54806516 0.19641889 0.54806516 0.19848633 0.54986572 0.20055376 0.54986572 0.20675659 0.55706787 0.20675659 0.56066895 0.21089199 0.56066895 0.21295942 0.56787109 0.21295942 0.56967161 0.21502686 0.56967161 0.22329712 0.57147217 0.22536455 0.57147217 0.22743252 0.57867432 0.22743252 0.58047488 0.22949995 0.58047488 0.23363482 0.58227539 0.23570225 0.58227539 0.24190508 0.61288441 0.24190508 0.61288441 0.15506758 0.61108398 0.15299961 0.61108398 0.07649981 0.56787109 0.07649981 0.56607058 0.07443237 0.53906250 0.07443237 0.53906250 0.19435146
0 0.95318627 0.00000000 0.95318627 0.04341886 0.99819958 0.04341886 0.99819958 0.00000000 0.95318627 0.00000000
0 0.77493298 0.00000000 0.77493298 0.04341886 0.87396217 0.04341886 0.87576305 0.04548645 0.90637207 0.04548645 0.90817249 0.04341886 0.90817249 0.02274325 0.90997337 0.02067566 0.91357422 0.02067566 0.91357422 0.00000000 0.77493298 0.00000000
0 0.65609730 0.00000000 0.65609730 0.03101352 0.70831322 0.03101352 0.70831322 0.00000000 0.65609730 0.00000000
0 0.57507324 0.00000000 0.57507324 0.00413513 0.57687376 0.00620272 0.57687376 0.01033780 0.58587623 0.01033780 0.58767712 0.01240539 0.58767712 0.03308105 0.62188744 0.03308105 0.62368786 0.03514859 0.65249645 0.03514859 0.65249645 0.00000000 0.57507324 0.00000000
0 0.53906250 0.00000000 0.53906250 0.02274325 0.54266357 0.02274325 0.54266357 0.00827026 0.54446413 0.00620272 0.55346680 0.00620272 0.55346680 0.00413513 0.55166628 0.00206757 0.55166628 0.00000000 0.53906250 0.00000000
0 0.33673954 0.62779973 0.28525032 0.64530606 0.29005598 0.68134852 0.34017216 0.66693154 0.33673954 0.62779973
0 0.38616920 0.59175727 0.36694656 0.66796132 0.39578052 0.68237831 0.41157055 0.60308490 0.38616920 0.59175727
0 0.41088403 0.71121227 0.39234791 0.78535676 0.41774926 0.80595245 0.43834495 0.72871861 0.41088403 0.71121227
0 0.44246409 0.83169706 0.41980883 0.90069263 0.44726975 0.92540746 0.46855196 0.85126297 0.44246409 0.83169706
0 0.49520651 1.00000000 0.50150507 0.96968819 0.47404415 0.95527121 0.46270446 1.00000000 0.49520651 1.00000000
0 0.26808724 0.98616475 0.32850127 0.95321164 0.31339776 0.89142457 0.25367026 0.92540746 0.26808724 0.98616475
0 0.30447296 0.85950125 0.29760773 0.79977375 0.23376109 0.82757793 0.24886460 0.89039478 0.30447296 0.85950125
0 0.22552281 0.79565461 0.28730989 0.76579085 0.27151986 0.70400378 0.21041931 0.73386754 0.22552281 0.79565461
0 0.82177131 0.57793669 0.82023438 0.58578125 0.80794319 0.58264372 0.80179687 0.61088591 0.82177131 0.61716097 0.83252556 0.58107422 0.82177131 0.57793669
0 0.84789063 0.62029997 0.86632813 0.62500700 0.87861931 0.58107422 0.86018181 0.57636719 0.84789063 0.62029997
