0 0.34489488 0.19025733 0.33055383 0.19158317 0.32798686 0.21259496 0.30500543 0.20658041 0.30126084 0.22184306 0.30040716 0.23074060 0.28737008 0.22454100 0.28681595 0.22701658 0.26707766 0.28409747 0.28767914 0.28685077 0.27916183 0.30493554 0.29292944 0.31145897 0.29618765 0.32300038 0.31440608 0.32420096 0.31854061 0.30372138 0.32723036 0.28925675 0.33031460 0.25564820 0.33910705 0.24119020 0.34489488 0.19025733
0 0.25308569 0.30115914 0.25334151 0.29246211 0.23816257 0.28934726 0.23923535 0.27518354 0.22931809 0.27383162 0.21950812 0.27106337 0.22062900 0.28679202 0.20703774 0.28306795 0.20755258 0.29662254 0.19155300 0.29416634 0.18899988 0.30752282 0.17321490 0.30223388 0.17406760 0.32150340 0.18427664 0.32326980 0.22508063 0.32977829 0.24444504 0.33466165 0.28476115 0.34572926 0.28214760 0.32578853 0.26714185 0.32395396 0.26898159 0.30983975 0.25292842 0.30809171 0.25308569 0.30115914
0 0.51953125 0.35978748 0.59750091 0.36523034 0.63680513 0.31547603 0.63691166 0.31407331 0.56758503 0.26225993 0.51953125 0.32200533 0.51953125 0.35978748
0 0.70748904 0.20311799 0.69991827 0.30268046 0.69991790 0.30511384 0.74807018 0.31338485 0.78903072 0.31624420 0.79572712 0.22064456 0.70748904 0.20311799
0 0.86850863 0.27746675 0.83491057 0.27512136 0.83112528 0.27503367 0.82780590 0.29987071 0.82663044 0.31665191 0.85728150 0.31959846 0.86430877 0.31976221 0.86849931 0.27759983 0.86850863 0.27746675
0 0.27682516 0.78686489 0.30328491 0.78668047 0.30580486 0.77972541 0.31219657 0.70274483 0.28811522 0.69800187 0.26982416 0.69773960 0.26758733 0.70063932 0.25948990 0.84575954 0.27279056 0.84465349 0.27682516 0.78686489
0 1.00000000 0.87949835 0.97737917 0.88088260 0.97608895 0.93238930 1.00000000 0.92833539 1.00000000 0.87949835
0 0.99151971 0.97932923 0.99376961 0.96184083 0.98427902 0.96171936 0.98653622 0.94981523 0.97505863 0.94789139 0.97742310 0.93592832 0.96685756 0.93488155 0.95829373 0.97562291 0.99151971 0.97932923
0 0.92352324 0.97305451 0.93520464 0.93355752 0.80129378 0.91985561 0.79738279 0.93339239 0.78643083 0.93269427 0.78406654 0.94249087 0.77139584 0.94296437 0.77034355 0.95505581 0.92352324 0.97305451
0 0.78530924 0.91925592 0.78637443 0.86369614 0.75205676 0.85776256 0.75032260 0.91298747 0.78530924 0.91925592
0 0.51953125 0.88504384 0.54180994 0.88760771 0.55147471 0.84936909 0.51953125 0.84593965 0.51953125 0.88504384
0 0.51953125 0.74782325 0.57008281 0.75439102 0.57267883 0.72960188 0.54593591 0.66919413 0.51953125 0.66669130 0.51953125 0.74782325
0 0.56554286 0.47964884 0.53908125 0.53736121 0.54175023 0.62975011 0.58180417 0.72161407 0.59651506 0.72039531 0.59611974 0.47964884 0.56554286 0.47964884
