0 0.13717383 0.00000000 0.16569418 0.17159619 0.17317606 0.18445208 0.26840386 0.17472737 0.27836907 0.15972924 0.25875679 0.00000000 0.13717383 0.00000000
0 0.63257620 0.07101847 0.57674547 0.07787362 0.57903053 0.09648386 0.63486125 0.08962871 0.63257620 0.07101847
0 0.55859375 0.36192759 0.72913982 0.34462175 0.72710874 0.32807996 0.71883688 0.32909562 0.71731351 0.31668879 0.71085613 0.31538203 0.70907902 0.30090869 0.70080716 0.30192435 0.69902982 0.28744907 0.55859375 0.30063433 0.55859375 0.36192759
0 0.24910440 0.58949670 0.44329085 0.61562569 0.44440943 0.57595146 0.24965465 0.54782213 0.24910440 0.58949670
0 0.23919824 0.63449641 0.43334835 0.66140321 0.43924663 0.62350739 0.24431855 0.59963993 0.23919824 0.63449641
0 0.23244639 0.68909536 0.43575578 0.71952154 0.44060196 0.68672751 0.23610174 0.65181143 0.23244639 0.68909536
0 0.22616143 0.72334512 0.43295428 0.75063392 0.43571541 0.73502679 0.22788493 0.70398294 0.22616143 0.72334512
0 0.32116091 0.48594925 0.41971670 0.49826449 0.42295106 0.46473170 0.31552056 0.45304174 0.32116091 0.48594925
0 0.32987151 0.42968750 0.32984710 0.43194320 0.42779126 0.44233819 0.42939535 0.42968750 0.32987151 0.42968750
0 0.43695361 0.42968750 0.43444649 0.44323695 0.54303481 0.46010960 0.54542920 0.43260497 0.53145077 0.42968750 0.43695361 0.42968750
0 0.43281563 0.50563125 0.53092135 0.51870425 0.53974801 0.48247767 0.43365009 0.46893178 0.43281563 0.50563125
0 0.76959924 0.77596557 0.90172278 0.74085203 0.90019941 0.72844520 0.87795998 0.73537316 0.87643661 0.72296634 0.79499536 0.74346227 0.79651872 0.75586910 0.76807588 0.76355874 0.76959924 0.77596557
0 0.82044850 0.42968750 0.75121548 0.43818825 0.62736381 0.47228613 0.62914115 0.48676141 0.63922556 0.48342356 0.64049495 0.49376194 0.86000942 0.43532427 0.85931731 0.42968750 0.82044850 0.42968750
