0 0.31366966 0.00000000 0.29721334 0.10923440 0.40966397 0.12306599 0.43195775 0.00000000 0.31366966 0.00000000
0 0.72909123 0.00000000 0.74175955 0.01714947 0.76618066 0.07186194 0.78320641 0.09433375 0.80200220 0.10093257 0.83170168 0.08608274 0.86447428 0.10550168 0.89891821 0.09051698 0.90505370 0.07165607 0.86563012 0.01877979 0.85518277 0.00000000 0.72909123 0.00000000
0 0.11167736 0.70730709 0.14454680 0.68800877 0.15053860 0.69717010 0.21500415 0.67503300 0.19685238 0.63400546 0.20252447 0.63064300 0.16894399 0.52921242 0.15570360 0.53463094 0.15130485 0.52153388 0.05629602 0.56121641 0.11167736 0.70730709
0 0.08112854 0.85068021 0.04046481 0.83664606 0.02184447 0.90994219 0.06336811 0.91785777 0.08112854 0.85068021
0 0.69909101 0.69434155 0.69906317 0.67827436 0.67615591 0.68316450 0.67787204 0.69954559 0.69909101 0.69434155
0 0.80115093 0.70656469 0.80112309 0.69049750 0.77700110 0.69056986 0.77702894 0.70663704 0.80115093 0.70656469
0 0.70648731 0.78750337 0.70645925 0.77143829 0.68355062 0.77632602 0.68526812 0.79270952 0.70648731 0.78750337
0 0.80849133 0.76759425 0.80846507 0.75152736 0.78434128 0.75160153 0.78436934 0.76766661 0.80849133 0.76759425
0 0.70474333 0.75505508 0.70471549 0.73898790 0.68180665 0.74387774 0.68352414 0.76026124 0.70474333 0.75505508
0 0.70606671 0.82413678 0.79239543 0.80588132 0.79236759 0.78981414 0.70603886 0.80806960 0.70606671 0.82413678
0 0.74089938 0.73887846 0.73012535 0.64508429 0.71083328 0.64835604 0.72353263 0.74021761 0.74089938 0.73887846
0 0.80482204 0.73707856 0.80479397 0.72101349 0.78067198 0.72108585 0.78069824 0.73715273 0.80482204 0.73707856
0 0.74725463 0.64599587 0.73495549 0.64828157 0.74330121 0.73244471 0.75559877 0.73015871 0.74725463 0.64599587
0 0.72121454 0.79485080 0.77209804 0.78601949 0.77230745 0.76770369 0.72118670 0.77878362 0.72121454 0.79485080
0 0.69115611 0.85117415 0.81100317 0.82542683 0.81097533 0.80935964 0.69136731 0.83285653 0.69115611 0.85117415
0 0.70276211 0.72485542 0.70273405 0.70879035 0.67982542 0.71367807 0.68154292 0.73006157 0.70276211 0.72485542
0 0.79916971 0.67636502 0.79914187 0.66029784 0.77501966 0.66037231 0.77504772 0.67643738 0.79916971 0.67636502
0 0.79381076 0.64553302 0.79378270 0.62946794 0.76966071 0.62954030 0.76968696 0.64560719 0.79381076 0.64553302
