0 0.45347340 0.32968750 0.43839266 0.27669536 0.43175790 0.27257042 0.38188960 0.29418649 0.38616977 0.32518139 0.38764556 0.32968750 0.45347340 0.32968750
0 0.76885773 0.14251014 0.76332249 0.13951315 0.70315372 0.17490207 0.70699338 0.17799478 0.76885773 0.14251014
0 0.70196613 0.16614317 0.74790435 0.13928108 0.73852945 0.13319139 0.69428999 0.15995758 0.70196613 0.16614317
0 0.66128931 0.21918503 0.61859710 0.24476141 0.62797042 0.25085120 0.67081111 0.22636993 0.66128931 0.21918503
0 0.79786989 0.16734806 0.79034064 0.16225768 0.75399023 0.18416657 0.76151788 0.18925705 0.79786989 0.16734806
0 1.00000000 0.20406818 0.98358781 0.21312471 0.99111560 0.21821621 1.00000000 0.21340717 1.00000000 0.20406818
0 0.95512643 0.23017631 0.93130953 0.24365522 0.93883718 0.24874570 0.96265408 0.23526679 0.95512643 0.23017631
0 0.31208784 0.32968750 0.30077004 0.45879224 0.31529024 0.45799557 0.31624752 0.45791182 0.32956191 0.32968750 0.31208784 0.32968750
0 0.20789116 0.39342280 0.36440530 0.42389765 0.40978976 0.41992703 0.40956819 0.41739452 0.21031094 0.37798283 0.20789116 0.39342280
0 0.45571689 0.37834410 0.45558246 0.37368810 0.32357933 0.34520957 0.26106889 0.63830114 0.26735241 0.71012210 0.34552088 0.72983272 0.38546829 0.72633777 0.45571689 0.37834410
0 0.17147899 0.64514326 0.30709877 0.67516088 0.34089000 0.67220453 0.34034596 0.66598610 0.17503421 0.62968395 0.17147899 0.64514326
0 0.42975820 0.70195047 0.16579803 0.68239734 0.16171044 0.70145267 0.43100303 0.71617894 0.42975820 0.70195047
0 0.29880336 0.63310509 0.26009660 0.84232004 0.26459697 0.89375949 0.26530832 0.89369725 0.31588063 0.64002272 0.29880336 0.63310509
0 0.26815151 0.94991338 0.27501903 0.94931255 0.27603542 0.94915147 0.30956508 0.67965051 0.29210209 0.68117832 0.25587196 0.94837149 0.26815151 0.94991338
0 0.70663214 0.71180975 0.70389586 0.69642275 0.68243434 0.70785841 0.68686607 0.72304871 0.70663214 0.71180975
0 0.80798548 0.69344782 0.80524920 0.67806081 0.78179354 0.68523814 0.78452982 0.70062514 0.80798548 0.69344782
0 0.72953651 0.79889581 0.72680036 0.78351090 0.70533712 0.79494466 0.70977057 0.81013686 0.72953651 0.79889581
0 0.82541742 0.74976196 0.82268273 0.73437477 0.79922562 0.74155437 0.80196176 0.75693929 0.82541742 0.74976196
0 0.72236850 0.76831851 0.71963222 0.75293151 0.69816911 0.76436735 0.70260257 0.77955956 0.72236850 0.76831851
0 0.73530430 0.83412105 0.81621384 0.79119071 0.81347756 0.77580371 0.73256802 0.81873405 0.73530430 0.83412105
0 0.75481643 0.74216438 0.72851931 0.65546773 0.71030207 0.66428741 0.73814643 0.74856496 0.75481643 0.74216438
0 0.81670217 0.72160375 0.81396603 0.70621883 0.79051037 0.71339616 0.79324506 0.72878335 0.81670217 0.72160375
0 0.74533780 0.65129372 0.73375759 0.65710800 0.75606830 0.73529196 0.76764692 0.72947786 0.74533780 0.65129372
0 0.74510327 0.80159630 0.79311783 0.77814057 0.79023320 0.76052909 0.74236699 0.78620930 0.74510327 0.80159630
0 0.72535700 0.86442132 0.83761268 0.80443565 0.83487639 0.78904865 0.72247382 0.84680757 0.72535700 0.86442132
0 0.71534884 0.73996569 0.71261270 0.72458077 0.69114945 0.73601453 0.69558291 0.75120673 0.71534884 0.73996569
0 0.80096582 0.66509499 0.79822954 0.64970799 0.77477402 0.65688740 0.77751016 0.67227232 0.80096582 0.66509499
0 0.79055340 0.63713159 0.78781726 0.62174667 0.76436160 0.62892400 0.76709629 0.64431119 0.79055340 0.63713159
