0 0.00000000 0.00000000 0.00000000 0.07099818 0.13010133 0.07479987 0.18215294 0.07261865 0.18592048 0.06777042 0.18841565 0.01919883 0.18396647 0.00062384 0.18323948 0.00000000 0.00000000 0.00000000
0 0.55158846 0.26454500 0.56743423 0.26888933 0.61127549 0.26860783 0.62000080 0.27264118 0.62547601 0.27867696 0.67366720 0.27803608 0.67617274 0.27494574 0.66435439 0.18604185 0.66590410 0.17711919 0.54269008 0.17793125 0.55158846 0.26454500
0 0.75342056 0.26067667 0.75656226 0.25173521 0.74970065 0.24588003 0.74682907 0.23849366 0.75172972 0.22678062 0.78881012 0.22475246 0.79521302 0.22159746 0.79554897 0.18152392 0.79925101 0.17715257 0.80581118 0.17695510 0.80580465 0.17398247 0.68055594 0.17477700 0.68779609 0.25254755 0.69999942 0.32363819 0.70940300 0.32672943 0.82115459 0.32558915 0.81571236 0.27032922 0.80198620 0.26739559 0.77379192 0.27050919 0.75566265 0.26487959 0.75342056 0.26067667
0 0.07784754 1.00000000 0.07623000 0.93451931 0.07445727 0.93218240 0.00593621 0.93556500 0.00752792 1.00000000 0.07784754 1.00000000
0 0.07485415 0.87882252 0.07383719 0.83765452 0.03272465 0.83968407 0.03463889 0.91717590 0.04149100 0.91683764 0.04326388 0.91917516 0.07752419 0.91748387 0.07662688 0.88115943 0.07485415 0.87882252
0 0.16188809 1.00000000 0.16100568 0.96427862 0.15923295 0.96194172 0.15911330 0.95709817 0.16076640 0.95459214 0.16933186 0.95416930 0.16580246 0.81129359 0.15209825 0.81197011 0.15032552 0.80963320 0.08694321 0.81276212 0.08819943 0.86361598 0.08654635 0.86612262 0.08985346 1.00000000 0.16188809 1.00000000
0 0.08303882 0.79355828 0.07276044 0.79406568 0.07098770 0.79172877 0.07086805 0.78688523 0.04688547 0.78806914 0.04724439 0.80259917 0.04559138 0.80510519 0.04216537 0.80527432 0.04240465 0.81496080 0.08351738 0.81293124 0.08303882 0.79355828
0 0.21557138 0.37968750 0.15178802 0.38283621 0.15376208 0.46274950 0.18117051 0.46139647 0.18294368 0.46373335 0.19493453 0.46314141 0.19451580 0.44619054 0.19616933 0.44368387 0.24070780 0.44148520 0.24248055 0.44382273 0.24590682 0.44365359 0.24566753 0.43396698 0.24732063 0.43146077 0.24604170 0.37968750 0.21557138 0.37968750
0 0.02841216 0.45681479 0.02853181 0.46165834 0.02687862 0.46416437 0.02693844 0.46658583 0.06291197 0.46480997 0.06468471 0.46714688 0.14519706 0.46317232 0.14322300 0.38325903 0.04044141 0.38833292 0.04056105 0.39317616 0.03890795 0.39568237 0.03376876 0.39593607 0.03520445 0.45405506 0.03355126 0.45656109 0.02841216 0.45681479
0 1.00000000 0.71384890 0.87837267 0.57598762 0.78711161 0.70198321 0.78720563 0.70521405 0.90323941 0.83311066 0.92424205 0.80146650 0.95744592 0.83728526 0.97321235 0.83662457 1.00000000 0.79770651 1.00000000 0.71384890
0 0.59326491 0.40951072 0.59337582 0.46324194 0.61002843 0.46254411 0.65619155 0.45639615 0.65472354 0.40595033 0.60713016 0.40794473 0.59326491 0.40951072
0 0.80553764 1.00000000 0.85010910 0.94162683 0.84998582 0.93739035 0.81671657 0.89149006 0.82168795 0.88229814 0.72276461 0.77718164 0.70705834 0.78434221 0.64099161 0.86684055 0.77382715 1.00000000 0.80553764 1.00000000
