0 0.13873361 0.41938030 0.30280520 0.41378099 0.29807765 0.31817475 0.13985117 0.32336534 0.13359734 0.31792896 0.13087248 0.27896162 0.03331787 0.28382541 0.03477558 0.33267083 0.09725958 0.33025942 0.10428990 0.37479938 0.13782088 0.37832835 0.13873361 0.41938030
0 0.70338534 0.55859375 0.80591065 0.55132279 0.80531033 0.54261603 0.76023925 0.54581240 0.76038932 0.54798896 0.75839328 0.55031771 0.73478441 0.55199202 0.73248823 0.54996767 0.73233816 0.54779111 0.70229041 0.54992206 0.70029437 0.55225081 0.63805330 0.55666487 0.63640000 0.55859375 0.70338534 0.55859375
0 0.53782478 0.54189931 0.52494757 0.54281254 0.52265083 0.54078823 0.52250076 0.53861168 0.52449735 0.53628289 0.53737457 0.53536965 0.53527343 0.50489569 0.53297724 0.50287134 0.52224614 0.50363238 0.52024955 0.50596117 0.46444737 0.50991858 0.46729890 0.55127586 0.53812496 0.54625297 0.54012100 0.54392422 0.53782478 0.54189931
0 1.00000000 0.45662641 0.98064251 0.45799922 0.97864651 0.46032853 0.91425878 0.46489482 0.91226274 0.46722357 0.88865442 0.46889784 0.88880449 0.47107440 0.88680794 0.47340374 0.88251572 0.47370814 0.88431664 0.49982788 0.88661287 0.50185279 0.88736326 0.51273611 0.90024047 0.51182288 0.90253720 0.51384719 0.90313753 0.52255396 0.90543374 0.52457887 0.90343770 0.52690762 0.89485271 0.52751646 0.89530292 0.53404611 0.89330692 0.53637542 0.88901415 0.53667986 0.88961447 0.54538663 1.00000000 0.53755823 1.00000000 0.50474806 0.97321319 0.50664775 0.97381351 0.51535452 0.97610969 0.51737887 0.97411369 0.51970818 0.96338259 0.52046921 0.96108637 0.51844430 0.96078622 0.51409120 0.96278223 0.51176189 0.96492834 0.51160969 0.96477827 0.50943314 0.91541442 0.51293396 0.91311824 0.51090960 0.91511428 0.50858085 0.93013815 0.50751538 0.92998808 0.50533883 0.93398012 0.50068077 0.95544288 0.49915865 0.95773906 0.50118301 0.95803924 0.50553667 0.96233201 0.50523223 0.96432805 0.50290348 1.00000000 0.50037367 1.00000000 0.45662641
0 0.17904517 0.55859375 0.17863187 0.57835305 0.24319163 0.56936642 0.24368158 0.55859375 0.17904517 0.55859375
0 0.17805040 0.59116099 0.17629028 0.61775315 0.26474401 0.60473956 0.26529022 0.58437196 0.17805040 0.59116099
0 0.17621540 0.63627603 0.17531945 0.66162665 0.26636006 0.65016910 0.26594954 0.62680912 0.17621540 0.63627603
0 0.18356259 0.67437885 0.18481662 0.70041545 0.30677436 0.68390614 0.30680190 0.66165989 0.18356259 0.67437885
0 0.18582947 0.71592376 0.18614811 0.73948596 0.30833769 0.72477540 0.30841827 0.69897002 0.18582947 0.71592376
0 0.70338534 1.00000000 0.71791460 0.99918577 0.71776453 0.99746584 0.71561842 0.99758611 0.71332165 0.99598604 0.70902943 0.99622657 0.70673325 0.99462691 0.70244048 0.99486748 0.70014429 0.99326782 0.69585152 0.99350838 0.69355530 0.99190828 0.68067809 0.99262993 0.67668550 0.99631080 0.67683557 0.99803074 0.67469981 1.00000000 0.70338534 1.00000000
0 0.73937736 0.99798298 0.75225458 0.99726134 0.75425062 0.99542113 0.75410051 0.99370076 0.75809314 0.99002033 0.75794303 0.98829995 0.75564685 0.98670029 0.75135408 0.98694086 0.74905789 0.98534120 0.73832679 0.98594257 0.73633020 0.98778281 0.73648027 0.98950274 0.73248823 0.99318358 0.73278841 0.99662389 0.73708063 0.99638335 0.73937736 0.99798298
0 0.69325516 0.98846842 0.69754793 0.98822785 0.69984412 0.98982751 0.70413689 0.98958694 0.70643307 0.99118660 0.71072529 0.99094606 0.71302151 0.99254617 0.72375316 0.99194476 0.73373388 0.98274328 0.73143766 0.98114317 0.73113752 0.97770331 0.72469863 0.97806415 0.72240241 0.97646404 0.71596353 0.97682488 0.71366735 0.97522522 0.70722846 0.97558606 0.70493229 0.97398639 0.69634729 0.97446750 0.69035866 0.97998858 0.69050873 0.98170851 0.68651669 0.98538936 0.68881287 0.98698902 0.69095898 0.98686875 0.69325516 0.98846842
0 0.66663691 1.00000000 0.67024716 0.99667161 0.67009709 0.99495168 0.67808122 0.98759043 0.67793115 0.98587050 0.68591633 0.97850875 0.68576626 0.97678881 0.68346953 0.97518918 0.67917730 0.97542972 0.67688057 0.97383009 0.67258835 0.97407063 0.67029217 0.97247096 0.64453719 0.97391429 0.64054456 0.97759472 0.64069463 0.97931466 0.63470655 0.98483570 0.63485662 0.98655564 0.62687140 0.99391695 0.62702147 0.99563688 0.62228926 1.00000000 0.66663691 1.00000000
0 0.61446198 1.00000000 0.61444443 0.99979883 0.62242910 0.99243755 0.62227903 0.99071762 0.63026371 0.98335634 0.63011360 0.98163597 0.63610227 0.97611533 0.63595220 0.97439540 0.63794820 0.97255475 0.62936321 0.97303586 0.62706702 0.97143620 0.62062814 0.97179704 0.61833196 0.97019737 0.61189308 0.97055821 0.60730012 0.96735848 0.59871568 0.96783955 0.59472309 0.97152043 0.59487316 0.97324036 0.58888453 0.97876144 0.58903460 0.98048137 0.58304652 0.98600242 0.58319659 0.98772235 0.57920400 0.99140323 0.57935407 0.99312316 0.57336540 0.99864380 0.57348373 1.00000000 0.61446198 1.00000000
0 0.55979989 1.00000000 0.56048818 0.99936545 0.56692706 0.99900461 0.57091914 0.99532421 0.57076907 0.99360427 0.57476112 0.98992343 0.57461104 0.98820349 0.57660763 0.98636326 0.57645753 0.98464289 0.58044961 0.98096248 0.57356047 0.97616308 0.57555706 0.97432285 0.58843428 0.97360120 0.59043032 0.97176100 0.59013014 0.96832069 0.58783396 0.96672103 0.58568785 0.96684130 0.58339166 0.96524163 0.54905169 0.96716607 0.54705565 0.96900627 0.54720572 0.97072621 0.54520913 0.97256644 0.53877025 0.97292728 0.53892036 0.97464765 0.53692432 0.97648785 0.53707439 0.97820779 0.53507839 0.98004843 0.53522846 0.98176836 0.53123638 0.98544877 0.53138645 0.98716870 0.52938990 0.98900937 0.52953997 0.99072930 0.52754393 0.99256951 0.52769404 0.99428988 0.53198681 0.99404931 0.53428299 0.99564897 0.53857521 0.99540844 0.54087139 0.99700810 0.54301805 0.99688780 0.54531423 0.99848746 0.54367361 1.00000000 0.55979989 1.00000000
