0 0.29892143 0.14676392 0.31983143 0.17477042 0.36963616 0.16814943 0.37609562 0.15066429 0.35610207 0.11317551 0.26688110 0.12620528 0.27528776 0.14897513 0.29892143 0.14676392
0 0.00000000 0.46768307 0.02096488 0.46488368 0.00455295 0.38701534 0.00000000 0.38398663 0.00000000 0.46768307
0 0.19299397 0.22786748 0.18296418 0.21796704 0.18987192 0.20555007 0.21023179 0.20611606 0.20213733 0.18139280 0.13735936 0.19248130 0.18328879 0.33772658 0.21472104 0.33358873 0.22150867 0.31730156 0.23658700 0.31449213 0.24212618 0.30542796 0.21779880 0.22900489 0.19299397 0.22786748
0 0.29411024 0.18177543 0.25577590 0.18679633 0.28876936 0.29083138 0.31214532 0.28844243 0.33976238 0.29990902 0.36779820 0.30016366 0.38291951 0.32541210 0.40327944 0.32377030 0.37598511 0.23454383 0.34890118 0.20244008 0.32958524 0.19283714 0.31030677 0.19499849 0.29411024 0.18177543
0 0.25102228 0.34724189 0.23579826 0.34959436 0.23567631 0.35426414 0.24482019 0.37789090 0.36693989 0.36009839 0.35989703 0.33666153 0.32247619 0.33336971 0.30582830 0.31873098 0.25656804 0.32705964 0.25102228 0.34724189
0 0.00000000 0.10874400 0.07565615 0.09782841 0.07058465 0.06939674 0.00000000 0.07983298 0.00000000 0.10874400
0 0.21646480 0.11360159 0.22578954 0.10407351 0.20299945 0.03142613 0.17129867 0.03456839 0.19705037 0.11613301 0.21646480 0.11360159
0 0.15397694 0.10549367 0.15099485 0.11067873 0.18455473 0.21392381 0.18864328 0.20169654 0.20246876 0.20748299 0.21672431 0.20120253 0.18452742 0.10111001 0.15397694 0.10549367
0 0.64212512 0.04924253 0.64951845 0.06476836 0.71406238 0.05866284 0.70673283 0.04184431 0.64212512 0.04924253
0 0.63209940 0.07848962 0.63789086 0.09149092 0.72650410 0.08357660 0.71793365 0.06679473 0.63209940 0.07848962
0 0.64243401 0.10590955 0.64807694 0.12101189 0.73878111 0.11162033 0.73136445 0.09547801 0.64243401 0.10590955
0 0.61207062 0.13584946 0.61784783 0.15015473 0.73965493 0.13832054 0.73413305 0.12134111 0.61207062 0.13584946
0 0.62015751 0.16014752 0.62690588 0.17673250 0.74847145 0.16369856 0.74268770 0.14848304 0.62015751 0.16014752
0 0.00000000 0.74785395 0.05255312 0.74353336 0.13962142 0.72853306 0.13873556 0.70070396 0.11071622 0.61282351 0.00000000 0.62587165 0.00000000 0.74785395
0 0.92650441 0.96635708 0.92344614 0.95075511 0.91085650 0.95365690 0.91391477 0.96925887 0.92650441 0.96635708
0 0.90328022 0.95336493 0.90109947 0.95182882 0.90071721 0.94987870 0.89532158 0.95112234 0.89314094 0.94958673 0.86796164 0.95539031 0.86578090 0.95385420 0.86539864 0.95190408 0.84561497 0.95646402 0.85096700 0.98376771 0.90851914 0.97050251 0.90660765 0.96075090 0.90802424 0.95838617 0.90687746 0.95253580 0.90328022 0.95336493
0 0.78054187 1.00000000 0.84737022 0.98459673 0.84660560 0.98069599 0.84120997 0.98193962 0.83902932 0.98040402 0.83723094 0.98081853 0.83504982 0.97928302 0.83352069 0.97148204 0.83493728 0.96911730 0.84392969 0.96704464 0.84201820 0.95729304 0.82942855 0.96019483 0.82724790 0.95865922 0.82365066 0.95948835 0.82147001 0.95795274 0.82108775 0.95600262 0.79770731 0.96139158 0.79808957 0.96334170 0.79667298 0.96570644 0.79307620 0.96653546 0.79384072 0.97043570 0.79242469 0.97280083 0.78523067 0.97445898 0.78561293 0.97640910 0.78419634 0.97877384 0.78059956 0.97960286 0.78098192 0.98155348 0.77956579 0.98391811 0.77596855 0.98474724 0.77635081 0.98669736 0.77493468 0.98906199 0.76774066 0.99072014 0.76955968 1.00000000 0.78054187 1.00000000
