0 0.00000000 0.23370319 0.29256667 0.24429873 0.31608332 0.24408977 0.32052503 0.23907578 0.31636916 0.18536626 0.20544847 0.17889011 0.19828190 0.20988233 0.08527660 0.20461426 0.07802810 0.19905530 0.07490786 0.17280459 0.00000000 0.16931254 0.00000000 0.23370319
0 1.00000000 0.00000000 0.92083273 0.00000000 0.90682734 0.08734396 0.91770009 0.09568240 0.95471906 0.09740815 0.96469242 0.07698888 1.00000000 0.07457062 1.00000000 0.00000000
0 0.43620998 0.70880449 0.36444015 0.70076012 0.35721820 0.86630556 0.43248921 0.87474236 0.43481494 0.82143099 0.43318696 0.81842913 0.43783840 0.71180640 0.43620998 0.70880449
0 0.10536819 0.67172189 0.09728942 0.85690775 0.09541661 0.85951795 0.09407014 0.89038250 0.16233921 0.89803448 0.17188689 0.67917768 0.10536819 0.67172189
0 0.00000000 0.87701848 0.00491775 0.87756969 0.00871231 0.79058882 0.00708428 0.78758623 0.01234774 0.66693442 0.01071967 0.66393255 0.01084207 0.66112687 0.00000000 0.65991163 0.00000000 0.87701848
0 0.31029737 0.69187210 0.28754116 0.68932146 0.28142088 0.82961369 0.35144033 0.83746186 0.35331354 0.83485243 0.35918903 0.70017155 0.31192579 0.69487402 0.31029737 0.69187210
0 0.23862619 0.92350222 0.24890829 0.68781066 0.21915013 0.68447520 0.21752171 0.68147329 0.18426236 0.67774540 0.17679560 0.84890218 0.17842403 0.85190410 0.17573108 0.91363319 0.21949313 0.91853829 0.22112110 0.92154015 0.23862619 0.92350222
0 0.08018868 0.88600648 0.08141272 0.85794832 0.08328553 0.85533812 0.09148670 0.66734658 0.02496836 0.65989083 0.02288746 0.70759014 0.02451553 0.71059201 0.02035371 0.80599133 0.02198178 0.80899321 0.01892164 0.87913932 0.08018868 0.88600648
0 0.44921875 0.57492313 0.42108007 0.57176919 0.41945165 0.56876728 0.38444193 0.56484320 0.37966809 0.67427160 0.41992938 0.67878431 0.42155736 0.68178617 0.44606439 0.68453306 0.44921875 0.61222715 0.44921875 0.57492313
0 0.36641099 0.53462611 0.30864461 0.52815133 0.30252429 0.66844428 0.37254374 0.67629245 0.37441696 0.67368302 0.38029245 0.53900213 0.36803893 0.53762869 0.36641099 0.53462611
0 0.00000000 0.63735506 0.01532224 0.63907246 0.01715834 0.59698451 0.01553028 0.59398263 0.02214021 0.44246627 0.02051214 0.43946440 0.02063454 0.43665872 0.00838112 0.43528529 0.00000000 0.62740158 0.00000000 0.63735506
0 0.09903918 0.45390565 0.09952880 0.44268224 0.08902611 0.44150504 0.08739768 0.43850313 0.04188517 0.43340183 0.04025709 0.43039924 0.03850659 0.43020303 0.03569124 0.49473780 0.03381838 0.49734727 0.02769807 0.63764022 0.09246595 0.64489977 0.10066715 0.45690751 0.09903918 0.45390565
0 0.27614494 0.66830693 0.27724658 0.64305444 0.27911936 0.64044496 0.28389320 0.53101656 0.28576597 0.52840708 0.28833652 0.46948365 0.26032874 0.46634438 0.25870076 0.46334252 0.25919038 0.45211911 0.20492520 0.44603676 0.20305243 0.44864624 0.19429966 0.44766518 0.18524160 0.65529858 0.19224400 0.65608345 0.19387197 0.65908531 0.27614494 0.66830693
0 0.14528649 0.44217152 0.14365807 0.43916960 0.11740111 0.43622658 0.10822066 0.64666564 0.17298854 0.65392519 0.17763998 0.54730246 0.17601155 0.54430055 0.18029577 0.44609555 0.14528649 0.44217152
0 0.67974122 0.81350525 0.72488747 0.81622262 0.73047821 0.81250435 0.73278190 0.74927458 0.72993772 0.74196565 0.68593963 0.73794346 0.68452123 0.70397893 0.61491823 0.69479644 0.60882478 0.72807425 0.56467660 0.72685792 0.56127723 0.77025052 0.56406893 0.79870145 0.67974122 0.81350525
