0 0.24977733 0.00000000 0.20014226 0.02261543 0.17570056 0.04229747 0.15334661 0.04705045 0.14259247 0.06054070 0.11796043 0.06968743 0.07548624 0.10487440 0.03192796 0.11724065 0.00000000 0.14407545 0.00000000 0.20144075 0.08758648 0.24565920 0.12894505 0.25800519 0.15919616 0.25277714 0.19117858 0.23173322 0.20981094 0.22778251 0.23036017 0.20847761 0.24888841 0.20426786 0.26581876 0.18602077 0.28812525 0.18114973 0.30880247 0.16216326 0.33106409 0.15718055 0.34803096 0.13902434 0.36661507 0.13495361 0.38349574 0.11658290 0.40571863 0.11150384 0.42269137 0.09336223 0.43945312 0.08977187 0.43945312 0.01748547 0.40618317 0.00000000 0.24977733 0.00000000
0 0.70868394 0.40885417 0.69829413 0.38057207 0.69406435 0.38139873 0.69138278 0.38026949 0.68715245 0.38109625 0.68560424 0.38305215 0.68673761 0.38613729 0.68518955 0.38809358 0.68095923 0.38892035 0.67941102 0.39087625 0.67729613 0.39128958 0.67842964 0.39437511 0.67688143 0.39633101 0.66630589 0.39839787 0.66800595 0.40302558 0.66645788 0.40498187 0.65799778 0.40663529 0.65644957 0.40859119 0.65654618 0.40885417 0.70868394 0.40885417
0 0.72278484 0.40885417 0.72443384 0.40853189 0.72753065 0.40461959 0.72964554 0.40420626 0.73274250 0.40029436 0.73485739 0.39988103 0.73795381 0.39596923 0.74006870 0.39555590 0.74316551 0.39164361 0.74528040 0.39123027 0.74837721 0.38731798 0.75049210 0.38690465 0.75358852 0.38299285 0.75570395 0.38257942 0.75880036 0.37866762 0.76091579 0.37825418 0.76401206 0.37434199 0.76612696 0.37392866 0.76922377 0.37001636 0.77133866 0.36960303 0.77443562 0.36569113 0.77655051 0.36527780 0.77964692 0.36136600 0.78176181 0.36095267 0.78485862 0.35704037 0.78697351 0.35662705 0.78852226 0.35467104 0.79063715 0.35425771 0.79373342 0.35034552 0.79584831 0.34993219 0.79894527 0.34602029 0.80106016 0.34560696 0.80415697 0.34169466 0.80627187 0.34128133 0.80204208 0.34210799 0.79935997 0.34097886 0.79312602 0.32400942 0.79467477 0.32205341 0.83274496 0.31461305 0.83047809 0.30844238 0.83202629 0.30648649 0.83032610 0.30185839 0.83187431 0.29990249 0.85937005 0.29452877 0.85483630 0.28218744 0.83791609 0.28549429 0.83523451 0.28436505 0.82677387 0.28601858 0.82409215 0.28488895 0.82182527 0.27871828 0.80701995 0.28161180 0.80872015 0.28623990 0.80717194 0.28819580 0.79659694 0.29026255 0.79829714 0.29489065 0.79674893 0.29684655 0.78617394 0.29891331 0.78957432 0.30816951 0.78802558 0.31012551 0.77533569 0.31260560 0.77378748 0.31456150 0.77435417 0.31610407 0.77280556 0.31806046 0.76011568 0.32054055 0.75856747 0.32249645 0.75913415 0.32403902 0.76181587 0.32516865 0.76238255 0.32671122 0.76083435 0.32866712 0.75025881 0.33073398 0.75195900 0.33536208 0.75041079 0.33731798 0.73560548 0.34021150 0.73250921 0.34412369 0.73039432 0.34453702 0.72884557 0.34649302 0.72673068 0.34690636 0.72363372 0.35081826 0.72151883 0.35123159 0.71997062 0.35318749 0.71785573 0.35360082 0.71475892 0.35751311 0.71264403 0.35792644 0.71109582 0.35988234 0.70898039 0.36029578 0.70588412 0.36420797 0.70376923 0.36462130 0.70222102 0.36657720 0.70010559 0.36699063 0.71548472 0.40885417 0.72278484 0.40885417
0 0.62965096 0.23691200 0.62810221 0.23886801 0.62387243 0.23969467 0.62232437 0.24165096 0.62020947 0.24206429 0.61866073 0.24402029 0.61443095 0.24484695 0.61288220 0.24680296 0.61076730 0.24721629 0.60921924 0.24917258 0.60498946 0.24999924 0.60344071 0.25195524 0.60132582 0.25236858 0.59977761 0.25432447 0.59554729 0.25515124 0.59399908 0.25710714 0.59188419 0.25752047 0.59033598 0.25947637 0.58610566 0.26030313 0.58455760 0.26225943 0.58244217 0.26267286 0.58089396 0.26462876 0.57666418 0.26545542 0.57511597 0.26741132 0.57300054 0.26782475 0.57145247 0.26978105 0.56722215 0.27060781 0.56567395 0.27256371 0.56355905 0.27297704 0.56469242 0.27606218 0.57005571 0.27832105 0.57628967 0.29529049 0.66300614 0.27834279 0.66568772 0.27947203 0.67022147 0.29181337 0.66867327 0.29376927 0.64329295 0.29872955 0.64061138 0.29760031 0.63664431 0.28680154 0.58165336 0.29754886 0.58675379 0.31143276 0.58886869 0.31101944 0.59155080 0.31214857 0.59835158 0.33066097 0.60103315 0.33179021 0.60159984 0.33333278 0.60428141 0.33446201 0.60768180 0.34371821 0.61036338 0.34484745 0.61433045 0.35564622 0.61701202 0.35677546 0.62041241 0.36603166 0.62309453 0.36716079 0.62649477 0.37641660 0.62917649 0.37754623 0.63314342 0.38834461 0.63582514 0.38947424 0.63922538 0.39873005 0.64768549 0.39707662 0.64923370 0.39512072 0.65346402 0.39429396 0.65501208 0.39233766 0.65712751 0.39192423 0.66022393 0.38801243 0.66233882 0.38759910 0.66543578 0.38368720 0.66755067 0.38327387 0.67064748 0.37936157 0.67276237 0.37894824 0.67585864 0.37503605 0.67797353 0.37462272 0.68107049 0.37071082 0.68318538 0.37029749 0.68628233 0.36638558 0.68839722 0.36597225 0.68994529 0.36401596 0.69206018 0.36360263 0.69360893 0.36164663 0.68680829 0.34313462 0.68835650 0.34117872 0.69103808 0.34230796 0.69670520 0.35773443 0.69825395 0.35577843 0.70036884 0.35536510 0.70346525 0.35145330 0.70558014 0.35103997 0.70867696 0.34712768 0.71079185 0.34671435 0.71388880 0.34280244 0.71600369 0.34238911 0.71909996 0.33847692 0.72121540 0.33806348 0.72431181 0.33415169 0.72642724 0.33373825 0.72952351 0.32982606 0.73163840 0.32941273 0.73473536 0.32550083 0.73685025 0.32508750 0.74149527 0.31921930 0.74361016 0.31880597 0.74670658 0.31489418 0.74882201 0.31448074 0.75191828 0.31056855 0.75135159 0.30902598 0.71328139 0.31646634 0.71059913 0.31533681 0.68098904 0.32112375 0.67830746 0.31999451 0.67774078 0.31845194 0.67928899 0.31649605 0.73639483 0.30533540 0.73794304 0.30337950 0.74851804 0.30131274 0.74738452 0.29822721 0.74893327 0.29627121 0.75161485 0.29740044 0.76853505 0.29409359 0.76513481 0.28483779 0.76668287 0.28288149 0.78360308 0.27957464 0.78133620 0.27340397 0.78288441 0.27144807 0.79557484 0.26896788 0.79825641 0.27009712 0.80037130 0.26968379 0.79527087 0.25579989 0.72336024 0.26985395 0.72067867 0.26872471 0.72222688 0.26676882 0.80682792 0.25023456 0.80950950 0.25136380 0.82431482 0.24847028 0.82586303 0.24651438 0.80999473 0.20331930 0.74019900 0.21696004 0.74246603 0.22313110 0.74091782 0.22508700 0.70707740 0.23170070 0.70439529 0.23057157 0.69986153 0.21823023 0.64275569 0.22939088 0.64120748 0.23134678 0.63909259 0.23176011 0.63754438 0.23371601 0.63331406 0.23454277 0.63176585 0.23649867 0.62965096 0.23691200
0 0.82568936 0.05475051 0.82414130 0.05670681 0.81779608 0.05794690 0.81836277 0.05948947 0.81681402 0.06144547 0.79989381 0.06475233 0.80102732 0.06783786 0.79947911 0.06979376 0.78890412 0.07186051 0.78947080 0.07340308 0.78792259 0.07535898 0.77100238 0.07866583 0.77213589 0.08175136 0.77058714 0.08370737 0.75578237 0.08660078 0.75804925 0.09277145 0.75650050 0.09472746 0.76330128 0.11323986 0.77599171 0.11075967 0.77867328 0.11188890 0.78944084 0.14119928 0.78789278 0.14315558 0.79866049 0.17246635 0.80712059 0.17081293 0.80980217 0.17194217 0.82453680 0.21205131 0.83088202 0.21081122 0.83356359 0.21194046 0.83639729 0.21965409 0.84274251 0.21841399 0.84542408 0.21954323 0.86022940 0.21664971 0.85909604 0.21356457 0.86064410 0.21160828 0.86698931 0.21036818 0.86528912 0.20574008 0.86683732 0.20378419 0.87529743 0.20213076 0.87473075 0.20058819 0.87627950 0.19863219 0.88262417 0.19739220 0.88092397 0.19276410 0.88247218 0.19080820 0.89304772 0.18874134 0.89191421 0.18565580 0.89346241 0.18369991 0.89980763 0.18245981 0.89867426 0.17937467 0.90022232 0.17741838 0.90868243 0.17576495 0.90698223 0.17113685 0.90853044 0.16918096 0.91487565 0.16794086 0.91374229 0.16485572 0.91529050 0.16289982 0.92375060 0.16124640 0.92035021 0.15199020 0.81459917 0.17265797 0.81191760 0.17152873 0.81346580 0.16957283 0.91921684 0.14890506 0.90221519 0.10262485 0.89587051 0.10386484 0.89318840 0.10273571 0.88922132 0.09193694 0.86172612 0.09731055 0.85904454 0.09618131 0.86059275 0.09422541 0.88174274 0.09009190 0.87097504 0.06078112 0.87252364 0.05882472 0.86628983 0.04185568 0.86417440 0.04226911 0.86149283 0.04113988 0.84668751 0.04403340 0.84782088 0.04711853 0.84627267 0.04907443 0.83146735 0.05196795 0.82878577 0.05083872 0.82455599 0.05166538 0.82568936 0.05475051
0 0.84256899 0.02665052 0.84411705 0.02469423 0.84834737 0.02386747 0.84989558 0.02191157 0.84649534 0.01265576 0.81054003 0.01968279 0.81620715 0.03510927 0.83101193 0.03221585 0.83256068 0.03025985 0.83679046 0.02943319 0.83833866 0.02747729 0.84256899 0.02665052
0 0.73413569 0.04618876 0.73753608 0.05544497 0.74021765 0.05657420 0.74444798 0.05574744 0.74599618 0.05379154 0.75022651 0.05296477 0.75177471 0.05100888 0.75600450 0.05018222 0.75755270 0.04822632 0.75966813 0.04781288 0.76121620 0.04585659 0.76544652 0.04502982 0.76699473 0.04307392 0.77122451 0.04224726 0.77277272 0.04029137 0.77700304 0.03946460 0.77855111 0.03750831 0.78066654 0.03709487 0.78221474 0.03513897 0.78432963 0.03472564 0.78376295 0.03318307 0.78531116 0.03122718 0.78304428 0.02505651 0.77669961 0.02629650 0.77401735 0.02516697 0.76891694 0.01128314 0.71815631 0.02120370 0.71928976 0.02428907 0.72197191 0.02541828 0.72537215 0.03467409 0.72805387 0.03580372 0.73145412 0.04505953 0.73413569 0.04618876
0 0.70356607 0.00000000 0.70841079 0.01318783 0.74648153 0.00574736 0.74916314 0.00687668 0.75762324 0.00522325 0.75570441 0.00000000 0.70356607 0.00000000
0 0.19079901 0.40885417 0.13301117 0.42968329 0.14056413 0.46760143 0.13934999 0.47042971 0.13105949 0.47341795 0.13150379 0.47564846 0.13029006 0.47847653 0.12199913 0.48146492 0.12377630 0.49038685 0.16522966 0.47544534 0.16478537 0.47321489 0.16599909 0.47038677 0.17428959 0.46739852 0.17384529 0.46516802 0.17505902 0.46233995 0.19495690 0.45516793 0.19406832 0.45070697 0.19528204 0.44787884 0.23010248 0.43532811 0.23220480 0.43696101 0.28360667 0.41843365 0.28570899 0.42006654 0.28659756 0.42452745 0.30317899 0.41855081 0.30439271 0.41572274 0.30649502 0.41735558 0.30738362 0.42181660 0.33888803 0.41046110 0.33856794 0.40885417 0.19079901 0.40885417
0 0.62227252 1.00000000 0.62400537 0.99683477 0.63035058 0.99504176 0.63303216 0.99667448 0.64149226 0.99428386 0.64304101 0.99145575 0.64515590 0.99085814 0.64670411 0.98803018 0.65093389 0.98683495 0.65248250 0.98400627 0.65671228 0.98281103 0.65826103 0.97998293 0.66249081 0.97878769 0.66403902 0.97595974 0.66826934 0.97476435 0.67095091 0.97639707 0.68364080 0.97281121 0.68518955 0.96998311 0.69576454 0.96699487 0.69731261 0.96416634 0.70365782 0.96237334 0.70309114 0.96014300 0.70040956 0.95851028 0.69870937 0.95181869 0.69602725 0.95018612 0.69432706 0.94349454 0.69164548 0.94186182 0.68937861 0.93293990 0.68669703 0.93130718 0.68499684 0.92461559 0.68231526 0.92298287 0.68061507 0.91629129 0.67793349 0.91465857 0.67623330 0.90796698 0.67355118 0.90633442 0.67185099 0.89964283 0.66916941 0.89801011 0.66746922 0.89131852 0.66478764 0.88968580 0.66308745 0.88299422 0.66040533 0.88136165 0.65870514 0.87467007 0.65602356 0.87303735 0.63275868 0.87961144 0.63332537 0.88184178 0.63177662 0.88466989 0.62543140 0.88646289 0.62769828 0.89538482 0.62615022 0.89821334 0.61557522 0.90120158 0.61402702 0.90402954 0.61572707 0.91072055 0.61263025 0.91637718 0.60840047 0.91757242 0.60896715 0.91980276 0.60741909 0.92263128 0.60530366 0.92322905 0.60262194 0.92159576 0.59627673 0.92338877 0.59911029 0.93454102 0.59756223 0.93736955 0.59488051 0.93573626 0.58853529 0.93752926 0.58910212 0.93976017 0.58600517 0.94541624 0.57966049 0.94720909 0.58079401 0.95167033 0.57924580 0.95449829 0.56867026 0.95748668 0.56923694 0.95971702 0.57191852 0.96134974 0.57248535 0.96358065 0.57093714 0.96640860 0.56036214 0.96939684 0.56149566 0.97385809 0.55994745 0.97668604 0.54937218 0.97967436 0.54993887 0.98190470 0.54839049 0.98473270 0.53993039 0.98712332 0.54049707 0.98935366 0.53894890 0.99218222 0.52837380 0.99517049 0.52950717 0.99963116 0.52930528 1.00000000 0.62227252 1.00000000
0 1.00000000 0.79211792 0.99782800 0.79079507 0.99499444 0.77964281 0.99231286 0.77801009 0.98947916 0.76685726 0.98679758 0.76522454 0.98453070 0.75630261 0.98184913 0.75466990 0.97901557 0.74351764 0.97633345 0.74188507 0.97349975 0.73073224 0.97081817 0.72909952 0.96855129 0.72017759 0.95586141 0.72376345 0.95812829 0.73268537 0.95657954 0.73551348 0.94600454 0.73850172 0.94657122 0.74073206 0.94502316 0.74356058 0.90906785 0.75372069 0.90751910 0.75654879 0.90921930 0.76324038 0.90767109 0.76606833 0.89921099 0.76845896 0.89652941 0.76682624 0.86903367 0.77459587 0.87016703 0.77905655 0.86861882 0.78188450 0.86438904 0.78307974 0.86170747 0.78144702 0.84478726 0.78622826 0.84210514 0.78459569 0.84040495 0.77790411 0.83772337 0.77627139 0.81234306 0.78344325 0.81290974 0.78567359 0.81136168 0.78850212 0.78809626 0.79507637 0.78866294 0.79730670 0.78711473 0.80013466 0.77653974 0.80312290 0.77880662 0.81204482 0.77725787 0.81487293 0.74341745 0.82443542 0.74073587 0.82280270 0.72593055 0.82698632 0.72706407 0.83144757 0.72551586 0.83427552 0.71494087 0.83726376 0.71550755 0.83949410 0.71395934 0.84232206 0.68857849 0.84949407 0.68914517 0.85172441 0.68759711 0.85455294 0.67913700 0.85694356 0.68253725 0.87032616 0.68521936 0.87195873 0.68748638 0.88088122 0.70017627 0.87729536 0.70285785 0.87892808 0.70399121 0.88338876 0.70667333 0.88502133 0.70950703 0.89617416 0.71218861 0.89780688 0.71502217 0.90895914 0.71770389 0.91059243 0.72110413 0.92397503 0.72378571 0.92560775 0.72661927 0.93676001 0.72930099 0.93839330 0.73213455 0.94954556 0.73481667 0.95117813 0.73765037 0.96233096 0.74033195 0.96396368 0.74373219 0.97734628 0.74641391 0.97897957 0.75910434 0.97539356 0.75853751 0.97316265 0.75585539 0.97153008 0.75472188 0.96706884 0.75627063 0.96424073 0.79434083 0.95348301 0.79702295 0.95511557 0.83086337 0.94555309 0.83241157 0.94272513 0.84510146 0.93913928 0.84665021 0.93631117 0.86145499 0.93212769 0.86300374 0.92929959 0.87569362 0.92571373 0.87724183 0.92288577 0.88781683 0.91989753 0.88936543 0.91706886 0.89782554 0.91467823 0.89612534 0.90798665 0.89767354 0.90515869 0.90613365 0.90276807 0.91149748 0.90603393 0.91376436 0.91495586 0.91221562 0.91778396 0.90375551 0.92017459 0.90488888 0.92463526 0.90334081 0.92746379 0.90065909 0.92583050 0.87739367 0.93240474 0.87852718 0.93686599 0.87697898 0.93969394 0.87063376 0.94148695 0.86795219 0.93985423 0.83834155 0.94822148 0.83890823 0.95045182 0.83736017 0.95328035 0.81409475 0.95985459 0.81466143 0.96208493 0.81311322 0.96491289 0.78984780 0.97148714 0.78829959 0.97431509 0.79098117 0.97594781 0.79324819 0.98487030 0.79592976 0.98650302 0.90379623 0.95602256 0.90266272 0.95156131 0.90575968 0.94590525 0.90844125 0.94753797 0.91014145 0.95422955 0.91648666 0.95243655 0.91591998 0.95020621 0.91746804 0.94737768 0.92804304 0.94438945 0.92747635 0.94215911 0.92902456 0.93933115 0.93960010 0.93634276 0.93733322 0.92742084 0.93888143 0.92459288 0.94945642 0.92160464 0.94888960 0.91937374 0.95043834 0.91654563 0.96101334 0.91355739 0.96044666 0.91132705 0.96199472 0.90849852 0.97045482 0.90610790 0.97200303 0.90327995 0.97143635 0.90104961 0.97298455 0.89822165 0.99413509 0.89224502 0.99681666 0.89387774 0.99511647 0.88718616 0.99243489 0.88555344 0.98903465 0.87217084 0.98635293 0.87053755 0.98790114 0.86770959 0.99213146 0.86651421 0.99367967 0.86368625 0.99790945 0.86249102 0.99167550 0.83795559 0.99322371 0.83512763 1.00000000 0.83321282 1.00000000 0.79211792
0 0.78374430 0.68872768 0.78431098 0.69095802 0.78276238 0.69378670 0.77218739 0.69677494 0.77063918 0.69960289 0.77120586 0.70183323 0.76965780 0.70466175 0.75062216 0.71004077 0.74794044 0.70840748 0.71833034 0.71677458 0.71946385 0.72123583 0.71791511 0.72406393 0.70945500 0.72645455 0.70677343 0.72482183 0.69619843 0.72781007 0.69464968 0.73063818 0.69253479 0.73123580 0.69423499 0.73792738 0.69268678 0.74075534 0.68634156 0.74254834 0.68479336 0.74537630 0.68267846 0.74597391 0.68437866 0.75266550 0.68282991 0.75549361 0.67648524 0.75728646 0.67761875 0.76174771 0.67607054 0.76457566 0.66549501 0.76756405 0.66606169 0.76979439 0.66451363 0.77262292 0.65182320 0.77620893 0.65352325 0.78289994 0.65620537 0.78453251 0.65847239 0.79345500 0.66115396 0.79508772 0.66398752 0.80623998 0.66666910 0.80787270 0.66950266 0.81902496 0.67218492 0.82065810 0.67501848 0.83181036 0.67770005 0.83344308 0.67826674 0.83567342 0.70787684 0.82730632 0.70942558 0.82447821 0.71577026 0.82268536 0.71731846 0.81985740 0.71943390 0.81925963 0.71675178 0.81762707 0.71561827 0.81316582 0.71716702 0.81033771 0.73831701 0.80436123 0.74099912 0.80599380 0.74945869 0.80360333 0.75100744 0.80077523 0.76581221 0.79659175 0.76524553 0.79436141 0.76679413 0.79153273 0.78582923 0.78615387 0.78737744 0.78332592 0.79583755 0.78093529 0.79738576 0.77810734 0.82911128 0.76914247 0.82854460 0.76691213 0.81796960 0.76990037 0.81528803 0.76826765 0.81415452 0.76380640 0.81570273 0.76097845 0.84108304 0.75380658 0.84376461 0.75543930 0.84603149 0.76436123 0.87564213 0.75599397 0.87719034 0.75316602 0.88142012 0.75197078 0.88296887 0.74914267 0.88719865 0.74794744 0.88874725 0.74511876 0.89509193 0.74332591 0.89395856 0.73886524 0.89127684 0.73723194 0.88787660 0.72384935 0.88519502 0.72221662 0.88236146 0.71106436 0.87967974 0.70943107 0.87627950 0.69604848 0.87359738 0.69441591 0.87076367 0.68326308 0.86808210 0.68163036 0.86468171 0.66824719 0.86200014 0.66661447 0.85973326 0.65769254 0.84704283 0.66127855 0.84760966 0.66350946 0.84606145 0.66633742 0.80799071 0.67709529 0.80855739 0.67932563 0.80700919 0.68215359 0.78374430 0.68872768
