0 0.59960938 0.28574389 0.34182860 0.26490352 0.31355926 0.36868296 0.36228950 0.37897712 0.36293153 0.41089521 0.59960938 0.43009685 0.59960938 0.28574389
0 0.91544059 0.58984375 0.92276430 0.53433873 0.92459791 0.53251675 0.92549322 0.52573137 0.91321089 0.52221426 0.91197419 0.51951247 0.89662148 0.51511614 0.89538470 0.51241493 0.89926427 0.48301239 0.87009366 0.47465923 0.86761978 0.46925611 0.86791819 0.46699452 0.85563587 0.46347741 0.85439909 0.46077620 0.85529440 0.45399082 0.85405762 0.45128961 0.84177529 0.44777250 0.84053852 0.44507129 0.82672061 0.44111445 0.82548390 0.43841266 0.82667755 0.42936626 0.81746600 0.42672849 0.81622890 0.42402659 0.79934061 0.41919053 0.79810383 0.41648932 0.79959596 0.40518074 0.78270806 0.40034480 0.78147089 0.39764348 0.76918857 0.39412637 0.76795186 0.39142458 0.76944400 0.38011600 0.76820721 0.37741479 0.71447196 0.36202741 0.71323517 0.35932620 0.65949991 0.34393882 0.65826321 0.34123703 0.60452795 0.32584965 0.60329109 0.32314842 0.59960938 0.32209414 0.59960938 0.35026056 0.60585109 0.35204791 0.60832481 0.35745037 0.60534047 0.38006811 0.60350679 0.38189008 0.60290989 0.38641386 0.60107621 0.38823582 0.59960938 0.38781579 0.59960938 0.53568966 0.78872436 0.58984375 0.91544059 0.58984375
0 1.00000000 0.05180704 0.98539162 0.04762386 0.98091517 0.08155005 0.97908155 0.08337216 0.96983019 0.15348639 0.98057732 0.15656389 0.98181411 0.15926510 0.97853135 0.18414444 0.98467252 0.18590299 0.98590929 0.18860420 0.97098775 0.30169173 0.96915414 0.30351372 0.95960438 0.37588955 0.95777038 0.37771143 0.94881744 0.44556406 0.95956457 0.44864156 0.96080135 0.45134277 0.95930922 0.46265135 0.97466232 0.46704779 0.97589910 0.46974901 0.97410848 0.48331976 0.97227487 0.48514175 0.94310426 0.47678859 0.93922469 0.50619113 0.93739108 0.50801312 0.92664752 0.58943651 0.92623768 0.58984375 0.96323977 0.58984375 1.00000000 0.31124509 1.00000000 0.05180704
0 0.59960938 0.84699100 0.48881717 0.83263379 0.48130982 0.85155774 0.45526767 0.85216238 0.44690723 0.86036416 0.43391752 0.91173902 0.44238570 0.91681575 0.59960938 0.93535227 0.59960938 0.84699100
0 0.96323977 1.00000000 0.98105883 0.90609301 0.94574705 0.89906169 0.94216597 0.91793412 0.96212464 0.92190832 0.96336174 0.92378712 0.96246643 0.92850543 0.96063244 0.92977230 0.94527973 0.92671525 0.94344573 0.92798212 0.94037535 0.92737074 0.93854174 0.92863769 0.93048411 0.97110167 0.93172089 0.97298000 0.95014438 0.97664851 0.95138108 0.97852723 0.95078426 0.98167250 0.94895065 0.98293945 0.93513314 0.98018809 0.93483473 0.98176073 0.93300065 0.98302800 0.92839508 0.98211093 0.92500059 1.00000000 0.96323977 1.00000000
0 0.91384739 1.00000000 0.92003539 0.96738905 0.91542942 0.96647191 0.91419272 0.96459318 0.91449113 0.96302054 0.90834997 0.96179771 0.90711319 0.95991938 0.90097202 0.95869655 0.89973485 0.95681814 0.90033175 0.95367247 0.90216574 0.95240560 0.92212442 0.95637980 0.92361655 0.94851622 0.92545016 0.94724927 0.93022504 0.92208549 0.92561946 0.92116842 0.92438237 0.91928961 0.92468078 0.91771698 0.92344400 0.91583865 0.91116167 0.91339298 0.90992497 0.91151425 0.91022338 0.90994162 0.91205698 0.90867467 0.93201566 0.91264887 0.93499992 0.89692170 0.91350605 0.89264182 0.91226896 0.89076301 0.79865767 0.86814058 0.79742089 0.86626226 0.76517950 0.85984231 0.76334589 0.86110926 0.76065996 0.87526419 0.78061903 0.87923846 0.78185582 0.88111679 0.78125899 0.88426206 0.77942539 0.88552901 0.76714307 0.88308333 0.76530899 0.88435061 0.76377380 0.88404492 0.76194020 0.88531186 0.75886942 0.88470041 0.75528826 0.90357324 0.75345466 0.90484019 0.75076880 0.91899472 0.76612151 0.92205177 0.76735861 0.92393057 0.77042899 0.92454195 0.77166617 0.92642036 0.77106927 0.92956603 0.76923527 0.93083290 0.75541776 0.92808154 0.75358415 0.92934848 0.75051338 0.92873703 0.74867977 0.93000397 0.74509861 0.94887681 0.76352209 0.95254532 0.76475880 0.95442404 0.76416198 0.95756932 0.76232837 0.95883626 0.75004605 0.95639059 0.74637838 0.95892481 0.74484318 0.95861912 0.74360648 0.95674039 0.74211427 0.96460438 0.77435527 0.97102424 0.77559244 0.97290265 0.87078025 0.99185657 0.87167555 0.98713826 0.87350916 0.98587131 0.87657994 0.98648277 0.87781672 0.98836109 0.89316942 0.99141814 0.89440652 0.99329695 0.89380970 0.99644222 0.89197570 0.99770909 0.90348081 1.00000000 0.91384739 1.00000000
0 1.00000000 0.80317102 0.99922007 0.80198652 0.98693775 0.79954085 0.98663933 0.80111348 0.98480526 0.80238075 0.96484659 0.79840656 0.96454818 0.79997919 0.96271457 0.80124614 0.94275550 0.79727186 0.94151872 0.79539354 0.94181713 0.79382090 0.90497017 0.78648389 0.90313656 0.78775083 0.89699540 0.78652799 0.89575862 0.78464967 0.89635552 0.78150400 0.89174955 0.78058685 0.89051277 0.77870852 0.85827138 0.77228858 0.85643777 0.77355552 0.84420215 0.83803762 0.86262564 0.84170612 0.86386274 0.84358493 0.86296750 0.84830284 0.86113351 0.84956971 0.84885119 0.84712403 0.84761440 0.84524571 0.84731599 0.84681835 0.84548231 0.84808569 0.84241154 0.84747424 0.83942727 0.86320140 0.83759359 0.86446875 0.83729518 0.86604138 0.83853196 0.86791971 0.90147877 0.88045376 0.90237408 0.87573545 0.90420807 0.87446858 0.91649039 0.87691425 0.91772718 0.87879258 0.92233314 0.87970972 0.92480663 0.88346678 0.92420981 0.88661205 0.98255104 0.89822903 1.00000000 0.80627245 1.00000000 0.80317102
0 1.00000000 0.69759110 0.99439484 0.70146404 0.99409643 0.70303668 0.99042883 0.70557049 0.98919205 0.70369217 0.96462740 0.69880082 0.96339062 0.69692250 0.96727020 0.67647703 0.96419942 0.67586557 0.96296271 0.67398684 0.95835674 0.67306970 0.95711996 0.67119137 0.96696814 0.61929117 0.89327421 0.60461714 0.89178206 0.61248080 0.91020554 0.61614931 0.91144230 0.61802775 0.91054701 0.62274594 0.90871339 0.62401301 0.90103703 0.62248448 0.89979988 0.62060596 0.89519431 0.61968889 0.89489587 0.62126165 0.89306225 0.62252871 0.88845628 0.62161157 0.88189084 0.65621165 0.88342603 0.65651734 0.88466281 0.65839566 0.90155110 0.66175848 0.90278781 0.66363721 0.90219098 0.66678248 0.90035730 0.66804983 0.88500460 0.66499278 0.88470619 0.66656542 0.88287219 0.66783228 0.87980180 0.66722090 0.87383320 0.69867563 0.89379188 0.70264983 0.89502866 0.70452815 0.89473017 0.70610119 0.89289657 0.70736814 0.89259816 0.70894078 0.89076455 0.71020772 0.88001742 0.70806774 0.87878064 0.70618941 0.87848223 0.70776205 0.87664863 0.70902900 0.87204266 0.70811185 0.87174417 0.70968489 0.86991017 0.71095176 0.86513529 0.73611554 0.86667088 0.73642131 0.86790766 0.73829963 0.88479595 0.74166245 0.88603265 0.74354118 0.88543583 0.74668645 0.88360223 0.74795340 0.86978471 0.74520203 0.86795072 0.74646890 0.86334475 0.74555176 0.86036041 0.76127932 0.88185467 0.76555929 0.88309145 0.76743761 0.93682671 0.77813745 0.93806341 0.78001617 1.00000000 0.79234907 1.00000000 0.69759110
0 0.79569953 0.58984375 0.79416338 0.59793934 0.81412205 0.60191354 0.81535921 0.60379202 0.81476234 0.60693754 0.81292833 0.60820448 0.79757562 0.60514743 0.79727720 0.60672015 0.79544357 0.60798722 0.79237279 0.60737576 0.78700105 0.63568502 0.79160702 0.63660216 0.79284380 0.63848049 0.80666132 0.64123185 0.80789849 0.64311025 0.80730159 0.64625593 0.80546760 0.64752279 0.79011489 0.64446574 0.78828121 0.64573309 0.78521043 0.64512164 0.78371830 0.65298522 0.78188470 0.65425216 0.77740822 0.67784331 0.79736690 0.68181751 0.79860368 0.68369583 0.79800678 0.68684151 0.79617318 0.68810845 0.78082047 0.68505140 0.78052206 0.68662404 0.77868846 0.68789098 0.77745128 0.68601258 0.77591609 0.68570689 0.77114121 0.71087067 0.79109988 0.71484487 0.79233667 0.71672320 0.79203825 0.71829583 0.79020457 0.71956318 0.77945745 0.71742320 0.77762384 0.71869015 0.77455346 0.71807877 0.77271985 0.71934571 0.76964908 0.71873426 0.76606791 0.73760709 0.76760311 0.73791278 0.76884028 0.73979119 0.78419299 0.74284824 0.78666647 0.74660529 0.78636806 0.74817793 0.78453438 0.74944527 0.76918168 0.74638822 0.76888326 0.74796086 0.76704966 0.74922781 0.76244369 0.74831066 0.75886253 0.76718350 0.77882121 0.77115769 0.78005799 0.77303602 0.77946109 0.77618169 0.77762748 0.77744864 0.76227478 0.77439159 0.76197637 0.77596422 0.76014237 0.77723109 0.75707199 0.77661971 0.75349075 0.79549295 0.77191423 0.79916146 0.77315101 0.80103979 0.77255419 0.80418506 0.77072059 0.80545200 0.75690307 0.80270064 0.75660458 0.80427368 0.75477059 0.80554055 0.75170021 0.80492917 0.75110330 0.80807485 0.74926931 0.80934171 0.74598663 0.82664151 0.76594570 0.83061579 0.76718241 0.83249452 0.76658558 0.83563979 0.76475191 0.83690714 0.74939881 0.83385001 0.75063598 0.83572841 0.74880198 0.83699528 0.74419602 0.83607813 0.74240540 0.84551475 0.74701137 0.84643190 0.74824854 0.84831030 0.80812457 0.86023289 0.80936174 0.86211130 0.82778483 0.86577973 0.84360161 0.78242480 0.84543569 0.78115753 0.86005875 0.70409354 0.86189235 0.70282660 0.87979816 0.60846241 0.88163178 0.60719538 0.88252707 0.60247715 0.81908131 0.58984375 0.79569953 0.58984375
0 0.69532198 0.58984375 0.68699530 0.63372561 0.69006569 0.63433699 0.69130247 0.63621531 0.69590844 0.63713246 0.69714522 0.63901079 0.69445929 0.65316571 0.69262569 0.65443266 0.68874611 0.67487813 0.70870479 0.67885233 0.70994157 0.68073066 0.70755413 0.69331255 0.71676607 0.69514684 0.71800277 0.69702557 0.71531692 0.71118010 0.72452886 0.71301439 0.72576564 0.71489271 0.71740959 0.75892933 0.71557599 0.76019628 0.71169642 0.78064175 0.70986274 0.78190910 0.70218599 0.78038050 0.70035239 0.78164745 0.68931049 0.83983859 0.68564321 0.84237289 0.66875491 0.83901007 0.66692092 0.84027694 0.65020883 0.92835018 0.65942076 0.93018447 0.66065754 0.93206280 0.66006065 0.93520847 0.65822704 0.93647542 0.65136313 0.97264845 0.78872436 1.00000000 0.87069355 1.00000000 0.82783518 0.99146598 0.82723828 0.99461166 0.82540468 0.99587861 0.80544600 0.99190441 0.80420882 0.99002601 0.80510414 0.98530770 0.74983408 0.97430225 0.74859690 0.97242385 0.74092055 0.97089532 0.74002524 0.97561363 0.73819164 0.97688058 0.73205047 0.97565774 0.73175206 0.97723038 0.72991807 0.97849724 0.72684768 0.97788586 0.72561090 0.97600754 0.72590931 0.97443490 0.71976815 0.97321207 0.71853098 0.97133367 0.71942629 0.96661536 0.72126036 0.96534809 0.72433074 0.96595946 0.72556784 0.96783827 0.73017342 0.96875534 0.73823105 0.92629135 0.73516067 0.92567997 0.73268671 0.92192325 0.71886920 0.91917189 0.71763250 0.91729316 0.71793091 0.91572052 0.72159819 0.91318623 0.74002167 0.91685473 0.74032009 0.91528210 0.74215369 0.91401515 0.74752539 0.88570610 0.74291982 0.88478903 0.74168311 0.88291030 0.74198152 0.88133767 0.72816362 0.87858623 0.72692683 0.87670790 0.72752373 0.87356223 0.72935734 0.87229528 0.74931601 0.87626948 0.75289718 0.85739664 0.73293850 0.85342244 0.73046501 0.84966539 0.73703044 0.81506539 0.73886404 0.81379844 0.75527772 0.72729784 0.75711133 0.72603089 0.76695958 0.67413029 0.76235361 0.67321314 0.76111683 0.67133482 0.74729932 0.66858346 0.74606254 0.66670513 0.74665936 0.66355986 0.74849304 0.66229251 0.76845171 0.66626671 0.77352501 0.63953029 0.77535900 0.63826342 0.77625431 0.63354511 0.77164834 0.63262797 0.77041117 0.63074956 0.77070958 0.62917693 0.75689207 0.62642557 0.75565536 0.62454684 0.75625219 0.62140157 0.75808587 0.62013422 0.77804493 0.62410849 0.78454674 0.58984375 0.69532198 0.58984375
