0 0.21948981 0.28365047 0.22110403 0.21602955 0.21749926 0.18554367 0.21041517 0.17981450 0.13307556 0.17999012 0.12932860 0.18419708 0.13465628 0.29224002 0.20713654 0.29295932 0.21948981 0.28365047
0 0.00000000 0.29491659 0.07455436 0.29326038 0.07412787 0.10543563 0.06682631 0.10125375 0.00000000 0.10768337 0.00000000 0.29491659
0 0.53906250 0.46935779 0.54042930 0.47129736 0.67177295 0.37456674 0.57482572 0.22655416 0.53906250 0.25563998 0.53906250 0.46935779
0 0.02405015 0.95640087 0.01779435 0.95564910 0.01600220 0.95361562 0.00974651 0.95286385 0.00710900 0.96891087 0.02587585 0.97116613 0.02734120 0.96225072 0.02525612 0.96200015 0.02346407 0.95996668 0.02405015 0.95640087
0 0.36136179 1.00000000 0.36273475 0.99164667 0.36094271 0.98961320 0.35885762 0.98936263 0.35706512 0.98732864 0.35735815 0.98554574 0.34276201 0.98379168 0.34096943 0.98175815 0.34155551 0.97819235 0.33976354 0.97615842 0.32308178 0.97415373 0.32128973 0.97212026 0.32158277 0.97033736 0.31979080 0.96830343 0.29685324 0.96554697 0.29119050 1.00000000 0.36136179 1.00000000
0 0.28481114 1.00000000 0.29059745 0.96479519 0.28225657 0.96379285 0.28046452 0.96175938 0.28105060 0.95819357 0.25602796 0.95518654 0.25423591 0.95315307 0.25482207 0.94958681 0.24231048 0.94808326 0.24051843 0.94604979 0.24110458 0.94248353 0.22442282 0.94047884 0.21768246 0.98148829 0.22185263 0.98198943 0.22364521 0.98402296 0.23407118 0.98527588 0.23586322 0.98730935 0.23527707 0.99087561 0.25612954 0.99338150 0.25792159 0.99541497 0.25733543 0.99898123 0.26581300 1.00000000 0.28481114 1.00000000
0 0.03737301 0.92709209 0.03975121 0.92555930 0.04183630 0.92580987 0.04421442 0.92427754 0.04450746 0.92249464 0.04688620 0.92096192 0.05731216 0.92221484 0.05910414 0.92424876 0.05881110 0.92603166 0.06060314 0.92806513 0.06894456 0.92906754 0.06953064 0.92550174 0.07190884 0.92396896 0.07337411 0.91505400 0.01915823 0.90853873 0.01652064 0.92458621 0.01414241 0.92611853 0.01209098 0.93859974 0.01388314 0.94063322 0.03473550 0.94313910 0.03737301 0.92709209
0 0.00000000 0.93896485 0.00554225 0.93963088 0.01111039 0.90575349 0.00000000 0.90441832 0.00000000 0.93896485
0 0.50170492 1.00000000 0.50768600 0.96361015 0.49100424 0.96160547 0.48921227 0.95957154 0.48979835 0.95600574 0.46686079 0.95324927 0.46158578 0.98534330 0.47409683 0.98684679 0.47588880 0.98888071 0.47530272 0.99244652 0.48989940 0.99420064 0.49169137 0.99623456 0.49586208 0.99673577 0.49765412 0.99876924 0.49745183 1.00000000 0.50170492 1.00000000
0 0.18578421 0.96856395 0.18995438 0.96906509 0.19174696 0.97109863 0.19116081 0.97466488 0.21201274 0.97717071 0.21318505 0.97003820 0.21556371 0.96850593 0.22025265 0.93997770 0.21399686 0.93922593 0.21220427 0.93719239 0.20594902 0.93644068 0.20415697 0.93440721 0.20445001 0.93262431 0.19402351 0.93137133 0.19223153 0.92933740 0.19252457 0.92755450 0.19073253 0.92552103 0.19102564 0.92373768 0.17017317 0.92123178 0.16838112 0.91919831 0.16896721 0.91563251 0.15437053 0.91387839 0.14733713 0.95667074 0.16818959 0.95917663 0.16998164 0.96121010 0.16939556 0.96477590 0.18399224 0.96653002 0.18578421 0.96856395
0 0.12795054 0.94524949 0.12707134 0.95059865 0.14166748 0.95235270 0.14870089 0.90956036 0.14453072 0.90905922 0.14273867 0.90702575 0.12814200 0.90527162 0.12634995 0.90323815 0.12693610 0.89967190 0.10191346 0.89666486 0.10012088 0.89463133 0.10070696 0.89106553 0.08194011 0.88881027 0.07490670 0.93160261 0.10410005 0.93511085 0.10589210 0.93714432 0.10530602 0.94071012 0.12615796 0.94321595 0.12795054 0.94524949
0 0.40971425 0.96456391 0.41150622 0.96659784 0.42401781 0.96810139 0.42580986 0.97013486 0.42522370 0.97370112 0.43773529 0.97520466 0.43802841 0.97342131 0.44040653 0.97188898 0.44363020 0.95227570 0.44600832 0.95074338 0.45434920 0.95174572 0.45493528 0.94817992 0.45314331 0.94614599 0.45372939 0.94258019 0.44121834 0.94107671 0.43942583 0.93904272 0.44001191 0.93547692 0.41498927 0.93246988 0.41319722 0.93043641 0.41378338 0.92687015 0.38667565 0.92361255 0.38140055 0.95570703 0.40016740 0.95796230 0.40195945 0.95999576 0.40166641 0.96177866 0.40345899 0.96381220 0.40971425 0.96456391
0 0.06405245 0.88120585 0.06226048 0.87917192 0.02472636 0.87466135 0.02033046 0.90140668 0.04118282 0.90391256 0.04297487 0.90594603 0.07425331 0.90970484 0.07864913 0.88295997 0.06405245 0.88120585
0 0.00000000 0.89896351 0.01407483 0.90065492 0.01847073 0.87390959 0.00000000 0.87168992 0.00000000 0.89896351
0 0.32477278 0.93799230 0.34353963 0.94024756 0.34533167 0.94228103 0.34950238 0.94278224 0.35129435 0.94481616 0.35100131 0.94659907 0.35279336 0.94863253 0.37781600 0.95163957 0.38338413 0.91776218 0.37504325 0.91675984 0.37145916 0.91269290 0.37175220 0.91091000 0.35298482 0.90865467 0.35119277 0.90662120 0.35177892 0.90305494 0.33301207 0.90079968 0.33122003 0.89876621 0.33180618 0.89519995 0.30886863 0.89244349 0.30271434 0.92988713 0.31731101 0.93164125 0.31910306 0.93367473 0.32327377 0.93417593 0.32506582 0.93620940 0.32477278 0.93799230
0 0.25830511 0.91545885 0.25801207 0.91724175 0.27260821 0.91899581 0.27440072 0.92102980 0.29108248 0.92303449 0.29287453 0.92506796 0.29228837 0.92863422 0.29437346 0.92888479 0.29675166 0.92735200 0.30290587 0.88990881 0.29873570 0.88940767 0.29694365 0.88737420 0.29723669 0.88559130 0.29544419 0.88355731 0.28293313 0.88205383 0.28114109 0.88002035 0.28172724 0.87645410 0.26087477 0.87394820 0.25908272 0.87191473 0.25966880 0.86834893 0.23464616 0.86534190 0.23285411 0.86330842 0.22868341 0.86280722 0.22223615 0.90203331 0.23891792 0.90403800 0.24070996 0.90607147 0.24012381 0.90963773 0.25472048 0.91139185 0.25830511 0.91545885
0 0.08506272 0.83100209 0.08327022 0.82896810 0.04782161 0.82470815 0.04544341 0.82624094 0.04221982 0.84585375 0.04847561 0.84660553 0.05026766 0.84863900 0.08154610 0.85239781 0.08506272 0.83100209
0 0.17603427 0.88557195 0.19063094 0.88732607 0.19242299 0.88935954 0.19212995 0.89114244 0.19392253 0.89317597 0.21894464 0.89618295 0.22509885 0.85873976 0.22330681 0.85670629 0.21705155 0.85595458 0.21525904 0.85392059 0.21584512 0.85035478 0.19916336 0.84835010 0.19737131 0.84631663 0.19795746 0.84275037 0.17710500 0.84024447 0.17531295 0.83821100 0.17589910 0.83464474 0.15921734 0.83264005 0.15218394 0.87543240 0.16469553 0.87693595 0.16648750 0.87896988 0.16590142 0.88253568 0.17424230 0.88353802 0.17603427 0.88557195
0 0.00000000 0.84078009 0.02345270 0.84359846 0.02524491 0.84563195 0.03567098 0.84688488 0.03977377 0.82192291 0.04215200 0.82039059 0.04244512 0.81860723 0.00908159 0.81459785 0.00728944 0.81256437 0.00103375 0.81181260 0.00000000 0.81247866 0.00000000 0.84078009
0 0.11403043 0.86175635 0.12237077 0.86275863 0.12416328 0.86479262 0.12357720 0.86835842 0.14651475 0.87111489 0.15354816 0.82832254 0.14103657 0.82681899 0.13924453 0.82478552 0.13983068 0.82121926 0.13774559 0.82096869 0.13595301 0.81893516 0.11093037 0.81592812 0.10913832 0.81389465 0.10972448 0.81032840 0.09512780 0.80857428 0.08809440 0.85136662 0.09643528 0.85236897 0.09822786 0.85440250 0.09764170 0.85796876 0.11223785 0.85972281 0.11403043 0.86175635
0 0.07157044 0.79665228 0.06322955 0.79564993 0.06143751 0.79361647 0.05309662 0.79261412 0.04899384 0.81757609 0.08652807 0.82208668 0.08945862 0.80425676 0.07277686 0.80225207 0.07098428 0.80021854 0.07157044 0.79665228
0 0.02866014 0.78604083 0.02686798 0.78400734 0.01852710 0.78300500 0.01673490 0.78097151 0.01732105 0.77740525 0.00689492 0.77615232 0.00220598 0.80468055 0.01471736 0.80618407 0.01650944 0.80821801 0.04361727 0.81147563 0.04742709 0.78829610 0.02866014 0.78604083
0 0.76318006 0.86035045 0.75993276 0.88345619 0.77313737 0.88531197 0.77638467 0.86220623 0.76318006 0.86035045
