0 0.44921875 0.08761414 0.25724707 0.24125774 0.25582123 0.25026011 0.31596220 0.32833783 0.31947689 0.33944101 0.33058007 0.33592633 0.44921875 0.23890472 0.44921875 0.08761414
0 0.84001481 0.10275483 0.78260666 0.10978525 0.78244162 0.11050264 0.78182363 0.11440452 0.75216250 0.54697954 0.75399926 0.54711885 0.82769858 0.53262577 0.85828833 0.10564907 0.84001481 0.10275483
0 0.25731440 0.61979167 0.24534480 0.67319631 0.21587355 0.86759393 0.30542594 0.87650438 0.31199598 0.86831677 0.32360636 0.79501178 0.26614137 0.78327359 0.28264032 0.67910334 0.28582350 0.67565256 0.31519901 0.68162350 0.34451062 0.67967443 0.35399512 0.61979167 0.25731440 0.61979167
0 0.72237977 1.00000000 0.72526957 0.98740503 0.65514413 0.97973794 0.65335590 0.97803843 0.58110614 0.97013908 0.57931782 0.96843995 0.50919239 0.96077286 0.50673098 0.96200735 0.50248070 0.96154265 0.50214407 0.96300984 0.51276948 0.96417156 0.51455780 0.96587069 0.51388471 0.96880431 0.52238472 0.96973364 0.52596181 0.97313234 0.52808668 0.97336466 0.52987500 0.97506379 0.53412473 0.97552843 0.53591359 0.97722762 0.53557696 0.97869480 0.54620183 0.97985646 0.54799014 0.98155559 0.71668808 1.00000000 0.72237977 1.00000000
0 0.80079886 1.00000000 0.80446214 0.98403385 0.78108699 0.98147815 0.77929876 0.97977865 0.77997185 0.97684503 0.75659670 0.97428933 0.75255790 0.99189217 0.75009649 0.99312666 0.74851947 1.00000000 0.80079886 1.00000000
0 0.44921875 0.94068249 0.45484658 0.94129780 0.45663507 0.94299695 0.45629852 0.94446376 0.46267349 0.94516076 0.46803875 0.95025857 0.48928892 0.95258193 0.49107724 0.95428106 0.56545240 0.96241279 0.56724072 0.96411192 0.63949048 0.97201127 0.64127926 0.97371083 0.71352902 0.98161018 0.71531788 0.98330937 0.72594275 0.98447103 0.72897183 0.97126899 0.73143333 0.97003413 0.73816458 0.94069643 0.71053971 0.93767609 0.70875147 0.93597659 0.59400115 0.92343048 0.59221283 0.92173136 0.47533765 0.90895293 0.47354922 0.90725379 0.44921875 0.90459364 0.44921875 0.94068249
0 0.44921875 0.89106004 0.49570337 0.89614238 0.49749161 0.89784189 0.55699163 0.90434726 0.55878049 0.90604645 0.61827997 0.91255176 0.62006884 0.91425095 0.68169372 0.92098864 0.68348196 0.92268815 0.74298198 0.92919352 0.74803051 0.90718987 0.69065535 0.90091682 0.68886703 0.89921769 0.61661727 0.89131834 0.61482904 0.88961883 0.54257874 0.88171942 0.54079042 0.88002030 0.46854023 0.87212090 0.46675180 0.87042176 0.45187677 0.86879541 0.44921875 0.88038018 0.44921875 0.89106004
0 0.50780013 0.87190213 0.57792502 0.87956917 0.57971334 0.88126830 0.64983878 0.88893539 0.65162701 0.89063489 0.72175190 0.89830192 0.72354022 0.90000105 0.74904023 0.90278907 0.75150219 0.90155464 0.76092606 0.86048133 0.69930063 0.85374358 0.69751231 0.85204445 0.62951229 0.84460974 0.62772405 0.84291024 0.55972402 0.83547553 0.55793571 0.83377640 0.49206043 0.82657399 0.49027195 0.82487485 0.46477194 0.82208683 0.45703096 0.85582533 0.45456930 0.85706018 0.45322304 0.86292780 0.45501152 0.86462694 0.50601127 0.87020295 0.50780013 0.87190213
0 0.56565657 0.82860574 0.56744489 0.83030487 0.63544492 0.83773958 0.63723378 0.83943877 0.70523380 0.84687348 0.70702204 0.84857299 0.76227233 0.85461372 0.76698432 0.83407688 0.76519545 0.83237769 0.70357056 0.82564000 0.70178224 0.82394087 0.64015681 0.81720312 0.63836858 0.81550361 0.57674369 0.80876592 0.57495537 0.80706679 0.51333048 0.80032910 0.51154162 0.79862991 0.47329177 0.79444790 0.47261867 0.79738152 0.47015702 0.79861637 0.46611821 0.81621921 0.49374325 0.81923957 0.49553168 0.82093871 0.56565657 0.82860574
0 0.51547492 0.77199351 0.51301351 0.77322800 0.48326333 0.76997530 0.48259024 0.77290892 0.48012872 0.77414340 0.47979209 0.77561058 0.47733057 0.77684506 0.47598430 0.78271268 0.50785902 0.78619766 0.50964788 0.78789685 0.57127277 0.79463454 0.57306109 0.79633367 0.63256111 0.80283904 0.63434989 0.80453861 0.69597478 0.81127630 0.69776310 0.81297543 0.75938799 0.81971312 0.76117630 0.82141225 0.77180172 0.82257397 0.77685016 0.80057070 0.76409988 0.79917666 0.76231165 0.79747715 0.69006189 0.78957780 0.68827303 0.78787861 0.61602327 0.77997926 0.61423441 0.77828008 0.58023439 0.77456272 0.57956130 0.77749634 0.57709981 0.77873120 0.56647494 0.77756955 0.56468670 0.77587004 0.51581155 0.77052633 0.51547492 0.77199351
0 0.65372554 0.76756059 0.63460013 0.76546953 0.63426358 0.76693634 0.63180209 0.76817120 0.58292693 0.76282749 0.58158066 0.76869511 0.59008121 0.76962450 0.59186953 0.77132363 0.65986955 0.77875834 0.66165787 0.78045747 0.72753304 0.78765986 0.72932136 0.78935899 0.78032138 0.79493503 0.78772581 0.76266333 0.73247606 0.75662266 0.73068720 0.75492347 0.69031204 0.75050910 0.68761951 0.76224433 0.68515810 0.76347882 0.68347528 0.77081324 0.68101387 0.77204773 0.65551386 0.76925971 0.65372554 0.76756059
0 0.47076416 0.72951227 0.46897568 0.72781313 0.46931223 0.72634632 0.46752386 0.72464680 0.46539886 0.72441446 0.45294581 0.77869018 0.46782085 0.78031653 0.47522536 0.74804446 0.47768688 0.74680998 0.48138914 0.73067395 0.47076416 0.72951227
0 0.83415921 0.74067326 0.83840894 0.74113789 0.84019772 0.74283746 0.85507232 0.74446376 0.85686118 0.74616295 0.85484182 0.75496418 0.85237978 0.75619899 0.84387978 0.75526965 0.84209154 0.75357014 0.84242809 0.75210333 0.81905294 0.74954764 0.81837977 0.75248163 0.81591836 0.75371612 0.81086983 0.77571977 0.83424498 0.77827547 0.83603329 0.77997460 0.83468703 0.78584221 0.86868704 0.78955957 0.87047536 0.79125870 0.86879246 0.79859350 0.86633105 0.79982799 0.85145591 0.79820163 0.84966759 0.79650250 0.84329245 0.79580548 0.84261936 0.79873910 0.84015795 0.79997359 0.80615793 0.79625623 0.80548476 0.79919023 0.80302335 0.80042472 0.79898454 0.81802756 0.80110940 0.81825988 0.80289773 0.81995901 0.82414801 0.82228239 0.82717709 0.80908035 0.82963850 0.80784586 0.84451364 0.80947222 0.84630196 0.81117135 0.87392683 0.81419168 0.87571570 0.81589087 0.87470598 0.82029168 0.86978252 0.82276097 0.86128252 0.82183164 0.85623408 0.84383491 0.86473408 0.84476425 0.86652232 0.84646375 0.86416641 0.85673180 0.86170491 0.85796666 0.85320491 0.85703732 0.85074350 0.85827181 0.84973386 0.86267224 0.84727237 0.86390711 0.82814695 0.86181605 0.82635872 0.86011655 0.82837808 0.85131531 0.81775321 0.85015365 0.81596489 0.84845452 0.81933060 0.83378530 0.79595546 0.83122960 0.78720467 0.86936929 0.79570467 0.87029862 0.79749299 0.87199775 0.79581018 0.87933218 0.79334877 0.88056667 0.79122391 0.88033435 0.78943504 0.87863516 0.78305990 0.87793814 0.77531884 0.91167702 0.77285743 0.91291151 0.76107756 0.96425323 0.80782785 0.96936462 0.80951067 0.96203020 0.81197207 0.96079571 0.81702060 0.93879206 0.79364546 0.93623636 0.79185714 0.93453723 0.79454967 0.92280201 0.79947313 0.92033271 0.82072286 0.92265603 0.82173258 0.91825522 0.82419399 0.91702073 0.83481941 0.91818245 0.83784849 0.90498041 0.84030990 0.90374592 0.85093477 0.90490758 0.85339627 0.90367271 0.86402113 0.90483437 0.86738676 0.89016552 0.86526190 0.88993320 0.86347366 0.88823370 0.85709852 0.88753668 0.85474253 0.89780510 0.85228112 0.89903959 0.83953139 0.89764561 0.83774253 0.89594642 0.80799279 0.89269376 0.80620447 0.89099464 0.80721419 0.88659383 0.80542533 0.88489464 0.80609850 0.88196065 0.80856046 0.88072622 0.82131019 0.88212020 0.82198328 0.87918658 0.82444469 0.87795209 0.83294470 0.87888142 0.83328133 0.87741424 0.83574274 0.87617975 0.86336816 0.87920014 0.86515648 0.88089927 0.86940621 0.88136391 0.87344501 0.86376107 0.87590697 0.86252664 0.88566739 0.81998653 0.88387861 0.81828696 0.88421516 0.81682015 0.87784056 0.81612319 0.87605224 0.81442406 0.87807169 0.80562245 0.88053310 0.80438796 0.88861071 0.76918228 0.89107212 0.76794779 0.89532185 0.76841243 0.89936065 0.75080958 0.89511092 0.75034494 0.89332261 0.74864581 0.89635177 0.73544340 0.89881318 0.73420891 0.89914973 0.73274210 0.88639945 0.73134806 0.88461113 0.72964893 0.82511111 0.72314356 0.82107230 0.74074640 0.81861089 0.74198089 0.82039921 0.74368002 0.83102408 0.74484168 0.83169717 0.74190806 0.83415921 0.74067326
0 0.48441822 0.71747191 0.49249583 0.68226622 0.47549583 0.68040754 0.46674504 0.71854722 0.47312007 0.71924423 0.47490850 0.72094337 0.48128353 0.72164038 0.48195670 0.71870638 0.48441822 0.71747191
0 0.48940356 0.61979167 0.48525625 0.63786743 0.50650626 0.64019077 0.51118664 0.61979167 0.48940356 0.61979167
