0 0.30318281 0.34912692 0.31185651 0.28204516 0.31145813 0.25134950 0.30501170 0.24491122 0.22807741 0.23700168 0.22391123 0.24079394 0.21791616 0.34880190 0.28992418 0.35709351 0.30318281 0.34912692
0 0.17724571 0.15669390 0.17042128 0.15177171 0.09008089 0.15106460 0.07768015 0.31705780 0.08072454 0.33714086 0.15803683 0.34353431 0.17724571 0.15669390
0 0.56273515 0.24283131 0.54124634 0.28872242 0.81929860 0.35684572 0.83501801 0.30542427 0.56273515 0.24283131
0 0.84391279 0.24277775 0.56736594 0.17851777 0.56244720 0.23393650 0.83553817 0.29620115 0.84391279 0.24277775
0 1.00000000 0.28798331 0.92053104 0.26628670 0.93298901 0.38367177 0.99938712 0.39713483 1.00000000 0.39466533 1.00000000 0.28798331
0 0.99033129 0.41186437 0.93022538 0.39587344 0.87005792 0.48567092 0.97171957 0.50810331 0.97650282 0.48891874 0.99033129 0.41186437
0 0.60572585 0.39338504 0.51459144 0.37162888 0.49853615 0.41146719 0.58623406 0.42711362 0.60572585 0.39338504
0 0.51836463 0.33427752 0.51988243 0.35532941 0.60786910 0.37275641 0.61047172 0.35463848 0.51836463 0.33427752
0 0.62736241 0.35760341 0.62818592 0.38340338 0.67523373 0.39546705 0.67339819 0.36934712 0.62736241 0.35760341
0 0.62642854 0.39935841 0.60942215 0.43455692 0.64973830 0.44698411 0.66686877 0.40784545 0.62642854 0.39935841
0 0.40000000 0.60057159 0.29864363 0.59870446 0.29596322 0.60945503 0.27572408 0.84683333 0.27743951 0.84721917 0.40000000 0.85197908 0.40000000 0.60057159
0 0.02826664 0.61887635 0.02624530 0.68785023 0.03120139 0.68908592 0.08897160 0.69044433 0.09251764 0.67622192 0.09283647 0.61410227 0.02826664 0.61887635
0 0.71798062 0.82619423 0.68886177 0.80955734 0.67820140 0.82213519 0.70586305 0.83707318 0.71798062 0.82619423
0 0.75041962 0.75821945 0.73634521 0.75142942 0.73247030 0.75652881 0.72227829 0.75041688 0.70144155 0.77421272 0.71211757 0.77896480 0.70824084 0.78406388 0.72037406 0.79051486 0.75041962 0.75821945
