0 0.43906250 0.48958333 0.43906250 0.43931273 0.28585799 0.46747642 0.29181749 0.48958333 0.43906250 0.48958333
0 0.86835102 0.34084847 0.85879707 0.31591732 0.82211653 0.32241455 0.66511672 0.35821104 0.64992912 0.36755709 0.65252801 0.37774613 0.67161396 0.38368364 0.86835102 0.34084847
0 0.67952856 0.46481442 0.72843594 0.45615143 0.89034568 0.42081642 0.88323572 0.37415360 0.87832579 0.37369212 0.67306832 0.42069886 0.67729152 0.43725604 0.67029947 0.44115690 0.67702562 0.46126425 0.67952856 0.46481442
0 0.43906250 0.68255558 0.41929910 0.68605628 0.35800832 0.71319298 0.35813194 0.71392187 0.35911757 0.71778606 0.43906250 0.93464406 0.43906250 0.68255558
0 0.85979512 0.74427513 0.81097078 0.73116574 0.79602582 0.78153945 0.84807346 0.79407790 0.85979512 0.74427513
0 0.79262760 0.72529069 0.75242595 0.71626883 0.73408642 0.76654197 0.77831718 0.77485014 0.79262760 0.72529069
0 0.73420346 0.70756497 0.69515021 0.69974342 0.67888558 0.74824531 0.71828140 0.75740989 0.73420346 0.70756497
0 0.67790482 0.69156834 0.63592025 0.68216044 0.62178112 0.73239141 0.66019983 0.74102722 0.67790482 0.69156834
0 0.61694252 0.67709965 0.57945033 0.66549229 0.56225918 0.71696573 0.60084918 0.72627305 0.61694252 0.67709965
0 0.59270131 0.74385908 0.55762660 0.73182351 0.53393826 0.78093850 0.57206499 0.79173160 0.59270131 0.74385908
0 0.65320036 0.75981354 0.61409652 0.74849166 0.59248309 0.79583540 0.63060982 0.80662850 0.65320036 0.75981354
0 0.70720222 0.77340956 0.67022387 0.76381676 0.64975883 0.81236081 0.68788557 0.82315391 0.70720222 0.77340956
0 0.76660346 0.79166407 0.73055163 0.77909971 0.70737714 0.83022927 0.74452677 0.84049358 0.76660346 0.79166407
0 0.83826336 0.80844905 0.78702155 0.79576786 0.76160087 0.84799715 0.81496818 0.86240742 0.83826336 0.80844905
0 0.66458830 1.00000000 0.69289909 0.93526538 0.65442979 0.92312924 0.62259432 1.00000000 0.66458830 1.00000000
0 0.60495493 1.00000000 0.63804083 0.91831176 0.56127350 0.89471099 0.51913676 1.00000000 0.60495493 1.00000000
