0 0.00000000 0.39361577 0.00642629 0.39228342 0.03743292 0.37806824 0.04891128 0.36419393 0.02993828 0.28443478 0.01407705 0.27103768 0.00791179 0.25356449 0.00000000 0.25155440 0.00000000 0.39361577
0 1.00000000 0.32061825 0.99858898 0.32176200 0.99044151 0.32187332 0.98836935 0.32030695 0.98022239 0.32041826 0.98082677 0.34752127 0.97882571 0.34914330 0.98003446 0.40334972 1.00000000 0.40307693 1.00000000 0.32061825
0 0.95518734 0.20274593 0.95646719 0.26014075 0.99923908 0.25955635 0.99422633 0.03476006 0.95756479 0.03526098 0.95841802 0.07352420 0.95641696 0.07514622 0.95780347 0.13732405 0.95580241 0.13894607 0.95718892 0.20112390 0.95518734 0.20274593
0 0.95881625 0.00000000 0.95910420 0.01291294 0.96725063 0.01280163 0.96932331 0.01436812 0.99376417 0.01403418 0.99345122 0.00000000 0.95881625 0.00000000
0 0.00000000 0.55897360 0.07760109 0.57599517 0.08984968 0.54671054 0.00289559 0.52503144 0.00000000 0.53474447 0.00000000 0.55897360
0 0.29906300 0.57176816 0.27380439 0.56399686 0.25799676 0.61443863 0.28130279 0.62225768 0.29906300 0.57176816
0 0.23871633 0.66949053 0.23276585 0.66622474 0.21131033 0.71338958 0.23638384 0.72197087 0.26326020 0.65656998 0.24854323 0.65277156 0.23871633 0.66949053
0 0.15592212 0.72632110 0.08869378 0.70341669 0.07612549 0.74292330 0.14187539 0.76785969 0.15592212 0.72632110
0 0.13637064 0.77457397 0.07517152 0.75452180 0.05992337 0.79404198 0.12236126 0.81534225 0.13637064 0.77457397
0 0.91335634 1.00000000 0.91690781 0.95690016 0.85208955 0.93654392 0.85120330 0.88577041 0.83140233 0.87048865 0.82904046 0.84708881 0.81715306 0.83752919 0.71523108 0.81782060 0.67785466 0.80284563 0.59960521 0.79639779 0.57593267 0.78313703 0.50546045 0.77460002 0.49799001 0.79426464 0.47851562 0.79345984 0.47851562 0.92267043 0.80975356 1.00000000 0.91335634 1.00000000
