0 0.17443428 0.35713570 0.28815226 0.34307972 0.30084612 0.31825182 0.32336433 0.30689974 0.31873308 0.27161283 0.16529400 0.29088807 0.17443428 0.35713570
0 0.94285241 0.00000000 0.86783456 0.09853264 0.86733560 0.10515321 0.89184497 0.12313363 0.93170419 0.13791745 0.97349217 0.08293579 0.98371832 0.05937853 1.00000000 0.04165615 1.00000000 0.00639897 0.98905121 0.00000000 0.94285241 0.00000000
0 0.18095762 0.66056889 0.18857641 0.66065658 0.20308672 0.65916364 0.19490221 0.63524320 0.17680893 0.63746477 0.18095762 0.66056889
0 0.22481398 0.65448555 0.24580939 0.65453136 0.24389533 0.64478431 0.24150201 0.63013486 0.22066529 0.63138143 0.22481398 0.65448555
0 0.34635113 0.61957093 0.32840869 0.62208779 0.33384976 0.64503322 0.37536454 0.64124771 0.36976478 0.61700990 0.34635113 0.61957093
0 0.45807672 0.63109193 0.46916169 0.73205608 0.52262524 0.72942717 0.51446529 0.62023270 0.48426455 0.62000530 0.48392427 0.62791825 0.45807672 0.63109193
0 0.17463864 0.63047348 0.41146115 0.60401906 0.40456902 0.57993993 0.22511009 0.59279169 0.17017258 0.60478461 0.17463864 0.63047348
0 0.83633671 0.74580771 0.81425924 0.73424427 0.81208351 0.75452329 0.83278204 0.76437054 0.83633671 0.74580771
0 0.83355989 0.64510135 0.82328480 0.64115524 0.82266085 0.64921903 0.81484205 0.64479249 0.81033979 0.68339412 0.81800780 0.68586425 0.81738270 0.69392828 0.82642964 0.69811460 0.83355989 0.64510135
0 0.64641947 0.94971818 0.66483586 0.94611605 0.66378070 0.93242668 0.65641415 0.93386754 0.65626335 0.93191113 0.64521352 0.93407240 0.64641947 0.94971818
