0 0.19263702 0.51540134 0.19828637 0.51586850 0.20431440 0.50899824 0.35111951 0.29767680 0.33728031 0.26671473 0.32535398 0.25493246 0.28527014 0.29788661 0.25399401 0.35425018 0.17317846 0.47060805 0.17394556 0.48386666 0.19263702 0.51540134
0 0.68005793 0.29004881 0.64926716 0.26446986 0.64323503 0.28012198 0.63764561 0.28120208 0.60912308 0.25691677 0.60305838 0.28072660 0.66827721 0.33482471 0.68005793 0.29004881
0 0.12384887 0.88794275 0.12412780 0.89090402 0.13369306 0.89012673 0.13542663 0.89147820 0.13570556 0.89443947 0.14527082 0.89366217 0.14700439 0.89501365 0.14728332 0.89797492 0.15206554 0.89758630 0.15379949 0.89893736 0.15407845 0.90189901 0.16842593 0.90073310 0.16731015 0.88888726 0.16876473 0.88727671 0.17035921 0.88714714 0.16896451 0.87234003 0.17041912 0.87072986 0.16944280 0.86036466 0.16147161 0.86101242 0.15973808 0.85966132 0.15945912 0.85669967 0.14670571 0.85773605 0.14497217 0.85638495 0.14469321 0.85342330 0.13353387 0.85433014 0.13006680 0.85162795 0.12978787 0.84866668 0.11225183 0.85009171 0.11267022 0.85453361 0.11121561 0.85614378 0.11400509 0.88575875 0.11573863 0.88710985 0.12211534 0.88659166 0.12384887 0.88794275
0 0.08391498 0.87328313 0.08405444 0.87476376 0.08578802 0.87611524 0.09216513 0.87559702 0.09389867 0.87694812 0.09417759 0.87990939 0.10214837 0.87926166 0.10388191 0.88061275 0.10416087 0.88357440 0.10894350 0.88318575 0.10685141 0.86097472 0.10830602 0.85936454 0.10719024 0.84751871 0.10240802 0.84790732 0.10067407 0.84655626 0.10039511 0.84359461 0.09083026 0.84437188 0.08909672 0.84302078 0.08881779 0.84005951 0.07128176 0.84148454 0.06954778 0.84013310 0.06926885 0.83717183 0.05810992 0.83807863 0.06103883 0.86917385 0.07060368 0.86839659 0.07233722 0.86974768 0.07261618 0.87270933 0.08218144 0.87193203 0.08391498 0.87328313
0 0.05063672 0.86106659 0.05091568 0.86402824 0.05729239 0.86351005 0.05436348 0.83241483 0.04161015 0.83345119 0.03987653 0.83210010 0.03973703 0.83061909 0.03800341 0.82926800 0.02525001 0.83030438 0.02776052 0.85695770 0.03732554 0.85618042 0.03905920 0.85753151 0.03933813 0.86049277 0.04890318 0.85971549 0.05063672 0.86106659
0 0.01430973 0.85059014 0.01604335 0.85194123 0.01618285 0.85342225 0.02255955 0.85290406 0.02004903 0.82625074 0.01367233 0.82676893 0.01193871 0.82541784 0.01165978 0.82245657 0.00050053 0.82336340 0.00259259 0.84557406 0.00432626 0.84692552 0.00460519 0.84988679 0.00619936 0.84975725 0.00793302 0.85110833 0.01430973 0.85059014
0 0.61796856 0.79554286 0.55822995 0.80655107 0.57052888 0.83896101 0.63044088 0.82921664 0.61796856 0.79554286
0 0.66878852 0.82068836 0.68430047 0.81853996 0.67498962 0.79360088 0.65769000 0.79712252 0.65435713 0.78712505 0.63722907 0.79191064 0.65661127 0.83283412 0.67391073 0.82931130 0.66878852 0.82068836
0 0.80772404 0.82558481 0.82323431 0.82343771 0.79983502 0.76746204 0.78449630 0.77087309 0.78518236 0.77592771 0.77163115 0.77796434 0.78939556 0.82152630 0.80490568 0.81937801 0.80772404 0.82558481
0 0.73007249 0.82105204 0.68175065 0.82886918 0.68312277 0.83897841 0.73144446 0.83116009 0.73007249 0.82105204
0 0.76849439 0.79851327 0.69716379 0.81144882 0.69853575 0.82155687 0.77003791 0.80988527 0.76849439 0.79851327
