0 0.22312908 0.22650789 0.21972756 0.10103072 0.13390065 0.10803129 0.11325000 0.11642352 0.09504205 0.11781216 0.07959856 0.12601801 0.03742221 0.13070240 0.04320175 0.25938448 0.11909249 0.25545563 0.14234505 0.24689802 0.16055435 0.24556748 0.17083486 0.23944610 0.19940955 0.23564018 0.22312908 0.22650789
0 0.29322055 0.17984148 0.28713546 0.08635308 0.28174853 0.07881799 0.22081511 0.09178133 0.23292331 0.22013192 0.26926855 0.21431948 0.26988821 0.18497229 0.29322055 0.17984148
0 0.65885417 0.39843750 0.73297286 0.39843750 0.79172662 0.35671426 0.80958114 0.34014450 0.81442277 0.32425636 0.80072823 0.29565896 0.78376602 0.29459315 0.72746354 0.33858296 0.67344554 0.36877291 0.65885417 0.38508414 0.65885417 0.39843750
0 0.09625402 0.84774138 0.10159551 0.85332453 0.24777790 0.80853533 0.24031716 0.76788551 0.09278804 0.81079093 0.09625402 0.84774138
0 0.63207985 0.69459801 0.63112557 0.65360737 0.63838800 0.62977517 0.63375706 0.59874870 0.62325585 0.59539013 0.46173064 0.65270889 0.46223050 0.67418018 0.46919137 0.69335872 0.50042233 0.69172280 0.50518960 0.72860508 0.52345311 0.72960274 0.63207985 0.69459801
0 0.79325316 0.75787712 0.79463137 0.76014339 0.79467787 0.76249166 0.80666423 0.76175357 0.80942066 0.76628671 0.80951368 0.77098385 0.81089188 0.77325012 0.83220051 0.77193798 0.83357872 0.77420425 0.83274160 0.73193295 0.83402713 0.72950205 0.83239937 0.64730713 0.83368457 0.64487686 0.83345204 0.63313490 0.80947967 0.63461106 0.80810146 0.63234480 0.78679283 0.63365694 0.78749043 0.66888282 0.78620524 0.67131369 0.78760045 0.74176605 0.78631525 0.74419633 0.78659430 0.75828716 0.79325316 0.75787712
0 0.74869961 0.73005407 0.75007782 0.73232034 0.75021735 0.73936575 0.76353541 0.73854566 0.76491361 0.74081192 0.76496012 0.74316020 0.77161898 0.74275016 0.77299719 0.74501643 0.77304370 0.74736530 0.77437575 0.74728327 0.77575396 0.74954954 0.78108111 0.74922151 0.78033700 0.71164675 0.78162220 0.70921648 0.78018048 0.63641525 0.78146568 0.63398497 0.76548421 0.63496908 0.76410599 0.63270221 0.73480646 0.63450641 0.73527153 0.65799093 0.73398633 0.66042121 0.73533504 0.72852529 0.74332594 0.72803323 0.74470416 0.73030010 0.74869961 0.73005407
0 0.88869391 0.79667467 0.88603016 0.79683870 0.88644872 0.81797435 0.89177588 0.81764631 0.89315443 0.81991256 0.89320094 0.82226143 0.89457915 0.82452770 0.89467216 0.82922424 0.89999932 0.82889621 0.90137752 0.83116247 0.90803639 0.83075244 0.90941460 0.83301931 0.90946111 0.83536758 0.91745201 0.83487552 0.91670790 0.79730076 0.91799310 0.79487049 0.92065685 0.79470646 0.92000574 0.76182825 0.92129094 0.75939797 0.92110491 0.75000429 0.92239011 0.74757401 0.92771727 0.74724598 0.92900247 0.74481570 0.92835136 0.71193749 0.92963691 0.70950720 0.93496406 0.70917916 0.93624926 0.70674889 0.93587721 0.68796151 0.93716239 0.68553063 0.94115785 0.68528460 0.94244305 0.68285433 0.94377509 0.68277230 0.94349605 0.66868207 0.94478124 0.66625119 0.95010840 0.66592316 0.95139360 0.66349288 0.95097504 0.64235724 0.95226023 0.63992636 0.95891909 0.63951632 0.95840752 0.61368413 0.95969306 0.61125383 0.96635192 0.61084379 0.96616588 0.60144951 0.93020748 0.60366375 0.92882928 0.60139748 0.88887577 0.60385773 0.89027099 0.67431069 0.88898545 0.67674099 0.89065971 0.76128418 0.88937451 0.76371446 0.88997910 0.79424379 0.88869391 0.79667467
0 0.83692307 0.74108001 0.83785322 0.78804905 0.84318038 0.78772102 0.84593713 0.79225353 0.85126429 0.79192550 0.85264250 0.79419176 0.85268900 0.79654004 0.85801616 0.79621200 0.85939438 0.79847887 0.85944088 0.80082714 0.86081943 0.80309339 0.86614625 0.80276538 0.86752481 0.80503222 0.86757131 0.80738050 0.86894952 0.80964677 0.86899602 0.81199504 0.87032773 0.81191303 0.87170628 0.81417928 0.87299148 0.81174901 0.88364579 0.81109294 0.88332024 0.79465383 0.88460544 0.79222355 0.88302420 0.71237751 0.88430940 0.70994723 0.88272815 0.63010058 0.88401335 0.62767031 0.88354828 0.60418578 0.88217007 0.60191952 0.84354827 0.60429776 0.84217006 0.60203149 0.83950631 0.60219552 0.83822111 0.60462580 0.83688941 0.60470780 0.83805208 0.66341820 0.83676688 0.66584848 0.83820861 0.73864971 0.83692307 0.74108001
0 0.87803543 0.59512011 0.88868974 0.59446404 0.89006796 0.59673091 0.92469431 0.59459869 0.92450827 0.58520440 0.92579347 0.58277413 0.92509586 0.54754765 0.91044644 0.54844973 0.90906823 0.54618346 0.90902173 0.54383519 0.90502627 0.54408122 0.90364772 0.54181497 0.89432546 0.54238902 0.89437196 0.54473729 0.89308642 0.54716759 0.87843699 0.54806967 0.87927413 0.59034156 0.87798893 0.59277184 0.87803543 0.59512011
0 0.96735807 0.59432269 0.96624190 0.53796056 0.96491019 0.53804256 0.96353199 0.53577629 0.92757360 0.53799054 0.92859674 0.58965552 0.92731154 0.59208579 0.92735806 0.59443467 0.93801237 0.59377860 0.93939058 0.59604487 0.96735807 0.59432269
0 0.78775248 0.61478756 0.78913103 0.61705380 0.80910761 0.61582369 0.80896809 0.60877827 0.81025362 0.60634798 0.81691249 0.60593794 0.81686598 0.60358967 0.81815118 0.60115939 0.82481038 0.60074933 0.82476387 0.59840046 0.82604907 0.59597018 0.83270793 0.59556015 0.83256840 0.58851473 0.83385360 0.58608445 0.84051246 0.58567442 0.83958232 0.53870597 0.84086786 0.53627568 0.84063533 0.52453372 0.83925677 0.52226687 0.83392995 0.52259488 0.83255140 0.52032864 0.83199332 0.49214757 0.83327886 0.48971728 0.83318584 0.48502013 0.81853607 0.48592223 0.81715752 0.48365598 0.81706451 0.47895884 0.78643361 0.48084503 0.78703821 0.51137496 0.78575267 0.51380526 0.78714789 0.58425822 0.78586269 0.58668849 0.78642077 0.61486956 0.78775248 0.61478756
0 0.73853572 0.48614621 0.73454027 0.48639224 0.73477280 0.49813420 0.73348760 0.50056448 0.73497582 0.57571398 0.73369029 0.57814428 0.73443440 0.61571903 0.74908416 0.61481693 0.75046273 0.61708378 0.78109362 0.61519759 0.77983792 0.55179005 0.78112346 0.54935975 0.77986777 0.48595221 0.78115297 0.48352193 0.77977475 0.48125506 0.75047522 0.48305926 0.74919003 0.48549014 0.74652628 0.48565417 0.74395588 0.49051472 0.73996043 0.49076075 0.73858222 0.48849448 0.73853572 0.48614621
