0 0.18524706 0.45803480 0.19049349 0.45805204 0.19585509 0.45153951 0.32501801 0.25393345 0.31120890 0.22746375 0.29978671 0.21785878 0.26404668 0.25874458 0.23689315 0.31089653 0.16579040 0.41970115 0.16692627 0.43139840 0.18524706 0.45803480
0 0.61786517 0.31595537 0.64223505 0.34901832 0.68402247 0.43584450 0.69091211 0.44276550 0.71108443 0.43894430 0.71372946 0.42969713 0.70174839 0.41461625 0.66255897 0.33925886 0.61549716 0.26402171 0.57673115 0.18466018 0.56887445 0.17787509 0.55601519 0.18461314 0.55337016 0.19386031 0.57935530 0.24543328 0.60618727 0.28899796 0.61786517 0.31595537
0 0.65275773 0.45897550 0.66020670 0.46285942 0.67347370 0.45902254 0.67639055 0.45170949 0.66897294 0.43401493 0.63567475 0.37952510 0.62716985 0.35409407 0.61201577 0.33748681 0.54008748 0.20460251 0.53443672 0.19947971 0.52863436 0.20029518 0.51757330 0.20579435 0.51506418 0.21600858 0.55386155 0.28155947 0.58933433 0.35152223 0.65275773 0.45897550
0 1.00000000 0.17289361 0.86798834 0.25023190 0.84199799 0.26177388 0.83908114 0.26908694 0.85187768 0.28997018 0.86762244 0.28972971 0.87467935 0.28380713 0.88005829 0.28699581 0.89684330 0.31520778 0.91065395 0.31523914 1.00000000 0.26419274 1.00000000 0.17289361
0 0.37589754 0.76346524 0.37631056 0.76694794 0.37924970 0.76645842 0.37615192 0.74033684 0.37468254 0.74058157 0.37300622 0.73908457 0.37259320 0.73560187 0.36524592 0.73682558 0.36356997 0.73532852 0.36210059 0.73557325 0.36042432 0.73407669 0.36021782 0.73233534 0.35580929 0.73306960 0.35890713 0.75919163 0.36331565 0.75845737 0.36499192 0.75995393 0.36540493 0.76343662 0.37422160 0.76196818 0.37589754 0.76346524
0 0.30752319 0.74288756 0.31634024 0.74141905 0.31801613 0.74291567 0.31842920 0.74639882 0.32577648 0.74517510 0.32745275 0.74667166 0.32786582 0.75015480 0.33374334 0.74917588 0.33541961 0.75067243 0.33583263 0.75415513 0.34464929 0.75268669 0.34800150 0.75568031 0.34820801 0.75742166 0.35555529 0.75619794 0.35287053 0.73355906 0.34993177 0.73404852 0.34825550 0.73255196 0.34804899 0.73081061 0.34637305 0.72931355 0.33167810 0.73176104 0.33000221 0.73026442 0.32958914 0.72678128 0.32077248 0.72824973 0.31909621 0.72675317 0.31868320 0.72327047 0.30839715 0.72498365 0.30672088 0.72348709 0.30630781 0.72000395 0.29749114 0.72147240 0.29831723 0.72843824 0.29705436 0.73042432 0.29808700 0.73913196 0.30543429 0.73790824 0.30711018 0.73940486 0.30752319 0.74288756
0 0.13265547 0.77201240 0.13433174 0.77350896 0.13453830 0.77525075 0.13894682 0.77451650 0.14062271 0.77601311 0.15237852 0.77405514 0.15405441 0.77555176 0.15446748 0.77903491 0.16916205 0.77658748 0.16895554 0.77484613 0.17021874 0.77285954 0.16897963 0.76241099 0.17024251 0.76042491 0.17171189 0.76018018 0.16902707 0.73754085 0.15580188 0.73974355 0.15412600 0.73824694 0.15391949 0.73650559 0.14951096 0.73723984 0.14783508 0.73574322 0.14342655 0.73647748 0.14175061 0.73498041 0.14154410 0.73323906 0.13860496 0.73372859 0.13692907 0.73223197 0.12811203 0.73370048 0.12643609 0.73220341 0.12622958 0.73046206 0.12476020 0.73070679 0.12308431 0.72921017 0.11573665 0.73043395 0.11883448 0.75655598 0.11757161 0.75854206 0.11922378 0.77247375 0.12951020 0.77076051 0.13118609 0.77225713 0.13265547 0.77201240
0 0.24314435 0.71809293 0.24335091 0.71983472 0.24628967 0.71934526 0.24796594 0.72084182 0.25237446 0.72010756 0.25405035 0.72160418 0.25446337 0.72508688 0.26181066 0.72386316 0.26348660 0.72536023 0.26389961 0.72884293 0.27271666 0.72737442 0.27439260 0.72887148 0.27480562 0.73235418 0.28215290 0.73113047 0.28382879 0.73262708 0.28403530 0.73436843 0.28697444 0.73387891 0.28865038 0.73537597 0.29452829 0.73439699 0.29308262 0.72220665 0.29161324 0.72245138 0.28993735 0.72095476 0.28952428 0.71747162 0.28070724 0.71894013 0.27903135 0.71744351 0.27861833 0.71396081 0.26392376 0.71640824 0.26224744 0.71491124 0.26183443 0.71142854 0.25301776 0.71289699 0.24966555 0.70990337 0.24945904 0.70816202 0.24652028 0.70865148 0.24484401 0.70715492 0.23749673 0.70837864 0.23582084 0.70688202 0.23540777 0.70339887 0.21924344 0.70609110 0.22027603 0.71479829 0.23056246 0.71308505 0.23223835 0.71458167 0.23265142 0.71806482 0.24146846 0.71659631 0.24314435 0.71809293
0 0.08565634 0.76740915 0.09447301 0.76594071 0.09614895 0.76743777 0.09656197 0.77092047 0.11125691 0.76847297 0.11293286 0.76997004 0.11334587 0.77345274 0.11628501 0.77296321 0.11132850 0.73116815 0.10838936 0.73165767 0.10671347 0.73016105 0.10630040 0.72667791 0.09160546 0.72912540 0.08992956 0.72762878 0.08951650 0.72414564 0.07629131 0.72634834 0.07461542 0.72485172 0.07314604 0.72509645 0.07146977 0.72359990 0.07126326 0.72185854 0.06958737 0.72036193 0.06077070 0.72183037 0.06572722 0.76362544 0.07454388 0.76215699 0.07621977 0.76365361 0.07663279 0.76713631 0.08398007 0.76591259 0.08565634 0.76740915
0 0.20622476 0.71003515 0.20663783 0.71351830 0.21692425 0.71180506 0.21609817 0.70483921 0.21168965 0.70557347 0.21001370 0.70407640 0.20960069 0.70059370 0.20225340 0.70181742 0.19890125 0.69882424 0.19869469 0.69708245 0.18840826 0.69879569 0.18923434 0.70576153 0.19217349 0.70527201 0.19384937 0.70676863 0.19426244 0.71025177 0.20454887 0.70853853 0.20622476 0.71003515
0 0.03383537 0.76005751 0.03551118 0.76155414 0.04873675 0.75935138 0.05041269 0.76084844 0.05082571 0.76433114 0.06111213 0.76261790 0.06069912 0.75913520 0.06196194 0.75714867 0.05762500 0.72057810 0.05468586 0.72106763 0.05300997 0.71957101 0.05259690 0.71608786 0.03790233 0.71853529 0.03622644 0.71703867 0.03581343 0.71355598 0.02993515 0.71453502 0.02825933 0.71303839 0.01944251 0.71450687 0.01776646 0.71300982 0.01755995 0.71126847 0.01168205 0.71224746 0.01000604 0.71075086 0.01351690 0.74035558 0.01225395 0.74234168 0.01411268 0.75801516 0.03174639 0.75507820 0.03342235 0.75657481 0.03383537 0.76005751
0 0.16175137 0.70145974 0.16469014 0.70097028 0.16636640 0.70246684 0.16677947 0.70594998 0.17706552 0.70423681 0.17541335 0.69030512 0.16659668 0.69177356 0.16492079 0.69027695 0.16471423 0.68853515 0.16177509 0.68902467 0.16009920 0.68752805 0.14834340 0.68948603 0.14666713 0.68798947 0.14625406 0.68450632 0.13596801 0.68621950 0.13741368 0.69840984 0.14623034 0.69694139 0.14790623 0.69843801 0.14831930 0.70192116 0.16007511 0.69996319 0.16175137 0.70145974
0 0.00000000 0.75008298 0.00132422 0.75126549 0.00173729 0.75474864 0.00908465 0.75352491 0.00763899 0.74133457 0.00890198 0.73934847 0.00559764 0.71148509 0.00118923 0.71221933 0.00000000 0.71115711 0.00000000 0.75008298
0 0.09314680 0.69157578 0.09335331 0.69331713 0.09629207 0.69282767 0.09796796 0.69432429 0.10972377 0.69236632 0.11139971 0.69386338 0.11160622 0.69560473 0.11307598 0.69535994 0.11475187 0.69685656 0.12650767 0.69489859 0.12818362 0.69639565 0.12859663 0.69987835 0.13300515 0.69914410 0.13155949 0.68695376 0.12988360 0.68545714 0.12841422 0.68570187 0.12673795 0.68420531 0.12653144 0.68246396 0.12485550 0.68096690 0.11750822 0.68219061 0.11583233 0.68069399 0.11562582 0.67895265 0.10974754 0.67993169 0.10807160 0.67843463 0.09925493 0.67990308 0.09757866 0.67840652 0.09737215 0.67666517 0.09590277 0.67690990 0.09422688 0.67541328 0.08834898 0.67639227 0.08667309 0.67489565 0.08646653 0.67315385 0.08499677 0.67339865 0.08332088 0.67190203 0.07597359 0.67312574 0.07429771 0.67162912 0.07388464 0.66814598 0.06359821 0.66985922 0.06566345 0.68727405 0.07594988 0.68556081 0.07762577 0.68705743 0.07803883 0.69054058 0.08979464 0.68858261 0.09314680 0.69157578
0 0.00000000 0.67334829 0.00399309 0.67268323 0.00566911 0.67418028 0.00608213 0.67766298 0.02077692 0.67521551 0.02245289 0.67671212 0.02286596 0.68019526 0.03756053 0.67774783 0.04091268 0.68074101 0.04111924 0.68248280 0.04993591 0.68101436 0.05161218 0.68251091 0.05202519 0.68599361 0.06084186 0.68452516 0.06063535 0.68278381 0.06189823 0.68079773 0.06024605 0.66686604 0.04996001 0.66857922 0.04828374 0.66708267 0.04787067 0.66359952 0.04052339 0.66482324 0.03884750 0.66332662 0.03864093 0.66158482 0.03696504 0.66008821 0.02814800 0.66155671 0.02647211 0.66006010 0.02605910 0.65657740 0.01136434 0.65902486 0.00968828 0.65752781 0.00927526 0.65404512 0.00000000 0.65558994 0.00000000 0.67334829
0 0.54527770 0.70409715 0.50656024 0.78698654 0.74147781 0.84022823 0.77896682 0.75919277 0.54527770 0.70409715
