0 0.28663345 0.58633240 0.30847422 0.59067883 0.36334196 0.56334737 0.36447287 0.55152092 0.25189055 0.36947769 0.23108541 0.32394307 0.21105677 0.31751203 0.15618903 0.34484349 0.15365473 0.36459964 0.22041658 0.47936276 0.27403051 0.54609790 0.28663345 0.58633240
0 0.42395951 0.50624543 0.41493986 0.48925510 0.40034758 0.47657023 0.28527193 0.28686977 0.26746414 0.28419922 0.25700012 0.30255199 0.27295483 0.33472053 0.39469304 0.53570246 0.42142521 0.52600159 0.42395951 0.50624543
0 1.00000000 0.14457172 0.86743296 0.07350261 0.79152908 0.19855702 0.94659001 0.27545954 1.00000000 0.17427599 1.00000000 0.14457172
0 0.78735423 0.53744308 0.86729537 0.41107405 0.72295981 0.32516315 0.64581316 0.44720758 0.78735423 0.53744308
0 0.26231795 0.59960938 0.23700323 0.60940791 0.26349069 0.69775413 0.32003417 0.67689387 0.29838068 0.59960938 0.26231795 0.59960938
0 0.53101528 1.00000000 0.52793203 0.97243437 0.48936848 0.98203065 0.49094488 1.00000000 0.53101528 1.00000000
0 0.01832970 0.92589332 0.01670305 0.94806979 0.15115728 0.94076430 0.15098141 0.92040600 0.12402796 0.87571816 0.04781591 0.88253642 0.01832970 0.92589332
0 0.15757308 0.91261126 0.16926138 0.90943877 0.14324370 0.68268766 0.13333146 0.68582795 0.10652011 0.77052279 0.11707760 0.84456171 0.15757308 0.91261126
0 0.00000000 0.92048429 0.01591845 0.91967097 0.04652319 0.86820642 0.04051659 0.75936680 0.00000000 0.70439582 0.00000000 0.76329667 0.02502693 0.79698289 0.02761168 0.82930121 0.01826146 0.83088638 0.01948562 0.84839270 0.01072913 0.84751794 0.01178007 0.86254706 0.00000000 0.86593949 0.00000000 0.92048429
0 0.01169353 0.59960938 0.01207440 0.60995610 0.00000000 0.60977334 0.00000000 0.62255916 0.00012977 0.62926581 0.01731737 0.62722542 0.02928011 0.61456013 0.04340561 0.61181855 0.04863694 0.61561809 0.04825332 0.62368759 0.08917983 0.61955516 0.09879896 0.62082838 0.10109301 0.59960938 0.01169353 0.59960938
0 0.88014724 1.00000000 0.67143619 0.90185069 0.54882812 0.85915743 0.54882812 0.93144317 0.61485161 0.96062851 0.68283334 1.00000000 0.88014724 1.00000000
