0 0.00000000 0.12589544 0.09142686 0.13216685 0.09223631 0.07940253 0.00000000 0.07008194 0.00000000 0.12589544
0 0.54929990 0.17671199 0.54891897 0.18185489 0.55121526 0.18365933 0.55096133 0.18708764 0.54841107 0.18871193 0.54598840 0.18862210 0.54369270 0.18681811 0.51946417 0.18591969 0.51691453 0.18754401 0.51678757 0.18925816 0.51423790 0.19088292 0.50939195 0.19070322 0.50709628 0.18889880 0.50467361 0.18880896 0.50441964 0.19223771 0.50186939 0.19386200 0.49702405 0.19368233 0.49192475 0.19693140 0.48223284 0.19657202 0.48210588 0.19828617 0.47955624 0.19991048 0.47228824 0.19964098 0.47203428 0.20306972 0.46948402 0.20469401 0.46706135 0.20460418 0.46476565 0.20280020 0.45991970 0.20262050 0.45953876 0.20776339 0.46183447 0.20956738 0.46158053 0.21299568 0.46387685 0.21479969 0.46362289 0.21822844 0.46591859 0.22003242 0.46566462 0.22346116 0.46796032 0.22526515 0.46770639 0.22869345 0.47000268 0.23049790 0.46974875 0.23392621 0.47204441 0.23573063 0.47179048 0.23915893 0.47408618 0.24096292 0.47383221 0.24439166 0.47612792 0.24619565 0.47587395 0.24962439 0.47816965 0.25142837 0.47791572 0.25485668 0.48021204 0.25666069 0.47995807 0.26008943 0.48225378 0.26189342 0.48199981 0.26532216 0.48429551 0.26712614 0.48404158 0.27055445 0.48633787 0.27235889 0.48608393 0.27578720 0.48837960 0.27759162 0.48812567 0.28101993 0.49042137 0.28282391 0.49016740 0.28625265 0.51681861 0.28724091 0.51936827 0.28561615 0.53148223 0.28606535 0.53160920 0.28435120 0.53415883 0.28272688 0.54869607 0.28326594 0.54895001 0.27983763 0.55149968 0.27821288 0.56119096 0.27857224 0.56348725 0.28037669 0.56374122 0.27694795 0.56629085 0.27532363 0.57840481 0.27577283 0.57853181 0.27405824 0.58108144 0.27243392 0.59561869 0.27297298 0.59574566 0.27125882 0.59829529 0.26963451 0.61040925 0.27008370 0.61066321 0.26665496 0.61321285 0.26503065 0.61563613 0.26512050 0.61793184 0.26692449 0.61805880 0.26521034 0.61576310 0.26340635 0.61601707 0.25997761 0.61372075 0.25817360 0.61397468 0.25474530 0.61167901 0.25294087 0.61180598 0.25122672 0.60951028 0.24942273 0.60963728 0.24770814 0.59510003 0.24716909 0.59280433 0.24536510 0.59293130 0.24365095 0.59063560 0.24184697 0.59088956 0.23841822 0.58119827 0.23805886 0.57890257 0.23625488 0.57915654 0.23282613 0.57686021 0.23102212 0.57724112 0.22587967 0.57494545 0.22407524 0.57532638 0.21893235 0.57303068 0.21712837 0.57558031 0.21550405 0.59738556 0.21631261 0.59763949 0.21288430 0.59534382 0.21107988 0.59559776 0.20765158 0.59330209 0.20584715 0.59355602 0.20241885 0.59126032 0.20061486 0.58641437 0.20043517 0.58386473 0.20205949 0.57417344 0.20170012 0.57187774 0.19989614 0.57238564 0.19303909 0.57493531 0.19141434 0.58704926 0.19186353 0.58730320 0.18843523 0.58500750 0.18663124 0.58526146 0.18320250 0.58296576 0.18139852 0.58321973 0.17796978 0.58092341 0.17616576 0.58117734 0.17273746 0.57888164 0.17093348 0.57900864 0.16921888 0.57416330 0.16903921 0.57186760 0.16723523 0.57161364 0.17066397 0.56906338 0.17228826 0.55452676 0.17174923 0.54942687 0.17499784 0.54700420 0.17490801 0.54929990 0.17671199
0 0.81107139 0.11937925 0.80852176 0.12100357 0.78913918 0.12028485 0.78901221 0.12199900 0.79130788 0.12380342 0.79105394 0.12723172 0.79334964 0.12903571 0.79309568 0.13246445 0.79539138 0.13426844 0.79526441 0.13598259 0.79756008 0.13778702 0.79730615 0.14121532 0.79960247 0.14301933 0.79934850 0.14644807 0.80164421 0.14825206 0.80151724 0.14996621 0.80381291 0.15177063 0.80355897 0.15519894 0.80585529 0.15700295 0.82039192 0.15754198 0.82268762 0.15934596 0.82243365 0.16277471 0.81988402 0.16439902 0.81963005 0.16782777 0.81708042 0.16945208 0.81223446 0.16927239 0.81210750 0.17098654 0.81440320 0.17279053 0.81414923 0.17621927 0.81644555 0.17802328 0.81631855 0.17973787 0.81861426 0.18154185 0.81836032 0.18497016 0.82065602 0.18677414 0.82040206 0.19020289 0.82269838 0.19200689 0.82257138 0.19372149 0.82486708 0.19552547 0.82461315 0.19895378 0.82690885 0.20075776 0.82678185 0.20247235 0.82907755 0.20427634 0.82882358 0.20770508 0.83111928 0.20950907 0.83086535 0.21293737 0.83316167 0.21474138 0.83303467 0.21645597 0.85241725 0.21717469 0.85254425 0.21546010 0.85509389 0.21383579 0.86478518 0.21419515 0.86503911 0.21076685 0.86758874 0.20914253 0.88454866 0.20977142 0.88709832 0.20814666 0.88722529 0.20643251 0.88977492 0.20480820 0.88990192 0.20309361 0.88760622 0.20128962 0.88773319 0.19957547 0.88543749 0.19777148 0.88569145 0.19434274 0.88339575 0.19253875 0.88352272 0.19082460 0.88122705 0.18902018 0.88148098 0.18559187 0.87918466 0.18378787 0.87931163 0.18207371 0.87701596 0.18026929 0.87726989 0.17684098 0.87497423 0.17503656 0.87560909 0.16646536 0.87331277 0.16466135 0.87343974 0.16294720 0.87101707 0.16285737 0.86642570 0.15924896 0.86667963 0.15582065 0.86438394 0.15401667 0.86451093 0.15230208 0.86221461 0.15049807 0.86246858 0.14706932 0.86017288 0.14526534 0.86042681 0.14183704 0.85813111 0.14003305 0.85825811 0.13831846 0.85596179 0.13651445 0.85621575 0.13308571 0.85392005 0.13128172 0.85417399 0.12785342 0.85187829 0.12604943 0.85200528 0.12433484 0.84970958 0.12253086 0.85225922 0.12090654 0.85238621 0.11919195 0.84754088 0.11901228 0.84524456 0.11720827 0.84562546 0.11206581 0.84332979 0.11026139 0.83606117 0.10999186 0.83376547 0.10818788 0.82649684 0.10791835 0.82394721 0.10954266 0.82382021 0.11125725 0.82127058 0.11288157 0.81400196 0.11261204 0.81145232 0.11423636 0.81107139 0.11937925
0 0.49151278 0.10409155 0.48921646 0.10228754 0.48679380 0.10219771 0.48424416 0.10382202 0.48411720 0.10553617 0.48156753 0.10716093 0.46945295 0.10671171 0.46932598 0.10842586 0.47162230 0.11022987 0.47136834 0.11365861 0.47366404 0.11546260 0.47341011 0.11889090 0.47570578 0.12069533 0.47315614 0.12231964 0.45861952 0.12178061 0.45849255 0.12349476 0.45594226 0.12511949 0.44382830 0.12467030 0.44370134 0.12638445 0.44115158 0.12800876 0.42903744 0.12755955 0.42865650 0.13270245 0.43095239 0.13450644 0.43069843 0.13793519 0.43299425 0.13973918 0.43274032 0.14316748 0.43503614 0.14497147 0.43478218 0.14840021 0.43707806 0.15020421 0.43682410 0.15363295 0.43911998 0.15543694 0.43899302 0.15715109 0.44128884 0.15895508 0.44103488 0.16238382 0.44333070 0.16418781 0.44307674 0.16761656 0.44537231 0.16942054 0.44511838 0.17284884 0.44741467 0.17465329 0.44716073 0.17808159 0.44945640 0.17988602 0.44920247 0.18331432 0.45149817 0.18511831 0.45124421 0.18854705 0.45354053 0.19035106 0.45341356 0.19206521 0.47037285 0.19269408 0.46807715 0.19089009 0.46833112 0.18746135 0.47088075 0.18583703 0.48299471 0.18628623 0.48312167 0.18457208 0.48567193 0.18294779 0.50020855 0.18348682 0.50033552 0.18177266 0.49803985 0.17996824 0.49816682 0.17825409 0.49587112 0.17645010 0.49612508 0.17302136 0.49382938 0.17121737 0.49408332 0.16778907 0.49178703 0.16598462 0.49216796 0.16084173 0.48987226 0.15903774 0.49012619 0.15560944 0.49267583 0.15398512 0.50236712 0.15434449 0.50695914 0.15795248 0.51907310 0.15840168 0.52136880 0.16020566 0.54075138 0.16092439 0.54100531 0.15749609 0.54355495 0.15587177 0.54840090 0.15605146 0.55069660 0.15785545 0.55554256 0.15803514 0.55592349 0.15289225 0.55362779 0.15108826 0.55388175 0.14765952 0.55158543 0.14585551 0.55183937 0.14242721 0.54954370 0.14062278 0.54979763 0.13719448 0.54750196 0.13539006 0.54265601 0.13521036 0.54036030 0.13340638 0.53066902 0.13304701 0.52837331 0.13124303 0.52875425 0.12610013 0.53130388 0.12447582 0.54341784 0.12492502 0.54367180 0.12149627 0.54137610 0.11969229 0.54163004 0.11626398 0.53933434 0.11446000 0.53958830 0.11103126 0.53729260 0.10922727 0.53754657 0.10579853 0.53525024 0.10399452 0.53550418 0.10056621 0.53320851 0.09876179 0.53333548 0.09704764 0.51637556 0.09641875 0.51612160 0.09984749 0.51357196 0.10147180 0.50145801 0.10102261 0.50133104 0.10273676 0.49878141 0.10436108 0.49151278 0.10409155
0 0.57374116 0.04353889 0.56889521 0.04335920 0.57119091 0.04516319 0.56864124 0.04678794 0.55410462 0.04624891 0.55385068 0.04967721 0.55130043 0.05130151 0.54160976 0.05094217 0.54148279 0.05265632 0.53893251 0.05428105 0.53166388 0.05401153 0.52936821 0.05220710 0.52694555 0.05211726 0.52669158 0.05554601 0.52414195 0.05717032 0.51929599 0.05699063 0.51700029 0.05518664 0.51215433 0.05500695 0.51190037 0.05843569 0.50935074 0.06006001 0.49723678 0.05961081 0.49213689 0.06285942 0.48729155 0.06267975 0.48703759 0.06610849 0.48958725 0.06448374 0.49443321 0.06466343 0.49672888 0.06646786 0.49647495 0.06989616 0.52070348 0.07079458 0.52083045 0.06908043 0.52338008 0.06745611 0.54760800 0.06835450 0.54990370 0.07015849 0.54735406 0.07178281 0.54493139 0.07169297 0.54429653 0.08026417 0.54174686 0.08188892 0.53932420 0.08179909 0.53919723 0.08351324 0.54161990 0.08360308 0.54391560 0.08540706 0.54378860 0.08712165 0.54123897 0.08874597 0.53639301 0.08856628 0.53613908 0.09199458 0.53843540 0.09379859 0.53830840 0.09551318 0.54799907 0.09587252 0.55029539 0.09767653 0.55004142 0.10110527 0.55731005 0.10137480 0.55960575 0.10317878 0.55947878 0.10489294 0.55437889 0.10814154 0.54468760 0.10778218 0.54456060 0.10949677 0.54685630 0.11130076 0.54660234 0.11472950 0.54889866 0.11653351 0.54864473 0.11996181 0.55094043 0.12176580 0.55068646 0.12519454 0.55298216 0.12699853 0.55272820 0.13042727 0.55502452 0.13223128 0.55477058 0.13565958 0.55706625 0.13746401 0.55681232 0.14089231 0.55910799 0.14269674 0.55885405 0.14612504 0.56114975 0.14792903 0.56089579 0.15135777 0.56319149 0.15316175 0.56293752 0.15659049 0.56523385 0.15839451 0.57977047 0.15893354 0.58015140 0.15379064 0.57785570 0.15198666 0.57810967 0.14855792 0.58065930 0.14693360 0.59277388 0.14738282 0.59302781 0.14395452 0.59073153 0.14215007 0.59098546 0.13872176 0.58868979 0.13691734 0.58894372 0.13348904 0.58664802 0.13168505 0.58690199 0.12825631 0.58460567 0.12645230 0.58485963 0.12302356 0.58256393 0.12121957 0.58269090 0.11950542 0.58039520 0.11770143 0.58064916 0.11427269 0.57835346 0.11246871 0.58090310 0.11084439 0.58817172 0.11111392 0.58829872 0.10939932 0.59084835 0.10777501 0.59327102 0.10786484 0.59377892 0.10100780 0.59632917 0.09938351 0.60601984 0.09974285 0.60614681 0.09802869 0.60869710 0.09640396 0.61354243 0.09658363 0.61366940 0.09486948 0.61621965 0.09324519 0.61864232 0.09333502 0.62119195 0.09171070 0.62131892 0.08999655 0.62386859 0.08837180 0.62629125 0.08846163 0.62399555 0.08665764 0.62424952 0.08322890 0.62195382 0.08142492 0.62220775 0.07799662 0.61761638 0.07438820 0.61774335 0.07267405 0.61544703 0.07087004 0.61557403 0.06915545 0.61812428 0.06753116 0.61825125 0.06581701 0.61595493 0.06401300 0.61608189 0.06229885 0.61863218 0.06067411 0.62105485 0.06076395 0.62130878 0.05733564 0.61901311 0.05553122 0.61914008 0.05381707 0.61684376 0.05201306 0.61697072 0.05029891 0.61467502 0.04849492 0.61480202 0.04678033 0.61250632 0.04497634 0.61263329 0.04326219 0.61033700 0.04145775 0.61046396 0.03974368 0.60816827 0.03793961 0.59847698 0.03758024 0.59618128 0.03577617 0.59375862 0.03568634 0.59120835 0.03731072 0.59108138 0.03902496 0.58853175 0.04064918 0.57641779 0.04019999 0.57629079 0.04191458 0.57374116 0.04353889
0 0.64833015 0.02052016 0.64578051 0.02214461 0.63851188 0.02187508 0.63813096 0.02701784 0.63558132 0.02864229 0.63315865 0.02855246 0.63303167 0.03026674 0.63048141 0.03189112 0.62563608 0.03171145 0.62308644 0.03333586 0.62219761 0.04533571 0.62704295 0.04551538 0.62933865 0.04731936 0.62883075 0.05417641 0.63112707 0.05598042 0.63087310 0.05940916 0.63316880 0.06121315 0.63291484 0.06464189 0.63521054 0.06644587 0.63508357 0.06816002 0.63737989 0.06996404 0.63712593 0.07339278 0.63942163 0.07519676 0.63802490 0.09405375 0.62782571 0.10055143 0.62540242 0.10046157 0.61520385 0.10695928 0.61278057 0.10686942 0.60258138 0.11336710 0.60015871 0.11327727 0.59876198 0.13213425 0.60360731 0.13231392 0.60590363 0.13411793 0.60501480 0.14611787 0.61228343 0.14638739 0.61241039 0.14467324 0.61496006 0.14304849 0.62949668 0.14358752 0.63204694 0.14196322 0.63217391 0.14024907 0.63472357 0.13862432 0.63956891 0.13880399 0.63969587 0.13708984 0.64224551 0.13546552 0.65436009 0.13591474 0.65448705 0.13420059 0.65703669 0.13257627 0.66915064 0.13302547 0.66940461 0.12959673 0.67195486 0.12797243 0.70102812 0.12905050 0.70332443 0.13085451 0.70281654 0.13771155 0.71250783 0.13807091 0.71480353 0.13987490 0.74630006 0.14104282 0.74642703 0.13932867 0.74897729 0.13770438 0.76109124 0.13815358 0.76121821 0.13643942 0.76376787 0.13481467 0.77588183 0.13526387 0.77638973 0.12840682 0.77154440 0.12822715 0.76924870 0.12642316 0.77039146 0.11099492 0.77294110 0.10937061 0.78020910 0.10964011 0.78275938 0.10801538 0.78518205 0.10810521 0.78530902 0.10639106 0.78785865 0.10476675 0.79512728 0.10503627 0.79742297 0.10684026 0.79984564 0.10693009 0.80009961 0.10350135 0.80264986 0.10187706 0.81234115 0.10223642 0.81744042 0.09898779 0.82713171 0.09934715 0.82968197 0.09772286 0.83069776 0.08400877 0.82585181 0.08382908 0.82355614 0.08202465 0.82406404 0.07516761 0.81437275 0.07480824 0.80978073 0.07120025 0.81028863 0.06434320 0.80786596 0.06425337 0.80557029 0.06244894 0.80595119 0.05730649 0.80365487 0.05550248 0.80123220 0.05541264 0.79893653 0.05360822 0.79969837 0.04332278 0.78758441 0.04287358 0.78528810 0.04106944 0.78554205 0.03764092 0.77100543 0.03710189 0.77087846 0.03881613 0.76832881 0.04044058 0.75863752 0.04008121 0.75838357 0.04350974 0.75583393 0.04513414 0.74614202 0.04477476 0.74384633 0.04297068 0.74359239 0.04639898 0.74104273 0.04802374 0.72408281 0.04739485 0.72178715 0.04559042 0.72229503 0.03873360 0.71999934 0.03692948 0.71757667 0.03683965 0.71528036 0.03503555 0.71604221 0.02474998 0.71119687 0.02457031 0.70890056 0.02276617 0.70940846 0.01590913 0.69002588 0.01519040 0.68989890 0.01690468 0.68734926 0.01852913 0.67523530 0.01807994 0.67510833 0.01979417 0.67255869 0.02141858 0.64833015 0.02052016
0 0.73860992 0.01527300 0.73848295 0.01698724 0.74077864 0.01879136 0.74052469 0.02221988 0.74282038 0.02402395 0.74256643 0.02745252 0.74486212 0.02925659 0.75697670 0.02970581 0.75710368 0.02799157 0.75965332 0.02636712 0.76934461 0.02672649 0.76959856 0.02329796 0.77214820 0.02167356 0.78183949 0.02203292 0.78413518 0.02383700 0.79624976 0.02428622 0.79637673 0.02257198 0.79408042 0.02076784 0.79420740 0.01905355 0.79191171 0.01724948 0.79216565 0.01382096 0.78986996 0.01201684 0.79012391 0.00858836 0.78782760 0.00678422 0.78795457 0.00506996 0.78565888 0.00326586 0.73235710 0.00128938 0.73210314 0.00471790 0.73439884 0.00652202 0.73427186 0.00823626 0.73656756 0.01004033 0.73631361 0.01346890 0.73860992 0.01527300
0 0.19759196 0.84596913 0.23232670 0.85135518 0.23337245 0.79231602 0.19937674 0.78704457 0.19759196 0.84596913
0 0.22115111 0.68736682 0.23811023 0.69218918 0.23988559 0.50828262 0.22366551 0.50357485 0.22115111 0.68736682
0 0.37890625 0.67674642 0.34297289 0.67117451 0.27926078 0.67006574 0.27829250 0.72473163 0.29077866 0.73105304 0.28950367 0.84487268 0.37682624 0.85183518 0.37890625 0.73440499 0.37890625 0.67674642
0 0.53417193 0.75792462 0.53026274 0.72055944 0.47811173 0.70804730 0.46838437 0.81901841 0.52998097 0.83789300 0.55923769 0.83942628 0.56836833 0.81447932 0.56671624 0.77136502 0.53417193 0.75792462
0 0.71146658 0.80828815 0.68405809 0.80880754 0.68017378 0.88292457 0.77277311 0.90733555 0.77859958 0.79616000 0.72264989 0.78149296 0.71464366 0.78498499 0.71146658 0.80828815
