0 0.09342792 0.13427876 0.09444800 0.11290783 0.05259811 0.09084826 0.05093043 0.09191020 0.04941391 0.10256379 0.04921981 0.11102976 0.05132527 0.11399478 0.09342792 0.13427876
0 0.13850916 0.21886675 0.14083351 0.22384526 0.16265549 0.23390018 0.16568852 0.21259299 0.16795423 0.21088113 0.21121905 0.23365437 0.21318242 0.21275921 0.20966203 0.20908053 0.05044064 0.12020938 0.04817493 0.12192124 0.04573992 0.14257851 0.13742378 0.19453080 0.14034615 0.19885939 0.13850916 0.21886675
0 0.66919067 0.38970588 0.67255613 0.38194104 0.65352827 0.37878906 0.65178660 0.37692466 0.62562374 0.37259077 0.62388268 0.37072647 0.62515739 0.36778545 0.58472271 0.36108742 0.58298165 0.35922312 0.58361909 0.35775242 0.58187803 0.35588813 0.54382230 0.34958417 0.54033957 0.34585548 0.53558291 0.34506753 0.53384185 0.34320324 0.49816445 0.33729325 0.49642355 0.33542858 0.48690901 0.33385249 0.48389325 0.33492922 0.48006945 0.34375154 0.48181051 0.34561583 0.49132505 0.34719193 0.49306595 0.34905660 0.48924215 0.35787892 0.48622655 0.35895527 0.47909095 0.35777325 0.47734928 0.35590885 0.47497095 0.35551488 0.47305897 0.35992623 0.65283281 0.38970588 0.66919067 0.38970588
0 0.36962891 0.34279297 0.46592398 0.35874431 0.46719868 0.35580329 0.45530581 0.35383323 0.45356475 0.35196893 0.45866325 0.34020559 0.46167885 0.33912924 0.46341992 0.34099353 0.47531279 0.34296360 0.48041129 0.33120025 0.47867023 0.32933596 0.44774949 0.32421392 0.44600860 0.32234924 0.44664587 0.32087892 0.44426754 0.32048495 0.44252648 0.31862065 0.39733514 0.31113468 0.39559347 0.30927028 0.39686818 0.30632926 0.36962891 0.30181705 0.36962891 0.34279297
0 0.58677192 0.28577939 0.59152919 0.28656744 0.59327025 0.28843173 0.59008373 0.29578373 0.58706797 0.29686046 0.57993236 0.29567844 0.57228461 0.31332346 0.57704127 0.31411140 0.57878294 0.31597580 0.57559642 0.32332779 0.57258004 0.32440442 0.56782338 0.32361647 0.56272488 0.33537982 0.56748154 0.33616776 0.56922321 0.33803216 0.56858594 0.33950248 0.59950607 0.34462442 0.60298819 0.34835301 0.61012379 0.34953503 0.61186529 0.35139980 0.63564982 0.35533973 0.63739088 0.35720402 0.63675361 0.35867435 0.67956661 0.36576635 0.68130751 0.36763102 0.69557810 0.36999495 0.70003933 0.35970193 0.70305555 0.35862568 0.71019115 0.35980770 0.72166286 0.33333999 0.72769423 0.33118691 0.73245089 0.33197485 0.74201046 0.30991887 0.74502683 0.30884224 0.74630137 0.30590159 0.74931698 0.30482524 0.75645258 0.30600726 0.76728685 0.28101025 0.77331822 0.27885717 0.77807550 0.27964521 0.78763523 0.25758885 0.79065083 0.25651250 0.79778643 0.25769452 0.79842370 0.25622419 0.80143947 0.25514747 0.81571067 0.25751150 0.81762249 0.25310053 0.82063809 0.25202418 0.82191280 0.24908315 0.77672146 0.24159718 0.77608419 0.24306750 0.77306843 0.24414423 0.75166162 0.24059818 0.74992072 0.23873351 0.75055800 0.23726318 0.73866573 0.23529322 0.73692467 0.23342893 0.67270547 0.22279098 0.66968987 0.22386733 0.64590473 0.21992730 0.64416367 0.21806301 0.64717944 0.21698628 0.62101597 0.21265228 0.61273078 0.23176800 0.60971518 0.23284435 0.59123315 0.27548638 0.58821739 0.27656310 0.58503087 0.28391510 0.58677192 0.28577939
0 0.46661915 0.24538825 0.46360294 0.24646450 0.45884628 0.24567656 0.45820901 0.24714688 0.45519341 0.24822323 0.43352469 0.29821763 0.43590303 0.29861160 0.43764408 0.30047590 0.43700665 0.30194660 0.44889952 0.30391666 0.45064058 0.30578096 0.47204678 0.30932691 0.47378784 0.31119120 0.47251329 0.31413185 0.50581236 0.31964786 0.50755326 0.32151253 0.50627872 0.32445318 0.54433445 0.33075714 0.54607535 0.33262181 0.55558928 0.33419780 0.56132521 0.32096376 0.55894688 0.32056979 0.55720582 0.31870549 0.55975508 0.31282382 0.55801341 0.31095942 0.55563508 0.31056545 0.55389402 0.30870115 0.55516872 0.30576013 0.55818433 0.30468378 0.56769826 0.30625977 0.57407147 0.29155540 0.57708768 0.29047915 0.58346072 0.27577516 0.57870345 0.27498711 0.57696256 0.27312244 0.57823710 0.27018179 0.58125287 0.26910507 0.57411727 0.26792305 0.57237621 0.26605875 0.57301348 0.26458843 0.57904468 0.26243573 0.58855923 0.26401182 0.59429516 0.25077777 0.59731077 0.24970142 0.60177200 0.23940840 0.59701472 0.23862036 0.59527366 0.23675606 0.59782291 0.23087439 0.59306564 0.23008634 0.59132459 0.22822205 0.59196186 0.22675172 0.59497762 0.22567500 0.60687050 0.22764506 0.61388098 0.21147037 0.61150264 0.21107640 0.60976098 0.20921200 0.53364951 0.19660409 0.53190845 0.19473979 0.50098832 0.18961785 0.49971378 0.19255850 0.49669801 0.19363523 0.49194074 0.19284718 0.49002876 0.19725853 0.48701316 0.19833488 0.46661915 0.24538825
0 1.00000000 0.20766400 0.99330082 0.20655428 0.99028461 0.20763053 0.98901007 0.21057118 0.98599430 0.21164791 0.98535703 0.21311823 0.98234143 0.21419458 0.98106672 0.21713560 0.97805112 0.21821196 0.97741385 0.21968228 0.97439824 0.22075863 0.97312354 0.22369966 0.97010733 0.22477591 0.96946989 0.22624661 0.96645429 0.22732296 0.97121156 0.22811100 0.97295262 0.22997530 0.97231535 0.23144562 0.98420761 0.23341558 0.98594867 0.23527988 0.98531123 0.23675058 0.98705290 0.23861498 0.98943123 0.23900895 1.00000000 0.21462452 1.00000000 0.20766400
0 0.50991078 0.16903181 0.50277518 0.16784980 0.49512726 0.18549519 0.54983253 0.19455715 0.55157359 0.19642144 0.61579279 0.20705940 0.61961675 0.19823670 0.62263235 0.19716035 0.63601588 0.16628167 0.63125922 0.16549372 0.62951771 0.16362895 0.63015498 0.16215863 0.62301938 0.16097661 0.62127832 0.15911231 0.62255287 0.15617167 0.61541787 0.15498975 0.61367637 0.15312498 0.61431364 0.15165465 0.60242138 0.14968469 0.60068032 0.14782040 0.60131775 0.14634970 0.59180382 0.14477371 0.59006215 0.14290931 0.59069942 0.14143899 0.57880716 0.13946902 0.57532504 0.13574043 0.57596248 0.13426973 0.56882687 0.13308772 0.56708581 0.13122342 0.56772308 0.12975310 0.56296581 0.12896505 0.56122492 0.12710038 0.56186219 0.12563006 0.52856373 0.12011414 0.52554752 0.12119040 0.50961458 0.15795112 0.51437185 0.15873917 0.51611291 0.16060347 0.51292639 0.16795546 0.50991078 0.16903181
0 1.00000000 0.17614422 0.93231394 0.16493198 0.92912742 0.17228398 0.92309561 0.17443658 0.91833895 0.17364863 0.91770151 0.17511933 0.91468591 0.17619569 0.90992864 0.17540764 0.90610484 0.18422996 0.90308908 0.18530669 0.89833180 0.18451864 0.89195876 0.19922263 0.88894299 0.20029936 0.88766845 0.20324001 0.88465285 0.20431636 0.87989618 0.20352842 0.87543495 0.21382144 0.87241874 0.21489769 0.86766208 0.21410974 0.86447540 0.22146211 0.86145918 0.22253837 0.85317416 0.24165370 0.85015856 0.24273006 0.84778022 0.24233608 0.84174886 0.24448916 0.83699159 0.24370112 0.82743185 0.26575748 0.85359532 0.27009148 0.85533638 0.27195577 0.85469911 0.27342610 0.87134864 0.27618410 0.87308970 0.27804840 0.87610531 0.27697205 0.87992927 0.26814935 0.88294487 0.26707300 0.89008047 0.26825502 0.89390427 0.25943270 0.89692064 0.25835607 0.90167730 0.25914401 0.90341820 0.26100869 0.90214365 0.26394933 0.89912789 0.26502606 0.89849062 0.26649639 0.91276182 0.26886042 0.91450288 0.27072472 0.91386561 0.27219504 0.92575787 0.27416500 0.92749893 0.27602930 0.92686149 0.27750000 0.92860316 0.27936439 0.95714435 0.28409226 0.95778162 0.28262194 0.96079800 0.28154531 0.97031193 0.28312130 0.98624471 0.24636094 0.98386638 0.24596697 0.98212471 0.24410258 0.97261078 0.24252659 0.97086972 0.24066229 0.96135578 0.23908630 0.95961473 0.23722201 0.96025216 0.23575131 0.95549489 0.23496326 0.95375383 0.23309897 0.95566581 0.22868762 0.94615188 0.22711163 0.94441082 0.22524733 0.94377355 0.22671766 0.94075733 0.22779391 0.93948263 0.23073493 0.93646702 0.23181128 0.93582959 0.23328198 0.93281398 0.23435834 0.93107293 0.23249404 0.93617143 0.22073070 0.93918719 0.21965397 0.94394386 0.22044191 0.94458113 0.21897159 0.94759734 0.21789534 0.94997567 0.21828931 0.95345840 0.22201800 0.96535066 0.22398796 0.96917446 0.21516565 0.97219006 0.21408929 0.97694733 0.21487734 0.98332054 0.20017297 0.98633614 0.19909662 0.99347114 0.20027853 0.99729509 0.19145584 1.00000000 0.19049067 1.00000000 0.17614422
0 0.76594493 0.15470883 0.76292933 0.15578518 0.75579373 0.15460316 0.75069523 0.16636651 0.74767962 0.16744286 0.73816569 0.16586687 0.73515009 0.16694322 0.73039282 0.16615517 0.72737721 0.16723153 0.72546523 0.17164288 0.72244947 0.17271960 0.69866433 0.16877958 0.69802706 0.17024990 0.69501146 0.17132626 0.68787585 0.17014424 0.68613479 0.16827994 0.67186420 0.16591601 0.67122693 0.16738633 0.66821071 0.16846258 0.65394012 0.16609865 0.65330285 0.16756897 0.65028708 0.16864570 0.64315148 0.16746369 0.63167993 0.19393102 0.62866356 0.19500765 0.62292779 0.20824131 0.64909125 0.21257531 0.65036596 0.20963428 0.65338217 0.20855803 0.67478837 0.21210398 0.67652943 0.21396828 0.67525472 0.21690930 0.67763305 0.21730328 0.67937411 0.21916757 0.72932272 0.22744159 0.73106378 0.22930589 0.75246997 0.23285184 0.75438179 0.22844086 0.75739756 0.22736414 0.78118269 0.23130416 0.78292359 0.23316883 0.78101177 0.23757980 0.81193190 0.24270174 0.81367357 0.24456614 0.82080917 0.24574816 0.82382478 0.24467181 0.82509932 0.24173116 0.82811492 0.24065481 0.83287159 0.24144275 0.83733282 0.23114973 0.84034903 0.23007348 0.84353571 0.22272111 0.84655132 0.22164476 0.85368692 0.22282677 0.86197194 0.20371144 0.86498771 0.20263471 0.87212331 0.20381672 0.87339786 0.20087608 0.86991513 0.19714738 0.87501363 0.18538404 0.87802939 0.18430731 0.88312790 0.17254397 0.88614411 0.17146772 0.89327971 0.17264974 0.89710350 0.16382742 0.90011927 0.16275069 0.90725426 0.16393260 0.90916624 0.15952126 0.87586778 0.15400535 0.87412672 0.15214105 0.79087965 0.13835112 0.78913860 0.13648682 0.78676027 0.13609285 0.78421101 0.14197452 0.78119480 0.14305077 0.77405920 0.14186876 0.77150995 0.14775043 0.76849435 0.14882678 0.76594493 0.15470883
0 0.65173210 0.15942893 0.66600330 0.16179297 0.66791528 0.15738162 0.67394649 0.15522892 0.69535329 0.15877497 0.69709436 0.16063926 0.69645708 0.16210959 0.69819798 0.16397426 0.69756071 0.16544458 0.70945297 0.16741455 0.71072768 0.16447352 0.71374389 0.16339727 0.72087888 0.16457919 0.72151616 0.16310886 0.72453176 0.16203251 0.72928903 0.16282056 0.73056374 0.15987953 0.73357934 0.15880318 0.73833661 0.15959123 0.74088586 0.15370955 0.74390146 0.15263320 0.75103706 0.15381522 0.75486102 0.14499252 0.75787662 0.14391617 0.76263390 0.14470422 0.77346817 0.11970721 0.75444030 0.11655523 0.75269864 0.11469083 0.75715987 0.10439781 0.70007627 0.09494188 0.69943900 0.09641220 0.69642339 0.09748855 0.68215280 0.09512462 0.66622002 0.13188497 0.66320365 0.13296160 0.65173210 0.15942893
0 0.11308857 0.61693629 0.08880237 0.57307675 0.08029006 0.58390144 0.07484147 0.58131792 0.05245165 0.54013431 0.04242650 0.55860377 0.09388262 0.65142741 0.11308857 0.61693629
0 0.97807533 0.45501778 0.97569700 0.45440080 0.97314775 0.46361172 0.97552608 0.46422870 0.97854172 0.46254297 0.97917904 0.46024021 0.97743802 0.45732051 0.97807533 0.45501778
0 0.82134546 0.46865696 0.82007083 0.47326242 0.82720644 0.47511350 0.82894746 0.47803318 0.82639824 0.48724398 0.83353385 0.48909506 0.83527474 0.49201521 0.83463747 0.49431779 0.83701641 0.49493493 0.84049853 0.50077404 0.83986126 0.50307662 0.84461792 0.50431057 0.84635942 0.50723088 0.84508488 0.51183604 0.84856684 0.51767575 0.86283804 0.52137791 0.86457910 0.52429747 0.88360697 0.52923359 0.88424424 0.52693101 0.88725984 0.52524540 0.89201711 0.52647951 0.89804848 0.52310770 0.90280575 0.52434181 0.90582135 0.52265620 0.90645879 0.52035303 0.90947439 0.51866742 0.91185333 0.51928456 0.91249060 0.51698197 0.91550621 0.51529637 0.91678092 0.51069061 0.91979652 0.50900501 0.92217485 0.50962198 0.92281212 0.50731940 0.92582789 0.50563320 0.92820683 0.50625033 0.93075600 0.49703971 0.93377165 0.49535393 0.93614998 0.49597090 0.93678728 0.49366820 0.93980353 0.49198263 0.94218186 0.49259961 0.94519751 0.49091382 0.94710944 0.48400566 0.94536843 0.48108593 0.92158329 0.47491570 0.91984228 0.47199597 0.91746395 0.47137899 0.91572231 0.46845916 0.91873856 0.46677359 0.92587416 0.46862468 0.92714880 0.46401916 0.93016444 0.46233343 0.93492110 0.46356738 0.93666213 0.46648706 0.95331166 0.47080620 0.95458627 0.46620080 0.95284526 0.46328107 0.95603183 0.45176742 0.95904747 0.45008166 0.82347408 0.41491187 0.81136512 0.45866376 0.81374346 0.45928074 0.81548448 0.46220042 0.81484718 0.46450311 0.81960445 0.46573722 0.82134546 0.46865696
