0 0.17141035 0.00000000 0.18144003 0.26997199 0.27129400 0.27125769 0.25990244 0.00000000 0.17141035 0.00000000
0 0.12931012 0.97814454 0.13096614 0.99046651 0.24366844 0.96439384 0.24168116 0.94960698 0.13085710 0.97524513 0.12931012 0.97814454
0 0.08975644 1.00000000 0.11593917 0.99394286 0.11395188 0.97915600 0.11174244 0.97712625 0.10610721 0.97842991 0.10456014 0.98132870 0.03881701 0.99653778 0.03928232 1.00000000 0.08975644 1.00000000
0 0.17914583 0.93104054 0.17693640 0.92901079 0.12809849 0.94030900 0.13008569 0.95509522 0.13229570 0.95712549 0.24124102 0.93192197 0.24278848 0.92902245 0.24113246 0.91670049 0.17914583 0.93104054
0 0.11318047 0.95900610 0.11119327 0.94421987 0.03418014 0.96203616 0.03616735 0.97682239 0.11318047 0.95900610
0 0.24036105 0.89655058 0.23804266 0.87930009 0.12534036 0.90537275 0.12765875 0.92262325 0.24036105 0.89655058
0 0.10975940 0.91914080 0.10876584 0.91174800 0.10655640 0.90971825 0.02954328 0.92753455 0.03153048 0.94232077 0.07473306 0.93232625 0.07694259 0.93435597 0.10887479 0.92696875 0.10821242 0.92204021 0.10975940 0.91914080
0 0.17937279 0.87508536 0.17705432 0.85783423 0.12258166 0.87043599 0.12490013 0.88768711 0.17937279 0.87508536
0 0.05683863 0.88564505 0.05462909 0.88361532 0.02457515 0.89056803 0.02689362 0.90781916 0.03252876 0.90651552 0.03473829 0.90854525 0.10799491 0.89159798 0.10567644 0.87434686 0.05683863 0.88564505
0 0.11794471 0.83593374 0.12026319 0.85318487 0.15783062 0.84449398 0.16004006 0.84652373 0.17318878 0.84348189 0.17053912 0.82376650 0.11794471 0.83593374
0 0.10523621 0.85666122 0.10291774 0.83941010 0.02026938 0.85853005 0.02258786 0.87578118 0.10523621 0.85666122
0 0.77505073 0.62936381 0.79329782 0.67947556 0.86297708 0.65359551 0.83775105 0.59948598 0.77505073 0.62936381
