0 1.00000000 0.26875000 1.00000000 0.15787930 0.99820522 0.15637330 0.99629867 0.13458134 0.91224533 0.14193505 0.90885928 0.13909456 0.89018103 0.14072869 0.88679571 0.13788733 0.88625102 0.13166152 0.88286490 0.12882022 0.88204787 0.11948149 0.86959543 0.12057094 0.86621018 0.11773038 0.79149558 0.12426706 0.79421916 0.15539774 0.79137860 0.15878300 0.80099946 0.26875000 1.00000000 0.26875000
0 0.78531418 0.26875000 0.77363356 0.13523999 0.77647492 0.13185467 0.77347893 0.09761027 0.68631189 0.10523640 0.68292664 0.10239584 0.68102009 0.08060388 0.59073935 0.08850242 0.58735409 0.08566186 0.58571996 0.06698360 0.58233463 0.06414224 0.50762003 0.07067892 0.50423478 0.06783836 0.49178155 0.06892787 0.49940767 0.15609491 0.49656711 0.15948016 0.50609979 0.26843916 0.53723127 0.26571551 0.54061653 0.26855607 0.59353917 0.26392594 0.59692529 0.26676723 0.59709876 0.26875000 0.78531418 0.26875000
0 0.42812500 0.25016557 0.43854582 0.24925387 0.44193107 0.25209443 0.48240128 0.24855375 0.47395812 0.15204798 0.47679941 0.14866187 0.46808384 0.04904239 0.45563140 0.05013184 0.45726561 0.06881089 0.45442504 0.07219614 0.43885890 0.07355801 0.44049304 0.09223626 0.43765254 0.09562231 0.42812500 0.09645586 0.42812500 0.25016557
0 0.04268850 1.00000000 0.03883148 0.95591405 0.00770039 0.95863767 0.01131913 1.00000000 0.04268850 1.00000000
0 0.03392893 0.89987770 0.03676973 0.89649242 0.03486319 0.87470047 0.00061895 0.87769645 0.00688329 0.94929814 0.01933573 0.94820869 0.01851862 0.93886917 0.02135935 0.93548390 0.03692493 0.93412209 0.03392893 0.89987770
0 0.00000000 0.58601566 0.01887285 0.58436450 0.02225834 0.58720504 0.03782385 0.58584324 0.04066457 0.58245797 0.03303844 0.49529093 0.00000000 0.49818142 0.00000000 0.58601566
0 0.10168170 0.52692867 0.09884114 0.53031392 0.08016288 0.53194806 0.08234178 0.55685293 0.07950042 0.56023825 0.08004517 0.56646487 0.09872422 0.56483066 0.10210948 0.56767123 0.10428837 0.59257609 0.10144788 0.59596214 0.08276883 0.59759635 0.08685420 0.64429238 0.10242034 0.64293052 0.10580566 0.64577188 0.10798456 0.67067675 0.10514399 0.67406200 0.08646494 0.67569620 0.08973328 0.71305351 0.10529942 0.71169164 0.10868468 0.71453221 0.11086357 0.73943708 0.10802301 0.74282233 0.08934396 0.74445653 0.09288464 0.78492675 0.10844998 0.78356496 0.11183610 0.78640625 0.11401500 0.81131112 0.11117363 0.81469644 0.09249538 0.81633057 0.09576372 0.85368787 0.09914898 0.85652844 0.11160141 0.85543899 0.11498667 0.85827956 0.11716556 0.88318442 0.11432506 0.88657047 0.09875972 0.88793227 0.09984917 0.90038470 0.09700860 0.90376995 0.09891515 0.92556191 0.11136679 0.92447253 0.11475284 0.92731303 0.11786575 0.92704068 0.12125100 0.92988125 0.12315755 0.95167321 0.12031698 0.95505846 0.10163873 0.95669260 0.10408997 0.98471037 0.18503039 0.97762901 0.18475805 0.97451610 0.18759861 0.97113084 0.22495591 0.96786250 0.22834196 0.97070300 0.22779727 0.96447718 0.23063784 0.96109193 0.27733467 0.95700648 0.28071992 0.95984705 0.31185061 0.95712347 0.30667572 0.89797421 0.30951628 0.89458895 0.30352429 0.82610017 0.30636565 0.82271484 0.30037373 0.75422686 0.30321422 0.75084081 0.29586044 0.66678668 0.29870100 0.66340143 0.29270908 0.59491344 0.29555038 0.59152732 0.28737956 0.49813447 0.29022012 0.49474921 0.28831357 0.47295725 0.28492832 0.47011669 0.07634986 0.48836494 0.07743930 0.50081738 0.08366512 0.50027268 0.08705117 0.50311318 0.09638990 0.50229615 0.09977515 0.50513671 0.10168170 0.52692867
0 0.06654705 0.26875000 0.06744113 0.27896938 0.10791134 0.27542869 0.11129661 0.27826941 0.11347550 0.30317428 0.11063492 0.30655938 0.07016471 0.31010006 0.07179892 0.32877911 0.06895756 0.33216443 0.07113645 0.35706930 0.11160666 0.35352862 0.11499271 0.35636911 0.11717160 0.38127398 0.11433031 0.38466010 0.08319962 0.38738368 0.07981430 0.38454232 0.07358769 0.38508708 0.07549423 0.40687903 0.07265367 0.41026429 0.07401553 0.42583043 0.09269378 0.42419629 0.09607983 0.42703679 0.09825873 0.45194165 0.09541737 0.45532698 0.07673911 0.45696111 0.07864566 0.47875307 0.25297973 0.46350082 0.25636499 0.46634138 0.28749647 0.46361773 0.28150455 0.39512974 0.27527793 0.39567450 0.27189261 0.39283314 0.26562834 0.32123224 0.26846884 0.31784619 0.26417348 0.26875000 0.06654705 0.26875000
0 0.00000000 0.26875000 0.00000000 0.47936020 0.01895187 0.47770213 0.02233737 0.48054267 0.03790295 0.47918086 0.04074367 0.47579559 0.02848734 0.33570512 0.03132807 0.33231985 0.02576643 0.26875000 0.00000000 0.26875000
0 0.81079922 0.55040197 0.70595040 0.49934587 0.68648478 0.54454879 0.79133359 0.59560490 0.81079922 0.55040197
