0 0.07876542 0.00000000 0.08616409 0.09001634 0.20160339 0.06497590 0.19519084 0.00000000 0.07876542 0.00000000
0 0.08740313 0.10067719 0.09405268 0.19352641 0.21162549 0.17104875 0.20350049 0.08278857 0.08740313 0.10067719
0 0.10737728 0.30034818 0.22251799 0.27800976 0.21302586 0.18461130 0.09734987 0.20742390 0.10737728 0.30034818
0 0.11715137 0.40428767 0.23360950 0.37878971 0.22436324 0.28753793 0.10523846 0.31093398 0.11715137 0.40428767
0 0.13015447 0.50965056 0.24425213 0.48361675 0.23359002 0.39206269 0.11697572 0.41462697 0.13015447 0.50965056
0 0.13796727 0.61383716 0.25568937 0.59000849 0.24336297 0.49602144 0.12769371 0.51878014 0.13796727 0.61383716
0 0.19784431 0.69377902 0.22364615 0.69962787 0.26732748 0.69021977 0.25549537 0.60051010 0.13699657 0.62261443 0.14444713 0.67613425 0.19784431 0.69377902
0 0.03416432 0.09831454 0.04449960 0.09510129 0.04116704 0.05489988 0.03416432 0.09831454
0 0.04647078 0.11224809 0.03159357 0.11425234 0.01590224 0.21153368 0.05593826 0.20149630 0.04647078 0.11224809
0 0.00000000 0.32464082 0.06650739 0.30699782 0.05758493 0.21720287 0.01369334 0.22522815 0.00434635 0.28317652 0.00000000 0.32245955 0.00000000 0.32464082
0 0.00000000 0.42696664 0.07628149 0.41093731 0.06713365 0.32318384 0.00000000 0.33611792 0.00000000 0.42696664
0 0.00000000 0.53669773 0.08771829 0.51733171 0.07956421 0.42497315 0.00000000 0.44244075 0.00000000 0.53669773
0 0.00000000 0.62840257 0.02424298 0.63641351 0.09858558 0.62013388 0.08846719 0.52804107 0.00000000 0.54518902 0.00000000 0.62840257
0 0.10211247 0.66214502 0.09925797 0.63153636 0.04370244 0.64284378 0.10211247 0.66214502
0 1.00000000 0.34911204 0.84681502 0.31269034 0.83942794 0.40720090 1.00000000 0.44661217 1.00000000 0.34911204
0 0.00000000 1.00000000 0.03256895 1.00000000 0.12419975 0.81282718 0.12649918 0.80286729 0.07148237 0.77055684 0.00000000 0.91010264 0.00000000 1.00000000
0 0.86774410 1.00000000 0.88091020 0.93149360 0.85795689 0.91978001 0.83336266 0.92211999 0.81684147 1.00000000 0.86774410 1.00000000
0 0.78708823 1.00000000 0.80408456 0.91696421 0.79940069 0.90946845 0.75560104 0.89775290 0.73199543 1.00000000 0.78708823 1.00000000
