0 0.22166742 0.00000000 0.19563286 0.00146128 0.00000000 0.03771650 0.00000000 0.19081321 0.00182041 0.21171138 0.04698581 0.36875000 0.23770799 0.36875000 0.26374214 0.36728872 0.45937500 0.33103350 0.45937500 0.27262505 0.33928338 0.00000000 0.22166742 0.00000000
0 0.68306122 0.36875000 0.71882778 0.30960292 0.71843911 0.30747488 0.64616043 0.27580997 0.61988898 0.28187521 0.56734922 0.36875000 0.68306122 0.36875000
0 0.73870305 0.32869151 0.85189915 0.12367974 0.85021939 0.11640394 0.73285048 0.07298558 0.72115499 0.07568569 0.61104793 0.28097052 0.73870305 0.32869151
0 0.78923697 0.00000000 0.75528290 0.06794135 0.85361450 0.10604181 0.85533944 0.10564358 0.91530667 0.00000000 0.78923697 0.00000000
0 0.00000000 0.99547220 0.26159185 0.94208676 0.25985305 0.92455994 0.28980579 0.91764481 0.28566132 0.89366405 0.00000000 0.95384100 0.00000000 0.99547220
0 0.00000000 0.88447185 0.24743863 0.83287617 0.24338881 0.81533446 0.27159682 0.80882213 0.25601834 0.73228680 0.22455881 0.73927399 0.22189628 0.72124683 0.00000000 0.76898255 0.00000000 0.88447185
0 0.00000000 0.70186832 0.23942724 0.64763532 0.22468572 0.59416698 0.21585057 0.54754870 0.00000000 0.59220792 0.00000000 0.70186832
0 0.00000000 0.51454939 0.19818861 0.47084493 0.18653239 0.42527402 0.00000000 0.46581380 0.00000000 0.51454939
0 0.55063579 0.52470161 0.77465724 0.50257460 0.76693106 0.42149956 0.54605904 0.44628146 0.55063579 0.52470161
0 0.56127084 0.67697240 0.79307267 0.65558564 0.78534649 0.57451059 0.55391530 0.59750278 0.56127084 0.67697240
0 0.57752488 0.82794593 0.80673325 0.80631242 0.80258856 0.72610152 0.56856391 0.74884695 0.57752488 0.82794593
0 0.58958003 0.97904336 0.82477803 0.95771803 0.81760782 0.87905112 0.58216307 0.90296991 0.58958003 0.97904336
