0 0.16624609 1.00000000 0.27694141 0.93936719 0.15535547 0.73391406 0.05433984 0.79233203 0.06205078 0.82573828 0.16207812 1.00000000 0.16624609 1.00000000
0 0.28817578 0.65814844 0.17749219 0.72078516 0.29011328 0.93131641 0.40800781 0.86901953 0.28817578 0.65814844
0 0.30506641 0.64823438 0.42388672 0.85533203 0.53928906 0.78659375 0.42150781 0.58026172 0.30506641 0.64823438
0 0.43271484 0.57166016 0.55494922 0.78498047 0.66947656 0.71243750 0.54649609 0.50530078 0.43271484 0.57166016
0 0.56409766 0.49823047 0.68330469 0.70724219 0.79907422 0.63140234 0.67719531 0.42902344 0.56409766 0.49823047
0 0.69430469 0.42407031 0.81305469 0.63118359 0.93108984 0.56083594 0.80935937 0.35040234 0.69430469 0.42407031
0 1.00000000 0.44303125 0.97909766 0.35249219 0.93317578 0.27471094 0.82341797 0.34515234 0.94346094 0.55798047 1.00000000 0.52088281 1.00000000 0.44303125
0 0.13613281 1.00000000 0.08092578 0.90749609 0.10228125 1.00000000 0.13613281 1.00000000
0 0.48701172 1.00000000 0.44775391 0.93701563 0.34139453 1.00000000 0.48701172 1.00000000
0 0.55696875 1.00000000 0.65399219 0.97760156 0.57940234 0.86051953 0.46729688 0.92548828 0.50908203 1.00000000 0.55696875 1.00000000
0 0.80161328 0.94351953 0.70958984 0.78636328 0.60035938 0.85066797 0.67049219 0.97378906 0.80161328 0.94351953
0 0.96031250 0.90687891 0.84175000 0.70774219 0.72566797 0.77262891 0.82412500 0.93832031 0.96031250 0.90687891
0 1.00000000 0.68333594 0.96959766 0.63212500 0.85536328 0.70059375 0.97159766 0.90427344 0.99892578 0.89796484 1.00000000 0.89729297 1.00000000 0.68333594
