0 0.42902603 0.40000000 0.58065835 0.12979453 0.53849915 0.12112815 0.38346683 0.40000000 0.42902603 0.40000000
0 0.36616987 0.40000000 0.52550909 0.11910428 0.48421713 0.10897137 0.32056173 0.40000000 0.36616987 0.40000000
0 0.30693567 0.40000000 0.47101260 0.10731330 0.43129238 0.09794749 0.26261092 0.39676779 0.28221293 0.40000000 0.30693567 0.40000000
0 0.24897721 0.39451970 0.41608026 0.09625765 0.37554869 0.08712525 0.20568922 0.38573513 0.20902928 0.38686013 0.22717653 0.39092495 0.24897721 0.39451970
0 0.08110128 0.16123895 0.12046878 0.17005647 0.18925277 0.04919362 0.14736524 0.03892530 0.10232055 0.12193564 0.08110128 0.16123895
0 0.00000000 0.34004151 0.02407117 0.34543342 0.08064208 0.24310535 0.03790535 0.23427418 0.00000000 0.29978517 0.00000000 0.34004151
0 0.00000000 0.27532140 0.13562417 0.03593460 0.09048073 0.02659982 0.00000000 0.18738341 0.00000000 0.27532140
0 0.25603368 0.06077141 0.08723120 0.35957984 0.13269389 0.36976313 0.30155642 0.07060549 0.25603368 0.06077141
0 0.20110201 0.04971425 0.03229852 0.34727533 0.07723659 0.35734138 0.24323617 0.05956707 0.20110201 0.04971425
0 0.32349185 0.07463334 0.15111661 0.37388954 0.19475449 0.38366356 0.36516179 0.08526857 0.32349185 0.07463334
0 1.00000000 0.06233873 0.91083538 0.04819150 0.91053935 0.04929628 0.90432195 0.07719071 0.92028086 0.08146688 1.00000000 0.09271770 1.00000000 0.06233873
0 1.00000000 0.11946912 0.89931757 0.10325063 0.89442184 0.12152172 0.89219480 0.13217553 0.91742357 0.13893556 1.00000000 0.14995358 1.00000000 0.11946912
0 1.00000000 0.16719035 0.89188217 0.15749647 0.88608496 0.19028840 0.89174089 0.19135420 1.00000000 0.19614895 1.00000000 0.16719035
0 1.00000000 0.13695772 0.99536730 0.13589755 0.95139021 0.35509213 0.97648315 0.36181576 0.98019827 0.35160921 1.00000000 0.27191548 1.00000000 0.13695772
0 1.00000000 0.29037705 0.87110201 0.26962317 0.86763861 0.30515143 0.87837699 0.30802877 1.00000000 0.32080062 1.00000000 0.29037705
0 1.00000000 0.25135087 0.97860909 0.24803430 0.97789491 0.25069965 0.94640009 0.40000000 0.97504226 0.40000000 1.00000000 0.29181552 1.00000000 0.25135087
0 1.00000000 0.30397145 0.96943539 0.30285125 0.95735337 0.40000000 0.98567991 0.40000000 1.00000000 0.30745535 1.00000000 0.30397145
0 0.33680394 1.00000000 0.35270911 0.74749722 0.33491241 0.74812984 0.33587200 0.64512463 0.29146205 0.63322502 0.21538655 0.64015739 0.04250836 0.64597715 0.04181642 0.64855949 0.02173186 1.00000000 0.33680394 1.00000000
0 0.70558894 0.93874725 0.70346577 0.95233087 0.74308365 0.97052900 0.74485299 0.95920913 0.73428817 0.95435627 0.73332149 0.95148596 0.70558894 0.93874725
0 0.65936779 0.91751596 0.65724462 0.93109958 0.69686251 0.94929772 0.69863185 0.93797784 0.69202892 0.93494484 0.69106224 0.93207453 0.65936779 0.91751596
0 0.74169366 0.94319965 0.74629374 0.91376925 0.70799638 0.89617768 0.70702935 0.89330721 0.70809094 0.88651540 0.68960268 0.87802298 0.68863609 0.87515209 0.68969758 0.86836085 0.66856796 0.85865514 0.66679871 0.86997444 0.66776539 0.87284475 0.66281139 0.90453948 0.70242927 0.92273762 0.70339630 0.92560809 0.74169366 0.94319965
0 0.65000000 0.90108095 0.65585463 0.90377023 0.66470097 0.84717316 0.65000000 0.84042040 0.65000000 0.90108095
0 0.73436437 0.84520214 0.73629765 0.85094334 0.73558999 0.85547083 0.75143755 0.86275027 0.75240423 0.86562058 0.75169648 0.87014865 0.76226129 0.87500151 0.76322798 0.87787182 0.76851038 0.88029825 0.77018473 0.87864107 0.78150807 0.80619664 0.77094325 0.80134378 0.76997657 0.79847347 0.77033049 0.79620914 0.76372756 0.79317615 0.76276088 0.79030583 0.76346854 0.78577835 0.74762098 0.77849890 0.74665430 0.77562859 0.74771588 0.76883678 0.74507485 0.76762365 0.74340050 0.76928082 0.72887380 0.76260810 0.72533521 0.78524728 0.72630190 0.78811759 0.71851715 0.83792285 0.73436437 0.84520214
0 0.65000000 0.78218611 0.66130797 0.78738033 0.66227475 0.79025069 0.66156700 0.79477875 0.66253375 0.79764910 0.66182609 0.80217659 0.70144431 0.82037487 0.70241100 0.82324519 0.71429633 0.82870462 0.71597068 0.82704744 0.71773992 0.81572814 0.71677324 0.81285783 0.72597349 0.75399643 0.67314942 0.72973215 0.67218267 0.72686180 0.67572117 0.70422321 0.65723271 0.69573069 0.65000000 0.74200413 0.65000000 0.78218611
0 0.75151340 0.75359599 0.76736096 0.76087543 0.76832765 0.76374574 0.76761989 0.76827380 0.78478763 0.77615966 0.78575432 0.77902997 0.78469273 0.78582178 0.80186047 0.79370764 0.80539905 0.77106846 0.80443237 0.76819815 0.80478620 0.76593440 0.77045073 0.75016270 0.76948404 0.74729238 0.77089955 0.73823625 0.75505199 0.73095681 0.75408530 0.72808650 0.75479297 0.72355901 0.73630471 0.71506659 0.73312005 0.73544144 0.74500538 0.74090087 0.74597206 0.74377118 0.75125447 0.74619761 0.75222116 0.74906792 0.75151340 0.75359599
0 0.69996615 0.66683074 0.69890456 0.67362255 0.71739282 0.68211497 0.71835975 0.68498602 0.71729825 0.69177725 0.73446599 0.69966310 0.76666665 0.49364967 0.76006373 0.49061667 0.75838904 0.49227370 0.74782423 0.48742084 0.74685754 0.48455053 0.74791913 0.47775872 0.72018658 0.46502000 0.71851223 0.46667718 0.71455034 0.46485732 0.71358359 0.46198698 0.71464517 0.45519516 0.69615671 0.44670265 0.66607913 0.63913304 0.68324697 0.64701894 0.68421367 0.64988988 0.68315217 0.65668111 0.69899946 0.66396043 0.69996615 0.66683074
0 0.68427131 0.44124319 0.65525532 0.62688177 0.66317893 0.63052142 0.68547167 0.48789687 0.68450498 0.48502593 0.69087431 0.44427622 0.68427131 0.44124319
