0 0.33101281 0.62962963 0.34942083 0.45700120 0.18589211 0.41963826 0.17494729 0.52184907 0.19798192 0.52470156 0.19407798 0.56986318 0.17104276 0.56701306 0.16679885 0.59952188 0.20367941 0.61463251 0.25611735 0.62962963 0.33101281 0.62962963
0 0.58989599 0.31846692 0.33563633 0.25376881 0.31800369 0.40197720 0.55681292 0.46515297 0.57584528 0.41223098 0.58989599 0.35626097 0.58989599 0.31846692
0 0.81954403 0.27930430 0.80860083 0.30956799 0.84538347 0.34208139 0.86250500 0.29263268 0.80530285 0.24737214 0.79983203 0.26250329 0.81954403 0.27930430
0 0.80009145 0.26912841 0.77941219 0.24975804 0.77658183 0.26597542 0.79761468 0.28331981 0.80009145 0.26912841
0 0.67236960 0.09273644 0.62766436 0.05696384 0.62412615 0.07723700 0.66883140 0.11300959 0.67236960 0.09273644
0 0.11845360 0.66380116 0.11563106 0.66482401 0.11340555 0.66444961 0.11058346 0.66547254 0.10613193 0.66472364 0.10330978 0.66574656 0.10108404 0.66537211 0.09826180 0.66639540 0.09603601 0.66602095 0.09321386 0.66704387 0.09484330 0.66881569 0.09424679 0.67021342 0.09750562 0.67375707 0.09690926 0.67515444 0.09126488 0.67720064 0.08903908 0.67682619 0.08621699 0.67784912 0.08176546 0.67710022 0.07894332 0.67812314 0.07671758 0.67774870 0.07389534 0.67877198 0.06944375 0.67802307 0.06662166 0.67904600 0.06439592 0.67867156 0.06157378 0.67969448 0.05712225 0.67894558 0.05430016 0.67996851 0.05207436 0.67959405 0.04925225 0.68061698 0.04702648 0.68024253 0.04642997 0.68164026 0.04805939 0.68341208 0.04686653 0.68620719 0.04404441 0.68723011 0.01243568 0.76129551 0.01406509 0.76306734 0.01287223 0.76586244 0.01450164 0.76763426 0.01390528 0.76903163 0.01553472 0.77080346 0.01434186 0.77359856 0.01597125 0.77537038 0.01477839 0.77816548 0.01640777 0.77993730 0.01581142 0.78133467 0.01744086 0.78310650 0.01624800 0.78590160 0.01787743 0.78767343 0.01668458 0.79046853 0.01831396 0.79224035 0.01771760 0.79363772 0.01934699 0.79540954 0.01815412 0.79820464 0.01978356 0.79997647 0.01859071 0.80277157 0.02022015 0.80454340 0.01962379 0.80594077 0.02125317 0.80771258 0.02006031 0.81050769 0.02168970 0.81227950 0.02049684 0.81507461 0.02212627 0.81684643 0.02152992 0.81824381 0.02315936 0.82001563 0.02196650 0.82281074 0.02359588 0.82458255 0.02240302 0.82737766 0.02403241 0.82914947 0.02343605 0.83054685 0.02506549 0.83231867 0.02387263 0.83511377 0.02550207 0.83688560 0.02430921 0.83968070 0.02593860 0.84145252 0.02534224 0.84284989 0.02697162 0.84462171 0.02577876 0.84741681 0.02740820 0.84918864 0.02621534 0.85198374 0.02784478 0.85375557 0.02665207 0.85655032 0.02828130 0.85832249 0.02768495 0.85971986 0.02931433 0.86149168 0.02812147 0.86428678 0.02975063 0.86605856 0.02855792 0.86885331 0.03018761 0.87062556 0.02959125 0.87202293 0.03122052 0.87379473 0.03002766 0.87658983 0.03165693 0.87836163 0.03046422 0.88115637 0.03209391 0.88292862 0.03149755 0.88432600 0.03312682 0.88609780 0.03193396 0.88889290 0.03356323 0.89066470 0.03237052 0.89345944 0.03399964 0.89523160 0.03340329 0.89662897 0.03503255 0.89840077 0.03383969 0.90119587 0.03546953 0.90296776 0.03427683 0.90576251 0.03590594 0.90753466 0.03530959 0.90893204 0.03693886 0.91070383 0.03574600 0.91349894 0.03737584 0.91527083 0.03618313 0.91806558 0.03781224 0.91983773 0.03721589 0.92123510 0.03884516 0.92300690 0.03765230 0.92580201 0.03928157 0.92757380 0.03808886 0.93036855 0.03971798 0.93214070 0.03912162 0.93353808 0.04075146 0.93530997 0.03955860 0.93810507 0.04118787 0.93987687 0.03999516 0.94267162 0.04162428 0.94444377 0.04043157 0.94723852 0.04206125 0.94901077 0.04146490 0.95040814 0.04309417 0.95217994 0.04190146 0.95497468 0.04353058 0.95674684 0.04233787 0.95954158 0.04396699 0.96131374 0.04337063 0.96271111 0.13685304 0.97843801 0.13522320 0.97666612 0.13581971 0.97526839 0.14146423 0.97322259 0.14368985 0.97359701 0.14933452 0.97155086 0.15156015 0.97192528 0.15720410 0.96987939 0.15943029 0.97025390 0.16225226 0.96923096 0.16447789 0.96960538 0.17012256 0.96755922 0.17234818 0.96793365 0.17799229 0.96588740 0.18021848 0.96626192 0.18141119 0.96346717 0.17978135 0.96169528 0.18037770 0.96029790 0.17874859 0.95852575 0.17994130 0.95573101 0.17831218 0.95395885 0.17950489 0.95116411 0.17787562 0.94939231 0.17847197 0.94799493 0.17684286 0.94622278 0.17803556 0.94342803 0.17640588 0.94165578 0.17759859 0.93886104 0.17596932 0.93708924 0.17716218 0.93429414 0.17553291 0.93252234 0.17612926 0.93112496 0.17449958 0.92935271 0.17569229 0.92655797 0.17406301 0.92478617 0.17525587 0.92199107 0.17362661 0.92021927 0.17481947 0.91742417 0.17319020 0.91565237 0.17378655 0.91425500 0.17215728 0.91248320 0.17335014 0.90968810 0.17172030 0.90791620 0.17291316 0.90512110 0.17128390 0.90334930 0.17247660 0.90055456 0.17084734 0.89878276 0.17144384 0.89738503 0.16981400 0.89561313 0.17100686 0.89281803 0.16937760 0.89104624 0.17057030 0.88825149 0.16894103 0.88647969 0.17013389 0.88368459 0.16850463 0.88191279 0.16910113 0.88051506 0.16747186 0.87874326 0.16866457 0.87594852 0.16703473 0.87417662 0.16822759 0.87138152 0.16659832 0.86960972 0.16779118 0.86681462 0.16616191 0.86504282 0.16675827 0.86364545 0.16512843 0.86187356 0.16632129 0.85907845 0.16469202 0.85730666 0.16588488 0.85451155 0.16425561 0.85273976 0.16485197 0.85134238 0.16322270 0.84957058 0.16441556 0.84677548 0.16278629 0.84500368 0.16397915 0.84220858 0.16234931 0.84043669 0.16354202 0.83764194 0.16191290 0.83586979 0.16250926 0.83447242 0.16087999 0.83270062 0.16207285 0.82990551 0.16044301 0.82813362 0.16103936 0.82673625 0.15881374 0.82636182 0.15599177 0.82738477 0.15376614 0.82701035 0.15094417 0.82803329 0.14871797 0.82765877 0.14589600 0.82868172 0.14144418 0.82793278 0.13862205 0.82895608 0.13639643 0.82858165 0.13357446 0.82960460 0.12912264 0.82885566 0.12630067 0.82987861 0.12407504 0.82950418 0.12125235 0.83052739 0.11962323 0.82875523 0.12081594 0.82596049 0.11918682 0.82418834 0.12037953 0.82139359 0.11875026 0.81962179 0.11934661 0.81822442 0.11771750 0.81645226 0.11831385 0.81505489 0.12113583 0.81403194 0.12336145 0.81440637 0.12618358 0.81338306 0.12840920 0.81375749 0.13123175 0.81273464 0.13345737 0.81310906 0.13627934 0.81208611 0.14073116 0.81283506 0.14355314 0.81181211 0.14577876 0.81218653 0.14860073 0.81116359 0.15305255 0.81191253 0.15587468 0.81088923 0.15810087 0.81126375 0.15989008 0.80707127 0.15826025 0.80529938 0.15885660 0.80390201 0.15722733 0.80213021 0.15842019 0.79933511 0.15679092 0.79756331 0.15738727 0.79616593 0.15575759 0.79439368 0.15695030 0.79159894 0.15532103 0.78982714 0.15591738 0.78842977 0.15428827 0.78665761 0.15548097 0.78386287 0.15385186 0.78209071 0.15444821 0.78069334 0.15281894 0.77892154 0.15401165 0.77612680 0.15238196 0.77435455 0.15297832 0.77295717 0.15134905 0.77118537 0.15254191 0.76839027 0.15091264 0.76661847 0.15150899 0.76522110 0.14987915 0.76344921 0.15107201 0.76065411 0.14944275 0.75888231 0.15063561 0.75608720 0.14900634 0.75431541 0.14960269 0.75291803 0.14797342 0.75114624 0.14916628 0.74835113 0.14753701 0.74657934 0.14813352 0.74518160 0.14650368 0.74340971 0.14769639 0.74061497 0.14606712 0.73884317 0.14666363 0.73744544 0.14503436 0.73567364 0.14622722 0.73287854 0.14459738 0.73110664 0.14579009 0.72831190 0.14416082 0.72654010 0.14475733 0.72514237 0.14312806 0.72337057 0.14432092 0.72057547 0.14269165 0.71880367 0.14328800 0.71740630 0.14165874 0.71563450 0.14285160 0.71283940 0.14122176 0.71106750 0.13839978 0.71209045 0.13394797 0.71134151 0.13112584 0.71236481 0.12890021 0.71199039 0.12607824 0.71301334 0.12162642 0.71226439 0.11880445 0.71328734 0.11657883 0.71291291 0.11375628 0.71393577 0.10930504 0.71318692 0.10648306 0.71420986 0.10425744 0.71383544 0.10262760 0.71206354 0.10382031 0.70926880 0.10219104 0.70749700 0.10338390 0.70470190 0.10175463 0.70293010 0.10294749 0.70013500 0.10576947 0.69911205 0.10799509 0.69948648 0.11081763 0.69846362 0.11526888 0.69921247 0.11809085 0.69818953 0.12254267 0.69893847 0.12536480 0.69791517 0.12981661 0.69866411 0.13263859 0.69764116 0.13708983 0.69839001 0.13991181 0.69736706 0.13828269 0.69559491 0.13947540 0.69280017 0.13784613 0.69102837 0.13903899 0.68823326 0.13740972 0.68646147 0.13800608 0.68506409 0.13637696 0.68329194 0.13756967 0.68049719 0.13593983 0.67872530 0.13713269 0.67593020 0.13550342 0.67415840 0.13669628 0.67136330 0.13506701 0.66959150 0.13625972 0.66679675 0.13462988 0.66502486 0.13582274 0.66222976 0.13359712 0.66185533 0.13077514 0.66287828 0.12854952 0.66250385 0.12572739 0.66352716 0.12350120 0.66315264 0.12067922 0.66417559 0.11845360 0.66380116
0 0.58989599 0.67271722 0.56492782 0.66851674 0.56655705 0.67028862 0.56536426 0.67308357 0.56699350 0.67485543 0.56639712 0.67625288 0.56802634 0.67802478 0.56683356 0.68081971 0.56846337 0.68259167 0.56369223 0.69377137 0.56532145 0.69554327 0.56412867 0.69833820 0.56575791 0.70011007 0.56456511 0.70290503 0.56619492 0.70467699 0.56559853 0.70607444 0.56722783 0.70784616 0.56603497 0.71064127 0.56766424 0.71241306 0.56647138 0.71520817 0.56810065 0.71697996 0.56750429 0.71837734 0.56913356 0.72014913 0.56794070 0.72294424 0.56957054 0.72471613 0.56837768 0.72751123 0.57000695 0.72928303 0.56941060 0.73068041 0.57103987 0.73245220 0.56984700 0.73524731 0.57147684 0.73701920 0.57028398 0.73981430 0.57191325 0.74158610 0.57131690 0.74298347 0.57294617 0.74475527 0.57175331 0.74755037 0.57338258 0.74932217 0.57218972 0.75211727 0.57381898 0.75388907 0.57322263 0.75528644 0.57485247 0.75705834 0.57365961 0.75985344 0.57528888 0.76162524 0.57409602 0.76442034 0.57572529 0.76619214 0.57512893 0.76758951 0.57675877 0.76936141 0.57556591 0.77215651 0.57719518 0.77392831 0.57600232 0.77672341 0.57763159 0.77849521 0.57703523 0.77989258 0.57866450 0.78166438 0.57747164 0.78445948 0.57910091 0.78623128 0.57790805 0.78902638 0.57953789 0.79079827 0.57894154 0.79219565 0.58057080 0.79396744 0.57937795 0.79676255 0.58100721 0.79853435 0.57981435 0.80132945 0.58144419 0.80310134 0.58084784 0.80449871 0.58247711 0.80627051 0.58128425 0.80906561 0.58291351 0.81083741 0.58172065 0.81363252 0.58334992 0.81540431 0.58275357 0.81680169 0.58438284 0.81857348 0.58318998 0.82136859 0.58481982 0.82314048 0.58362696 0.82593558 0.58525623 0.82770738 0.58465987 0.82910475 0.58628914 0.83087655 0.58509628 0.83367165 0.58672612 0.83544355 0.58553326 0.83823865 0.58716253 0.84001045 0.58656617 0.84140782 0.58989599 0.83360542 0.58989599 0.67271722
0 0.35761196 0.64562156 0.35641918 0.64841649 0.35804840 0.65018839 0.35685563 0.65298328 0.35848542 0.65475528 0.35729264 0.65755020 0.35892188 0.65932207 0.35832548 0.66071956 0.35995470 0.66249146 0.35816553 0.66668383 0.35979475 0.66845573 0.35919837 0.66985318 0.36082761 0.67162505 0.35963478 0.67442008 0.36126462 0.67619197 0.36007176 0.67898707 0.36170103 0.68075887 0.36050832 0.68355362 0.36213759 0.68532542 0.36154108 0.68672315 0.36317092 0.68849504 0.36197806 0.69129014 0.36360733 0.69306194 0.36241462 0.69585669 0.36404389 0.69762848 0.36285103 0.70042359 0.36448030 0.70219538 0.36388379 0.70359312 0.36551306 0.70536491 0.36432035 0.70815966 0.36595019 0.70993155 0.36475733 0.71272665 0.36638660 0.71449845 0.36579009 0.71589618 0.36741936 0.71766798 0.36622665 0.72046273 0.36785649 0.72223462 0.36666363 0.72502972 0.36829290 0.72680152 0.36710004 0.72959662 0.36872931 0.73136842 0.36813296 0.73276579 0.36976222 0.73453759 0.36856936 0.73733269 0.37019863 0.73910449 0.36900577 0.74189959 0.37063561 0.74367149 0.36944290 0.74646623 0.37107202 0.74823839 0.37047567 0.74963576 0.37210493 0.75140756 0.37091207 0.75420266 0.37254191 0.75597455 0.37134921 0.75876930 0.37297832 0.76054146 0.37238197 0.76193883 0.37401123 0.76371063 0.37281838 0.76650573 0.37444764 0.76827753 0.37325494 0.77107227 0.37488405 0.77284443 0.37369134 0.77563917 0.37532103 0.77741142 0.37472468 0.77880880 0.37635395 0.78058059 0.37516124 0.78337534 0.37679036 0.78514750 0.37559765 0.78794224 0.37722733 0.78971449 0.37663098 0.79111187 0.37826025 0.79288366 0.37706754 0.79567841 0.37869666 0.79745056 0.37750395 0.80024531 0.37913306 0.80201746 0.37794036 0.80481221 0.37956963 0.80658401 0.37897327 0.80798138 0.38060296 0.80975363 0.37941025 0.81254838 0.38103937 0.81432053 0.37984666 0.81711528 0.38147593 0.81888707 0.38028307 0.82168218 0.38191290 0.82345407 0.38131655 0.82485144 0.38294567 0.82662360 0.38175296 0.82941834 0.38338223 0.83119014 0.38278588 0.83258751 0.38441499 0.83435967 0.38322228 0.83715442 0.38485140 0.83892657 0.38365869 0.84172132 0.38528853 0.84349321 0.38409567 0.84628831 0.38572494 0.84806011 0.38512859 0.84945748 0.38675770 0.85122964 0.38556500 0.85402438 0.38719483 0.85579628 0.38600197 0.85859138 0.38763124 0.86036318 0.38643838 0.86315828 0.38806765 0.86493008 0.38747130 0.86632745 0.38910056 0.86809925 0.38790770 0.87089435 0.38953697 0.87266615 0.38834411 0.87546125 0.38997395 0.87723315 0.38937760 0.87863052 0.39100687 0.88040232 0.38981401 0.88319742 0.39144327 0.88496922 0.39025041 0.88776432 0.39188025 0.88953621 0.39068755 0.89233096 0.39231681 0.89410276 0.39172031 0.89550049 0.39334958 0.89727228 0.39215672 0.90006739 0.39378599 0.90183919 0.39259328 0.90463393 0.39422255 0.90640573 0.39867436 0.90715467 0.40149634 0.90613173 0.40372253 0.90650625 0.40654451 0.90548330 0.40877013 0.90585773 0.41159210 0.90483478 0.41604392 0.90558372 0.41886589 0.90456077 0.42109152 0.90493520 0.42391421 0.90391199 0.42613984 0.90428641 0.42896181 0.90326347 0.43341306 0.90401232 0.43623560 0.90298946 0.43846122 0.90336389 0.44128335 0.90234058 0.44573517 0.90308953 0.44752423 0.89889741 0.44589496 0.89712561 0.44649147 0.89572788 0.44931344 0.89470494 0.45153906 0.89507936 0.45436104 0.89405641 0.45881285 0.89480536 0.46163498 0.89378205 0.46386061 0.89415648 0.46668315 0.89313362 0.47113440 0.89388247 0.47395637 0.89285953 0.47840819 0.89360847 0.48123016 0.89258552 0.48345578 0.89295995 0.48627833 0.89193710 0.49072958 0.89268595 0.49355171 0.89166264 0.49800352 0.89241159 0.50082549 0.89138864 0.50305112 0.89176306 0.50587366 0.89074021 0.50424398 0.88896796 0.50603304 0.88477584 0.50440377 0.88300404 0.51004844 0.88095789 0.51449969 0.88170674 0.51732167 0.88068379 0.51954729 0.88105821 0.52236999 0.88003501 0.52459561 0.88040943 0.52741758 0.87938648 0.52861029 0.87659174 0.52698102 0.87481994 0.52757753 0.87342221 0.52594826 0.87165041 0.52714112 0.86885531 0.52551128 0.86708342 0.52670399 0.86428867 0.52507472 0.86251687 0.52567123 0.86111914 0.52404196 0.85934734 0.52523482 0.85655224 0.52360555 0.85478044 0.52479826 0.85198570 0.52316899 0.85021390 0.52376550 0.84881617 0.52213566 0.84704428 0.52332852 0.84424917 0.52169925 0.84247738 0.52289195 0.83968263 0.52126269 0.83791083 0.52185919 0.83651310 0.52022936 0.83474121 0.52142221 0.83194611 0.51979295 0.83017431 0.52098565 0.82737956 0.51935638 0.82560776 0.51995289 0.82421004 0.51832362 0.82243824 0.51951648 0.81964313 0.51788721 0.81787134 0.51907992 0.81507659 0.51745008 0.81330470 0.51804659 0.81190697 0.51641732 0.81013517 0.51761018 0.80734007 0.51598091 0.80556827 0.51717362 0.80277352 0.51554378 0.80100163 0.51614029 0.79960390 0.51451102 0.79783210 0.51570388 0.79503700 0.51407461 0.79326520 0.51526732 0.79047046 0.51363805 0.78869866 0.51423456 0.78730093 0.51260529 0.78552913 0.51379815 0.78273403 0.51216831 0.78096213 0.51336102 0.77816739 0.51173175 0.77639559 0.51232825 0.77499786 0.51069899 0.77322606 0.51189185 0.77043096 0.51026201 0.76865907 0.51145471 0.76586432 0.50982545 0.76409252 0.51042195 0.76269479 0.50879268 0.76092299 0.50998554 0.75812789 0.50835628 0.75635609 0.50954898 0.75356135 0.50791971 0.75178955 0.50851622 0.75039182 0.50688638 0.74861993 0.50807924 0.74582482 0.50644997 0.74405303 0.50764268 0.74125828 0.50601341 0.73948648 0.50660992 0.73808875 0.50498008 0.73631686 0.50617294 0.73352176 0.50454367 0.73174996 0.50573638 0.72895521 0.50410711 0.72718342 0.50470362 0.72578569 0.50307435 0.72401389 0.50426721 0.72121879 0.50263794 0.71944699 0.50383065 0.71665224 0.50220081 0.71488035 0.50279732 0.71348262 0.50116805 0.71171082 0.50176440 0.71031345 0.49731259 0.70956450 0.49449061 0.71058745 0.49003937 0.70983860 0.48721739 0.71086155 0.48276558 0.71011260 0.47994345 0.71113591 0.47549163 0.71038696 0.47223325 0.70684301 0.47282960 0.70544564 0.47120049 0.70367348 0.47179684 0.70227611 0.47016700 0.70050422 0.47076336 0.69910684 0.46913408 0.69733504 0.47477876 0.69528889 0.47700438 0.69566331 0.47982636 0.69464036 0.48427760 0.69538921 0.48710030 0.69436600 0.48932592 0.69474043 0.49214787 0.69371755 0.49659968 0.69446650 0.49942169 0.69344348 0.50164731 0.69381790 0.50001807 0.69204604 0.50061447 0.69064856 0.49898525 0.68887665 0.50017802 0.68608176 0.49854880 0.68430986 0.49914520 0.68291238 0.49751539 0.68114041 0.49870817 0.67834549 0.49707895 0.67657358 0.49767533 0.67517614 0.49604610 0.67340427 0.49723889 0.67060931 0.49560909 0.66883734 0.49620547 0.66743990 0.49457625 0.66566799 0.49576903 0.66287307 0.49413979 0.66110120 0.49533259 0.65830626 0.49370336 0.65653437 0.35570566 0.63331850 0.35451287 0.63611342 0.35614210 0.63788533 0.35494933 0.64068021 0.35657912 0.64245221 0.35598272 0.64384969 0.35761196 0.64562156
0 0.21176048 0.62962963 0.21158467 0.63004161 0.21321389 0.63181351 0.21261750 0.63321096 0.21424731 0.63498292 0.21305451 0.63777788 0.21023194 0.63880081 0.20578069 0.63805196 0.20295812 0.63907488 0.19850687 0.63832603 0.19568485 0.63934909 0.18900741 0.63822572 0.18618539 0.63924877 0.18173358 0.63849982 0.17891157 0.63952284 0.17446033 0.63877399 0.17163775 0.63979692 0.17104142 0.64119422 0.17267111 0.64296647 0.17147840 0.64576122 0.17310752 0.64753337 0.17251117 0.64893074 0.17414043 0.65070254 0.17294773 0.65349729 0.17457684 0.65526944 0.17398049 0.65666681 0.17560976 0.65843861 0.17441690 0.66123372 0.17604674 0.66300561 0.17545038 0.66440298 0.17707965 0.66617478 0.17588679 0.66896988 0.17751606 0.67074168 0.17691955 0.67213941 0.17854939 0.67391130 0.17735668 0.67670605 0.17898595 0.67847785 0.17779309 0.68127295 0.17942236 0.68304475 0.17822950 0.68583985 0.17985877 0.68761165 0.17866606 0.69040639 0.18029518 0.69217855 0.17969883 0.69357592 0.18132866 0.69534781 0.18013580 0.69814292 0.18176507 0.69991472 0.18057237 0.70270946 0.18220148 0.70448162 0.18100877 0.70727636 0.18263846 0.70904861 0.18144575 0.71184336 0.18307502 0.71361516 0.18188216 0.71641026 0.18351143 0.71818206 0.18291507 0.71957943 0.18454419 0.72135158 0.18335148 0.72414633 0.18498075 0.72591813 0.18378789 0.72871323 0.18541773 0.73048512 0.18422487 0.73328023 0.18585414 0.73505203 0.18466143 0.73784677 0.18629070 0.73961857 0.18509784 0.74241367 0.18672768 0.74418557 0.18613117 0.74558330 0.18776044 0.74735509 0.18656773 0.75014984 0.18819700 0.75192164 0.18700414 0.75471674 0.18863341 0.75648854 0.18803690 0.75788627 0.18966617 0.75965807 0.18847346 0.76245281 0.19010330 0.76422470 0.18891044 0.76701981 0.19053971 0.76879160 0.18994321 0.77018934 0.19157247 0.77196113 0.19037977 0.77475588 0.19200960 0.77652777 0.19081675 0.77932288 0.19244601 0.78109467 0.19184951 0.78249240 0.19347878 0.78426420 0.19228607 0.78705895 0.19391534 0.78883074 0.19272248 0.79162585 0.19435175 0.79339764 0.19375524 0.79479537 0.19538508 0.79656727 0.19419237 0.79936201 0.19582164 0.80113381 0.19522513 0.80253154 0.19685440 0.80430334 0.19566154 0.80709844 0.19729138 0.80887034 0.19609867 0.81166508 0.19772794 0.81343688 0.19713143 0.81483461 0.19876070 0.81660641 0.19756784 0.81940151 0.19919711 0.82117331 0.19800440 0.82396805 0.19963367 0.82573985 0.19903717 0.82713758 0.20066700 0.82890947 0.19947414 0.83170458 0.20110341 0.83347637 0.19991071 0.83627112 0.20153997 0.83804292 0.20094347 0.83944065 0.20257331 0.84121254 0.20138045 0.84400765 0.20300972 0.84577944 0.20241336 0.84717681 0.20404263 0.84894861 0.20284977 0.85174372 0.20447904 0.85351551 0.20328618 0.85631062 0.20491545 0.85808242 0.20431909 0.85947979 0.20594893 0.86125168 0.20475607 0.86404678 0.20638534 0.86581858 0.20519248 0.86861368 0.20682175 0.87038548 0.20562904 0.87318023 0.20725888 0.87495212 0.20606602 0.87774722 0.20769529 0.87951902 0.20650243 0.88231412 0.20813170 0.88408592 0.20693899 0.88688067 0.20856811 0.88865282 0.20737540 0.89144757 0.20900451 0.89321972 0.20781181 0.89601447 0.20944164 0.89778636 0.20884529 0.89918373 0.21047441 0.90095589 0.20928170 0.90375064 0.21091081 0.90552279 0.20971811 0.90831754 0.21134795 0.91008943 0.21015509 0.91288453 0.21178435 0.91465633 0.21059149 0.91745143 0.21222076 0.91922323 0.21162441 0.92062060 0.21325368 0.92239240 0.21206082 0.92518750 0.21369009 0.92695930 0.21249723 0.92975441 0.21412707 0.93152630 0.21353071 0.93292367 0.21515998 0.93469547 0.21396712 0.93749057 0.21559639 0.93926237 0.21500003 0.94065974 0.21662972 0.94243199 0.21543701 0.94522674 0.21706628 0.94699854 0.21646993 0.94839591 0.21809904 0.95016806 0.21690634 0.95296281 0.21853545 0.95473496 0.21793910 0.95613234 0.21956837 0.95790414 0.21837566 0.96069888 0.22000534 0.96247113 0.21761978 0.96806098 0.22044175 0.96703803 0.22266738 0.96741246 0.23113403 0.96434335 0.23335965 0.96471778 0.24182630 0.96164867 0.24405192 0.96202310 0.24969644 0.95997730 0.25192207 0.96035172 0.26038872 0.95728262 0.26261434 0.95765704 0.27108099 0.95458794 0.27330661 0.95496236 0.28177326 0.95189326 0.28399888 0.95226768 0.28964341 0.95022188 0.29186903 0.95059631 0.30033511 0.94752711 0.30256130 0.94790162 0.31102795 0.94483252 0.31325357 0.94520695 0.32171965 0.94213774 0.32394585 0.94251227 0.32958980 0.94046637 0.33181599 0.94084089 0.34028207 0.93777169 0.34250769 0.93814611 0.35097434 0.93507701 0.35320053 0.93545153 0.35157070 0.93367964 0.35276340 0.93088489 0.35113414 0.92911309 0.35232699 0.92631799 0.35069773 0.92454619 0.35189059 0.92175109 0.35026075 0.91997919 0.35085710 0.91858182 0.34922783 0.91681003 0.35042069 0.91401492 0.34879142 0.91224312 0.34998429 0.90944802 0.34835502 0.90767622 0.34895137 0.90627885 0.34732210 0.90450705 0.34851496 0.90171195 0.34688512 0.89994006 0.34807798 0.89714495 0.34644872 0.89537316 0.34764142 0.89257841 0.34601231 0.89080626 0.34660866 0.88940888 0.34497882 0.88763699 0.34617168 0.88484188 0.34454241 0.88307009 0.34573512 0.88027534 0.34410600 0.87850319 0.34470236 0.87710581 0.34307309 0.87533402 0.34426595 0.87253891 0.34263668 0.87076712 0.34382939 0.86797237 0.34219970 0.86620012 0.34279606 0.86480275 0.34116679 0.86303095 0.34235965 0.86023585 0.34073038 0.85846405 0.34192309 0.85566930 0.34029340 0.85389705 0.34148611 0.85110231 0.33985699 0.84933015 0.34045335 0.84793278 0.33882408 0.84616098 0.34001678 0.84336624 0.33838767 0.84159408 0.33958038 0.83879934 0.33795126 0.83702718 0.33854761 0.83562981 0.33691778 0.83385791 0.33811048 0.83106317 0.33648137 0.82929101 0.33767408 0.82649627 0.33604496 0.82472411 0.33723767 0.82192937 0.33560783 0.82015747 0.33620418 0.81876010 0.33457507 0.81698795 0.33576777 0.81419320 0.33413866 0.81242104 0.33473501 0.81102367 0.33310574 0.80925188 0.33429845 0.80645713 0.33266933 0.80468497 0.33386204 0.80189023 0.33223236 0.80011798 0.33342506 0.79732323 0.33179579 0.79555143 0.33239215 0.79415406 0.33076303 0.79238191 0.33195574 0.78958716 0.33032605 0.78781491 0.33151876 0.78502016 0.32988949 0.78324837 0.33048585 0.78185099 0.32885673 0.78007884 0.33004944 0.77728409 0.32842032 0.77551194 0.32961303 0.77271719 0.32798376 0.77094540 0.32917662 0.76815029 0.32754678 0.76637840 0.32814314 0.76498103 0.32651402 0.76320887 0.32770673 0.76041412 0.32607746 0.75864233 0.32727032 0.75584722 0.32564048 0.75407533 0.32623683 0.75267796 0.32460772 0.75090580 0.32580042 0.74811106 0.32417116 0.74633926 0.32536402 0.74354416 0.32373475 0.74177236 0.32492761 0.73897726 0.32329834 0.73720546 0.32449105 0.73441071 0.32286121 0.73263882 0.32405407 0.72984372 0.32242480 0.72807192 0.32302131 0.72667419 0.32139204 0.72490239 0.32258475 0.72210765 0.32095491 0.72033575 0.32214777 0.71754065 0.32051850 0.71576885 0.32111501 0.71437112 0.31948574 0.71259932 0.32067844 0.70980458 0.31904918 0.70803278 0.32024204 0.70523768 0.31861277 0.70346588 0.31920927 0.70206815 0.31757943 0.70029626 0.31877214 0.69750151 0.31714287 0.69572971 0.31833573 0.69293461 0.31670646 0.69116281 0.31789933 0.68836771 0.31626949 0.68659582 0.31686584 0.68519844 0.31523657 0.68342665 0.31642943 0.68063154 0.31480016 0.67885974 0.31599302 0.67606464 0.31436375 0.67429284 0.31496011 0.67289547 0.31333084 0.67112367 0.31452370 0.66832857 0.31289386 0.66655668 0.31408669 0.66376165 0.31245745 0.66198978 0.31365024 0.65919485 0.31202101 0.65742295 0.31261740 0.65602550 0.31098759 0.65425354 0.31218039 0.65145858 0.31055115 0.64968671 0.31174393 0.64689178 0.31011471 0.64511988 0.31071110 0.64372243 0.30908186 0.64195057 0.31027466 0.63915561 0.30864542 0.63738374 0.30983820 0.63458881 0.30820841 0.63281681 0.30940118 0.63002192 0.30904048 0.62962963 0.21176048 0.62962963
0 0.86497079 0.84420967 0.85780463 0.88306131 0.93219401 0.91425588 0.93936018 0.87540424 0.86497079 0.84420967
