0 0.48085158 0.07381649 0.48921202 0.00594208 0.35238859 0.00105911 0.34305906 0.06426328 0.48085158 0.07381649
0 0.34462293 0.06974048 0.32650060 0.20739608 0.46302301 0.21775670 0.47864348 0.08092990 0.34462293 0.06974048
0 0.32869824 0.21247036 0.30932813 0.35051534 0.44464265 0.36042742 0.46151142 0.22323639 0.32869824 0.21247036
0 0.43623944 0.42829828 0.44617893 0.36642299 0.30845621 0.35551526 0.30043512 0.42809104 0.30075898 0.42810260 0.30898967 0.42829828 0.43623944 0.42829828
0 0.62895377 0.01092920 0.59146340 0.00959124 0.57532313 0.13715665 0.61886275 0.13902881 0.62895377 0.14313884 0.62895377 0.01092920
0 0.82974060 0.07402244 0.83057605 0.10376863 0.91376334 0.11157806 0.91708446 0.08504624 0.90397549 0.07630778 0.90077395 0.04445202 0.84361103 0.04165821 0.84208039 0.06929485 0.82974060 0.07402244
0 0.31400733 0.42829828 0.30439777 0.42917083 0.09389234 0.85138248 0.17430355 0.88225339 0.38845220 0.44330493 0.36084066 0.43011463 0.32271174 0.42829828 0.31400733 0.42829828
0 0.36631802 0.74039340 0.34694091 0.73093395 0.25184680 0.91625745 0.27705527 0.92885024 0.36631802 0.74039340
0 0.35121850 1.00000000 0.46224478 0.77782463 0.43941048 0.77276386 0.32350528 0.99991548 0.32429399 1.00000000 0.35121850 1.00000000
0 0.88221252 0.67227148 0.85301333 0.64260962 0.76964375 0.88912930 0.79577450 0.91450038 0.88221252 0.67227148
0 0.81934668 0.72766380 0.80683793 0.71754789 0.80838757 0.70959946 0.82285152 0.71886692 0.83238710 0.68331003 0.82183354 0.67234565 0.82274264 0.66434446 0.83633107 0.68060637 0.84876451 0.63519308 0.80621461 0.60140300 0.72271075 0.85194965 0.76333902 0.88558145 0.77685214 0.84631416 0.76235461 0.83805344 0.76521891 0.82920379 0.78089682 0.84059026 0.79107293 0.80508614 0.77863132 0.79295673 0.78082151 0.78506106 0.79457778 0.79628924 0.80229515 0.77673474 0.79059479 0.76163786 0.79221157 0.75167594 0.80853002 0.76311517 0.81934668 0.72766380
