0 0.27312481 0.34218555 0.25368670 0.13150219 0.21815550 0.13721075 0.20241496 0.14365350 0.16576766 0.15002776 0.18298720 0.36252812 0.27312481 0.34218555
0 0.69990593 0.30947496 0.71251151 0.28538685 0.63028243 0.22126794 0.57222596 0.30587713 0.58402750 0.31680761 0.57764605 0.34019072 0.58944758 0.35112119 0.57262072 0.37705047 0.64304827 0.43023891 0.71484648 0.31953875 0.69990593 0.30947496
0 0.28271761 0.69553918 0.28754677 0.71535032 0.31957169 0.70138223 0.27437985 0.59340034 0.25282270 0.59422638 0.17891839 0.62360191 0.17789620 0.64310640 0.18723957 0.65141928 0.20901774 0.72101382 0.22472355 0.71988112 0.26916669 0.69287320 0.28271761 0.69553918
0 0.03575938 0.81754722 0.03771812 0.85481018 0.05927528 0.85398413 0.12938090 0.82245371 0.12547171 0.78508854 0.09590833 0.78940661 0.03575938 0.81754722
0 0.00000000 1.00000000 0.08681090 1.00000000 0.08486042 0.96289429 0.06730639 0.96197432 0.00000000 0.99133088 0.00000000 1.00000000
0 0.71997376 0.89529459 0.72235834 0.89537844 0.72461794 0.89706216 0.72700252 0.89714600 0.72926212 0.89882972 0.73164731 0.89891359 0.73390691 0.90059731 0.73629149 0.90068116 0.73855170 0.90236490 0.74332085 0.90253259 0.74558043 0.90421672 0.74796500 0.90430057 0.75022522 0.90598431 0.75260979 0.90606815 0.75486940 0.90775187 0.75499437 0.90615200 0.75750452 0.90463599 0.75775450 0.90143583 0.75536931 0.90135197 0.75310971 0.89966825 0.75072513 0.89958440 0.74846491 0.89790066 0.74608034 0.89781681 0.74382074 0.89613309 0.74143616 0.89604925 0.73917659 0.89436512 0.73679140 0.89428125 0.73453179 0.89259753 0.73214722 0.89251368 0.72988701 0.89082994 0.72750243 0.89074609 0.72524286 0.88906196 0.72285828 0.88897812 0.72059868 0.88729440 0.72047371 0.88889427 0.71796352 0.89041069 0.71783855 0.89201056 0.71532900 0.89352659 0.71771358 0.89361044 0.71997376 0.89529459
0 0.73076186 0.87963000 0.73314705 0.87971387 0.73540665 0.88139759 0.73779123 0.88148143 0.74005141 0.88316558 0.74243599 0.88324943 0.74469559 0.88493315 0.74708017 0.88501700 0.74933977 0.88670071 0.75172496 0.88678458 0.75398456 0.88846830 0.75636914 0.88855215 0.75862935 0.89023589 0.76101393 0.89031974 0.76327350 0.89200387 0.76565808 0.89208771 0.76791768 0.89377144 0.77042784 0.89225543 0.77055284 0.89065514 0.77306238 0.88913911 0.77331232 0.88593937 0.77092775 0.88585552 0.76866754 0.88417178 0.76628296 0.88408793 0.76402339 0.88240380 0.76163881 0.88231995 0.75937921 0.88063623 0.75699402 0.88055237 0.75473442 0.87886865 0.75234984 0.87878480 0.75008966 0.87710065 0.74770508 0.87701680 0.74544548 0.87533308 0.74306090 0.87524924 0.74080130 0.87356552 0.73841611 0.87348165 0.73615651 0.87179793 0.73138675 0.87163021 0.73126178 0.87323009 0.72875223 0.87474612 0.72862726 0.87634599 0.72611768 0.87786243 0.72850226 0.87794628 0.73076186 0.87963000
0 0.65281585 0.86726325 0.65520043 0.86734710 0.65746064 0.86903084 0.65984521 0.86911469 0.66210482 0.87079841 0.66449001 0.87088228 0.66674961 0.87256600 0.66913419 0.87264984 0.67139379 0.87433356 0.67377837 0.87441741 0.67603855 0.87610156 0.67842313 0.87618541 0.68068273 0.87786913 0.68306792 0.87795299 0.68758709 0.88132085 0.68771210 0.87972056 0.69022164 0.87820453 0.69047162 0.87500437 0.68808704 0.87492053 0.68582743 0.87323681 0.68344286 0.87315296 0.68118264 0.87146922 0.67879807 0.87138537 0.67653846 0.86970165 0.67415328 0.86961779 0.67189367 0.86793406 0.66950910 0.86785022 0.66724952 0.86616609 0.66486495 0.86608224 0.66260473 0.86439850 0.66022016 0.86431465 0.65796055 0.86263093 0.65557537 0.86254707 0.65331580 0.86086294 0.64854664 0.86069524 0.65080622 0.86237937 0.64829667 0.86389540 0.64591210 0.86381156 0.64817170 0.86549528 0.65055628 0.86557912 0.65281585 0.86726325
0 0.74870491 0.86421698 0.75096448 0.86590112 0.75334967 0.86598498 0.75560927 0.86766870 0.75799385 0.86775255 0.76025406 0.86943629 0.76263864 0.86952014 0.76489821 0.87120427 0.76728279 0.87128811 0.76954239 0.87297183 0.77192758 0.87305570 0.77418718 0.87473942 0.77657176 0.87482327 0.77883197 0.87650701 0.78121655 0.87659086 0.78347615 0.87827458 0.78360112 0.87667470 0.78611067 0.87515867 0.78623564 0.87355880 0.78874518 0.87204277 0.78648561 0.87035864 0.78410104 0.87027479 0.78184143 0.86859107 0.77707167 0.86842336 0.77255249 0.86505551 0.77016731 0.86497164 0.76790770 0.86328792 0.76552313 0.86320408 0.76326352 0.86152035 0.76087895 0.86143651 0.75861873 0.85975277 0.75623415 0.85966892 0.75397455 0.85798520 0.75158937 0.85790133 0.74932979 0.85621720 0.74456064 0.85604951 0.74443564 0.85764979 0.74192609 0.85916582 0.74167615 0.86236557 0.74406073 0.86244942 0.74632033 0.86413314 0.74870491 0.86421698
0 0.66824935 0.85336627 0.67276853 0.85673412 0.67515310 0.85681797 0.67741332 0.85850171 0.68218247 0.85866940 0.68896186 0.86372099 0.69134644 0.86380484 0.69360604 0.86548856 0.69599123 0.86557243 0.69825083 0.86725615 0.70063541 0.86733999 0.70289559 0.86902415 0.70766474 0.86919184 0.70778975 0.86759155 0.70553014 0.86590783 0.70803969 0.86439180 0.71042426 0.86447565 0.71293384 0.86295921 0.71054926 0.86287537 0.70828966 0.86119164 0.70590508 0.86110780 0.70364548 0.85942408 0.69887572 0.85925637 0.69435590 0.85588890 0.69197132 0.85580506 0.68971175 0.85412093 0.68946178 0.85732109 0.68695223 0.85883712 0.68456766 0.85875327 0.68230744 0.85706953 0.68481760 0.85555352 0.68506757 0.85235336 0.68268238 0.85226949 0.68042278 0.85058577 0.67803820 0.85050193 0.67577802 0.84881778 0.67552805 0.85201793 0.67301850 0.85353396 0.67063393 0.85345012 0.66837432 0.85176640 0.67088387 0.85025037 0.67113384 0.84705021 0.66874926 0.84696636 0.66648966 0.84528264 0.66171990 0.84511493 0.66159493 0.84671480 0.65908538 0.84823083 0.65883541 0.85143099 0.66121998 0.85151484 0.66347959 0.85319856 0.66824935 0.85336627
0 0.61101588 0.85135384 0.61327546 0.85303797 0.61566003 0.85312182 0.61791963 0.85480554 0.62030482 0.85488940 0.62256443 0.85657312 0.62494900 0.85665697 0.62720922 0.85834071 0.63197837 0.85850840 0.62971876 0.85682469 0.62733419 0.85674084 0.62507397 0.85505710 0.62519894 0.85345722 0.62770913 0.85194080 0.62996871 0.85362494 0.63235328 0.85370878 0.63461288 0.85539250 0.63473786 0.85379263 0.63247828 0.85210850 0.63009371 0.85202465 0.62783410 0.85034093 0.62544891 0.85025706 0.62318931 0.84857334 0.62080474 0.84848950 0.61854455 0.84680534 0.61615998 0.84672150 0.61390037 0.84503778 0.61151580 0.84495393 0.60925619 0.84327021 0.60687101 0.84318634 0.60674604 0.84478622 0.60423649 0.84630225 0.60398652 0.84950241 0.60637109 0.84958625 0.60863131 0.85126999 0.61101588 0.85135384
0 0.75007964 0.84661754 0.75246422 0.84670139 0.75472444 0.84838513 0.75710901 0.84846898 0.75936862 0.85015270 0.76175380 0.85023657 0.76401341 0.85192029 0.76639798 0.85200413 0.76865755 0.85368826 0.77104213 0.85377211 0.77330235 0.85545585 0.77568692 0.85553970 0.77794653 0.85722342 0.78033171 0.85730729 0.78259129 0.85899142 0.78497586 0.85907526 0.78723546 0.86075898 0.78962004 0.86084283 0.79188026 0.86252657 0.79426483 0.86261041 0.79677438 0.86109438 0.79451477 0.85941067 0.79213020 0.85932682 0.78987001 0.85764267 0.78748544 0.85755882 0.78522583 0.85587510 0.78284126 0.85579126 0.78058165 0.85410754 0.77819647 0.85402367 0.77593689 0.85233954 0.77355232 0.85225569 0.77129210 0.85057195 0.76890753 0.85048810 0.76664792 0.84880438 0.76426335 0.84872054 0.76200374 0.84703682 0.75961856 0.84695295 0.75735895 0.84526923 0.75497438 0.84518538 0.75271419 0.84350123 0.75032962 0.84341738 0.74807001 0.84173366 0.74568544 0.84164982 0.74342583 0.83996610 0.74104065 0.83988223 0.73878108 0.83819810 0.73853110 0.84139826 0.74079071 0.84308198 0.74317589 0.84316585 0.74543546 0.84484998 0.74782004 0.84493382 0.75007964 0.84661754
0 0.68405715 0.83466964 0.68430709 0.83146989 0.68192252 0.83138604 0.67966291 0.82970233 0.67489315 0.82953461 0.67476818 0.83113449 0.67225864 0.83265052 0.67200870 0.83585027 0.67439327 0.83593411 0.67665284 0.83761824 0.68142261 0.83778596 0.68154761 0.83618567 0.68405715 0.83466964
0 0.70226012 0.84654039 0.70452033 0.84822414 0.70690491 0.84830798 0.70916451 0.84999170 0.71154909 0.85007555 0.71606888 0.85344342 0.71845345 0.85352727 0.72096300 0.85201124 0.72108800 0.85041095 0.72359816 0.84889495 0.72372313 0.84729507 0.72146291 0.84561133 0.71907834 0.84552748 0.71681873 0.84384376 0.71443354 0.84375990 0.71217397 0.84207577 0.70978940 0.84199192 0.70752979 0.84030820 0.70514522 0.84022435 0.70288500 0.83854061 0.70037546 0.84005664 0.69811585 0.83837292 0.69824085 0.83677263 0.69585567 0.83668877 0.69359606 0.83500505 0.69121149 0.83492120 0.68895188 0.83323748 0.68870194 0.83643723 0.68368237 0.83946958 0.68594242 0.84115342 0.68832700 0.84123726 0.69058657 0.84292139 0.69297115 0.84300524 0.69548073 0.84148880 0.69774091 0.84317295 0.69761594 0.84477283 0.69987554 0.84645655 0.70226012 0.84654039
0 0.61941938 0.83560581 0.62167959 0.83728955 0.62406417 0.83737340 0.62632377 0.83905712 0.62870896 0.83914099 0.63096853 0.84082512 0.63335311 0.84090896 0.63561271 0.84259268 0.63799729 0.84267653 0.64025750 0.84436027 0.64264208 0.84444412 0.64276704 0.84284424 0.64527659 0.84132821 0.64540160 0.83972793 0.64791175 0.83821192 0.64552656 0.83812805 0.64326696 0.83644433 0.64088238 0.83636049 0.63636260 0.83299262 0.63397802 0.83290877 0.63171842 0.83122505 0.62933384 0.83114121 0.62707362 0.82945746 0.62468905 0.82937362 0.62242945 0.82768989 0.62004426 0.82760603 0.61502517 0.83063809 0.61490020 0.83223796 0.61239065 0.83375399 0.61477523 0.83383783 0.61703480 0.83552196 0.61941938 0.83560581
0 0.69434592 0.82540539 0.69673049 0.82548923 0.69899071 0.82717298 0.70137528 0.82725682 0.70363489 0.82894054 0.70840465 0.82910826 0.71066422 0.83079239 0.71304880 0.83087623 0.71530840 0.83255995 0.71769359 0.83264382 0.71995319 0.83432754 0.72233777 0.83441139 0.72459798 0.83609513 0.72698256 0.83617897 0.72924216 0.83786270 0.72949211 0.83466295 0.72710753 0.83457910 0.72484792 0.83289538 0.72246274 0.83281151 0.72020313 0.83112779 0.71781856 0.83104395 0.71555838 0.82935979 0.71317380 0.82927595 0.71091419 0.82759223 0.70852962 0.82750838 0.70627002 0.82582466 0.70388483 0.82574079 0.70162526 0.82405666 0.69924068 0.82397282 0.69698046 0.82228907 0.69459589 0.82220523 0.69233629 0.82052151 0.68995171 0.82043766 0.68769211 0.81875394 0.68530692 0.81867008 0.68279738 0.82018611 0.68505698 0.82186982 0.68744216 0.82195369 0.68970177 0.82363741 0.69208634 0.82372126 0.69434592 0.82540539
0 0.77090718 0.82488847 0.77329175 0.82497232 0.77555197 0.82665606 0.77793655 0.82673990 0.78019612 0.82842403 0.78258130 0.82850790 0.78484091 0.83019162 0.78722548 0.83027547 0.78948509 0.83195919 0.79186966 0.83204304 0.79412985 0.83372719 0.79651442 0.83381103 0.79877403 0.83549475 0.80115921 0.83557862 0.80341882 0.83726234 0.80580339 0.83734619 0.80806300 0.83902991 0.81044757 0.83911375 0.81270779 0.84079749 0.81509237 0.84088134 0.81521733 0.83928146 0.81283276 0.83919762 0.81057254 0.83751388 0.80818797 0.83743003 0.80592836 0.83574631 0.80354379 0.83566247 0.80128419 0.83397874 0.79889900 0.83389488 0.79663943 0.83221075 0.79425485 0.83212690 0.79199464 0.83044316 0.78961006 0.83035931 0.78735046 0.82867559 0.78496588 0.82859175 0.78270631 0.82690762 0.78032112 0.82682375 0.77806152 0.82514003 0.77567694 0.82505618 0.77341672 0.82337244 0.77103215 0.82328860 0.76877254 0.82160488 0.76638797 0.82152103 0.76412837 0.81983731 0.76174318 0.81975344 0.75948361 0.81806931 0.75709903 0.81798546 0.75697403 0.81958575 0.75923363 0.82126947 0.76400339 0.82143718 0.76626300 0.82312090 0.76864758 0.82320475 0.77090718 0.82488847
0 0.71517345 0.80367631 0.71755803 0.80376016 0.71981821 0.80544431 0.72220279 0.80552816 0.72446239 0.80721188 0.72684758 0.80729575 0.72910718 0.80897947 0.73149176 0.80906331 0.73375136 0.81074703 0.73613594 0.81083088 0.73839615 0.81251462 0.74078073 0.81259847 0.74304030 0.81428260 0.74542549 0.81436646 0.74768509 0.81605019 0.75245424 0.81621788 0.75019464 0.81453416 0.74781006 0.81445031 0.74555049 0.81276618 0.74316530 0.81268231 0.74090570 0.81099859 0.73852112 0.81091475 0.73626091 0.80923100 0.73387633 0.80914716 0.73161673 0.80746344 0.72923215 0.80737959 0.72697255 0.80569587 0.72458736 0.80561200 0.72232779 0.80392787 0.71994321 0.80384403 0.71768300 0.80216029 0.71529842 0.80207644 0.71303882 0.80039272 0.71065424 0.80030887 0.70839467 0.79862474 0.70600948 0.79854088 0.70374988 0.79685715 0.70136530 0.79677331 0.70124033 0.79837318 0.70349991 0.80005731 0.70826967 0.80022503 0.71052927 0.80190875 0.71291385 0.80199259 0.71517345 0.80367631
0 0.67287354 0.79416722 0.67513314 0.79585094 0.67751772 0.79593479 0.67977733 0.79761851 0.68216251 0.79770237 0.68228748 0.79610250 0.68479703 0.79458647 0.68492200 0.79298660 0.68743154 0.79147057 0.68517197 0.78978644 0.68278739 0.78970259 0.68052718 0.78801885 0.67814260 0.78793500 0.67588300 0.78625128 0.67349842 0.78616744 0.67123885 0.78448330 0.66646909 0.78431559 0.66634409 0.78591588 0.66383454 0.78743191 0.66345960 0.79223194 0.66822875 0.79239963 0.67048896 0.79408337 0.67287354 0.79416722
