0 0.50000000 0.35242868 0.46657238 0.29926486 0.40514072 0.32049619 0.42313208 0.35053634 0.40619260 0.35811409 0.42564537 0.39005568 0.50000000 0.38152435 0.50000000 0.35242868
0 1.00000000 0.23212738 0.98920608 0.20832077 0.95384832 0.20934534 0.93762264 0.17809628 0.87627453 0.19066284 0.85757108 0.15581737 0.80172214 0.17944498 0.81914704 0.21988654 0.85077048 0.21095827 0.88678407 0.29706861 0.84950455 0.30828636 0.81557459 0.22636707 0.75819929 0.24867594 0.77052538 0.29427929 0.74480685 0.30775539 0.75686112 0.35142462 0.70515224 0.37644270 0.71897796 0.40820312 0.72417564 0.40820312 0.80209857 0.37859634 0.79031612 0.33686123 0.80470177 0.32695018 0.82210883 0.32450378 0.83667222 0.35795878 0.85241698 0.35771831 1.00000000 0.29563931 1.00000000 0.23212738
0 0.68751514 0.23691443 0.59712391 0.26736897 0.59736437 0.28311373 0.63365262 0.35887885 0.67732185 0.34682458 0.67161358 0.30620812 0.70781816 0.29717525 0.68751514 0.23691443
0 0.14742301 1.00000000 0.17013015 0.97995883 0.09563204 0.86956967 0.04968087 0.91212466 0.05582344 0.93106689 0.10109082 1.00000000 0.14742301 1.00000000
0 0.17609176 0.97415590 0.23013033 0.92793754 0.15612362 0.81422879 0.10567908 0.86005241 0.17609176 0.97415590
0 0.28939642 0.86882033 0.21672098 0.75760273 0.16379686 0.80702763 0.23704005 0.91860833 0.28939642 0.86882033
0 0.34869641 0.81463945 0.27339066 0.70337850 0.22167141 0.75163886 0.29703804 0.86658508 0.34869641 0.81463945
0 0.40722566 0.75647586 0.33279642 0.64791244 0.28161379 0.69778533 0.35518166 0.81045589 0.40722566 0.75647586
0 0.46768062 0.70424820 0.39276437 0.59095220 0.34092318 0.64360055 0.41413264 0.75519620 0.46768062 0.70424820
0 0.49360276 0.62953463 0.47695300 0.57819691 0.44880298 0.53639640 0.39935993 0.58671761 0.47360726 0.70155587 0.49902018 0.67515857 0.49360276 0.62953463
0 0.26748170 1.00000000 0.27836234 0.99819008 0.25454159 0.96451223 0.21702727 1.00000000 0.26748170 1.00000000
0 0.35948142 0.97131088 0.31440211 0.90883979 0.26341583 0.95614717 0.28929010 0.99637232 0.31300044 0.99242826 0.35948142 0.97131088
0 0.32409312 0.90134034 0.36738583 0.96771763 0.43020199 0.93917913 0.37370210 0.85465892 0.32409312 0.90134034
0 0.50000000 0.89545462 0.43366812 0.79769900 0.38070720 0.84528583 0.44098652 0.93427807 0.50000000 0.90746592 0.50000000 0.89545462
0 0.50000000 0.75510676 0.49170790 0.74285467 0.43991108 0.79238853 0.50000000 0.88436766 0.50000000 0.75510676
0 0.79541633 0.80985716 0.90211662 0.89573218 0.98303614 0.79076825 0.87416954 0.69687845 0.79541633 0.80985716
