0 1.00000000 0.17719531 0.20054688 0.19042969 0.20237500 0.25878906 1.00000000 0.24328125 1.00000000 0.17719531
0 1.00000000 0.26878906 0.20445313 0.27929688 0.20237500 0.34765625 1.00000000 0.33496094 1.00000000 0.26878906
0 1.00000000 0.35475781 0.20542969 0.36816406 0.20432812 0.43359375 1.00000000 0.42187500 1.00000000 0.35475781
0 1.00000000 0.44352734 0.20835938 0.45703125 0.20823047 0.52343750 0.99911719 0.51367188 1.00000000 0.50788281 1.00000000 0.44352734
0 0.43378125 0.88867188 0.53727734 0.88574219 0.53727734 0.82128906 0.21714844 0.82519531 0.21506641 0.89453125 0.43378125 0.88867188
0 1.00000000 0.81069141 0.72984375 0.81640625 0.73158203 0.88574219 1.00000000 0.88386328 1.00000000 0.81069141
0 1.00000000 0.90337500 0.21421875 0.91406250 0.21604297 0.98730469 1.00000000 0.97500781 1.00000000 0.90337500
0 1.00000000 0.63285547 0.20835938 0.64453125 0.20920703 0.71875000 1.00000000 0.70728906 1.00000000 0.63285547
0 1.00000000 0.72365234 0.21311328 0.73828125 0.21213672 0.80761719 1.00000000 0.79722266 1.00000000 0.72365234
0 1.00000000 0.53125000 0.20933594 0.54003906 0.20627734 0.60937500 1.00000000 0.60269531 1.00000000 0.53125000
