0 0.36778846 0.27207980 0.13745193 0.06086355 0.12663721 0.10345785 0.36778846 0.32297423 0.36778846 0.27207980
0 0.36778846 0.34226294 0.12389382 0.11671556 0.11179897 0.15808587 0.36655711 0.39207451 0.36778846 0.38120783 0.36778846 0.34226294
0 0.09808983 0.21152476 0.35970610 0.45253487 0.36499520 0.40585840 0.10937654 0.17164787 0.09808983 0.21152476
0 0.35717435 0.46684126 0.09549777 0.22719294 0.08436839 0.26797564 0.34517261 0.50968412 0.34642871 0.50640213 0.35717435 0.46684126
0 0.13170256 0.59374676 0.14246380 0.55412598 0.03690376 0.45625950 0.02464558 0.49822868 0.09729657 0.56313121 0.13170256 0.59374676
0 0.29295708 0.68990385 0.20638368 0.61143935 0.19537652 0.65460438 0.23295611 0.68990385 0.29295708 0.68990385
0 0.21586904 0.68990385 0.02110604 0.50997045 0.00947408 0.55556437 0.14882235 0.68362651 0.16456617 0.68990385 0.21586904 0.68990385
0 0.05207586 0.38834154 0.31313380 0.62897750 0.32556223 0.58322451 0.06419071 0.34245250 0.05207586 0.38834154
0 0.03819709 0.44388661 0.29811693 0.68426164 0.31040163 0.63903820 0.05009514 0.40156996 0.03819709 0.44388661
0 0.06937912 0.32019054 0.33059769 0.56468438 0.34252744 0.52076585 0.08195685 0.27852510 0.06937912 0.32019054
0 0.93734705 0.68990385 0.97578675 0.49255636 0.94679943 0.48583265 0.94628587 0.48846920 0.93164074 0.49884775 0.93112732 0.50148363 0.91941045 0.50978644 0.91889702 0.51242231 0.90425176 0.52280154 0.90373834 0.52543742 0.89202208 0.53374037 0.89150867 0.53637625 0.87686353 0.54675480 0.87635011 0.54939068 0.86170485 0.55976990 0.86119143 0.56240578 0.84947517 0.57070873 0.84896175 0.57334461 0.83431662 0.58372316 0.83380306 0.58635971 0.83087357 0.58843517 0.84053601 0.59067641 0.84243805 0.59387256 0.86659445 0.59947572 0.86849636 0.60267254 0.86592912 0.61585260 0.86300025 0.61792821 0.85333781 0.61568697 0.85128399 0.62623116 0.84835512 0.62830676 0.80970535 0.61934182 0.80677648 0.62141743 0.79469796 0.61861577 0.78298157 0.62691940 0.78246815 0.62955528 0.76782302 0.63993383 0.76730960 0.64256970 0.75559334 0.65087265 0.75507992 0.65350853 0.74043466 0.66388776 0.73992124 0.66652363 0.72820498 0.67482658 0.72769156 0.67746246 0.71304643 0.68784101 0.71264463 0.68990385 0.93734705 0.68990385
0 0.97901932 0.46299941 0.98143477 0.46355968 0.98246162 0.45828793 0.97953274 0.46036353 0.97901932 0.46299941
0 1.00000000 0.06561537 0.88489048 0.03891532 0.87903267 0.04306687 0.87851920 0.04570295 0.86387343 0.05608150 0.86335998 0.05871751 0.84871481 0.06909626 0.84820135 0.07173234 0.83355619 0.08211103 0.83304275 0.08474704 0.81839702 0.09512532 0.81788347 0.09776187 0.80323833 0.10814042 0.80272491 0.11077630 0.78807965 0.12115553 0.78756623 0.12379141 0.77292110 0.13416996 0.77240768 0.13680584 0.75483292 0.14926052 0.75431950 0.15189640 0.73967436 0.16227495 0.73916094 0.16491083 0.72451568 0.17529006 0.72400226 0.17792594 0.70935713 0.18830449 0.70884357 0.19094104 0.69419782 0.20131945 0.69368440 0.20395533 0.67903927 0.21433388 0.67852585 0.21696976 0.66388058 0.22734899 0.66336716 0.22998487 0.64872141 0.24036328 0.64820786 0.24299983 0.63063385 0.25545399 0.63012043 0.25808986 0.61547530 0.26846841 0.61496175 0.27110497 0.60031600 0.28148338 0.59980258 0.28411925 0.58515731 0.29449848 0.58464389 0.29713436 0.56999876 0.30751291 0.56948534 0.31014879 0.55484020 0.32052734 0.55432665 0.32316389 0.53968152 0.33354245 0.53916810 0.33617832 0.52745123 0.34448113 0.52539741 0.35502531 0.54230684 0.35894751 0.54523571 0.35687191 0.55972968 0.36023383 0.56163172 0.36342998 0.55855093 0.37924660 0.55562205 0.38132220 0.54595961 0.37908096 0.53131448 0.38945952 0.53080093 0.39209607 0.51615518 0.40247448 0.51564176 0.40511036 0.49806775 0.41756452 0.49755419 0.42020107 0.48290906 0.43057962 0.48239564 0.43321550 0.46774976 0.44359458 0.46723634 0.44623046 0.45259121 0.45660901 0.45207779 0.45924489 0.43450365 0.47169972 0.43399022 0.47433560 0.41934447 0.48471401 0.41883105 0.48734989 0.40418579 0.49772911 0.40367237 0.50036499 0.38902724 0.51074355 0.38851369 0.51338010 0.37093937 0.52583418 0.37042594 0.52847006 0.36778846 0.53033913 0.36778846 0.62153351 0.65491987 0.68813461 0.66370663 0.68190712 0.66422006 0.67927125 0.67593693 0.67096844 0.67645035 0.66833256 0.68816612 0.66002880 0.68867954 0.65739292 0.70039641 0.64909011 0.70090984 0.64645424 0.71262547 0.63815114 0.71313889 0.63551527 0.72485577 0.62721246 0.72536932 0.62457591 0.73708482 0.61627349 0.73759838 0.61363694 0.74931525 0.60533413 0.74982867 0.60269826 0.75861543 0.59647077 0.75912886 0.59383489 0.72289455 0.58543022 0.72099251 0.58223407 0.72977989 0.57600673 0.73029331 0.57337085 0.73615182 0.56921911 0.73666524 0.56658324 0.74545200 0.56035575 0.74596542 0.55771987 0.74889430 0.55564426 0.79720712 0.56685059 0.80013599 0.56477498 0.80064955 0.56213843 0.81236580 0.55383548 0.81287922 0.55119960 0.82166660 0.54497226 0.82218002 0.54233638 0.83389566 0.53403329 0.83440908 0.53139741 0.84612596 0.52309461 0.84663951 0.52045805 0.85835501 0.51215564 0.85886856 0.50951908 0.86765594 0.50329174 0.86816937 0.50065586 0.87988562 0.49235291 0.88039904 0.48971704 0.89211530 0.48141409 0.89262872 0.47877821 0.90141610 0.47255087 0.90192952 0.46991499 0.91364578 0.46161204 0.87982754 0.45376779 0.87602299 0.44737467 0.87807680 0.43683049 0.88100568 0.43475488 0.89308357 0.43755639 0.89462397 0.42964808 0.89755346 0.42757262 0.91446227 0.43149467 0.91739177 0.42941921 0.95121000 0.43726347 0.95172355 0.43462692 0.96051080 0.42840025 0.96102422 0.42576437 0.97274061 0.41746075 0.97325403 0.41482487 0.98497028 0.40652192 0.98548370 0.40388604 0.99427108 0.39765869 1.00000000 0.36824673 1.00000000 0.06561537
0 0.00000000 0.92100230 0.04095007 0.92303324 0.04203680 0.81225672 0.00000000 0.80922575 0.00000000 0.92100230
0 0.00000000 0.68990385 0.00000000 0.79921969 0.04561100 0.79800819 0.04047159 0.68990385 0.00000000 0.68990385
0 0.36778846 0.81845973 0.08295046 0.81572352 0.08566252 0.92065246 0.36778846 0.92504337 0.36778846 0.81845973
0 0.36778846 0.68990385 0.07968150 0.68990385 0.08157612 0.80112355 0.36778846 0.81028714 0.36778846 0.68990385
