0 0.16636727 0.01276540 0.02717353 0.04723074 0.06476487 0.09752210 0.22754340 0.05576158 0.19189062 0.01101122 0.16636727 0.01276540
0 0.06973982 0.10337643 0.10696294 0.15534417 0.27364342 0.11455654 0.23560054 0.06558426 0.06973982 0.10337643
0 0.15815248 0.21378938 0.32128882 0.17365765 0.27971313 0.12204595 0.11592775 0.16257781 0.15815248 0.21378938
0 0.20325686 0.27141283 0.36740217 0.22914736 0.32682288 0.17871536 0.15812582 0.22039987 0.20325686 0.27141283
0 0.25354160 0.32909288 0.41404901 0.28707706 0.37129330 0.23680583 0.20605138 0.27741656 0.25354160 0.32909288
0 0.29582774 0.38732301 0.46232931 0.34572098 0.41640168 0.29444066 0.25261031 0.33493984 0.29582774 0.38732301
0 0.38481973 0.41992188 0.40770374 0.41925039 0.44746656 0.41651662 0.50908047 0.40075341 0.46514473 0.35182265 0.29698896 0.39261415 0.32212894 0.41992188 0.38481973 0.41992188
0 0.02084821 0.03857767 0.10390872 0.01706033 0.00743547 0.02369204 0.00728604 0.02385083 0.02084821 0.03857767
0 0.00000000 0.18342777 0.05313069 0.16896052 0.01281701 0.11973622 0.00000000 0.12254522 0.00000000 0.18342777
0 0.00000000 0.21545897 0.00119930 0.22827163 0.00669060 0.25330753 0.09986838 0.22729655 0.06019666 0.17762799 0.00000000 0.19212911 0.00000000 0.21545897
0 0.10557171 0.23648200 0.00823729 0.26036627 0.02053696 0.31645395 0.14497276 0.28492000 0.10557171 0.23648200
0 0.15395710 0.29223684 0.02264989 0.32608312 0.03542526 0.38433818 0.19325321 0.34356556 0.15395710 0.29223684
0 0.16333398 0.41992188 0.23963323 0.40027445 0.19751994 0.34956387 0.03648442 0.38916583 0.03904539 0.40085477 0.05571669 0.41992188 0.16333398 0.41992188
0 0.25431779 0.41992188 0.24399188 0.40669055 0.19114573 0.41992188 0.25431779 0.41992188
0 0.95381354 0.21887344 0.87469421 0.26812086 0.87257064 0.28197843 0.88426780 0.31821920 0.89597049 0.31729923 0.92375931 0.29164504 0.96852017 0.26661246 0.95381354 0.21887344
0 0.96364053 0.41992188 0.96466530 0.41751251 0.98512936 0.40612477 0.99971076 0.37564142 0.99588354 0.34073779 0.98548667 0.30439480 0.97884889 0.30100500 0.80373062 0.41992188 0.91859348 0.41992188 0.91840524 0.39963523 0.93517283 0.39440549 0.94017700 0.41992188 0.96364053 0.41992188
0 0.30031906 0.76711670 0.30655350 0.72164308 0.34802677 0.71447119 0.35439750 0.67289846 0.37369755 0.66551383 0.46608692 0.66020676 0.45478204 0.74715089 0.51480023 0.74830017 0.52870570 0.66115161 0.54793760 0.65181653 0.55471721 0.62194650 0.55293989 0.60839558 0.25647174 0.63170143 0.25037912 0.64391521 0.23907425 0.73085935 0.23776842 0.76812230 0.24447435 0.77346255 0.30031906 0.76711670
0 0.80363526 1.00000000 0.81892321 0.99814095 0.81984727 0.99575969 0.82569874 0.99504813 0.82564762 0.99278488 0.82657167 0.99040361 0.83144773 0.98981067 0.83139663 0.98754799 0.83232093 0.98516670 0.83817215 0.98445518 0.83806993 0.97992924 0.83704366 0.97778514 0.83694143 0.97325920 0.83591492 0.97111513 0.83581270 0.96658977 0.83478644 0.96444568 0.83463310 0.95765705 0.83360682 0.95551238 0.83350461 0.95098702 0.83247834 0.94884292 0.83232501 0.94205430 0.83129874 0.93991020 0.83119652 0.93538426 0.83017000 0.93324020 0.83001667 0.92645158 0.82899040 0.92430748 0.82888818 0.91978154 0.82786191 0.91763744 0.82770859 0.91084940 0.82668206 0.90870476 0.82657985 0.90417940 0.82555357 0.90203472 0.82540025 0.89524668 0.82437398 0.89310258 0.82427176 0.88857664 0.82324549 0.88643254 0.82314326 0.88190660 0.82211700 0.87976251 0.82196366 0.87297389 0.82093715 0.87082982 0.82083492 0.86630388 0.81980865 0.86415978 0.81965534 0.85737174 0.81862905 0.85522706 0.81852684 0.85070170 0.81750031 0.84855706 0.81734699 0.84176902 0.81632073 0.83962492 0.81621850 0.83509898 0.81519223 0.83295488 0.81503890 0.82616626 0.81401263 0.82402217 0.81391041 0.81949623 0.81288414 0.81735213 0.81273081 0.81056351 0.81170429 0.80841944 0.81160208 0.80389408 0.81057580 0.80174940 0.81042247 0.79496079 0.80939620 0.79281669 0.80934510 0.79055401 0.80251846 0.79138414 0.80256957 0.79364682 0.80359584 0.79579092 0.80364696 0.79805418 0.80272290 0.80043544 0.79687168 0.80114696 0.79692279 0.80340964 0.79794907 0.80555432 0.79800017 0.80781700 0.79707612 0.81019826 0.79122465 0.81090982 0.79225092 0.81305392 0.79245535 0.82210521 0.79153131 0.82448705 0.78567984 0.82519861 0.78670636 0.82734268 0.78680857 0.83186804 0.78588426 0.83424933 0.78100821 0.83484227 0.78116154 0.84163089 0.78218807 0.84377554 0.78229028 0.84830089 0.78331655 0.85044499 0.78346988 0.85723361 0.78449615 0.85937771 0.78357210 0.86175955 0.77869580 0.86235252 0.77890022 0.87140324 0.77992675 0.87354789 0.78002896 0.87807325 0.78105524 0.88021793 0.78120856 0.88700596 0.78223483 0.88915006 0.78233706 0.89367600 0.78336357 0.89582007 0.78351690 0.90260869 0.78454317 0.90475279 0.78469650 0.91154141 0.78572277 0.91368550 0.78582500 0.91821144 0.78685126 0.92035554 0.78700460 0.92714416 0.78803086 0.92928826 0.78813309 0.93381420 0.78915961 0.93595827 0.78931292 0.94274630 0.79033921 0.94489098 0.79044142 0.94941634 0.79146770 0.95156102 0.79162102 0.95834906 0.79264753 0.96049313 0.79274976 0.96501907 0.79377603 0.96716316 0.79392936 0.97395179 0.79495563 0.97609588 0.79510896 0.98288450 0.79613522 0.98502860 0.79623745 0.98955454 0.79726372 0.99169863 0.79741705 0.99848726 0.79814131 1.00000000 0.80363526 1.00000000
0 0.83358073 0.69457641 0.83265642 0.69695770 0.82778037 0.69755064 0.82793370 0.70433926 0.82700964 0.70672052 0.81433154 0.70826221 0.81443377 0.71278815 0.81546028 0.71493222 0.81561360 0.72172026 0.81663988 0.72386493 0.81679321 0.73065355 0.81781948 0.73279765 0.81792169 0.73732301 0.81699764 0.73970427 0.81212158 0.74029721 0.81222380 0.74482315 0.81325007 0.74696725 0.81340340 0.75375587 0.81442967 0.75589997 0.81453190 0.76042591 0.81555816 0.76257001 0.81571149 0.76935862 0.81673801 0.77150269 0.81678912 0.77376537 0.81586481 0.77614666 0.81098876 0.77673960 0.81114209 0.78352822 0.81216862 0.78567287 0.81232194 0.79246091 0.81334820 0.79460501 0.81350153 0.80139363 0.81452782 0.80353830 0.81468113 0.81032635 0.82248293 0.80937763 0.82350919 0.81152173 0.82376475 0.82283629 0.82479102 0.82498038 0.82386696 0.82736164 0.81801574 0.82807317 0.81904201 0.83021726 0.81919534 0.83700588 0.82022162 0.83915056 0.82037494 0.84593860 0.82140146 0.84808267 0.82155479 0.85487129 0.82258107 0.85701596 0.82843229 0.85630444 0.82945881 0.85844851 0.82956102 0.86297387 0.83058729 0.86511797 0.83068951 0.86964391 0.82976546 0.87202517 0.82488915 0.87261814 0.82504248 0.87940676 0.82606875 0.88155086 0.82617097 0.88607680 0.82719749 0.88822087 0.82735082 0.89500948 0.82837709 0.89715358 0.83520372 0.89632345 0.83622999 0.89846754 0.83643443 0.90751884 0.83746071 0.90966352 0.83653665 0.91204478 0.83068543 0.91275631 0.83073654 0.91501898 0.83176281 0.91716308 0.83186503 0.92168902 0.83289130 0.92383312 0.83304463 0.93062174 0.83407090 0.93276584 0.83417311 0.93729120 0.83519939 0.93943588 0.83535272 0.94622449 0.83637924 0.94836856 0.83648145 0.95289392 0.83750772 0.95503802 0.83760995 0.95956396 0.84053568 0.95920818 0.84156195 0.96135228 0.85131407 0.96016640 0.85116073 0.95337778 0.85013447 0.95123368 0.85003225 0.94670832 0.84900599 0.94456422 0.84993003 0.94218238 0.85285576 0.94182661 0.85377982 0.93944535 0.85573039 0.93920815 0.85470412 0.93706405 0.85455079 0.93027543 0.85352427 0.92813137 0.85337094 0.92134275 0.85234468 0.91919865 0.85224245 0.91467271 0.85121618 0.91252861 0.85116508 0.91026593 0.85208913 0.90788467 0.85794035 0.90717315 0.85788923 0.90490989 0.85686297 0.90276579 0.85676074 0.89823985 0.85573447 0.89609575 0.85558115 0.88930771 0.85455487 0.88716304 0.85445266 0.88263768 0.85342638 0.88049300 0.85327306 0.87370496 0.85419712 0.87132370 0.86004834 0.87061217 0.85902206 0.86846750 0.85886873 0.86167888 0.85784246 0.85953478 0.85774025 0.85500942 0.85671373 0.85286535 0.85661150 0.84833941 0.85558524 0.84619531 0.85543190 0.83940670 0.85440564 0.83726260 0.85430341 0.83273666 0.85327714 0.83059256 0.85312381 0.82380394 0.85404787 0.82142268 0.85892393 0.82082974 0.85882171 0.81630438 0.85779543 0.81415970 0.85769322 0.80963434 0.85666694 0.80748966 0.85661583 0.80522698 0.85753989 0.80284572 0.86046562 0.80248995 0.86138968 0.80010868 0.86334000 0.79987152 0.86328890 0.79760884 0.86226262 0.79546416 0.86318667 0.79308290 0.86903814 0.79237135 0.86893592 0.78784541 0.86790965 0.78570131 0.86770521 0.77665001 0.86862927 0.77426875 0.87350533 0.77367581 0.87345422 0.77141313 0.87242794 0.76926845 0.87237683 0.76700577 0.87135057 0.76486167 0.87124835 0.76033631 0.87022182 0.75819167 0.87006849 0.75140305 0.86904222 0.74925895 0.86888890 0.74247091 0.86786262 0.74032623 0.86776041 0.73580087 0.86673413 0.73365620 0.86658081 0.72686815 0.86555455 0.72472406 0.86540121 0.71793544 0.86437468 0.71579079 0.86422137 0.70900275 0.86319510 0.70685865 0.86309287 0.70233271 0.86401693 0.69995145 0.86889299 0.69935851 0.86879076 0.69483257 0.86776449 0.69268847 0.86761116 0.68589985 0.86658489 0.68375576 0.86648267 0.67922982 0.84600302 0.68172019 0.84610525 0.68624613 0.84713152 0.68839023 0.84620748 0.69077207 0.83450479 0.69219514 0.83347850 0.69005047 0.83358073 0.69457641
