0 0.20680392 0.30859375 0.12585160 0.14152612 0.09200787 0.18171608 0.15499549 0.30859375 0.20680392 0.30859375
0 0.72119211 0.10823818 0.80419230 0.08180340 0.70176643 0.02546417 0.61935606 0.05149447 0.72119211 0.10823818
0 0.68616630 0.11532957 0.71855655 0.10648117 0.61722557 0.05393556 0.59095786 0.06104521 0.68616630 0.11532957
0 0.39653154 0.20326753 0.67737821 0.11009572 0.59192487 0.06098788 0.30545946 0.15379932 0.39653154 0.20326753
0 0.35228591 0.22839797 0.40817784 0.21076491 0.30817151 0.15653635 0.24778484 0.17400723 0.35228591 0.22839797
0 0.86794871 0.17444045 0.95417852 0.14521636 0.81924346 0.09012981 0.73003057 0.11756477 0.75051989 0.12748159 0.86794871 0.17444045
0 0.86738882 0.17384190 0.75797038 0.12734011 0.46814586 0.22324830 0.58045203 0.27014215 0.86799008 0.17378107 0.86738882 0.17384190
0 0.36870076 0.23730658 0.49917449 0.29582388 0.57557973 0.27129722 0.46351670 0.22228780 0.45285393 0.21863583 0.43796836 0.22267867 0.42656072 0.21764872 0.36870076 0.23730658
0 0.51384666 0.04216267 0.44181484 0.01328460 0.39979761 0.01753602 0.48867786 0.05333007 0.51384666 0.04216267
0 0.33606940 0.02398422 0.29158740 0.03522276 0.37508536 0.06914628 0.45006311 0.04088563 0.40394164 0.01857160 0.34371551 0.02321056 0.33606940 0.02398422
0 0.23958333 0.11801723 0.26049679 0.12670216 0.40197775 0.07994273 0.29454216 0.03840083 0.23958333 0.05486422 0.23958333 0.11801723
0 0.57908999 0.00000000 0.50534616 0.00772406 0.54548377 0.02073994 0.61234279 0.00000000 0.57908999 0.00000000
0 0.11617330 0.89784773 0.11429687 0.85426532 0.15504086 0.84104031 0.15820787 0.81972671 0.14969601 0.78466465 0.10010818 0.80119718 0.10554197 0.83388781 0.09377077 0.85187734 0.09028876 0.87129583 0.09532880 0.90161758 0.09974903 0.90399028 0.11617330 0.89784773
0 0.23958333 0.69674388 0.29974190 0.91612948 0.40061715 0.89326100 0.25977167 0.37962728 0.23958333 0.38420399 0.23958333 0.69674388
