0 0.16900302 0.00322796 0.16545262 0.00262526 0.11651869 0.00712603 0.11609595 0.68987207 0.16752599 0.69618329 0.16900302 0.00322796
0 0.21119836 0.56808455 0.21246175 0.69848043 0.29058310 0.69129686 0.28987693 0.56715996 0.21119836 0.56808455
0 0.34548177 0.68084188 0.38571760 0.68103994 0.39022114 0.56801791 0.34413101 0.57037608 0.34548177 0.68084188
0 0.03238737 0.19074486 0.03168968 0.20653139 0.03195313 0.22838552 0.03156203 0.24141145 0.03243897 0.25773619 0.03292896 0.27410107 0.02572865 0.28091398 0.02588803 0.67880223 0.07691130 0.68506354 0.07652514 0.01173276 0.07035487 0.01137258 0.02617669 0.01543568 0.02623230 0.18037098 0.02874698 0.18629245 0.03238737 0.19074486
0 0.39843750 0.38488904 0.41878874 0.51699768 0.96565829 0.40245824 0.94487519 0.24203088 0.39843750 0.35004508 0.39843750 0.38488904
0 0.39843750 0.83408586 0.31954274 0.82548776 0.31794879 0.87628155 0.37821193 0.88245345 0.38427521 0.93574059 0.39843750 0.93715662 0.39843750 0.83408586
0 0.78183211 1.00000000 0.78580479 0.97159402 0.64750100 0.96675845 0.64323913 0.99723228 0.72239961 1.00000000 0.78183211 1.00000000
0 0.53113033 0.90615554 0.53342516 0.88974678 0.46544556 0.88736998 0.46315073 0.90377873 0.53113033 0.90615554
0 0.85221087 0.95153761 0.85924281 0.95178347 0.86142344 0.95303773 0.88955299 0.95402124 0.89201177 0.93644019 0.89451965 0.93535015 0.91327269 0.93600582 0.91545276 0.93725977 0.91779674 0.93734172 0.92009156 0.92093296 0.92260009 0.91984265 0.95541760 0.92099006 0.95771243 0.90458131 0.96022031 0.90349127 0.99069445 0.90455675 0.99544808 0.87056665 0.90168291 0.86728830 0.90135505 0.86963258 0.89884717 0.87072261 0.88947005 0.87039476 0.88728998 0.86914081 0.88761783 0.86679654 0.78682072 0.86327233 0.77698567 0.93359621 0.78870617 0.93400599 0.79121405 0.93291596 0.85216172 0.93504690 0.85434179 0.93630084 0.85221087 0.95153761
0 0.65384464 0.90455714 0.63274763 0.90381952 0.63056755 0.90256557 0.63105932 0.89904930 0.58417613 0.89741011 0.58199606 0.89615617 0.56324302 0.89550049 0.56073513 0.89659053 0.55844031 0.91299929 0.56062034 0.91425353 0.59578243 0.91548292 0.59829036 0.91439258 0.63110847 0.91554001 0.63328850 0.91679426 0.63246892 0.92265451 0.62996104 0.92374454 0.62815794 0.93663733 0.69848152 0.93909608 0.70066219 0.94035004 0.69967866 0.94738258 0.75828175 0.94943155 0.76057661 0.93302249 0.76308450 0.93193246 0.77011704 0.93217834 0.77978818 0.86302644 0.71180858 0.86064964 0.70803847 0.88760721 0.70552998 0.88869722 0.70339902 0.90393429 0.70089113 0.90502433 0.65635253 0.90346711 0.65384464 0.90455714
0 0.52486826 0.88355839 0.52470431 0.88473068 0.56221038 0.88604202 0.56439045 0.88729597 0.56422654 0.88846796 0.60407660 0.88986125 0.60625723 0.89111552 0.60860121 0.89119747 0.61078128 0.89245141 0.64359939 0.89359884 0.64577946 0.89485279 0.64561555 0.89602478 0.68546561 0.89741807 0.69628414 0.82006195 0.68690762 0.81973412 0.68472755 0.81848017 0.64487750 0.81708688 0.64269747 0.81583264 0.64286138 0.81466065 0.60535531 0.81334931 0.60099460 0.81084110 0.56583251 0.80961171 0.56365244 0.80835777 0.56381635 0.80718578 0.52396630 0.80579249 0.52145781 0.80688250 0.51654026 0.84204459 0.51872094 0.84329856 0.51331167 0.88197662 0.52268819 0.88230445 0.52486826 0.88355839
0 0.51055689 0.80061246 0.51993341 0.80094030 0.52244129 0.79985026 0.54588289 0.80066986 0.55047258 0.76785205 0.48249297 0.76547525 0.47544455 0.81587381 0.50826207 0.81702122 0.50990122 0.80530072 0.50772115 0.80404678 0.50804900 0.80170250 0.51055689 0.80061246
0 1.00000000 0.79888033 0.97731749 0.79808727 0.97513682 0.79683331 0.97530077 0.79566102 0.97312069 0.79440707 0.97492375 0.78151459 0.79911450 0.77536770 0.78714854 0.86092835 0.81527749 0.86191183 0.81544139 0.86073984 0.81794992 0.85964953 0.82498246 0.85989541 0.82716249 0.86114965 0.82699858 0.86232164 0.88560167 0.86437060 0.89061748 0.86219023 0.89999460 0.86251809 0.90217463 0.86377233 0.90201072 0.86494432 0.99577590 0.86822267 1.00000000 0.83801894 1.00000000 0.79888033
0 0.81106398 0.74045147 0.80888391 0.73919753 0.80419595 0.73903362 0.79944236 0.77302342 0.94008952 0.77794092 0.94189262 0.76504814 0.93971255 0.76379419 0.94020431 0.76027792 0.91676332 0.75945835 0.91425539 0.76054868 0.90722285 0.76030280 0.90504222 0.75904854 0.90750095 0.74146779 0.88640394 0.74073017 0.88422391 0.73947592 0.88537132 0.73127155 0.88319126 0.73001751 0.88368301 0.72650134 0.87196191 0.72609153 0.86978186 0.72483749 0.86274992 0.72459163 0.86056925 0.72333761 0.86171668 0.71513314 0.85937270 0.71505119 0.85686480 0.71614131 0.84748828 0.71581348 0.84666869 0.72167382 0.84416079 0.72276391 0.83947224 0.72259998 0.83729217 0.72134598 0.83942310 0.70610913 0.83724244 0.70485509 0.80911349 0.70387160 0.80485162 0.73434536 0.81657212 0.73475515 0.81875219 0.73600909 0.81826043 0.73952536 0.81575254 0.74061540 0.81106398 0.74045147
0 0.48233682 0.69921875 0.47360822 0.76163115 0.47578829 0.76288509 0.56486491 0.76599951 0.56704554 0.76725378 0.56491462 0.78249054 0.63055025 0.78478539 0.63273032 0.78603933 0.63022243 0.78712937 0.57865129 0.78532626 0.57619251 0.80290731 0.61135460 0.80413670 0.61386249 0.80304666 0.71700418 0.80665285 0.71918486 0.80790681 0.71787352 0.81728333 0.71536503 0.81837334 0.70979181 0.85822369 0.78011600 0.86068246 0.79208196 0.77512182 0.65377818 0.77028625 0.65164726 0.78552301 0.64913938 0.78661305 0.64679540 0.78653109 0.64461472 0.78527713 0.64674564 0.77004036 0.63268116 0.76954862 0.63050113 0.76829438 0.63300902 0.76720434 0.79240982 0.77277754 0.80208095 0.70362572 0.68018622 0.69936387 0.67767832 0.70045398 0.67751441 0.70162606 0.67500591 0.70271613 0.66562939 0.70238829 0.66344933 0.70113429 0.66361325 0.69996221 0.64234921 0.69921875 0.48233682 0.69921875
