0 0.00000000 0.41645679 0.02186456 0.49343672 0.02435327 0.49405722 0.09947671 0.47433283 0.05746397 0.33355462 0.00000000 0.35007673 0.00000000 0.41645679
0 0.10854026 0.47148663 0.18821013 0.45184040 0.14805126 0.30808821 0.07263648 0.32901089 0.10854026 0.47148663
0 0.27886997 0.42216805 0.23925987 0.28143146 0.15961269 0.30468306 0.19972924 0.44603150 0.27886997 0.42216805
0 0.36764560 0.39727064 0.32505082 0.25527954 0.24723221 0.27796387 0.28846091 0.42353615 0.36764560 0.39727064
0 0.45709313 0.36817799 0.41444778 0.22919180 0.33661340 0.25367825 0.37667590 0.39622715 0.45709313 0.36817799
0 0.54642590 0.34569626 0.50506832 0.20192267 0.42540127 0.22878142 0.46547350 0.37012872 0.54642590 0.34569626
0 0.59855769 0.20304189 0.59026829 0.17516012 0.51424438 0.20088084 0.55423785 0.34583299 0.59352053 0.33209905 0.59855769 0.31189608 0.59855769 0.20304189
0 0.21479987 0.53846154 0.20181981 0.49835841 0.12893529 0.52013245 0.20244925 0.53846154 0.21479987 0.53846154
0 0.31395985 0.53846154 0.29181612 0.47228137 0.21520515 0.49438484 0.22724921 0.53846154 0.31395985 0.53846154
0 0.40731318 0.53846154 0.38059174 0.44738396 0.30579631 0.46951893 0.32513225 0.53846154 0.40731318 0.53846154
0 0.50687086 0.53846154 0.47120996 0.42011425 0.39223678 0.44157673 0.42133974 0.53846154 0.50687086 0.53846154
0 0.54206858 0.53846154 0.56933531 0.42910063 0.55880595 0.39399617 0.48040274 0.41787256 0.51432650 0.53846154 0.54206858 0.53846154
0 1.00000000 0.16056712 0.96187413 0.15290906 0.95318995 0.18773941 1.00000000 0.19639746 1.00000000 0.16056712
0 0.86194382 0.45831769 0.90734662 0.46699693 0.91417045 0.43962806 0.86876706 0.43095115 0.86194382 0.45831769
0 0.30521361 0.53846154 0.13067325 0.84286444 0.31516987 0.93588881 0.53711607 0.53846154 0.30521361 0.53846154
0 1.00000000 1.00000000 1.00000000 0.92909036 0.90426311 0.86772078 0.83670129 0.97104867 0.87882659 1.00000000 1.00000000 1.00000000
