0 0.28098438 0.01409375 0.24678125 0.01648437 0.05714844 0.08873438 0.10093359 0.21095703 0.32287891 0.12300391 0.28098438 0.01409375
0 0.37693359 0.26604297 0.33238281 0.14692578 0.10682812 0.22522656 0.14991406 0.35141016 0.37693359 0.26604297
0 0.38408203 0.28427734 0.16094922 0.36923828 0.21078906 0.49397266 0.43300781 0.40991797 0.38408203 0.28427734
0 0.43974609 0.42233203 0.20992969 0.50969141 0.26366406 0.63415625 0.48749219 0.54509766 0.43974609 0.42233203
0 0.49171875 0.56358203 0.26663672 0.64862891 0.32342969 0.77483594 0.54238281 0.68611719 0.49171875 0.56358203
0 0.54459766 0.70379297 0.32146094 0.78867578 0.37247656 0.91626562 0.59935938 0.82894922 0.54459766 0.70379297
0 0.51746094 1.00000000 0.57074609 0.99627344 0.65475000 0.96308594 0.60234766 0.84365625 0.37336328 0.92892969 0.40540625 1.00000000 0.51746094 1.00000000
0 0.03380078 0.03137891 0.03358203 0.03174609 0.04980469 0.06771484 0.16308203 0.02233984 0.03380078 0.03137891
0 0.00000000 0.24642578 0.01955859 0.23719922 0.00000000 0.18277344 0.00000000 0.24642578
0 0.00000000 0.41242187 0.07653906 0.38003516 0.02899609 0.26016016 0.00000000 0.26979297 0.00000000 0.41242187
0 0.00000000 0.51746094 0.00419141 0.57738281 0.13150000 0.52202734 0.08486719 0.40114062 0.00000000 0.43250000 0.00000000 0.51746094
0 0.01475781 0.72851953 0.18437500 0.66221094 0.13794922 0.54426953 0.00537109 0.59427734 0.01475781 0.72851953
0 0.02612109 0.89099609 0.24135156 0.80504688 0.19542578 0.68023828 0.01637109 0.75156641 0.02612109 0.89099609
0 0.15315625 1.00000000 0.29603906 0.94314453 0.24628516 0.81960937 0.02692969 0.90255078 0.02888281 0.93052734 0.05849219 1.00000000 0.15315625 1.00000000
0 0.31656641 1.00000000 0.30104297 0.95870703 0.19399219 1.00000000 0.31656641 1.00000000
