0 0.41178020 0.63996317 0.45689024 0.40801664 0.33123926 0.37981804 0.28118398 0.63946420 0.29457158 0.63996317 0.41178020 0.63996317
0 0.85368499 0.15652433 0.85400465 0.17849614 0.83635478 0.17770236 0.83335882 0.36980822 0.89095837 0.37553351 0.89442579 0.16005126 0.85368499 0.15652433
0 0.81604493 0.08459719 0.81604042 0.06621276 0.73717295 0.06386973 0.73663191 0.08036995 0.81604493 0.08459719
0 0.81702951 0.04147918 0.81664424 0.02305126 0.73709774 0.01756309 0.73711548 0.03246191 0.81702951 0.04147918
0 0.40697231 0.88105329 0.41124520 0.88580386 0.41701545 0.88682269 0.44777278 0.88349997 0.44822236 0.87834634 0.45908292 0.87474548 0.45958824 0.85552012 0.45745180 0.85314483 0.44340702 0.85294850 0.39723015 0.85840109 0.39733789 0.87059877 0.37723676 0.87266320 0.37984879 0.88301956 0.40697231 0.88105329
0 0.32215742 0.89956920 0.30237212 0.87114760 0.30290344 0.86505694 0.32768617 0.86305795 0.33261299 0.86031232 0.32326467 0.84657821 0.31043116 0.84592973 0.25020950 0.85118599 0.25797871 0.86958886 0.26588540 0.87298298 0.29031143 0.90193853 0.32215742 0.89956920
0 0.82776836 0.76675274 0.79396434 0.80039275 0.85726233 0.85717222 0.88958030 0.82257235 0.82776836 0.76675274
0 0.76567464 0.82279095 0.73771500 0.84976549 0.80048813 0.90698508 0.82447906 0.87760291 0.76567464 0.82279095
0 0.72735450 0.97272178 0.75874670 0.93580985 0.69847394 0.87958198 0.66661000 0.91556590 0.71889222 0.96834667 0.72053767 0.96520215 0.72735450 0.97272178
0 0.63813515 0.99503310 0.69645818 0.99686452 0.69658215 0.99367222 0.63630939 0.93744435 0.61037838 0.96448260 0.61275477 0.96866661 0.61255996 0.97368308 0.63813515 0.99503310
