0 0.00000000 0.52423206 0.12102150 0.51850831 0.12110614 0.44016846 0.00000000 0.44320213 0.00000000 0.52423206
0 0.14845401 0.52039053 0.28016797 0.51560631 0.29080672 0.43526833 0.14846514 0.43805086 0.14845401 0.52039053
0 0.15004876 0.63468559 0.26490133 0.63087792 0.27562755 0.54988494 0.14978064 0.55217429 0.15004876 0.63468559
0 0.00000000 0.56853546 0.10869890 0.63602188 0.12052689 0.63480282 0.12202085 0.55272590 0.00000000 0.55748007 0.00000000 0.56853546
0 1.00000000 0.47931579 0.84087152 0.47071184 0.83017163 0.55930435 0.99565403 0.56483177 1.00000000 0.53550223 1.00000000 0.47931579
0 0.13546419 0.88687035 0.14928367 0.90706918 0.17587539 0.85904225 0.16171981 0.84086551 0.13546419 0.88687035
0 0.14054770 0.95962623 0.15470328 0.97780297 0.18264306 0.93028021 0.16713942 0.91159931 0.14054770 0.95962623
0 0.44352972 0.97816355 0.44419167 0.97683114 0.44750943 0.97583067 0.45346737 0.96383827 0.45678428 0.96283807 0.46141830 0.95351049 0.45079780 0.95218158 0.44880480 0.95051696 0.44349420 0.94985246 0.44150137 0.94818749 0.44216333 0.94685508 0.43419778 0.94585837 0.42691576 0.96051594 0.42359885 0.96151614 0.41764075 0.97350889 0.42826125 0.97483780 0.43025426 0.97650242 0.44352972 0.97816355
0 0.38577243 0.96385959 0.38776527 0.96552456 0.38710331 0.96685697 0.38975827 0.96718918 0.39175195 0.96885388 0.39971682 0.96985051 0.40302676 0.96318810 0.40634367 0.96218789 0.41362569 0.94753033 0.41694328 0.94653021 0.41892931 0.94253263 0.41693563 0.94086792 0.40631581 0.93953909 0.40232929 0.93620942 0.39170879 0.93488050 0.38707476 0.94420808 0.38375785 0.94520828 0.37978578 0.95320344 0.37646887 0.95420365 0.37249697 0.96219847 0.38577243 0.96385959
0 0.33330331 0.93323371 0.33131728 0.93723129 0.32799968 0.93823141 0.32667561 0.94089657 0.32335870 0.94189678 0.32137266 0.94589436 0.31805575 0.94689456 0.32867625 0.94822348 0.33066926 0.94988810 0.32934518 0.95255327 0.34793123 0.95487889 0.34992423 0.95654352 0.35788978 0.95754023 0.35921369 0.95487540 0.36253077 0.95387485 0.36451681 0.94987727 0.36783372 0.94887707 0.35721389 0.94754823 0.35522021 0.94588353 0.35853780 0.94488341 0.36052384 0.94088583 0.36384075 0.93988562 0.36582678 0.93588804 0.36914370 0.93488784 0.37245381 0.92822509 0.36183330 0.92689617 0.35984030 0.92523155 0.36050226 0.92389914 0.34988175 0.92257022 0.34788875 0.92090560 0.34656484 0.92357043 0.34324725 0.92457055 0.34126121 0.92856813 0.33794413 0.92956867 0.33662022 0.93223350 0.33330331 0.93323371
0 0.29947917 0.94173928 0.30344873 0.94223598 0.30477264 0.93957115 0.30277977 0.93790655 0.30344173 0.93657414 0.30675868 0.93557357 0.30940666 0.93024358 0.31272426 0.92924346 0.31537224 0.92391347 0.31868915 0.92291326 0.32133715 0.91758327 0.32465406 0.91658306 0.32531618 0.91525031 0.31204072 0.91358918 0.30872350 0.91458971 0.30607568 0.91991937 0.30275840 0.92091988 0.30011041 0.92624988 0.29947917 0.92644021 0.29947917 0.94173928
0 0.29947917 0.90635606 0.30406820 0.90693027 0.30606134 0.90859491 0.31933667 0.91025602 0.32066058 0.90759119 0.32397817 0.90659107 0.32663313 0.90692328 0.32862612 0.90858790 0.32796417 0.90992031 0.34123963 0.91158144 0.34190159 0.91024903 0.34521918 0.90924890 0.34654326 0.90658374 0.34986017 0.90558353 0.35052212 0.90425112 0.34852929 0.90258616 0.35117711 0.89725650 0.33524601 0.89526309 0.33458406 0.89659550 0.33126715 0.89759571 0.32064664 0.89626679 0.31865351 0.89460215 0.31931546 0.89326974 0.29947917 0.89078767 0.29947917 0.90635606
0 0.54765613 0.92184142 0.54831826 0.92050867 0.53238784 0.91851533 0.53172571 0.91984809 0.54765613 0.92184142
0 0.32063954 0.89060457 0.32130150 0.88927216 0.30802583 0.88761101 0.30736387 0.88894342 0.32063954 0.89060457
0 0.54764933 0.91617888 0.52906328 0.91385325 0.52707028 0.91218863 0.52773223 0.91085622 0.46666415 0.90321493 0.46865783 0.90487963 0.50317431 0.90919859 0.50516731 0.91086321 0.50185023 0.91186376 0.54698721 0.91751163 0.54764933 0.91617888
0 0.36843858 0.90224687 0.36645255 0.90624445 0.36313563 0.90724466 0.36114960 0.91124224 0.35783269 0.91224244 0.35650878 0.91490727 0.36712928 0.91623619 0.36912212 0.91790115 0.36846016 0.91923356 0.37642571 0.92023027 0.37841871 0.92189489 0.39700477 0.92422052 0.39899760 0.92588548 0.39833564 0.92721789 0.42488725 0.93054023 0.42688025 0.93220485 0.42555634 0.93486967 0.45741786 0.93885642 0.45941069 0.94052138 0.45874873 0.94185380 0.48530034 0.94517613 0.48729334 0.94684075 0.48596926 0.94950592 0.51252086 0.95282826 0.51583778 0.95182805 0.51782381 0.94783047 0.52114089 0.94682992 0.52378871 0.94150027 0.52710579 0.94049972 0.52776775 0.93916731 0.53108466 0.93816711 0.54170584 0.93949611 0.54302992 0.93683094 0.53506438 0.93583423 0.53307069 0.93416953 0.53439460 0.93150470 0.53771236 0.93050424 0.53903627 0.92783941 0.53638064 0.92750712 0.53438781 0.92584216 0.51049184 0.92285212 0.50849884 0.92118749 0.50916079 0.91985508 0.48791978 0.91719725 0.48592678 0.91553263 0.46734072 0.91320700 0.46534772 0.91154238 0.46600984 0.91020963 0.43945824 0.90688729 0.43746524 0.90522267 0.43812719 0.90389026 0.43613368 0.90222521 0.39630730 0.89724184 0.39431361 0.89557713 0.39563752 0.89291230 0.38236206 0.89125118 0.38170011 0.89258359 0.37838320 0.89358380 0.37639716 0.89758138 0.37308025 0.89858158 0.37175617 0.90124675 0.36843858 0.90224687
0 0.32193507 0.86529051 0.31861779 0.86629103 0.31596263 0.86595880 0.31463872 0.86862363 0.32525922 0.86995254 0.32725226 0.87161753 0.32659030 0.87294994 0.32327319 0.87395012 0.31530784 0.87295344 0.31199073 0.87395362 0.31132877 0.87528603 0.30801155 0.87628656 0.30536357 0.88161655 0.31598407 0.88294547 0.31797721 0.88461011 0.31731525 0.88594252 0.34121176 0.88893263 0.34320477 0.89059725 0.34254264 0.89193001 0.34453564 0.89359463 0.34785255 0.89259442 0.35847306 0.89392334 0.35913519 0.89259059 0.36245278 0.89159046 0.36443864 0.88759323 0.36775572 0.88659268 0.36907963 0.88392785 0.37239671 0.88292731 0.37372063 0.88026248 0.37172762 0.87859786 0.37238958 0.87726545 0.37570666 0.87626490 0.37836162 0.87659711 0.37968552 0.87393228 0.38300261 0.87293174 0.38565043 0.86760208 0.36440941 0.86494425 0.36241658 0.86327929 0.36307854 0.86194688 0.33121715 0.85796014 0.33055520 0.85929255 0.32723798 0.86029308 0.32591407 0.86295791 0.32259703 0.86395810 0.31994187 0.86362587 0.32193507 0.86529051
0 0.38829859 0.86227175 0.38896054 0.86093934 0.34382370 0.85529148 0.34316174 0.85662389 0.38829859 0.86227175
0 0.35573957 0.83130668 0.37963540 0.83429670 0.38362208 0.83762603 0.38296013 0.83895844 0.37964304 0.83995899 0.37433245 0.83929449 0.37233962 0.83762953 0.37300157 0.83629711 0.34379515 0.83264259 0.34313319 0.83397500 0.35640852 0.83563611 0.35840203 0.83730116 0.35707812 0.83996598 0.35376036 0.84096644 0.33782994 0.83897311 0.33650603 0.84163794 0.33916112 0.84197016 0.34115433 0.84363481 0.33983025 0.84629997 0.33651313 0.84730015 0.33916830 0.84763239 0.34116150 0.84929704 0.33784422 0.85029756 0.32987887 0.84930087 0.32855496 0.85196570 0.33652031 0.85296238 0.33983742 0.85196220 0.34514761 0.85262665 0.34580956 0.85129424 0.34912651 0.85029368 0.35112002 0.85195872 0.35045806 0.85329113 0.39559504 0.85893901 0.39824303 0.85360902 0.40156011 0.85260847 0.40222207 0.85127606 0.38894661 0.84961493 0.38695361 0.84795031 0.38429865 0.84761810 0.38031196 0.84428878 0.38362905 0.84328823 0.40221510 0.84561386 0.40353901 0.84294903 0.40685609 0.84194848 0.41216668 0.84261298 0.41349060 0.83994816 0.41680751 0.83894795 0.41945549 0.83361796 0.39555953 0.83062792 0.39356670 0.82896296 0.39422865 0.82763054 0.34909113 0.82198260 0.34842917 0.82331501 0.35904968 0.82464393 0.36104237 0.82630888 0.35971846 0.82897370 0.35640152 0.82997427 0.35573957 0.83130668
0 0.36102134 0.80932225 0.35770422 0.81032243 0.35638031 0.81298726 0.39355208 0.81763847 0.39554491 0.81930343 0.39222800 0.82030363 0.34974598 0.81498797 0.34908402 0.81632038 0.36767008 0.81864601 0.36966291 0.82031097 0.36900096 0.82164338 0.43006904 0.82928467 0.43139311 0.82661951 0.43471003 0.82561930 0.43868192 0.81762448 0.44199901 0.81662394 0.44266096 0.81529152 0.43735105 0.81462711 0.43535737 0.81296240 0.43867513 0.81196194 0.44664068 0.81295865 0.44730263 0.81162623 0.38623455 0.80398494 0.38557260 0.80531736 0.38225552 0.80631790 0.36101417 0.80366003 0.35969026 0.80632485 0.36168329 0.80798984 0.36102134 0.80932225
0 0.41410939 0.80464237 0.41477134 0.80330995 0.35370361 0.79566870 0.35304165 0.79700112 0.41410939 0.80464237
0 0.58535459 0.81757766 0.57207913 0.81591654 0.57075505 0.81858171 0.57274805 0.82024633 0.56877615 0.82824115 0.58205162 0.82990227 0.58734759 0.81924228 0.58535459 0.81757766
0 0.35368240 0.77868170 0.35633749 0.77901392 0.35833046 0.78067890 0.35766850 0.78201131 0.38952989 0.78599805 0.39152357 0.78766275 0.39019949 0.79032792 0.38688189 0.79132804 0.35502051 0.78734131 0.35369660 0.79000613 0.35900692 0.79067060 0.36099989 0.79233558 0.36033794 0.79366799 0.42140602 0.80130929 0.42339902 0.80297391 0.42207494 0.80563907 0.45128150 0.80929362 0.45392949 0.80396362 0.43268848 0.80130579 0.43069564 0.79964083 0.43201956 0.79697600 0.43533647 0.79597579 0.45126689 0.79796913 0.45192884 0.79663671 0.44993601 0.79497175 0.45325292 0.79397155 0.45391487 0.79263913 0.45723264 0.79163867 0.46519751 0.79263530 0.46585946 0.79130288 0.46917637 0.79030268 0.47183201 0.79063497 0.47249396 0.78930256 0.47050028 0.78763785 0.44925927 0.78498002 0.44726644 0.78331506 0.44792839 0.78198264 0.38420549 0.77400916 0.38221236 0.77234452 0.35566109 0.76902223 0.35433718 0.77168706 0.35699234 0.77201929 0.35898531 0.77368427 0.35766140 0.77634910 0.35434435 0.77734929 0.35368240 0.77868170
