0 0.63012126 0.46231881 0.64334922 0.46530047 0.64405806 0.46307505 0.64741237 0.46144592 0.71090737 0.47575806 0.71445197 0.46462979 0.71251536 0.46180807 0.68605945 0.45584475 0.68270515 0.45747388 0.68005902 0.45687742 0.67812241 0.45405570 0.58817082 0.43378009 0.58037294 0.45826148 0.61212113 0.46541770 0.61283015 0.46319171 0.61618446 0.46156258 0.62676696 0.46394794 0.63012126 0.46231881
0 0.57101888 0.46092343 0.58023445 0.43199119 0.46118081 0.40515582 0.45782651 0.40678494 0.44790191 0.43794317 0.50875146 0.45165901 0.50946031 0.44943359 0.51281479 0.44780389 0.57101888 0.46092343
0 0.38974944 0.38905478 0.38195157 0.41353617 0.44015498 0.42665555 0.44724401 0.40439959 0.44459855 0.40380329 0.44266194 0.40098156 0.38974944 0.38905478
0 0.68299629 0.37643770 0.67874302 0.38979082 0.69197098 0.39277247 0.69409770 0.38609563 0.69745268 0.38446666 0.69887038 0.38001581 0.69357879 0.37882305 0.69164218 0.37600133 0.69660448 0.36042221 0.69995878 0.35879308 0.70208550 0.35211624 0.67033801 0.34496017 0.66608474 0.35831329 0.67931269 0.36129495 0.68124998 0.36411683 0.67841422 0.37301967 0.68105968 0.37361597 0.68299629 0.37643770
0 0.52147415 0.31379061 0.52076530 0.31601604 0.51741082 0.31764573 0.49095423 0.31168226 0.47890309 0.34951677 0.47554879 0.35114589 0.46066208 0.39788267 0.50828367 0.40861685 0.51111924 0.39971458 0.51447355 0.39808546 0.52505604 0.40047081 0.52699265 0.40329254 0.52415708 0.41219481 0.58500663 0.42591064 0.58571548 0.42368522 0.58377887 0.42086349 0.61497016 0.32293852 0.58586812 0.31637875 0.58515927 0.31860418 0.58180497 0.32023330 0.55534838 0.31426983 0.55393050 0.31872126 0.55057620 0.32035038 0.52147415 0.31379061
0 0.60565290 0.42340821 0.60423502 0.42785963 0.60688047 0.42845593 0.60881708 0.43127766 0.68024913 0.44737885 0.68308470 0.43847658 0.67250220 0.43609122 0.67056559 0.43326950 0.67127444 0.43104407 0.66933783 0.42822235 0.67500898 0.41041781 0.66442580 0.40803230 0.66248938 0.40521000 0.67241379 0.37405234 0.65918583 0.37107068 0.65724922 0.36824896 0.65795825 0.36602296 0.66131256 0.36439384 0.66202140 0.36216841 0.66008498 0.35934612 0.66433825 0.34599300 0.65375575 0.34360764 0.64988204 0.33796346 0.65342645 0.32683577 0.64019850 0.32385411 0.63948947 0.32608011 0.63613517 0.32770923 0.62290653 0.32472742 0.59384196 0.41597555 0.60177900 0.41776461 0.60565290 0.42340821
0 0.41054768 0.27924572 0.40719337 0.28087485 0.40577550 0.28532627 0.40771210 0.28814799 0.38998982 0.34378704 0.39192692 0.34660949 0.39121808 0.34883491 0.39650899 0.35002752 0.39844628 0.35284939 0.39773743 0.35507482 0.39967404 0.35789655 0.39187617 0.38237793 0.43949708 0.39311196 0.44233265 0.38420969 0.44568696 0.38258056 0.45627013 0.38496607 0.48179029 0.30484564 0.47120711 0.30246013 0.46927050 0.29963840 0.47139722 0.29296156 0.46946062 0.29013983 0.47300522 0.27901157 0.47106861 0.27618984 0.47744860 0.25615988 0.47551199 0.25333815 0.48118314 0.23553361 0.47924585 0.23271173 0.47995488 0.23048574 0.45085284 0.22392597 0.45014381 0.22615196 0.44678950 0.22778109 0.42297905 0.22241407 0.41092791 0.26024858 0.41480112 0.26589203 0.41054768 0.27924572
0 0.61322318 0.31061750 0.62645113 0.31359915 0.62715998 0.31137373 0.63386927 0.30811563 0.64180631 0.30990469 0.64889533 0.28764873 0.64695872 0.28482700 0.65192102 0.26924789 0.63869239 0.26626608 0.63675578 0.26344435 0.63959135 0.25454208 0.63765474 0.25172035 0.63978147 0.24504351 0.62655284 0.24206170 0.61733727 0.27099394 0.61927455 0.27381581 0.61785668 0.27826724 0.62050213 0.27886354 0.62243874 0.28168526 0.61322318 0.31061750
0 0.66798455 0.26332727 0.67133885 0.26169815 0.69779544 0.26766162 0.70204889 0.25430793 0.67294685 0.24774816 0.67223782 0.24997415 0.66888284 0.25160312 0.65830101 0.24921792 0.65404775 0.26257104 0.66727570 0.26555270 0.66798455 0.26332727
0 0.50813103 0.94859838 0.50477654 0.94973161 0.47302836 0.94475543 0.47161067 0.94785039 0.46825618 0.94898362 0.41005277 0.93986087 0.40934392 0.94140835 0.40598894 0.94254108 0.39540712 0.94088250 0.38477368 0.96409630 0.53028255 0.98690322 0.55084058 0.94202310 0.53232171 0.93912047 0.53161269 0.94066835 0.52825771 0.94180108 0.51502975 0.93972774 0.51432090 0.94127522 0.51096642 0.94240845 0.50813103 0.94859838
0 0.68874693 1.00000000 0.71633832 0.93976542 0.69781877 0.93686268 0.69446446 0.93799551 0.69640089 0.93995804 0.69304659 0.94109087 0.68775500 0.94026148 0.68704615 0.94180896 0.68369167 0.94294219 0.67575462 0.94169814 0.67291923 0.94788807 0.66956475 0.94902130 0.63781725 0.94404522 0.63498167 0.95023554 0.63162737 0.95136838 0.56019532 0.94017218 0.53821959 0.98814727 0.61384037 1.00000000 0.68874693 1.00000000
0 0.85888128 1.00000000 0.88570926 0.94143199 0.88377198 0.93946975 0.85996152 0.93573773 0.85854364 0.93883308 0.85518934 0.93996592 0.84989843 0.93913663 0.84796114 0.93717439 0.84299903 0.94800715 0.83964454 0.94914039 0.84493613 0.94996979 0.84687274 0.95193191 0.84351844 0.95306475 0.81441639 0.94850332 0.81299851 0.95159868 0.80964353 0.95273141 0.77789671 0.94775544 0.77595942 0.94579321 0.73098397 0.93874379 0.70292461 1.00000000 0.85888128 1.00000000
0 0.91559272 1.00000000 0.94003946 0.94663048 0.89506400 0.93958107 0.86738817 1.00000000 0.91559272 1.00000000
