0 0.20859350 0.43233274 0.21072727 0.42973763 0.33011876 0.40798436 0.31098250 0.35189682 0.31311681 0.34930106 0.30319433 0.32021869 0.12979205 0.35181280 0.14396716 0.39335942 0.14183266 0.39595465 0.03665430 0.41511828 0.05862577 0.47951566 0.21497243 0.45102911 0.20859350 0.43233274
0 0.96771246 0.12422400 0.91297705 0.13787107 0.92538311 0.18762905 0.89552786 0.19507280 0.89987024 0.21248914 0.88743133 0.21559051 0.89301414 0.23798195 0.96018846 0.22123351 0.95584608 0.20381717 0.97077370 0.20009529 0.96581140 0.18019257 0.98073902 0.17647069 0.96771246 0.12422400
0 0.83833892 0.15648044 0.83461704 0.14155282 0.81471432 0.14651512 0.82774088 0.19876182 0.84266851 0.19503994 0.84639038 0.20996757 0.86629311 0.20500526 0.85326655 0.15275857 0.83833892 0.15648044
0 0.81221833 0.15770867 0.75748526 0.17135516 0.77113175 0.22608823 0.78108194 0.22360737 0.78542432 0.24102371 0.79786557 0.23792176 0.80282787 0.25782449 0.86751348 0.24169655 0.86255117 0.22179383 0.84015973 0.22737664 0.83581735 0.20996030 0.82586482 0.21244174 0.81221833 0.15770867
0 0.89365965 0.19818202 0.89055828 0.18574311 0.90797462 0.18140073 0.89681626 0.12604481 0.87939992 0.13038719 0.88312180 0.14531482 0.86321907 0.15027713 0.87624564 0.20252382 0.89365965 0.19818202
0 0.40824175 0.86133257 0.28077161 0.83761987 0.27265268 0.88985435 0.39701594 0.91169826 0.40824175 0.86133257
0 0.75000000 0.88583904 0.79823685 0.87390053 0.78134286 0.74004513 0.75000000 0.74684658 0.75000000 0.88583904
0 0.81874600 0.87063519 0.90506994 0.85328670 0.88635204 0.71519627 0.79742524 0.73664232 0.81874600 0.87063519
0 1.00000000 0.69675691 0.99881443 0.68865262 0.90921883 0.71022826 0.93834195 0.84081657 1.00000000 0.82962097 1.00000000 0.69675691
0 0.77488406 0.54807692 0.75498186 0.55265916 0.78641227 0.68187943 0.87620587 0.66249897 0.85033587 0.54807692 0.77488406 0.54807692
0 0.86509826 0.54807692 0.89387485 0.65508600 0.97764645 0.63478406 0.95393611 0.54807692 0.86509826 0.54807692
