0 0.00000000 0.56714469 0.24559103 0.59808968 0.24858954 0.59606389 0.25006767 0.58663447 0.25306618 0.58460867 0.25569520 0.58493994 0.25795473 0.58762825 0.28950570 0.59160374 0.29024467 0.58688963 0.29324317 0.58486384 0.29435172 0.57779207 0.29735023 0.57576628 0.33941728 0.58106682 0.34052583 0.57399505 0.33263809 0.57300118 0.33037855 0.57031286 0.32774953 0.56998160 0.32548932 0.56729320 0.32622838 0.56257849 0.32396885 0.55989017 0.32470791 0.55517546 0.32244838 0.55248714 0.32318734 0.54777303 0.32092790 0.54508411 0.32166687 0.54037000 0.30852041 0.53871352 0.30626097 0.53602460 0.30884746 0.51952461 0.31184606 0.51749822 0.32499252 0.51915470 0.32536201 0.51679764 0.32310247 0.51410933 0.32384144 0.50939522 0.32158132 0.50670621 0.32232029 0.50199210 0.32006085 0.49930318 0.32116930 0.49223202 0.31890977 0.48954370 0.31964883 0.48482899 0.31738862 0.48214059 0.31812769 0.47742587 0.31586815 0.47473756 0.31660712 0.47002345 0.31434768 0.46733453 0.31508664 0.46262042 0.31282720 0.45993150 0.31393566 0.45286034 0.31167612 0.45017202 0.31204570 0.44781436 0.30941600 0.44748301 0.30715647 0.44479470 0.28612294 0.44214443 0.28838248 0.44483274 0.28653496 0.45661862 0.28353636 0.45864502 0.23884028 0.45301321 0.23736225 0.46244204 0.23436307 0.46446774 0.19229602 0.45916721 0.19007892 0.47331074 0.18708041 0.47533653 0.15815982 0.47169248 0.15589961 0.46900407 0.07965324 0.45939687 0.07739380 0.45670795 0.01955140 0.44941969 0.01729173 0.44673135 0.01950873 0.43258842 0.00000000 0.43013028 0.00000000 0.56714469
0 0.54891946 0.60937500 0.54712352 0.60723825 0.54749310 0.60488059 0.54523356 0.60219227 0.54597253 0.59747816 0.54371232 0.59478976 0.54408190 0.59243210 0.54182236 0.58974379 0.54625647 0.56145732 0.54399693 0.55876900 0.54473599 0.55405429 0.54247578 0.55136589 0.54321485 0.54665118 0.53795680 0.54598865 0.53569726 0.54330033 0.53043855 0.54263772 0.52591947 0.53726109 0.52628896 0.53490404 0.52402884 0.53221503 0.52476781 0.52750092 0.52250837 0.52481200 0.52324734 0.52009789 0.52098780 0.51740957 0.52135729 0.51505252 0.51909784 0.51236360 0.51983681 0.50764949 0.51757737 0.50496057 0.51831634 0.50024646 0.51605613 0.49755806 0.51642562 0.49520100 0.51416617 0.49251208 0.51490514 0.48779797 0.51264570 0.48510905 0.51338467 0.48039495 0.51112446 0.47770654 0.51149394 0.47534949 0.50923450 0.47266057 0.50997347 0.46794646 0.50771403 0.46525754 0.50845300 0.46054343 0.50619346 0.45785511 0.50656295 0.45549806 0.50430350 0.45280914 0.50504247 0.44809503 0.50278236 0.44540602 0.50352133 0.44069191 0.50126179 0.43800359 0.50163127 0.43564654 0.49937183 0.43295762 0.50011080 0.42824351 0.49785068 0.42555451 0.49822017 0.42319745 0.49596063 0.42050913 0.49669960 0.41579503 0.49444016 0.41310611 0.49517913 0.40839199 0.49291969 0.40570307 0.49328917 0.40334602 0.49102963 0.40065770 0.49176860 0.39594359 0.48950849 0.39325459 0.49250767 0.39122888 0.49513669 0.39156014 0.49587576 0.38684543 0.49887427 0.38481964 0.49961323 0.38010553 0.48120873 0.37778652 0.47894919 0.37509821 0.47968826 0.37038349 0.47742872 0.36769518 0.47853727 0.36062341 0.47627773 0.35793509 0.47775577 0.34850627 0.47549565 0.34581726 0.47586513 0.34346021 0.41802328 0.33617201 0.41617566 0.34795849 0.41317715 0.34998428 0.39214363 0.34733401 0.38988342 0.34464561 0.38462537 0.34398309 0.38388640 0.34869720 0.38088722 0.35072291 0.37867012 0.36486644 0.37567162 0.36689223 0.37382410 0.37867811 0.37082549 0.38070450 0.31035394 0.37308496 0.30961497 0.37779907 0.31187451 0.38048738 0.31113544 0.38520210 0.31339565 0.38789050 0.31302617 0.39024756 0.31528561 0.39293648 0.31454664 0.39765058 0.31680618 0.40033890 0.31643669 0.40269596 0.31869681 0.40538496 0.31795784 0.41009907 0.32021728 0.41278799 0.31947831 0.41750210 0.32173785 0.42019042 0.32136837 0.42254747 0.32362781 0.42523639 0.32288884 0.42995050 0.32514828 0.43263942 0.32440931 0.43735353 0.32666952 0.44004193 0.32630004 0.44239899 0.32855948 0.44508791 0.32782051 0.44980202 0.33007995 0.45249094 0.32971047 0.45484799 0.33197068 0.45753640 0.33123171 0.46225050 0.33349115 0.46493943 0.33275218 0.46965354 0.33501162 0.47234245 0.33464214 0.47469951 0.33690168 0.47738783 0.33616271 0.48210194 0.33842215 0.48479086 0.33768318 0.48950496 0.33994329 0.49219397 0.33957381 0.49455103 0.34183335 0.49723934 0.34109438 0.50195345 0.34335382 0.50464237 0.34261485 0.50935648 0.34487496 0.51204549 0.37116654 0.51535828 0.37342607 0.51804660 0.39445960 0.52069687 0.39671914 0.52338518 0.39450204 0.53752872 0.38550652 0.54360609 0.38024780 0.54294348 0.37803070 0.55708702 0.37503219 0.55911281 0.35925738 0.55712515 0.36151692 0.55981347 0.36077785 0.56452818 0.36303739 0.56721650 0.36229833 0.57193121 0.36455787 0.57461953 0.36418838 0.57697658 0.36644792 0.57966490 0.36570885 0.58437961 0.36796906 0.58706802 0.36723000 0.59178273 0.36948954 0.59447104 0.36912005 0.59682810 0.37137959 0.59951642 0.37064052 0.60423113 0.37290073 0.60691953 0.37251582 0.60937500 0.54891946 0.60937500
0 0.20797034 0.00000000 0.20728982 0.00434123 0.20955001 0.00702981 0.20881100 0.01174416 0.21107051 0.01443266 0.21070100 0.01678989 0.21296051 0.01947833 0.21222150 0.02419274 0.22273826 0.02551788 0.22499777 0.02820638 0.25391904 0.03185052 0.25576658 0.02006446 0.25876512 0.01803849 0.29031541 0.02201389 0.29142393 0.01494230 0.29442314 0.01291642 0.29479264 0.01055924 0.29779117 0.00853333 0.34511626 0.01449639 0.34737578 0.01718483 0.36840931 0.01983510 0.36877881 0.01747792 0.36651930 0.01478942 0.36688882 0.01243219 0.36462930 0.00974375 0.36536831 0.00502934 0.36310880 0.00234087 0.36347575 0.00000000 0.20797034 0.00000000
0 0.04442208 0.00000000 0.00000000 0.28338167 0.00000000 0.37965077 0.05356006 0.38639945 0.05582027 0.38908785 0.05138607 0.41737492 0.05364561 0.42006323 0.10885845 0.42702017 0.11111798 0.42970849 0.18210630 0.43865316 0.18358433 0.42922434 0.18658351 0.42719863 0.22339185 0.43183656 0.22523937 0.42005069 0.22823797 0.41802429 0.26767600 0.42299357 0.26952352 0.41120769 0.27252203 0.40918190 0.27436964 0.39739542 0.25596581 0.39507650 0.25370560 0.39238810 0.26368226 0.32874400 0.26668154 0.32671769 0.29560213 0.33036174 0.29860064 0.32833595 0.30648838 0.32932983 0.30796641 0.31990100 0.31096559 0.31787530 0.34777393 0.32251322 0.34999103 0.30836969 0.35298954 0.30634390 0.38979854 0.31098191 0.39127658 0.30155309 0.39427508 0.29952729 0.41004989 0.30151496 0.41304917 0.29948864 0.43671172 0.30247017 0.44521034 0.24825490 0.44295090 0.24556598 0.43769218 0.24490337 0.43543264 0.24221506 0.42754491 0.24122118 0.42528537 0.23853287 0.42971947 0.21024640 0.39554016 0.20593973 0.39328062 0.20325142 0.39771473 0.17496495 0.39508503 0.17463360 0.39282549 0.17194529 0.37967971 0.17028889 0.37742027 0.16759997 0.38185437 0.13931350 0.37396663 0.13831963 0.37170642 0.13563123 0.36644837 0.13496871 0.36418884 0.13228039 0.37084004 0.08985039 0.36558132 0.08918778 0.36332178 0.08649946 0.33440052 0.08285532 0.33214098 0.08016700 0.33472756 0.06366641 0.29266051 0.05836587 0.29192145 0.06308059 0.28892294 0.06510638 0.28818397 0.06982049 0.28518546 0.07184628 0.25100548 0.06753953 0.24878838 0.08168306 0.24578987 0.08370886 0.20635184 0.07873958 0.20450423 0.09052606 0.20150572 0.09255185 0.15418062 0.08658879 0.15192041 0.08390039 0.14403267 0.08290652 0.14177323 0.08021760 0.14620733 0.05193113 0.12780283 0.04961212 0.12554329 0.04692381 0.13256396 0.00213687 0.11678915 0.00014921 0.11666371 0.00000000 0.04442208 0.00000000
0 0.54175871 0.97795773 0.55956874 0.93262515 0.50754431 0.91803426 0.48857119 0.96424329 0.54175871 0.97795773
0 0.34189625 0.89059432 0.33719982 0.93880981 0.39096061 0.94844520 0.40134566 0.90414892 0.34189625 0.89059432
0 0.26686376 0.87692948 0.26624638 0.92571824 0.31766447 0.92982487 0.32048123 0.88758464 0.26686376 0.87692948
0 0.33012220 1.00000000 0.33653283 0.96575360 0.28218223 0.95291559 0.27165386 0.99823164 0.27991262 1.00000000 0.33012220 1.00000000
0 0.40201163 1.00000000 0.40646651 0.97870185 0.35225922 0.96484408 0.34161703 1.00000000 0.40201163 1.00000000
0 0.67968750 0.99864780 0.68319084 0.99914016 0.68346272 0.99720568 0.68787431 0.99388130 0.68814619 0.99194681 0.69255779 0.98862243 0.69422047 0.99082830 0.69615446 0.99110011 0.69781665 0.99330590 0.69975114 0.99357778 0.70141326 0.99578407 0.70334725 0.99605588 0.70361913 0.99412139 0.70803072 0.99079701 0.70830253 0.98886302 0.71271469 0.98553822 0.71298650 0.98360422 0.71519229 0.98194204 0.71353018 0.97973574 0.71159618 0.97946394 0.70993350 0.97725807 0.70799951 0.97698626 0.70467513 0.97257467 0.70274113 0.97230286 0.70107845 0.97009699 0.69914446 0.96982519 0.69581966 0.96541303 0.69388566 0.96514122 0.69361386 0.96707521 0.68699639 0.97206227 0.68506190 0.97179040 0.68339971 0.96958460 0.68146572 0.96931279 0.67968750 0.96695302 0.67968750 0.99864780
