0 0.22224258 0.31444609 0.22186806 0.30977613 0.22382095 0.30723719 0.22344647 0.30256783 0.00085922 0.32381204 0.01789881 0.53628124 0.26402909 0.51279003 0.24830025 0.31666480 0.24597229 0.31453383 0.22456994 0.31657652 0.22224258 0.31444609
0 0.27379403 0.50009468 0.28663587 0.49886903 0.28896328 0.50100005 0.28915052 0.50333473 0.29147788 0.50546516 0.29166512 0.50779984 0.29361801 0.50526090 0.31288023 0.50342247 0.31520814 0.50555284 0.31595713 0.51489217 0.37802460 0.50896831 0.37334339 0.45059768 0.37529628 0.44805874 0.37192578 0.40603148 0.37387867 0.40349253 0.37601934 0.40328823 0.37834670 0.40541865 0.38262750 0.40501008 0.37813353 0.34897413 0.38008642 0.34643519 0.39292772 0.34520959 0.38805928 0.28450427 0.27462553 0.29533064 0.27612352 0.31400929 0.27417063 0.31654823 0.25704853 0.31818240 0.26229149 0.38355767 0.26461885 0.38568810 0.27379403 0.50009468
0 0.38348489 0.25435527 0.38115752 0.25222485 0.38040853 0.24288553 0.38236142 0.24034658 0.39306259 0.23932524 0.38351290 0.12024870 0.38546578 0.11770975 0.39402738 0.11689262 0.39309110 0.10521801 0.39504399 0.10267907 0.39335876 0.08166574 0.26708316 0.09371776 0.26475580 0.09158734 0.25405463 0.09260868 0.26978352 0.28873451 0.35967425 0.28015514 0.36200161 0.28228556 0.38340451 0.28024283 0.38535740 0.27770389 0.38348489 0.25435527
0 0.00000000 0.31309827 0.00029746 0.31680740 0.26568996 0.29147776 0.26119599 0.23544181 0.25886863 0.23331138 0.24875717 0.10723019 0.23805600 0.10825154 0.23572809 0.10612117 0.23516633 0.09911652 0.19450122 0.10299769 0.19217386 0.10086727 0.02523358 0.11680041 0.02290606 0.11467000 0.00000000 0.11685621 0.00000000 0.31309827
0 0.29191699 0.00000000 0.29619125 0.05329637 0.31973427 0.05104938 0.32168715 0.04851032 0.40729763 0.04033947 0.40925051 0.03780035 0.49700112 0.02942524 0.49895399 0.02688612 0.52677781 0.02423055 0.52483457 0.00000000 0.43641229 0.00000000 0.43827821 0.02326634 0.43632478 0.02580551 0.43399741 0.02367491 0.43287392 0.00966598 0.43054654 0.00753537 0.42994222 0.00000000 0.29191699 0.00000000
0 0.26299324 0.00000000 0.00000000 0.02510065 0.00000000 0.07450738 0.10942657 0.06406347 0.11175395 0.06619407 0.26157256 0.05189505 0.26352544 0.04935593 0.26119807 0.04722539 0.26063632 0.04022087 0.26258920 0.03768181 0.26687000 0.03727324 0.26537201 0.01859459 0.26732489 0.01605553 0.26603727 0.00000000 0.26299324 0.00000000
0 0.69763585 0.60000000 0.69691932 0.58908001 0.69851714 0.58654107 0.69575945 0.54451381 0.66774148 0.54778215 0.66583727 0.54565172 0.61330379 0.55177983 0.61139910 0.54964887 0.56587011 0.55495989 0.56882549 0.60000000 0.69763585 0.60000000
0 0.59478589 0.51159103 0.63856409 0.50648423 0.64046829 0.50861466 0.68249525 0.50371215 0.68439950 0.50584317 0.69840849 0.50420900 0.69687643 0.48086039 0.69847470 0.47832139 0.69341899 0.40127211 0.69501681 0.39873317 0.69179951 0.34970126 0.65327457 0.35419526 0.65137036 0.35206483 0.59008102 0.35921433 0.58817672 0.35708392 0.55665650 0.36076080 0.56048658 0.41913143 0.55888865 0.42167039 0.56471040 0.51039428 0.56311247 0.51293323 0.59288155 0.50946062 0.59478589 0.51159103
0 0.61345994 0.17768173 0.61483876 0.19869507 0.61834123 0.19828650 0.62024547 0.20041752 0.63600547 0.19857909 0.63791013 0.20070946 0.64666563 0.19968812 0.64856984 0.20181854 0.64994866 0.22283188 0.64835084 0.22537082 0.65064890 0.26039343 0.64905064 0.26293243 0.61577962 0.26681354 0.61838411 0.30650612 0.62028832 0.30863655 0.62044151 0.31097123 0.63269949 0.30954132 0.63460373 0.31167234 0.67312867 0.30717834 0.67503288 0.30930877 0.68904187 0.30767460 0.68796943 0.29133063 0.68956725 0.28879169 0.68926083 0.28412173 0.69085864 0.28158279 0.71887662 0.27831445 0.71765099 0.25963580 0.71924881 0.25709686 0.71403987 0.17771229 0.71563814 0.17517330 0.71042924 0.09578933 0.71362484 0.09071085 0.74514528 0.08703395 0.74468566 0.08002930 0.74628348 0.07749036 0.74138097 0.00277576 0.60829558 0.01830038 0.60952121 0.03697903 0.60792340 0.03951809 0.61236632 0.10722852 0.61076806 0.10976752 0.61505775 0.17514279 0.61345994 0.17768173
0 0.23110976 1.00000000 0.27702253 0.99540565 0.27766164 0.93033672 0.23472271 0.93212339 0.23387356 0.94765964 0.16301557 0.95555600 0.16110126 0.99220919 0.18259102 0.99271315 0.18344567 1.00000000 0.23110976 1.00000000
0 0.22945490 0.79693840 0.23042351 0.82061282 0.39528450 0.79794391 0.39505061 0.77565762 0.22945490 0.79693840
0 1.00000000 0.60000000 0.55000000 0.60000000 0.55000000 0.65441310 0.55411584 0.65426742 0.56447314 0.65974337 0.59496033 0.66613556 0.61250191 0.67183465 0.63856208 0.67608421 0.66220188 0.68798635 0.68400282 0.69296145 0.72025417 0.69982023 0.76535930 0.71096114 0.81338822 0.72305397 0.85824256 0.72989412 0.89048548 0.74177919 0.93659228 0.74550929 0.98336874 0.76071218 1.00000000 0.76342371 1.00000000 0.60000000
