0 0.52968750 0.24756399 0.50411744 0.25054278 0.49944390 0.24762356 0.49858000 0.24252827 0.48218835 0.24443782 0.47985106 0.24297827 0.46141059 0.24512650 0.45907383 0.24366689 0.45849786 0.24026988 0.46025875 0.23833291 0.45997080 0.23663463 0.45763403 0.23517502 0.42689957 0.23875545 0.42456273 0.23729540 0.42251338 0.23753414 0.42712077 0.26470849 0.42535996 0.26664589 0.41716414 0.26760067 0.41540326 0.26953763 0.40720744 0.27049241 0.40951113 0.28407958 0.40775025 0.28601655 0.40976600 0.29790544 0.40800512 0.29984240 0.39161348 0.30175196 0.39420512 0.31703742 0.39244371 0.31897445 0.40281041 0.38011717 0.40104953 0.38205413 0.38465789 0.38396369 0.38232112 0.38250408 0.38027177 0.38274282 0.38487916 0.40991716 0.38135740 0.41379110 0.36701458 0.41546197 0.36903033 0.42735086 0.52968750 0.40863502 0.52968750 0.24756399
0 0.26849735 0.43906250 0.35058986 0.42949909 0.35001390 0.42610208 0.35177479 0.42416511 0.35119882 0.42076810 0.35295970 0.41883113 0.35238382 0.41543456 0.35414523 0.41349753 0.35356926 0.41010052 0.35533014 0.40816355 0.35475418 0.40476654 0.35651506 0.40282957 0.35565116 0.39773428 0.35741257 0.39579725 0.35683661 0.39240024 0.35859749 0.39046327 0.35802160 0.38706669 0.35978248 0.38512973 0.35920652 0.38173272 0.36096740 0.37979575 0.36039144 0.37639874 0.36215232 0.37446177 0.36157643 0.37106520 0.36333776 0.36912773 0.36276188 0.36573116 0.36452269 0.36379375 0.36394680 0.36039718 0.36570768 0.35846021 0.36513172 0.35506320 0.36689312 0.35312617 0.36631716 0.34972916 0.36807804 0.34779219 0.36750216 0.34439562 0.36926304 0.34245865 0.36868708 0.33906164 0.37044796 0.33712467 0.36987200 0.33372766 0.37163288 0.33179070 0.37105699 0.32839412 0.37281832 0.32645666 0.37224244 0.32306008 0.37400324 0.32112268 0.37342736 0.31772610 0.37518824 0.31578914 0.37461228 0.31239213 0.37637368 0.31045510 0.37579772 0.30705809 0.37755860 0.30512112 0.37698272 0.30172454 0.37874360 0.29978758 0.37816764 0.29639057 0.37992852 0.29445360 0.37935256 0.29105659 0.38111344 0.28911962 0.38053755 0.28572305 0.38229888 0.28378558 0.38172299 0.28038900 0.38348380 0.27845160 0.38290792 0.27505503 0.38466880 0.27311806 0.38409283 0.26972105 0.38585424 0.26778402 0.38527828 0.26438701 0.38703916 0.26245004 0.38646327 0.25905347 0.38822415 0.25711650 0.38736025 0.25202120 0.35457696 0.25584031 0.35281608 0.25777727 0.35047931 0.25631767 0.35019130 0.25461894 0.35195218 0.25268198 0.35137629 0.24928540 0.35313717 0.24734843 0.35256121 0.24395142 0.35432209 0.24201445 0.35345819 0.23691916 0.35521907 0.23498219 0.35464311 0.23158518 0.35640451 0.22964815 0.31952305 0.23394467 0.31718628 0.23248507 0.31689827 0.23078634 0.31865915 0.22884938 0.31808326 0.22545280 0.31984414 0.22351583 0.31750730 0.22205579 0.28882218 0.22539747 0.28648489 0.22393793 0.25575095 0.22751829 0.25341366 0.22605874 0.24521836 0.22701346 0.24288099 0.22555348 0.24201717 0.22045861 0.24377857 0.21852158 0.24172922 0.21876033 0.23939238 0.21730028 0.23324538 0.21801638 0.23090861 0.21655677 0.22476162 0.21727287 0.22242485 0.21581326 0.21627785 0.21652935 0.21394101 0.21506931 0.20984336 0.21554667 0.20750607 0.21408712 0.20808203 0.21748413 0.20632115 0.21942110 0.20689711 0.22281811 0.20513623 0.22475507 0.20571212 0.22815165 0.20395071 0.23008868 0.20452667 0.23348569 0.20276579 0.23542266 0.20334175 0.23881967 0.20158087 0.24075664 0.20215675 0.24415321 0.20039595 0.24609061 0.20097184 0.24948719 0.19921103 0.25142459 0.19978691 0.25482117 0.19802551 0.25675820 0.19860147 0.26015521 0.19684059 0.26209217 0.19741655 0.26548918 0.19565567 0.26742615 0.19623155 0.27082273 0.19447015 0.27275976 0.19504611 0.27615677 0.19328523 0.27809373 0.19386119 0.28149074 0.19210031 0.28342771 0.19267620 0.28682429 0.19091539 0.28876169 0.19149128 0.29215826 0.18973047 0.29409567 0.19030636 0.29749224 0.18854495 0.29942927 0.18912091 0.30282628 0.18736003 0.30476325 0.18793599 0.30816026 0.18617511 0.31009723 0.18675100 0.31349380 0.18498959 0.31543083 0.18556555 0.31882784 0.18380467 0.32076481 0.18438063 0.32416182 0.18261975 0.32609879 0.18319564 0.32949536 0.18143483 0.33143276 0.18201072 0.33482934 0.18024991 0.33676674 0.18082580 0.34016332 0.17906439 0.34210035 0.17964035 0.34549736 0.17787947 0.34743432 0.17845543 0.35083133 0.17669455 0.35276830 0.17727044 0.35616488 0.17550903 0.35810191 0.17608499 0.36149892 0.17432411 0.36343588 0.17490007 0.36683289 0.17313919 0.36876986 0.17371508 0.37216644 0.17195427 0.37410384 0.17253016 0.37750042 0.17076935 0.37943782 0.17134524 0.38283439 0.16958384 0.38477142 0.17015980 0.38816843 0.16839891 0.39010540 0.16897487 0.39350241 0.16721400 0.39543938 0.16778988 0.39883595 0.16602848 0.40077298 0.16660444 0.40416999 0.16484356 0.40610696 0.16541952 0.40950397 0.16365864 0.41144094 0.16423452 0.41483751 0.16247372 0.41677491 0.16304960 0.42017149 0.16128880 0.42210889 0.16186468 0.42550547 0.16010328 0.42744250 0.16067924 0.43083951 0.15891836 0.43277647 0.15978226 0.43787177 0.15869978 0.43906250 0.17929321 0.43906250 0.18289679 0.43864270 0.18356887 0.43906250 0.26849735 0.43906250
0 0.11982506 0.43906250 0.15101048 0.43542954 0.15043459 0.43203296 0.15219540 0.43009556 0.15161951 0.42669899 0.15338039 0.42476202 0.15280443 0.42136501 0.15456584 0.41942798 0.15398988 0.41603097 0.15575076 0.41409400 0.15517487 0.41069743 0.15693575 0.40876046 0.15635979 0.40536345 0.15812120 0.40342642 0.15754523 0.40002941 0.15930612 0.39809244 0.15873023 0.39469587 0.16049104 0.39275846 0.15991515 0.38936189 0.16167596 0.38742449 0.16110007 0.38402791 0.16286095 0.38209094 0.16228499 0.37869393 0.16404640 0.37675690 0.16347043 0.37335989 0.16523131 0.37142292 0.16465543 0.36802635 0.16641631 0.36608938 0.16584035 0.36269237 0.16760175 0.36075535 0.16702579 0.35735833 0.16878667 0.35542137 0.16821079 0.35202479 0.16997159 0.35008739 0.16939571 0.34669081 0.17115652 0.34475341 0.17058063 0.34135683 0.17234151 0.33941987 0.17176555 0.33602286 0.17352695 0.33408583 0.17295099 0.33068882 0.17471187 0.32875185 0.17413599 0.32535527 0.17589687 0.32341831 0.17532091 0.32002130 0.17708231 0.31808427 0.17650635 0.31468726 0.17826723 0.31275029 0.17769134 0.30935371 0.17945215 0.30741631 0.17887627 0.30401974 0.18063707 0.30208234 0.18006118 0.29868576 0.18182207 0.29674879 0.18124611 0.29335178 0.18300751 0.29141475 0.18243155 0.28801774 0.18419243 0.28608078 0.18361654 0.28268420 0.18537743 0.28074723 0.18480146 0.27735022 0.18656287 0.27541319 0.18598691 0.27201618 0.18774779 0.27007922 0.18717190 0.26668264 0.18893271 0.26474524 0.18835682 0.26134866 0.19011763 0.25941126 0.18954175 0.25601468 0.19130263 0.25407772 0.19072666 0.25068070 0.19248807 0.24874368 0.19191211 0.24534667 0.19367299 0.24340970 0.19309710 0.24001312 0.19485798 0.23807616 0.19428202 0.23467915 0.19604343 0.23274212 0.19546747 0.22934511 0.19722835 0.22740814 0.19665246 0.22401156 0.19841327 0.22207416 0.19783738 0.21867759 0.19959819 0.21674018 0.19902230 0.21334361 0.20078318 0.21140664 0.16595107 0.21546443 0.16127746 0.21254477 0.15983767 0.20405290 0.13115203 0.20739465 0.12881526 0.20593504 0.09808080 0.20951546 0.09574403 0.20805585 0.08959703 0.20877195 0.08726019 0.20731191 0.08582040 0.19882003 0.05508593 0.20240046 0.05274917 0.20094085 0.05159732 0.19414726 0.01676510 0.19820506 0.01442810 0.19674503 0.01385222 0.19334846 0.01561325 0.19141147 0.01503729 0.18801446 0.00000000 0.18976624 0.00000000 0.23488237 0.03050973 0.41482847 0.03665662 0.41411239 0.03899350 0.41557199 0.04072130 0.42576258 0.07555352 0.42170479 0.07789045 0.42316438 0.07933031 0.43165669 0.11416269 0.42759887 0.11649945 0.42905848 0.11819563 0.43906250 0.11982506 0.43906250
0 0.52968750 0.21650275 0.49511320 0.01258382 0.47052573 0.01544815 0.47628497 0.04941608 0.47452356 0.05135311 0.47509952 0.05475012 0.47333864 0.05668709 0.45694700 0.05859664 0.46155439 0.08577099 0.45979351 0.08770796 0.46267316 0.10469214 0.46091228 0.10662911 0.44452064 0.10853866 0.44941597 0.13741130 0.44765517 0.13934870 0.42921417 0.14149699 0.42979006 0.14489357 0.42802918 0.14683054 0.43522821 0.18929035 0.43346740 0.19122775 0.41707575 0.19313730 0.41473839 0.19167732 0.42136153 0.23074055 0.48283046 0.22357970 0.48516723 0.22503931 0.49541240 0.22384579 0.49774924 0.22530584 0.49832513 0.22870241 0.50066197 0.23016246 0.50094991 0.23186075 0.50328668 0.23332035 0.52968750 0.23024478 0.52968750 0.21650275
0 0.00000000 0.17417886 0.00424983 0.17368378 0.00658670 0.17514337 0.01273360 0.17442729 0.01507055 0.17588732 0.01622232 0.18268047 0.03876085 0.18005483 0.04109780 0.18151486 0.07183226 0.17793444 0.07416903 0.17939405 0.09056068 0.17748450 0.09289745 0.17894410 0.09347341 0.18234111 0.09171253 0.18427808 0.09404929 0.18573769 0.11044094 0.18382814 0.11277771 0.18528775 0.12302288 0.18409423 0.12769649 0.18701388 0.12856039 0.19210918 0.13089716 0.19356879 0.13909350 0.19261395 0.14143027 0.19407356 0.16601774 0.19120924 0.17069135 0.19412889 0.17155525 0.19922419 0.17389255 0.20068374 0.17418049 0.20238202 0.23769772 0.19498255 0.24003501 0.19644210 0.24208383 0.19620342 0.24442060 0.19766303 0.24470862 0.19936175 0.24704539 0.20082136 0.24790929 0.20591666 0.28069258 0.20209756 0.28302935 0.20355717 0.28389325 0.20865246 0.28623055 0.21011201 0.28651849 0.21181030 0.29471431 0.21085552 0.29705115 0.21231557 0.31754045 0.20992866 0.31987774 0.21138821 0.32074157 0.21648307 0.32307841 0.21794311 0.36815517 0.21269187 0.37049246 0.21415142 0.39712875 0.21104842 0.39684081 0.20935013 0.39860161 0.20741273 0.39802573 0.20401615 0.39978661 0.20207918 0.39921065 0.19868217 0.40097205 0.19674514 0.40039610 0.19334813 0.40215698 0.19141116 0.40158109 0.18801459 0.40334197 0.18607762 0.40276601 0.18268061 0.40452741 0.18074358 0.40423940 0.17904486 0.40600028 0.17710789 0.40542439 0.17371132 0.40718527 0.17177435 0.40660931 0.16837734 0.40837019 0.16644037 0.40779423 0.16304336 0.40955511 0.16110640 0.40897923 0.15770982 0.41074056 0.15577235 0.41016467 0.15237578 0.41192547 0.15043838 0.41134959 0.14704180 0.41311047 0.14510483 0.41253451 0.14170782 0.41429591 0.13977080 0.41371995 0.13637378 0.41548084 0.13443682 0.41490495 0.13104024 0.41666583 0.12910328 0.41608987 0.12570626 0.41785075 0.12376930 0.41756273 0.12207058 0.41932361 0.12013361 0.41874773 0.11673703 0.42050913 0.11480000 0.41845978 0.11503874 0.41612294 0.11357870 0.41202529 0.11405606 0.40968852 0.11259645 0.40763918 0.11283519 0.40530241 0.11137558 0.40120423 0.11185300 0.39886739 0.11039295 0.39476974 0.11087031 0.39243298 0.10941070 0.38833480 0.10988812 0.38599803 0.10842851 0.38189986 0.10890593 0.37956309 0.10744632 0.35497563 0.11031065 0.35263886 0.10885104 0.31165975 0.11362492 0.30932291 0.11216488 0.30727356 0.11240362 0.30493679 0.11094401 0.30436083 0.10754700 0.30612171 0.10561003 0.30378494 0.10415042 0.27305048 0.10773085 0.27071371 0.10627124 0.26927385 0.09777893 0.23444173 0.10183671 0.23210444 0.10037717 0.23386585 0.09844014 0.23300194 0.09334484 0.22890377 0.09382226 0.22656700 0.09236265 0.18763671 0.09689785 0.18529995 0.09543824 0.15251666 0.09925735 0.15017982 0.09779730 0.14874002 0.08930543 0.12620138 0.09193108 0.12386461 0.09047147 0.11771762 0.09118757 0.11538085 0.08972796 0.11394106 0.08123608 0.09959824 0.08290696 0.09726140 0.08144691 0.03989064 0.08813035 0.03755387 0.08667074 0.03668997 0.08157544 0.03845085 0.07963847 0.03611408 0.07817886 0.01152635 0.08104322 0.00918943 0.07958363 0.00304259 0.08029971 0.00070559 0.07883968 0.00012970 0.07544311 0.00189067 0.07350569 0.00160274 0.07180749 0.00000000 0.07199420 0.00000000 0.17417886
0 0.88157233 0.08297993 0.88182806 0.08467865 0.88026456 0.08661562 0.87116829 0.08780907 0.87193535 0.09290437 0.87401018 0.09436398 0.87244668 0.09630095 0.85061533 0.09916527 0.85112673 0.10256229 0.85320156 0.10402190 0.85345723 0.10572018 0.85189380 0.10765758 0.84461668 0.10861236 0.84538368 0.11370723 0.84382019 0.11564419 0.82380800 0.11826984 0.82483080 0.12506386 0.82326730 0.12700083 0.81599018 0.12795561 0.81624585 0.12965390 0.81468189 0.13159092 0.80558561 0.13278438 0.80660834 0.13957797 0.80504491 0.14151537 0.79776780 0.14247014 0.79802346 0.14416843 0.79645997 0.14610540 0.78736322 0.14729892 0.78787455 0.15069549 0.78631112 0.15263289 0.77903401 0.15358767 0.77980107 0.15868297 0.77823758 0.16061994 0.76914130 0.16181339 0.76965263 0.16520997 0.76808913 0.16714693 0.76263118 0.16786303 0.76055589 0.16640348 0.75873672 0.16664216 0.75924812 0.17003917 0.75768463 0.17197614 0.75040751 0.17293092 0.75168591 0.18142279 0.75376074 0.18288240 0.75219731 0.18481980 0.74128187 0.18625194 0.74153753 0.18795022 0.73997357 0.18988725 0.73269645 0.19084203 0.73320785 0.19423904 0.73164436 0.19617601 0.72800603 0.19665337 0.72593074 0.19519382 0.72411157 0.19543250 0.72462291 0.19882907 0.72305941 0.20076604 0.71396313 0.20195949 0.71524160 0.21045180 0.71731643 0.21191141 0.71859482 0.22040329 0.72066972 0.22186333 0.72169239 0.22865648 0.72012895 0.23059389 0.71285184 0.23154866 0.71387457 0.23834225 0.71594940 0.23980186 0.71671646 0.24489716 0.72581274 0.24370370 0.72788757 0.24516331 0.72814324 0.24686160 0.73021860 0.24832158 0.73931488 0.24712813 0.74138971 0.24858774 0.74164538 0.25028603 0.75256128 0.24885383 0.75463611 0.25031344 0.75514751 0.25371045 0.76424379 0.25251700 0.76631909 0.25397654 0.76657475 0.25567483 0.76864965 0.25713487 0.82322779 0.24997408 0.82479168 0.24803662 0.84480340 0.24541103 0.84429207 0.24201445 0.84585550 0.24007705 0.86222936 0.23792876 0.86197370 0.23623047 0.86353719 0.23429350 0.87445263 0.23286137 0.87419697 0.23116308 0.87576093 0.22922605 0.88485721 0.22803260 0.88434581 0.22463559 0.88590930 0.22269862 0.89500605 0.22150510 0.89475032 0.21980638 0.89631381 0.21786942 0.90541009 0.21667596 0.90333526 0.21521635 0.90256820 0.21012105 0.90413170 0.20818409 0.91322797 0.20699063 0.91297231 0.20529234 0.91453574 0.20335494 0.92181332 0.20240010 0.92104632 0.19730524 0.92260982 0.19536827 0.93170610 0.19417482 0.93145036 0.19247609 0.93301386 0.19053913 0.93847181 0.18982303 0.94003531 0.18788606 0.94185447 0.18764738 0.94159874 0.18594866 0.94316270 0.18401163 0.95043982 0.18305686 0.94941708 0.17626327 0.94734226 0.17480366 0.94606386 0.16631178 0.94398856 0.16485224 0.94296577 0.15805821 0.94089094 0.15659861 0.93961254 0.14810673 0.93753771 0.14664712 0.93625931 0.13815525 0.93418395 0.13669526 0.93316122 0.12990168 0.93108639 0.12844207 0.92980799 0.11995019 0.92773309 0.11849015 0.92645470 0.10999827 0.92437987 0.10853866 0.92335713 0.10174508 0.92128230 0.10028547 0.92000384 0.09179316 0.91792855 0.09033361 0.91690581 0.08354002 0.91483098 0.08208041 0.91355258 0.07358854 0.91147776 0.07212893 0.91071069 0.06703363 0.89979478 0.06846582 0.90056185 0.07356112 0.90263714 0.07502067 0.90107318 0.07695770 0.87924183 0.07982203 0.87949750 0.08152032 0.88157233 0.08297993
0 0.95599608 0.03511281 0.95443212 0.03704984 0.94897417 0.03776594 0.94741073 0.03970334 0.94377241 0.04018070 0.94402808 0.04187899 0.94246458 0.04381595 0.93700663 0.04453205 0.93802936 0.05132564 0.93646540 0.05326267 0.92918875 0.05421738 0.92995581 0.05931268 0.93203064 0.06077229 0.93305337 0.06756587 0.93512827 0.06902592 0.93589527 0.07412078 0.93797010 0.07558039 0.93873716 0.08067569 0.94081206 0.08213574 0.94157906 0.08723060 0.94365435 0.08869015 0.94442142 0.09378545 0.94649631 0.09524549 0.94726331 0.10034036 0.94933814 0.10179996 0.95010521 0.10689526 0.95218057 0.10835525 0.95294757 0.11345011 0.95502240 0.11490972 0.95578946 0.12000502 0.95786436 0.12146506 0.95812002 0.12316335 0.95655653 0.12510032 0.94745978 0.12629383 0.94822685 0.13138913 0.95030214 0.13284868 0.95106921 0.13794398 0.95314404 0.13940359 0.95391110 0.14449889 0.95598593 0.14595850 0.95675300 0.15105380 0.95882829 0.15251335 0.95959536 0.15760865 0.96167019 0.15906825 0.96243725 0.16416355 0.96451208 0.16562316 0.98634343 0.16275883 0.98583210 0.15936226 0.98375720 0.15790221 0.98350154 0.15620392 0.98142624 0.15474438 0.98299014 0.15280691 0.98480930 0.15256823 0.98688420 0.15402828 0.99052299 0.15355086 0.97032401 0.01937741 0.96122727 0.02057092 0.96148293 0.02226921 0.96355830 0.02372920 0.96406963 0.02712577 0.96250567 0.02906280 0.95522902 0.03001751 0.95599608 0.03511281
0 0.90618495 0.00000000 0.90721972 0.00687354 0.90929457 0.00833323 0.91031730 0.01512682 0.91239215 0.01658656 0.91315919 0.02168173 0.91523401 0.02314125 0.91574541 0.02653826 0.91782024 0.02799787 0.91807597 0.02969659 0.92899188 0.02826440 0.93055531 0.02632700 0.93783242 0.02537222 0.93757676 0.02367393 0.94070415 0.01979950 0.94798126 0.01884472 0.94721425 0.01374977 0.94513894 0.01229010 0.94462757 0.00889330 0.94255273 0.00743361 0.94411620 0.00549651 0.94957416 0.00478041 0.95164947 0.00624009 0.96620371 0.00433054 0.96594802 0.00263212 0.96751150 0.00069502 0.96740686 0.00000000 0.90618495 0.00000000
0 0.79565189 0.00000000 0.79499431 0.00081448 0.79576137 0.00590969 0.79419788 0.00784675 0.78692077 0.00880152 0.78717645 0.01049990 0.78561297 0.01243700 0.77651669 0.01363045 0.77702806 0.01702725 0.77546457 0.01896430 0.76636783 0.02015782 0.76713488 0.02525303 0.76557140 0.02719008 0.75829428 0.02814486 0.75854997 0.02984328 0.75542254 0.03371749 0.74814589 0.03467220 0.74891295 0.03976742 0.74734900 0.04170453 0.74007188 0.04265931 0.73850840 0.04459636 0.73487007 0.04507372 0.73330610 0.04701066 0.72966777 0.04748802 0.72810388 0.04942548 0.72887094 0.05452078 0.72730744 0.05645775 0.72184996 0.05717378 0.72415109 0.07245924 0.72258712 0.07439627 0.71712917 0.07511237 0.71917464 0.08869954 0.72124993 0.09015909 0.72176133 0.09355610 0.72019737 0.09549313 0.71110109 0.09668659 0.71161249 0.10008360 0.71368778 0.10154315 0.71496618 0.11003502 0.71704108 0.11149506 0.71831948 0.11998694 0.72039430 0.12144655 0.72064997 0.12314484 0.71908654 0.12508224 0.70998980 0.12627576 0.71101246 0.13306891 0.71308782 0.13452889 0.71462189 0.14471905 0.71305792 0.14665608 0.70578128 0.14761080 0.70603701 0.14930952 0.70811184 0.15076913 0.70913457 0.15756272 0.71120940 0.15902232 0.71223213 0.16581591 0.71430702 0.16727596 0.71532969 0.17406911 0.72442644 0.17287559 0.72391510 0.16947902 0.72547860 0.16754205 0.73457488 0.16634859 0.73431921 0.16465031 0.73588264 0.16271290 0.74497892 0.16151945 0.74472325 0.15982116 0.74628722 0.15788413 0.75538350 0.15669068 0.75851042 0.15281631 0.76578800 0.15186147 0.76553234 0.15016318 0.76345704 0.14870364 0.76243431 0.14191005 0.76399821 0.13997259 0.78400993 0.13734700 0.78375426 0.13564871 0.78531776 0.13371174 0.79259534 0.13275690 0.79157261 0.12596332 0.79313610 0.12402635 0.80223238 0.12283290 0.80015749 0.12137285 0.79964615 0.11797628 0.80120965 0.11603931 0.80484844 0.11556189 0.80641194 0.11362492 0.81005026 0.11314756 0.80979453 0.11144884 0.81135803 0.10951187 0.82045477 0.10831836 0.82019910 0.10662007 0.82176254 0.10468267 0.83085882 0.10348921 0.83060315 0.10179093 0.83216711 0.09985390 0.83762460 0.09913786 0.83918809 0.09720090 0.83790963 0.08870858 0.83583480 0.08724897 0.83739830 0.08531201 0.85741048 0.08268636 0.85715482 0.08098807 0.85871878 0.07905104 0.86781506 0.07785759 0.86704799 0.07276229 0.86861142 0.07082489 0.87588854 0.06987011 0.87486587 0.06307696 0.87642930 0.06113955 0.88370642 0.06018478 0.88345075 0.05848649 0.88501471 0.05654946 0.89411099 0.05535601 0.89385526 0.05365728 0.89541876 0.05172032 0.90451504 0.05052686 0.90349230 0.04373328 0.90141748 0.04227367 0.90039474 0.03548008 0.89831991 0.03402047 0.89704145 0.02552816 0.89496663 0.02406864 0.89394390 0.01727505 0.89186859 0.01581542 0.89059018 0.00732345 0.88851533 0.00586371 0.88763259 0.00000000 0.79565189 0.00000000
0 0.00000000 1.00000000 0.48659677 1.00000000 0.22616883 0.60980592 0.19841656 0.61370625 0.03220076 0.73086198 0.00957016 0.74547249 0.00000000 0.75104363 0.00000000 1.00000000
0 0.74144003 0.66869797 0.72341378 0.70381781 0.77013006 0.73752741 0.78815611 0.70240583 0.74144003 0.66869797
0 0.61112546 0.75851555 0.60600747 0.76881368 0.63899408 0.79349567 0.64411332 0.78319556 0.61112546 0.75851555
