0 0.34724395 0.36979167 0.34763639 0.36880488 0.35601570 0.36564841 0.35657321 0.36424655 0.36215894 0.36214241 0.36271631 0.36074091 0.37109562 0.35758444 0.37165299 0.35618294 0.37723943 0.35407853 0.37779680 0.35267703 0.38617554 0.34952047 0.38673291 0.34811897 0.39231935 0.34601456 0.39287672 0.34461306 0.40125589 0.34145695 0.40181340 0.34005509 0.40739913 0.33795095 0.40795664 0.33654909 0.41354294 0.33444505 0.41410031 0.33304354 0.40739326 0.33199515 0.40571514 0.33024422 0.40124358 0.32954526 0.39956560 0.32779397 0.39509404 0.32709501 0.38950817 0.32919951 0.38895080 0.33060101 0.38336507 0.33270514 0.38280756 0.33410701 0.37442825 0.33726348 0.37387088 0.33866498 0.36828458 0.34076902 0.36772721 0.34217053 0.35934847 0.34532709 0.35879096 0.34672895 0.35320466 0.34883299 0.35264729 0.35023449 0.34426798 0.35339097 0.34371061 0.35479247 0.33812474 0.35689696 0.33756737 0.35829846 0.32918806 0.36145494 0.32863069 0.36285644 0.32304425 0.36496084 0.32248688 0.36636234 0.31410828 0.36951855 0.31399966 0.36979167 0.34724395 0.36979167
0 0.29756657 0.36979167 0.30292967 0.36777120 0.30348704 0.36636970 0.30907334 0.36426565 0.30963071 0.36286415 0.31801002 0.35970768 0.31856754 0.35830582 0.32415326 0.35620168 0.32471064 0.35480018 0.33308994 0.35164371 0.33364732 0.35024221 0.33923376 0.34813780 0.33979113 0.34673630 0.34816987 0.34357974 0.34872724 0.34217824 0.35431368 0.34007383 0.35487105 0.33867233 0.36325021 0.33551622 0.36380773 0.33411436 0.36939346 0.33201022 0.36995097 0.33060836 0.37833014 0.32745225 0.37888751 0.32605075 0.38447338 0.32394626 0.38503075 0.32254476 0.39341006 0.31938828 0.39396743 0.31798678 0.39955330 0.31588229 0.40011067 0.31448078 0.39787518 0.31413135 0.39619705 0.31238042 0.39172607 0.31168155 0.39004752 0.30993017 0.38781202 0.30958073 0.38613390 0.30782980 0.38166234 0.30713084 0.37607647 0.30923534 0.37551910 0.31063684 0.36713979 0.31379331 0.36658242 0.31519481 0.35541025 0.31940335 0.35485288 0.32080485 0.34647357 0.32396133 0.34591620 0.32536283 0.33474403 0.32957137 0.33418652 0.33097323 0.32860079 0.33307736 0.31965824 0.33167954 0.31797955 0.32992852 0.29338798 0.32608457 0.29170986 0.32433363 0.26935321 0.32083903 0.26767523 0.31908774 0.24531858 0.31559313 0.24364046 0.31384220 0.24140496 0.31349276 0.24084759 0.31489427 0.23246829 0.31805074 0.23191092 0.31945224 0.22632447 0.32155664 0.22576710 0.32295814 0.21738837 0.32611471 0.21683099 0.32751621 0.20845169 0.33067268 0.20789432 0.33207418 0.20230787 0.33417859 0.20175050 0.33558009 0.19337191 0.33873629 0.19281439 0.34013815 0.18443509 0.34329462 0.18387772 0.34469613 0.17829142 0.34680017 0.17773405 0.34820167 0.16935531 0.35135823 0.16879780 0.35276009 0.16600493 0.35381216 0.26823347 0.36979167 0.29756657 0.36979167
0 0.10944834 0.23927249 0.10386204 0.24137654 0.10330453 0.24277840 0.10051167 0.24383047 0.09995429 0.24523197 0.09436842 0.24733646 0.09381105 0.24873796 0.09101762 0.24978994 0.09046024 0.25119144 0.08487437 0.25329594 0.08431700 0.25469744 0.08152342 0.25574977 0.08096605 0.25715128 0.07538032 0.25925541 0.07482295 0.26065691 0.07202995 0.26170934 0.07147257 0.26311084 0.06588613 0.26521524 0.06532876 0.26661675 0.05974303 0.26872088 0.05918566 0.27012238 0.05639208 0.27117472 0.05583471 0.27257622 0.05024884 0.27468072 0.04913410 0.27748372 0.05360508 0.27818258 0.05528378 0.27993361 0.06199083 0.28098200 0.06366895 0.28273293 0.06311144 0.28413479 0.06031857 0.28518686 0.05920369 0.28799022 0.06143918 0.28833965 0.06311730 0.29009059 0.06535280 0.29044002 0.06870962 0.29394198 0.06591618 0.29499396 0.06535866 0.29639582 0.05697993 0.29955238 0.05642256 0.30095389 0.05083626 0.30305793 0.05027889 0.30445943 0.04189958 0.30761590 0.04134207 0.30901776 0.03296347 0.31217397 0.03240610 0.31357547 0.02681966 0.31567987 0.02626229 0.31708137 0.01788298 0.32023785 0.01732561 0.32163935 0.00894687 0.32479591 0.00838950 0.32619741 0.00280306 0.32830182 0.04751578 0.33529093 0.05030865 0.33423887 0.05086616 0.33283701 0.05924547 0.32968053 0.05980284 0.32827903 0.06538914 0.32617499 0.06594651 0.32477348 0.07432525 0.32161692 0.07488276 0.32021506 0.08046906 0.31811102 0.08102643 0.31670952 0.08940574 0.31355304 0.08996311 0.31215154 0.09554898 0.31004705 0.09610635 0.30864555 0.10448566 0.30548907 0.10504303 0.30408757 0.11062947 0.30198317 0.11118685 0.30058167 0.11956544 0.29742546 0.12012295 0.29602360 0.12570925 0.29391956 0.12626677 0.29251770 0.13464593 0.28936158 0.13520330 0.28796008 0.14358204 0.28480352 0.14413955 0.28340166 0.14972585 0.28129761 0.15028322 0.27989611 0.15866253 0.27673964 0.15921990 0.27533814 0.16480577 0.27323365 0.16536314 0.27183214 0.17374245 0.26867567 0.17429982 0.26727417 0.17988569 0.26516968 0.18044306 0.26376817 0.18882223 0.26061206 0.18937974 0.25921020 0.19496547 0.25710607 0.19552298 0.25570421 0.20390215 0.25254809 0.20445952 0.25114659 0.21004596 0.24904219 0.21060333 0.24764068 0.17930414 0.24274826 0.17762616 0.24099696 0.13738500 0.23470680 0.13570630 0.23295578 0.12229277 0.23085909 0.11949991 0.23191116 0.11894239 0.23331302 0.11335609 0.23541706 0.11279858 0.23681892 0.11000571 0.23787099 0.10944834 0.23927249
0 0.56209521 0.24154513 0.55371647 0.24470170 0.55315896 0.24610355 0.54757266 0.24820760 0.54701529 0.24960910 0.53863598 0.25276558 0.53807861 0.25416708 0.53249274 0.25627157 0.53193537 0.25767307 0.52355606 0.26082954 0.52299869 0.26223105 0.51741282 0.26433554 0.51685545 0.26573704 0.50847628 0.26889315 0.50791877 0.27029502 0.50233304 0.27239915 0.50177553 0.27380101 0.49339636 0.27695712 0.49283899 0.27835863 0.48725255 0.28046303 0.48669518 0.28186453 0.47831644 0.28502109 0.47775907 0.28642260 0.47217263 0.28852700 0.47161526 0.28992850 0.46323595 0.29308497 0.46267858 0.29448647 0.45709285 0.29659061 0.45653534 0.29799247 0.45094904 0.30009652 0.45039152 0.30149837 0.44201236 0.30465449 0.44145499 0.30605599 0.43586912 0.30816048 0.43531175 0.30956199 0.43251874 0.31061441 0.43922522 0.31166271 0.44090391 0.31341374 0.44761096 0.31446213 0.44928909 0.31621306 0.45487481 0.31410893 0.45543233 0.31270707 0.46101863 0.31060302 0.46157614 0.30920116 0.46995531 0.30604505 0.47051268 0.30464354 0.47609855 0.30253905 0.47665592 0.30113755 0.48503523 0.29798108 0.48559260 0.29657958 0.49117847 0.29447508 0.49173584 0.29307358 0.49732228 0.29096918 0.49787966 0.28956767 0.50625825 0.28641147 0.50681576 0.28500961 0.51240206 0.28290557 0.51295958 0.28150371 0.52133874 0.27834759 0.52189611 0.27694609 0.52748198 0.27484160 0.52803935 0.27344010 0.53641866 0.27028362 0.53697603 0.26888212 0.54256247 0.26677772 0.54311985 0.26537622 0.55149858 0.26221965 0.55205595 0.26081815 0.55764225 0.25871411 0.55819977 0.25731225 0.56657908 0.25415577 0.56713645 0.25275427 0.56992931 0.25170221 0.57773308 0.23207975 0.57494007 0.23313218 0.57438270 0.23453368 0.56879625 0.23663809 0.56823888 0.23803959 0.56265258 0.24014363 0.56209521 0.24154513
0 0.58984375 0.12997648 0.58936647 0.13117660 0.58378003 0.13328100 0.58322265 0.13468251 0.57484392 0.13783907 0.57428655 0.13924057 0.56870010 0.14134497 0.56814273 0.14274647 0.55976357 0.14590259 0.55920605 0.14730445 0.55362033 0.14940858 0.55306281 0.15081044 0.54468365 0.15396656 0.54412628 0.15536806 0.53853983 0.15747246 0.53798246 0.15887396 0.52960373 0.16203053 0.52904636 0.16343203 0.52345991 0.16553643 0.52290254 0.16693793 0.51452323 0.17009441 0.51396586 0.17149591 0.50838013 0.17360004 0.50782262 0.17500190 0.49944331 0.17815838 0.49888594 0.17955988 0.49330021 0.18166401 0.49274284 0.18306551 0.48715640 0.18516992 0.48659903 0.18657142 0.47822029 0.18972798 0.47766292 0.19112948 0.47207648 0.19323389 0.47151911 0.19463539 0.46313980 0.19779186 0.46258243 0.19919336 0.45699670 0.20129750 0.45643919 0.20269936 0.44805988 0.20585583 0.44750251 0.20725733 0.43912334 0.21041344 0.43856583 0.21181530 0.43298010 0.21391944 0.43242259 0.21532130 0.42404342 0.21847741 0.42348605 0.21987892 0.41789961 0.22198332 0.41734224 0.22338482 0.40896350 0.22654138 0.40840613 0.22794288 0.40281969 0.23004729 0.40226232 0.23144879 0.39388301 0.23460526 0.39332564 0.23600676 0.38773991 0.23811090 0.38718240 0.23951276 0.38438953 0.24056483 0.38774563 0.24406705 0.38998113 0.24441649 0.39165982 0.24616751 0.39389532 0.24651695 0.39557344 0.24826788 0.39780950 0.24861740 0.40116575 0.25211927 0.40340124 0.25246871 0.41179271 0.26122428 0.41123534 0.26262578 0.41626956 0.26787894 0.41571219 0.26928044 0.42074699 0.27453369 0.41516068 0.27663774 0.41460331 0.27803924 0.41181031 0.27909167 0.41125294 0.28049317 0.40566707 0.28259766 0.40510969 0.28399917 0.40231683 0.28505123 0.41909891 0.30256148 0.42189177 0.30150941 0.42244915 0.30010791 0.42803545 0.29800386 0.42859296 0.29660200 0.43697227 0.29344553 0.43752964 0.29204403 0.44590823 0.28888782 0.44646575 0.28748596 0.45205204 0.28538192 0.45260956 0.28398006 0.46098872 0.28082394 0.46154609 0.27942244 0.46992483 0.27626588 0.47048234 0.27486402 0.47886151 0.27170791 0.47941888 0.27030641 0.48500532 0.26820200 0.48556270 0.26680050 0.49394143 0.26364394 0.49449880 0.26224244 0.50287811 0.25908596 0.50343548 0.25768446 0.51181479 0.25452799 0.51237216 0.25312649 0.51795803 0.25102200 0.51851540 0.24962049 0.52689471 0.24646402 0.52745208 0.24506252 0.53583139 0.24190605 0.53638876 0.24050455 0.54197463 0.23840005 0.54253200 0.23699855 0.55091116 0.23384244 0.55146868 0.23244058 0.55984799 0.22928411 0.56040536 0.22788261 0.56878395 0.22472640 0.56934146 0.22332454 0.57772077 0.22016807 0.57827814 0.21876657 0.58386444 0.21666252 0.58984375 0.20162764 0.58984375 0.12997648
0 0.58984375 0.04043938 0.54064984 0.03274980 0.53506347 0.03485402 0.53450606 0.03625563 0.52891970 0.03835982 0.52836229 0.03976143 0.51998359 0.04291789 0.51942618 0.04431949 0.51104692 0.04747586 0.51048950 0.04887747 0.50490313 0.05098169 0.50434573 0.05238327 0.49596703 0.05553976 0.49540963 0.05694133 0.48703035 0.06009773 0.48647295 0.06149930 0.48088653 0.06360364 0.48032916 0.06500514 0.47195042 0.06816170 0.47139305 0.06956320 0.46580675 0.07166725 0.46524924 0.07306911 0.45686993 0.07622558 0.45631256 0.07762708 0.45072683 0.07973122 0.45016946 0.08113272 0.44179015 0.08428919 0.44123264 0.08569105 0.43564691 0.08779518 0.43508954 0.08919669 0.42671023 0.09235316 0.42615286 0.09375466 0.42056699 0.09585915 0.42000962 0.09726065 0.41442332 0.09936470 0.41386580 0.10076656 0.40548650 0.10392303 0.40492913 0.10532454 0.39934340 0.10742867 0.39878603 0.10883017 0.39319958 0.11093458 0.37084351 0.10744006 0.37028614 0.10884156 0.36190683 0.11199804 0.36134946 0.11339954 0.35297015 0.11655601 0.35241278 0.11795751 0.34682691 0.12006201 0.34626954 0.12146351 0.33789023 0.12461998 0.33733286 0.12602148 0.32895355 0.12917795 0.32839618 0.13057945 0.32281045 0.13268359 0.32225294 0.13408545 0.31387363 0.13724192 0.31331626 0.13864342 0.30493710 0.14179954 0.30437958 0.14320140 0.29879385 0.14530553 0.29823634 0.14670739 0.28985717 0.14986351 0.28929980 0.15126501 0.28092050 0.15442148 0.28036298 0.15582334 0.27198382 0.15897945 0.27142645 0.16038095 0.26584058 0.16248545 0.26528321 0.16388695 0.25690390 0.16704342 0.25634653 0.16844492 0.25076066 0.17054942 0.25020328 0.17195092 0.23903111 0.17615946 0.23847374 0.17756096 0.23288730 0.17966537 0.23232993 0.18106687 0.22395062 0.18422334 0.22339325 0.18562484 0.21501451 0.18878140 0.21445714 0.19018290 0.20887070 0.19228731 0.20831333 0.19368881 0.19993416 0.19684492 0.19937665 0.19824678 0.19379092 0.20035092 0.19323341 0.20175278 0.18485424 0.20490889 0.18429687 0.20631039 0.17591756 0.20946687 0.17536005 0.21086873 0.16977432 0.21297286 0.16698732 0.21998073 0.19157947 0.22382476 0.19437233 0.22277270 0.24579210 0.23081020 0.24634948 0.22940870 0.25193535 0.22730421 0.25249272 0.22590271 0.26087203 0.22274623 0.26142940 0.22134473 0.26980871 0.21818826 0.27036608 0.21678676 0.27595180 0.21468262 0.27650932 0.21328076 0.28488863 0.21012429 0.28544600 0.20872279 0.29103172 0.20661865 0.29158910 0.20521715 0.29996840 0.20206068 0.30052592 0.20065882 0.30890508 0.19750271 0.30946245 0.19610121 0.31504832 0.19399671 0.31560570 0.19259521 0.32398500 0.18943874 0.32454237 0.18803724 0.33292168 0.18488076 0.33347905 0.18347926 0.34185836 0.18032279 0.34241573 0.17892129 0.34800160 0.17681679 0.34855897 0.17541529 0.35693828 0.17225882 0.35749565 0.17085732 0.36308138 0.16875318 0.36363889 0.16735132 0.37201820 0.16419485 0.37257557 0.16279335 0.37816187 0.16068930 0.37871924 0.15928780 0.38709798 0.15613124 0.38765549 0.15472938 0.39603466 0.15157327 0.39659203 0.15017177 0.40217847 0.14806736 0.40273584 0.14666586 0.41111458 0.14350930 0.41167195 0.14210780 0.41725839 0.14000339 0.41781576 0.13860189 0.42619507 0.13544542 0.42675244 0.13404392 0.43513118 0.13088736 0.43568855 0.12948585 0.44127499 0.12738145 0.44183236 0.12597995 0.45021153 0.12282383 0.45076904 0.12142198 0.45914778 0.11826541 0.45970515 0.11686391 0.46529145 0.11475987 0.46584882 0.11335836 0.47422813 0.11020189 0.47478564 0.10880003 0.48037137 0.10669590 0.48092874 0.10529440 0.48930805 0.10213792 0.48986542 0.10073642 0.49824473 0.09757995 0.49880210 0.09617845 0.50438797 0.09407395 0.50494534 0.09267245 0.51332465 0.08951598 0.51388202 0.08811448 0.51946832 0.08601043 0.52002583 0.08460857 0.52840457 0.08145201 0.52896194 0.08005051 0.53734110 0.07689440 0.53789862 0.07549254 0.54348492 0.07338849 0.54404243 0.07198663 0.55242105 0.06883035 0.55297846 0.06742875 0.55856484 0.06532452 0.55912224 0.06392295 0.56750152 0.06076655 0.56805892 0.05936498 0.57643762 0.05620848 0.57699502 0.05480691 0.58258141 0.05270265 0.58313881 0.05130108 0.58984375 0.04877539 0.58984375 0.04043938
0 0.58984375 0.32786367 0.61666620 0.33389311 0.62055081 0.33178871 0.62093839 0.33038720 0.62482260 0.32828271 0.62521018 0.32688121 0.63103675 0.32372510 0.63142443 0.32232324 0.63530894 0.32021919 0.63569662 0.31881733 0.64152279 0.31566113 0.64191037 0.31425962 0.64579498 0.31215522 0.64618255 0.31075372 0.65006677 0.30864923 0.64695780 0.30795036 0.64579050 0.30619933 0.64423602 0.30584990 0.64306911 0.30409896 0.64151463 0.30374953 0.64034772 0.30199860 0.63879284 0.30164907 0.63762604 0.29989778 0.63956810 0.29884571 0.63995567 0.29744421 0.64189823 0.29639188 0.64228580 0.29499037 0.64422786 0.29393831 0.64461544 0.29253680 0.64655750 0.29148474 0.64694517 0.29008288 0.64888723 0.28903081 0.64927480 0.28762931 0.65121696 0.28657688 0.65160454 0.28517538 0.65354699 0.28412340 0.65432214 0.28132040 0.65626430 0.28026797 0.65665188 0.27886647 0.65859393 0.27781440 0.65898161 0.27641254 0.66092407 0.27536057 0.66131164 0.27395906 0.66325370 0.27290700 0.66364128 0.27150549 0.66558343 0.27045307 0.66597101 0.26905157 0.66791307 0.26799950 0.66868832 0.26519614 0.65780615 0.26274992 0.65663924 0.26099899 0.64420259 0.25820334 0.64303568 0.25645241 0.63215351 0.25400620 0.63098661 0.25225526 0.62787764 0.25155639 0.62010862 0.25576449 0.61972094 0.25716635 0.61389467 0.26032291 0.61350709 0.26172441 0.60768052 0.26488052 0.60729285 0.26628238 0.60146625 0.26943887 0.60107868 0.27084037 0.59525223 0.27399651 0.59486455 0.27539837 0.58984375 0.27811836 0.58984375 0.32786367
0 1.00000000 0.05354185 0.99961387 0.05375104 0.99922627 0.05515265 0.99339963 0.05830901 0.99301202 0.05971062 0.98912746 0.06181485 0.98873986 0.06321642 0.98291361 0.06637291 0.98252601 0.06777448 0.97864144 0.06987875 0.97825384 0.07128032 0.97242717 0.07443679 0.97203960 0.07583829 0.96621332 0.07899485 0.96582575 0.08039635 0.96194123 0.08250040 0.96155356 0.08390226 0.95572689 0.08705873 0.95533931 0.08846023 0.95145520 0.09056437 0.95106762 0.09196587 0.94524095 0.09512234 0.94485327 0.09652420 0.94096876 0.09862825 0.94058118 0.10002975 0.93475491 0.10318631 0.93436733 0.10458782 0.93048272 0.10669222 0.93009515 0.10809372 0.92426848 0.11125019 0.92388090 0.11265169 0.91805463 0.11580826 0.91766705 0.11720976 0.91378254 0.11931380 0.91339486 0.12071566 0.90756819 0.12387214 0.90718062 0.12527364 0.90329650 0.12737777 0.90290892 0.12877927 0.89708225 0.13193575 0.89669458 0.13333761 0.89281046 0.13544174 0.89242289 0.13684324 0.88659622 0.13999971 0.88620864 0.14140122 0.88232443 0.14350571 0.88193685 0.14490721 0.87611018 0.14806368 0.87572260 0.14946518 0.86989593 0.15262166 0.86950836 0.15402316 0.86562424 0.15612729 0.86523656 0.15752915 0.85940989 0.16068563 0.85902232 0.16208713 0.85513780 0.16419117 0.85475023 0.16559267 0.84892396 0.16874924 0.84853628 0.17015110 0.84465177 0.17225514 0.84426419 0.17365664 0.83843752 0.17681312 0.83804994 0.17821462 0.83416573 0.18031911 0.83377815 0.18172061 0.82795148 0.18487708 0.82756391 0.18627859 0.82367929 0.18838299 0.82329172 0.18978449 0.81746554 0.19294070 0.81863235 0.19469199 0.82329620 0.19574038 0.82446310 0.19749132 0.82912695 0.19853970 0.83029385 0.20029064 0.83184833 0.20064007 0.83223591 0.19923857 0.83612052 0.19713417 0.83650810 0.19573267 0.84233467 0.19257655 0.84272234 0.19117469 0.84854862 0.18801813 0.84893619 0.18661663 0.85282071 0.18451258 0.85320828 0.18311108 0.85903495 0.17995461 0.85942263 0.17855275 0.86330674 0.17644861 0.86369432 0.17504711 0.86757854 0.17294262 0.86796611 0.17154112 0.87379278 0.16838464 0.87418036 0.16698314 0.87806487 0.16487910 0.87845255 0.16347724 0.88427882 0.16032068 0.88466640 0.15891917 0.88855091 0.15681513 0.88893849 0.15541363 0.89476516 0.15225715 0.89515283 0.15085529 0.89903695 0.14875116 0.89942452 0.14734966 0.90525119 0.14419318 0.90563877 0.14279168 0.90952338 0.14068728 0.90991096 0.13928578 0.91573723 0.13612922 0.91612481 0.13472771 0.92000942 0.13262331 0.92039700 0.13122181 0.92428111 0.12911767 0.92466869 0.12771617 0.93049536 0.12455970 0.93088303 0.12315784 0.93476715 0.12105370 0.93515472 0.11965220 0.94098140 0.11649573 0.94136897 0.11509423 0.94525358 0.11298983 0.94564116 0.11158832 0.95146743 0.10843176 0.95185501 0.10703026 0.95573962 0.10492585 0.95612720 0.10352435 0.96195377 0.10036824 0.96234144 0.09896638 0.96622556 0.09686225 0.96661324 0.09546039 0.97243981 0.09230427 0.97282738 0.09090277 0.97671200 0.08879836 0.97709957 0.08739686 0.98098379 0.08529237 0.98137136 0.08389087 0.98719803 0.08073440 0.98758561 0.07933290 0.99146983 0.07722840 0.99185738 0.07582697 0.99768402 0.07267061 0.99807163 0.07126900 1.00000000 0.07022428 1.00000000 0.05354185
0 1.00000000 0.04043937 0.91449083 0.02121769 0.91060667 0.02332200 0.91021906 0.02472361 0.90633451 0.02682780 0.90594690 0.02822941 0.90012066 0.03138586 0.89973305 0.03278747 0.89584849 0.03489170 0.89546089 0.03629327 0.88963424 0.03944967 0.88924665 0.04085124 0.88536247 0.04295560 0.88497487 0.04435717 0.88109031 0.04646139 0.88070271 0.04786300 0.87487611 0.05101919 0.87448844 0.05242105 0.87060432 0.05452518 0.87021665 0.05592704 0.86439008 0.05908316 0.86400250 0.06048466 0.86011829 0.06258915 0.85973071 0.06399065 0.85390404 0.06714713 0.85351646 0.06854863 0.84963225 0.07065312 0.84924467 0.07205462 0.84341800 0.07521110 0.84303043 0.07661260 0.83914591 0.07871664 0.83875824 0.08011850 0.83487412 0.08222264 0.83448645 0.08362450 0.82865988 0.08678061 0.82827230 0.08818211 0.82244563 0.09133859 0.82205795 0.09274045 0.81817384 0.09484458 0.81778626 0.09624608 0.81390165 0.09835049 0.81351407 0.09975199 0.80768740 0.10290846 0.80729983 0.10430996 0.80341571 0.10641410 0.80302804 0.10781596 0.79720137 0.11097243 0.79681379 0.11237393 0.79292967 0.11447807 0.79254210 0.11587957 0.78865748 0.11798397 0.78826991 0.11938547 0.78244364 0.12254204 0.78205606 0.12394354 0.77817145 0.12604794 0.77778387 0.12744944 0.77195720 0.13060592 0.77156962 0.13200742 0.76768551 0.13411155 0.76729783 0.13551341 0.76147116 0.13866988 0.76108359 0.14007139 0.75719907 0.14217543 0.75681150 0.14357693 0.75098522 0.14673349 0.75059755 0.14813536 0.74671304 0.15023940 0.74632546 0.15164090 0.74049879 0.15479737 0.74011121 0.15619888 0.73622700 0.15830337 0.73583942 0.15970487 0.73195531 0.16180901 0.73156763 0.16321087 0.72574096 0.16636734 0.72535338 0.16776884 0.71952681 0.17092495 0.71913914 0.17232681 0.71525502 0.17443095 0.71486735 0.17583281 0.70904078 0.17898892 0.70865320 0.18039042 0.70476859 0.18249483 0.70438101 0.18389633 0.69855474 0.18705289 0.69816716 0.18845439 0.69428255 0.19055880 0.69389497 0.19196030 0.68806830 0.19511677 0.68768073 0.19651827 0.69584967 0.20877571 0.69740415 0.20912515 0.70207207 0.21612933 0.70984488 0.21787659 0.71178743 0.21682425 0.72733305 0.22031877 0.73315962 0.21716265 0.73354720 0.21576115 0.73937387 0.21260468 0.73976154 0.21120282 0.74558811 0.20804671 0.74597569 0.20664521 0.74985991 0.20454071 0.77939705 0.21118040 0.78328127 0.20907590 0.78366884 0.20767440 0.78755336 0.20557035 0.78794093 0.20416885 0.79570976 0.19995995 0.79609734 0.19855845 0.80192391 0.19540234 0.80231158 0.19400048 0.80813786 0.19084392 0.80852543 0.18944241 0.81629416 0.18523387 0.81668174 0.18383237 0.82250841 0.18067590 0.82289598 0.17927440 0.82872265 0.17611793 0.82911023 0.17471643 0.83493690 0.17155995 0.83532448 0.17015845 0.83920859 0.16805432 0.83959627 0.16665246 0.84542294 0.16349598 0.84581052 0.16209448 0.84969463 0.15999035 0.85008221 0.15858885 0.85590888 0.15543237 0.85629655 0.15403051 0.86018067 0.15192638 0.86056825 0.15052488 0.86639492 0.14736841 0.86678249 0.14596690 0.87066710 0.14386250 0.87105468 0.14246100 0.87688095 0.13930443 0.87726853 0.13790293 0.88115314 0.13579853 0.88154072 0.13439703 0.88736729 0.13124091 0.88775496 0.12983905 0.89163908 0.12773492 0.89202675 0.12633306 0.89785333 0.12317695 0.89824090 0.12177545 0.90212551 0.11967104 0.90251309 0.11826954 0.90833936 0.11511298 0.90872694 0.11371148 0.91261155 0.11160707 0.91299913 0.11020557 0.91882580 0.10704910 0.91921338 0.10564760 0.92309749 0.10354346 0.92348517 0.10214160 0.92931184 0.09898513 0.92969941 0.09758363 0.93358353 0.09547949 0.93397110 0.09407799 0.93979778 0.09092152 0.94018545 0.08951966 0.94406957 0.08741552 0.94445714 0.08601402 0.95028381 0.08285755 0.95067139 0.08145605 0.95455600 0.07935164 0.95494358 0.07795014 0.96076985 0.07479358 0.96115743 0.07339208 0.96504204 0.07128767 0.96542959 0.06988624 0.97125624 0.06672988 0.97164384 0.06532827 0.97747008 0.06217182 0.97785769 0.06077021 0.98174224 0.05866602 0.98212985 0.05726441 0.98795649 0.05410804 0.98834410 0.05270643 0.99222826 0.05060212 0.99261586 0.04920055 0.99844251 0.04604415 0.99883010 0.04464257 1.00000000 0.04400885 1.00000000 0.04043937
0 0.78165586 0.00000000 0.78158038 0.00027294 0.77575414 0.00342940 0.77536653 0.00483100 0.77148197 0.00693523 0.77109437 0.00833680 0.76526772 0.01149320 0.76488013 0.01289478 0.76099595 0.01499913 0.76060836 0.01640070 0.75478171 0.01955710 0.75439411 0.02095867 0.74856744 0.02411515 0.74817986 0.02551665 0.74429565 0.02762114 0.74390807 0.02902264 0.73808150 0.03217876 0.73769383 0.03358062 0.73380931 0.03568466 0.73342164 0.03708652 0.72759546 0.04024273 0.72720789 0.04164423 0.72332327 0.04374863 0.72293570 0.04515013 0.71710903 0.04830660 0.71672145 0.04970811 0.71283724 0.05181260 0.71244966 0.05321410 0.70662299 0.05637057 0.70623542 0.05777208 0.70235130 0.05987621 0.70196362 0.06127807 0.69613695 0.06443454 0.69574938 0.06583604 0.69186526 0.06794018 0.69147769 0.06934168 0.68565102 0.07249815 0.68526334 0.07390001 0.68137883 0.07600406 0.68099125 0.07740556 0.67516498 0.08056212 0.67477740 0.08196362 0.66895073 0.08512010 0.66856316 0.08652160 0.66467854 0.08862600 0.66429097 0.09002750 0.65846469 0.09318407 0.65807712 0.09458557 0.65419260 0.09668961 0.65380493 0.09809147 0.64797834 0.10124796 0.64759076 0.10264946 0.64370649 0.10475356 0.64331891 0.10615507 0.63749232 0.10931156 0.63710464 0.11071342 0.63322033 0.11281751 0.63283275 0.11421901 0.62700620 0.11737551 0.62661863 0.11877701 0.62273417 0.12088145 0.62234660 0.12228295 0.61652004 0.12543945 0.61613247 0.12684095 0.61224806 0.12894540 0.61186048 0.13034690 0.60603399 0.13350303 0.60564631 0.13490489 0.59981976 0.13806139 0.59943219 0.13946289 0.59554787 0.14156698 0.58984375 0.16219348 0.58984375 0.18755529 0.59518947 0.18465959 0.59557714 0.18325773 0.59946142 0.18115362 0.59984909 0.17975177 0.60567558 0.17659563 0.60606316 0.17519413 0.60994757 0.17308968 0.61188555 0.16608182 0.60566723 0.16468399 0.60450020 0.16293303 0.61032679 0.15977654 0.61071447 0.15837468 0.61459878 0.15627059 0.61498636 0.15486909 0.62081291 0.15171259 0.62120049 0.15031109 0.62508494 0.14820665 0.62547251 0.14680515 0.63129907 0.14364865 0.63168664 0.14224715 0.63751319 0.13909065 0.63790077 0.13768915 0.64178520 0.13558508 0.64217288 0.13418322 0.64799955 0.13102675 0.64838712 0.12962525 0.65227124 0.12752111 0.65265882 0.12611961 0.65848549 0.12296314 0.65887316 0.12156128 0.66275728 0.11945715 0.66314485 0.11805564 0.66702947 0.11595124 0.66741704 0.11454974 0.67324332 0.11139318 0.67363089 0.10999168 0.67751540 0.10788763 0.67790308 0.10648577 0.68372975 0.10332930 0.68411733 0.10192780 0.68800144 0.09982366 0.68838902 0.09842216 0.69421569 0.09526569 0.69460337 0.09386383 0.69848788 0.09175978 0.69887545 0.09035828 0.70470173 0.08720172 0.70508930 0.08580022 0.70897392 0.08369581 0.70936149 0.08229431 0.71324561 0.08019018 0.71363328 0.07878832 0.71945995 0.07563184 0.71984753 0.07423034 0.72373165 0.07212620 0.72411922 0.07072470 0.72994589 0.06756823 0.73033357 0.06616637 0.73421808 0.06406233 0.73460566 0.06266083 0.74043193 0.05950426 0.74081950 0.05810276 0.74470412 0.05599836 0.74509169 0.05459686 0.75091836 0.05144038 0.75130594 0.05003888 0.75519016 0.04793439 0.76918129 0.05107947 0.77306580 0.04897542 0.77345338 0.04757392 0.77733799 0.04546952 0.77772557 0.04406802 0.78355184 0.04091145 0.78393942 0.03950995 0.78782393 0.03740591 0.78821161 0.03600405 0.79403828 0.03284757 0.79442583 0.03144614 0.80025208 0.02828969 0.80063968 0.02688808 0.80452423 0.02478389 0.80491184 0.02338228 0.81073848 0.02022592 0.81112609 0.01882431 0.81501025 0.01671999 0.81539785 0.01531842 0.82122450 0.01216202 0.82161209 0.01076045 0.82549627 0.00865610 0.82588387 0.00725452 0.83171051 0.00409814 0.83209811 0.00269655 0.82010230 0.00000000 0.78165586 0.00000000
0 0.72551455 0.00000000 0.72523640 0.00100582 0.71940976 0.00416219 0.71902215 0.00556380 0.71319551 0.00872016 0.71280791 0.01012177 0.70892375 0.01222605 0.70853620 0.01362748 0.70270952 0.01678395 0.70232185 0.01818581 0.69843734 0.02028986 0.69804976 0.02169136 0.69222349 0.02484792 0.69183591 0.02624942 0.68795130 0.02835383 0.68756372 0.02975533 0.68173705 0.03291180 0.68134948 0.03431330 0.67552320 0.03746986 0.67513563 0.03887136 0.67125111 0.04097541 0.67086344 0.04237727 0.66503677 0.04553374 0.66464919 0.04693524 0.66076508 0.04903938 0.66037750 0.05044088 0.65455091 0.05359737 0.65416323 0.05499923 0.64833678 0.05815537 0.64794921 0.05955687 0.64406479 0.06166132 0.64367722 0.06306282 0.63785062 0.06621931 0.63746305 0.06762082 0.63357867 0.06972527 0.63319110 0.07112677 0.62736451 0.07428326 0.62697693 0.07568477 0.62115034 0.07884126 0.62076277 0.08024276 0.61687839 0.08234722 0.61649081 0.08374872 0.61066432 0.08690485 0.59942383 0.12755125 0.60136599 0.12649921 0.60175366 0.12509735 0.60758023 0.12194085 0.60796781 0.12053935 0.61185212 0.11843526 0.61223970 0.11703376 0.61806625 0.11387726 0.61845392 0.11247540 0.62428042 0.10931927 0.62466799 0.10791777 0.62855241 0.10581332 0.62893998 0.10441182 0.63476653 0.10125532 0.63515411 0.09985382 0.63903856 0.09774938 0.63942614 0.09634788 0.64525269 0.09319138 0.64564027 0.09178988 0.64952458 0.08968579 0.64991226 0.08828393 0.65573893 0.08512745 0.65612650 0.08372595 0.66001062 0.08162182 0.66039820 0.08022032 0.66622487 0.07706384 0.66661254 0.07566198 0.67049666 0.07355785 0.67088423 0.07215635 0.67671090 0.06899987 0.67709848 0.06759837 0.68098309 0.06549397 0.68137067 0.06409246 0.68719694 0.06093590 0.68758452 0.05953440 0.69146913 0.05743000 0.69185671 0.05602850 0.69768328 0.05287238 0.69807095 0.05147052 0.70195507 0.04936639 0.70234274 0.04796453 0.70816931 0.04480841 0.70855689 0.04340691 0.71244150 0.04130251 0.71282908 0.03990101 0.71865535 0.03674444 0.71904293 0.03534294 0.72486960 0.03218647 0.72525717 0.03078497 0.72914179 0.02868057 0.72952936 0.02727906 0.73535564 0.02412250 0.73574321 0.02272100 0.73962783 0.02061660 0.74001538 0.01921517 0.74584202 0.01605880 0.74622963 0.01465719 0.75011378 0.01255291 0.75050139 0.01115130 0.75632803 0.00799494 0.75671564 0.00659333 0.76059980 0.00448902 0.76098740 0.00308744 0.76668675 0.00000000 0.72551455 0.00000000
0 0.22439134 0.89806731 0.22912657 0.89427370 0.23787808 0.86900218 0.26749106 0.88287248 0.28570028 0.82317061 0.28427513 0.81464517 0.27811475 0.80991334 0.28236729 0.78717203 0.31879082 0.67850554 0.33817876 0.60711801 0.32538295 0.59481254 0.23464634 0.54720302 0.22683729 0.56205228 0.18663373 0.69093327 0.18166989 0.71209617 0.19280684 0.72250823 0.17744283 0.78852373 0.18384200 0.79736078 0.16918929 0.86495469 0.22439134 0.89806731
0 0.14420456 0.62180849 0.15224222 0.58958994 0.16336133 0.56242162 0.18728899 0.57440190 0.19816677 0.53775974 0.15078141 0.50590373 0.13020202 0.56213379 0.11788382 0.55803876 0.10935328 0.54983511 0.11833340 0.50719431 0.09393069 0.49237221 0.04639058 0.63357565 0.04237175 0.64968492 0.04521696 0.65599856 0.13974888 0.71560534 0.14755029 0.68465020 0.16647591 0.63726399 0.14420456 0.62180849
0 0.38751017 0.74697654 0.36500512 0.73815307 0.35931724 0.73089443 0.33850416 0.79375652 0.32810143 0.83324050 0.35463805 0.85279782 0.34565284 0.88470137 0.37716093 0.89920167 0.41973211 0.76842387 0.38751017 0.74697654
0 0.73744772 0.57685387 0.71188425 0.65184979 0.68632350 0.73343231 0.81143543 0.83075373 0.84077716 0.74568051 0.86344812 0.68850998 0.82447530 0.65464621 0.82749764 0.64592571 0.73744772 0.57685387
