0 0.14830944 0.53906250 0.14824235 0.53714117 0.14606457 0.53511036 0.14591758 0.53090123 0.13118643 0.53141565 0.12900866 0.52938484 0.12871470 0.52096712 0.11819269 0.52133456 0.11616189 0.52351287 0.09932645 0.52410078 0.09729510 0.52627858 0.08256449 0.52679298 0.08053315 0.52897078 0.06369770 0.52955869 0.06166700 0.53173646 0.04483156 0.53232437 0.04280064 0.53450215 0.02806960 0.53501657 0.02603870 0.53719489 0.00920326 0.53778280 0.00924795 0.53906250 0.14830944 0.53906250
0 0.03328061 0.50323005 0.03531151 0.50105173 0.04793814 0.50061080 0.04996906 0.49843302 0.06259537 0.49799210 0.06462673 0.49581430 0.07725304 0.49537338 0.07928385 0.49319560 0.09191070 0.49275466 0.09394151 0.49057688 0.10446407 0.49020943 0.10649486 0.48803111 0.11912117 0.48759019 0.12115252 0.48541239 0.12536111 0.48526542 0.12514064 0.47895200 0.12296286 0.47692119 0.12244844 0.46219004 0.12447925 0.46001226 0.13921040 0.45949784 0.13906343 0.45528925 0.13688563 0.45325790 0.13666516 0.44694447 0.13448685 0.44491368 0.13419289 0.43649596 0.13201511 0.43446515 0.13179464 0.42815172 0.12961686 0.42612091 0.12932291 0.41770319 0.12714459 0.41567240 0.12685064 0.40725468 0.12467286 0.40522387 0.12445239 0.39891044 0.12227459 0.39687909 0.12198066 0.38846191 0.11980286 0.38643056 0.11950891 0.37801284 0.11733113 0.37598202 0.11711066 0.36966860 0.11493234 0.36763780 0.11463839 0.35922009 0.11246061 0.35718927 0.11216665 0.34877155 0.10998886 0.34674020 0.10976841 0.34042732 0.10759009 0.33839652 0.10729612 0.32997826 0.10511834 0.32794745 0.10482438 0.31952973 0.10264661 0.31749892 0.10242614 0.31118549 0.08769499 0.31169992 0.08551721 0.30966911 0.01607104 0.31209422 0.01389310 0.31006341 0.01178864 0.31013690 0.00743285 0.30607475 0.00713890 0.29765703 0.00510792 0.29983481 0.00089907 0.29998179 0.00810093 0.50621621 0.01862305 0.50584877 0.02065403 0.50367099 0.03328061 0.50323005
0 0.26482657 0.00000000 0.22855816 0.00126652 0.22877862 0.00757984 0.22674782 0.00975772 0.19728552 0.01078657 0.19757948 0.01920429 0.19975780 0.02123519 0.20012524 0.03175737 0.20230303 0.03378834 0.20274395 0.04641487 0.20492174 0.04844584 0.20536267 0.06107242 0.20754099 0.06310322 0.20798193 0.07573007 0.21015971 0.07776088 0.21052714 0.08828289 0.21270492 0.09031371 0.21314586 0.10294056 0.21532364 0.10497137 0.21576458 0.11759822 0.21794236 0.11962903 0.21838330 0.13225588 0.22056162 0.13428667 0.22092905 0.14480869 0.22310683 0.14683950 0.22354777 0.15946635 0.22572555 0.16149717 0.22616647 0.17412348 0.22834481 0.17615481 0.22871224 0.18667682 0.23089002 0.18870764 0.23133096 0.20133449 0.23350874 0.20336530 0.23394968 0.21599215 0.23612746 0.21802296 0.23656838 0.23064927 0.23874618 0.23268062 0.23911361 0.24320264 0.24129193 0.24523343 0.24173285 0.25785974 0.24391065 0.25989109 0.24435157 0.27251741 0.24652935 0.27454822 0.24697029 0.28717507 0.24914861 0.28920586 0.24951606 0.29972842 0.25169384 0.30175923 0.25213476 0.31438554 0.25431256 0.31641689 0.25475348 0.32904320 0.25693126 0.33107401 0.25729870 0.34159603 0.25947650 0.34362738 0.25991742 0.35625369 0.26209573 0.35828448 0.26216924 0.36038932 0.32319758 0.35825816 0.32755314 0.36231979 0.32784709 0.37073751 0.32581628 0.37291529 0.29845882 0.37387063 0.29882627 0.38439318 0.30100405 0.38642399 0.30137149 0.39694601 0.30354983 0.39897734 0.30391726 0.40949936 0.30609504 0.41153017 0.31043086 0.53569168 0.53906250 0.52770769 0.53906250 0.32515918 0.53672053 0.25809393 0.51357166 0.25890231 0.51139389 0.25687150 0.51190829 0.27160211 0.50987696 0.27378044 0.48251950 0.27473579 0.48034170 0.27270444 0.47823741 0.27277792 0.47904578 0.29592679 0.48122356 0.29795760 0.48129704 0.30006189 0.47926625 0.30224021 0.47716142 0.30231371 0.47498362 0.30028236 0.42026871 0.30219305 0.41809093 0.30016224 0.41801744 0.29805794 0.41583912 0.29602715 0.41547167 0.28550459 0.41329389 0.28347378 0.41285297 0.27084747 0.41067517 0.26881612 0.41030774 0.25829410 0.40812942 0.25626331 0.40768850 0.24363700 0.40551070 0.24160565 0.40514326 0.23108363 0.40296548 0.22905282 0.40252454 0.21642597 0.40034676 0.21439516 0.39997933 0.20387314 0.39780153 0.20184179 0.39736061 0.18921548 0.39518229 0.18718469 0.39474135 0.17455784 0.39256357 0.17252703 0.39219614 0.16200501 0.39001836 0.15997420 0.38965090 0.14945164 0.37281546 0.15003955 0.37063714 0.14800875 0.37034319 0.13959104 0.36816541 0.13756022 0.36772447 0.12493337 0.36554669 0.12290256 0.36510577 0.11027625 0.36292797 0.10824490 0.36248705 0.09561859 0.36030927 0.09358778 0.35994182 0.08306522 0.35776350 0.08103443 0.35732256 0.06840758 0.35514478 0.06637677 0.35470386 0.05375046 0.35252606 0.05171910 0.35215863 0.04119720 0.34998031 0.03916629 0.34953938 0.02653971 0.34736159 0.02450874 0.34684718 0.00977776 0.34466939 0.00774678 0.34439887 0.00000000 0.26482657 0.00000000
0 1.00000000 0.15525712 0.94739395 0.16097927 0.87614109 0.17839179 0.87697558 0.27020090 0.88635726 0.28143537 0.93827254 0.27285304 0.94546062 0.30179126 0.95075667 0.30542248 1.00000000 0.29799379 1.00000000 0.15525712
0 0.09525503 0.72861325 0.18700573 0.68590181 0.18309946 0.67833052 0.09135050 0.72104335 0.09525503 0.72861325
0 0.10114403 0.74073609 0.19289473 0.69802465 0.18898852 0.69045479 0.09723950 0.73316618 0.10114403 0.74073609
0 0.16255918 0.83575812 0.25430988 0.79304668 0.25040535 0.78547678 0.15865465 0.82818822 0.16255918 0.83575812
0 0.17972458 0.85984437 0.27147528 0.81713292 0.26757069 0.80956158 0.17582005 0.85227446 0.17972458 0.85984437
0 0.18561358 0.87196720 0.27736428 0.82925576 0.27345975 0.82168585 0.18170905 0.86439729 0.18561358 0.87196720
0 0.17030725 0.84936332 0.26205795 0.80665188 0.25815174 0.79908202 0.16640272 0.84179342 0.17030725 0.84936332
0 0.13825059 0.76883908 0.21588641 0.73269772 0.21198020 0.72512787 0.13434606 0.76126917 0.13825059 0.76883908
0 0.17084941 0.81859971 0.24848355 0.78245841 0.24457902 0.77488850 0.16694320 0.81102986 0.17084941 0.81859971
0 0.13056693 0.75676983 0.20820107 0.72062853 0.20429654 0.71305862 0.12666066 0.74919854 0.13056693 0.75676983
0 0.16310134 0.80499452 0.24073547 0.76885321 0.23683094 0.76128330 0.15919681 0.79742461 0.16310134 0.80499452
0 0.12294426 0.74623520 0.20057839 0.71009389 0.19667386 0.70252399 0.11903973 0.73866529 0.12294426 0.74623520
0 0.15547867 0.79445988 0.21720332 0.76494369 0.21329711 0.75737384 0.15157413 0.78688998 0.15547867 0.79445988
0 0.14773227 0.78085463 0.20945525 0.75133849 0.20555072 0.74376859 0.14382606 0.77328478 0.14773227 0.78085463
0 0.75064139 0.80093832 0.73698256 0.80602748 0.74042993 0.81666934 0.75567697 0.81306259 0.75064139 0.80093832
0 0.78706498 0.78736770 0.76583623 0.79579552 0.77087181 0.80791979 0.79210050 0.79949053 0.78706498 0.78736770
0 0.79220778 0.80256254 0.75123127 0.81783002 0.75473223 0.83000644 0.79724330 0.81468537 0.79220778 0.80256254
