0 0.67968750 0.47963836 0.65746370 0.48141135 0.66000913 0.50794183 0.65759576 0.51056452 0.61263218 0.51415167 0.60975604 0.51195097 0.60446585 0.51237302 0.60158970 0.51017232 0.59742446 0.46675874 0.59983783 0.46413605 0.59868084 0.45207696 0.59580463 0.44987565 0.56406552 0.45240776 0.56118938 0.45020706 0.56003239 0.43814797 0.52035833 0.44131313 0.51748218 0.43911243 0.50690180 0.43995652 0.50402560 0.43775521 0.50286861 0.42569612 0.48435396 0.42717320 0.48147781 0.42497250 0.48055221 0.41532511 0.48296558 0.41270242 0.46180617 0.41439049 0.45893003 0.41218979 0.46134334 0.40956649 0.46018635 0.39750740 0.45489684 0.39792939 0.45202069 0.39572869 0.44408575 0.39636173 0.44120960 0.39416104 0.44028394 0.38451303 0.43740712 0.38231238 0.40037849 0.38526649 0.40431230 0.42626775 0.43869616 0.42352464 0.44157237 0.42572596 0.44296074 0.44019674 0.45883064 0.43893066 0.46170678 0.44113136 0.46309522 0.45560276 0.47896511 0.45433667 0.48184126 0.45653737 0.48322969 0.47100877 0.51761356 0.46826566 0.52049038 0.47046630 0.52164737 0.48252539 0.53751659 0.48125936 0.54039279 0.48346068 0.54178117 0.49793146 0.56029582 0.49645438 0.56317197 0.49865508 0.56075865 0.50127838 0.57024608 0.60016401 0.67968750 0.59143289 0.67968750 0.47963836
0 0.84589433 0.24820909 0.84378346 0.21981295 0.81668773 0.22822910 0.81808911 0.26011181 0.82248063 0.25936838 0.84592875 0.25010376 0.84589433 0.24820909
0 0.89301274 0.39689806 0.87578913 0.26395368 0.86960918 0.26499986 0.83242751 0.28055469 0.84737745 0.38005796 0.85525062 0.37495913 0.85879950 0.39406913 0.84796335 0.39983870 0.85328408 0.43680219 0.89389575 0.41642728 0.89301274 0.39689806
0 0.01476420 0.78238477 0.01307631 0.79955981 0.01531156 0.81385155 0.03354568 0.81295917 0.03396338 0.80366736 0.03381014 0.78898688 0.03279114 0.78247159 0.01476420 0.78238477
0 0.05186381 0.84307261 0.04753559 0.81539875 0.00809777 0.81694122 0.00975976 0.84513318 0.05186381 0.84307261
0 0.11161929 0.80406455 0.36879523 0.80251550 0.37277320 0.80232082 0.37088562 0.79025194 0.11096269 0.79033722 0.11161929 0.80406455
0 0.60901718 0.79257371 0.61950283 0.79167948 0.61765708 0.77987810 0.38102538 0.79072476 0.38226291 0.80199772 0.60901718 0.79257371
0 0.38532250 0.84138863 0.50611879 0.84588784 0.62599742 0.84002098 0.62382789 0.82614943 0.38196131 0.81614884 0.38532250 0.84138863
0 0.10924399 0.81702844 0.11578584 0.84326710 0.11492711 0.84333179 0.11492721 0.84333238 0.36821935 0.83472782 0.37351505 0.83432910 0.36967120 0.80975221 0.10924399 0.81702844
0 0.80203870 1.00000000 0.79903386 0.89947392 0.79152473 0.89708223 0.72524351 0.90285345 0.72205133 0.90649347 0.72698415 1.00000000 0.80203870 1.00000000
