0 0.50000000 0.18177517 0.48681712 0.12500139 0.47142950 0.12706177 0.48024761 0.16503812 0.47866342 0.16675618 0.49596043 0.24124799 0.49437574 0.24296611 0.50000000 0.26718772 0.50000000 0.18177517
0 0.50000000 0.31843350 0.48826177 0.26788131 0.48984597 0.26616325 0.48509773 0.24571436 0.45816915 0.24932005 0.45590669 0.24811706 0.45115854 0.22766854 0.45274265 0.22595010 0.46428361 0.22440479 0.46654616 0.22560816 0.48001045 0.22380532 0.47017493 0.18144738 0.47175904 0.17972894 0.47074155 0.17534698 0.46497156 0.17611958 0.46270860 0.17491664 0.44347432 0.17749208 0.44121137 0.17628915 0.43646313 0.15584025 0.43804782 0.15412213 0.44574163 0.15309194 0.44800409 0.15429494 0.46339171 0.15223456 0.46169595 0.14493155 0.46328015 0.14321349 0.45988854 0.12860708 0.43103663 0.13247030 0.42877416 0.13126731 0.40761655 0.13410027 0.40535359 0.13289734 0.40365783 0.12559433 0.35172449 0.13254811 0.34946194 0.13134474 0.33407431 0.13340512 0.33610930 0.14216904 0.33452510 0.14388710 0.32298414 0.14543241 0.32467999 0.15273580 0.32309580 0.15445386 0.29809103 0.15780195 0.29978680 0.16510497 0.29820260 0.16682303 0.28666164 0.16836835 0.28835740 0.17567136 0.28677329 0.17738979 0.27330900 0.17919264 0.27466563 0.18503513 0.27308143 0.18675319 0.24615334 0.19035881 0.25191898 0.21518929 0.25033430 0.21690741 0.24071715 0.21819513 0.23913305 0.21991357 0.24829030 0.25935045 0.25055276 0.26055345 0.26016990 0.25926573 0.26243286 0.26046866 0.26345035 0.26485062 0.26186566 0.26656874 0.26423978 0.27679319 0.27770407 0.27499035 0.27996653 0.27619334 0.28132316 0.28203583 0.27973897 0.28375389 0.28177395 0.29251781 0.28403642 0.29372080 0.29557738 0.29217549 0.29783984 0.29337849 0.29953569 0.30068188 0.31107616 0.29913663 0.31333912 0.30033956 0.32113974 0.33393395 0.33268021 0.33238871 0.33494267 0.33359170 0.33799506 0.34673721 0.33641087 0.34845527 0.33878498 0.35867971 0.34104745 0.35988271 0.34297127 0.35962511 0.34455546 0.35790705 0.35032595 0.35713440 0.35258841 0.35833739 0.35428426 0.36564078 0.35620759 0.36538325 0.35847005 0.36658625 0.50000000 0.34763563 0.50000000 0.31843350
0 0.50000000 0.14952274 0.51218427 0.14789129 0.51048842 0.14058790 0.51207276 0.13886982 0.52938386 0.13655189 0.53096816 0.13483382 0.54827910 0.13251591 0.54420923 0.11498845 0.54194676 0.11378545 0.53041541 0.06412420 0.50000000 0.06819677 0.50000000 0.14952274
0 0.72812784 0.00000000 0.66234842 0.00880775 0.66268758 0.01026837 0.66110341 0.01198653 0.64186913 0.01456196 0.64356491 0.02186509 0.64198024 0.02358329 0.60543452 0.02847670 0.60679115 0.03431919 0.60520697 0.03603732 0.57250840 0.04041561 0.57420418 0.04771873 0.57262002 0.04943690 0.55530906 0.05175481 0.55632653 0.05613666 0.55315769 0.05957303 0.54546388 0.06060322 0.54320140 0.05940014 0.53743092 0.06017280 0.53584674 0.06189094 0.53686423 0.06627289 0.53912670 0.06747589 0.54997971 0.11421579 0.65961639 0.09953563 0.66187934 0.10073856 0.66459260 0.11242353 0.66685515 0.11362690 0.67454896 0.11259672 0.67907389 0.11500271 0.67975216 0.11792377 0.67816805 0.11964220 0.67918554 0.12402416 0.69649649 0.12170625 0.69480064 0.11440287 0.69638533 0.11268474 0.70215532 0.11191215 0.69989285 0.11070915 0.69887536 0.10632719 0.70045956 0.10460913 0.71200052 0.10306382 0.71358463 0.10134538 0.71935511 0.10057273 0.71765935 0.09326971 0.71924354 0.09155165 0.72501402 0.09077900 0.72659822 0.08906094 0.73236870 0.08828828 0.73135120 0.08390632 0.73293540 0.08218826 0.75217017 0.07961276 0.75047433 0.07230937 0.75205852 0.07059131 0.76552281 0.06878846 0.76382705 0.06148545 0.76541124 0.05976739 0.78464552 0.05719195 0.78294976 0.04988894 0.78453387 0.04817050 0.79992149 0.04611013 0.79822573 0.03880711 0.79981042 0.03708898 0.81712137 0.03477108 0.81870556 0.03305302 0.81768807 0.02867106 0.81927267 0.02695256 0.83273647 0.02514978 0.83137989 0.01930748 0.83296455 0.01758924 0.84835217 0.01552887 0.84993635 0.01381073 0.84672949 0.00000000 0.72812784 0.00000000
0 0.19662898 0.65054779 0.18830709 0.61235006 0.15690752 0.55124928 0.12269424 0.54617578 0.10296165 0.55124177 0.09943067 0.55821079 0.15001266 0.66511392 0.16874913 0.66339678 0.19662898 0.65054779
0 0.25436964 0.69907090 0.25943939 0.69183055 0.27790454 0.68857465 0.27899359 0.66775677 0.29564865 0.66323342 0.29890831 0.65472564 0.31773397 0.66251240 0.32669522 0.65934568 0.32814479 0.64957046 0.35973401 0.64876024 0.34924151 0.59825242 0.33983056 0.58087257 0.33059799 0.58250052 0.26488092 0.61471407 0.26695858 0.64449320 0.22731128 0.66259032 0.23690061 0.69897795 0.25436964 0.69907090
0 0.32227234 0.57127573 0.32065190 0.50809729 0.31802784 0.50221357 0.29956269 0.50546947 0.21058206 0.54971803 0.20577988 0.58547007 0.21202036 0.62086160 0.22894674 0.61787702 0.32227234 0.57127573
0 0.47921856 0.59754641 0.47912937 0.58804251 0.46356337 0.57174797 0.43315991 0.50729834 0.40953583 0.50829070 0.39188842 0.48918995 0.38419461 0.49054658 0.34608607 0.50837237 0.39186963 0.62405461 0.40245883 0.63012047 0.41323017 0.62822120 0.47921856 0.59754641
0 0.74776702 0.66153455 0.65359623 0.81721318 0.65361052 0.81728523 0.72149439 0.86428796 0.72249296 0.86407539 0.82489655 0.70909811 0.82451643 0.70694231 0.75451603 0.66034451 0.74776702 0.66153455
0 0.78469806 0.59244535 0.87114488 0.65405914 0.87888485 0.65269437 0.92170863 0.59228884 0.92001936 0.58270851 0.83365375 0.52618927 0.78469806 0.59244535
