0 0.32712724 0.65931373 0.32591940 0.65712350 0.32637408 0.65460450 0.32468966 0.65155006 0.32514446 0.64903042 0.32345949 0.64597584 0.32391417 0.64345684 0.32222986 0.64040176 0.32268454 0.63788276 0.32100012 0.63482833 0.32145480 0.63230932 0.31976983 0.62925475 0.28126378 0.61961645 0.27789505 0.61350694 0.27880452 0.60846829 0.27711955 0.60541372 0.27802892 0.60037571 0.27634449 0.59732127 0.27725397 0.59228262 0.27556955 0.58922819 0.27647902 0.58418954 0.27479405 0.58113496 0.27524873 0.57861596 0.27356431 0.57556153 0.27447379 0.57052288 0.27278936 0.56746844 0.27538327 0.56548422 0.27752237 0.56601966 0.28011670 0.56403622 0.30364848 0.56992637 0.30196351 0.56687180 0.30241819 0.56435280 0.30073377 0.56129836 0.30118856 0.55877871 0.29950414 0.55572428 0.29995882 0.55320527 0.29827397 0.55015006 0.29872865 0.54763105 0.29704423 0.54457662 0.29749891 0.54205762 0.29581448 0.53900318 0.29626928 0.53648353 0.29458486 0.53342910 0.29503954 0.53091010 0.29335523 0.52785502 0.29380991 0.52533602 0.29212494 0.52228144 0.29257962 0.51976244 0.29089520 0.51670801 0.29135000 0.51418836 0.28966557 0.51113392 0.29012025 0.50861492 0.28843540 0.50555970 0.28889008 0.50304070 0.28720566 0.49998627 0.28766034 0.49746726 0.28597591 0.49441283 0.28643071 0.49189318 0.28474629 0.48883875 0.28520097 0.48631975 0.28351666 0.48326467 0.28397134 0.48074566 0.28228637 0.47769109 0.28274105 0.47517209 0.28105663 0.47211765 0.27463877 0.47051123 0.27204499 0.47249480 0.25065286 0.46714022 0.24883402 0.47721687 0.24623969 0.47920031 0.22484756 0.47384573 0.22257404 0.48644139 0.21997971 0.48842483 0.20286579 0.48414111 0.20027189 0.48612533 0.19171493 0.48398346 0.18989609 0.49406012 0.18730230 0.49604370 0.16377052 0.49015355 0.16149700 0.50274921 0.15890310 0.50473342 0.10114348 0.49027584 0.09854970 0.49225941 0.09627618 0.50485507 0.09368239 0.50683864 0.07015061 0.50094850 0.06787709 0.51354416 0.06528320 0.51552838 0.03747266 0.50856723 0.03519914 0.52116289 0.03260536 0.52314646 0.01121312 0.51779185 0.00939428 0.52786851 0.00680022 0.52985269 0.00000000 0.52815055 0.00000000 0.59397491 0.26103560 0.65931373 0.32712724 0.65931373
0 0.50439541 0.65931373 0.54389374 0.44048659 0.52891892 0.43673830 0.52632514 0.43872187 0.52204638 0.43765087 0.52113691 0.44268952 0.51854312 0.44467309 0.51763364 0.44971175 0.51503986 0.45169532 0.51076111 0.45062432 0.50907668 0.44756989 0.49196276 0.44328617 0.49014392 0.45336283 0.48755014 0.45534640 0.48709546 0.45786540 0.48450156 0.45984962 0.43102014 0.44646289 0.42874662 0.45905855 0.43516448 0.46066498 0.43684890 0.46371942 0.43457538 0.47631508 0.43198160 0.47829865 0.36994377 0.46277020 0.36767013 0.47536651 0.36507580 0.47734994 0.35010153 0.47360179 0.34750720 0.47558523 0.33895078 0.47344350 0.34063521 0.47649794 0.34018041 0.47901759 0.34186483 0.48207202 0.34141015 0.48459102 0.34309446 0.48764610 0.34263978 0.49016511 0.34432420 0.49321954 0.34386952 0.49573854 0.34555449 0.49879312 0.34509970 0.50131276 0.34678412 0.50436720 0.34632944 0.50688620 0.34801375 0.50994128 0.34755907 0.51246028 0.34924404 0.51551485 0.34878935 0.51803386 0.35047378 0.52108829 0.35001898 0.52360794 0.35170340 0.52666237 0.35124872 0.52918138 0.35293303 0.53223646 0.35247835 0.53475546 0.35584774 0.54086447 0.35539306 0.54338347 0.35707737 0.54643855 0.35662269 0.54895755 0.35830711 0.55201199 0.35785231 0.55453163 0.35953729 0.55758620 0.35908260 0.56010521 0.36076703 0.56315964 0.36031235 0.56567864 0.36199665 0.56873372 0.36154197 0.57125273 0.39790892 0.58035560 0.40127820 0.58646525 0.40082352 0.58898425 0.40250794 0.59203868 0.40159858 0.59707669 0.40328288 0.60013177 0.40282821 0.60265077 0.40451318 0.60570535 0.40405838 0.60822499 0.40574280 0.61127943 0.40483344 0.61631744 0.40651786 0.61937187 0.40606307 0.62189152 0.40774749 0.62494595 0.40683801 0.62998460 0.40852244 0.63303904 0.40806775 0.63555804 0.40547397 0.63754161 0.37980309 0.63111603 0.37934841 0.63363504 0.38103326 0.63669025 0.38057858 0.63920926 0.38226300 0.64226369 0.38180821 0.64478334 0.38349263 0.64783777 0.38303795 0.65035678 0.38472237 0.65341121 0.38426769 0.65593021 0.38595200 0.65898529 0.38589272 0.65931373 0.50439541 0.65931373
0 0.00000000 0.41756501 0.01734111 0.42190559 0.01915995 0.41182894 0.02175390 0.40984540 0.03886793 0.41412915 0.04146172 0.41214558 0.04360082 0.41268101 0.04541977 0.40260370 0.04801411 0.40062027 0.07368444 0.40704571 0.07595796 0.39445005 0.07855229 0.39246661 0.10636228 0.39942763 0.10863580 0.38683196 0.10007884 0.38469010 0.09839453 0.38163502 0.09884921 0.37911602 0.09716424 0.37606145 0.09761904 0.37354180 0.09593461 0.37048737 0.09638929 0.36796836 0.09302045 0.36185950 0.09347525 0.35933985 0.09179082 0.35628541 0.09224550 0.35376641 0.09056065 0.35071119 0.09101533 0.34819219 0.08764648 0.34208332 0.08810116 0.33956432 0.08641631 0.33650910 0.08687099 0.33399010 0.08518657 0.33093567 0.08564136 0.32841602 0.08227252 0.32230715 0.08272720 0.31978814 0.08104278 0.31673371 0.08149757 0.31421406 0.07981260 0.31115949 0.08026728 0.30864049 0.07858298 0.30558541 0.07903766 0.30306641 0.07566826 0.29695740 0.07612294 0.29443840 0.07443864 0.29138332 0.07489332 0.28886431 0.07320889 0.28580988 0.07366369 0.28329023 0.07029484 0.27718136 0.07074953 0.27466236 0.06906456 0.27160779 0.06951935 0.26908814 0.06783493 0.26603371 0.06828961 0.26351471 0.06492033 0.25740505 0.06537501 0.25488605 0.06369070 0.25183164 0.06414538 0.24931264 0.06246096 0.24625753 0.06291565 0.24373853 0.06123111 0.24068407 0.06168591 0.23816442 0.05831673 0.23205547 0.05877142 0.22953647 0.05708688 0.22648201 0.05754168 0.22396236 0.05585715 0.22090790 0.05631183 0.21838889 0.05294277 0.21227930 0.05339745 0.20976029 0.05171292 0.20670583 0.05216760 0.20418683 0.05048318 0.20113172 0.05093786 0.19861272 0.04756881 0.19250312 0.04802349 0.18998412 0.04633895 0.18692966 0.04679363 0.18441066 0.04510910 0.18135620 0.04556390 0.17883655 0.04387931 0.17578207 0.04433399 0.17326307 0.04096499 0.16715349 0.04141967 0.16463448 0.03973514 0.16158002 0.04018982 0.15906102 0.03850535 0.15600590 0.03896003 0.15348689 0.03559102 0.14737731 0.03604570 0.14485831 0.03436117 0.14180385 0.03481585 0.13928484 0.03313126 0.13623037 0.03358606 0.13371072 0.03190150 0.13065625 0.03235618 0.12813725 0.03067174 0.12508214 0.00000000 0.29500853 0.00000000 0.41756501
0 0.05324908 0.00000000 0.05158832 0.00920089 0.05327288 0.01225535 0.05281808 0.01477500 0.05450264 0.01782947 0.05359328 0.02286748 0.05527787 0.02592195 0.05482307 0.02844160 0.05650760 0.03149606 0.05559813 0.03653471 0.05728266 0.03958918 0.05682798 0.04210818 0.05423409 0.04409172 0.04567713 0.04194987 0.03749229 0.08729515 0.03917685 0.09034962 0.03872217 0.09286862 0.04040662 0.09592374 0.03995194 0.09844274 0.04163652 0.10149721 0.04118184 0.10401622 0.04286638 0.10707068 0.04241158 0.10959033 0.04409611 0.11264479 0.04364143 0.11516379 0.04532590 0.11821891 0.04487122 0.12073792 0.04655581 0.12379239 0.04610113 0.12631139 0.04778566 0.12936585 0.04733086 0.13188550 0.04901540 0.13493997 0.04856072 0.13745897 0.07851013 0.14495549 0.08019455 0.14801060 0.08875151 0.15015246 0.09212090 0.15626146 0.09121154 0.16129947 0.09289585 0.16435455 0.09244117 0.16687355 0.09412559 0.16992799 0.09367080 0.17244764 0.09535522 0.17550207 0.09490054 0.17802107 0.09658496 0.18107551 0.09567548 0.18611416 0.09736046 0.18916873 0.09690577 0.19168773 0.09859008 0.19474281 0.09813540 0.19726181 0.09554162 0.19924539 0.08912376 0.19763896 0.08652997 0.19962253 0.07797301 0.19748067 0.07537868 0.19946411 0.07110048 0.19839325 0.07064568 0.20091289 0.07233021 0.20396735 0.07187553 0.20648636 0.07524470 0.21259598 0.07479002 0.21511498 0.07647444 0.21816942 0.07601976 0.22068842 0.07770407 0.22374350 0.07724939 0.22626250 0.07893436 0.22931708 0.07847956 0.23183672 0.08184840 0.23794559 0.08139373 0.24046460 0.08307815 0.24351903 0.08262335 0.24603868 0.08430777 0.24909311 0.08385309 0.25161212 0.08553795 0.25466733 0.08508327 0.25718633 0.08676769 0.26024077 0.08631301 0.26275977 0.08968229 0.26886942 0.08922761 0.27138843 0.09091203 0.27444286 0.09045723 0.27696251 0.09214166 0.28001694 0.09168697 0.28253595 0.09337140 0.28559038 0.09291672 0.28810938 0.09460102 0.29116446 0.09414634 0.29368346 0.09751562 0.29979312 0.09706094 0.30231212 0.09874536 0.30536655 0.09829068 0.30788556 0.09997565 0.31094013 0.09952086 0.31345978 0.11663478 0.31774350 0.11831920 0.32079793 0.14399009 0.32722351 0.14567451 0.33027794 0.14476503 0.33531659 0.14644945 0.33837103 0.14554009 0.34340904 0.14722495 0.34646425 0.14631558 0.35150226 0.14799989 0.35455734 0.14663585 0.36211435 0.14832027 0.36516878 0.14741080 0.37020743 0.14909522 0.37326187 0.14818574 0.37830052 0.14559196 0.38028409 0.12419983 0.37492951 0.12192631 0.38752517 0.16898932 0.39930533 0.17067363 0.40236041 0.18350935 0.40557327 0.18623766 0.39045796 0.18883144 0.38847439 0.21450233 0.39489997 0.21677596 0.38230366 0.21936975 0.38032009 0.24290153 0.38621024 0.24426557 0.37865323 0.24685947 0.37666901 0.24776883 0.37163100 0.25036328 0.36964692 0.26747720 0.37393064 0.27007098 0.37194707 0.27221009 0.37248250 0.27357413 0.36492549 0.27616803 0.36294127 0.28472499 0.36508313 0.28731932 0.36309970 0.33438233 0.37487986 0.33620117 0.36480320 0.33879496 0.36281963 0.35804853 0.36763891 0.36064231 0.36565534 0.36492052 0.36672620 0.36673947 0.35664890 0.36933326 0.35466533 0.39286504 0.36055547 0.39468388 0.35047882 0.39727821 0.34849538 0.40797427 0.35117267 0.41056806 0.34918910 0.45335286 0.35989840 0.45562638 0.34730274 0.45394207 0.34424766 0.45180297 0.34371223 0.44920852 0.34569631 0.44706942 0.34516088 0.44538511 0.34210580 0.44811331 0.32699113 0.45070709 0.32500756 0.48065619 0.33250400 0.48325063 0.33051992 0.48461479 0.32296227 0.48292982 0.31990769 0.47223376 0.31723040 0.47054933 0.31417597 0.47282285 0.30158031 0.46640499 0.29997388 0.46381121 0.30195745 0.46167211 0.30142202 0.45998768 0.29836759 0.46271600 0.28325228 0.42634850 0.27414927 0.42129480 0.26498518 0.42174948 0.26246618 0.42006506 0.25941175 0.42051974 0.25689274 0.41883532 0.25383831 0.41929012 0.25131866 0.41760569 0.24826423 0.41806037 0.24574522 0.41637607 0.24269015 0.41683075 0.24017114 0.41514578 0.23711657 0.41560046 0.23459757 0.41391603 0.23154313 0.41437083 0.22902349 0.41268641 0.22596905 0.41314109 0.22345005 0.41145624 0.22039483 0.41191091 0.21787583 0.41022649 0.21482139 0.41068117 0.21230239 0.40899675 0.20924796 0.40945155 0.20672831 0.40776712 0.20367388 0.40822180 0.20115487 0.40653750 0.19809979 0.40699218 0.19558079 0.40530721 0.19252622 0.40576189 0.19000721 0.40407746 0.18695278 0.40453226 0.18443313 0.40116287 0.17832413 0.40161767 0.17580448 0.39993324 0.17275004 0.40038792 0.17023104 0.39870350 0.16717661 0.39915818 0.16465760 0.39747387 0.16160253 0.39792856 0.15908352 0.39624413 0.15602909 0.39669893 0.15350944 0.39501396 0.15045487 0.39546864 0.14793586 0.39378421 0.14488143 0.39423890 0.14236243 0.39255459 0.13930735 0.39300927 0.13678834 0.39132430 0.13373377 0.39177910 0.13121412 0.39009467 0.12815969 0.39054935 0.12564069 0.38886493 0.12258625 0.38931961 0.12006725 0.38763530 0.11701217 0.38808999 0.11449317 0.38640556 0.11143873 0.38686036 0.10891909 0.38517539 0.10586451 0.38563007 0.10334551 0.38226122 0.09723664 0.38271602 0.09471699 0.38103105 0.09166242 0.38148573 0.08914342 0.37980142 0.08608834 0.38025608 0.08356947 0.37857168 0.08051490 0.37902638 0.07799577 0.37734200 0.07494114 0.37779671 0.07242195 0.37611231 0.06936738 0.37656702 0.06684825 0.37488208 0.06379349 0.37533679 0.06127429 0.37365240 0.05821973 0.37410710 0.05570059 0.37242271 0.05264597 0.37287743 0.05012677 0.37119248 0.04707207 0.37164718 0.04455294 0.36996280 0.04149831 0.37041751 0.03897911 0.36873311 0.03592455 0.36918782 0.03340542 0.36750343 0.03035079 0.36795814 0.02783159 0.36627374 0.02477703 0.36672845 0.02225790 0.36504351 0.01920313 0.36549822 0.01668397 0.36381383 0.01362937 0.30936302 0.00000000 0.05324908 0.00000000
0 0.63055380 0.19671523 0.59120989 0.20641423 0.59306519 0.22397613 0.63197350 0.21446129 0.63055380 0.19671523
0 0.62753536 0.16863791 0.58909532 0.17757150 0.58936378 0.19595680 0.62859919 0.18307366 0.62753536 0.16863791
0 0.00000000 0.96623757 0.04463489 0.97201066 0.04982313 0.96996046 0.05027781 0.96865882 0.05546549 0.96660855 0.05592017 0.96530691 0.06370207 0.96223207 0.06415687 0.96093010 0.06934498 0.95888023 0.06979978 0.95757825 0.07758113 0.95450335 0.07803581 0.95320171 0.08322405 0.95115151 0.08367873 0.94984987 0.08886641 0.94779960 0.08458820 0.94724625 0.08290323 0.94566787 0.08076413 0.94539119 0.07907971 0.94381288 0.07694060 0.94353621 0.07525618 0.94195789 0.07311653 0.94168115 0.07143222 0.94010250 0.07402600 0.93907754 0.07448069 0.93777589 0.07707513 0.93675066 0.07752981 0.93544902 0.08012360 0.93442405 0.08057828 0.93312241 0.08317206 0.93209744 0.08362686 0.93079547 0.08622064 0.92977050 0.08667532 0.92846886 0.08926922 0.92744356 0.08972391 0.92614192 0.09231824 0.92511702 0.09322760 0.92251374 0.09582150 0.92148843 0.09627618 0.92018679 0.09886996 0.91916182 0.09932476 0.91785985 0.10191909 0.91683495 0.10237377 0.91553331 0.10496755 0.91450834 0.10542223 0.91320670 0.10801614 0.91218140 0.10847081 0.91087976 0.11106460 0.90985479 0.11197408 0.90725117 0.09699926 0.90531432 0.09531483 0.90373601 0.07820091 0.90152249 0.07651649 0.89994418 0.06154167 0.89800733 0.05985725 0.89642901 0.05557904 0.89587567 0.04520281 0.89997540 0.04474801 0.90127738 0.03696655 0.90435262 0.03651186 0.90565426 0.02872997 0.90872909 0.02827517 0.91003107 0.02049326 0.91310625 0.02003858 0.91440789 0.01225685 0.91748275 0.01180205 0.91878472 0.00402020 0.92185991 0.00356552 0.92316155 0.00000000 0.92457052 0.00000000 0.96623757
0 0.55988024 0.69883804 0.55789568 0.69962225 0.55744096 0.70092399 0.55225335 0.70297406 0.55179863 0.70427580 0.54401665 0.70735087 0.54356194 0.70865261 0.53837376 0.71070264 0.53791906 0.71200435 0.53013761 0.71507952 0.52968291 0.71638123 0.52449472 0.71843130 0.52404002 0.71973301 0.51625800 0.72280817 0.51580332 0.72410982 0.50802186 0.72718505 0.50756718 0.72848670 0.50237906 0.73053656 0.50192426 0.73183854 0.49414225 0.73491371 0.49368757 0.73621535 0.48850000 0.73826529 0.48804532 0.73956693 0.48026330 0.74264209 0.47980851 0.74394407 0.47462039 0.74599394 0.47416571 0.74729558 0.46638424 0.75037082 0.46592956 0.75167246 0.46074133 0.75372266 0.46028665 0.75502430 0.45250464 0.75809947 0.45204995 0.75940111 0.44426849 0.76247635 0.44381381 0.76377799 0.43862569 0.76582786 0.43817089 0.76712983 0.43038888 0.77020500 0.42993420 0.77150664 0.42474663 0.77355658 0.42429195 0.77485822 0.41650994 0.77793339 0.41605514 0.77923536 0.41086757 0.78128530 0.41041289 0.78258694 0.40263087 0.78566211 0.40217619 0.78696375 0.39698851 0.78901402 0.39653383 0.79031566 0.38875181 0.79339083 0.38829713 0.79469247 0.38051512 0.79776764 0.38006044 0.79906928 0.37487287 0.80111922 0.37441807 0.80242120 0.36663606 0.80549636 0.36618138 0.80679800 0.36099326 0.80884787 0.36053858 0.81014951 0.35275711 0.81322475 0.35230232 0.81452673 0.34711420 0.81657659 0.34665952 0.81787824 0.33887751 0.82095340 0.33842282 0.82225504 0.33323514 0.82430531 0.33278046 0.82560696 0.32499844 0.82868212 0.32454376 0.82998377 0.31935553 0.83203397 0.31890085 0.83333561 0.31111950 0.83641051 0.31280381 0.83798916 0.31922167 0.83881925 0.32090609 0.84039756 0.32732395 0.84122765 0.32900837 0.84280596 0.33114747 0.84308264 0.33160215 0.84178099 0.33679038 0.83973079 0.33724506 0.83842915 0.34502696 0.83535432 0.34548176 0.83405234 0.35326323 0.83097710 0.35371791 0.82967546 0.35890602 0.82762560 0.35936070 0.82632396 0.36714272 0.82324879 0.36759752 0.82194681 0.37278508 0.81989687 0.37323976 0.81859523 0.37842745 0.81654496 0.37888213 0.81524332 0.38666415 0.81216815 0.38711882 0.81086651 0.39230694 0.80881664 0.39276174 0.80751467 0.40054320 0.80443943 0.40099789 0.80313779 0.40618600 0.80108792 0.40664068 0.79978628 0.41442270 0.79671111 0.41487750 0.79540914 0.42006506 0.79335920 0.42051974 0.79205756 0.42830176 0.78898239 0.42875644 0.78768075 0.43394467 0.78563055 0.43439935 0.78432891 0.44218082 0.78125367 0.44263550 0.77995203 0.44782373 0.77790183 0.44827841 0.77660019 0.45346598 0.77455025 0.45392066 0.77324861 0.46170267 0.77017344 0.46215747 0.76887146 0.46734504 0.76682153 0.46779972 0.76551989 0.47558174 0.76244472 0.47603642 0.76114308 0.48122465 0.75909288 0.48167933 0.75779124 0.48946079 0.75471600 0.48991548 0.75341435 0.49510371 0.75136415 0.49555839 0.75006251 0.50334029 0.74698768 0.50379509 0.74568570 0.50898265 0.74363577 0.50943745 0.74233379 0.51721935 0.73925896 0.51767403 0.73795732 0.52286226 0.73590711 0.52331694 0.73460547 0.52850463 0.73255520 0.52895930 0.73125356 0.53674132 0.72817839 0.53719600 0.72687675 0.54238368 0.72482648 0.54283834 0.72352491 0.55062032 0.72044984 0.55107504 0.71914810 0.55626265 0.71709803 0.55671737 0.71579629 0.55988024 0.71454647 0.55988024 0.69883804
0 0.41488725 0.68656763 0.40969908 0.68861767 0.40924438 0.68991938 0.40146238 0.69299448 0.40100768 0.69429619 0.39582004 0.69634632 0.39536534 0.69764803 0.39017716 0.69969806 0.38972245 0.70099981 0.38194053 0.70407471 0.38148573 0.70537668 0.37629816 0.70742662 0.37584337 0.70872859 0.36806147 0.71180343 0.36760679 0.71310507 0.36241910 0.71515534 0.36196442 0.71645698 0.35418240 0.71953215 0.35372773 0.72083379 0.34854004 0.72288406 0.34808536 0.72418571 0.34030335 0.72726087 0.33984866 0.72856251 0.33466055 0.73061238 0.33420575 0.73191436 0.32901819 0.73396429 0.32856339 0.73526627 0.32078149 0.73834110 0.32032681 0.73964275 0.31254479 0.74271791 0.31209000 0.74401989 0.30690243 0.74606982 0.30644775 0.74737147 0.30125951 0.74942167 0.30080484 0.75072331 0.29302282 0.75379848 0.29256814 0.75510012 0.28738057 0.75715005 0.28692578 0.75845203 0.27914376 0.76152720 0.27868908 0.76282884 0.27350151 0.76487878 0.27304683 0.76618042 0.26785860 0.76823062 0.26740392 0.76953226 0.25962245 0.77260750 0.25916777 0.77390914 0.25397954 0.77595934 0.25352486 0.77726098 0.24574284 0.78033615 0.24528816 0.78163779 0.24010059 0.78368773 0.23964580 0.78498970 0.23186378 0.78806487 0.23140910 0.78936651 0.22622099 0.79141638 0.22576631 0.79271802 0.21798484 0.79579326 0.21753004 0.79709523 0.21234192 0.79914510 0.21188725 0.80044674 0.20410523 0.80352191 0.20365055 0.80482355 0.19846287 0.80687382 0.19800818 0.80817546 0.19282062 0.81022540 0.19236582 0.81152738 0.18458380 0.81460254 0.18412912 0.81590419 0.17634722 0.81897902 0.17589243 0.82028100 0.17070486 0.82233093 0.17025006 0.82363291 0.16246817 0.82670774 0.16201348 0.82800938 0.15682525 0.83005958 0.15637057 0.83136123 0.14858910 0.83443646 0.14813442 0.83573811 0.14294619 0.83778831 0.14249151 0.83908995 0.13470950 0.84216512 0.13425482 0.84346676 0.14604664 0.85451576 0.14818574 0.85479243 0.15492386 0.86110609 0.16561993 0.86248952 0.16821438 0.86146429 0.18960650 0.86423116 0.19738841 0.86115632 0.19784308 0.85985468 0.20562510 0.85677951 0.20607990 0.85547754 0.21386180 0.85240270 0.21431648 0.85110106 0.21950416 0.84905079 0.26014986 0.85430792 0.26533755 0.85225765 0.26579223 0.85095601 0.27098034 0.84890614 0.27143502 0.84760450 0.28181094 0.84350403 0.28226562 0.84220239 0.29004752 0.83912755 0.29050232 0.83782558 0.29828378 0.83475034 0.29873846 0.83344870 0.30911427 0.82934856 0.30956894 0.82804692 0.31735096 0.82497175 0.31780564 0.82367011 0.32558766 0.82059494 0.32604234 0.81929330 0.33382435 0.81621813 0.33427903 0.81491649 0.33946660 0.81286655 0.33992140 0.81156458 0.34770341 0.80848941 0.34815809 0.80718777 0.35334566 0.80513783 0.35380034 0.80383619 0.36158236 0.80076102 0.36203715 0.79945904 0.36722472 0.79740911 0.36767940 0.79610747 0.37546142 0.79303230 0.37591610 0.79173066 0.38110433 0.78968046 0.38155901 0.78837881 0.38934048 0.78530358 0.38979516 0.78400193 0.39498339 0.78195173 0.39543807 0.78065009 0.40321997 0.77757526 0.40367477 0.77627328 0.40886233 0.77422335 0.40931713 0.77292137 0.41709903 0.76984654 0.41755371 0.76854489 0.42274194 0.76649469 0.42319662 0.76519305 0.43097809 0.76211781 0.43143277 0.76081617 0.43662100 0.75876597 0.43707568 0.75746433 0.44485770 0.75438916 0.44531238 0.75308752 0.45049995 0.75103758 0.45095475 0.74973561 0.45873676 0.74666044 0.45919144 0.74535880 0.46437901 0.74330886 0.46483369 0.74200722 0.47261570 0.73893205 0.47307050 0.73763008 0.47825807 0.73558014 0.47871275 0.73427850 0.48649476 0.73120333 0.48694945 0.72990169 0.49213768 0.72785149 0.49259236 0.72654985 0.50037383 0.72347461 0.50082850 0.72217297 0.50601674 0.72012277 0.50647139 0.71882119 0.51425337 0.71574612 0.51470809 0.71444438 0.52248952 0.71136924 0.52294424 0.71006750 0.52813240 0.70801750 0.52858712 0.70671576 0.53636910 0.70364069 0.53682381 0.70233895 0.54201144 0.70028885 0.54246614 0.69898714 0.55024813 0.69591204 0.55070284 0.69461033 0.55589102 0.69256028 0.55634573 0.69125855 0.43440862 0.67548717 0.42922099 0.67753727 0.42876628 0.67883901 0.42357812 0.68088901 0.42312340 0.68219075 0.41534197 0.68526589 0.41488725 0.68656763
0 0.25224331 0.65931373 0.25198418 0.66005555 0.24420275 0.66313069 0.24374803 0.66443243 0.23855986 0.66648246 0.23810515 0.66778417 0.23032316 0.67085927 0.22986846 0.67216098 0.22468082 0.67421112 0.22422612 0.67551283 0.21644412 0.67858793 0.21598942 0.67988964 0.20820740 0.68296480 0.20775272 0.68426645 0.20256504 0.68631671 0.20211036 0.68761836 0.19432846 0.69069319 0.19387366 0.69199517 0.18868555 0.69404503 0.18823075 0.69534701 0.18044940 0.69842192 0.17999472 0.69972356 0.17480649 0.70177376 0.17435181 0.70307540 0.16656979 0.70615057 0.16611511 0.70745221 0.16092743 0.70950248 0.16047275 0.71080412 0.15269073 0.71387929 0.15223605 0.71518093 0.14704848 0.71723087 0.14659369 0.71853284 0.13881167 0.72160801 0.13835699 0.72290965 0.13316942 0.72495959 0.13271474 0.72626123 0.12493273 0.72933640 0.12447793 0.73063837 0.11928981 0.73268824 0.11883513 0.73398988 0.11105366 0.73706512 0.11059899 0.73836676 0.10281697 0.74144193 0.10236229 0.74274357 0.09717406 0.74479377 0.09671938 0.74609541 0.08893791 0.74917065 0.08848323 0.75047229 0.08329511 0.75252216 0.08284032 0.75382413 0.07505841 0.75689932 0.07460373 0.75820096 0.06941594 0.76025087 0.06896126 0.76155251 0.06117936 0.76462769 0.06072456 0.76592967 0.05553672 0.76797957 0.05508204 0.76928121 0.04730019 0.77235640 0.04684551 0.77365804 0.04165749 0.77570827 0.04120281 0.77700991 0.03342096 0.78008510 0.03296628 0.78138674 0.02777832 0.78343698 0.02732364 0.78473862 0.01954185 0.78781347 0.01908706 0.78911544 0.01130520 0.79219063 0.01085052 0.79349227 0.00566268 0.79554217 0.00000000 0.81175308 0.00000000 0.83817330 0.00745073 0.83522927 0.00790552 0.83392729 0.01309331 0.83187738 0.01354811 0.83057541 0.02132990 0.82750056 0.02178458 0.82619892 0.02697254 0.82414868 0.02924605 0.81764014 0.02068909 0.81653338 0.01900451 0.81495505 0.02678641 0.81187987 0.02724121 0.81057789 0.03242905 0.80852799 0.03288373 0.80722635 0.04066558 0.80415116 0.04112026 0.80284952 0.04630828 0.80079929 0.04676296 0.79949765 0.05454481 0.79642246 0.05499949 0.79512082 0.06278134 0.79204563 0.06323602 0.79074399 0.06842402 0.78869411 0.06887882 0.78739213 0.07666084 0.78431696 0.07711552 0.78301532 0.08230309 0.78096538 0.08275777 0.77966374 0.09053978 0.77658857 0.09099458 0.77528660 0.09618215 0.77323666 0.09663683 0.77193502 0.10182506 0.76988482 0.10227974 0.76858318 0.11006121 0.76550794 0.11051589 0.76420630 0.11570400 0.76215643 0.11615880 0.76085446 0.12394082 0.75777929 0.12439550 0.75647765 0.12958306 0.75442771 0.13003774 0.75312607 0.13781976 0.75005090 0.13827456 0.74874893 0.14346267 0.74669906 0.14391735 0.74539742 0.15169882 0.74232218 0.15215350 0.74102054 0.15734173 0.73897034 0.15779641 0.73766870 0.16298398 0.73561876 0.16343878 0.73431678 0.17122079 0.73124161 0.17167547 0.72993997 0.17686304 0.72789004 0.17731772 0.72658839 0.18509974 0.72351323 0.18555453 0.72221125 0.19074265 0.72016139 0.19119733 0.71885974 0.19897880 0.71578450 0.19943348 0.71448286 0.20462171 0.71243266 0.20507639 0.71113102 0.21285841 0.70805585 0.21331309 0.70675421 0.21850077 0.70470394 0.23775380 0.70719413 0.24294191 0.70514427 0.24339659 0.70384263 0.24858482 0.70179243 0.24903950 0.70049079 0.25682097 0.69741555 0.25727565 0.69611391 0.26246377 0.69406404 0.26291856 0.69276206 0.27070058 0.68968689 0.27115524 0.68838532 0.27893667 0.68531018 0.27939138 0.68400844 0.28457955 0.68195844 0.28503426 0.68065670 0.29281624 0.67758163 0.29327096 0.67627989 0.29845859 0.67422978 0.29891329 0.67292808 0.30669528 0.66985297 0.30714998 0.66855127 0.31233762 0.66650113 0.31279232 0.66519942 0.32057431 0.66212433 0.32102902 0.66082261 0.30936301 0.65931373 0.25224331 0.65931373
0 0.18003626 0.65931373 0.17561261 0.66106192 0.17515789 0.66236366 0.16737591 0.66543873 0.16692119 0.66674047 0.15913921 0.66981554 0.15868450 0.67111728 0.15349688 0.67316735 0.15304223 0.67446892 0.14526021 0.67754409 0.14480542 0.67884607 0.13961730 0.68089593 0.13916262 0.68219757 0.13138115 0.68527281 0.13092647 0.68657446 0.12573824 0.68862465 0.12528356 0.68992630 0.11750154 0.69300146 0.11704686 0.69430311 0.10926539 0.69737834 0.10881071 0.69867999 0.10362260 0.70072985 0.10316780 0.70203183 0.09538579 0.70510700 0.09493111 0.70640864 0.08974354 0.70845858 0.08928886 0.70976022 0.08150695 0.71283540 0.08105215 0.71413737 0.07327042 0.71721223 0.07281574 0.71851387 0.06762778 0.72056411 0.06717310 0.72186575 0.05939119 0.72494093 0.05893651 0.72624257 0.05374861 0.72829281 0.05329393 0.72959446 0.04551202 0.73266964 0.04505734 0.73397128 0.03727544 0.73704646 0.03682076 0.73834810 0.03163286 0.74039835 0.03117817 0.74169999 0.02339638 0.74477484 0.01020972 0.78252510 0.01280364 0.78150014 0.01325844 0.78019817 0.02104032 0.77712298 0.02149500 0.77582134 0.02668284 0.77377144 0.02713752 0.77246980 0.03491937 0.76939461 0.03537417 0.76809264 0.04315596 0.76501779 0.04361064 0.76371614 0.04879860 0.76166591 0.04925327 0.76036427 0.05703513 0.75728908 0.05748981 0.75598744 0.06267782 0.75393721 0.06313250 0.75263557 0.07091435 0.74956038 0.07136903 0.74825874 0.07655687 0.74620883 0.07701167 0.74490686 0.08479369 0.74183169 0.08524837 0.74053005 0.09043593 0.73848011 0.09089061 0.73717847 0.09867263 0.73410330 0.09912743 0.73280133 0.10431499 0.73075139 0.10476967 0.72944975 0.11255169 0.72637458 0.11300637 0.72507294 0.11819460 0.72302274 0.11864928 0.72172110 0.12643075 0.71864586 0.12688543 0.71734422 0.13207366 0.71529402 0.13252834 0.71399238 0.14031024 0.71091754 0.14076504 0.70961557 0.14595261 0.70756563 0.14640740 0.70626365 0.15418930 0.70318882 0.15464398 0.70188718 0.15983222 0.69983698 0.16028690 0.69853534 0.16806836 0.69546010 0.16852304 0.69415846 0.17630506 0.69108329 0.17675974 0.68978165 0.18194797 0.68773145 0.18240265 0.68642980 0.19018412 0.68335457 0.19063880 0.68205292 0.19582703 0.68000272 0.19628169 0.67870115 0.20406367 0.67562608 0.20451839 0.67432434 0.20970600 0.67227427 0.21016071 0.67097253 0.21794270 0.66789746 0.21839741 0.66659572 0.22358504 0.66454561 0.22403974 0.66324391 0.23182173 0.66016880 0.23212042 0.65931373 0.18003626 0.65931373
0 0.74413308 0.76964266 0.73506162 0.77000368 0.71596571 0.76903206 0.71724177 0.80138171 0.72038309 0.80189856 0.74351584 0.80356431 0.74652911 0.79259078 0.74413308 0.76964266
0 0.91041214 0.87425810 0.90646371 0.84610764 0.82267566 0.84832965 0.81904122 0.83655349 0.76702783 0.84040792 0.77608974 0.88779853 0.78007660 0.88845451 0.90770513 0.88411632 0.91041214 0.87425810
