0 0.28986437 0.12762540 0.28948275 0.13552667 0.28786717 0.13661593 0.28754007 0.14338824 0.28592448 0.14447779 0.28559738 0.15125011 0.28398180 0.15233936 0.28365469 0.15911197 0.28203871 0.16020122 0.28171162 0.16697353 0.28009602 0.16806308 0.27976893 0.17483539 0.27815335 0.17592465 0.27777172 0.18382593 0.27615574 0.18491517 0.27582863 0.19168778 0.27421305 0.19277704 0.27388594 0.19954964 0.27227036 0.20063890 0.27383143 0.20067831 0.27533798 0.20184640 0.27528347 0.20297507 0.27366787 0.20406461 0.27339529 0.20970826 0.29212929 0.21018126 0.29363625 0.21134935 0.29675838 0.21142818 0.29826493 0.21259627 0.29793782 0.21936887 0.31511076 0.21980246 0.31661731 0.22097054 0.37281932 0.22238954 0.37832555 0.10838653 0.37520342 0.10830770 0.37369687 0.10713962 0.29563832 0.10516878 0.29536574 0.11081243 0.29375016 0.11190168 0.29342305 0.11867429 0.29180707 0.11976353 0.29147996 0.12653614 0.28986437 0.12762540
0 0.22790835 0.11589012 0.22758125 0.12266243 0.22596567 0.12375169 0.22558405 0.13165296 0.22396847 0.13274222 0.22364136 0.13951483 0.22202578 0.14060408 0.22169868 0.14737640 0.22008269 0.14846593 0.21975559 0.15523825 0.21814001 0.15632751 0.21775839 0.16422878 0.21614281 0.16531804 0.21581570 0.17209065 0.21419972 0.17317989 0.21888332 0.17329814 0.22039027 0.17446624 0.22022671 0.17785254 0.21861072 0.17894208 0.21822911 0.18684307 0.21661352 0.18793261 0.21628642 0.19470493 0.21467084 0.19579418 0.21434373 0.20256679 0.21272775 0.20365604 0.21240065 0.21042835 0.22332892 0.21070427 0.22483546 0.21187264 0.25293667 0.21258215 0.25455226 0.21149260 0.25493387 0.20359162 0.25654986 0.20250208 0.25693147 0.19460109 0.25854707 0.19351155 0.25898321 0.18448160 0.26059879 0.18339234 0.26098041 0.17549107 0.26259599 0.17440181 0.26297761 0.16650053 0.26459320 0.16541128 0.26497482 0.15751000 0.26659080 0.15642075 0.26697242 0.14851948 0.26858800 0.14743022 0.26896963 0.13952894 0.27058521 0.13843969 0.27096683 0.13053841 0.27258281 0.12944916 0.27296443 0.12154789 0.27458001 0.12045863 0.27496164 0.11255736 0.27657722 0.11146810 0.27679529 0.10695313 0.27523422 0.10691371 0.27372767 0.10574563 0.27410929 0.09784435 0.25693635 0.09741076 0.25542940 0.09624267 0.23357326 0.09569084 0.23346422 0.09794847 0.23184864 0.09903773 0.23146702 0.10693901 0.22985104 0.10802825 0.22952394 0.11480057 0.22790835 0.11589012
0 0.89831522 0.19084944 0.89823341 0.19197811 0.89580846 0.19306736 0.89112335 0.19298853 0.89087792 0.19637484 0.92601802 0.19696608 0.92844300 0.19587654 0.94952718 0.19623129 0.95195154 0.19514203 0.95203334 0.19401336 0.95445830 0.19292411 0.95680085 0.19296353 0.95704629 0.18957722 0.93830466 0.18926189 0.93588030 0.19035115 0.93361895 0.18918305 0.93386438 0.18579675 0.93152183 0.18575734 0.92909747 0.18684659 0.90801269 0.18649184 0.90558831 0.18758138 0.90542470 0.18983873 0.90300033 0.19092827 0.89831522 0.19084944
0 0.98701044 0.19686195 0.98943479 0.19577270 0.99412050 0.19585153 0.99485678 0.18569292 0.98548596 0.18553525 0.98540416 0.18666392 0.98297920 0.18775317 0.97126583 0.18755609 0.97069317 0.19545736 0.98474969 0.19569387 0.98701044 0.19686195
0 0.89502028 0.17158175 0.90673365 0.17177883 0.90915801 0.17068957 0.93961360 0.17120200 0.94203796 0.17011274 0.95609448 0.17034925 0.95625811 0.16809161 0.95399676 0.16692352 0.95407856 0.16579485 0.92362357 0.16528243 0.92119921 0.16637169 0.90480014 0.16609577 0.90237578 0.16718503 0.89769007 0.16710619 0.89526571 0.16819545 0.89502028 0.17158175
0 0.89747454 0.13771959 0.89739274 0.13884827 0.89965349 0.14001635 0.89957168 0.14114502 0.91128505 0.14134210 0.91354638 0.14251049 0.91338277 0.14476783 0.90853344 0.14694662 0.90619088 0.14690721 0.91556170 0.14706487 0.91798605 0.14597562 0.93438513 0.14625154 0.93463056 0.14286523 0.93236983 0.14169686 0.93479419 0.14060760 0.95119326 0.14088352 0.95152050 0.13636855 0.94917735 0.13632912 0.94691660 0.13516104 0.94457404 0.13512162 0.94214969 0.13621088 0.90935154 0.13565904 0.90692716 0.13674859 0.90458460 0.13670917 0.90216025 0.13779843 0.89747454 0.13771959
0 0.90872697 0.11191609 0.90169871 0.11179784 0.90161690 0.11292651 0.90387825 0.11409460 0.90145328 0.11518414 0.89676817 0.11510531 0.89644093 0.11962029 0.89886529 0.11853103 0.91057866 0.11872811 0.91283941 0.11989620 0.91243037 0.12553984 0.93117199 0.12585517 0.93149923 0.12134020 0.93392419 0.12025095 0.94798011 0.12048745 0.94855278 0.11258617 0.94629203 0.11141808 0.94394947 0.11137867 0.94168872 0.11021059 0.93934557 0.11017116 0.93692121 0.11126042 0.93683941 0.11238909 0.93441505 0.11347835 0.92989295 0.11114217 0.91115132 0.11082683 0.90872697 0.11191609
0 0.89856798 0.09027281 0.90325308 0.09035164 0.90551441 0.09152003 0.91254207 0.09163827 0.91480282 0.09280635 0.91472102 0.09393502 0.91698237 0.09510312 0.91681874 0.09736075 0.92384700 0.09747900 0.92627138 0.09638946 0.92861393 0.09642887 0.92635318 0.09526079 0.92659859 0.09187477 0.92902297 0.09078523 0.93136553 0.09082464 0.93362625 0.09199302 0.94534022 0.09219011 0.94583109 0.08541750 0.91069038 0.08482625 0.90826602 0.08591551 0.90592347 0.08587609 0.90575984 0.08813372 0.90333489 0.08922297 0.89864978 0.08914414 0.89856798 0.09027281
0 0.37366211 0.43358429 0.37365761 0.41519987 0.29479014 0.41285683 0.29424910 0.42935706 0.37366211 0.43358429
0 0.37464670 0.39046629 0.37426143 0.37203836 0.29471492 0.36655020 0.29473267 0.38144902 0.37464670 0.39046629
0 0.60635828 0.87547980 0.61839904 0.86486384 0.61985672 0.85519935 0.60411227 0.83231997 0.60096635 0.81968653 0.61793794 0.80093901 0.59912938 0.76265106 0.58305769 0.75087219 0.54333957 0.78534983 0.54284871 0.80200059 0.58677254 0.86355556 0.59815882 0.87514062 0.60635828 0.87547980
0 0.54293425 0.67974964 0.56009549 0.69435209 0.58017208 0.68962557 0.64900665 0.78138538 0.67280183 0.76986640 0.67526724 0.76580062 0.66747683 0.75158580 0.59759362 0.65561485 0.54939343 0.57999043 0.53449310 0.56826001 0.48661642 0.60101091 0.48043242 0.61186914 0.50203363 0.63499080 0.52782940 0.67495704 0.54293425 0.67974964
