0 0.27216946 0.00000000 0.27511005 0.03221771 0.30506612 0.02398448 0.30689238 0.02628709 0.31213641 0.08374179 0.31080962 0.08691157 0.31255759 0.10606272 0.31123081 0.10923250 0.30940449 0.10692933 0.28260153 0.11429595 0.29583657 0.25930199 0.32421609 0.25150206 0.32604234 0.25380454 0.33328412 0.33314700 0.33195733 0.33631678 0.31461407 0.34108347 0.31278775 0.33878030 0.30332805 0.34138024 0.30200086 0.34455013 0.30549687 0.38285312 0.30732352 0.38515548 0.31731220 0.49459361 0.34569172 0.48679368 0.34751803 0.48909685 0.35426034 0.56296706 0.35293349 0.56613614 0.33559023 0.57090283 0.33376398 0.56860035 0.32430428 0.57120029 0.32297702 0.57436949 0.33221660 0.67560028 0.40865385 0.65459199 0.40865385 0.34436857 0.37722250 0.00000000 0.27216946 0.00000000
0 0.19297524 0.00000000 0.19635555 0.03703536 0.19502872 0.04020466 0.16664880 0.04800469 0.17164315 0.10272389 0.17031631 0.10589298 0.17181457 0.12230835 0.17048779 0.12547813 0.15314453 0.13024481 0.15131821 0.12794164 0.14343506 0.13010827 0.14418423 0.13831631 0.14285744 0.14148609 0.14885065 0.20714897 0.14752339 0.21031816 0.12072043 0.21768478 0.12746274 0.29155499 0.12613595 0.29472477 0.09775604 0.30252481 0.10225091 0.35177162 0.10092413 0.35494140 0.10417043 0.39050862 0.10284358 0.39367770 0.07604062 0.40104432 0.07903722 0.43387576 0.07770997 0.43704495 0.07995740 0.46166836 0.07863062 0.46483814 0.07074746 0.46700477 0.06892115 0.46470160 0.04842447 0.47033498 0.05516684 0.54420589 0.05383998 0.54737569 0.02546026 0.55517568 0.03120370 0.61810207 0.02987679 0.62127189 0.02199356 0.62343855 0.02981525 0.70913462 0.21020415 0.70913462 0.31487334 0.68036696 0.31287560 0.65847934 0.28134299 0.66714587 0.27951633 0.66484351 0.27602026 0.62653982 0.27734752 0.62337062 0.27510008 0.59874722 0.27642687 0.59557744 0.30638293 0.58734420 0.29764282 0.49158567 0.29133662 0.49331889 0.28950997 0.49101653 0.26743706 0.49708313 0.26561080 0.49478065 0.26361307 0.47289303 0.26493992 0.46972395 0.26169355 0.43415603 0.26302040 0.43098695 0.26277070 0.42825117 0.26409755 0.42508209 0.28774741 0.41858207 0.28425134 0.38027838 0.28557819 0.37710930 0.27034547 0.21021633 0.24354250 0.21758296 0.24171619 0.21527978 0.23672191 0.16056142 0.23804870 0.15739164 0.23779900 0.15465586 0.23912585 0.15148678 0.26435226 0.14455346 0.25960763 0.09257018 0.26093447 0.08940109 0.25344294 0.00732229 0.25477019 0.00415295 0.25439113 0.00000000 0.19297524 0.00000000
0 0.00000000 0.24464719 0.00039549 0.24514579 0.02877501 0.23734586 0.02228240 0.16621143 0.02493644 0.15987245 0.04858630 0.15337244 0.04334226 0.09591760 0.04599593 0.08957908 0.07595240 0.08134574 0.07395466 0.05945812 0.07212839 0.05715543 0.06988094 0.03253189 0.00000000 0.05173822 0.00000000 0.24464719
0 1.00000000 0.42742069 0.95822600 0.43535493 0.96256217 0.46818567 0.99222161 0.46255237 0.99486498 0.46485544 0.99594906 0.47306347 0.99402845 0.47623266 0.97121368 0.48056593 0.96929306 0.48373513 0.96473034 0.48460174 0.96281032 0.48777082 0.97256693 0.56164173 0.97520962 0.56394420 1.00000000 0.55923570 1.00000000 0.42742069
0 0.72072275 0.51411885 0.70247070 0.51758550 0.70055018 0.52075540 0.69826882 0.52118870 0.69634879 0.52435779 0.69178549 0.52522450 0.69612175 0.55805594 0.69420172 0.56122503 0.69745389 0.58584843 0.72026867 0.58151516 0.72291204 0.58381822 0.72747476 0.58295162 0.73011804 0.58525398 0.73084079 0.59072623 0.72892018 0.59389543 0.70838676 0.59779539 0.70646674 0.60096447 0.70190343 0.60183119 0.69998340 0.60500028 0.70431967 0.63783171 0.73169775 0.63263172 0.73434053 0.63493490 0.73506319 0.64040645 0.73314316 0.64357554 0.71489111 0.64704219 0.71105056 0.65338117 0.70876920 0.65381448 0.70612642 0.65151130 0.70793326 0.66519159 0.75584475 0.65609164 0.75848803 0.65839400 0.89994115 0.63152745 0.89885706 0.62331942 0.90077709 0.62015033 0.90534040 0.61928362 0.90798309 0.62158609 0.93079786 0.61725282 0.93344124 0.61955588 0.93416390 0.62502744 0.93224329 0.62819663 0.96418467 0.62212992 0.95623490 0.56193931 0.94939024 0.56323933 0.94674745 0.56093615 0.94638612 0.55820037 0.93726009 0.55993371 0.93461740 0.55763124 0.92549137 0.55936456 0.92284810 0.55706220 0.92212534 0.55158994 0.92404595 0.54842075 0.95370539 0.54278746 0.95189864 0.52910787 0.95381867 0.52593878 0.94803699 0.48216353 0.94119290 0.48346345 0.93854954 0.48116038 0.93818820 0.47842461 0.93554551 0.47612213 0.91729346 0.47958879 0.91465067 0.47728562 0.91428934 0.47454984 0.91620937 0.47138076 0.94586881 0.46574747 0.94225531 0.43838829 0.91031450 0.44445488 0.90767113 0.44215182 0.73883994 0.47421836 0.73619724 0.47191589 0.68828516 0.48101595 0.68636514 0.48418504 0.68961740 0.50880914 0.71927743 0.50317574 0.72192012 0.50547821 0.72264278 0.51094976 0.72072275 0.51411885
0 1.00000000 0.34436857 0.98721264 0.24755078 0.98456995 0.24524831 0.96631790 0.24871497 0.96667923 0.25145075 0.96475871 0.25462064 0.93509927 0.26025393 0.93546060 0.26298971 0.93354057 0.26615879 0.90388055 0.27179220 0.90123785 0.26948972 0.90087652 0.26675395 0.84612036 0.27715392 0.84420033 0.28032301 0.83507431 0.28205634 0.83243162 0.27975386 0.83170886 0.27428161 0.82486419 0.27558163 0.82222150 0.27327916 0.77430942 0.28237922 0.77238939 0.28554831 0.78720493 0.39772221 0.81458301 0.39252222 0.81722638 0.39482528 0.81831038 0.40303262 0.81638976 0.40620181 0.79813771 0.40966847 0.79549502 0.40736600 0.79585635 0.41010177 0.79393642 0.41327156 0.78937311 0.41413827 0.79298661 0.44149745 0.79106668 0.44466724 0.79142801 0.44740302 0.79407070 0.44970549 0.88761233 0.43193889 0.88652824 0.42373086 0.88844885 0.42056166 0.90670091 0.41709500 0.90934360 0.41939747 0.91618826 0.41809745 0.92147374 0.42270310 0.92219641 0.42817465 1.00000000 0.41339722 1.00000000 0.34436857
0 0.95217841 0.00000000 0.95240935 0.00174852 0.94664874 0.01125637 0.94701010 0.01399236 0.95613613 0.01225903 0.95451700 0.00000000 0.95217841 0.00000000
0 0.77209500 0.00000000 0.77311933 0.00775559 0.77119933 0.01092489 0.75979195 0.01309152 0.75714864 0.01078895 0.75030456 0.01208887 0.75066592 0.01482485 0.74874592 0.01799414 0.74190125 0.01929417 0.74985104 0.07948493 0.75213240 0.07905162 0.75477509 0.08135409 0.77987181 0.07658741 0.78251460 0.07889059 0.78323726 0.08436214 0.78131732 0.08753192 0.75850255 0.09186519 0.75886388 0.09460097 0.75694327 0.09777017 0.75238055 0.09863677 0.75960765 0.15335584 0.78926709 0.14772254 0.79190978 0.15002501 0.79227121 0.15276149 0.79035118 0.15593058 0.79071251 0.15866636 0.78879248 0.16183544 0.77282179 0.16486879 0.77017910 0.16256632 0.77054043 0.16530210 0.76862040 0.16847118 0.76177574 0.16977120 0.76213716 0.17250768 0.76021655 0.17567688 0.76599823 0.21945212 0.76828018 0.21901871 0.77092287 0.22132118 0.79601959 0.21655450 0.79866237 0.21885767 0.79938504 0.22432923 0.79746501 0.22749831 0.77693159 0.23139828 0.77501098 0.23456747 0.76816631 0.23586750 0.77177991 0.26322737 0.80372130 0.25716067 0.80636399 0.25946314 0.88621687 0.24429648 0.88885965 0.24659965 0.98468322 0.22839963 0.95758157 0.02320298 0.95374092 0.02954125 0.95410235 0.03227773 0.94834168 0.04178509 0.94870301 0.04452087 0.94102308 0.05719860 0.94138441 0.05993438 0.93562374 0.06944174 0.93598517 0.07217822 0.92830456 0.08485536 0.92866589 0.08759114 0.92482525 0.09392941 0.92218256 0.09162694 0.88567845 0.09856026 0.88303576 0.09625778 0.87833817 0.06069057 0.87377486 0.06155729 0.87113208 0.05925412 0.86428741 0.06055414 0.86164472 0.05825167 0.85395104 0.00000000 0.77209500 0.00000000
0 0.68105695 0.00000000 0.59647264 0.01606531 0.59936348 0.03795294 0.62902292 0.03231965 0.63166621 0.03462215 0.63238893 0.04009412 0.63046834 0.04326346 0.60765356 0.04759673 0.60801492 0.05033264 0.60609492 0.05350194 0.60153161 0.05436866 0.60803600 0.10361581 0.61488067 0.10231579 0.61752336 0.10461826 0.63805678 0.10071830 0.64070005 0.10302066 0.64142281 0.10849292 0.63950219 0.11166211 0.61668742 0.11599538 0.61476749 0.11916516 0.61020418 0.12003188 0.61201093 0.13371147 0.61009090 0.13688055 0.61551125 0.17792003 0.64517069 0.17228673 0.64781339 0.17458920 0.64853614 0.18006146 0.64661612 0.18323055 0.62380134 0.18756381 0.62416267 0.19029959 0.62224264 0.19346867 0.61959937 0.19116631 0.61731801 0.19159962 0.62309969 0.23537487 0.65275913 0.22974157 0.65540182 0.23204405 0.65576315 0.23477982 0.65384322 0.23794961 0.63787253 0.24098296 0.63595250 0.24415205 0.63138978 0.24501865 0.62946975 0.24818774 0.62490644 0.24905446 0.62924270 0.28188589 0.63152406 0.28145259 0.63416734 0.28375495 0.65698212 0.27942168 0.66226759 0.28402733 0.66262893 0.28676311 0.66070899 0.28993289 0.63789422 0.29426616 0.63825555 0.29700194 0.63633552 0.30017102 0.62949085 0.30147105 0.63382712 0.33430248 0.66348656 0.32866919 0.66612925 0.33097166 0.66685200 0.33644392 0.66493198 0.33961300 0.64211720 0.34394627 0.64247853 0.34668205 0.64055792 0.34985124 0.63599520 0.35071785 0.64033155 0.38354999 0.66770963 0.37835000 0.67035233 0.38065247 0.67107499 0.38612403 0.66915496 0.38929311 0.64862155 0.39319307 0.64898297 0.39592955 0.64706236 0.39909875 0.64249964 0.39996536 0.64322239 0.40543761 0.64130178 0.40860681 0.64527662 0.43870176 0.67493664 0.43306836 0.67757943 0.43537154 0.67830209 0.44084309 0.67638216 0.44401288 0.65356680 0.44834625 0.65621007 0.45064862 0.65428946 0.45381781 0.64744480 0.45511783 0.64961297 0.47153390 0.65645764 0.47023388 0.65910092 0.47253624 0.74807924 0.45563636 0.75072251 0.45793872 0.77810001 0.45273885 0.75894821 0.30773351 0.76086873 0.30456361 0.74316235 0.17050209 0.74508238 0.16733300 0.72340107 0.00317582 0.72532108 0.00000660 0.72532021 0.00000000 0.68105695 0.00000000
0 1.00000000 0.62935089 0.93405013 0.64187692 0.93140735 0.63957375 0.84014708 0.65690705 0.84086984 0.66237930 0.83894981 0.66554838 0.80929037 0.67118168 0.80664709 0.66887931 0.80556300 0.66067128 0.72342935 0.67627113 0.72078607 0.67396877 0.70937868 0.67613541 0.71046277 0.68434344 0.70854274 0.68751252 0.69941671 0.68924585 0.69977805 0.69198163 0.69785744 0.69515082 0.69329471 0.69601743 0.69065202 0.69371496 0.69029069 0.69097918 0.68116466 0.69271251 0.67852138 0.69041015 0.67743730 0.68220212 0.67935782 0.67903222 0.68392054 0.67816561 0.68656391 0.68046867 0.69340799 0.67916876 0.68365138 0.60529785 0.67908866 0.60616446 0.67380269 0.60155963 0.65326927 0.60545959 0.65062649 0.60315642 0.65026516 0.60042064 0.65410512 0.59408177 0.68148320 0.58888178 0.68112187 0.58614600 0.68304190 0.58297693 0.67653755 0.53373012 0.66969347 0.53503003 0.66705068 0.53272686 0.66668935 0.52999108 0.64615535 0.53389116 0.64351266 0.53158868 0.64278990 0.52611643 0.64470993 0.52294734 0.67436937 0.51731405 0.67003311 0.48448261 0.64037367 0.49011590 0.63508819 0.48551026 0.62713843 0.42531964 0.62905846 0.42215056 0.60918390 0.27167296 0.61110393 0.26850388 0.59917914 0.17821690 0.59233447 0.17951693 0.58969178 0.17721445 0.56915837 0.18111442 0.56651567 0.17881194 0.56579301 0.17334039 0.56771294 0.17017061 0.59737238 0.16453731 0.59122937 0.11802629 0.59314998 0.11485709 0.59206589 0.10664906 0.58522123 0.10794908 0.58257795 0.10564672 0.58221662 0.10291094 0.56168320 0.10681091 0.55904042 0.10450773 0.55831776 0.09903618 0.56023769 0.09586639 0.58989772 0.09023299 0.58194795 0.03004237 0.57510328 0.03134240 0.57245999 0.02903989 0.57209863 0.02630391 0.55156521 0.03020387 0.54892250 0.02790122 0.54856114 0.02516527 0.48467896 0.03729857 0.48275895 0.04046783 0.47135156 0.04263447 0.46943098 0.04580384 0.47087640 0.05674765 0.46895640 0.05991694 0.45526765 0.06251688 0.46827645 0.16101133 0.47283918 0.16014472 0.47548187 0.16244719 0.48232653 0.16114717 0.48496923 0.16344964 0.48822149 0.18807375 0.48630146 0.19124283 0.49099906 0.22681005 0.52065850 0.22117675 0.52330119 0.22347922 0.52619203 0.24536685 0.53988136 0.24276680 0.54252415 0.24506997 0.54577632 0.26969338 0.55946565 0.26709333 0.56210834 0.26939580 0.57222629 0.34600249 0.57030626 0.34917157 0.57500386 0.38473878 0.57308392 0.38790856 0.56167595 0.39007531 0.55975592 0.39324439 0.57312604 0.49447448 0.56928607 0.50081335 0.54418935 0.50558003 0.54226874 0.50874923 0.56250463 0.66196260 0.57619396 0.65936255 0.57883665 0.66166502 0.57955941 0.66713728 0.57763938 0.67030636 0.58276768 0.70913462 0.71283162 0.70913462 1.00000000 0.65459199 1.00000000 0.62935089
0 0.00000000 0.70913462 0.00000000 0.88010394 0.10591179 0.93763340 0.16140416 0.82618621 0.13194357 0.81032069 0.05001918 0.76298463 0.06075299 0.74973553 0.10807343 0.77303813 0.12644259 0.74318100 0.06628841 0.70913462 0.00000000 0.70913462
