0 0.00000000 0.51683181 0.20450732 0.54813076 0.20709674 0.54631285 0.20851312 0.53767163 0.21110255 0.53585372 0.21333792 0.53619583 0.21521925 0.53869798 0.24204608 0.54280371 0.24275418 0.53848365 0.24534361 0.53666574 0.24640584 0.53018510 0.24899527 0.52836718 0.28476360 0.53384137 0.28582584 0.52736074 0.27911914 0.52633430 0.27723781 0.52383216 0.27500243 0.52349005 0.27312053 0.52098782 0.27382872 0.51666721 0.27194739 0.51416506 0.27265558 0.50984445 0.27077425 0.50734231 0.27148235 0.50302226 0.26960111 0.50051956 0.27030921 0.49619950 0.25913117 0.49448875 0.25724993 0.49198606 0.25972837 0.47686531 0.26231789 0.47504684 0.27349592 0.47675759 0.27384997 0.47459756 0.27196864 0.47209542 0.27267674 0.46777536 0.27079493 0.46527258 0.27150303 0.46095252 0.26962179 0.45844983 0.27068394 0.45196974 0.26880261 0.44946760 0.26951080 0.44514699 0.26762889 0.44264476 0.26833708 0.43832415 0.26645576 0.43582201 0.26716385 0.43150195 0.26528261 0.42899926 0.26599071 0.42467920 0.26410947 0.42217651 0.26517162 0.41569642 0.26329029 0.41319428 0.26364443 0.41103370 0.26140848 0.41069149 0.25952715 0.40818935 0.24164299 0.40545226 0.24352432 0.40795440 0.24175398 0.41875509 0.23916446 0.42057356 0.20116075 0.41475726 0.19974446 0.42339792 0.19715446 0.42521575 0.16138612 0.41974156 0.15926165 0.43270284 0.15667222 0.43452075 0.13208192 0.43075731 0.13020002 0.42825508 0.06537005 0.41833314 0.06348882 0.41583044 0.01430718 0.40830340 0.01242574 0.40580124 0.01455012 0.39284052 0.00000000 0.39061369 0.00000000 0.51683181
0 0.46152961 0.55989583 0.46172405 0.55870962 0.45984272 0.55620747 0.46055082 0.55188742 0.45866891 0.54938519 0.45902305 0.54722461 0.45714173 0.54472246 0.46139059 0.51880047 0.45950926 0.51629832 0.46021745 0.51197771 0.45833554 0.50947548 0.45904373 0.50515488 0.45457298 0.50447064 0.45269165 0.50196850 0.44822032 0.50128419 0.44445766 0.49627990 0.44481171 0.49411987 0.44292990 0.49161709 0.44363800 0.48729703 0.44175676 0.48479433 0.44246486 0.48047428 0.44058353 0.47797214 0.44093758 0.47581211 0.43905634 0.47330941 0.43976444 0.46898936 0.43788320 0.46648666 0.43859130 0.46216660 0.43670940 0.45966437 0.43706345 0.45750435 0.43518221 0.45500165 0.43589031 0.45068159 0.43400907 0.44817890 0.43471717 0.44385884 0.43283527 0.44135661 0.43318932 0.43919658 0.43130808 0.43669389 0.43201618 0.43237383 0.43013494 0.42987113 0.43084304 0.42555108 0.42896171 0.42304893 0.42931576 0.42088891 0.42743452 0.41838621 0.42814262 0.41406615 0.42626080 0.41156337 0.42696890 0.40724331 0.42508757 0.40474117 0.42544162 0.40258114 0.42356039 0.40007845 0.42426848 0.39575839 0.42238667 0.39325561 0.42274072 0.39109558 0.42085939 0.38859344 0.42156749 0.38427338 0.41968625 0.38177068 0.42039435 0.37745063 0.41851311 0.37494793 0.41886716 0.37278790 0.41698583 0.37028576 0.41769393 0.36596570 0.41581212 0.36346292 0.41840212 0.36164510 0.42063750 0.36198721 0.42134569 0.35766660 0.42393511 0.35584869 0.42464321 0.35152863 0.40899442 0.34913365 0.40711309 0.34663151 0.40782128 0.34231090 0.40593995 0.33980876 0.40700219 0.33332812 0.40512086 0.33082598 0.40653715 0.32218531 0.40465534 0.31968253 0.40500939 0.31752250 0.35582821 0.30999554 0.35405779 0.32079678 0.35146836 0.32261470 0.33358419 0.31987760 0.33170229 0.31737537 0.32723153 0.31669114 0.32652343 0.32101120 0.32393344 0.32282902 0.32180896 0.33579030 0.31921953 0.33760821 0.31744920 0.34840891 0.31485968 0.35022737 0.26344255 0.34235820 0.26273446 0.34667826 0.26461578 0.34918040 0.26390760 0.35350101 0.26578950 0.35600324 0.26543545 0.35816327 0.26731669 0.36066597 0.26660859 0.36498602 0.26848992 0.36748817 0.26813587 0.36964819 0.27001768 0.37215098 0.26930958 0.37647103 0.27119082 0.37897373 0.27048272 0.38329379 0.27236405 0.38579593 0.27201000 0.38795596 0.27389124 0.39045865 0.27318314 0.39477871 0.27506438 0.39728141 0.27435628 0.40160146 0.27623818 0.40410369 0.27588413 0.40626372 0.27776537 0.40876642 0.27705727 0.41308647 0.27893851 0.41558917 0.27858446 0.41774920 0.28046636 0.42025143 0.27975826 0.42457148 0.28163950 0.42707418 0.28093140 0.43139424 0.28281264 0.43389693 0.28245859 0.43605696 0.28433992 0.43855910 0.28363182 0.44287916 0.28551306 0.44538185 0.28480496 0.44970191 0.28668677 0.45220469 0.28633273 0.45436472 0.28821405 0.45686687 0.28750596 0.46118692 0.28938720 0.46368962 0.28867910 0.46800967 0.29056091 0.47051246 0.31291583 0.47393378 0.31479716 0.47643592 0.33268133 0.47917302 0.33456265 0.48167516 0.33243818 0.49463643 0.32466990 0.50009017 0.32019857 0.49940586 0.31807410 0.51236713 0.31548467 0.51418505 0.30207183 0.51213227 0.30395316 0.51463441 0.30324497 0.51895502 0.30512630 0.52145717 0.30441811 0.52577777 0.30629944 0.52827992 0.30594539 0.53043995 0.30782672 0.53294209 0.30711853 0.53726270 0.30900043 0.53976493 0.30829224 0.54408554 0.31017357 0.54658768 0.30981952 0.54874771 0.31170085 0.55124985 0.31099266 0.55557046 0.31287456 0.55807269 0.31257573 0.55989583 0.46152961 0.55989583
0 0.18206228 0.00000000 0.18171396 0.00212510 0.18359583 0.00462750 0.18288770 0.00894778 0.18476900 0.01145009 0.18441492 0.01361028 0.18629623 0.01611253 0.18558809 0.02043287 0.19453017 0.02180141 0.19641147 0.02430372 0.22100235 0.02806725 0.22277271 0.01726639 0.22536217 0.01544831 0.25218842 0.01955395 0.25325063 0.01307348 0.25584065 0.01125549 0.25619472 0.00909535 0.25878417 0.00727732 0.29902326 0.01343574 0.30090457 0.01593800 0.31878874 0.01867509 0.31914281 0.01651495 0.31726150 0.01401264 0.31761558 0.01185245 0.31573427 0.00935020 0.31644241 0.00502986 0.31456111 0.00252758 0.31491518 0.00036741 0.31251449 0.00000000 0.18206228 0.00000000
0 0.04227480 0.00000000 0.00000000 0.25791554 0.00000000 0.34411180 0.04434062 0.35089794 0.04622252 0.35340017 0.04197357 0.37932272 0.04385490 0.38182486 0.09080070 0.38900971 0.09268203 0.39151186 0.15304124 0.40074957 0.15445752 0.39210890 0.15704752 0.39029108 0.18834453 0.39508095 0.19011487 0.38428025 0.19270438 0.38246179 0.22623734 0.38759386 0.22800768 0.37679317 0.23059710 0.37497525 0.23236753 0.36417401 0.21671931 0.36177912 0.21483741 0.35927688 0.22439728 0.30095281 0.22698737 0.29913443 0.25157767 0.30289787 0.25416710 0.30107996 0.26087381 0.30210639 0.26229009 0.29346572 0.26488009 0.29164790 0.29617710 0.29643777 0.29830158 0.28347649 0.30089100 0.28165858 0.33218858 0.28644854 0.33360487 0.27780787 0.33619430 0.27598996 0.34960714 0.27804274 0.35219723 0.27622436 0.37231677 0.27930356 0.38046036 0.22962015 0.37857912 0.22711746 0.37410779 0.22643314 0.37222646 0.22393100 0.36551975 0.22290457 0.36363842 0.22040242 0.36788729 0.19448043 0.33882566 0.19003267 0.33694433 0.18753053 0.34119319 0.16160853 0.33895724 0.16126633 0.33707591 0.15876418 0.32589845 0.15705352 0.32401721 0.15455083 0.32826607 0.12862883 0.32155936 0.12760240 0.31967746 0.12510017 0.31520671 0.12441594 0.31332538 0.12191380 0.31969871 0.08303052 0.31522739 0.08234621 0.31334606 0.07984407 0.28875518 0.07608054 0.28687386 0.07357840 0.28935238 0.05845709 0.25358404 0.05298290 0.25287586 0.05730351 0.25028643 0.05912143 0.24957833 0.06344148 0.24698890 0.06525940 0.21792670 0.06081155 0.21580223 0.07377283 0.21321280 0.07559074 0.17967984 0.07045867 0.17790941 0.08125992 0.17531999 0.08307783 0.13508089 0.07691941 0.13319899 0.07441718 0.12649229 0.07339075 0.12461105 0.07088805 0.12885991 0.04496606 0.11321112 0.04257108 0.11132979 0.04006893 0.11789747 0.00000000 0.04227480 0.00000000
0 1.00000000 0.11813817 0.76409877 0.39586962 0.80181300 0.41928426 1.00000000 0.18338727 1.00000000 0.11813817
0 1.00000000 0.20266733 0.80679413 0.42225237 0.83571727 0.45299529 1.00000000 0.25940653 1.00000000 0.20266733
0 1.00000000 0.37311400 0.89133160 0.50104730 0.93877451 0.54562328 1.00000000 0.47275136 1.00000000 0.37311400
0 0.42333176 0.98317017 0.42072573 0.97691500 0.42735508 0.97325661 0.40890007 0.93984515 0.39815379 0.94449403 0.40336614 0.95700302 0.39261985 0.96165189 0.41067723 0.98758948 0.42333176 0.98317017
0 0.38441990 0.90719462 0.25436302 0.94947536 0.25727129 0.95428113 0.27153182 0.95154079 0.28025842 0.96595831 0.29482118 0.96176856 0.28669877 0.94445358 0.35760023 0.92327755 0.36823507 0.93792464 0.38088959 0.93350532 0.37246523 0.91763840 0.38702772 0.91345001 0.38441990 0.90719462
0 0.36020834 0.92953158 0.29502774 0.95139723 0.30184610 0.96558519 0.36893493 0.94394911 0.36020834 0.92953158
0 0.07089765 0.65708009 0.03916636 0.65920305 0.04126360 0.67727896 0.07078470 0.67637448 0.07089765 0.65708009
0 0.87245363 0.65305871 0.81966157 0.63678739 0.81065920 0.63536155 0.80537521 0.64375285 0.74281415 0.95551276 0.75208412 0.96357255 0.80548725 0.97598571 0.81660240 0.94742496 0.87292492 0.65840661 0.87245363 0.65305871
