0 0.19372045 0.03625777 0.19321980 0.00074072 0.09820982 0.00279432 0.09871047 0.03831137 0.19372045 0.03625777
0 0.62141182 0.52153345 0.62775102 0.52141721 0.62767726 0.51697786 0.62552696 0.51479694 0.62501059 0.48371924 0.62286082 0.48153831 0.62278706 0.47709896 0.62063729 0.47491747 0.61852386 0.47495622 0.61644787 0.47721521 0.61670604 0.49275349 0.61885581 0.49493499 0.61922464 0.51713286 0.62137495 0.51931378 0.62141182 0.52153345
0 0.76509721 0.51889865 0.76421202 0.46562308 0.75787283 0.46573932 0.75875802 0.51901490 0.76509721 0.51889865
0 0.64558782 0.45003439 0.64569847 0.45669398 0.64362247 0.45895296 0.63728328 0.45906921 0.63732016 0.46128888 0.63524361 0.46354731 0.63101784 0.46362480 0.63127602 0.47916365 0.63342579 0.48134458 0.65032995 0.48103460 0.65463003 0.48539645 0.65470379 0.48983637 0.65892956 0.48975888 0.66107987 0.49193980 0.66111676 0.49416004 0.66534253 0.49408255 0.66749230 0.49626348 0.66763983 0.50514274 0.66978960 0.50732367 0.67401591 0.50724617 0.67616567 0.50942710 0.67660827 0.53606489 0.67453226 0.53832331 0.66819307 0.53843955 0.66837749 0.54953905 0.68316877 0.54926782 0.68531853 0.55144875 0.68553983 0.56476793 0.68976615 0.56469043 0.69191591 0.56687136 0.75741968 0.56567020 0.75697708 0.53903241 0.75482677 0.53685092 0.75364652 0.46581682 0.73462947 0.46616554 0.73047746 0.47068295 0.72836458 0.47072169 0.72421204 0.47523911 0.71998573 0.47531661 0.71790972 0.47757502 0.71368395 0.47765251 0.71160795 0.47991093 0.71168171 0.48435028 0.70960517 0.48660928 0.68424893 0.48707424 0.68209916 0.48489274 0.68184098 0.46935446 0.67969121 0.46717296 0.67917485 0.43609583 0.66649646 0.43632831 0.66653334 0.43854799 0.66445734 0.44080697 0.65177895 0.44103946 0.65188959 0.44769848 0.64981359 0.44995690 0.64558782 0.45003439
0 0.77856071 0.43871463 0.77648417 0.44097306 0.77670546 0.45429167 0.77885578 0.45647315 0.77889266 0.45869283 0.78096866 0.45643441 0.78519443 0.45635692 0.78504689 0.44747709 0.78919944 0.44296024 0.79131233 0.44292150 0.79338833 0.44066308 0.79972753 0.44054684 0.79969065 0.43832716 0.80384265 0.43380976 0.80362136 0.42049115 0.79932182 0.41612872 0.79924804 0.41168881 0.79290885 0.41180505 0.79298262 0.41624497 0.79090661 0.41850338 0.78879373 0.41854213 0.78908879 0.43630065 0.78701226 0.43855965 0.77856071 0.43871463
0 0.74704969 0.45039477 0.74912568 0.44813579 0.75546488 0.44801954 0.75461658 0.39696421 0.75669257 0.39470522 0.75650816 0.38360629 0.75858417 0.38134787 0.75847352 0.37468828 0.73100438 0.37519199 0.73107816 0.37963190 0.72900215 0.38189032 0.72914968 0.39076958 0.72707368 0.39302800 0.72803264 0.45074349 0.74704969 0.45039477
0 0.97256343 0.28416313 0.96833712 0.28424063 0.96626113 0.28649961 0.96629800 0.28871928 0.96422200 0.29097770 0.95788280 0.29109395 0.95791970 0.29331419 0.95584369 0.29557260 0.94316530 0.29580509 0.94108929 0.29806351 0.93686298 0.29814101 0.93734246 0.32699847 0.93526646 0.32925746 0.92892781 0.32937369 0.92903845 0.33603271 0.92696190 0.33829114 0.92699879 0.34051138 0.92492279 0.34276980 0.92069648 0.34284730 0.92073336 0.34506697 0.91865736 0.34732596 0.91654448 0.34736470 0.91658136 0.34958438 0.91450535 0.35184279 0.90605327 0.35199778 0.90609015 0.35421746 0.90823992 0.35639839 0.90827681 0.35861863 0.90620080 0.36087704 0.90408738 0.36091580 0.90412426 0.36313547 0.90204826 0.36539446 0.90208514 0.36761413 0.90000914 0.36987255 0.89789625 0.36991130 0.89793313 0.37213097 0.89585713 0.37438939 0.89589402 0.37660963 0.89381747 0.37886806 0.88536539 0.37902305 0.88547604 0.38568263 0.89815443 0.38545015 0.89811755 0.38323047 0.91057410 0.36967882 0.91053722 0.36745915 0.93960341 0.33583898 0.94382918 0.33576149 0.94590573 0.33350306 0.95013150 0.33342557 0.95220750 0.33116715 0.95854670 0.33105091 0.96062271 0.32879249 0.96484902 0.32871499 0.96692501 0.32645601 0.97115078 0.32637852 0.97530333 0.32186167 0.97952964 0.32178417 0.97949275 0.31956393 0.98156876 0.31730551 0.99424661 0.31707304 0.99420973 0.31485336 0.99628628 0.31259493 0.99839916 0.31255619 0.99773526 0.27259922 0.99562238 0.27263797 0.99146984 0.27715538 0.98935695 0.27719413 0.98939383 0.27941380 0.98731729 0.28167223 0.97463944 0.28190471 0.97256343 0.28416313
0 0.28089628 1.00000000 0.28077979 0.99332646 0.27879300 0.99140784 0.26512309 0.99164645 0.26320447 0.99363324 0.22219471 0.99434906 0.22229335 1.00000000 0.28089628 1.00000000
0 0.45898438 0.97068191 0.29606155 0.97352574 0.29630015 0.98719516 0.45898438 0.98435549 0.45898438 0.97068191
0 0.22952881 0.96687338 0.22754203 0.96495476 0.22168342 0.96505703 0.21976480 0.96704381 0.21996932 0.97876053 0.22195612 0.98067965 0.27858849 0.97969112 0.27834988 0.96602121 0.22952881 0.96687338
0 0.45898438 0.93747335 0.29352937 0.94036138 0.29373389 0.95207860 0.29763929 0.95201043 0.29962608 0.95392904 0.42655975 0.95171341 0.42854703 0.95363202 0.45898438 0.95310073 0.45898438 0.93747335
0 0.27783858 0.93672867 0.27759997 0.92305875 0.22096759 0.92404727 0.22120620 0.93771719 0.27783858 0.93672867
0 0.45898438 0.91198848 0.45708917 0.91015877 0.29891026 0.91291979 0.29692347 0.91100117 0.29301807 0.91106934 0.29329076 0.92669196 0.45898438 0.92379977 0.45898438 0.91198848
0 0.26543963 0.89787664 0.26345284 0.89595803 0.22049038 0.89670794 0.22055855 0.90061334 0.22254535 0.90253246 0.22268169 0.91034327 0.27736136 0.90938883 0.27715684 0.89767212 0.26543963 0.89787664
0 0.45898438 0.88277802 0.29257495 0.88568271 0.29281354 0.89935213 0.45898438 0.89645161 0.45898438 0.88277802
0 0.22004726 0.87132130 0.22025177 0.88303802 0.24368570 0.88262898 0.24567299 0.88454759 0.27691823 0.88400220 0.27667963 0.87033278 0.22004726 0.87132130
0 0.45898438 0.82417510 0.35794822 0.82593869 0.35596144 0.82402007 0.29151825 0.82514493 0.28959914 0.82713173 0.29158642 0.82905034 0.29179095 0.84076755 0.45898438 0.83784918 0.45898438 0.82417510
0 0.45898438 0.79682693 0.29107512 0.79975780 0.29131373 0.81342772 0.45898438 0.81050101 0.45898438 0.79682693
0 0.22663144 0.80088267 0.22464465 0.79896405 0.16606007 0.79998665 0.16629868 0.81365656 0.20144933 0.81304301 0.20343612 0.81496163 0.28154922 0.81359816 0.28131061 0.79992824 0.22663144 0.80088267
0 0.45898438 0.77143256 0.44881090 0.77161014 0.44682411 0.76969153 0.29059791 0.77241846 0.29083652 0.78608838 0.45898438 0.78315335 0.45898438 0.77143256
0 0.17342776 0.77446368 0.17144097 0.77254506 0.16558286 0.77264731 0.16582146 0.78631673 0.19706671 0.78577134 0.19905350 0.78769046 0.28107201 0.78625882 0.28083340 0.77258890 0.17342776 0.77446368
0 0.40948165 0.75666926 0.40924305 0.74299984 0.29012070 0.74507913 0.29035930 0.75874854 0.40948165 0.75666926
0 0.19052637 0.74681755 0.18853908 0.74489844 0.16510564 0.74530748 0.16527608 0.75507149 0.16335697 0.75705879 0.16342514 0.76096419 0.28059479 0.75891899 0.28035619 0.74524957 0.19052637 0.74681755
0 0.45898438 0.69134237 0.32047968 0.69375997 0.31849239 0.69184137 0.28724715 0.69238675 0.28751985 0.70800937 0.45898438 0.70501645 0.45898438 0.69134237
0 0.27172680 0.69851805 0.27162453 0.69265945 0.24819060 0.69306849 0.24627198 0.69505528 0.15448897 0.69665735 0.15472758 0.71032727 0.27385043 0.70824797 0.27371408 0.70043666 0.27172680 0.69851805
0 0.45898438 0.66399470 0.28680403 0.66700012 0.28704263 0.68066954 0.42569351 0.67824938 0.42768030 0.68016850 0.45898438 0.67962208 0.45898438 0.66399470
0 0.27337321 0.68090814 0.27333913 0.67895544 0.27135184 0.67703683 0.27118141 0.66727281 0.15596446 0.66928393 0.15404584 0.67127072 0.15425036 0.68298744 0.24408067 0.68141944 0.24606747 0.68333856 0.27145410 0.68289543 0.27337321 0.68090814
0 0.45898438 0.63859983 0.43868169 0.63895422 0.43669440 0.63703561 0.28632681 0.63966029 0.28653133 0.65137750 0.30410716 0.65107071 0.30609395 0.65298933 0.45898438 0.65032062 0.45898438 0.63859983
0 0.26875149 0.63996706 0.15548724 0.64194410 0.15356862 0.64393088 0.15377315 0.65564810 0.15575993 0.65756672 0.27097688 0.65555560 0.27073827 0.64188568 0.26875149 0.63996706
0 0.27046558 0.62626306 0.27022697 0.61259314 0.15501002 0.61460426 0.15524863 0.62827418 0.27046558 0.62626306
0 0.45898438 0.60929837 0.34052876 0.61136602 0.33854197 0.60944740 0.28581551 0.61036775 0.28608820 0.62599037 0.39739974 0.62404742 0.39938653 0.62596604 0.45898438 0.62492575 0.45898438 0.60929837
0 0.45898438 0.58390410 0.28540647 0.58693392 0.28561099 0.59865103 0.31880943 0.59807155 0.32079622 0.59999017 0.45898438 0.59757809 0.45898438 0.58390410
0 0.26001983 0.58737704 0.25803305 0.58545832 0.15258011 0.58729901 0.15264828 0.59120467 0.15463507 0.59312343 0.15477142 0.60093484 0.26998837 0.59892372 0.26978385 0.58720661 0.26001983 0.58737704
0 0.45898438 0.56835938 0.28508225 0.56835938 0.28513377 0.57131130 0.28712106 0.57323005 0.45898438 0.57023017 0.45898438 0.56835938
0 0.15420281 0.56835938 0.15429421 0.57359511 0.16015281 0.57349285 0.16214010 0.57541161 0.26954524 0.57353684 0.26945487 0.56835938 0.15420281 0.56835938
0 0.45898438 0.91724583 0.57947948 0.94737312 0.62446268 0.95049478 0.63604330 0.94247895 0.66431311 0.88338282 0.66935352 0.83641270 0.45898438 0.77096516 0.45898438 0.91724583
