0 0.12983512 0.58352680 0.12110971 0.58647558 0.11834405 0.58446165 0.11542148 0.57070486 0.10451487 0.57439079 0.10174864 0.57237705 0.09824177 0.55586988 0.08733515 0.55955582 0.08456922 0.55754122 0.08164681 0.54378513 0.07510273 0.54599673 0.07233695 0.54398283 0.07015557 0.54472004 0.06738974 0.54270617 0.06505177 0.53170116 0.05850775 0.53391274 0.05574191 0.53189886 0.05398840 0.52364493 0.03871897 0.52880529 0.03595299 0.52679071 0.03244612 0.51028354 0.02372074 0.51323232 0.02095494 0.51121844 0.01803252 0.49746235 0.05894683 0.69004974 0.13747547 0.66351068 0.13907223 0.66002245 0.14779763 0.65707367 0.13260078 0.58554073 0.12983512 0.58352680
0 0.41172986 0.40274479 0.41013311 0.40623302 0.40140770 0.40918180 0.41192862 0.45870472 0.40873454 0.46568136 0.40219091 0.46789281 0.40394442 0.47614674 0.40234766 0.47963497 0.40936156 0.51265001 0.40776424 0.51613843 0.40499858 0.51412450 0.39627317 0.51707328 0.40679394 0.56659550 0.40519733 0.57008443 0.40928866 0.58934267 0.43764608 0.57975917 0.44041190 0.58177381 0.54293554 0.54712554 0.49325382 0.31326916 0.49048800 0.31125453 0.41414058 0.33705644 0.41764760 0.35356431 0.41605084 0.35705254 0.40514367 0.36073866 0.40572812 0.36348974 0.40413151 0.36697867 0.41172986 0.40274479
0 0.36024450 0.56758333 0.35790654 0.55657831 0.35950329 0.55309009 0.36822870 0.55014130 0.36179926 0.51987734 0.36339602 0.51638911 0.35988914 0.49988194 0.36148631 0.49639282 0.36366752 0.49565567 0.36526428 0.49216745 0.36962726 0.49069296 0.35910634 0.44117004 0.36070310 0.43768182 0.37160971 0.43399588 0.36284231 0.39272690 0.36443962 0.38923849 0.36880205 0.38776419 0.37039880 0.38427596 0.37476179 0.38280148 0.36833234 0.35253751 0.27671532 0.38349985 0.31178480 0.54857506 0.31455046 0.55058899 0.32624044 0.60561476 0.36332382 0.59308229 0.35864789 0.57107226 0.36024450 0.56758333
0 0.15242046 0.46973775 0.15534287 0.48349384 0.15810854 0.48550776 0.16465273 0.48329613 0.16741854 0.48531076 0.17034096 0.49906685 0.18342935 0.49464358 0.18619502 0.49665751 0.19710163 0.49297158 0.19184125 0.46821047 0.19343856 0.46472206 0.18291765 0.41519914 0.11747684 0.43731512 0.12156831 0.45657407 0.13247493 0.45288814 0.13524115 0.45490188 0.13874817 0.47140975 0.14965479 0.46772382 0.15242046 0.46973775
0 0.57812500 0.32758934 0.56550977 0.26820830 0.53497057 0.27852913 0.53847745 0.29503631 0.53688084 0.29852524 0.52597422 0.30221117 0.52320785 0.30019673 0.51230123 0.30388266 0.56198296 0.53773904 0.57812500 0.53228377 0.57812500 0.32758934
0 0.42492134 0.20071792 0.42332458 0.20420614 0.41459918 0.20715493 0.41300242 0.21064315 0.42176982 0.25191214 0.42017251 0.25540055 0.40926589 0.25908648 0.42037126 0.31136048 0.48581207 0.28924450 0.48113614 0.26723447 0.48273290 0.26374624 0.44707897 0.09591995 0.41872155 0.10550345 0.42982677 0.15777674 0.42823016 0.16126567 0.41950420 0.16421465 0.42476458 0.18897575 0.42316783 0.19246398 0.42492134 0.20071792
0 0.46581359 0.06304964 0.46145061 0.06452413 0.50704085 0.27912155 0.56375626 0.25995436 0.51407454 0.02609798 0.48571656 0.03568167 0.48863898 0.04943776 0.48704222 0.05292599 0.48762682 0.05567777 0.48603006 0.05916600 0.46857926 0.06506357 0.46581359 0.06304964
0 0.23463195 0.18540959 0.23054062 0.16615134 0.22777481 0.16413671 0.22076092 0.13112167 0.21799525 0.12910774 0.20708808 0.13279386 0.25676979 0.36665024 0.37456303 0.32684155 0.37615979 0.32335332 0.36914589 0.29033828 0.37074265 0.28685005 0.37510563 0.28537557 0.37670239 0.28188734 0.38106537 0.28041285 0.37814280 0.26665606 0.37537714 0.26464213 0.37070121 0.24263210 0.37229796 0.23914388 0.38320458 0.23545794 0.38028201 0.22170115 0.38187877 0.21821292 0.37661839 0.19345181 0.37821570 0.18996340 0.38257812 0.18848910 0.38417488 0.18500087 0.38853786 0.18352639 0.37918600 0.13950633 0.38078261 0.13601740 0.38950802 0.13306861 0.37548022 0.06703853 0.23369255 0.11495623 0.24421346 0.16447915 0.24261671 0.16796737 0.24553912 0.18172347 0.24394196 0.18521259 0.23739777 0.18742422 0.23463195 0.18540959
0 0.18914833 0.38950318 0.16576868 0.27945303 0.16736544 0.27596481 0.17609084 0.27301602 0.17768760 0.26952780 0.17986881 0.26879065 0.18263504 0.27080439 0.20484563 0.37535167 0.21793346 0.37092859 0.16766728 0.13432113 0.05860001 0.17118085 0.07671928 0.25646989 0.07948494 0.25848381 0.11221645 0.41255401 0.16456888 0.39486130 0.16733454 0.39687523 0.18914833 0.38950318
0 0.00000000 0.36339827 0.00146812 0.36446728 0.00205257 0.36721836 0.00481841 0.36923223 0.00657192 0.37748617 0.01529732 0.37453738 0.02082908 0.37856585 0.02141354 0.38131692 0.03013894 0.37836814 0.03290472 0.38038203 0.03524268 0.39138705 0.03800851 0.39340092 0.03859312 0.39615270 0.04731852 0.39320392 0.05008435 0.39521779 0.05125326 0.40071994 0.05401904 0.40273383 0.05577255 0.41098777 0.09285538 0.39845548 0.06830682 0.28290319 0.06554101 0.28088855 0.04391487 0.17909235 0.00000000 0.19393355 0.00000000 0.36339827
0 0.25100670 0.00000000 0.22079181 0.01021124 0.23306612 0.06798753 0.35304001 0.02744188 0.35580628 0.02945583 0.39288911 0.01692355 0.39448582 0.01343511 0.39163159 0.00000000 0.25100670 0.00000000
0 0.14884934 0.07875629 0.14008196 0.03748745 0.07682236 0.05886628 0.08558974 0.10013512 0.14884934 0.07875629
0 0.00000000 0.11544555 0.00328316 0.13089970 0.04472897 0.11689292 0.04749467 0.11890699 0.08239629 0.10711185 0.07245994 0.06034058 0.00000000 0.08482870 0.00000000 0.11544555
0 0.86508355 0.37290919 0.85770916 0.26820980 0.71947621 0.29778493 0.72450524 0.34807804 0.79527246 0.32965568 0.79976515 0.35149418 0.80627673 0.35421913 0.80843667 0.38957595 0.86508355 0.37290919
0 0.72974683 0.40688361 0.73526520 0.46747453 0.79016004 0.45735979 0.78295385 0.39659377 0.72974683 0.40688361
0 0.30893509 0.98405974 0.40123621 0.97222658 0.41466918 0.97705219 0.43069274 0.99520680 0.52876656 0.97761287 0.53607106 0.95536584 0.51623212 0.90617987 0.28090463 0.94837431 0.29382381 0.97841890 0.30893509 0.98405974
