0 0.08212896 0.39174188 0.08370159 0.39370965 0.13836292 0.40267711 0.13874236 0.40102959 0.14107387 0.39970231 0.14486859 0.38322582 0.14720060 0.38189862 0.14909791 0.37366058 0.11395824 0.36789574 0.11238561 0.36592797 0.07529387 0.35984289 0.07377610 0.36643298 0.07144449 0.36776068 0.06878830 0.37929377 0.06645669 0.38062146 0.06455938 0.38885950 0.08212896 0.39174188
0 0.10110229 0.30936066 0.09920497 0.31759870 0.09687346 0.31892597 0.09497615 0.32716401 0.09264414 0.32849121 0.09188516 0.33178668 0.14459442 0.34043389 0.14616705 0.34240166 0.16373663 0.34528404 0.16411608 0.34363652 0.16644808 0.34230932 0.16834540 0.33407128 0.17067700 0.33274358 0.17257431 0.32450555 0.17490582 0.32317827 0.17680323 0.31493981 0.17913524 0.31361262 0.18103255 0.30537458 0.18336406 0.30404730 0.18412305 0.30075183 0.14117461 0.29370593 0.13960199 0.29173816 0.11227107 0.28725439 0.11151219 0.29054943 0.10918058 0.29187713 0.10728327 0.30011517 0.10495176 0.30144245 0.10343389 0.30803296 0.10110229 0.30936066
0 0.12956699 0.24734492 0.12766968 0.25558296 0.12533767 0.25691016 0.12344036 0.26514819 0.12110875 0.26647589 0.12034987 0.26977094 0.15158491 0.27489520 0.15315744 0.27686340 0.19220124 0.28326873 0.19258078 0.28162078 0.19491229 0.28029351 0.19643016 0.27370299 0.19876217 0.27237579 0.20065958 0.26413734 0.20299109 0.26281006 0.20450896 0.25621954 0.20684047 0.25489227 0.20873778 0.24665423 0.21106979 0.24532703 0.21296720 0.23708857 0.18173215 0.23196431 0.18015903 0.22999646 0.14111522 0.22359113 0.14035634 0.22688617 0.13802473 0.22821387 0.13612742 0.23645191 0.13379591 0.23777919 0.13189850 0.24601765 0.12956699 0.24734492
0 0.16112219 0.18070644 0.15960432 0.18729696 0.15727231 0.18862415 0.15575435 0.19521509 0.15342284 0.19654237 0.15190497 0.20313288 0.17142712 0.20633559 0.17299974 0.20830336 0.22570851 0.21695049 0.22608795 0.21530297 0.22842006 0.21397535 0.22993783 0.20738526 0.23226943 0.20605756 0.23416675 0.19781952 0.23649826 0.19649224 0.23801612 0.18990173 0.24034823 0.18857411 0.24224554 0.18033608 0.24457705 0.17900880 0.24609492 0.17241828 0.18948103 0.16313049 0.18790840 0.16116272 0.17229088 0.15860059 0.17153200 0.16189564 0.16920049 0.16322292 0.16768252 0.16981385 0.16535101 0.17114113 0.16345370 0.17937917 0.16112219 0.18070644
0 0.18844797 0.12363362 0.18655057 0.13187208 0.18421906 0.13319935 0.18232174 0.14143739 0.23893514 0.15072510 0.24050776 0.15269287 0.25612528 0.15525500 0.25650472 0.15360748 0.25883673 0.15228028 0.26187247 0.13909926 0.26420408 0.13777156 0.26686028 0.12623847 0.26919188 0.12491077 0.27184808 0.11337769 0.27418018 0.11205007 0.27493907 0.10875503 0.25151229 0.10491174 0.24993967 0.10294398 0.20113503 0.09493733 0.19923772 0.10317537 0.19690621 0.10450265 0.19500890 0.11274068 0.19267729 0.11406838 0.19077998 0.12230642 0.18844797 0.12363362
0 0.50911458 0.10784529 0.47693331 0.10256579 0.47536069 0.10059802 0.43826895 0.09451293 0.43669632 0.09254517 0.40155665 0.08678033 0.39998403 0.08481256 0.37265361 0.08032887 0.36506436 0.11328102 0.36273226 0.11460864 0.35492400 0.11332765 0.35259199 0.11465485 0.33892703 0.11241304 0.33659502 0.11374024 0.32683420 0.11213892 0.32228059 0.13191047 0.31994908 0.13323774 0.30932389 0.17937177 0.30699239 0.18069905 0.29674684 0.22518470 0.29441474 0.22651232 0.28378965 0.27264592 0.28145814 0.27397320 0.27159204 0.31681133 0.26926043 0.31813903 0.23021663 0.31173370 0.22604246 0.32985772 0.22371095 0.33118500 0.21839846 0.35425159 0.21606636 0.35557920 0.21341016 0.36711229 0.26221529 0.37511901 0.26378781 0.37708720 0.31454451 0.38541409 0.31611713 0.38738186 0.36492227 0.39538859 0.36649489 0.39735636 0.41725209 0.40568333 0.41882471 0.40765110 0.46567727 0.41533750 0.50911458 0.22673483 0.50911458 0.10784529
0 0.22385305 0.04907743 0.22195564 0.05731588 0.21962363 0.05864308 0.21772632 0.06688112 0.21539472 0.06820882 0.21349740 0.07644685 0.25839790 0.08381301 0.25997053 0.08578077 0.28730094 0.09026447 0.28963295 0.08893727 0.29153026 0.08069923 0.29386187 0.07937153 0.29613862 0.06948597 0.29847013 0.06815870 0.30112643 0.05662519 0.30345843 0.05529799 0.30611475 0.04376440 0.30844629 0.04243700 0.29868496 0.04083561 0.29711237 0.03886771 0.25806856 0.03246238 0.25649596 0.03049453 0.23502174 0.02697157 0.23464228 0.02861918 0.23231074 0.02994658 0.23041338 0.03818483 0.22808187 0.03951211 0.22618456 0.04775015 0.22385305 0.04907743
0 0.66326864 0.37444164 0.67374237 0.37515107 0.74073658 0.34440044 0.73242706 0.31890906 0.73771632 0.30534620 0.72915835 0.28113298 0.72198629 0.27708596 0.66415174 0.30165832 0.67835517 0.33094827 0.67583476 0.33709062 0.65162154 0.34564859 0.66326864 0.37444164
0 0.62887850 0.42968750 0.59985752 0.35946286 0.60134821 0.35179389 0.62478017 0.34043116 0.61803318 0.32054932 0.62055358 0.31440696 0.63202111 0.31000376 0.63095549 0.30183789 0.62033810 0.27457146 0.61419574 0.27205105 0.60120161 0.27748397 0.59445461 0.25760213 0.58678565 0.25611143 0.56182708 0.26850388 0.55017998 0.23971084 0.52980124 0.24901415 0.52806210 0.25796127 0.56009089 0.32520393 0.59825443 0.42968750 0.62887850 0.42968750
0 0.73976984 0.21289358 0.73419621 0.22109535 0.74967780 0.25063375 0.76856584 0.24899940 0.77346595 0.25791060 0.80048393 0.24857138 0.80943106 0.25031052 0.82132661 0.27782541 0.80300729 0.29018194 0.81671382 0.32202821 0.83663157 0.32192046 0.84611150 0.32774254 0.87749679 0.32323159 0.87952029 0.31964556 0.84699461 0.25495923 0.82362858 0.18409463 0.80328280 0.15228428 0.77346004 0.16240477 0.77892888 0.18203816 0.74885767 0.19343681 0.74921386 0.21207640 0.73976984 0.21289358
0 0.00000000 0.91860418 0.04204900 0.93097808 0.05994324 0.93445637 0.06324491 0.93111878 0.06871080 0.90299926 0.06537321 0.89969759 0.00000000 0.88176656 0.00000000 0.91860418
0 0.00000000 0.78995259 0.11883751 0.82254403 0.11265630 0.76563145 0.00000000 0.73455870 0.00000000 0.78995259
0 0.81073032 0.71784689 0.97956742 0.86442595 0.98050407 0.85882761 0.81327219 0.71261106 0.81073032 0.71784689
0 0.77503940 0.77175808 0.96676658 0.94093605 0.96801526 0.93347276 0.77918799 0.76688509 0.77503940 0.77175808
