0 0.27929688 0.29081105 0.27186123 0.29146159 0.27254214 0.29924436 0.27076679 0.30136014 0.22796130 0.30510514 0.22881246 0.31483398 0.22703711 0.31694976 0.19201488 0.32001381 0.18989910 0.31823846 0.18938841 0.31240125 0.19116372 0.31028497 0.19099351 0.30833940 0.16375356 0.31072259 0.16163778 0.30894723 0.16078666 0.29921890 0.05571900 0.30841113 0.04684178 0.31899058 0.04701199 0.32093615 0.03991013 0.32939983 0.04008038 0.33134589 0.03120317 0.34192535 0.03137338 0.34387092 0.02249616 0.35445038 0.02266637 0.35639595 0.01556455 0.36486012 0.01573477 0.36680569 0.00685755 0.37738515 0.00702776 0.37933072 0.00000000 0.38770564 0.00000000 0.39759121 0.02023374 0.39582099 0.02234952 0.39759634 0.02354112 0.41121632 0.02176576 0.41333210 0.01398299 0.41401300 0.01483411 0.42374134 0.01305876 0.42585713 0.00332992 0.42670829 0.00418104 0.43643663 0.00240573 0.43855291 0.00046016 0.43872313 0.00000000 0.43833691 0.00000000 0.43945312 0.03693257 0.43945312 0.03971445 0.43920974 0.04000442 0.43945312 0.05934647 0.43945312 0.27929688 0.42020996 0.27929688 0.29081105
0 0.27929688 0.15553077 0.27373562 0.15601732 0.27161984 0.15424197 0.27093889 0.14645870 0.26882311 0.14468334 0.16375545 0.15387557 0.16392566 0.15582114 0.15682384 0.16428531 0.15699406 0.16623088 0.14811684 0.17681034 0.14828705 0.17875591 0.14118518 0.18721959 0.14135540 0.18916515 0.13425358 0.19762933 0.13442379 0.19957489 0.12732192 0.20803857 0.12749214 0.20998414 0.11861492 0.22056360 0.11878513 0.22250917 0.11168281 0.23097338 0.11185303 0.23291895 0.10475166 0.24138258 0.10492187 0.24332815 0.12048742 0.24196634 0.12260320 0.24374170 0.12843990 0.24323105 0.13055623 0.24500686 0.13157756 0.25668077 0.12980171 0.25879659 0.12201944 0.25947745 0.12287056 0.26920579 0.12109475 0.27132212 0.11331198 0.27200302 0.11416310 0.28173136 0.11238775 0.28384714 0.10460498 0.28452805 0.10494545 0.28841968 0.27929688 0.27316591 0.27929688 0.15553077
0 0.27929688 0.00000000 0.27484396 0.00000000 0.26858120 0.00746367 0.26875143 0.00940933 0.25809888 0.02210482 0.25826911 0.02405054 0.24939139 0.03463014 0.24956162 0.03657581 0.24068443 0.04715567 0.24085465 0.04910124 0.23020208 0.06179648 0.23037234 0.06374254 0.22149462 0.07432205 0.22166483 0.07626762 0.21278761 0.08684707 0.21295783 0.08879264 0.23825171 0.08657971 0.24036754 0.08835557 0.24138887 0.10002947 0.23783821 0.10426154 0.23200101 0.10477223 0.23285212 0.11450057 0.23107677 0.11661635 0.22523957 0.11712704 0.22346421 0.11924282 0.22151865 0.11941304 0.22219960 0.12719631 0.22042424 0.12931209 0.21264097 0.12999304 0.21298140 0.13388418 0.21492747 0.13371392 0.21704325 0.13548927 0.27929688 0.13004278 0.27929688 0.00000000
0 0.38281255 0.00522320 0.41423293 0.22990220 0.42481253 0.23877954 0.45983500 0.23571547 0.42401255 0.00553984 0.38281255 0.00522320
0 0.69740532 0.10513796 0.69840286 0.07172073 0.68621803 0.06690501 0.69806241 0.06782935 0.71455229 0.05462316 0.70759683 0.01994114 0.63332006 0.02251834 0.54221295 0.03441035 0.54680905 0.08694406 0.57421898 0.08650659 0.59141357 0.12617455 0.69740532 0.10513796
0 0.61505134 0.69120968 0.65620603 0.74588948 0.67033427 0.73562884 0.63059071 0.68385665 0.61505134 0.69120968
0 0.57376026 0.62784465 0.61397939 0.68402185 0.62478093 0.67455025 0.59078575 0.61594245 0.57376026 0.62784465
0 0.61996328 0.65312101 0.64258889 0.68734570 0.64972121 0.67037826 0.63021972 0.64456760 0.61996328 0.65312101
0 0.65778781 0.71070170 0.67805806 0.73669410 0.68936438 0.72286308 0.67403341 0.69663070 0.65778781 0.71070170
0 0.69554223 0.72443218 0.70835398 0.71073218 0.68874238 0.68740542 0.67687786 0.69976385 0.69554223 0.72443218
0 0.66113879 0.67227318 0.67275833 0.65993814 0.65282873 0.62797928 0.63645527 0.64184385 0.66113879 0.67227318
