0 0.55329993 0.58113960 0.56689918 0.51931167 0.47372067 0.49297701 0.46012142 0.55480494 0.55329993 0.58113960
0 0.46009640 0.51101692 0.46406289 0.49298361 0.46235698 0.48976534 0.39417777 0.47049613 0.38284521 0.52201874 0.43284322 0.53614948 0.43454898 0.53936840 0.45045768 0.54386461 0.45725730 0.51295065 0.46009640 0.51101692
0 0.57029906 0.50385436 0.59239787 0.40338382 0.53330868 0.38668368 0.51120987 0.48715422 0.57029906 0.50385436
0 0.52194557 0.38347217 0.41967647 0.35456828 0.39701106 0.45761482 0.49928016 0.48651872 0.50211927 0.48458499 0.51061883 0.44594237 0.50891293 0.44272410 0.52194557 0.38347217
0 0.59960938 0.32333304 0.54803516 0.30875684 0.54633522 0.31648549 0.54804113 0.31970376 0.53614182 0.37380303 0.59523101 0.39050316 0.59960938 0.37059728 0.59960938 0.32333304
0 0.51109365 0.27916187 0.51166025 0.27658587 0.50995449 0.27336694 0.51165429 0.26563895 0.47983748 0.25664669 0.47813099 0.25342826 0.47869774 0.25085160 0.48153742 0.24891804 0.47983094 0.24569961 0.44574162 0.23606508 0.42250961 0.34168762 0.52477871 0.37059152 0.54291104 0.28815429 0.51563924 0.28044657 0.51280014 0.28238030 0.51109365 0.27916187
0 0.59960938 0.12358228 0.55303718 0.11041977 0.53207163 0.20573799 0.55934343 0.21344571 0.56104934 0.21666397 0.55934940 0.22439263 0.58889428 0.23274278 0.59060019 0.23596105 0.58946685 0.24111370 0.59960938 0.24398025 0.59960938 0.12358228
0 0.51496891 0.09692435 0.49400333 0.19224277 0.52354763 0.20059275 0.54394658 0.10785054 0.53031038 0.10399659 0.52860452 0.10077813 0.51496891 0.09692435
0 0.59960938 0.50161219 0.76589066 0.58166097 0.78625926 0.58070069 0.80423987 0.54895124 0.80517469 0.52905515 0.64359247 0.45052275 0.59960938 0.43499905 0.59960938 0.50161219
0 0.30172025 1.00000000 0.25226812 0.99341340 0.25056221 0.99189674 0.23010851 0.98917248 0.22784197 0.99402870 0.27267442 1.00000000 0.30172025 1.00000000
0 0.51471721 1.00000000 0.39200243 0.98365543 0.38803609 0.99215358 0.44694692 1.00000000 0.51471721 1.00000000
0 0.39993539 0.96665852 0.39596891 0.97515697 0.53460100 0.99362159 0.53800088 0.98633711 0.45163989 0.97483456 0.44993399 0.97331791 0.39993539 0.96665852
0 0.40786836 0.94966161 0.40333528 0.95937404 0.54196737 0.97783866 0.54593371 0.96934051 0.53002501 0.96722161 0.52831925 0.96570464 0.40786836 0.94966161
0 0.93940536 1.00000000 0.94204893 0.99541110 0.94482792 0.89545812 0.92682184 0.88694287 0.75438731 0.87615679 0.74735579 0.99316575 0.83537340 1.00000000 0.93940536 1.00000000
