0 0.00000000 0.36861901 0.01186870 0.37056801 0.01358925 0.36431447 0.00000000 0.36208293 0.00000000 0.36861901
0 0.00000000 0.34084078 0.01715698 0.34365818 0.02016797 0.33271438 0.00000000 0.32940253 0.00000000 0.34084078
0 0.00000000 0.31633037 0.02360908 0.32020729 0.02618996 0.31082678 0.00000000 0.30652604 0.00000000 0.31633037
0 0.00000000 0.29508780 0.02920095 0.29988297 0.03221183 0.28893957 0.00000000 0.28364997 0.00000000 0.29508780
0 0.67955650 0.16894056 0.71283952 0.24786782 0.74010616 0.22714470 0.77205393 0.30893922 0.80513145 0.28456525 0.74187502 0.12179700 0.67955650 0.16894056
0 0.76764448 0.15926930 0.79386276 0.22630994 0.86437737 0.17037539 0.85142463 0.13653031 0.83784813 0.14843149 0.82389690 0.11333463 0.76764448 0.15926930
0 0.31801273 0.80715290 0.34058719 0.72829353 0.33654929 0.72427380 0.33808449 0.71621660 0.31327353 0.70956784 0.31360977 0.71500653 0.26347083 0.70082084 0.26155817 0.70725740 0.25602630 0.70747681 0.25784062 0.69795467 0.16796988 0.66898878 0.16512150 0.67673459 0.13430287 0.66559902 0.12744839 0.69076848 0.13650112 0.69368064 0.13203510 0.71711976 0.14052958 0.72296181 0.13600645 0.73949729 0.23779420 0.77435122 0.24297393 0.75797143 0.24611733 0.75948236 0.24244746 0.78234470 0.31801273 0.80715290
0 0.16819887 0.85507558 0.20902185 0.87853574 0.21910218 0.84724110 0.18193963 0.82618003 0.16819887 0.85507558
0 0.23445237 0.40916808 0.22922566 0.43393934 0.27059100 0.44374792 0.27635431 0.40989849 0.27327397 0.40916808 0.23445237 0.40916808
0 0.37788878 0.59014987 0.38249436 0.56597828 0.33231420 0.55561065 0.32761027 0.57669666 0.37788878 0.59014987
0 0.83834841 0.67522113 0.86714759 0.69592483 0.88184425 0.66310153 0.85396345 0.64417416 0.83834841 0.67522113
0 0.80004974 0.56298413 0.79405074 0.56061690 0.79150271 0.57027174 0.78871097 0.56876081 0.78992510 0.55798426 0.78432331 0.55687143 0.78240209 0.56822475 0.78082030 0.56856799 0.77586649 0.58523617 0.76874356 0.61472263 0.77428338 0.61620170 0.77561021 0.61196256 0.77940061 0.61297455 0.77824139 0.61802402 0.78086552 0.61872463 0.78200643 0.61558420 0.78421503 0.61693944 0.77655264 0.64781299 0.78132338 0.65023508 0.78281784 0.64680625 0.78777452 0.64812963 0.78613780 0.65419996 0.79151000 0.65486871 0.79340167 0.65269429 0.79794282 0.65467229 0.79726110 0.65870089 0.80134307 0.65979074 0.79603153 0.68937803 0.80575895 0.69312350 0.81159165 0.66405813 0.83564653 0.57593315 0.82719103 0.57367562 0.83548023 0.54450056 0.82900374 0.54315418 0.82724308 0.54995698 0.82468093 0.54889013 0.82569083 0.54112132 0.82015102 0.53964225 0.81762130 0.54738806 0.81535072 0.54639906 0.81783677 0.53711045 0.81106871 0.53568623 0.80437961 0.56260903 0.80004974 0.56298413
0 0.75736267 0.66757036 0.76050509 0.65080133 0.75401029 0.65136399 0.75367924 0.63711263 0.74732669 0.63503379 0.74843518 0.62308069 0.74097834 0.62032422 0.74356298 0.60685133 0.73744003 0.60521656 0.73590896 0.61246344 0.73401023 0.60927702 0.73792171 0.59156498 0.73017329 0.58873067 0.72979020 0.59819796 0.72610544 0.59836252 0.72104312 0.59586258 0.71949375 0.60501849 0.71549912 0.60701423 0.70868739 0.60404721 0.70574214 0.61244765 0.70135030 0.61318899 0.69641193 0.60995659 0.69346669 0.61835703 0.68665496 0.61539002 0.68532106 0.61426831 0.68175607 0.62633112 0.67994468 0.62623028 0.67713044 0.63925909 0.67538103 0.63879202 0.67231889 0.65328577 0.67567547 0.65686142 0.67720235 0.66224527 0.68063920 0.66354565 0.68164492 0.66840756 0.68531137 0.67015203 0.68291971 0.68788706 0.68821162 0.69083108 0.68955257 0.69731363 0.69276689 0.70353078 0.69568964 0.70967008 0.69453748 0.72008039 0.70141119 0.72268117 0.69978154 0.73411234 0.70403112 0.73601250 0.70661863 0.74053116 0.70419455 0.74945353 0.71090064 0.75124399 0.71240922 0.75853686 0.71035699 0.76526181 0.71589680 0.76674088 0.71765327 0.77256880 0.71543342 0.77848344 0.72026614 0.78053929 0.72202262 0.78636721 0.72178178 0.79319300 0.72495243 0.79786736 0.72734695 0.79812389 0.72818505 0.80217548 0.72599056 0.81154193 0.73134445 0.81411971 0.73409958 0.81944870 0.73233892 0.82625150 0.73740124 0.82875143 0.73722943 0.84057183 0.74435104 0.84170766 0.74740193 0.83448378 0.75512498 0.83386627 0.75745047 0.82912819 0.76163103 0.82603375 0.76353394 0.81658945 0.76703277 0.81752360 0.76927799 0.81506079 0.77524456 0.80861536 0.78024491 0.81148153 0.78672140 0.81282790 0.79338382 0.81307557 0.80411541 0.77306910 0.79730368 0.77010209 0.79911926 0.75757221 0.79222724 0.75688047 0.79298219 0.74521576 0.78675359 0.74240444 0.78781842 0.72890855 0.78082076 0.72704025 0.78153203 0.71383275 0.77336810 0.71165306 0.77595274 0.69818017 0.76760288 0.69709919 0.77018752 0.68362630 0.76383498 0.68154745 0.76596043 0.66718639 0.75736267 0.66757036
