0 0.28774874 0.44921875 0.28793408 0.44604150 0.28608597 0.44419743 0.28629042 0.44069249 0.28444231 0.43884842 0.28464673 0.43534393 0.28279862 0.43349985 0.28300307 0.42999492 0.26544916 0.42916839 0.26360055 0.42732429 0.26298725 0.43783820 0.26093471 0.43949862 0.22777722 0.43793739 0.21751399 0.44624033 0.28077012 0.44921875 0.28774874 0.44921875
0 0.48528546 0.44921875 0.49055174 0.35893783 0.45349310 0.35719292 0.45164501 0.35534839 0.44969419 0.35525654 0.44908087 0.36577090 0.44702833 0.36743131 0.43727621 0.36697213 0.43542810 0.36512806 0.41787369 0.36430150 0.41736261 0.37306317 0.41531007 0.37472359 0.40165681 0.37408072 0.40114569 0.38284284 0.39909316 0.38450325 0.37568778 0.38340120 0.37383967 0.38155713 0.37188934 0.38146530 0.36983631 0.38312569 0.36973410 0.38487793 0.36768156 0.38653834 0.36757935 0.38829059 0.36552679 0.38995145 0.36532236 0.39345594 0.36326980 0.39511680 0.36316759 0.39686904 0.36111505 0.39852945 0.37476782 0.39917229 0.37661643 0.40101639 0.41172425 0.40266945 0.41357236 0.40451352 0.42137415 0.40488087 0.42322274 0.40672542 0.42271165 0.41548709 0.43441409 0.41603810 0.43626220 0.41788217 0.43554666 0.43014878 0.43349413 0.43180919 0.42179169 0.43125818 0.41994308 0.42941408 0.41943199 0.43817575 0.42138282 0.43826760 0.42323090 0.44011213 0.42269969 0.44921875 0.48528546 0.44921875
0 0.00000000 0.43599866 0.10243741 0.44082193 0.10253963 0.43906969 0.10069104 0.43722514 0.10089547 0.43372066 0.09904738 0.43187613 0.09925180 0.42837164 0.09740369 0.42652757 0.09760814 0.42302263 0.09576003 0.42117856 0.09596448 0.41767362 0.09411637 0.41582955 0.09462746 0.40706788 0.09277885 0.40522378 0.09318772 0.39821436 0.09133961 0.39637028 0.09154406 0.39286535 0.09359660 0.39120494 0.12090312 0.39249067 0.12275123 0.39433474 0.12264902 0.39608698 0.12449711 0.39793151 0.12419047 0.40318824 0.14564553 0.40419845 0.14749364 0.40604253 0.18455228 0.40778744 0.18640037 0.40963196 0.20200395 0.41036666 0.20261728 0.39985230 0.20467032 0.39819191 0.22027390 0.39892661 0.22212201 0.40077068 0.23382445 0.40132169 0.23402887 0.39781721 0.23218079 0.39597268 0.23238521 0.39246819 0.23053710 0.39062412 0.23074155 0.38711918 0.22889294 0.38527508 0.22919961 0.38001790 0.22735149 0.37817383 0.22755592 0.37466934 0.22570783 0.37282482 0.22591226 0.36932033 0.22406417 0.36747581 0.22426860 0.36397132 0.22242049 0.36212724 0.22262494 0.35862231 0.22077633 0.35677821 0.22098077 0.35327327 0.21913266 0.35142920 0.21933709 0.34792471 0.21748898 0.34608064 0.21769343 0.34257570 0.21584482 0.34073160 0.21604927 0.33722667 0.17899112 0.33548178 0.17714301 0.33363770 0.17724523 0.33188546 0.17539661 0.33004136 0.17570328 0.32478418 0.17385519 0.32293966 0.17426404 0.31593068 0.17241595 0.31408616 0.17251817 0.31233392 0.17457070 0.31067350 0.18237250 0.31104085 0.18442506 0.30937999 0.20783044 0.31048204 0.20598233 0.30863796 0.20618675 0.30513347 0.20433864 0.30328940 0.20454309 0.29978446 0.20269448 0.29794036 0.20289893 0.29443543 0.20105082 0.29259135 0.20135748 0.28733417 0.19950937 0.28549010 0.19971382 0.28198516 0.19786571 0.28014109 0.19807013 0.27663660 0.19622202 0.27479253 0.19642647 0.27128759 0.19457786 0.26944349 0.19478231 0.26593855 0.19293420 0.26409448 0.19313862 0.26058999 0.19129054 0.25874547 0.19149496 0.25524098 0.18964638 0.25339643 0.18985080 0.24989195 0.18800269 0.24804787 0.18820714 0.24454293 0.18635903 0.24269886 0.18656348 0.23919392 0.18471537 0.23734985 0.18081422 0.23716616 0.17896611 0.23532209 0.15556073 0.23422004 0.15371262 0.23237597 0.14591083 0.23200862 0.14519529 0.24427522 0.14314226 0.24593561 0.12558835 0.24510908 0.12374023 0.24326501 0.11398812 0.24280583 0.11347703 0.25156750 0.11142400 0.25322788 0.07826650 0.25166666 0.07785762 0.25867608 0.07580509 0.26033650 0.04654834 0.25895894 0.04613946 0.26596836 0.04798745 0.26781288 0.04778302 0.27131737 0.04963164 0.27316147 0.04942719 0.27666640 0.05127530 0.27851048 0.05107085 0.28201542 0.05291896 0.28385949 0.05271453 0.28736398 0.05456314 0.28920808 0.05435869 0.29271301 0.05620680 0.29455709 0.05600236 0.29806202 0.05785047 0.29990610 0.05774825 0.30165834 0.05569572 0.30331876 0.02448845 0.30184936 0.02438621 0.30360205 0.02233352 0.30526246 0.02202686 0.31051963 0.01997417 0.31218004 0.01217238 0.31181269 0.01032417 0.30996861 0.00000000 0.30948250 0.00000000 0.43599866
0 0.27562919 0.08699967 0.27357666 0.08866009 0.26187372 0.08810905 0.26166927 0.09161399 0.26362009 0.09170584 0.26546820 0.09354992 0.26516154 0.09880710 0.26310900 0.10046751 0.25140606 0.09991648 0.24955795 0.09807240 0.23005322 0.09715402 0.22943989 0.10766838 0.22738736 0.10932879 0.20593280 0.10831860 0.20408419 0.10647450 0.20213387 0.10638267 0.20152057 0.11689658 0.19946803 0.11855699 0.19761942 0.11671290 0.17421454 0.11561088 0.17236593 0.11376678 0.17041561 0.11367495 0.16836307 0.11533536 0.16795420 0.12234478 0.16590116 0.12400517 0.13664481 0.12262763 0.13603149 0.13314199 0.13397845 0.13480238 0.11252389 0.13379219 0.11067578 0.13194812 0.10287349 0.13158074 0.10236240 0.14034241 0.09825731 0.14366369 0.08265372 0.14292899 0.08244929 0.14643347 0.08429741 0.14827755 0.08419520 0.15002979 0.09394781 0.15048900 0.09600035 0.14882858 0.10185132 0.14910408 0.10369993 0.15094818 0.10318881 0.15971029 0.10513914 0.15980212 0.10698725 0.16164620 0.14599621 0.16348294 0.14784433 0.16532702 0.15954727 0.16587805 0.16016056 0.15536414 0.16221313 0.15370328 0.17391607 0.15425431 0.17576415 0.15609884 0.21672344 0.15802741 0.21857205 0.15987151 0.21826539 0.16512869 0.21621236 0.16678907 0.20841056 0.16642173 0.20687728 0.19270718 0.20482474 0.19436759 0.19507262 0.19390841 0.19466375 0.20091783 0.20246554 0.20128518 0.20616174 0.20497378 0.20575289 0.21198276 0.20164779 0.21530403 0.19979968 0.21345996 0.18809674 0.21290892 0.18768787 0.21991835 0.19158851 0.22010201 0.19343712 0.22194611 0.19282380 0.23246047 0.19467191 0.23430454 0.21807729 0.23540658 0.21992540 0.23725066 0.21941432 0.24601233 0.23501790 0.24674702 0.23871460 0.25043565 0.23810130 0.26094956 0.23604824 0.26261039 0.22239547 0.26196755 0.22034244 0.26362794 0.20864000 0.26307693 0.20823112 0.27008636 0.21007923 0.27193043 0.20967036 0.27893985 0.21151897 0.28078395 0.21131452 0.28428889 0.21316263 0.28613296 0.21306042 0.28788521 0.21490850 0.28972973 0.21470408 0.29323422 0.21655219 0.29507829 0.21634774 0.29858323 0.21819585 0.30042730 0.21799140 0.30393224 0.21984001 0.30577634 0.21963559 0.30928083 0.22148370 0.31112490 0.22127925 0.31462984 0.22312736 0.31647391 0.22292291 0.31997885 0.22477152 0.32182295 0.22456710 0.32532743 0.22641518 0.32717196 0.22621076 0.33067644 0.22805884 0.33252097 0.22785442 0.33602546 0.22970253 0.33786953 0.22949808 0.34137447 0.23134619 0.34321854 0.23124398 0.34497079 0.23309257 0.34681533 0.23288814 0.35031982 0.23473625 0.35216389 0.23453180 0.35566883 0.23637991 0.35751291 0.23617546 0.36101784 0.23802407 0.36286194 0.23781965 0.36636643 0.23966776 0.36821050 0.23946331 0.37171544 0.24131142 0.37355952 0.24110697 0.37706445 0.24295508 0.37890853 0.24275066 0.38241301 0.24459874 0.38425754 0.24439432 0.38776202 0.24624290 0.38960657 0.24603848 0.39311106 0.24788659 0.39495513 0.24768214 0.39846007 0.24953025 0.40030414 0.24942804 0.40205639 0.27283342 0.40315843 0.27468150 0.40500296 0.28638444 0.40555399 0.28453636 0.40370947 0.28484302 0.39845229 0.28299491 0.39660821 0.28330154 0.39135148 0.28145296 0.38950694 0.28175962 0.38424975 0.27991151 0.38240568 0.28021815 0.37714895 0.27837006 0.37530443 0.28042260 0.37364401 0.31358010 0.37520524 0.31388676 0.36994806 0.31203865 0.36810398 0.31214086 0.36635174 0.31029275 0.36450766 0.31049720 0.36100273 0.30864859 0.35915863 0.30885304 0.35565369 0.30700493 0.35380962 0.30720935 0.35030513 0.30536126 0.34846061 0.30556569 0.34495612 0.30371760 0.34311160 0.30392203 0.33960711 0.30207392 0.33776303 0.30227837 0.33425810 0.30042976 0.33241400 0.30053197 0.33066176 0.29868388 0.32881723 0.29888831 0.32531274 0.29704020 0.32346867 0.29724465 0.31996373 0.29539604 0.31811963 0.29560049 0.31461470 0.29375238 0.31277062 0.29395680 0.30926614 0.29210869 0.30742206 0.29231314 0.30391712 0.29046503 0.30207305 0.29066948 0.29856811 0.28882137 0.29672404 0.28902579 0.29321955 0.28717721 0.29137500 0.28727942 0.28962276 0.28543131 0.28777869 0.28563576 0.28427375 0.28378764 0.28242968 0.28399207 0.27892519 0.28214348 0.27708064 0.28419652 0.27542025 0.29980011 0.27615495 0.30041341 0.26564104 0.30246597 0.26398018 0.31221808 0.26443936 0.31283138 0.25392544 0.31488392 0.25226503 0.31519058 0.24700785 0.31724364 0.24534701 0.32309511 0.24562253 0.32514765 0.24396212 0.34075123 0.24469681 0.34095566 0.24119233 0.34300819 0.23953191 0.34331486 0.23427473 0.34536742 0.23261387 0.35707036 0.23316491 0.35727478 0.22966042 0.35932732 0.22800001 0.35942953 0.22624776 0.36148209 0.22458690 0.36928389 0.22495425 0.37133692 0.22329386 0.37328724 0.22338569 0.37369612 0.21637627 0.37574865 0.21471586 0.38355045 0.21508321 0.38170234 0.21323913 0.38190679 0.20973420 0.38005818 0.20789010 0.38036484 0.20263292 0.37851673 0.20078884 0.37872118 0.19728391 0.37687306 0.19543983 0.37707752 0.19193489 0.37522940 0.19009082 0.37543383 0.18658633 0.37358572 0.18474226 0.37368796 0.18298956 0.37183934 0.18114546 0.37194156 0.17939322 0.36454864 0.17201645 0.36465085 0.17026421 0.36095465 0.16657561 0.36136353 0.15956619 0.36341607 0.15790577 0.36536639 0.15799760 0.36587750 0.14923549 0.36197685 0.14905183 0.35828013 0.14536365 0.35838234 0.14361141 0.36043538 0.14195102 0.36433603 0.14213468 0.36454048 0.13862974 0.36659301 0.13696933 0.37049416 0.13715302 0.37254672 0.13549216 0.37285336 0.13023543 0.37100524 0.12839135 0.37110748 0.12663866 0.36925887 0.12479456 0.36936108 0.12304232 0.36751300 0.12119779 0.36761521 0.11944555 0.36576710 0.11760147 0.36586931 0.11584923 0.36402120 0.11400515 0.36422565 0.11050022 0.36237754 0.10865614 0.36247978 0.10690345 0.36063117 0.10505935 0.36073338 0.10330711 0.35888527 0.10146304 0.35898748 0.09971079 0.35713939 0.09786627 0.35724161 0.09611402 0.35539300 0.09426993 0.35549523 0.09251723 0.35364712 0.09067316 0.35374934 0.08892091 0.35190123 0.08707684 0.35200344 0.08532460 0.35015535 0.08348007 0.35025756 0.08172783 0.34840945 0.07988375 0.34861390 0.07637882 0.34676529 0.07453472 0.34686750 0.07278247 0.33126392 0.07204778 0.32941581 0.07020370 0.30991107 0.06928532 0.30929777 0.07979923 0.30724524 0.08145964 0.30529492 0.08136781 0.30344680 0.07952374 0.27614028 0.07823801 0.27562919 0.08699967
0 0.50000000 0.02024886 0.49857702 0.02018186 0.49672891 0.01833769 0.48697679 0.01787851 0.48687458 0.01963085 0.48482154 0.02129137 0.48441266 0.02830079 0.48236012 0.02996134 0.42969839 0.02748176 0.42764535 0.02914224 0.41984355 0.02877489 0.41779101 0.03043539 0.41193954 0.03015987 0.40988700 0.03182042 0.40917147 0.04408689 0.40711893 0.04574744 0.40701671 0.04749981 0.40496367 0.04916029 0.39521155 0.04870111 0.39470046 0.05746278 0.39264790 0.05912364 0.37899464 0.05848078 0.37694210 0.06014119 0.37581772 0.07941677 0.37376515 0.08107763 0.37304964 0.09334378 0.37499997 0.09343562 0.37684805 0.09528014 0.37879887 0.09537199 0.38064699 0.09721607 0.38454763 0.09739973 0.38639575 0.09924380 0.38608908 0.10450099 0.38793769 0.10634508 0.38752882 0.11335451 0.38937690 0.11519903 0.38896805 0.12220801 0.39081614 0.12405253 0.39071393 0.12580477 0.39256254 0.12764887 0.39235809 0.13115381 0.39420620 0.13299788 0.39400178 0.13650237 0.39584986 0.13834689 0.39574765 0.14009914 0.39759576 0.14194321 0.39739131 0.14544815 0.39923942 0.14729222 0.39903500 0.15079671 0.40088358 0.15264126 0.40078137 0.15439350 0.40262948 0.15623758 0.40242503 0.15974251 0.40427314 0.16158659 0.40406872 0.16509108 0.40591730 0.16693562 0.40581509 0.16868787 0.40766320 0.17053194 0.40745875 0.17403688 0.40930686 0.17588095 0.40910244 0.17938544 0.41095052 0.18122996 0.41084831 0.18298221 0.41269642 0.18482628 0.41136759 0.20760680 0.40931502 0.20926766 0.40819061 0.22854369 0.40613808 0.23020410 0.40418775 0.23011227 0.39597709 0.23675434 0.39402626 0.23666249 0.38581609 0.24330459 0.38386527 0.24321273 0.37565460 0.24985481 0.37370428 0.24976297 0.36549361 0.25640505 0.36354329 0.25631322 0.35533262 0.26295529 0.35338230 0.26286346 0.34517113 0.26950552 0.34322081 0.26941368 0.33501014 0.27605576 0.33305982 0.27596393 0.32895424 0.27928473 0.32823871 0.29155133 0.32618617 0.29321175 0.32393735 0.33176380 0.32588767 0.33185563 0.32773628 0.33369973 0.33358775 0.33397525 0.33543586 0.33581932 0.33472033 0.34808593 0.33656844 0.34993000 0.33544403 0.36920603 0.35104761 0.36994072 0.35155870 0.36117906 0.35361126 0.35951820 0.39457105 0.36144679 0.39508214 0.35268512 0.39713467 0.35102471 0.41273826 0.35175941 0.41479079 0.35009900 0.41530188 0.34133733 0.41735444 0.33967647 0.43880950 0.34068668 0.44065758 0.34253121 0.44260841 0.34262306 0.44466097 0.34096220 0.44506984 0.33395277 0.44322173 0.33210870 0.44527427 0.33044829 0.45697671 0.33099930 0.45882532 0.33284340 0.47442890 0.33357809 0.47504223 0.32306373 0.47709477 0.32140332 0.49269835 0.32213802 0.50000000 0.19696434 0.50000000 0.02024886
0 0.44057491 0.00866500 0.40351627 0.00692009 0.40341405 0.00867245 0.42486911 0.00968266 0.42671721 0.01152685 0.43841965 0.01207786 0.43852187 0.01032550 0.44057491 0.00866500
0 1.00000000 0.44921875 1.00000000 0.37203158 0.91566866 0.37014949 0.84367520 0.37818060 0.84018170 0.44921875 1.00000000 0.44921875
0 0.00000000 0.86098797 0.01659268 0.86194587 0.01996591 0.79104362 0.02201855 0.78900781 0.03567171 0.78979601 0.03751992 0.79205702 0.03947039 0.79216962 0.04263915 0.72556527 0.04469186 0.72352892 0.04520295 0.71278635 0.04725559 0.71075055 0.05505738 0.71120095 0.05710992 0.70916514 0.06491171 0.70961554 0.06664945 0.67308993 0.06870198 0.67105412 0.07207519 0.60015242 0.02916558 0.59767523 0.02731739 0.59541367 0.00586244 0.59417507 0.00000000 0.71739802 0.00000000 0.86098797
0 0.67366795 0.44921875 0.65675698 0.45809304 0.72081675 0.75976197 0.84912063 0.69055981 0.80112589 0.46446069 0.75344196 0.48196591 0.74700245 0.44921875 0.67366795 0.44921875
0 0.75007811 0.88567894 0.86922477 0.83021422 0.87809812 0.76261504 0.86080624 0.70820252 0.72687544 0.77533512 0.75007811 0.88567894
0 0.80893985 1.00000000 0.89225530 0.95787489 0.86571153 0.95707907 0.86655281 0.85496611 0.76005289 0.90933426 0.78297571 1.00000000 0.80893985 1.00000000
