0 0.53381401 0.56875000 0.53735813 0.49881863 0.45153841 0.49416768 0.44928059 0.49627048 0.44560732 0.56875000 0.53381401 0.56875000
0 0.43915303 0.56875000 0.44295643 0.49370259 0.30564487 0.48626107 0.30148455 0.56835099 0.30884714 0.56875000 0.43915303 0.56875000
0 0.00000000 0.55201221 0.27573863 0.56695570 0.27989895 0.48486578 0.27346234 0.48451696 0.27120452 0.48661975 0.02876366 0.47348081 0.02650570 0.47558303 0.00000000 0.47414657 0.00000000 0.55201221
0 0.00000000 0.45634874 0.14111667 0.46399647 0.14314959 0.46633123 0.28260651 0.47388902 0.28283137 0.46945203 0.28079848 0.46711671 0.28653293 0.35396675 0.28438757 0.35385048 0.28235410 0.35151569 0.01416759 0.33698148 0.01248101 0.37026058 0.01022308 0.37236337 0.00378657 0.37201455 0.00333684 0.38088852 0.00107891 0.38299131 0.00000000 0.38293284 0.00000000 0.45634874
0 0.53803276 0.48550711 0.54444187 0.35904506 0.45862214 0.35439411 0.45221304 0.48085616 0.53803276 0.48550711
0 0.30609461 0.47738710 0.41980561 0.48354960 0.42048026 0.47023751 0.42273805 0.46813528 0.43132003 0.46860037 0.43357836 0.46649818 0.44645105 0.46719580 0.45229798 0.35182622 0.36004164 0.34682644 0.35778382 0.34892924 0.33632917 0.34776651 0.33531721 0.36773409 0.33305887 0.36983628 0.31160421 0.36867356 0.30609461 0.47738710
0 0.00000000 0.31396611 0.03245596 0.31572504 0.03436744 0.27800839 0.03662537 0.27590560 0.03730000 0.26259407 0.00082664 0.26061742 0.00000000 0.27692836 0.00000000 0.31396611
0 0.45093969 0.33617993 0.45420046 0.27183966 0.31688890 0.26439814 0.31362813 0.32873842 0.45093969 0.33617993
0 0.54522896 0.34351447 0.54871462 0.27473665 0.46289489 0.27008570 0.45940923 0.33886352 0.54522896 0.34351447
0 0.28776978 0.32956162 0.29013102 0.28297043 0.28809810 0.28063567 0.28595220 0.28051938 0.28369441 0.28262160 0.23863919 0.28017986 0.23638140 0.28228209 0.22779888 0.28181696 0.22576595 0.27948220 0.22677791 0.25951463 0.11092156 0.25323586 0.10888811 0.25090051 0.04452359 0.24741231 0.04193745 0.29844106 0.03967955 0.30054328 0.03900490 0.31385537 0.04329583 0.31408792 0.04532892 0.31642268 0.28776978 0.32956162
0 0.98675692 0.56875000 0.99572843 0.35238901 0.97817417 0.35122626 0.97651087 0.34889150 0.91331635 0.34470565 0.91165305 0.34237088 0.85021381 0.33830130 0.84855053 0.33596597 0.78360072 0.33166385 0.78193697 0.32932906 0.71523186 0.32491067 0.71356856 0.32257591 0.64686300 0.31815750 0.64519973 0.31582217 0.64344444 0.31570590 0.64178069 0.31337111 0.64270064 0.29118505 0.60408199 0.28862704 0.60241869 0.28629228 0.56204421 0.28361797 0.56038080 0.28128264 0.55000000 0.28059504 0.55000000 0.55201221 0.80269311 0.56875000 0.98675692 0.56875000
0 1.00000000 0.01451320 0.87279025 0.00608713 0.87269825 0.00830577 0.87085096 0.01040814 0.86772307 0.08584172 0.86587579 0.08794395 0.86283988 0.16115933 0.86099260 0.16326156 0.85896868 0.21207124 0.89407630 0.21439669 0.89574002 0.21673204 0.90978325 0.21766223 0.91144655 0.21999699 0.91080257 0.23552758 0.90895529 0.23762981 0.90674736 0.29087704 0.95940924 0.29436524 0.96107254 0.29670000 0.99793635 0.29914177 1.00000000 0.24937399 1.00000000 0.01451320
0 0.56148297 0.00000000 0.55205630 0.22733776 0.57312114 0.22873304 0.57478451 0.23106837 0.62393572 0.23432403 0.62559902 0.23665879 0.67299502 0.23979819 0.67465877 0.24213298 0.69923420 0.24376080 0.70089750 0.24609556 0.70025351 0.26162614 0.70191726 0.26396093 0.70173326 0.26839849 0.72981971 0.27025887 0.73148301 0.27259362 0.78590063 0.27619812 0.78756393 0.27853288 0.81038407 0.28004443 0.81084404 0.26895140 0.81269133 0.26684917 0.81600321 0.18697831 0.81785097 0.18487554 0.82116283 0.10500525 0.82301013 0.10290246 0.82632201 0.02303172 0.82816930 0.02092938 0.82890527 0.00318030 0.78089182 0.00000000 0.56148297 0.00000000
0 1.00000000 0.80708617 0.99779109 0.79196301 0.94761429 0.79402728 0.94120267 0.76709231 0.91327976 0.76249965 0.90530779 0.73548290 0.85521276 0.73598682 0.84584397 0.70576758 0.79837901 0.71579720 0.80588953 0.75021590 0.83208635 0.74803174 0.84722338 0.82115171 0.81623535 0.82427042 0.80209484 0.75475974 0.75363253 0.76352076 0.75635101 0.80121469 0.73409712 0.80787163 0.73689737 0.84400521 0.69247135 0.85575874 0.69880120 0.88425407 0.76827473 0.87224858 0.76539270 0.83767536 0.77820267 0.83208813 0.79224589 0.83282410 0.79857574 0.86131943 0.81097683 0.86353399 1.00000000 0.82399863 1.00000000 0.80708617
0 0.69991950 0.74349469 0.62428632 0.75361272 0.62207176 0.76601381 0.63900365 0.83105159 0.67513722 0.82825134 0.67685449 0.79548381 0.70666486 0.79391681 0.69991950 0.74349469
