0 0.08912231 0.00000000 0.08244234 0.03830768 0.08110389 0.03949510 0.07233502 0.08978206 0.07099657 0.09096948 0.06251055 0.13963438 0.06117210 0.14082181 0.05721194 0.16353220 0.06776851 0.16787870 0.06890005 0.16138966 0.07023850 0.16020224 0.07973974 0.16411422 0.08313413 0.14464834 0.08447259 0.14346092 0.09267568 0.09641849 0.09401414 0.09523106 0.10250016 0.04656616 0.10383888 0.04537885 0.11175189 0.00000000 0.08912231 0.00000000
0 0.27978516 0.33161726 0.77489184 0.40539351 0.83409532 0.24682331 0.68069957 0.22409182 0.66980567 0.23965641 0.53923836 0.22004133 0.54223682 0.20281587 0.28933741 0.16538011 0.27978516 0.18666053 0.27978516 0.33161726
0 0.80689612 0.36950459 0.93221239 0.38790851 0.94665870 0.36100391 0.93171190 0.35708748 0.93495925 0.33581367 0.95172628 0.33902513 0.97915884 0.26542101 0.85165915 0.24837545 0.80689612 0.36950459
0 1.00000000 0.16395721 0.99542726 0.16268295 0.97152856 0.22679719 0.99930648 0.23212397 1.00000000 0.23062834 1.00000000 0.16395721
0 0.99255921 0.14340536 0.97481521 0.14021417 0.94180686 0.22433930 0.95759771 0.22633541 0.99255921 0.14340536
0 0.94373546 0.15718497 0.92979262 0.15230571 0.90227923 0.21704972 0.93176302 0.22052877 0.96832338 0.13722321 0.95405000 0.13511674 0.94373546 0.15718497
0 0.92934868 0.12525985 0.91207556 0.12249704 0.87458209 0.21131538 0.88993363 0.21438604 0.92934868 0.12525985
0 0.41683616 0.05842914 0.40965823 0.07035120 0.33859949 0.05563449 0.33132117 0.07184907 0.30631158 0.13024449 0.85370307 0.21241706 0.89536025 0.11996897 0.52074573 0.06278692 0.51374024 0.07297119 0.41683616 0.05842914
0 0.21104337 0.94219823 0.23799615 0.87439237 0.23691274 0.86554481 0.23244509 0.86238174 0.22747734 0.86748989 0.20109029 0.93242775 0.20154233 0.93874009 0.20495431 0.94151891 0.21104337 0.94219823
0 0.19288989 0.93097997 0.18518959 0.92126097 0.16531117 0.91018335 0.16186130 0.91046463 0.15872203 0.91777525 0.15055681 0.95630097 0.17486497 0.97360176 0.19288989 0.93097997
0 0.06812057 0.47366437 0.06504694 0.48637820 0.06975956 0.49116738 0.13545612 0.51661622 0.13751197 0.50045805 0.12305335 0.49058462 0.12458137 0.47423433 0.11311042 0.46929072 0.11174414 0.46187715 0.11358277 0.45255619 0.10911512 0.44939312 0.09693701 0.44803450 0.09343908 0.46289932 0.08326878 0.45996606 0.07966731 0.47248777 0.06812057 0.47366437
