0 0.00000000 0.40969921 0.00611405 0.48318363 0.03690511 0.47390004 0.03495438 0.45045431 0.03625009 0.44705961 0.04394768 0.44473876 0.04573135 0.44720502 0.06420599 0.44163486 0.06176755 0.41232733 0.06306318 0.40893265 0.06281935 0.40600212 0.06411492 0.40260669 0.07181298 0.40028571 0.07359632 0.40275283 0.07821469 0.40136038 0.07699550 0.38670699 0.07829146 0.38331144 0.09368679 0.37866970 0.09051687 0.34057059 0.09181289 0.33717579 0.09034982 0.31959112 0.07341463 0.32469713 0.07439000 0.33641999 0.07309404 0.33981554 0.04692173 0.34770656 0.04513839 0.34523944 0.02820328 0.35034542 0.02942247 0.36499881 0.02812683 0.36839426 0.00000000 0.37687458 0.00000000 0.40969921
0 0.20186660 0.37008706 0.20008332 0.36762068 0.18930635 0.37086997 0.19052554 0.38552336 0.18922991 0.38891804 0.18153224 0.39123891 0.17974896 0.38877253 0.14433914 0.39944869 0.14255586 0.39698231 0.14133667 0.38232892 0.11516397 0.39022007 0.11338062 0.38775294 0.10876226 0.38914539 0.11241989 0.43310632 0.12473632 0.42939288 0.12651960 0.43185926 0.12798268 0.44944393 0.12668705 0.45283861 0.08511901 0.46537149 0.08333534 0.46290523 0.08179588 0.46336938 0.08301508 0.47802277 0.08171951 0.48141820 0.04784914 0.49163021 0.04606587 0.48916306 0.03682860 0.49194813 0.03756014 0.50074046 0.03626439 0.50413518 0.02240839 0.50831280 0.02362764 0.52296694 0.02233194 0.52636165 0.02330730 0.53808451 0.03716326 0.53390690 0.03894666 0.53637324 0.03919048 0.53930377 0.04380912 0.53791124 0.04559258 0.54037833 0.08716043 0.52784550 0.08545352 0.50733031 0.08674915 0.50393563 0.10214488 0.49929377 0.10141334 0.49050143 0.10270891 0.48710601 0.13042106 0.47875071 0.12993341 0.47288965 0.13122904 0.46949497 0.16202010 0.46021138 0.16080085 0.44555724 0.16209648 0.44216256 0.16825469 0.44030584 0.17003797 0.44277222 0.19313137 0.43580949 0.19166836 0.41822557 0.19296398 0.41483089 0.19758274 0.41343832 0.19936642 0.41590458 0.20706408 0.41358371 0.20608872 0.40186085 0.20738435 0.39846617 0.21200311 0.39707360 0.21378639 0.39953998 0.23687979 0.39257725 0.23590442 0.38085439 0.23720005 0.37745971 0.28184700 0.36399853 0.28087163 0.35227566 0.28216765 0.34888087 0.29602353 0.34470328 0.29731910 0.34130785 0.28927235 0.24459442 0.27541647 0.24877200 0.27363319 0.24630562 0.27290165 0.23751329 0.27419728 0.23411861 0.25880155 0.23876047 0.25701827 0.23629409 0.24162254 0.24093595 0.24032691 0.24433063 0.24959285 0.35569745 0.24829728 0.35909288 0.24059962 0.36141375 0.23881588 0.35894674 0.20186660 0.37008706
0 0.13903680 0.25984814 0.14365556 0.25845557 0.14543890 0.26092270 0.14690191 0.27850662 0.14560629 0.28190130 0.14804473 0.31120883 0.14674871 0.31460363 0.15186936 0.37614848 0.18266081 0.36686476 0.18144162 0.35221137 0.18273725 0.34881669 0.18029881 0.31950916 0.18159444 0.31611448 0.19545032 0.31193689 0.19471884 0.30314531 0.18702118 0.30546617 0.18523783 0.30299905 0.17907962 0.30485577 0.17729634 0.30238939 0.17705251 0.29945886 0.17834808 0.29606343 0.17639735 0.27261770 0.17769298 0.26922302 0.19000941 0.26550959 0.18879021 0.25085619 0.19008584 0.24746151 0.19162530 0.24699737 0.19089376 0.23820503 0.16472145 0.24609606 0.16293817 0.24362968 0.15985926 0.24455798 0.15807559 0.24209172 0.15710016 0.23036811 0.14478373 0.23408155 0.14575916 0.24580516 0.14446353 0.24919984 0.13060765 0.25337743 0.13158302 0.26510029 0.13774123 0.26324357 0.13903680 0.25984814
0 0.00000000 0.32880683 0.01960669 0.32289536 0.02139009 0.32536170 0.02754830 0.32350498 0.02632911 0.30885159 0.02762485 0.30545687 0.02738097 0.30252560 0.02867668 0.29913089 0.03483489 0.29727418 0.03661817 0.29974055 0.07356745 0.28860024 0.07015370 0.24757059 0.07144972 0.24417579 0.06925511 0.21779879 0.06617580 0.21872721 0.06439252 0.21626083 0.05361555 0.21951012 0.05434709 0.22830245 0.05175544 0.23509193 0.04867653 0.23602023 0.04689325 0.23355385 0.03919519 0.23587484 0.04041438 0.25052823 0.03911881 0.25392366 0.03296060 0.25578038 0.03117725 0.25331325 0.02347950 0.25563414 0.02469870 0.27028753 0.02340301 0.27368300 0.00954701 0.27786062 0.01076620 0.29251401 0.00947050 0.29590872 0.00000000 0.29876410 0.00000000 0.32880683
0 0.10821692 0.15497989 0.10692129 0.15837457 0.09152595 0.16301631 0.09250132 0.17473917 0.09120569 0.17813385 0.07734941 0.18231156 0.08222630 0.24092663 0.08093067 0.24432130 0.08361288 0.27655862 0.11132503 0.26820332 0.11310838 0.27067045 0.11464783 0.27020630 0.11220939 0.24089876 0.11350502 0.23750408 0.11057892 0.20233550 0.11187455 0.19894081 0.12419098 0.19522738 0.12597465 0.19769364 0.13213286 0.19583692 0.13066985 0.17825300 0.13196541 0.17485757 0.13374876 0.17732470 0.15684215 0.17036197 0.15862544 0.17282835 0.15765007 0.16110549 0.15894564 0.15771006 0.17126206 0.15399662 0.17028676 0.14227450 0.16412894 0.14413111 0.16234520 0.14166410 0.15618699 0.14352082 0.15440371 0.14105444 0.15220915 0.11467818 0.11987863 0.12442593 0.12085400 0.13614879 0.11955798 0.13954359 0.11493961 0.14093604 0.11315633 0.13846966 0.10699773 0.14032650 0.10821692 0.15497989
0 0.20895081 0.00000000 0.21004263 0.01312250 0.20874701 0.01651733 0.19489113 0.02069491 0.19586650 0.03241778 0.19457088 0.03581260 0.17917515 0.04045446 0.18161357 0.06976170 0.18031795 0.07315652 0.16646207 0.07733411 0.16890045 0.10664090 0.18121688 0.10292746 0.18300022 0.10539459 0.18348787 0.11125564 0.18527121 0.11372277 0.18746577 0.14009903 0.20286150 0.13545717 0.20139842 0.11787250 0.20269405 0.11447782 0.23194566 0.10565837 0.23372894 0.10812475 0.24758482 0.10394716 0.24685334 0.09515558 0.24944494 0.08836535 0.26176136 0.08465192 0.26029834 0.06706800 0.26159391 0.06367257 0.27544979 0.05949498 0.27349907 0.03604940 0.25964319 0.04022699 0.25785990 0.03776046 0.25712837 0.02896828 0.25842399 0.02557345 0.25671710 0.00505840 0.25493381 0.00259187 0.24261738 0.00630531 0.24083409 0.00383878 0.24051469 0.00000000 0.20895081 0.00000000
0 0.18381673 0.00000000 0.16214933 0.00653278 0.16385623 0.02704783 0.17925195 0.02240597 0.17803275 0.00775236 0.17932836 0.00435749 0.19010533 0.00110820 0.19188863 0.00357477 0.19318424 0.00017990 0.19316927 0.00000000 0.18381673 0.00000000
0 0.09062702 0.13324537 0.09192259 0.12984994 0.09654135 0.12845738 0.09783698 0.12506270 0.10707450 0.12227756 0.10609913 0.11055470 0.10739476 0.10716002 0.11971119 0.10344658 0.11849198 0.08879304 0.11978759 0.08539813 0.14903920 0.07657869 0.14367469 0.01210294 0.06669723 0.03531187 0.07206174 0.09978762 0.07076573 0.10318264 0.07442338 0.14714372 0.08981911 0.14250186 0.09111468 0.13910643 0.09062702 0.13324537
0 0.00000000 0.26271328 0.00808394 0.26027595 0.00784011 0.25734542 0.00913586 0.25395071 0.00864814 0.24808890 0.00994389 0.24469419 0.01610210 0.24283747 0.01739781 0.23944277 0.02201649 0.23805022 0.02152878 0.23218842 0.02282448 0.22879371 0.02258066 0.22586319 0.02387631 0.22246773 0.03619265 0.21875432 0.03570500 0.21289326 0.03700063 0.20949858 0.03854048 0.20903431 0.03983611 0.20563963 0.05215253 0.20192619 0.05142100 0.19313386 0.05271656 0.18973844 0.05887477 0.18788171 0.06017040 0.18448703 0.06786846 0.18216605 0.06030940 0.09131404 0.06160501 0.08791914 0.05745971 0.03809701 0.00000000 0.05542128 0.00000000 0.26271328
0 0.44526118 0.75961538 0.44398291 0.74941403 0.44593430 0.74601932 0.44226204 0.71671254 0.43762483 0.71764090 0.44288441 0.75961538 0.44526118 0.75961538
0 0.67818459 0.75961538 0.67634756 0.74495478 0.67829881 0.74156010 0.66985247 0.67415345 0.67180372 0.67075877 0.66776416 0.63852071 0.66971600 0.63512591 0.68826483 0.63141247 0.69021599 0.62801704 0.67442513 0.50199682 0.67637638 0.49860215 0.66756284 0.42826497 0.57945558 0.44590386 0.58606569 0.49865637 0.58411444 0.50205105 0.59476420 0.58704237 0.59281295 0.59043705 0.60382983 0.67835815 0.60187868 0.68175358 0.61163509 0.75961538 0.67818459 0.75961538
0 0.27763849 1.00000000 0.27081230 0.95312131 0.17107138 0.94208147 0.17076217 1.00000000 0.27763849 1.00000000
0 0.09747716 1.00000000 0.10308493 0.96201623 0.06397041 0.96118515 0.05888293 1.00000000 0.09747716 1.00000000
0 0.04716220 1.00000000 0.05170294 0.95702710 0.01108943 0.95565571 0.00559740 0.99955884 0.00797097 1.00000000 0.04716220 1.00000000
0 0.06693494 0.89224215 0.06075438 0.94145690 0.09770659 0.94057186 0.10451631 0.89792520 0.06693494 0.89224215
0 0.01164691 0.88462785 0.00612429 0.92909923 0.04715621 0.93500422 0.04783609 0.88863252 0.01164691 0.88462785
0 0.88402965 0.75961538 0.88221861 0.76210874 0.88297065 0.76685694 0.88097257 0.76960706 0.88134859 0.77198116 0.87935000 0.77473198 0.88010204 0.77948018 0.87810406 0.78223091 0.87848008 0.78460500 0.88123020 0.78660308 0.88360490 0.78622697 0.88635502 0.78822505 0.88673104 0.79059914 0.88473306 0.79334987 0.88548510 0.79809807 0.88348651 0.80084889 0.88423855 0.80559709 0.88224047 0.80834721 0.88299261 0.81309601 0.88099453 0.81584613 0.88174667 0.82059494 0.88649487 0.81984290 0.88924559 0.82184088 0.88999763 0.82658908 0.88799895 0.82933930 0.88875109 0.83408810 0.88675301 0.83683822 0.88788116 0.84396112 0.89262997 0.84320899 0.89538009 0.84520706 0.89575611 0.84758117 0.89375813 0.85033189 0.89451017 0.85508009 0.89251158 0.85783091 0.89326362 0.86257911 0.89126554 0.86532923 0.89201768 0.87007804 0.89001960 0.87282815 0.89077174 0.87757696 0.89314583 0.87720094 0.89864668 0.88119700 0.89664799 0.88394722 0.89740013 0.88869602 0.89540205 0.89144614 0.89653021 0.89856905 0.89453213 0.90131916 0.89528417 0.90606736 0.89328619 0.90881809 0.89366221 0.91119219 0.89641233 0.91319027 0.89878643 0.91281425 0.90153664 0.91481293 0.90191266 0.91718703 0.91853257 0.91455470 0.92128269 0.91655277 0.92603150 0.91580064 0.92878162 0.91779872 0.93353042 0.91704658 0.93552850 0.91429646 0.93790260 0.91392044 0.94065272 0.91591852 0.94540152 0.91516638 0.94815164 0.91716446 0.95290045 0.91641232 0.95565066 0.91841101 0.96039886 0.91765897 0.96314959 0.91965695 0.96789779 0.91890491 0.97064851 0.92090289 0.97539671 0.92015085 0.97814693 0.92214954 0.98289573 0.92139740 0.98564585 0.92339548 0.99039466 0.92264334 0.99314477 0.92464142 0.99789297 0.92388938 1.00000000 0.92542023 1.00000000 0.75961538 0.89033312 0.75961538 0.88934151 0.76098059 0.88746298 0.75961538 0.88402965 0.75961538
