0 0.14363895 0.64973958 0.14195260 0.63814158 0.11897441 0.64796572 0.11717995 0.64611735 0.11538953 0.63380361 0.08379470 0.64731172 0.08200061 0.64546319 0.07985224 0.63068758 0.07410761 0.63314365 0.07231332 0.63129454 0.06082423 0.63620661 0.05903002 0.63435812 0.05723970 0.62204501 0.03856993 0.63002712 0.04143612 0.64973958 0.14363895 0.64973958
0 0.06802430 0.58081406 0.06981847 0.58266256 0.07125075 0.59251318 0.07304476 0.59436173 0.07340281 0.59682423 0.09494496 0.58761406 0.09853360 0.59131159 0.10032393 0.60362470 0.10606847 0.60116867 0.10714647 0.59809220 0.12294407 0.59133807 0.12473817 0.59318660 0.12545435 0.59811222 0.12724844 0.59996075 0.12832258 0.60734824 0.15130077 0.59752410 0.15309533 0.59937310 0.15524369 0.61414871 0.16816884 0.60862267 0.16673656 0.59877205 0.16494247 0.59692352 0.15097775 0.50087984 0.12656314 0.51131811 0.12476905 0.50946958 0.11471600 0.51376768 0.11292190 0.51191915 0.11113158 0.49960604 0.08671734 0.51004415 0.08312870 0.50634662 0.08133838 0.49403351 0.05979623 0.50324368 0.05800221 0.50139512 0.05621179 0.48908137 0.04903113 0.49215141 0.04723696 0.49030291 0.03143943 0.49705702 0.02964527 0.49520852 0.02785485 0.48289478 0.01780187 0.48719284 0.03140855 0.58077403 0.04002537 0.57708998 0.04181958 0.57893846 0.04325185 0.58878907 0.04504611 0.59063820 0.06802430 0.58081406
0 0.21845671 0.52434465 0.21737871 0.52742111 0.21019775 0.53049127 0.21449467 0.56004376 0.22023959 0.55758756 0.22203368 0.55943609 0.22883692 0.60622605 0.22775902 0.60930315 0.22488656 0.61053125 0.22560265 0.61545624 0.22452474 0.61853334 0.22774734 0.64069707 0.32827676 0.59771654 0.32362179 0.56570156 0.31931366 0.56754346 0.31751920 0.56569510 0.31608692 0.55584448 0.31429283 0.55399595 0.30999600 0.52444410 0.31107400 0.52136763 0.31251041 0.52075351 0.31358841 0.51767704 0.31502446 0.51706307 0.31036949 0.48504809 0.30606098 0.48689015 0.30426689 0.48504162 0.29066022 0.39146044 0.28491567 0.39391648 0.28312158 0.39206795 0.28133125 0.37975483 0.27558670 0.38221087 0.27379224 0.38036250 0.25799501 0.38711648 0.25620083 0.38526732 0.25476864 0.37541733 0.25189618 0.37664543 0.25010200 0.37479627 0.22281530 0.38646248 0.22102121 0.38461395 0.21814875 0.38584204 0.21635466 0.38399352 0.21456434 0.37168040 0.20020278 0.37782057 0.19912479 0.38089703 0.19050815 0.38458101 0.19695335 0.42890847 0.20269789 0.42645244 0.20449199 0.42830096 0.21845671 0.52434465
0 0.00000000 0.36475878 0.01064058 0.43794039 0.02931035 0.42995828 0.03110455 0.43180676 0.03182064 0.43673175 0.03361484 0.43858023 0.03433103 0.44350586 0.05874534 0.43306772 0.06053943 0.43491625 0.06268789 0.44969249 0.08566609 0.43986835 0.08746018 0.44171688 0.08960855 0.45649249 0.10540615 0.44973835 0.10648452 0.44666173 0.11366511 0.44359172 0.11545920 0.44544025 0.11760766 0.46021649 0.14202190 0.44977838 0.13879930 0.42761465 0.13700521 0.42576612 0.13342447 0.40113926 0.13163038 0.39929074 0.12769160 0.37220138 0.12589714 0.37035301 0.12195836 0.34326365 0.12016426 0.34141513 0.11658352 0.31678827 0.11478943 0.31493974 0.11228293 0.29770100 0.11084688 0.29831497 0.10905279 0.29646644 0.07458550 0.31120265 0.07279104 0.30935428 0.07100062 0.29704054 0.03509729 0.31239072 0.03330319 0.31054219 0.03151287 0.29822907 0.00135390 0.31112329 0.00000000 0.30972843 0.00000000 0.36475878
0 0.00000000 0.24630871 0.00389129 0.24464502 0.00747965 0.24834200 0.00962812 0.26311824 0.04553145 0.24776806 0.04732555 0.24961659 0.04804173 0.25454221 0.04983619 0.25639058 0.05091033 0.26377807 0.09686672 0.24412979 0.09866090 0.24597895 0.10009695 0.24536498 0.10440922 0.23305833 0.10405117 0.23059583 0.10944172 0.21521193 0.10764726 0.21336356 0.10621498 0.20351294 0.10442089 0.20166441 0.10334666 0.19427629 0.10155257 0.19242776 0.10012029 0.18257715 0.09832574 0.18072814 0.09725160 0.17334065 0.09545751 0.17149213 0.09402514 0.16164088 0.09223105 0.15979235 0.09079877 0.14994173 0.08900468 0.14809320 0.09008268 0.14501674 0.09295477 0.14378880 0.09403305 0.14071155 0.09834155 0.13886948 0.09941955 0.13579301 0.09834541 0.12840552 0.08972840 0.13208965 0.08793422 0.13024050 0.08506213 0.13146844 0.08326767 0.12962007 0.08147735 0.11730695 0.08363362 0.11115323 0.08220136 0.10130274 0.08040725 0.09945408 0.03588691 0.11848840 0.03409280 0.11663974 0.02403975 0.12093784 0.02224563 0.11908913 0.02081335 0.10923851 0.00000000 0.11813708 0.00000000 0.24630871
0 0.16619121 0.00000000 0.13213117 0.01456209 0.13356345 0.02441271 0.13248546 0.02748930 0.12674092 0.02994533 0.13569270 0.09151204 0.14718179 0.08659997 0.14897589 0.08844850 0.15613727 0.13770159 0.15505927 0.14077806 0.14931472 0.14323409 0.15361155 0.17278595 0.15468955 0.16970948 0.15612560 0.16909551 0.15791969 0.17094404 0.16615530 0.22758525 0.16794976 0.22943362 0.17082185 0.22820568 0.17261631 0.23005405 0.17512282 0.24729279 0.17404445 0.25036941 0.17905747 0.28484689 0.17797947 0.28792336 0.17223492 0.29037939 0.18082858 0.34948310 0.20093469 0.34088690 0.20272878 0.34273542 0.23001511 0.33106938 0.23180957 0.33291774 0.23324193 0.34276899 0.27201773 0.32619072 0.26951122 0.30895198 0.26771676 0.30710361 0.25948115 0.25046240 0.25517265 0.25230447 0.25337855 0.25045594 0.24621708 0.20120222 0.24513917 0.20427932 0.24334499 0.20243016 0.23654174 0.15564020 0.22505264 0.16055227 0.22325855 0.15870374 0.22111009 0.14392750 0.22218809 0.14085103 0.22793264 0.13839500 0.22363581 0.10884314 0.21789126 0.11129918 0.21609708 0.10945002 0.20750342 0.05034631 0.20858143 0.04726997 0.20678732 0.04542132 0.19817032 0.04910545 0.19637621 0.04725680 0.18993095 0.00292895 0.19095720 0.00000000 0.16619121 0.00000000
0 0.00000000 0.07366944 0.02334281 0.06368941 0.02513693 0.06553809 0.05098758 0.05448586 0.05278170 0.05633457 0.05385590 0.06372251 0.05529195 0.06310854 0.05708607 0.06495725 0.08006426 0.05513311 0.07755777 0.03789450 0.00000000 0.07105369 0.00000000 0.07366944
0 0.66897467 0.64973958 0.66925022 0.64925970 0.66631557 0.63694658 0.66808259 0.63387012 0.66514794 0.62155700 0.66691557 0.61848038 0.66398077 0.60616664 0.66574780 0.60309017 0.66516090 0.60062767 0.62514168 0.61106578 0.62220025 0.60921741 0.61985234 0.59936616 0.61691151 0.59751764 0.53451915 0.61900782 0.53157771 0.61715945 0.52864306 0.60484634 0.50274802 0.61160047 0.50098112 0.61467691 0.49156479 0.61713294 0.48862384 0.61528445 0.48627609 0.60543383 0.46508940 0.61095990 0.46214838 0.60911142 0.44566985 0.61340947 0.44272869 0.61156036 0.43979404 0.59924725 0.43508588 0.60047526 0.44682732 0.64973958 0.66897467 0.64973958
0 0.37890625 0.36475878 0.41982556 0.53644656 0.42217964 0.53583255 0.42512062 0.53768104 0.42688132 0.54506853 0.43394353 0.54322651 0.43688469 0.54507563 0.46042550 0.53893554 0.46336645 0.54078403 0.46807467 0.53955600 0.47101562 0.54140450 0.47336337 0.55125512 0.54869395 0.53160684 0.55046098 0.52853037 0.55752337 0.52668830 0.56046420 0.52853683 0.56163815 0.53346246 0.56457899 0.53531098 0.56516589 0.53777348 0.60518571 0.52733521 0.60812669 0.52918437 0.60988739 0.53657186 0.61282822 0.53842039 0.61400217 0.54334601 0.61694360 0.54519439 0.63342171 0.54089644 0.63518935 0.53781982 0.65402199 0.53290775 0.65343509 0.53044525 0.65520197 0.52736815 0.65285437 0.51751817 0.65462125 0.51444107 0.65227349 0.50459045 0.65404052 0.50151399 0.65110587 0.48920087 0.65287275 0.48612378 0.65052514 0.47627379 0.65229263 0.47319653 0.64994487 0.46334592 0.65171190 0.46026945 0.64936415 0.45041883 0.65113118 0.44734237 0.64878343 0.43749175 0.65055106 0.43441512 0.64820316 0.42456388 0.64997019 0.42148741 0.64762243 0.41163679 0.64938946 0.40856033 0.64704171 0.39870971 0.64880874 0.39563324 0.64704789 0.38824512 0.63056917 0.39254322 0.62762834 0.39069469 0.62645439 0.38576907 0.62822142 0.38269260 0.62587367 0.37284199 0.62764130 0.36976536 0.62470664 0.35745225 0.62647352 0.35437515 0.62412577 0.34452453 0.62589280 0.34144807 0.62295815 0.32913495 0.62472563 0.32605770 0.62237803 0.31620771 0.62414491 0.31313061 0.62121025 0.30081750 0.62297728 0.29774103 0.62062953 0.28789041 0.62239641 0.28481332 0.61946176 0.27250020 0.59827518 0.27802624 0.59533435 0.27617772 0.59298660 0.26632710 0.58592420 0.26816916 0.58415718 0.27124563 0.55355428 0.27922770 0.55061285 0.27737933 0.54767819 0.26506622 0.51472137 0.27366226 0.51178039 0.27181310 0.50884573 0.25949999 0.46411805 0.27116619 0.46117662 0.26931782 0.45882887 0.25946721 0.44941315 0.26192308 0.44647171 0.26007471 0.41586882 0.26805679 0.41292787 0.26620829 0.41116701 0.25882017 0.40822585 0.25697106 0.37890625 0.26461842 0.37890625 0.36475878
0 0.37890625 0.21491978 0.40884469 0.20711101 0.41178552 0.20895954 0.41413328 0.21881016 0.45415249 0.20837205 0.45709393 0.21022042 0.46002858 0.22253354 0.49769387 0.21270940 0.50063485 0.21455856 0.50239570 0.22194668 0.50062867 0.22502314 0.50121557 0.22748564 0.54594265 0.21581959 0.54300800 0.20350648 0.54477488 0.20042938 0.59421102 0.18753508 0.59303722 0.18261008 0.59480425 0.17953362 0.59245649 0.16968300 0.59422337 0.16660590 0.59128872 0.15429279 0.59305575 0.15121632 0.59070800 0.14136571 0.59247563 0.13828908 0.59012787 0.12843846 0.59189475 0.12536137 0.58896010 0.11304825 0.59072713 0.10997179 0.58837938 0.10012117 0.59014701 0.09704455 0.58721221 0.08473080 0.57073349 0.08902890 0.56779269 0.08718050 0.56720576 0.08471788 0.56897276 0.08164128 0.56662501 0.07179067 0.56839199 0.06871401 0.56545729 0.05640071 0.56722429 0.05332411 0.56487654 0.04347350 0.56664354 0.04039690 0.56429579 0.03054629 0.56606337 0.02746947 0.56488950 0.02254416 0.37890625 0.07105369 0.37890625 0.21491978
0 0.37890625 0.90811289 0.33226178 0.91886343 0.33369415 0.92417403 0.33261615 0.92583248 0.33297419 0.92715996 0.33476829 0.92815646 0.35487439 0.92352244 0.35666848 0.92451894 0.36096540 0.94045004 0.35988740 0.94210849 0.34121771 0.94641145 0.33942325 0.94541504 0.33834526 0.94707349 0.34407436 0.96831451 0.37890625 0.96028651 0.37890625 0.90811289
0 0.29933494 0.77416295 0.29825694 0.77582141 0.30076345 0.78511443 0.34097529 0.77584647 0.34276938 0.77684297 0.36862004 0.77088495 0.33603572 0.65007661 0.33316326 0.65073865 0.33136917 0.64974215 0.28541278 0.66033411 0.28361859 0.65933727 0.27356554 0.66165428 0.27248763 0.66331308 0.28215553 0.69915737 0.28107716 0.70081591 0.29074496 0.73665986 0.28966705 0.73831866 0.29933494 0.77416295
0 0.81132432 0.84323511 0.76642416 0.93226277 0.77240921 0.95626749 0.78345807 0.96290631 0.79546552 0.95186085 0.81725503 0.95313784 0.82547565 0.93766876 0.84505335 0.94083916 0.89880753 0.83350060 0.89281569 0.82023314 0.88050003 0.81927794 0.87133440 0.83095680 0.85207170 0.82904981 0.84574788 0.84136207 0.82838199 0.83629826 0.81132432 0.84323511
