0 0.59925094 0.03070543 0.37058390 0.00477495 0.36790399 0.01281801 0.36515908 0.01389792 0.35175961 0.05411311 0.37014214 0.05619766 0.37199366 0.05779904 0.39267386 0.06014414 0.39452491 0.06174512 0.38782513 0.08185285 0.38508083 0.08293272 0.38240099 0.09097561 0.37965658 0.09205583 0.33829559 0.08736556 0.31372992 0.16109333 0.32292118 0.16213560 0.32477211 0.16373692 0.44196090 0.17702594 0.46295349 0.11402190 0.46569778 0.11294203 0.46754942 0.11454307 0.55946208 0.12496582 0.56131312 0.12656680 0.59925094 0.13086888 0.59925094 0.03070543
0 0.05263329 0.00000000 0.02069102 0.09586680 0.15626233 0.11124037 0.15811338 0.11284134 0.28679110 0.12743319 0.29885069 0.09123934 0.30159498 0.09015947 0.30829476 0.07005174 0.30644371 0.06845076 0.27427458 0.06480284 0.27242306 0.06320145 0.27956946 0.04175329 0.27771841 0.04015232 0.28843800 0.00798016 0.29118231 0.00690022 0.32794737 0.01106931 0.33152058 0.00034524 0.32847612 0.00000000 0.05263329 0.00000000
0 0.66674029 0.03829996 0.80821488 0.08128381 0.81542503 0.06113822 0.67395044 0.01815437 0.66674029 0.03829996
0 0.18994599 0.96877917 0.27479480 0.96166558 0.27169096 0.93629756 0.10737107 0.94740947 0.12340890 0.99275712 0.19250735 0.98791424 0.18994599 0.96877917
0 0.50014333 0.96142377 0.33207405 0.97087813 0.34447308 0.99928803 0.51232765 0.98448152 0.50014333 0.96142377
0 0.09151881 0.57839960 0.03625944 0.55111790 0.04596811 0.91876330 0.10598447 0.94276876 0.09151881 0.57839960
0 0.50699742 0.36623829 0.31165786 0.37499254 0.32156926 0.41011320 0.52200663 0.39712242 0.50699742 0.36623829
0 0.26662363 0.56825339 0.43255367 0.56596117 0.44230445 0.44457761 0.37338426 0.45036914 0.34572054 0.46025978 0.34567905 0.44124844 0.27806096 0.44117547 0.26662363 0.56825339
0 0.59925094 0.55012647 0.55999187 0.53083911 0.56087428 0.59525723 0.58561473 0.60422453 0.58826683 0.67892572 0.56126959 0.66901021 0.56195431 0.73499026 0.58743540 0.73877281 0.59431755 0.81666061 0.56585333 0.81313076 0.56633787 0.88765314 0.59925094 0.90117551 0.59925094 0.55012647
0 0.81976773 0.54656457 0.78414733 0.54438594 0.77898489 0.60746240 0.78084184 0.61193052 0.79635784 0.61553133 0.79810862 0.63420107 0.81392331 0.63530791 0.81976773 0.54656457
0 0.85018428 0.64545323 0.84510820 0.73443895 0.88627786 0.74354464 0.89274126 0.65629068 0.85801695 0.64663014 0.85018428 0.64545323
0 0.89263864 0.76366872 0.82613560 0.75304151 0.82238769 0.81686700 0.81826507 0.87867460 0.87066102 0.89391010 0.88600608 0.89228057 0.88977483 0.82929994 0.89263864 0.76366872
