0 0.67802875 0.55989583 0.68452767 0.52435671 0.65916522 0.52161727 0.65674264 0.51914716 0.64547036 0.51792962 0.64304860 0.51545903 0.64463282 0.50679580 0.45300410 0.48609765 0.45058224 0.48362761 0.32940508 0.47053906 0.32900905 0.47270473 0.32579513 0.47456604 0.32500297 0.47889793 0.31857431 0.48262102 0.26221293 0.47653333 0.25899901 0.47839463 0.25741479 0.48705786 0.25420088 0.48891917 0.23165632 0.48648409 0.22923446 0.48401406 0.20387129 0.48127454 0.20144954 0.47880395 0.20263762 0.47230694 0.20021576 0.46983691 0.16921682 0.46648866 0.16679506 0.46401807 0.16877530 0.45318916 0.01378130 0.43644799 0.00735311 0.44017057 0.00695698 0.44233679 0.00000000 0.44636578 0.00000000 0.52109448 0.35923277 0.55989583 0.67802875 0.55989583
0 0.00000000 0.30694243 0.00011751 0.30687439 0.00051364 0.30470816 0.01658420 0.29540118 0.01698022 0.29323551 0.03305088 0.28392797 0.03344691 0.28176230 0.03987517 0.27803973 0.00000000 0.27373275 0.00000000 0.30694243
0 0.18408414 0.32232748 0.16801373 0.33163448 0.16761770 0.33380015 0.15476111 0.34124640 0.15436508 0.34341207 0.13829467 0.35271907 0.13789864 0.35488474 0.12504143 0.36233036 0.12464540 0.36449603 0.10857489 0.37380359 0.10817886 0.37596926 0.09210845 0.38527626 0.09171232 0.38744248 0.08528448 0.39116509 0.09655604 0.39238255 0.09897862 0.39485266 0.12715896 0.39789647 0.12958154 0.40036658 0.11672422 0.40781275 0.11632819 0.40997842 0.10668644 0.41556234 0.10629031 0.41772856 0.09343382 0.42517426 0.09303779 0.42733993 0.08982315 0.42920115 0.50971603 0.47455451 0.51614386 0.47083190 0.51653989 0.46866623 0.52296855 0.46494314 0.52336458 0.46277747 0.52979252 0.45905431 0.53018854 0.45688864 0.53661710 0.45316611 0.53701323 0.45099988 0.54344106 0.44727727 0.54383720 0.44511105 0.55347967 0.43952721 0.55629756 0.43983158 0.55872014 0.44230169 0.60662714 0.44747621 0.60904900 0.44994624 0.60262106 0.45366941 0.60222503 0.45583508 0.58936782 0.46328069 0.58897179 0.46544636 0.57932994 0.47103083 0.57893391 0.47319650 0.56607742 0.48064220 0.69007247 0.49403512 0.71660800 0.34892637 0.53343367 0.32914139 0.53145343 0.33997030 0.52823879 0.34183152 0.51133073 0.34000526 0.50811681 0.34186656 0.46302771 0.33699641 0.46144349 0.34565964 0.45822885 0.34752087 0.40750396 0.34204199 0.40508138 0.33957187 0.40706162 0.32874297 0.37324551 0.32509043 0.37082293 0.32262032 0.37280318 0.31179142 0.22062779 0.29535469 0.21419923 0.29907722 0.21380320 0.30124289 0.19773269 0.31055045 0.19733666 0.31271612 0.18448017 0.32016181 0.18408414 0.32232748
0 0.07884093 0.25353644 0.07923696 0.25137077 0.09209345 0.24392507 0.09248948 0.24175940 0.10855989 0.23245240 0.10895592 0.23028673 0.12181251 0.22284048 0.12220854 0.22067481 0.13827895 0.21136781 0.13867498 0.20920214 0.15153147 0.20175645 0.15192750 0.19959078 0.16799873 0.19028330 0.16839476 0.18811763 0.18125053 0.18067186 0.18164656 0.17850619 0.19771769 0.16919926 0.19811382 0.16703304 0.21097032 0.15958734 0.21136634 0.15742167 0.22743676 0.14811467 0.22783288 0.14594845 0.24068928 0.13850331 0.24108540 0.13633708 0.08890966 0.11990032 0.08692942 0.13072922 0.08371518 0.13259106 0.02453576 0.12619899 0.00077253 0.25614749 0.06277006 0.26284395 0.07884093 0.25353644
0 0.72851562 0.20002805 0.67026960 0.19373680 0.66828925 0.20456626 0.66507533 0.20642756 0.64534867 0.20429685 0.64292681 0.20182682 0.61756436 0.19908737 0.61514178 0.19661726 0.61672610 0.18795348 0.58009138 0.18399650 0.57766952 0.18152646 0.57964976 0.17069756 0.42183787 0.15365202 0.42144185 0.15581769 0.40537144 0.16512469 0.40497530 0.16729092 0.38890417 0.17659784 0.38850814 0.17876351 0.37565237 0.18620928 0.37525624 0.18837551 0.35918511 0.19768243 0.35878908 0.19984810 0.34593259 0.20729380 0.34553656 0.20945946 0.32946605 0.21876702 0.32907002 0.22093269 0.31299961 0.23023969 0.31260358 0.23240536 0.29974709 0.23985106 0.29935106 0.24201673 0.28649447 0.24946298 0.31749341 0.25281123 0.31991527 0.25528126 0.32836894 0.25619436 0.33079152 0.25866447 0.32436296 0.26238700 0.32396683 0.26455323 0.31432498 0.27013770 0.31392895 0.27230336 0.30750039 0.27602590 0.30710437 0.27819157 0.30067571 0.28191465 0.30027968 0.28408032 0.29706566 0.28594218 0.40415266 0.29750883 0.40657452 0.29997887 0.71938040 0.33376557 0.72851562 0.28380987 0.72851562 0.20002805
0 0.72851562 0.03659291 0.61221792 0.02403139 0.61182186 0.02619720 0.59896466 0.03364279 0.59856860 0.03580862 0.58249816 0.04511579 0.58210211 0.04728157 0.56924562 0.05472727 0.56884957 0.05689305 0.55599307 0.06433874 0.55559701 0.06650458 0.53952655 0.07581186 0.53913052 0.07797753 0.52627403 0.08542322 0.52587801 0.08758889 0.51302151 0.09503459 0.51262538 0.09720082 0.49655497 0.10650781 0.50500936 0.10742099 0.50743122 0.10989102 0.53561155 0.11293483 0.53803341 0.11540486 0.53160548 0.11912803 0.53120945 0.12129370 0.52478162 0.12501631 0.52438548 0.12718253 0.51795693 0.13090506 0.51756080 0.13307129 0.51113224 0.13679382 0.51073621 0.13895949 0.50430828 0.14268265 0.50391225 0.14484832 0.72851562 0.16910812 0.72851562 0.03659291
0 0.04761333 0.00000000 0.03008056 0.09587739 0.26961628 0.12175006 0.28568669 0.11244306 0.28608272 0.11027739 0.29893993 0.10283177 0.29933606 0.10066554 0.31540647 0.09135854 0.31580250 0.08919287 0.33187291 0.07988587 0.33226894 0.07772020 0.34512554 0.07027395 0.34552156 0.06810828 0.36159197 0.05880128 0.36198800 0.05663561 0.37484452 0.04918981 0.37524058 0.04702397 0.39131102 0.03771680 0.39170706 0.03555102 0.40777821 0.02624399 0.40817427 0.02407815 0.42103077 0.01663246 0.42142683 0.01446662 0.43749726 0.00515951 0.38972920 0.00000000 0.04761333 0.00000000
0 1.00000000 0.13147644 0.93577992 0.16091276 0.94910964 0.18188487 0.98788607 0.21313045 1.00000000 0.21014295 1.00000000 0.13147644
0 0.72851562 0.29458995 0.78698874 0.26794086 0.82092467 0.25665677 0.84060038 0.27559370 0.85359556 0.27944103 0.92584793 0.24544937 0.89589526 0.20977099 0.87927231 0.19506473 0.86793943 0.19268803 0.72851562 0.25588303 0.72851562 0.29458995
0 0.35943444 0.55989583 0.35246360 0.58852892 0.30991302 0.58454219 0.30084880 0.59947149 0.25732584 0.79657024 0.35019483 0.81447565 0.40925719 0.55989583 0.35943444 0.55989583
0 0.84854870 0.80303465 0.86164180 0.83120153 0.86752235 0.82661651 0.85353294 0.79824403 0.84854870 0.80303465
0 0.81690253 0.77804749 0.82666348 0.80249281 0.85108244 0.78435285 0.84042507 0.75970330 0.81690253 0.77804749
0 0.92553935 0.67391384 0.93511595 0.65831852 0.93113934 0.65148634 0.93433146 0.64628880 0.93112445 0.64111385 0.93431669 0.63591496 0.92931768 0.63033173 0.91156471 0.65591521 0.92553935 0.67391384
0 0.96562862 0.69638031 0.96141409 0.70282680 0.96539070 0.70965898 0.98276667 0.68843391 0.97558305 0.67642677 0.96242161 0.69120536 0.96562862 0.69638031
0 0.94789956 0.64789815 0.96778368 0.68205653 0.97199821 0.67561003 0.95211325 0.64145146 0.94789956 0.64789815
0 0.83988174 0.55989583 0.84348163 0.56633267 0.85001534 0.55989583 0.83988174 0.55989583
0 0.92491965 0.59673778 0.94070105 0.62551853 0.94478972 0.62052387 0.92811177 0.59154025 0.92491965 0.59673778
0 0.75478335 0.65130558 0.77869848 0.63897702 0.77547658 0.62342959 0.75245787 0.63596238 0.75478335 0.65130558
