0 0.32235490 0.75911458 0.33392457 0.65541101 0.32783503 0.65294494 0.32663631 0.64942815 0.28248723 0.63154915 0.28128812 0.62803221 0.24931813 0.61508535 0.23766878 0.71950309 0.23886749 0.72301987 0.28606154 0.74213199 0.28726026 0.74564878 0.32051171 0.75911458 0.32235490 0.75911458
0 0.17647154 0.59771090 0.17767026 0.60122769 0.17702303 0.60702905 0.17517717 0.60931287 0.17061030 0.60746343 0.17028673 0.61036374 0.17148545 0.61388053 0.17453002 0.61511349 0.17572874 0.61863027 0.17508151 0.62443163 0.17323565 0.62671546 0.16866879 0.62486602 0.16802156 0.63066738 0.17258843 0.63251681 0.17378714 0.63603360 0.17313999 0.64183421 0.17129405 0.64411879 0.16672719 0.64226935 0.16608004 0.64806996 0.17064691 0.64991940 0.17184554 0.65343693 0.17119840 0.65923754 0.16935254 0.66152137 0.16630796 0.66028841 0.16566073 0.66608977 0.16870531 0.66732272 0.16990402 0.67083951 0.16925680 0.67664087 0.16741094 0.67892470 0.16436636 0.67769174 0.16371921 0.68349235 0.16676379 0.68472531 0.16796251 0.68824210 0.16731528 0.69404345 0.16546942 0.69632728 0.16090255 0.69447784 0.15993176 0.70317951 0.22387175 0.72907321 0.22484255 0.72037155 0.22668841 0.71808772 0.23125567 0.71993732 0.23157924 0.71703701 0.22853427 0.71580389 0.22733564 0.71228636 0.22830636 0.70358544 0.23015221 0.70130162 0.23319718 0.70253473 0.23352084 0.69963368 0.23047587 0.69840057 0.22927715 0.69488378 0.22992438 0.68908243 0.23177024 0.68679860 0.23481521 0.68803171 0.23578593 0.67933079 0.23121867 0.67748120 0.23002004 0.67396367 0.23066718 0.66816305 0.23251313 0.66587848 0.23708038 0.66772808 0.23772753 0.66192746 0.23316027 0.66007787 0.23196156 0.65656108 0.23228513 0.65366078 0.23413107 0.65137621 0.23869832 0.65322580 0.23966913 0.64452414 0.23510187 0.64267454 0.23390315 0.63915776 0.23455030 0.63335714 0.23639616 0.63107332 0.24096341 0.63292291 0.24161064 0.62712155 0.23704339 0.62527196 0.23584467 0.62175517 0.23649190 0.61595382 0.23833776 0.61366999 0.24138273 0.61490310 0.24322859 0.61261928 0.24355216 0.60971897 0.18113445 0.58444174 0.18048731 0.59024236 0.17864106 0.59252602 0.17407419 0.59067659 0.17222833 0.59296041 0.17190468 0.59586146 0.17647154 0.59771090
0 0.11567178 0.55793140 0.10758197 0.63044353 0.10573611 0.63272735 0.09894068 0.69363751 0.14156747 0.71090004 0.15677628 0.57457744 0.11567178 0.55793140
0 0.09650595 0.64414692 0.10653727 0.55423221 0.09588086 0.54991669 0.09468184 0.54639901 0.06423452 0.53406879 0.05226160 0.64138683 0.05041527 0.64367124 0.04394341 0.70168110 0.08657020 0.71894362 0.09466000 0.64643149 0.09650595 0.64414692
0 0.00000000 0.68388538 0.03480929 0.69798206 0.04742944 0.58486266 0.04927530 0.58257884 0.05510001 0.53036960 0.02313002 0.51742274 0.02193091 0.51390580 0.01431916 0.51082328 0.01247322 0.51310707 0.00000000 0.62490949 0.00000000 0.68388538
0 0.25990102 0.53448804 0.26446827 0.53633763 0.26566699 0.53985442 0.26501976 0.54565578 0.26317390 0.54793961 0.25860665 0.54609001 0.25795950 0.55189062 0.26252676 0.55374022 0.26372547 0.55725700 0.26307825 0.56305836 0.26123239 0.56534219 0.25666513 0.56349259 0.25481919 0.56577716 0.25449562 0.56867747 0.26363012 0.57237666 0.26482884 0.57589345 0.26418170 0.58169406 0.26233575 0.58397863 0.25320124 0.58027944 0.25255410 0.58608005 0.25864364 0.58854613 0.25984228 0.59206366 0.25887156 0.60076458 0.25702570 0.60304841 0.25093616 0.60058233 0.25028893 0.60638369 0.31422892 0.63227740 0.31455250 0.62937709 0.31639883 0.62709268 0.32096608 0.62894227 0.32193680 0.62024135 0.31736954 0.61839176 0.31617044 0.61487481 0.31681767 0.60907346 0.31866392 0.60678979 0.32475346 0.60925586 0.32540069 0.60345451 0.32420197 0.59993772 0.31963472 0.59808812 0.31843561 0.59457118 0.31875918 0.59167087 0.32060552 0.58938646 0.32517277 0.59123605 0.32549634 0.58833575 0.32734220 0.58605192 0.32277495 0.58420232 0.32157632 0.58068480 0.32222346 0.57488418 0.32406932 0.57260035 0.32863658 0.57444995 0.32928380 0.56864859 0.32471655 0.56679900 0.32351783 0.56328221 0.32416506 0.55748085 0.32601092 0.55519703 0.32905589 0.55643014 0.32970303 0.55062953 0.29164310 0.53521644 0.29044439 0.53169966 0.26913119 0.52306847 0.26728494 0.52535214 0.26696136 0.52825245 0.26511550 0.53053628 0.26207054 0.52930316 0.26022468 0.53158699 0.25990102 0.53448804
0 0.19139377 0.50674473 0.19074663 0.51254535 0.18890068 0.51482992 0.18433343 0.51298032 0.18368629 0.51878094 0.18673086 0.52001390 0.18792997 0.52353084 0.18728274 0.52933220 0.18543649 0.53161587 0.18239191 0.53038291 0.18142111 0.53908457 0.18446569 0.54031753 0.18566479 0.54383447 0.18534122 0.54673478 0.18349497 0.54901845 0.18045040 0.54778549 0.18012674 0.55068654 0.17828088 0.55297037 0.17947960 0.55648715 0.18252417 0.55772011 0.18372320 0.56123780 0.18339962 0.56413811 0.18155337 0.56642178 0.17698651 0.56457234 0.17633936 0.57037295 0.17753800 0.57389048 0.22777662 0.59423556 0.22897534 0.59775235 0.23810984 0.60145154 0.23995570 0.59916771 0.24060293 0.59336635 0.24244879 0.59108253 0.24701604 0.59293212 0.24766319 0.58713151 0.24309594 0.58528191 0.24189730 0.58176438 0.24254445 0.57596377 0.24439039 0.57367920 0.24895764 0.57552879 0.24960479 0.56972818 0.24503754 0.56787859 0.24383882 0.56436180 0.24448605 0.55856044 0.24633191 0.55627662 0.25089916 0.55812621 0.25154639 0.55232486 0.24697913 0.55047526 0.24578042 0.54695847 0.24642756 0.54115786 0.24827343 0.53887403 0.25284068 0.54072363 0.25348791 0.53492227 0.24892065 0.53307267 0.24772194 0.52955589 0.24836916 0.52375453 0.25021502 0.52147070 0.25478228 0.52332030 0.25542942 0.51751969 0.21128034 0.49964068 0.21008171 0.49612315 0.19333537 0.48934141 0.19268814 0.49514276 0.19084228 0.49742659 0.18627503 0.49557700 0.18562788 0.50137761 0.19019514 0.50322720 0.19139377 0.50674473
0 0.00000000 0.46258332 0.00058079 0.46281853 0.00802345 0.39610701 0.00000000 0.39285776 0.00000000 0.46258332
0 0.14941421 0.48368085 0.16768283 0.49107908 0.17512549 0.42436756 0.15076732 0.41450326 0.14956861 0.41098648 0.13434456 0.40482121 0.12657833 0.47443303 0.12473246 0.47671686 0.11728980 0.54342838 0.14012568 0.55267620 0.14756834 0.48596468 0.14941421 0.48368085
0 0.08258365 0.38385965 0.07514099 0.45057117 0.07329513 0.45285500 0.06585247 0.51956651 0.11000155 0.53744552 0.12521044 0.40112218 0.08258365 0.38385965
0 0.01561353 0.49922131 0.05671796 0.51586732 0.06351339 0.45495716 0.06535933 0.45267259 0.07344914 0.38016046 0.03234483 0.36351449 0.02975608 0.38671843 0.02791011 0.38900222 0.01820228 0.47601736 0.01635634 0.47830116 0.01441474 0.49570449 0.01561353 0.49922131
0 0.35895185 0.75911458 0.38964949 0.48395946 0.36681361 0.47471164 0.36649004 0.47761194 0.36464409 0.47989651 0.34458137 0.65972668 0.34273551 0.66201051 0.33205687 0.75772733 0.33548246 0.75911458 0.35895185 0.75911458
0 0.27634554 0.44413835 0.27754464 0.44765529 0.27689742 0.45345665 0.27505117 0.45574032 0.26896162 0.45327424 0.26831448 0.45907486 0.27440402 0.46154093 0.27560313 0.46505788 0.27495590 0.47085923 0.27310965 0.47314290 0.26854240 0.47129331 0.26669645 0.47357788 0.26789517 0.47709466 0.27246242 0.47894426 0.27366153 0.48246120 0.27301438 0.48826182 0.27116805 0.49054623 0.26507851 0.48808015 0.26443136 0.49388077 0.27052091 0.49634685 0.27171993 0.49986453 0.27107279 0.50566515 0.26922654 0.50794882 0.26465928 0.50609922 0.26401205 0.51190058 0.28380336 0.51991544 0.28500207 0.52343223 0.32610658 0.54007827 0.32675380 0.53427691 0.32859967 0.53199309 0.33316692 0.53384268 0.33381406 0.52804207 0.32924681 0.52619247 0.32804809 0.52267568 0.32869532 0.51687433 0.33054118 0.51459050 0.33510844 0.51644010 0.33575566 0.51063874 0.32966612 0.50817267 0.32846702 0.50465572 0.32911416 0.49885511 0.33096049 0.49657070 0.33705004 0.49903677 0.33769718 0.49323616 0.33160764 0.49077008 0.33040862 0.48725239 0.33105576 0.48145178 0.33290201 0.47916811 0.33746926 0.48101771 0.33811649 0.47521635 0.33507153 0.47398323 0.33387281 0.47046645 0.33452004 0.46466509 0.33636590 0.46238126 0.33941087 0.46361438 0.34038158 0.45491346 0.28253074 0.43148567 0.28133210 0.42796814 0.27980982 0.42735166 0.27916259 0.43315302 0.27731634 0.43543669 0.27274908 0.43358709 0.27090322 0.43587092 0.27025600 0.44167227 0.27634554 0.44413835
0 0.20239597 0.40812762 0.20359469 0.41164440 0.20294746 0.41744576 0.20110160 0.41972958 0.19501206 0.41726351 0.19436483 0.42306487 0.19893209 0.42491446 0.20013080 0.42843125 0.19916000 0.43713291 0.19731414 0.43941674 0.19274689 0.43756714 0.19209966 0.44336850 0.19666692 0.44521810 0.19786563 0.44873488 0.19721849 0.45453550 0.19537263 0.45681932 0.19417352 0.45330238 0.19112895 0.45206942 0.19015815 0.46077109 0.19472540 0.46262068 0.19592412 0.46613747 0.19560046 0.46903852 0.19375460 0.47132235 0.19070963 0.47008923 0.18886377 0.47237305 0.18821663 0.47817367 0.25063434 0.50345090 0.25095791 0.50055059 0.25280377 0.49826676 0.25737102 0.50011636 0.25834182 0.49141470 0.25377457 0.48956510 0.25257585 0.48604831 0.25289943 0.48314801 0.25474537 0.48086344 0.25931262 0.48271303 0.26028334 0.47401211 0.25571609 0.47216252 0.25451737 0.46864573 0.25484103 0.46574468 0.25668688 0.46346085 0.26125414 0.46531045 0.26222494 0.45660878 0.25765769 0.45475919 0.25645897 0.45124240 0.25710611 0.44544179 0.25895206 0.44315722 0.26504199 0.44562345 0.26384288 0.44210651 0.26416646 0.43920620 0.25959920 0.43735661 0.25840057 0.43383908 0.25904771 0.42803846 0.26089357 0.42575463 0.26698351 0.42822087 0.26730708 0.42532056 0.26610805 0.42180287 0.20369035 0.39652564 0.20336669 0.39942670 0.20152083 0.40171052 0.19695358 0.39986093 0.19815229 0.40337771 0.19782872 0.40627802 0.20239597 0.40812762
0 0.15727609 0.39895027 0.16213001 0.35544270 0.16397587 0.35315887 0.16624104 0.33285524 0.16808690 0.33057141 0.18787821 0.33858627 0.19499721 0.27477580 0.19379819 0.27125812 0.16791773 0.26077734 0.16607179 0.26306191 0.15237003 0.25751312 0.14945771 0.28361737 0.14761185 0.28590120 0.13596250 0.39031893 0.15727609 0.39895027
0 0.14097082 0.27411698 0.14355956 0.25091304 0.11767911 0.24043226 0.11648000 0.23691532 0.10125634 0.23075021 0.09090137 0.32356597 0.08905551 0.32584980 0.08420159 0.36935738 0.12682838 0.38661990 0.13912488 0.27640155 0.14097082 0.27411698
0 0.07691294 0.36337436 0.09018032 0.24445360 0.09202657 0.24216993 0.09364451 0.22766765 0.06928635 0.21780335 0.06808724 0.21428641 0.05134121 0.20750479 0.04648738 0.25101163 0.04464132 0.25329615 0.03461000 0.34321086 0.03765477 0.34444390 0.03885348 0.34796146 0.07691294 0.36337436
0 0.01891507 0.17012091 0.01179607 0.23393138 0.02549752 0.23948004 0.02776269 0.21917640 0.02960867 0.21689262 0.03413893 0.17628610 0.01891507 0.17012091
0 0.39843750 0.17830187 0.36785006 0.16591491 0.36665103 0.16239722 0.36859255 0.14499464 0.35032431 0.13759657 0.34912521 0.13407963 0.28975247 0.11003552 0.28855345 0.10651783 0.29114215 0.08331426 0.23785856 0.06173606 0.22426765 0.18355675 0.22242179 0.18584058 0.20235898 0.36567149 0.26173211 0.38971576 0.26293083 0.39323255 0.33752762 0.42344193 0.33872673 0.42695887 0.39353260 0.44915355 0.39843750 0.40518902 0.39843750 0.17830187
0 0.16376971 0.24090868 0.16496842 0.24442547 0.19693881 0.25737248 0.20082193 0.22256657 0.20266779 0.22028274 0.21884746 0.07525789 0.22069334 0.07297391 0.22295850 0.05267042 0.18033170 0.03540790 0.17644860 0.07021366 0.17460266 0.07249823 0.15842305 0.21752249 0.15657680 0.21980616 0.15463520 0.23720949 0.16376971 0.24090868
0 0.14734694 0.23122663 0.15576040 0.15581345 0.15760665 0.15352978 0.17216836 0.02300743 0.14933248 0.01375960 0.14813379 0.01024260 0.12986477 0.00284421 0.12339293 0.06085392 0.12154707 0.06313774 0.10504380 0.21106305 0.13701419 0.22401007 0.13821282 0.22752759 0.14734694 0.23122663
0 0.07608260 0.00000000 0.06677810 0.08339993 0.06493216 0.08568373 0.05392996 0.18430085 0.07219866 0.19169911 0.07339738 0.19521589 0.09623326 0.20446371 0.10885341 0.09134432 0.11069927 0.08906049 0.12063529 0.00000000 0.07608260 0.00000000
0 0.03789459 0.00000000 0.02829925 0.08600681 0.04504551 0.09278853 0.05539745 0.00000000 0.03789459 0.00000000
0 1.00000000 0.27939893 0.99741676 0.27895720 0.98502199 0.28651902 0.97267348 0.31272380 0.91455814 0.47620988 0.82572831 0.68592814 0.83723722 0.70619542 0.87955314 0.71751646 0.89247392 0.70204214 1.00000000 0.44459223 1.00000000 0.27939893
0 0.73092247 1.00000000 0.73305681 0.88186377 0.59214944 0.87803937 0.59073377 1.00000000 0.73092247 1.00000000
