0 0.60457290 0.45000000 0.63155653 0.31699413 0.60894178 0.31479239 0.60678175 0.31280666 0.54647534 0.30693529 0.54431585 0.30495007 0.48652205 0.29932333 0.48436256 0.29733811 0.48184996 0.29709349 0.48079050 0.30231572 0.47792412 0.30381162 0.46803602 0.35255138 0.46517029 0.35404735 0.45528220 0.40278711 0.45241637 0.40428352 0.44853183 0.42343095 0.44566610 0.42492692 0.41048704 0.42150192 0.40470548 0.45000000 0.60457290 0.45000000
0 0.34064568 0.45000000 0.34978686 0.40494192 0.35265258 0.40344595 0.35830293 0.37559466 0.36116875 0.37409825 0.39634781 0.37752324 0.39921354 0.37602727 0.40172615 0.37627190 0.41938342 0.28923684 0.40933299 0.28825834 0.40717287 0.28627306 0.33430278 0.27917851 0.33214339 0.27719285 0.25927266 0.27009824 0.25711318 0.26811302 0.22444736 0.26493271 0.22228788 0.26294749 0.22515370 0.26145107 0.22797887 0.24752543 0.11239191 0.23627201 0.10850727 0.25541988 0.10564081 0.25691624 0.09681217 0.30043376 0.09394644 0.30192973 0.08970868 0.32281820 0.08684295 0.32431417 0.01145975 0.31697495 0.00404369 0.35352965 0.00117775 0.35502605 0.00000000 0.35491139 0.00000000 0.41881454 0.32031444 0.45000000 0.34064568 0.45000000
0 0.64959016 0.08976323 0.60424175 0.08534816 0.60208227 0.08336294 0.53675064 0.07700233 0.53286601 0.09615020 0.53000028 0.09764617 0.52011218 0.14638593 0.51724581 0.14788184 0.50700449 0.19836263 0.50413876 0.19985860 0.49389754 0.25033895 0.49103172 0.25183537 0.49067859 0.25357596 0.51831920 0.25626702 0.52047868 0.25825224 0.61093830 0.26705929 0.61309778 0.26904450 0.61203832 0.27426673 0.60917259 0.27576270 0.60740688 0.28446612 0.60991948 0.28471074 0.61207888 0.28669641 0.63720687 0.28914284 0.64959016 0.22810393 0.64959016 0.10844876 0.64845298 0.10740362 0.64959016 0.10179828 0.64959016 0.08976323
0 0.07783797 0.20450648 0.08537579 0.20524035 0.08753518 0.20722602 0.15035484 0.21334207 0.15251433 0.21532729 0.21282074 0.22119865 0.21498022 0.22318387 0.23005715 0.22465174 0.23358857 0.20724491 0.23645439 0.20574850 0.26409499 0.20843955 0.26625438 0.21042522 0.27379284 0.21115915 0.27595232 0.21314437 0.27242081 0.23055165 0.36790565 0.23984795 0.37006577 0.24183323 0.43037218 0.24770460 0.44096662 0.19548320 0.44383235 0.19398724 0.45477991 0.14002525 0.45764564 0.13852928 0.45976457 0.12808483 0.45473935 0.12759558 0.45257923 0.12561029 0.42242666 0.12267468 0.42026654 0.12068939 0.42768259 0.08413469 0.43054905 0.08263833 0.43372735 0.06697210 0.43121410 0.06672741 0.42905462 0.06474219 0.36372235 0.05838151 0.36156287 0.05639629 0.28115432 0.04856781 0.27899483 0.04658259 0.19858628 0.03875410 0.19642689 0.03676844 0.11601834 0.02893995 0.11385886 0.02695473 0.03847552 0.01961549 0.00633918 0.17801981 0.03900512 0.18120013 0.04116480 0.18318537 0.07885614 0.18685496 0.08101627 0.18884024 0.07783797 0.20450648
0 0.94608035 0.45000000 0.94555366 0.44928923 0.94352455 0.44899930 0.94178010 0.44664638 0.93975099 0.44635645 0.93800706 0.44400360 0.93597795 0.44371367 0.93248956 0.43900790 0.93046045 0.43871797 0.92871659 0.43636459 0.92668696 0.43607459 0.92494302 0.43372174 0.91885570 0.43285196 0.91654090 0.43462489 0.91625565 0.43668834 0.91162709 0.44023435 0.91134192 0.44229727 0.90902712 0.44407020 0.90874188 0.44613365 0.90642759 0.44790665 0.90614242 0.44996958 0.90610273 0.45000000 0.94608035 0.45000000
0 1.00000000 0.45000000 1.00000000 0.42551199 0.99853318 0.42530240 0.98981305 0.41353754 0.98778394 0.41324761 0.98603956 0.41089416 0.98401045 0.41060424 0.98226652 0.40825138 0.98023689 0.40796138 0.97849296 0.40560853 0.97646385 0.40531861 0.97471999 0.40296522 0.97066125 0.40238530 0.96891732 0.40003245 0.96485858 0.39945252 0.96311465 0.39709967 0.96108554 0.39680975 0.95934160 0.39445689 0.95731249 0.39416697 0.95556804 0.39181404 0.95353893 0.39152412 0.95179507 0.38917074 0.94948019 0.39094419 0.94919502 0.39300712 0.94688074 0.39478012 0.94659557 0.39684305 0.94428129 0.39861605 0.94399604 0.40067950 0.94168176 0.40245250 0.94139659 0.40451543 0.93908224 0.40628896 0.93879706 0.40835189 0.93648226 0.41012481 0.93619709 0.41218774 0.93388281 0.41396074 0.93359757 0.41602419 0.93128328 0.41779720 0.93099811 0.41986012 0.92868324 0.42163358 0.92811290 0.42575943 0.93014252 0.42604943 0.93363039 0.43075513 0.93566002 0.43104513 0.93740388 0.43339851 0.93943299 0.43368844 0.94117693 0.43604129 0.94320603 0.43633121 0.94669435 0.44103752 0.94872346 0.44132745 0.95046791 0.44368037 0.95249702 0.44397030 0.95598489 0.44867600 0.95801400 0.44896593 0.95878066 0.45000000 1.00000000 0.45000000
0 0.89165683 0.45000000 0.89396725 0.44822995 0.89425243 0.44616703 0.89656671 0.44439403 0.89685195 0.44233057 0.89916623 0.44055757 0.89945141 0.43849464 0.90176621 0.43672172 0.90233663 0.43259534 0.90465091 0.43082234 0.90522132 0.42669595 0.89998900 0.41963733 0.89795989 0.41934740 0.89447157 0.41464109 0.89244246 0.41435117 0.89069853 0.41199832 0.88055195 0.41054854 0.87880801 0.40819569 0.87966360 0.40200638 0.86951755 0.40055668 0.86777361 0.39820383 0.86834403 0.39407745 0.86225618 0.39320760 0.86051225 0.39085475 0.85848314 0.39056482 0.85150643 0.38115274 0.84947733 0.38086281 0.84773339 0.37850996 0.84570428 0.37822003 0.84396035 0.37586718 0.84193072 0.37557718 0.84018686 0.37322380 0.83815775 0.37293388 0.83641329 0.37058095 0.83438419 0.37029102 0.83264025 0.36793817 0.83061114 0.36764825 0.82886728 0.36529487 0.82480855 0.36471494 0.82452330 0.36677840 0.82220902 0.36855140 0.82192385 0.37061433 0.81729469 0.37416078 0.81700952 0.37622371 0.81469524 0.37799671 0.81441007 0.38005963 0.81209571 0.38183316 0.81181054 0.38389609 0.80949626 0.38566909 0.80921101 0.38773255 0.80689622 0.38950547 0.80661104 0.39156840 0.80429676 0.39334140 0.80401159 0.39540433 0.80169724 0.39717786 0.80141206 0.39924078 0.79909726 0.40101371 0.79881202 0.40307716 0.80084165 0.40336716 0.80258558 0.40572001 0.80461469 0.40600994 0.80635914 0.40836287 0.80838825 0.40865279 0.81187612 0.41335850 0.81390523 0.41364842 0.81564961 0.41600188 0.81767872 0.41629180 0.81942266 0.41864465 0.82145228 0.41893465 0.82319622 0.42128750 0.82522533 0.42157743 0.82696919 0.42393081 0.82899830 0.42422074 0.83248669 0.42892651 0.83451580 0.42921644 0.83626025 0.43156936 0.83828936 0.43185929 0.84003329 0.43421214 0.84206240 0.43450207 0.84380626 0.43685545 0.84583589 0.43714545 0.84757983 0.43949830 0.84960893 0.43978822 0.85309725 0.44449453 0.85512636 0.44478445 0.85687030 0.44713731 0.85889940 0.44742723 0.86064386 0.44978016 0.86218247 0.45000000 0.89165683 0.45000000
0 1.00000000 0.35187859 0.99836881 0.35164552 0.99808364 0.35370845 0.99576936 0.35548145 0.99228097 0.35077567 0.99256614 0.34871274 0.98039098 0.34697312 0.98010580 0.34903604 0.97779100 0.35080897 0.97750583 0.35287190 0.97519148 0.35464543 0.97490630 0.35670835 0.97259202 0.35848135 0.97230678 0.36054481 0.96999198 0.36231774 0.96970681 0.36438066 0.96507824 0.36792666 0.96479300 0.36999012 0.96247872 0.37176312 0.96219355 0.37382605 0.95987919 0.37559957 0.95959402 0.37766250 0.96482583 0.38472106 0.96685493 0.38501098 0.96859932 0.38736444 0.97062842 0.38765436 0.97237236 0.39000721 0.97440199 0.39029721 0.97614592 0.39265006 0.97817503 0.39293999 0.97991889 0.39529337 0.97963372 0.39735630 0.98166283 0.39764622 0.98340728 0.39999915 0.98949513 0.40086900 0.99647080 0.41028094 0.99850042 0.41057093 1.00000000 0.41259411 1.00000000 0.35187859
0 0.84763461 0.33431548 0.84532025 0.33608901 0.84503508 0.33815194 0.84272080 0.33992494 0.84243556 0.34198840 0.84012076 0.34376132 0.83983558 0.34582425 0.83752130 0.34759725 0.83723613 0.34966018 0.83492178 0.35143370 0.83463660 0.35349663 0.83232232 0.35526963 0.83406619 0.35762301 0.83349584 0.36174886 0.83523978 0.36410172 0.83726889 0.36439164 0.83901334 0.36674457 0.84510118 0.36761442 0.84684505 0.36996780 0.84887415 0.37025772 0.85061809 0.37261058 0.85264720 0.37290050 0.85613551 0.37760681 0.85816462 0.37789673 0.85990908 0.38024966 0.86193818 0.38053959 0.86542606 0.38524529 0.86745516 0.38553521 0.86919962 0.38788814 0.87122873 0.38817806 0.87471704 0.39288437 0.88080437 0.39375415 0.88254830 0.39610700 0.88457793 0.39639700 0.88632179 0.39875038 0.88835090 0.39904030 0.89009536 0.40139323 0.89212446 0.40168316 0.89386840 0.40403601 0.89589751 0.40432593 0.89764144 0.40667879 0.89967107 0.40696879 0.90141501 0.40932164 0.90344411 0.40961156 0.90693243 0.41431787 0.91707849 0.41576757 0.91736366 0.41370464 0.91967802 0.41193111 0.91996319 0.40986819 0.92227799 0.40809526 0.92256316 0.40603233 0.92487744 0.40425933 0.92516269 0.40219588 0.92747697 0.40042288 0.92804739 0.39629650 0.93036167 0.39452350 0.93064684 0.39246057 0.93296112 0.39068757 0.93324629 0.38862464 0.93556117 0.38685119 0.93584634 0.38478826 0.93816062 0.38301526 0.93873104 0.37888888 0.93670193 0.37859895 0.93495747 0.37624603 0.93292836 0.37595610 0.93118443 0.37360325 0.92915532 0.37331332 0.92741139 0.37096047 0.92538176 0.37067047 0.92363790 0.36831709 0.92160879 0.36802717 0.91986433 0.36567424 0.91783523 0.36538431 0.91609129 0.36303146 0.91406218 0.36274154 0.91057386 0.35803523 0.90854476 0.35774531 0.90680082 0.35539245 0.90477119 0.35510245 0.90302726 0.35274960 0.90099815 0.35245968 0.89925422 0.35010683 0.89722511 0.34981690 0.89548073 0.34746345 0.89345162 0.34717352 0.89170768 0.34482067 0.88967806 0.34453067 0.88619026 0.33982444 0.88416115 0.33953451 0.88241721 0.33718166 0.88038759 0.33689166 0.87864365 0.33453881 0.87661454 0.33424888 0.87487009 0.33189596 0.87284098 0.33160603 0.87109704 0.32925318 0.86906794 0.32896325 0.86732407 0.32660987 0.86529445 0.32631988 0.86180658 0.32161417 0.85774784 0.32103425 0.85543356 0.32280725 0.85514839 0.32487017 0.85051975 0.32841670 0.85023458 0.33047963 0.84791978 0.33225256 0.84763461 0.33431548
0 0.87854480 0.29034486 0.87825962 0.29240779 0.87594534 0.29418079 0.87566010 0.29624424 0.87103153 0.29979025 0.87074636 0.30185317 0.86843156 0.30362610 0.86814632 0.30568955 0.86583204 0.30746256 0.86526162 0.31158894 0.86875001 0.31629471 0.87077912 0.31658464 0.87252305 0.31893749 0.87455216 0.31922742 0.87629610 0.32158027 0.87832572 0.32187027 0.88006959 0.32422365 0.88209869 0.32451357 0.88384315 0.32686650 0.88587226 0.32715643 0.88761619 0.32950928 0.88964530 0.32979920 0.89138916 0.33215258 0.89341879 0.33244258 0.89516273 0.33479543 0.89719183 0.33508536 0.89893629 0.33743829 0.90096540 0.33772821 0.90270933 0.34008106 0.90473844 0.34037099 0.90648238 0.34272384 0.90851200 0.34301384 0.91025586 0.34536722 0.91228497 0.34565715 0.91577336 0.35036292 0.91808764 0.34858992 0.92417549 0.34945977 0.92591942 0.35181262 0.92794853 0.35210255 0.92969291 0.35445600 0.92912257 0.35858186 0.93261044 0.36328756 0.93463955 0.36357749 0.93812786 0.36828379 0.94827392 0.36973349 0.95058820 0.36796049 0.95087345 0.36589704 0.95550253 0.36235111 0.95578770 0.36028818 0.95810198 0.35851518 0.95895757 0.35232588 0.96358673 0.34877942 0.96387190 0.34671649 0.96618618 0.34494349 0.96444224 0.34259064 0.96675660 0.34081711 0.96704177 0.33875418 0.97167041 0.33520765 0.96992647 0.33285480 0.96789736 0.33256488 0.96615343 0.33021202 0.96412380 0.32992203 0.96237986 0.32756917 0.96035075 0.32727925 0.95860630 0.32492632 0.95657719 0.32463640 0.95483333 0.32228302 0.95280422 0.32199309 0.95106029 0.31964024 0.95077511 0.32170316 0.94846024 0.32347662 0.93628507 0.32173699 0.93454121 0.31938361 0.93685549 0.31761061 0.93714066 0.31554769 0.93945502 0.31377416 0.93974019 0.31171123 0.93771108 0.31142131 0.93422269 0.30671553 0.93219358 0.30642560 0.93044965 0.30407275 0.92842002 0.30378275 0.92667616 0.30142937 0.92464705 0.30113945 0.92115918 0.29643374 0.91912955 0.29614374 0.91738569 0.29379036 0.91535658 0.29350044 0.91361213 0.29114751 0.91158302 0.29085759 0.90983908 0.28850473 0.90780998 0.28821481 0.90606604 0.28586196 0.90403641 0.28557196 0.90229248 0.28321910 0.90026337 0.28292918 0.89851899 0.28057572 0.89648988 0.28028580 0.89474594 0.27793295 0.88865810 0.27706310 0.88837293 0.27912602 0.88374429 0.28267255 0.88345912 0.28473548 0.88114432 0.28650841 0.88085915 0.28857133 0.87854480 0.29034486
0 1.00000000 0.27306812 0.99905952 0.27179926 0.99703041 0.27150933 0.99528648 0.26915648 0.99325737 0.26886656 0.98976898 0.26416078 0.98773987 0.26387085 0.98599593 0.26151800 0.97787898 0.26035822 0.96741448 0.24623991 0.95523931 0.24450028 0.95175092 0.23979451 0.95203617 0.23773105 0.94854830 0.23302535 0.94043134 0.23186557 0.93868696 0.22951212 0.93665785 0.22922219 0.93316998 0.22451649 0.93345516 0.22245356 0.92996684 0.21774726 0.92793773 0.21745733 0.92562338 0.21923086 0.92533820 0.22129379 0.92302340 0.22306671 0.92273823 0.22512964 0.91810960 0.22867617 0.91782442 0.23073910 0.91551015 0.23251210 0.91522490 0.23457555 0.91059582 0.23812148 0.91031065 0.24018441 0.90799636 0.24195741 0.90771112 0.24402086 0.90308204 0.24756679 0.90279679 0.24963024 0.89816823 0.25317625 0.89411002 0.25259640 0.89179522 0.25436932 0.89122480 0.25849570 0.88891052 0.26026870 0.88862535 0.26233163 0.88631099 0.26410516 0.88574065 0.26823101 0.88979886 0.26881086 0.89154332 0.27116379 0.89560153 0.27174364 0.89734547 0.27409649 0.89937458 0.27438642 0.90111896 0.27673987 0.90517718 0.27731972 0.90692163 0.27967265 0.91097985 0.28025250 0.91272378 0.28260535 0.93301642 0.28550483 0.93476028 0.28785821 0.93678939 0.28814813 0.94027778 0.29285391 0.94230689 0.29314384 0.94405082 0.29549669 0.94607993 0.29578661 0.94782439 0.29813954 0.94985350 0.29842946 0.95159736 0.30078285 0.95362699 0.30107284 0.95537092 0.30342570 0.95740003 0.30371562 0.95914396 0.30606847 0.96117307 0.30635840 0.96291745 0.30871185 0.96494656 0.30900178 0.96669050 0.31135463 0.96872012 0.31164463 0.97046406 0.31399748 0.97249317 0.31428741 0.97423710 0.31664026 0.97626621 0.31693019 0.97801067 0.31928311 0.98003977 0.31957304 0.98178364 0.32192642 0.98381326 0.32221642 0.98612762 0.32044289 0.98641279 0.31837996 0.98872707 0.31660696 0.98901224 0.31454403 0.99132652 0.31277103 0.99161177 0.31070758 0.99624085 0.30716165 0.99652610 0.30509819 0.99884038 0.30332519 0.99912555 0.30126227 1.00000000 0.30059234 1.00000000 0.27306812
0 0.64959016 0.51710814 0.58014615 0.50801196 0.57642221 0.52746604 0.58425397 0.53068888 0.64959016 0.53739958 0.64959016 0.51710814
0 0.52899288 0.57118057 0.49622343 0.56123885 0.48362568 0.62991639 0.48972985 0.63815190 0.52104044 0.64367756 0.52899288 0.57118057
0 0.67236729 0.66751051 0.67255777 0.66538311 0.67410374 0.66355473 0.67817013 0.66445174 0.68331360 0.60700832 0.68485957 0.60517994 0.68714556 0.57964959 0.67765726 0.57755655 0.67651430 0.59032145 0.67496836 0.59214984 0.66925338 0.65597599 0.66770741 0.65780437 0.66694542 0.66631449 0.67236729 0.66751051
0 0.69046088 0.45000000 0.68929965 0.46296882 0.68775370 0.46479738 0.68241977 0.52436791 0.68087378 0.52619685 0.67954033 0.54108915 0.68070524 0.54351609 0.67841926 0.56904643 0.68384113 0.57024245 0.68500609 0.57266885 0.68771706 0.57326686 0.68981256 0.54986391 0.69135850 0.54803551 0.69154898 0.54590812 0.69309497 0.54407919 0.69445045 0.54437820 0.69806989 0.50395555 0.69961586 0.50212717 0.70428331 0.45000000 0.69046088 0.45000000
