0 0.00000000 0.58894231 0.23204090 0.58894231 0.23162157 0.58094107 0.23389617 0.57841487 0.25070019 0.57753421 0.25322639 0.57980881 0.25310059 0.57740841 0.25537519 0.57488221 0.25134934 0.49806456 0.25362456 0.49553833 0.25148580 0.45472849 0.25376040 0.45220229 0.27296481 0.45119583 0.27082609 0.41038660 0.27310066 0.40785979 0.27045871 0.35744836 0.27273392 0.35492213 0.27147583 0.33091630 0.27375043 0.32839010 0.29295484 0.32738364 0.29548104 0.32965824 0.29788144 0.32953244 0.29561692 0.28632282 0.29789152 0.28379662 0.29411727 0.21177976 0.29639249 0.20925353 0.31559690 0.20824707 0.31496787 0.19624446 0.31724244 0.19371765 0.31346823 0.12170141 0.31574282 0.11917521 0.31498796 0.10477159 0.31726318 0.10224536 0.32206397 0.10199376 0.32433857 0.09946756 0.33634179 0.09883850 0.33621596 0.09643749 0.33849056 0.09391129 0.33811316 0.08671010 0.34038773 0.08418328 0.35479134 0.08342842 0.35731757 0.08570364 0.38372318 0.08431978 0.38334575 0.07711797 0.38562093 0.07459112 0.38411127 0.04578512 0.33610024 0.04830127 0.33357401 0.04602606 0.26635794 0.04954870 0.26686117 0.05915091 0.26231201 0.06420392 0.21910238 0.06646844 0.21657554 0.06419326 0.19737112 0.06519972 0.19484493 0.06292512 0.19434170 0.05332291 0.17513728 0.05432937 0.17261109 0.05205477 0.10779603 0.05545159 0.10526984 0.05317699 0.04045479 0.05657380 0.03792856 0.05429859 0.00000000 0.05628634 0.00000000 0.58894231
0 0.50961538 0.00000000 0.43707565 0.00000000 0.43756218 0.00928353 0.43528759 0.01180986 0.41608317 0.01281631 0.41973161 0.08243266 0.41745701 0.08495885 0.41858927 0.10656367 0.49540693 0.10253782 0.49793313 0.10481242 0.49868799 0.11921604 0.50961538 0.11864336 0.50961538 0.00000000
0 0.00000000 0.00000000 0.00000000 0.03943666 0.04665013 0.03699183 0.04917633 0.03926656 0.09958776 0.03662460 0.10211458 0.03889929 0.15012500 0.03638317 0.15265183 0.03865792 0.19586145 0.03639340 0.19510661 0.02199009 0.19738181 0.01946374 0.19713019 0.01466257 0.19940479 0.01213625 0.26181882 0.00886527 0.26434503 0.01114000 0.26547730 0.03274499 0.27267911 0.03236756 0.27520593 0.03464231 0.33521957 0.03149713 0.33774577 0.03377185 0.38575681 0.03125570 0.38462454 0.00965076 0.38689913 0.00712438 0.40610355 0.00611792 0.40578292 0.00000000 0.00000000 0.00000000
0 0.50961538 0.39490198 0.52003327 0.39594538 0.53058927 0.33078199 0.50961538 0.32635968 0.50961538 0.39490198
0 0.50961538 0.31396459 0.53417327 0.31713581 0.54410054 0.27313769 0.50961538 0.26629647 0.50961538 0.31396459
0 0.57282601 0.25478464 0.61716724 0.26432323 0.64019288 0.15135757 0.59706338 0.13972385 0.57282601 0.25478464
0 0.62303926 0.26677648 0.68599775 0.28394733 0.69892225 0.20830908 0.63758185 0.19220405 0.62303926 0.26677648
0 0.64326743 0.18200549 0.70026825 0.19559381 0.71534293 0.12019672 0.65151638 0.10446751 0.64326743 0.18200549
0 0.65667541 0.09235158 0.71941188 0.10969534 0.73404399 0.03315639 0.66989535 0.01592034 0.65667541 0.09235158
0 0.61743272 0.00000000 0.59822771 0.11614743 0.64278779 0.13009166 0.66608528 0.01790371 0.62350433 0.00000000 0.61743272 0.00000000
0 0.56959314 0.00000000 0.55439238 0.10087499 0.59775732 0.11622023 0.61689434 0.00107530 0.61398857 0.00000000 0.56959314 0.00000000
0 0.49581231 0.58894231 0.01273422 0.62228530 0.01605931 0.66423607 0.50573332 0.62901698 0.50363310 0.58894231 0.49581231 0.58894231
0 0.01892143 0.71884863 0.50868602 0.68535793 0.50655484 0.64469258 0.01799689 0.67677204 0.01892143 0.71884863
0 0.50961538 0.70309117 0.50932362 0.69752393 0.02145915 0.73135314 0.02288948 0.77159786 0.50961538 0.73889584 0.50961538 0.70309117
0 0.50961538 0.75225496 0.02612169 0.78587134 0.02818120 0.82668487 0.50961538 0.79548919 0.50961538 0.75225496
0 0.50961538 1.00000000 0.50961538 0.97877383 0.35816965 0.98992679 0.35895113 1.00000000 0.50961538 1.00000000
0 0.50961538 0.86900876 0.03216045 0.90109782 0.03507172 0.94668101 0.50961538 0.91490955 0.50961538 0.86900876
0 0.50961538 0.92504845 0.03810131 0.95855796 0.03968833 1.00000000 0.05800186 1.00000000 0.50961538 0.97035316 0.50961538 0.92504845
0 0.50961538 0.80632841 0.02939524 0.83685161 0.02974869 0.87955992 0.50961538 0.85035990 0.50961538 0.80632841
0 0.76299852 0.76293252 0.84709536 0.75082232 0.84602185 0.73033842 0.76192501 0.74244861 0.76299852 0.76293252
