0 0.50000000 0.20088998 0.41484115 0.21617292 0.41337753 0.21799368 0.35247940 0.22892269 0.35423695 0.23484042 0.35277284 0.23666126 0.34706352 0.23768588 0.34926028 0.24508247 0.34779667 0.24690322 0.34018440 0.24826935 0.34150250 0.25270745 0.36053341 0.24929209 0.36199702 0.24747134 0.36389997 0.24712983 0.36624224 0.24826756 0.36756035 0.25270567 0.36990311 0.25384331 0.37166054 0.25976066 0.37019643 0.26158150 0.36068122 0.26328913 0.36199932 0.26772724 0.39054544 0.26260424 0.39288772 0.26374197 0.39464515 0.26965932 0.39698791 0.27079696 0.39889085 0.27045546 0.40035447 0.26863470 0.49550755 0.25155815 0.49785031 0.25269580 0.48906787 0.26362124 0.48950720 0.26510049 0.47779753 0.27966744 0.47823686 0.28114668 0.46652719 0.29571363 0.46696663 0.29719325 0.45525696 0.31176020 0.47428787 0.30834484 0.47663014 0.30948257 0.48614535 0.30777493 0.48848811 0.30891258 0.48892755 0.31039220 0.48746345 0.31221304 0.48878144 0.31665076 0.49258782 0.31596766 0.49493020 0.31710577 0.50000000 0.31619592 0.50000000 0.20088998
0 0.50000000 0.17894297 0.49520443 0.16279607 0.49081321 0.16825879 0.49125254 0.16973803 0.48393409 0.17884226 0.48437342 0.18032150 0.47705459 0.18942620 0.47749392 0.19090544 0.47456669 0.19454694 0.50000000 0.18998258 0.50000000 0.17894297
0 0.17577569 0.16714390 0.16992074 0.17442699 0.17036018 0.17590661 0.16450534 0.18319009 0.16494467 0.18466933 0.16348106 0.18649008 0.18822080 0.18205019 0.19056308 0.18318792 0.19275995 0.19058489 0.21940263 0.18580349 0.22174540 0.18694113 0.22438160 0.19581735 0.22291750 0.19763819 0.21149934 0.19968733 0.21281733 0.20412506 0.24136345 0.19900206 0.24370583 0.20014017 0.24722070 0.21197487 0.24575708 0.21379562 0.23624187 0.21550326 0.23712064 0.21846212 0.26376333 0.21368071 0.26610560 0.21481845 0.26654493 0.21629769 0.26508132 0.21811844 0.26596009 0.22107730 0.29069983 0.21663741 0.29304211 0.21777515 0.29523886 0.22517174 0.29758163 0.22630938 0.43840830 0.20103607 0.43796898 0.19955683 0.44236031 0.19409448 0.44192087 0.19261486 0.44484810 0.18897336 0.44440866 0.18749374 0.44733637 0.18385214 0.44689704 0.18237290 0.44982465 0.17873093 0.44938532 0.17725169 0.45377605 0.17178905 0.45333673 0.17030981 0.45626444 0.16666822 0.45582500 0.16518860 0.46021622 0.15972588 0.46255861 0.16086399 0.49300767 0.15539948 0.47411527 0.09178790 0.40560488 0.10408304 0.40780163 0.11147963 0.40633764 0.11330085 0.37969496 0.11808225 0.37735257 0.11694414 0.36212804 0.11967640 0.36432480 0.12707299 0.36286081 0.12889421 0.32860585 0.13504173 0.32626347 0.13390362 0.32406671 0.12650703 0.29932648 0.13094701 0.29698420 0.12980928 0.29522677 0.12389193 0.19055799 0.14267621 0.18616726 0.14813884 0.18660659 0.14961808 0.18075175 0.15690156 0.18119108 0.15838080 0.17533624 0.16566428 0.17577569 0.16714390
0 0.33438777 0.00000000 0.27940243 0.00986788 0.27208401 0.01897222 0.27252338 0.02045158 0.26520495 0.02955588 0.26564430 0.03103520 0.25686183 0.04196057 0.25730116 0.04343981 0.24998271 0.05254404 0.25042215 0.05402366 0.24310370 0.06312789 0.24354303 0.06460713 0.23476048 0.07553220 0.23519992 0.07701182 0.22788147 0.08611604 0.24881532 0.08235917 0.25115760 0.08349691 0.25686692 0.08247229 0.25920919 0.08361002 0.25964863 0.08508964 0.25672140 0.08873115 0.25716085 0.09021077 0.25423313 0.09385236 0.25467246 0.09533160 0.25028172 0.10079424 0.25072105 0.10227348 0.24779345 0.10591545 0.24823278 0.10739469 0.24530506 0.11103628 0.24574450 0.11251590 0.24281727 0.11615741 0.24325671 0.11763703 0.24032948 0.12127853 0.47060041 0.07995320 0.44685461 0.00000000 0.43857710 0.00000000 0.41598668 0.00405416 0.41364438 0.00291636 0.41277823 0.00000000 0.39516498 0.00000000 0.38714672 0.00143899 0.38480442 0.00030118 0.38471497 0.00000000 0.33438777 0.00000000
0 0.00000000 0.09273227 0.02029663 0.08908975 0.02263950 0.09022778 0.02571492 0.10058285 0.02425093 0.10240407 0.01854161 0.10342869 0.02117770 0.11230452 0.01971418 0.11412526 0.01210191 0.11549138 0.00975954 0.11435367 0.01195641 0.12175064 0.01049270 0.12357141 0.00478348 0.12459601 0.00566214 0.12755449 0.02849893 0.12345611 0.03084121 0.12459384 0.03128065 0.12607346 0.03362341 0.12721111 0.03494151 0.13164921 0.05777782 0.12755092 0.06012058 0.12868856 0.06099924 0.13164704 0.06334163 0.13278516 0.06509906 0.13870250 0.06363545 0.14052326 0.05412023 0.14223089 0.05543833 0.14666900 0.08779034 0.14086298 0.08925385 0.13904185 0.08881452 0.13756261 0.09759707 0.12663754 0.09715763 0.12515792 0.10447608 0.11605369 0.10403675 0.11457445 0.11281882 0.10364947 0.11237938 0.10216985 0.11969831 0.09306554 0.11925898 0.09158629 0.12804094 0.08066093 0.12760161 0.07918169 0.13492006 0.07007747 0.13448062 0.06859785 0.14326317 0.05767278 0.14282384 0.05619354 0.15014224 0.04708912 0.14970287 0.04560976 0.15702130 0.03650546 0.15658195 0.03502614 0.16536444 0.02410085 0.16492509 0.02262153 0.17224352 0.01351723 0.17180415 0.01203787 0.17473181 0.00839609 0.00000000 0.03975415 0.00000000 0.09273227
0 0.79197624 0.21472540 0.75962089 0.21521300 0.76187040 0.22278721 0.79385071 0.22103685 0.79197624 0.21472540
0 0.55531446 0.91594570 0.55487513 0.91361905 0.56072997 0.90216313 0.56029064 0.89983649 0.56760912 0.88551613 0.56716979 0.88318949 0.56863351 0.88032567 0.53057218 0.89106933 0.54155609 0.94923909 0.54301982 0.94637525 0.54258049 0.94404861 0.54989896 0.92972826 0.54945963 0.92740162 0.55531446 0.91594570
0 1.00000000 0.75611214 0.96974134 0.76465332 0.96827772 0.76751712 0.90547616 0.78524427 0.90591549 0.78757092 0.90445188 0.79043471 0.90576998 0.79741525 0.90430636 0.80027905 0.86053571 0.81263429 0.86273247 0.82426813 0.86126896 0.82713252 0.82891647 0.83626474 0.82657408 0.83447464 0.82393799 0.82051416 0.79919825 0.82749751 0.79685598 0.82570801 0.79465922 0.81407418 0.68999044 0.84361929 0.68559910 0.85221082 0.68603843 0.85453746 0.68018371 0.86599398 0.68062304 0.86832063 0.67476820 0.87977654 0.67520753 0.88210319 0.66788908 0.89642290 0.66832841 0.89874955 0.66247368 0.91020606 0.66291302 0.91253271 0.65705818 0.92398863 0.65749751 0.92631528 0.65164267 0.93777120 0.65208200 0.94009784 0.64622717 0.95155376 0.64666661 0.95388100 0.63934816 0.96820072 0.63978749 0.97052736 0.63539627 0.97911949 0.65823306 0.97267329 0.66057534 0.97446279 0.66247828 0.97392563 0.66482104 0.97571500 0.66335694 0.97857893 0.66379638 0.98090617 0.65940565 0.98949816 0.65984498 0.99182480 0.65566644 1.00000000 0.70902435 1.00000000 0.77607973 0.98107211 0.77842249 0.98286148 0.93257076 0.93934967 0.93549848 0.93362194 0.93505914 0.93129529 0.94384110 0.91411119 0.94340177 0.91178454 0.95072011 0.89746423 0.95028078 0.89513758 0.95320850 0.88940985 0.96082076 0.88726112 0.96316304 0.88905062 0.98599984 0.88260442 0.98834211 0.88439392 0.98878144 0.88672056 0.98292672 0.89817708 0.98336604 0.90050373 0.97604759 0.91482344 0.97648692 0.91715009 0.97209570 0.92574221 0.97253503 0.92806886 1.00000000 0.92031625 1.00000000 0.75611214
0 0.50289262 0.74448102 0.52705732 0.87245496 0.58224612 0.85687668 0.58371023 0.85401275 0.58327078 0.85168550 0.58912513 0.84022972 0.58868580 0.83790308 0.59600474 0.82358323 0.59556530 0.82125598 0.60288375 0.80693627 0.60244442 0.80460962 0.60829926 0.79315371 0.60785993 0.79082706 0.61517827 0.77650675 0.61473894 0.77418010 0.62059377 0.76272418 0.62015445 0.76039754 0.62747338 0.74607769 0.62703405 0.74375104 0.63435239 0.72943073 0.63391306 0.72710408 0.64123151 0.71278437 0.64079207 0.71045712 0.64811052 0.69613741 0.64767120 0.69381076 0.65498965 0.67949105 0.65455032 0.67716440 0.65601431 0.67429987 0.54944258 0.70438213 0.55163934 0.71601596 0.55017535 0.71888049 0.50830813 0.73069846 0.51006556 0.74000564 0.50860185 0.74286946 0.50289262 0.74448102
0 1.00000000 0.67012488 0.98553851 0.59353819 0.97031398 0.59783566 0.96885047 0.60070004 0.94791662 0.60660910 0.94967405 0.61591628 0.94820995 0.61878021 0.91395499 0.62844945 0.91161272 0.62665995 0.90985529 0.61735276 0.90751290 0.61556267 0.88657905 0.62147172 0.88423629 0.61968236 0.88247886 0.61037517 0.87867297 0.61144947 0.87633070 0.60965997 0.80211098 0.63061015 0.79976870 0.62882065 0.77883485 0.63472970 0.77298002 0.64618562 0.77341934 0.64851227 0.76610089 0.66283198 0.76654033 0.66515922 0.75922188 0.67947894 0.75966121 0.68180559 0.74941516 0.70185362 0.74985449 0.70418027 0.74253555 0.71850012 0.74297488 0.72082677 0.73565654 0.73514708 0.73609587 0.73747373 0.72877742 0.75179344 0.72921686 0.75412068 0.72189841 0.76844040 0.72233774 0.77076704 0.72087363 0.77363098 0.74751681 0.76611034 0.74985920 0.76790044 0.75293461 0.78418756 0.75147111 0.78705196 0.74576179 0.78866354 0.74664045 0.79331684 0.74517683 0.79618063 0.74605560 0.80083452 0.74459199 0.80369832 0.70272428 0.81551642 0.69979716 0.82124460 0.70170011 0.82070746 0.70404238 0.82249696 0.98759917 0.74245669 0.98584174 0.73314950 0.98730573 0.73028497 1.00000000 0.72670173 1.00000000 0.67012488
0 0.50000000 0.70118318 0.64152025 0.66123591 0.64298424 0.65837138 0.66962692 0.65085089 0.67255464 0.64512316 0.67211520 0.64279591 0.67796966 0.63134073 0.67753022 0.62901349 0.68484916 0.61469363 0.68440983 0.61236699 0.69026466 0.60091107 0.68982522 0.59858383 0.69568017 0.58712851 0.69524073 0.58480126 0.70255918 0.57048155 0.70211985 0.56815490 0.70797469 0.55669898 0.70753524 0.55437174 0.71339019 0.54291642 0.71295075 0.54058918 0.72026920 0.52626946 0.71982987 0.52394282 0.72568471 0.51248690 0.72524527 0.51015965 0.73110022 0.49870433 0.73066077 0.49637709 0.73651561 0.48492117 0.73607628 0.48259453 0.74339473 0.46827481 0.63682301 0.49835707 0.63901977 0.50999090 0.63755615 0.51285470 0.59378550 0.52520995 0.59554293 0.53451713 0.59407943 0.53738153 0.55982447 0.54705075 0.55748208 0.54526066 0.55572465 0.53595348 0.54430601 0.53917664 0.54196374 0.53738715 0.53054510 0.54061031 0.52820282 0.53882082 0.52644539 0.52951363 0.50000000 0.53697844 0.50000000 0.70118318
0 0.84660220 0.47345328 0.83928386 0.48777359 0.83972319 0.49010024 0.83240473 0.50441995 0.83284406 0.50674660 0.82552561 0.52106631 0.82596505 0.52339356 0.81864612 0.53771341 0.81908545 0.54004005 0.81176711 0.55436036 0.81220644 0.55668701 0.80488798 0.57100673 0.83533705 0.56241179 0.83767932 0.56420129 0.83855810 0.56885518 0.83709448 0.57171898 0.83841258 0.57869952 0.83694896 0.58156331 0.83314259 0.58263775 0.83167897 0.58550154 0.82787260 0.58657598 0.82963003 0.59588316 0.82816641 0.59874696 0.82245709 0.60035854 0.82377519 0.60733908 0.97982689 0.56328999 0.95038991 0.40739449 0.86284860 0.43210499 0.86138510 0.43496938 0.86182443 0.43729603 0.85304188 0.45447968 0.85348132 0.45680692 0.84616287 0.47112663 0.84660220 0.47345328
0 0.72151610 0.38867188 0.50000000 0.45119976 0.50000000 0.51737192 0.65614543 0.47329637 0.65848771 0.47508586 0.75364079 0.44822677 0.76095971 0.43390680 0.76052034 0.43157998 0.76637469 0.42012420 0.76593533 0.41779737 0.77325424 0.40347740 0.77281489 0.40115063 0.77866973 0.38969471 0.77847659 0.38867188 0.72151610 0.38867188
