0 0.00000000 0.52734375 0.05302852 0.52734375 0.05293176 0.52719480 0.04146983 0.52475849 0.03846150 0.52012476 0.05389229 0.44752860 0.05852503 0.44452006 0.10819634 0.45507803 0.11282930 0.45206851 0.11526582 0.44060559 0.12453229 0.43458872 0.18948716 0.44839530 0.19273578 0.43311175 0.19736853 0.43010321 0.28906987 0.44959493 0.29370282 0.44658541 0.30516573 0.44902192 0.32140863 0.37260512 0.32604256 0.36959581 0.33172749 0.34285032 0.28587584 0.33310425 0.28286751 0.32847052 0.28530403 0.31700761 0.28229548 0.31237487 0.30422352 0.20921159 0.30885647 0.20620207 0.36234941 0.21757235 0.37047085 0.17936395 0.36282859 0.17773954 0.35982025 0.17310581 0.11910400 0.12193999 0.11609545 0.11730724 0.07406543 0.10837348 0.06943268 0.11138202 0.03775859 0.26039694 0.03312584 0.26340548 0.01200970 0.36274909 0.00737695 0.36575763 0.00000000 0.36418961 0.00000000 0.52734375
0 0.60189167 0.29597185 0.59295812 0.33800089 0.59596743 0.34263483 0.64945939 0.35400489 0.65027170 0.35018327 0.65490445 0.34717473 0.66254671 0.34879914 0.66717946 0.34579060 0.67482173 0.34741502 0.67644593 0.33977373 0.68107889 0.33676421 0.68270310 0.32912292 0.68733605 0.32611340 0.69115670 0.32692550 0.69579042 0.32391717 0.71489462 0.32797789 0.71814324 0.31269434 0.71513470 0.30806159 0.68074695 0.30075225 0.67611322 0.30376058 0.66082966 0.30051196 0.65782112 0.29587921 0.65017983 0.29425500 0.64717031 0.28962205 0.64798263 0.28580043 0.60213195 0.27605457 0.60131964 0.27987619 0.60896191 0.28150060 0.61497899 0.29076610 0.61416668 0.29458772 0.60953393 0.29759626 0.60189167 0.29597185
0 0.84007975 0.30267134 0.83707023 0.29803838 0.83869464 0.29039611 0.82723173 0.28795959 0.82073449 0.31852671 0.82374401 0.32315966 0.82049518 0.33844420 0.82813647 0.34006840 0.83277040 0.33705909 0.84007975 0.30267134
0 0.86625321 0.29226061 0.85569525 0.34193192 0.88626236 0.34842916 0.88788657 0.34078787 0.88487823 0.33615414 0.89299968 0.29794574 0.86625321 0.29226061
0 0.78854296 0.31967173 0.78553463 0.31503801 0.79528028 0.26918832 0.78381835 0.26675201 0.78219414 0.27439330 0.77756042 0.27740163 0.75463557 0.27252880 0.74407740 0.32220110 0.78610645 0.33113464 0.78854296 0.31967173
0 0.73333395 0.26001448 0.73658257 0.24473093 0.69455353 0.23579738 0.68991980 0.23880571 0.61350202 0.22256261 0.60862920 0.24548745 0.73471829 0.27228852 0.73634250 0.26464723 0.73333395 0.26001448
0 0.74145561 0.22180510 0.74632843 0.19888026 0.74169569 0.20188880 0.62324788 0.17671194 0.61837485 0.19963776 0.72918136 0.22319041 0.73381432 0.22018089 0.74145561 0.22180510
0 0.90112113 0.25973734 0.91249140 0.20624441 0.88192429 0.19974716 0.87055402 0.25324010 0.90112113 0.25973734
0 0.54376696 0.28761032 0.52914828 0.35638584 0.53215661 0.36101956 0.56272372 0.36751680 0.56735668 0.36450729 0.62908025 0.07412069 0.57940894 0.06356273 0.56235373 0.14380116 0.56536228 0.14843390 0.55155569 0.21338877 0.55456403 0.21802250 0.54075744 0.28297737 0.54376696 0.28761032
0 0.87662667 0.13073157 0.85370085 0.12585854 0.84443536 0.13187562 0.84061373 0.13106331 0.83980163 0.13488395 0.83516867 0.13789347 0.82370576 0.13545696 0.81907301 0.13846550 0.81606447 0.13383275 0.82012520 0.11472855 0.78955808 0.10823131 0.78306084 0.13879842 0.80598569 0.14367125 0.80899521 0.14830420 0.80737100 0.15594549 0.92199718 0.18031004 0.93093073 0.13828099 0.92711009 0.13746889 0.92410078 0.13283496 0.91263884 0.13039865 0.90337216 0.13641650 0.90174796 0.14405779 0.89248225 0.15007585 0.87719870 0.14682723 0.87419036 0.14219350 0.87662667 0.13073157
0 0.65874263 0.02850912 0.65386959 0.05143495 0.71118317 0.06361732 0.71581592 0.06060879 0.76548821 0.07116696 0.76954914 0.05206178 0.65874263 0.02850912
0 1.00000000 0.08906583 0.99741717 0.08851684 0.99440884 0.08388311 0.96766237 0.07819797 0.95872861 0.12022800 0.96173813 0.12486095 1.00000000 0.13299376 1.00000000 0.12500724 0.99010783 0.12290459 0.98709929 0.11827184 0.99034811 0.10298731 0.99498086 0.09997877 1.00000000 0.10104562 1.00000000 0.08906583
0 0.84109389 0.09123070 0.85255680 0.09366722 0.85718955 0.09065868 0.86774772 0.04098639 0.85246416 0.03773777 0.84109389 0.09123070
0 0.81726332 0.03424886 0.81807543 0.03042821 0.80279285 0.02717980 0.79629561 0.05774691 0.79930415 0.06237966 0.79524322 0.08148484 0.81052678 0.08473346 0.82027264 0.03888279 0.81726332 0.03424886
0 0.92052021 0.11210655 0.93580377 0.11535517 0.94798614 0.05804159 0.94497761 0.05340884 0.93351469 0.05097232 0.92052021 0.11210655
0 0.89377374 0.10642141 0.90676822 0.04528719 0.89148467 0.04203857 0.87849019 0.10317279 0.89377374 0.10642141
0 0.66480243 0.00000000 0.66361545 0.00558428 0.66662497 0.01021723 0.70101273 0.01752658 0.70564548 0.01451804 0.77442197 0.02913693 0.77767059 0.01385337 0.71249558 0.00000000 0.66480243 0.00000000
0 0.94035593 0.00000000 0.93781549 0.01195182 0.95309905 0.01520044 0.95633000 0.00000000 0.94035593 0.00000000
