0 0.25327311 0.46950241 0.32039396 0.45674025 0.32335913 0.45243959 0.32300140 0.45063940 0.33634629 0.43128729 0.33598847 0.42948664 0.34933289 0.41013461 0.34897516 0.40833443 0.36083695 0.39113251 0.36047922 0.38933232 0.36344439 0.38503166 0.36308666 0.38323147 0.36605229 0.37893072 0.36390583 0.36812916 0.36538845 0.36597905 0.36216862 0.34977603 0.35997053 0.34832576 0.35961280 0.34652558 0.30905341 0.31316731 0.30869568 0.31136713 0.29770467 0.30411544 0.29586432 0.30446536 0.28707093 0.29866403 0.28671320 0.29686384 0.28231694 0.29396286 0.28195921 0.29216267 0.27316629 0.28636125 0.27132593 0.28671117 0.24934337 0.27220743 0.24750301 0.27255735 0.22552101 0.25805398 0.22368018 0.25840399 0.20169808 0.24390016 0.19985725 0.24425017 0.18446999 0.23409750 0.18262916 0.23444751 0.16064715 0.21994413 0.15880680 0.22029405 0.13462614 0.20434005 0.13278578 0.20468997 0.10640704 0.18728570 0.10456669 0.18763562 0.07818747 0.17023144 0.07634712 0.17058136 0.04996838 0.15317710 0.04812802 0.15352702 0.02394755 0.13757345 0.02210710 0.13792339 0.00000000 0.12333715 0.00000000 0.25735517 0.04215755 0.46950241 0.25327311 0.46950241
0 0.21688181 0.00000000 0.00000000 0.04123725 0.00000000 0.05138135 0.01224525 0.05946051 0.01408561 0.05911060 0.04705910 0.08086565 0.04889946 0.08051573 0.07967447 0.10082099 0.08151530 0.10047098 0.11888504 0.12512693 0.12072540 0.12477701 0.16029379 0.15088360 0.16213415 0.15053368 0.19071098 0.16938821 0.19255181 0.16903820 0.22112864 0.18789273 0.22296899 0.18754281 0.25374400 0.20784806 0.25558483 0.20749805 0.28196357 0.22490232 0.28380393 0.22455240 0.30798449 0.24050594 0.30982485 0.24015602 0.33400550 0.25611003 0.33584586 0.25576011 0.35782796 0.27026394 0.35966879 0.26991393 0.38165079 0.28441730 0.38349162 0.28406729 0.40327553 0.29712040 0.40511589 0.29677048 0.41830554 0.30547280 0.43118852 0.30302327 0.43860204 0.29227220 0.43824422 0.29047156 0.45455437 0.26681924 0.45419664 0.26501905 0.46902407 0.24351637 0.46866634 0.24171619 0.47998047 0.22530848 0.47998047 0.22175830 0.43591302 0.00000000 0.21688181 0.00000000
0 0.80536989 0.29622975 0.79991554 0.28254411 0.76743006 0.28447653 0.76277892 0.27007414 0.74704869 0.26942346 0.74259134 0.25562117 0.71489708 0.25637026 0.67540458 0.26223636 0.67925252 0.27735549 0.66269107 0.28053870 0.66734221 0.29494108 0.70082469 0.29289201 0.70647284 0.30717775 0.80536989 0.29622975
0 0.29386715 0.75379999 0.24125589 0.73267731 0.23741569 0.74791484 0.28845592 0.76937503 0.29386715 0.75379999
0 0.28361603 0.73258496 0.26075607 0.72308365 0.25661197 0.73658448 0.27916507 0.74434973 0.28361603 0.73258496
0 0.29420489 0.94107650 0.37373226 0.97623165 0.41142521 0.96813375 0.30467637 0.91720975 0.29420489 0.94107650
0 0.32068734 0.91557027 0.42399050 0.96543424 0.44597757 0.96071057 0.32513830 0.90380550 0.32068734 0.91557027
0 0.80927959 0.46950241 0.80666437 0.55110808 0.82875713 0.55355893 0.83151358 0.46950241 0.80927959 0.46950241
0 0.85378204 0.76427946 0.84077071 0.78743157 0.89640886 0.88362337 0.91056084 0.86296184 0.85378204 0.76427946
0 0.78859068 0.91191511 0.79432589 0.90383472 0.76962439 0.85570303 0.77254460 0.85163867 0.79845913 0.89827987 0.80487929 0.88607338 0.78121966 0.83957594 0.78686962 0.82960963 0.81112579 0.87792938 0.81895551 0.86789210 0.79342298 0.82008561 0.79813947 0.81389801 0.82270268 0.86089819 0.83488603 0.84215170 0.78600214 0.74714426 0.69176566 0.89270419 0.74095066 0.98304428 0.75645620 0.96073454 0.73285762 0.91343680 0.73905841 0.90186535 0.76344960 0.94846672 0.77095214 0.93862391 0.74647393 0.89125728 0.74980021 0.88581063 0.77481777 0.93389775 0.78045239 0.92280480 0.75726473 0.87756854 0.76349970 0.86646692 0.78859068 0.91191511
