0 0.34502063 0.66992188 0.32414867 0.66369527 0.32255575 0.66052324 0.32467217 0.65036664 0.32997484 0.64655491 0.33421882 0.64782099 0.33580617 0.64020338 0.31246264 0.63323945 0.31086985 0.63006677 0.31245707 0.62244981 0.31510813 0.62054386 0.31723067 0.62117706 0.31988187 0.61927047 0.33049237 0.62243583 0.33260879 0.61227923 0.30077675 0.60278298 0.29918383 0.59961095 0.30130025 0.58945435 0.29493428 0.58755523 0.29228267 0.58946101 0.27106167 0.58313028 0.24189794 0.60409716 0.23977595 0.60346412 0.21061222 0.62443099 0.20849023 0.62379796 0.17932650 0.64476483 0.17720451 0.64413179 0.17455344 0.64603774 0.25461455 0.66992188 0.34502063 0.66992188
0 0.49641330 0.66992188 0.50236782 0.64134645 0.46262102 0.66992188 0.49641330 0.66992188
0 0.03287161 0.54713326 0.03446440 0.55030594 0.03393533 0.55284493 0.05727832 0.55980870 0.05887178 0.56298089 0.05675535 0.57313749 0.07797636 0.57946822 0.07956982 0.58264041 0.07692419 0.59533664 0.07427258 0.59724243 0.06578407 0.59471011 0.06419672 0.60232771 0.08541826 0.60865861 0.08701118 0.61183064 0.08913317 0.61246368 0.09072664 0.61563587 0.08966836 0.62071449 0.16182041 0.64223917 0.16977428 0.63652084 0.17189627 0.63715388 0.19840893 0.61809295 0.20053092 0.61872599 0.22704291 0.59966555 0.22916490 0.60029859 0.25567744 0.58123831 0.25779943 0.58187135 0.28431210 0.56281042 0.28643409 0.56344346 0.28855051 0.55328687 0.26308498 0.54568989 0.26149207 0.54251786 0.26360849 0.53236126 0.25511998 0.52982894 0.25352720 0.52665626 0.23867217 0.52222465 0.23707925 0.51905263 0.23919567 0.50889603 0.24184674 0.50699008 0.24396873 0.50762312 0.24661979 0.50571717 0.25510830 0.50824950 0.25669565 0.50063188 0.23335212 0.49366795 0.23175920 0.49049592 0.23440483 0.47779969 0.23705589 0.47589374 0.24554494 0.47842623 0.24713216 0.47080927 0.22166609 0.46321213 0.22007331 0.46003945 0.22324787 0.44480488 0.19778235 0.43720791 0.19513129 0.43911385 0.18664278 0.43658153 0.12831532 0.47851528 0.12619332 0.47788224 0.03340068 0.54459428 0.03287161 0.54713326
0 0.37924465 0.52910002 0.37871545 0.53163966 0.38190129 0.53798371 0.38137221 0.54052270 0.38296513 0.54369473 0.38243593 0.54623436 0.38562231 0.55257858 0.38509310 0.55511822 0.38827894 0.56146228 0.38774987 0.56400126 0.39093611 0.57034613 0.39040704 0.57288512 0.39199996 0.57605714 0.41534349 0.58302108 0.41852920 0.58936579 0.41800013 0.59190477 0.41959359 0.59507696 0.41906452 0.59761595 0.42225022 0.60396066 0.42172115 0.60649964 0.42331393 0.60967232 0.42278486 0.61221131 0.42597124 0.61855553 0.42544217 0.62109451 0.42703496 0.62426719 0.42650588 0.62680618 0.42969213 0.63315105 0.42916306 0.63569003 0.43075598 0.63886206 0.43022691 0.64140105 0.43181983 0.64457308 0.45304082 0.65090381 0.45463415 0.65407664 0.46524465 0.65724201 0.48115239 0.64580536 0.48327438 0.64643840 0.50448424 0.63118985 0.55474918 0.38997111 0.52558559 0.41093734 0.52346360 0.41030429 0.37499456 0.51704414 0.37658748 0.52021617 0.37605827 0.52275580 0.37924465 0.52910002
0 0.55989583 0.17304940 0.55516430 0.17163787 0.48358085 0.22310184 0.48145886 0.22246880 0.34624581 0.31967843 0.34412382 0.31904538 0.28314544 0.36288444 0.28261623 0.36542407 0.27996517 0.36733002 0.27943609 0.36986901 0.29004659 0.37303437 0.29163938 0.37620705 0.28899388 0.38890263 0.29323841 0.39016888 0.29483133 0.39334090 0.29430226 0.39587989 0.29589504 0.39905257 0.29430782 0.40666953 0.31765136 0.41363347 0.31924428 0.41680549 0.31712772 0.42696274 0.32349424 0.42886203 0.32508716 0.43203405 0.32244166 0.44472964 0.32880818 0.44662892 0.33040110 0.44980095 0.32775560 0.46249654 0.33200013 0.46376278 0.33359291 0.46693546 0.33147649 0.47709206 0.33306941 0.48026409 0.33943593 0.48216337 0.34208699 0.48025742 0.35694201 0.48468903 0.35853493 0.48786106 0.35641851 0.49801766 0.36490702 0.50054998 0.36650048 0.50372217 0.37498845 0.50625433 0.37763394 0.49355875 0.38028555 0.49165297 0.39089605 0.49481833 0.39407075 0.47958311 0.39672181 0.47767716 0.40733286 0.48084269 0.40944928 0.47068609 0.41210034 0.46878014 0.42271084 0.47194551 0.42429819 0.46432789 0.42960086 0.46051616 0.43808883 0.46304833 0.44073446 0.45035209 0.44338606 0.44844630 0.45187457 0.45097863 0.45452007 0.43828304 0.45717127 0.43637645 0.46778176 0.43954181 0.46989805 0.42938586 0.47254979 0.42747943 0.48316029 0.43064479 0.48156683 0.42747261 0.48315418 0.41985499 0.48580579 0.41794921 0.49641629 0.42111457 0.49853271 0.41095797 0.50118377 0.40905203 0.51179482 0.41221755 0.51444031 0.39952197 0.51709151 0.39761537 0.52770201 0.40078074 0.53034750 0.38808515 0.53565017 0.38427342 0.53989416 0.38553950 0.54201071 0.37538225 0.54466178 0.37347631 0.55102830 0.37537559 0.55367936 0.37346964 0.55792388 0.37473589 0.55989583 0.36527261 0.55989583 0.17304940
0 0.06122863 0.00000000 0.00000000 0.29383290 0.00000000 0.38899269 0.01952951 0.39481881 0.01793657 0.39164609 0.02216941 0.37133289 0.02482064 0.36942699 0.04179738 0.37449156 0.04708837 0.34910038 0.04973998 0.34719460 0.06883898 0.35289229 0.07201369 0.33765707 0.07466475 0.33575112 0.08951978 0.34018273 0.09428169 0.31733054 0.09693289 0.31542395 0.11815443 0.32175484 0.12291635 0.29890265 0.12556742 0.29699671 0.14254443 0.30206136 0.14518993 0.28936577 0.14784112 0.28745917 0.16694013 0.29315686 0.17011470 0.27792229 0.16852178 0.27475026 0.17010913 0.26713265 0.17276033 0.26522605 0.18973735 0.27029070 0.19820304 0.22966431 0.20085464 0.22775852 0.21783166 0.23282317 0.22048273 0.23091723 0.22259915 0.22076063 0.22525021 0.21885468 0.24434976 0.22455253 0.24699526 0.21185694 0.23638421 0.20869142 0.23373315 0.21059737 0.22524464 0.20806504 0.22365172 0.20489301 0.22682642 0.18965779 0.20772687 0.18395994 0.20613395 0.18078791 0.20719223 0.17570928 0.20984330 0.17380334 0.21248879 0.16110775 0.21089587 0.15793572 0.19604085 0.15350412 0.19444806 0.15033144 0.19973905 0.12494027 0.17851805 0.11860954 0.17692527 0.11543686 0.17904156 0.10528091 0.18169276 0.10337431 0.16471574 0.09830966 0.16312282 0.09513763 0.16841394 0.06974581 0.16682048 0.06657362 0.16257650 0.06530754 0.15992489 0.06721333 0.15143693 0.06468116 0.14984346 0.06150897 0.15143068 0.05389201 0.13020968 0.04756128 0.12861635 0.04438844 0.13443655 0.01645763 0.11958207 0.01202619 0.11639579 0.00568200 0.11757980 0.00000000 0.06122863 0.00000000
0 0.22802789 0.00000000 0.22461262 0.01638970 0.24583416 0.02272060 0.24742706 0.02589276 0.24531063 0.03604935 0.26228765 0.04111400 0.26388107 0.04428639 0.25859001 0.06967789 0.27556703 0.07474254 0.27715995 0.07791456 0.27557260 0.08553217 0.27716552 0.08870420 0.27557817 0.09632181 0.29255518 0.10138646 0.29414810 0.10455849 0.28885698 0.12995031 0.30583400 0.13501496 0.30742692 0.13818699 0.30531049 0.14834359 0.34775358 0.16100537 0.35251549 0.13815319 0.35516656 0.13624724 0.37214358 0.14131189 0.37743470 0.11592007 0.38008576 0.11401412 0.40130676 0.12034485 0.40342319 0.11018825 0.40607479 0.10828247 0.40819678 0.10891551 0.41084798 0.10700891 0.42358102 0.11080748 0.42622651 0.09811189 0.42887760 0.09620582 0.43099402 0.08604922 0.43364513 0.08414308 0.45062214 0.08920773 0.45855872 0.05112051 0.46121037 0.04921453 0.49728640 0.05997687 0.49834461 0.05489857 0.31432120 0.00000000 0.22802789 0.00000000
0 1.00000000 0.29980832 0.98006936 0.29224415 0.97757400 0.30747872 0.97882643 0.31065157 0.97549922 0.33096476 0.97675133 0.33413679 0.97342411 0.35444999 0.97467622 0.35762202 0.97176488 0.37539623 0.96968102 0.37730217 0.95967227 0.37350361 0.95758830 0.37541020 0.94591156 0.37097859 0.94549569 0.37351758 0.94674779 0.37668961 0.94466831 0.38938520 0.94592074 0.39255804 0.94384126 0.40525362 0.94509337 0.40842565 0.94301389 0.42112124 0.94426600 0.42429326 0.94177053 0.43952849 0.94302307 0.44270068 0.94094348 0.45539691 0.94219559 0.45856894 0.93970023 0.47380352 0.94095223 0.47697619 0.93928873 0.48713214 0.93720477 0.48903874 0.91718768 0.48144177 0.91593525 0.47826892 0.91426727 0.47763588 0.91135593 0.49541009 0.91260804 0.49858212 0.90969670 0.51635633 0.91094924 0.51952852 0.90845377 0.53476375 0.90970588 0.53793578 0.90721042 0.55317100 0.90846253 0.55634303 0.90763078 0.56142100 0.90554681 0.56332760 0.88386174 0.55509758 0.88261401 0.56271519 0.88386612 0.56588722 0.88220251 0.57604382 0.88345462 0.57921585 0.88179101 0.58937245 0.88304312 0.59254447 0.88096353 0.60524071 0.88221607 0.60841290 0.88055246 0.61856950 0.88180457 0.62174153 0.88014096 0.63189813 0.88139307 0.63507015 0.87972947 0.64522675 0.88098189 0.64839959 0.87931840 0.65855554 0.88057040 0.66172822 0.87932267 0.66934583 0.88084047 0.66992188 0.90403310 0.66992188 0.90517118 0.66297367 0.90725547 0.66106788 0.93058466 0.66992188 0.93238168 0.66992188 0.93477197 0.65532875 0.93685626 0.65342296 0.93852424 0.65405601 0.93977635 0.65722804 0.95145309 0.66165964 1.00000000 0.36527261 1.00000000 0.29980832
0 0.32339448 0.82773972 0.22335837 0.82777728 0.22381531 0.83124627 0.32385141 0.83120871 0.32339448 0.82773972
0 0.31929645 0.80559208 0.23283995 0.80535814 0.23329688 0.80882713 0.31975338 0.80906108 0.31929645 0.80559208
0 0.32202007 0.81279608 0.22786995 0.81256451 0.22833048 0.82057016 0.32248230 0.82080198 0.32202007 0.81279608
0 0.30969805 0.71913548 0.30019256 0.71887259 0.30110474 0.72581033 0.33731821 0.72659713 0.33775483 0.71192076 0.30923710 0.71113083 0.30969805 0.71913548
0 0.26760198 0.71861831 0.23093729 0.71889842 0.22958807 0.72663806 0.26761129 0.72769087 0.26760198 0.71861831
0 0.31268982 0.97584679 0.25111927 0.96679669 0.24886189 0.97213425 0.31043244 0.98118435 0.31268982 0.97584679
0 0.30860237 0.96277297 0.24703183 0.95372287 0.24477445 0.95906042 0.30634500 0.96811053 0.30860237 0.96277297
0 0.92787915 1.00000000 0.92864402 0.99182723 0.96022237 0.98753395 0.95225901 0.82553525 0.93299292 0.82034281 0.84994351 0.83558009 0.84489668 0.84979595 0.85347306 0.96773973 0.88821163 0.96865418 0.89004931 1.00000000 0.92787915 1.00000000
