0 0.47558198 0.22141845 0.46065704 0.22213301 0.45830098 0.22126393 0.43911153 0.22218266 0.44157658 0.23286606 0.43966868 0.23393928 0.40129088 0.23577669 0.40308363 0.24354639 0.47983979 0.23987156 0.47558198 0.22141845
0 0.46014524 0.07977603 0.49212656 0.07824487 0.48786876 0.05979177 0.48977720 0.05871852 0.48798445 0.05094882 0.45600258 0.05248000 0.45364652 0.05161092 0.40034322 0.05416291 0.39798710 0.05329358 0.36387325 0.05492684 0.36992381 0.08114964 0.37227987 0.08201872 0.41279021 0.08007922 0.41514681 0.08094828 0.45778858 0.07890673 0.46014524 0.07977603
0 0.26828699 0.25000000 0.38389473 0.24446509 0.37829238 0.22018483 0.38020022 0.21911136 0.37235691 0.18511885 0.37426480 0.18404562 0.36664562 0.15102452 0.36855352 0.14995129 0.36429572 0.13149819 0.34723879 0.13231482 0.34488268 0.13144549 0.34264176 0.12173349 0.34454966 0.12066026 0.33558589 0.08181175 0.33749378 0.08073853 0.32920225 0.04480347 0.31214532 0.04562010 0.30978927 0.04475102 0.26288299 0.04699673 0.26052639 0.04612768 0.21148814 0.04847547 0.20913154 0.04760642 0.16222527 0.04985213 0.15986915 0.04898280 0.12575530 0.05061606 0.13046127 0.07101147 0.12855288 0.07208497 0.13393115 0.09539407 0.13202325 0.09646730 0.10004138 0.09799848 0.09768532 0.09712940 0.01453295 0.10111046 0.01217667 0.10024114 0.00000000 0.10082412 0.00000000 0.13155098 0.02733053 0.25000000 0.26828699 0.25000000
0 0.33610980 0.00000000 0.34088092 0.02067778 0.33897301 0.02175096 0.34188628 0.03437691 0.39305705 0.03192702 0.39541311 0.03279610 0.44658389 0.03034622 0.44894049 0.03121527 0.50224324 0.02866331 0.50459930 0.02953239 0.52592073 0.02851159 0.51934206 0.00000000 0.33610980 0.00000000
0 0.26003264 0.00000000 0.15831338 0.00486998 0.16234708 0.02235181 0.16043920 0.02342511 0.16178376 0.02925236 0.17670816 0.02853783 0.17906475 0.02940683 0.22597102 0.02716112 0.22832714 0.02803044 0.27310143 0.02588680 0.27545803 0.02675585 0.32023232 0.02461221 0.31455338 0.00000000 0.26003264 0.00000000
0 0.96213662 0.00000000 0.96373989 0.01525411 0.96200173 0.01740055 0.96005893 0.01760475 0.96250882 0.04091386 0.96077071 0.04306080 0.96362889 0.07025451 0.96189073 0.07240095 0.95994843 0.07260510 0.96525654 0.12310841 0.96351838 0.12525486 0.95769098 0.12586734 0.95871176 0.13557934 0.97813576 0.13353780 0.98028276 0.13527640 0.98048690 0.13721870 0.99991091 0.13517716 0.99725683 0.10992525 0.99899498 0.10777881 0.99879084 0.10583650 1.00000000 0.10434332 1.00000000 0.03893763 0.99961923 0.03897765 0.99747273 0.03723900 0.99502284 0.01392989 0.99676100 0.01178345 0.99870380 0.01157925 0.99748677 0.00000000 0.96213662 0.00000000
0 0.90125611 0.00000000 0.90352457 0.02158299 0.90178641 0.02372944 0.89790131 0.02413778 0.90218865 0.06492909 0.90045050 0.06707553 0.89462359 0.06768796 0.89748177 0.09488167 0.89574317 0.09702867 0.88991576 0.09764115 0.89359057 0.13260457 0.89185241 0.13475101 0.88991011 0.13495515 0.89072674 0.14272486 0.88898863 0.14487180 0.89123432 0.16623811 0.89338077 0.16797627 0.90697787 0.16654715 0.90871603 0.16440071 0.91065833 0.16419656 0.91280477 0.16593472 0.91321312 0.16981982 0.93263762 0.16777822 0.93100436 0.15223882 0.93274252 0.15009237 0.93856992 0.14947989 0.93795744 0.14365249 0.93969559 0.14150604 0.94358069 0.14109770 0.94296821 0.13527030 0.93908311 0.13567864 0.93693666 0.13394048 0.93612004 0.12617078 0.93785819 0.12402434 0.94757069 0.12300351 0.94736650 0.12106071 0.94910465 0.11891427 0.94522565 0.08200806 0.94870197 0.07771517 0.95258707 0.07730683 0.94870807 0.04040062 0.94288067 0.04101310 0.94073422 0.03927494 0.93950925 0.02762014 0.94124741 0.02547370 0.95290221 0.02424873 0.95188144 0.01453672 0.95361960 0.01239028 0.95239463 0.00073547 0.94656723 0.00134796 0.94490263 0.00000000 0.90125611 0.00000000
0 0.43258181 0.84360392 0.42288728 0.73268151 0.30808002 0.74278435 0.30897233 0.91944007 0.31663115 0.97362383 0.36498764 0.96657747 0.37511394 0.93212714 0.41805146 0.92957811 0.42326627 0.92313836 0.43258181 0.84360392
0 0.28190200 1.00000000 0.28677729 0.98854490 0.28579169 0.75494637 0.17947161 0.75237387 0.17792577 0.83109168 0.18424688 1.00000000 0.28190200 1.00000000
0 0.81266810 0.65602286 0.78071155 0.62892646 0.76189226 0.69003285 0.79550205 0.71935259 0.81266810 0.65602286
0 0.85827541 0.34891648 0.80876512 0.30728987 0.80238771 0.32600131 0.85339258 0.36736443 0.85827541 0.34891648
0 0.82654649 0.39719344 0.80734091 0.38043963 0.80230238 0.39640258 0.82150796 0.41315639 0.82654649 0.39719344
0 0.63152104 0.82844302 0.60916736 0.80972469 0.59507349 0.84989371 0.61758443 0.87109912 0.63152104 0.82844302
