0 0.00000000 0.34692033 0.17111831 0.36428982 0.17290418 0.35845936 0.17588262 0.35725846 0.17811493 0.34997047 0.18109325 0.34876995 0.18332556 0.34148196 0.18630453 0.34028150 0.18853696 0.33299314 0.19151528 0.33179262 0.19196172 0.33033510 0.14891712 0.32596582 0.14683103 0.32425123 0.14861701 0.31842039 0.14653157 0.31670587 0.05791047 0.30771032 0.05582438 0.30599573 0.05805669 0.29870774 0.03020404 0.29588054 0.02722584 0.29708107 0.01709766 0.29605301 0.01501209 0.29433847 0.01679796 0.28850800 0.00000000 0.28680291 0.00000000 0.34692033
0 0.00000000 0.24472072 0.01917088 0.24666667 0.02125645 0.24838121 0.02632061 0.24889525 0.02840618 0.25060979 0.02662031 0.25644025 0.10764575 0.26466480 0.11062408 0.26346428 0.11822037 0.26423535 0.12030582 0.26594987 0.11941282 0.26886529 0.12149827 0.27057981 0.12105183 0.27203734 0.16409708 0.27640668 0.16618241 0.27812157 0.16484309 0.28249414 0.16692854 0.28420867 0.16603554 0.28712409 0.16812164 0.28883868 0.18584546 0.29063775 0.18882444 0.28943729 0.20908080 0.29149343 0.20952724 0.29003590 0.21250567 0.28883501 0.21429143 0.28300492 0.21726987 0.28180402 0.21905574 0.27597355 0.22203406 0.27477303 0.22426637 0.26748504 0.22724481 0.26628415 0.22903056 0.26045405 0.23200965 0.25925322 0.23379552 0.25342276 0.23677384 0.25222224 0.23855971 0.24639177 0.24153804 0.24519125 0.24332391 0.23936078 0.24630288 0.23816032 0.24808887 0.23232949 0.25106719 0.23112896 0.25285306 0.22529850 0.25583138 0.22409797 0.25761725 0.21826751 0.26059557 0.21706699 0.26193501 0.21269404 0.24421053 0.21089491 0.24212508 0.20918038 0.24301808 0.20626496 0.24599640 0.20506444 0.24778227 0.19923398 0.25076124 0.19803352 0.25299355 0.19074553 0.25597199 0.18954463 0.25775786 0.18371417 0.26073618 0.18251365 0.26296849 0.17522566 0.26594758 0.17402483 0.26773334 0.16819473 0.27071177 0.16699384 0.27294408 0.15970585 0.27592241 0.15850533 0.27770828 0.15267486 0.28068671 0.15147397 0.28291903 0.14418598 0.26013078 0.14187284 0.25804534 0.14015832 0.25983121 0.13432785 0.25223491 0.13355678 0.24925659 0.13475730 0.21634016 0.13141610 0.21425407 0.12970151 0.21648638 0.12241352 0.18103808 0.11881531 0.17895275 0.11710042 0.18118506 0.10981243 0.13307604 0.10492909 0.13098995 0.10321450 0.13277582 0.09738403 0.12264829 0.09635603 0.12056220 0.09464144 0.08764577 0.09130023 0.08556020 0.08958570 0.08689963 0.08521275 0.08481411 0.08349784 0.02910911 0.07784346 0.00000000 0.17287812 0.00000000 0.24472072
0 0.05295256 0.00000000 0.03759192 0.05014903 0.10595730 0.05708851 0.10804274 0.05880303 0.10625687 0.06463349 0.14930147 0.06900277 0.15138756 0.07071736 0.14915526 0.07800535 0.18966798 0.08211762 0.19175331 0.08383252 0.19041387 0.08820546 0.18743555 0.08940598 0.18698911 0.09086351 0.23509748 0.09574678 0.23732979 0.08845879 0.24030823 0.08725790 0.29348166 0.09265531 0.29437454 0.08974026 0.29735286 0.08853974 0.29913873 0.08270927 0.30211717 0.08150838 0.30434948 0.07422039 0.30732780 0.07301987 0.30911368 0.06718940 0.31209264 0.06598894 0.31387852 0.06015848 0.31685695 0.05895758 0.31908926 0.05166959 0.32206759 0.05046907 0.32385346 0.04463860 0.32683243 0.04343815 0.32906486 0.03614979 0.31134038 0.03435065 0.30925491 0.03263620 0.30970137 0.03117860 0.31267972 0.02997800 0.31446559 0.02414754 0.31744395 0.02294690 0.31967629 0.01565880 0.32265463 0.01445821 0.32444051 0.00862774 0.32741885 0.00742714 0.32920472 0.00159668 0.33218373 0.00039611 0.33230506 0.00000000 0.05295256 0.00000000
0 0.65820312 0.36164793 0.74915869 0.37768585 0.77764776 0.21611632 0.77606316 0.21385328 0.75682887 0.21046176 0.75524468 0.20819929 0.75592304 0.20435214 0.75818550 0.20276795 0.75886377 0.19892129 0.65820312 0.18117210 0.65820312 0.36164793
0 0.85405589 0.37890625 0.85856296 0.35334542 0.86082542 0.35176122 0.86693028 0.31713883 0.86919275 0.31555463 0.87111657 0.31589386 0.87270077 0.31815632 0.87654792 0.31883468 0.88468767 0.27267181 0.88695014 0.27108762 0.89849061 0.27312252 0.90730864 0.22311299 0.80536577 0.20513772 0.80265252 0.22052534 0.80039005 0.22210953 0.78500243 0.21939628 0.77550605 0.27325295 0.77709024 0.27551542 0.76047159 0.36976447 0.77201255 0.37179946 0.77359666 0.37406241 0.77325753 0.37598574 0.77484172 0.37824821 0.77472569 0.37890625 0.77630960 0.37890625 0.77676505 0.37858734 0.77857367 0.37890625 0.85405589 0.37890625
0 0.90979441 0.19776861 0.90821021 0.19550614 0.90956684 0.18781233 0.91182930 0.18622813 0.92144645 0.18792390 0.93874345 0.08982769 0.94100592 0.08824349 0.94870022 0.08960021 0.95039607 0.07998257 0.95265853 0.07839838 0.95571092 0.06108743 0.84222709 0.04107717 0.84064290 0.03881471 0.83102576 0.03711894 0.80253660 0.19868896 0.88332137 0.21293350 0.88490556 0.21519596 0.90414033 0.21858757 0.90640280 0.21700338 0.90979441 0.19776861
0 0.65820312 0.17522221 0.79835032 0.19993394 0.80649007 0.15377107 0.80490588 0.15150861 0.82322038 0.04764192 0.81360324 0.04594616 0.81201855 0.04368361 0.81303604 0.03791313 0.77649032 0.03146913 0.77490613 0.02920667 0.65820312 0.00862878 0.65820312 0.17522221
0 1.00000000 0.00000000 0.87921906 0.00000000 0.87650551 0.01538930 0.89766361 0.01912004 0.89992609 0.01753575 0.97686420 0.03110201 0.97912669 0.02951767 1.00000000 0.03319820 1.00000000 0.00000000
0 0.97114672 1.00000000 0.97754127 0.93410086 0.94598462 0.92398976 0.94490168 0.92117935 0.93569757 0.91823025 0.93546574 0.92061939 0.93391913 0.92258725 0.93345541 0.92736613 0.93190847 0.92933390 0.93121292 0.93650192 0.92966631 0.93846978 0.92920265 0.94324805 0.92765598 0.94521653 0.92696044 0.95238455 0.92541349 0.95435231 0.92494983 0.95913058 0.92340322 0.96109845 0.92293950 0.96587733 0.92556939 0.96671998 0.92665234 0.96953038 0.92642045 0.97192013 0.93430944 0.97444785 0.93539272 0.97725837 0.93492906 0.98203664 0.94150328 0.98414309 0.94258622 0.98695350 0.94235433 0.98934324 0.94498422 0.99018589 0.94606717 0.99299630 0.94583534 0.99538543 0.94846523 0.99622808 0.94954811 0.99903910 0.94945487 1.00000000 0.97114672 1.00000000
0 0.94868719 0.86819331 0.94822347 0.87297220 0.94953858 0.87339357 0.95062153 0.87620398 0.94907492 0.87817184 0.94884303 0.88056159 0.94574948 0.88449722 0.94443471 0.88407595 0.94397104 0.88885422 0.94242404 0.89082259 0.94172849 0.89799061 0.94018188 0.89995848 0.93971822 0.90473675 0.93817162 0.90670462 0.93793973 0.90909437 0.94845861 0.91246473 0.94954155 0.91527514 0.97846865 0.92454371 0.98472849 0.86003276 0.97815393 0.85792619 0.97707099 0.85511579 0.97730282 0.85272665 0.95495028 0.84556465 0.95471845 0.84795378 0.95317184 0.84992165 0.95247629 0.85708967 0.95092969 0.85905753 0.95023413 0.86622555 0.94868719 0.86819331
0 0.90830464 0.73946612 0.90521103 0.74340236 0.88417327 0.73666162 0.88309032 0.73385121 0.88332221 0.73146146 0.88200710 0.73104009 0.88092415 0.72822968 0.85594206 0.72022514 0.85524651 0.72739316 0.86576539 0.73076353 0.86684834 0.73357393 0.86522541 0.75029911 0.87048485 0.75198429 0.87156779 0.75479470 0.89392033 0.76195670 0.89546728 0.75998895 0.92307926 0.76883613 0.92416220 0.77164654 0.92679209 0.77248919 0.92787497 0.77530020 0.92694765 0.78485675 0.92803054 0.78766776 0.92779871 0.79005690 0.92888166 0.79286730 0.92795427 0.80242446 0.93058416 0.80326711 0.93166711 0.80607751 0.93143522 0.80846726 0.93932421 0.81099498 0.94040749 0.81380549 0.94017566 0.81619463 0.96515809 0.82419928 0.96624098 0.82701030 0.96554548 0.83417771 0.96948981 0.83544151 0.97057310 0.83825203 0.97714731 0.84035848 0.97823020 0.84316950 0.97799837 0.84555863 0.98588770 0.84808646 0.98982905 0.80746871 0.98657994 0.79903677 0.98526516 0.79861550 0.98418188 0.79580499 0.98023755 0.79454118 0.97915461 0.79173078 0.97652472 0.79088813 0.97544183 0.78807711 0.97567366 0.78568798 0.96778433 0.78316015 0.96670139 0.78034974 0.96538661 0.77992847 0.96322044 0.77430694 0.96345227 0.77191781 0.95687806 0.76981136 0.95471183 0.76419044 0.95339705 0.76376917 0.95231417 0.76095815 0.95254600 0.75856902 0.94465667 0.75604119 0.94357372 0.75323078 0.94380561 0.75084103 0.93723140 0.74873458 0.93614845 0.74592417 0.93638028 0.74353504 0.92980606 0.74142858 0.92872278 0.73861807 0.92895461 0.73622894 0.92369517 0.73454375 0.92261229 0.73173274 0.92284412 0.72934360 0.91495479 0.72681577 0.91472296 0.72920490 0.91317629 0.73117338 0.91054674 0.73033084 0.91008308 0.73510912 0.90853647 0.73707698 0.90830464 0.73946612
