0 0.17318507 0.00000000 0.17094095 0.00344167 0.17108787 0.00487542 0.16898872 0.00809495 0.18574060 0.00563041 0.18708402 0.00688809 0.18781862 0.01405677 0.18676905 0.01566654 0.18557255 0.01584257 0.18452297 0.01745232 0.18332648 0.01762834 0.18391416 0.02336327 0.18286428 0.02497306 0.15773630 0.02866989 0.15668673 0.03027967 0.15683365 0.03171342 0.15053557 0.04137196 0.15068252 0.04280597 0.14438474 0.05246439 0.14453165 0.05389803 0.13718401 0.06516654 0.13733092 0.06660018 0.13103318 0.07625897 0.13118009 0.07769261 0.12488200 0.08735108 0.12502895 0.08878509 0.12187992 0.09361450 0.12546972 0.09308637 0.12681313 0.09434398 0.13997551 0.09240753 0.14131892 0.09366514 0.14205352 0.10083371 0.14100397 0.10244374 0.13741417 0.10297187 0.13814877 0.11014044 0.13709918 0.11175011 0.10957791 0.11579904 0.10642919 0.12062842 0.10657610 0.12206206 0.10132760 0.13011086 0.10147454 0.13154486 0.09622635 0.13959362 0.09637326 0.14102726 0.09007548 0.15068568 0.09022242 0.15211969 0.08497392 0.16016849 0.08512083 0.16160213 0.07987267 0.16965125 0.08001958 0.17108489 0.07372180 0.18074332 0.07386875 0.18217733 0.06862025 0.19022613 0.08896192 0.18723346 0.09030564 0.18849102 0.09089332 0.19422595 0.08984343 0.19583566 0.08505744 0.19653978 0.08579207 0.20370871 0.08474218 0.20531842 0.05841771 0.20919129 0.05526865 0.21402033 0.05541560 0.21545434 0.05121698 0.22189343 0.05136390 0.22332707 0.04716528 0.22976616 0.04731220 0.23119980 0.04311358 0.23763888 0.04326050 0.23907252 0.03801234 0.24712164 0.03815925 0.24855529 0.03396057 0.25499438 0.03410749 0.25642802 0.02990887 0.26286711 0.03005579 0.26430075 0.02480753 0.27234988 0.02495444 0.27378352 0.02075583 0.28022261 0.02090274 0.28165625 0.03047533 0.28024793 0.03181887 0.28150589 0.03780172 0.28062570 0.03914520 0.28188330 0.03987979 0.28905186 0.03883014 0.29066154 0.03643700 0.29101362 0.03538736 0.29262367 0.03597500 0.29835823 0.03492539 0.29996828 0.01219049 0.30331304 0.01084697 0.30205507 0.01778823 0.36979167 0.13803503 0.36979167 0.13797618 0.36921735 0.13902576 0.36760768 0.14261556 0.36707955 0.14188096 0.35991098 0.14293055 0.35830131 0.14652035 0.35777318 0.14593263 0.35203789 0.14698221 0.35042822 0.15176851 0.34972406 0.15103391 0.34255549 0.15208350 0.34094582 0.15567330 0.34041769 0.15508561 0.33468276 0.15613520 0.33307310 0.15972500 0.33254496 0.16077454 0.33093493 0.16048072 0.32806765 0.15913728 0.32680967 0.15899036 0.32537603 0.16003995 0.32376636 0.16482625 0.32306220 0.16423856 0.31732727 0.16528846 0.31571756 0.16887795 0.31518947 0.16829026 0.30945455 0.17038970 0.30623480 0.17397950 0.30570667 0.17339182 0.29997174 0.17444140 0.29836207 0.17922770 0.29765791 0.17788398 0.29640035 0.17744321 0.29209906 0.17849310 0.29048934 0.18327940 0.28978518 0.18269172 0.28405026 0.18374130 0.28244059 0.18733110 0.28191246 0.18838065 0.28030242 0.18779297 0.27456749 0.18884255 0.27295783 0.19243235 0.27242969 0.19184466 0.26669477 0.19289425 0.26508510 0.19768054 0.26438094 0.19694595 0.25721237 0.19799580 0.25560229 0.20278179 0.25489818 0.20219411 0.24916325 0.20324400 0.24755354 0.20683380 0.24702540 0.20609921 0.23985684 0.20714875 0.23824680 0.21073825 0.23771871 0.21015060 0.23198416 0.21120045 0.23037408 0.21598675 0.22966992 0.21539907 0.22393499 0.21644865 0.22232532 0.22003845 0.22179719 0.21930385 0.21462862 0.22035340 0.21301859 0.22633619 0.21213840 0.22574855 0.20640384 0.22679810 0.20479380 0.23158470 0.20408960 0.23085010 0.19692103 0.23189969 0.19531136 0.23548918 0.19478327 0.23490150 0.18904835 0.23595135 0.18743827 0.23954115 0.18691014 0.23880656 0.17974157 0.23985614 0.17813190 0.24464244 0.17742774 0.24405475 0.17169281 0.24510434 0.17008314 0.24869414 0.16955501 0.24795950 0.16238608 0.24900909 0.16077641 0.25379539 0.16007225 0.25335465 0.15577133 0.25440420 0.15416130 0.25799400 0.15363317 0.25904358 0.15202349 0.25845590 0.14628857 0.25950549 0.14467890 0.26309528 0.14415077 0.26236065 0.13698183 0.26341054 0.13537212 0.26700003 0.13484403 0.26641235 0.12910911 0.26746194 0.12749944 0.26985524 0.12714734 0.27090482 0.12553767 0.27031714 0.11980274 0.27136703 0.11819303 0.27615302 0.11748891 0.27556530 0.11175362 0.27661519 0.11014390 0.28140149 0.10943975 0.28081380 0.10370482 0.28186339 0.10209515 0.28545319 0.10156702 0.28650277 0.09995735 0.28606200 0.09565606 0.28711159 0.09404639 0.29070138 0.09351826 0.28996675 0.08634933 0.29206592 0.08312999 0.29565572 0.08260186 0.29521495 0.07830057 0.29626484 0.07669086 0.29746134 0.07651483 0.28962053 0.00000000 0.17318507 0.00000000
0 0.14487354 0.00000000 0.00000000 0.02131382 0.00000000 0.19620455 0.00717396 0.26621187 0.01137257 0.25977279 0.01122566 0.25833914 0.01542427 0.25190006 0.01527736 0.25046642 0.01947597 0.24402733 0.01932902 0.24259333 0.02352767 0.23615461 0.02338072 0.23472060 0.02757933 0.22828151 0.02743242 0.22684787 0.03163103 0.22040879 0.03148412 0.21897514 0.03568273 0.21253606 0.03553582 0.21110242 0.03973440 0.20466296 0.03494810 0.20536712 0.03360469 0.20410951 0.02163886 0.20586993 0.02029539 0.20461232 0.02239472 0.20139297 0.02224777 0.19995896 0.02434710 0.19673960 0.02420015 0.19530559 0.02629947 0.19208623 0.02615256 0.19065259 0.02825185 0.18743287 0.05098682 0.18408809 0.05308599 0.18086875 0.05293905 0.17943475 0.05713770 0.17299603 0.05699075 0.17156202 0.06223925 0.16351322 0.06209234 0.16207958 0.06734050 0.15403046 0.06719359 0.15259682 0.07244179 0.14454806 0.07229487 0.14311442 0.07649349 0.13667533 0.07634657 0.13524170 0.08159473 0.12719257 0.08144782 0.12575893 0.08669633 0.11771013 0.06994414 0.12017471 0.06860069 0.11891674 0.06786610 0.11174817 0.06996527 0.10852883 0.07355507 0.10800070 0.07296739 0.10226578 0.07401697 0.10065611 0.09914494 0.09695928 0.10229397 0.09212986 0.10214702 0.09069585 0.10739522 0.08264710 0.10724831 0.08121346 0.11144722 0.07477432 0.11130031 0.07334068 0.11549862 0.06690164 0.11535167 0.06546764 0.12060017 0.05741883 0.12045326 0.05598519 0.12465187 0.04954611 0.12450496 0.04811247 0.12975312 0.04006335 0.12960622 0.03862978 0.13380483 0.03219069 0.13365791 0.03075698 0.13785652 0.02431789 0.13770960 0.02288418 0.11976092 0.02552479 0.11841750 0.02426707 0.11768290 0.01709839 0.11873247 0.01548865 0.12351877 0.01478449 0.12293108 0.00904957 0.12398097 0.00743978 0.15030544 0.00356692 0.15240490 0.00034733 0.15236930 0.00000000 0.14487354 0.00000000
0 0.96919967 0.34759009 0.95311597 0.34864635 0.95010639 0.34738837 0.94206454 0.34791651 0.93905504 0.34665889 0.93101319 0.34718703 0.92800369 0.34592941 0.92767450 0.34449541 0.91427118 0.34537564 0.91126169 0.34411803 0.91093257 0.34268439 0.86268284 0.34585309 0.85967334 0.34459548 0.85868593 0.34029419 0.83992184 0.34152648 0.84123837 0.34726141 0.83888709 0.34887108 0.84053281 0.35604001 0.83818084 0.35764973 0.96952879 0.34902373 0.96919967 0.34759009
0 1.00000000 0.18543921 0.97038723 0.05644277 0.96770684 0.05661880 0.96836506 0.05948608 0.96601309 0.06109579 0.96930445 0.07543329 0.96695317 0.07704296 0.99196715 0.18600657 0.98961588 0.18761623 0.99751503 0.22202579 1.00000000 0.22186260 1.00000000 0.18543921
0 0.06288087 0.42545637 0.06181588 0.41494942 0.05167747 0.42110681 0.05259610 0.43421128 0.06288087 0.42545637
0 0.03315666 0.45037865 0.03197787 0.43654451 0.02734363 0.43858714 0.02785574 0.45355948 0.03315666 0.45037865
0 0.04728697 0.45090512 0.04512442 0.43581591 0.03683970 0.44115624 0.03735182 0.45612858 0.04728697 0.45090512
0 0.04861212 0.46214174 0.04714061 0.45350264 0.03196144 0.46357052 0.03282317 0.47501140 0.04861212 0.46214174
0 0.06431162 0.45353318 0.06324662 0.44302623 0.05861239 0.44506886 0.05953102 0.45817334 0.06431162 0.45353318
0 0.03176609 0.49911875 0.05708368 0.48289348 0.05850650 0.47635599 0.05431135 0.47060606 0.03084746 0.48601427 0.03176609 0.49911875
0 0.04423775 0.51304135 0.04311586 0.50087080 0.03338397 0.50516033 0.03435950 0.51992840 0.04423775 0.51304135
0 0.06505133 0.47515989 0.06404324 0.46631653 0.05987243 0.46815490 0.06027074 0.47980005 0.06505133 0.47515989
0 0.07729420 0.67493737 0.07555461 0.63095430 0.07158706 0.63185874 0.07332665 0.67584182 0.07729420 0.67493737
0 0.07940687 0.86735924 0.07713874 0.83542984 0.06294332 0.84675279 0.06506509 0.88127971 0.07940687 0.86735924
0 0.07163545 0.69516265 0.07086318 0.67946065 0.05342379 0.69221345 0.05457003 0.71197230 0.07163545 0.69516265
0 0.73456941 0.97506126 0.75877910 0.97381469 0.78897044 0.90765477 0.79842852 0.87779430 0.79582071 0.87019872 0.39724557 0.80081104 0.37232309 0.86116671 0.38333405 0.88492846 0.37822296 0.90252280 0.39321218 0.91143366 0.73456941 0.97506126
