0 0.46005729 0.41927083 0.46247788 0.39582955 0.46505904 0.39431011 0.51089911 0.39648078 0.51359842 0.37034018 0.51617959 0.36882074 0.55719409 0.37076291 0.55938728 0.34952378 0.56196911 0.34800395 0.56281263 0.33983511 0.54351162 0.33892115 0.54126722 0.33717320 0.54177336 0.33227173 0.51523431 0.33101503 0.51299053 0.32926711 0.51400280 0.31946417 0.51658397 0.31794473 0.51675266 0.31631105 0.49262671 0.31516861 0.49038297 0.31342027 0.49122650 0.30525143 0.47433796 0.30445171 0.47209418 0.30270379 0.47394997 0.28473202 0.45223649 0.28370382 0.44999209 0.28195587 0.45083562 0.27378704 0.43153461 0.27287308 0.42929087 0.27112474 0.43080923 0.25642076 0.40909574 0.25539256 0.40685135 0.25364461 0.40836971 0.23894063 0.39630672 0.23836941 0.39406295 0.23662148 0.38682491 0.23627874 0.38458118 0.23453040 0.38542471 0.22636157 0.36612369 0.22544761 0.36387992 0.22369969 0.36522958 0.21062939 0.36298580 0.20888147 0.34609726 0.20808174 0.34385353 0.20633340 0.34452836 0.19979825 0.32040178 0.19865579 0.31815801 0.19690786 0.32001379 0.17893610 0.29829969 0.17790787 0.29605592 0.17615995 0.29689944 0.16799112 0.28001090 0.16719139 0.27776713 0.16544347 0.27945422 0.14910539 0.25291579 0.14784871 0.25067140 0.14610076 0.25100883 0.14283298 0.25359062 0.14131356 0.25375931 0.13967988 0.25151492 0.13793193 0.23703947 0.13724647 0.23479574 0.13549813 0.23513313 0.13223077 0.23288878 0.13048240 0.23390100 0.12067988 0.21218752 0.11965168 0.20994374 0.11790376 0.21061857 0.11136861 0.19131756 0.11045465 0.18907316 0.10870670 0.19076026 0.09236862 0.17387234 0.09156892 0.16938421 0.08807263 0.17005899 0.08153790 0.15075798 0.08062394 0.14851425 0.07887560 0.14969517 0.06743940 0.14745144 0.06569106 0.14795757 0.06078960 0.12624408 0.05976139 0.12399969 0.05801344 0.12484321 0.04984461 0.10795529 0.04904492 0.10571090 0.04729697 0.10587964 0.04566286 0.10363586 0.04391494 0.10481682 0.03247833 0.08551581 0.03156437 0.08327203 0.02981653 0.08411556 0.02164761 0.04068809 0.01959118 0.03844421 0.01784317 0.03586290 0.01936270 0.03501937 0.02753161 0.03243802 0.02905096 0.01796226 0.02836549 0.00000000 0.20231479 0.00000000 0.32139293 0.00465207 0.32161322 0.00689592 0.32336156 0.00588370 0.33316407 0.02518471 0.33407804 0.02742861 0.33582596 0.02658509 0.34399480 0.02882900 0.34574314 0.03365426 0.34597163 0.03589816 0.34771956 0.03454850 0.36078986 0.06832546 0.36238930 0.07056923 0.36413723 0.06871344 0.38210899 0.09042693 0.38313719 0.09267132 0.38488514 0.09182775 0.39305439 0.11112877 0.39396835 0.11337254 0.39571628 0.11269771 0.40225142 0.11494149 0.40399935 0.11443536 0.40890081 0.33342854 0.41927083 0.46005729 0.41927083
0 0.18548714 0.00000000 0.18573242 0.00019108 0.19297045 0.00053382 0.19521422 0.00228183 0.19453939 0.00881698 0.21866535 0.00995942 0.22090973 0.01170749 0.21922265 0.02804536 0.23369810 0.02873082 0.23594187 0.03047883 0.23835496 0.03059309 0.24059872 0.03234114 0.23975518 0.04051018 0.26388175 0.04165265 0.26612553 0.04340057 0.26545070 0.04993572 0.26286953 0.05145516 0.26219470 0.05799031 0.26443843 0.05973865 0.28373945 0.06065262 0.28598322 0.06240054 0.28513970 0.07056937 0.30202824 0.07136909 0.30651575 0.07486535 0.30516609 0.08793565 0.32446710 0.08884961 0.32671088 0.09059754 0.32569866 0.10040005 0.34982523 0.10154252 0.35206896 0.10329086 0.35139418 0.10982559 0.34881297 0.11134545 0.34830683 0.11624692 0.36760785 0.11716088 0.37209602 0.12065675 0.37142119 0.12719190 0.39072220 0.12810587 0.39520971 0.13160212 0.39386005 0.14467242 0.41074859 0.14547215 0.41299237 0.14722007 0.41214884 0.15538890 0.43144985 0.15630286 0.43403103 0.15478342 0.43627480 0.15653134 0.43610610 0.15816502 0.43835046 0.15991339 0.43700080 0.17298369 0.44665130 0.17344067 0.44889508 0.17518859 0.45613311 0.17553134 0.45837689 0.17727926 0.45753336 0.18544809 0.47683438 0.18636205 0.47907811 0.18811039 0.47739106 0.20444805 0.49910516 0.20547628 0.50134894 0.20722421 0.50067411 0.21375935 0.50308658 0.21387359 0.50533031 0.21562193 0.51980638 0.21630742 0.52429393 0.21980326 0.52277558 0.23450724 0.52518805 0.23462148 0.52776984 0.23310206 0.54224529 0.23378752 0.54448906 0.23553544 0.54190789 0.23705489 0.54140176 0.24195635 0.54364550 0.24370469 0.56535960 0.24473293 0.56760337 0.24648085 0.56608502 0.26118482 0.58538603 0.26209879 0.58762981 0.26384671 0.58644885 0.27528333 0.60574986 0.27619729 0.60799425 0.27794524 0.60664459 0.29101554 0.60905707 0.29112977 0.61914062 0.19347906 0.61914062 0.01414723 0.32038075 0.00000000 0.18548714 0.00000000
0 0.88628178 0.10812885 0.88565488 0.07677331 0.86241072 0.07438446 0.74999135 0.08219633 0.76112323 0.14406263 0.82374347 0.14437133 0.82311657 0.11301580 0.88628178 0.10812885
0 0.93552259 0.16132960 0.83311754 0.16699780 0.84363678 0.32803552 0.95356281 0.32532846 0.94666782 0.16707022 0.93552259 0.16132960
0 0.46726706 0.73104596 0.47068306 0.76963713 0.51903624 0.76469242 0.51332656 0.72521298 0.46726706 0.73104596
0 0.29994375 0.63300762 0.28923637 0.65001323 0.27631187 0.64400073 0.23158829 0.71632595 0.30538546 0.74994155 0.31749424 0.73524133 0.35878036 0.75123015 0.40093657 0.68168785 0.29994375 0.63300762
0 0.15409568 0.57400710 0.14662899 0.58974961 0.18192637 0.60165649 0.19837062 0.57100839 0.14918526 0.54490969 0.13742138 0.56553516 0.15409568 0.57400710
0 0.79889066 0.51975352 0.79868309 0.52427970 0.80165112 0.52459616 0.80303174 0.52701724 0.80292796 0.52928004 0.80589599 0.52959650 0.80727623 0.53201753 0.80706866 0.53654372 0.81597350 0.53749318 0.81638862 0.52844139 0.81797640 0.52633682 0.82391283 0.52696978 0.82550062 0.52486521 0.82560441 0.52260183 0.82719258 0.52049730 0.83016061 0.52081376 0.83057572 0.51176197 0.82760770 0.51144551 0.82622708 0.50902443 0.82633085 0.50676163 0.81891040 0.50597044 0.81753019 0.50354883 0.81825662 0.48770863 0.80193134 0.48596797 0.80172379 0.49049357 0.80013601 0.49259815 0.79271556 0.49180695 0.79157399 0.51669952 0.79751004 0.51733244 0.79889066 0.51975352
0 1.00000000 0.49760737 0.99973274 0.49796160 0.99676471 0.49764514 0.99645337 0.50443413 0.99327739 0.50864381 0.98585695 0.50785262 0.98554563 0.51464103 0.99445047 0.51559049 0.99583068 0.51801210 0.99541557 0.52706389 0.99838359 0.52738036 1.00000000 0.53021528 1.00000000 0.49760737
0 0.63943717 0.48455993 0.64102503 0.48245537 0.64112880 0.48019257 0.64271669 0.47808742 0.64282046 0.47582462 0.64599626 0.47161550 0.64641137 0.46256371 0.64799926 0.46045857 0.64948335 0.46061681 0.64979467 0.45382828 0.63050129 0.45177116 0.62915216 0.48118945 0.63063627 0.48134768 0.63201661 0.48376873 0.63180904 0.48829491 0.63922959 0.48908612 0.63943717 0.48455993
0 1.00000000 0.46615421 0.98040831 0.46406528 0.97902769 0.46164409 0.97913147 0.45938111 0.97171103 0.45858992 0.97056946 0.48348231 0.98244232 0.48474824 0.98254610 0.48248532 0.98413427 0.48038067 0.99600714 0.48164660 0.99621470 0.47712065 0.99780249 0.47501596 1.00000000 0.47525026 1.00000000 0.46615421
0 0.84142087 0.43787593 0.83696845 0.43740119 0.83558822 0.43497999 0.82816777 0.43418879 0.82796022 0.43871469 0.83241263 0.43918942 0.83379287 0.44161057 0.83317019 0.45518831 0.84059064 0.45597951 0.84142087 0.43787593
0 0.78726654 0.44801986 0.79468736 0.44881110 0.79606759 0.45123231 0.79565248 0.46028410 0.80010451 0.46075879 0.80148513 0.46317998 0.80075867 0.47902075 0.81708395 0.48076141 0.81749907 0.47170950 0.81908687 0.46960476 0.81919065 0.46734178 0.81325421 0.46670882 0.81187360 0.46428763 0.81343029 0.43034339 0.81194627 0.43018516 0.81056604 0.42776401 0.81066981 0.42550109 0.79879695 0.42423517 0.79869317 0.42649808 0.79710538 0.42860277 0.79265296 0.42812804 0.79106517 0.43023279 0.78809677 0.42991629 0.78726654 0.44801986
0 1.00000000 0.44114007 0.99787516 0.44091352 0.99756382 0.44770236 0.99597565 0.44980701 0.99449164 0.44964878 0.99290384 0.45175352 0.99259251 0.45854233 1.00000000 0.45933215 1.00000000 0.44114007
0 0.85402019 0.42330119 0.85391641 0.42556414 0.85836883 0.42603887 0.85974906 0.42846005 0.86271747 0.42877655 0.86292502 0.42425066 0.85402019 0.42330119
0 0.84173221 0.43108705 0.84214732 0.42203527 0.82433803 0.42013638 0.82392291 0.42918817 0.84173221 0.43108705
0 0.72743910 0.41927083 0.72610687 0.44832082 0.74094776 0.44990321 0.74370860 0.45474566 0.74360483 0.45700858 0.75993011 0.45874924 0.76013767 0.45422334 0.76172546 0.45211860 0.76914590 0.45290979 0.76924968 0.45064687 0.77083785 0.44854222 0.77380588 0.44885868 0.77401344 0.44433273 0.77560123 0.44222804 0.77856963 0.44254455 0.77888097 0.43575567 0.77591257 0.43543917 0.77453233 0.43301802 0.77473989 0.42849213 0.77177187 0.42817567 0.77039125 0.42575442 0.77049503 0.42349150 0.76911479 0.42107035 0.76614639 0.42075385 0.76455860 0.42285854 0.76307458 0.42270031 0.76169435 0.42027916 0.76174059 0.41927083 0.72743910 0.41927083
0 0.68717216 0.41927083 0.68655476 0.43273360 0.68496696 0.43483829 0.67754652 0.43404710 0.67713140 0.44309889 0.67554361 0.44520363 0.67257521 0.44488713 0.67216009 0.45393892 0.67512850 0.45425542 0.67650873 0.45667663 0.67630117 0.46120247 0.69856289 0.46357609 0.69877044 0.45905025 0.70035823 0.45694550 0.70184225 0.45710373 0.70194603 0.45484076 0.70353382 0.45273607 0.71837509 0.45431850 0.71996288 0.45221381 0.72147365 0.41927083 0.68717216 0.41927083
0 0.63944856 0.41927083 0.63854449 0.43898461 0.65635378 0.44088350 0.65728779 0.42051701 0.65822798 0.41927083 0.63944856 0.41927083
0 0.63199176 0.41927083 0.63112396 0.43819341 0.63409218 0.43850990 0.63497449 0.41927083 0.63199176 0.41927083
