0 0.54415674 0.44218489 0.53625342 0.46954159 0.53800861 0.47178626 0.53587642 0.47916667 0.55065387 0.42801573 0.54608920 0.42717358 0.54240096 0.43994010 0.54415674 0.44218489
0 0.55996600 0.36249986 0.55153583 0.39168021 0.55329102 0.39392489 0.54854909 0.41033872 0.55539581 0.41160190 0.56909477 0.36418406 0.55996600 0.36249986
0 0.00000000 0.40710477 0.01503131 0.40987796 0.01678650 0.41212263 0.04417282 0.41717525 0.04592788 0.41942039 0.07331420 0.42447300 0.07506939 0.42671768 0.10245571 0.43177029 0.10421149 0.43401508 0.13159722 0.43906759 0.13335300 0.44131237 0.13791709 0.44215442 0.13967287 0.44439921 0.13809218 0.44987064 0.13984724 0.45211579 0.14897601 0.45379999 0.15178505 0.45239689 0.17688932 0.45702848 0.18215811 0.43879099 0.18040305 0.43654585 0.19410201 0.38912801 0.19234623 0.38688322 0.22290568 0.28110420 0.16128632 0.26973580 0.15953112 0.26749112 0.08650094 0.25401749 0.08474575 0.25177281 0.02769095 0.24124654 0.02347586 0.25583672 0.02523118 0.25808142 0.00000000 0.34541707 0.00000000 0.40710477
0 0.09599381 0.14627317 0.09423875 0.14402802 0.02349062 0.13097541 0.00663027 0.18933612 0.09563595 0.20575714 0.10511982 0.17292947 0.10336463 0.17068479 0.10968726 0.14879953 0.09599381 0.14627317
0 0.59960938 0.14505887 0.37969898 0.10448672 0.35388148 0.19385190 0.38355043 0.19932564 0.38530562 0.20157032 0.51082639 0.22472815 0.51258158 0.22697283 0.53312117 0.23076226 0.53680927 0.21799621 0.53961830 0.21659311 0.59960938 0.22766110 0.59960938 0.14505887
0 0.06132927 0.00000000 0.03455518 0.09267632 0.26962122 0.13604459 0.29596544 0.04485622 0.27998994 0.04190884 0.27823488 0.03966369 0.28192301 0.02689754 0.27051160 0.02479221 0.26770268 0.02619493 0.26313858 0.02535288 0.26138341 0.02310811 0.26349096 0.01581302 0.26629990 0.01441025 0.22750276 0.00725241 0.22574702 0.00500748 0.22719368 0.00000000 0.06132927 0.00000000
0 0.59960938 0.04901015 0.40832525 0.01371937 0.40674459 0.01919071 0.40902722 0.01961184 0.41078239 0.02185661 0.41991116 0.02354082 0.42166633 0.02578559 0.42394837 0.02620661 0.42570411 0.02845154 0.41938148 0.05033681 0.42113664 0.05258162 0.41832771 0.05398435 0.40919894 0.05230015 0.40639001 0.05370287 0.40182533 0.05286072 0.39761028 0.06745080 0.39936534 0.06969594 0.59960938 0.10663977 0.59960938 0.04901015
0 0.59960938 0.32017212 0.63797995 0.32665392 0.70388113 0.15371922 0.59960938 0.13503381 0.59960938 0.32017212
0 0.39927270 1.00000000 0.50127639 0.72882093 0.49878833 0.72442899 0.29794199 0.69084364 0.27861760 0.69455105 0.18708315 0.97044715 0.17543840 1.00000000 0.39927270 1.00000000
0 0.65962646 0.47916667 0.65774840 0.48587896 0.67765524 0.49393071 0.68189389 0.47916667 0.65962646 0.47916667
0 0.68738655 0.47916667 0.68253019 0.49732198 0.85078407 0.57698135 0.86763625 0.51080741 0.79893785 0.47916667 0.68738655 0.47916667
