0 0.44951923 0.43990385 0.78391652 0.43990385 0.78471100 0.43343337 0.75130770 0.42933196 0.74921486 0.42665325 0.66570783 0.41639987 0.66361445 0.41372048 0.58249320 0.40376004 0.58039975 0.40108125 0.49927850 0.39112081 0.49718566 0.38844210 0.44951923 0.38258940 0.44951923 0.43990385
0 0.99462186 0.43990385 0.99785308 0.41358770 0.98592298 0.41212286 0.98383014 0.40944415 0.97667281 0.40856534 0.97462211 0.42526699 0.97194278 0.42735976 0.94092587 0.42355136 0.93883303 0.42087265 0.88395653 0.41413466 0.88186369 0.41145595 0.86516204 0.40940524 0.86428323 0.41656257 0.86160452 0.41865541 0.85899554 0.43990385 0.99462186 0.43990385
0 0.44951923 0.36079247 0.47357687 0.36374637 0.47566971 0.36642509 0.55201941 0.37579965 0.55411286 0.37847844 0.62807618 0.38755999 0.63016963 0.39023878 0.70651933 0.39961334 0.70861210 0.40229267 0.78257603 0.41137429 0.78466887 0.41405301 0.78705464 0.41434594 0.79379263 0.35946944 0.79647134 0.35737660 0.80701773 0.27148318 0.74736967 0.26415932 0.74527683 0.26148061 0.67369868 0.25269192 0.67160584 0.25001321 0.60002769 0.24122452 0.59793492 0.23854519 0.52635738 0.22975658 0.52426393 0.22707779 0.51472083 0.22590604 0.51325607 0.23783553 0.51057675 0.23992830 0.50442463 0.29003325 0.50174592 0.29212609 0.49852340 0.31837145 0.49584469 0.32046429 0.44951923 0.31477624 0.44951923 0.36079247
0 1.00000000 0.23705286 0.97152022 0.23355598 0.96942677 0.23087720 0.97089160 0.21894710 0.93033097 0.21396688 0.92823813 0.21128817 0.89483483 0.20718676 0.88633908 0.27637913 0.88366037 0.27847197 0.87780126 0.32619054 0.92551983 0.33204964 0.92761328 0.33472843 0.94908648 0.33736500 0.95117932 0.34004372 0.94795679 0.36628908 0.97897371 0.37009748 0.98106716 0.37277627 1.00000000 0.37510093 1.00000000 0.23705286
0 1.00000000 0.10869239 0.98466044 0.10680893 0.98256767 0.10412961 0.91099013 0.09534099 0.90864649 0.11442841 0.90596709 0.11652179 0.89776435 0.18332778 0.91446600 0.18537849 0.91655884 0.18805720 0.93564626 0.19040084 0.93832559 0.18830807 0.93979042 0.17637797 0.94246913 0.17428513 0.94962707 0.17516402 0.95171991 0.17784273 1.00000000 0.18377078 1.00000000 0.10869239
0 0.44951923 1.00000000 0.44951923 0.61620687 0.29685052 0.60973855 0.29279321 1.00000000 0.44951923 1.00000000
0 0.68335817 0.54488292 0.68452999 0.53533921 0.67737266 0.53446040 0.67527921 0.53178162 0.67557215 0.52939584 0.66841421 0.52851695 0.66632137 0.52583824 0.66720026 0.51868031 0.65288499 0.51692261 0.65079162 0.51424321 0.64124851 0.51307147 0.63890487 0.53215889 0.65560591 0.53420952 0.65769929 0.53688892 0.65740635 0.53927470 0.68126533 0.54220421 0.68335817 0.54488292
0 0.78921790 0.55061501 0.78712506 0.54793630 0.78473928 0.54764337 0.78264583 0.54496458 0.78293877 0.54257880 0.76623773 0.54052817 0.76477297 0.55245766 0.76954452 0.55304353 0.77163797 0.55572232 0.77105202 0.56049448 0.76837270 0.56258725 0.76121476 0.56170836 0.75912193 0.55902965 0.74480666 0.55727196 0.74451372 0.55965773 0.74183440 0.56175050 0.71797542 0.55882098 0.71768249 0.56120676 0.71500370 0.56330021 0.70784576 0.56242132 0.70696688 0.56957926 0.71173904 0.57016521 0.71383188 0.57284392 0.74007663 0.57606637 0.74066258 0.57129421 0.74334190 0.56920144 0.75288562 0.57037327 0.75556433 0.56828043 0.76988020 0.57003819 0.77017321 0.56765181 0.77285193 0.56555897 0.78478142 0.56702373 0.78687425 0.56970244 0.78955358 0.56760968 0.78984651 0.56522390 0.79252523 0.56313106 0.79968255 0.56400987 0.80177600 0.56668866 0.80654755 0.56727453 0.80713343 0.56250298 0.80981282 0.56040960 0.81697015 0.56128841 0.81964886 0.55919557 0.83635051 0.56124628 0.83664345 0.55886050 0.83932224 0.55676705 0.86318182 0.55969664 0.86347476 0.55731087 0.86615347 0.55521803 0.87331141 0.55609691 0.87682687 0.52746577 0.87205532 0.52687990 0.86996187 0.52420111 0.87025488 0.52181473 0.86309694 0.52093584 0.86100411 0.51825713 0.85146039 0.51708531 0.84735898 0.55048861 0.84468027 0.55258145 0.81127758 0.54848012 0.81098464 0.55086589 0.80830532 0.55295865 0.78921790 0.55061501
0 0.79658450 0.51034740 0.79541268 0.51989111 0.79273328 0.52198449 0.79038964 0.54107191 0.79993335 0.54224373 0.80202619 0.54492244 0.80679836 0.54550839 0.80947707 0.54341555 0.81094190 0.53148545 0.81362122 0.52939269 0.81839277 0.52997856 0.81868571 0.52759279 0.81391416 0.52700691 0.81182071 0.52432813 0.81269959 0.51717019 0.81537899 0.51507681 0.82015054 0.51566269 0.82044348 0.51327691 0.82312219 0.51118407 0.82341513 0.50879830 0.80671348 0.50674759 0.80462064 0.50406888 0.80491365 0.50168249 0.79775632 0.50080369 0.79746331 0.50319007 0.79478399 0.50528283 0.79001244 0.50469696 0.78971950 0.50708274 0.79449105 0.50766861 0.79658450 0.51034740
0 0.72914982 0.48753638 0.72885688 0.48992215 0.72617817 0.49201499 0.72140662 0.49142912 0.72082067 0.49620128 0.71814135 0.49829405 0.71604851 0.49561533 0.71127635 0.49502938 0.71098341 0.49741516 0.70830470 0.49950800 0.70114737 0.49862919 0.70056142 0.50340135 0.69788210 0.50549412 0.67879467 0.50315048 0.67674397 0.51985213 0.68390191 0.52073101 0.68599475 0.52340972 0.68540880 0.52818188 0.69256674 0.52906077 0.69465957 0.53173948 0.69378076 0.53889681 0.70093870 0.53977569 0.70303147 0.54245501 0.70035275 0.54454785 0.69976681 0.54932001 0.70692475 0.55019890 0.70901758 0.55287761 0.71617552 0.55375650 0.71885423 0.55166366 0.71944018 0.54689150 0.72211889 0.54479866 0.73166261 0.54597048 0.73375606 0.54864926 0.73614183 0.54894220 0.73731365 0.53939849 0.73999236 0.53730565 0.74715030 0.53818453 0.74744324 0.53579875 0.75012202 0.53370531 0.75727996 0.53458419 0.75962360 0.51549676 0.75246567 0.51461788 0.75217265 0.51700427 0.74949394 0.51909711 0.72324858 0.51587458 0.72295564 0.51826036 0.72027693 0.52035319 0.70596106 0.51859543 0.70386822 0.51591671 0.70654693 0.51382388 0.71370487 0.51470276 0.71429081 0.50993060 0.70474710 0.50875878 0.70265426 0.50608006 0.70533297 0.50398723 0.72442040 0.50633087 0.72709919 0.50423742 0.72739212 0.50185164 0.73007083 0.49975880 0.73961516 0.50093070 0.74170800 0.50360941 0.75363749 0.50507417 0.75627406 0.48360097 0.75150190 0.48301502 0.74940906 0.48033631 0.74911613 0.48272208 0.74643742 0.48481492 0.73927948 0.48393604 0.73898654 0.48632181 0.73630775 0.48841526 0.72914982 0.48753638
0 0.77473348 0.47133580 0.77444047 0.47372218 0.77176115 0.47581494 0.76460382 0.47493614 0.76138130 0.50118150 0.76853862 0.50206031 0.77063207 0.50473910 0.77779001 0.50561798 0.77984072 0.48891633 0.78519814 0.48473065 0.79474185 0.48590247 0.79503479 0.48351670 0.79771358 0.48142325 0.80964306 0.48288800 0.80993600 0.48050223 0.81261532 0.47840946 0.81977326 0.47928835 0.82006627 0.47690196 0.81290833 0.47602308 0.81081487 0.47334441 0.81169373 0.46618666 0.79499269 0.46413603 0.79469973 0.46652199 0.79202040 0.46861488 0.78486307 0.46773606 0.78457012 0.47012196 0.78189142 0.47221468 0.77473348 0.47133580
0 0.85367123 0.43990385 0.85309109 0.44462876 0.85041236 0.44672172 0.84564081 0.44613585 0.84534786 0.44852175 0.84266912 0.45061477 0.83551119 0.44973588 0.83492528 0.45450774 0.82956720 0.45869365 0.82479565 0.45810778 0.82362383 0.46765149 0.82839538 0.46823736 0.83048820 0.47091626 0.82960937 0.47807371 0.83915370 0.47924560 0.83944662 0.47685995 0.84212535 0.47476699 0.86598432 0.47769650 0.86627728 0.47531061 0.86895601 0.47321758 0.87611395 0.47409647 0.87640691 0.47171051 0.87908625 0.46961762 0.88624357 0.47049643 0.88712244 0.46333862 0.87996511 0.46245981 0.87787168 0.45978090 0.87904350 0.45023719 0.87427195 0.44965131 0.87217851 0.44697240 0.87304642 0.43990385 0.85367123 0.43990385
0 0.77132699 0.43990385 0.77021211 0.44898383 0.76753337 0.45107685 0.76606859 0.46300653 0.77561231 0.46417835 0.77590527 0.46179239 0.77858400 0.45969937 0.78574194 0.46057825 0.78603489 0.45819235 0.78871362 0.45609939 0.79587155 0.45697827 0.79616451 0.45459231 0.79884325 0.45249929 0.81315851 0.45425699 0.81492086 0.43990385 0.77132699 0.43990385
0 0.69140449 0.43990385 0.69089071 0.44408825 0.68821198 0.44618121 0.68611855 0.44350230 0.68373277 0.44320936 0.68105405 0.44530232 0.67753858 0.47393346 0.68231014 0.47451934 0.68440359 0.47719812 0.68235288 0.49389977 0.69189598 0.49507152 0.69457531 0.49297875 0.69934686 0.49356463 0.69963979 0.49117885 0.70231919 0.48908548 0.70947652 0.48996429 0.71483455 0.48577869 0.71960610 0.48636456 0.71989912 0.48397817 0.72257844 0.48188541 0.72734999 0.48247128 0.73270741 0.47828560 0.73747957 0.47887155 0.74283769 0.47468533 0.74999501 0.47556414 0.75028795 0.47317837 0.75296666 0.47108553 0.76012460 0.47196441 0.76406114 0.43990385 0.69140449 0.43990385
