0 0.48009924 0.47851562 0.49004089 0.47111238 0.49019309 0.46924785 0.49950870 0.46231081 0.49966090 0.46044629 0.51130529 0.45177462 0.51145749 0.44991009 0.51844430 0.44470768 0.39872668 0.43753631 0.39796565 0.44685944 0.39563634 0.44859355 0.34557285 0.44559463 0.34324354 0.44732875 0.34278690 0.45292281 0.34045815 0.45465696 0.30345454 0.45244036 0.30142962 0.45044541 0.30219066 0.44112229 0.27389381 0.43942724 0.27186950 0.43743186 0.27247829 0.42997374 0.03086550 0.41550057 0.03025670 0.42295869 0.02792780 0.42469330 0.00000000 0.42302037 0.00000000 0.46049569 0.30082195 0.47851562 0.48009924 0.47851562
0 0.00000000 0.39678740 0.02352864 0.39819682 0.02555313 0.40019222 0.16921477 0.40879789 0.16997585 0.39947429 0.17230460 0.39774014 0.17448171 0.39787055 0.17681046 0.39613640 0.18116356 0.39639716 0.18349231 0.39466302 0.18394895 0.38906895 0.18627830 0.38733436 0.19280851 0.38772553 0.19356955 0.37840241 0.19589830 0.37666826 0.20460507 0.37718982 0.20536610 0.36786670 0.20769486 0.36613255 0.25122869 0.36874033 0.25325304 0.37073524 0.24859554 0.37420353 0.24844334 0.37606806 0.24145648 0.38127095 0.24130425 0.38313596 0.23431743 0.38833837 0.23416523 0.39020290 0.22717894 0.39540582 0.22702670 0.39727083 0.22003989 0.40247324 0.21988769 0.40433777 0.21290084 0.40954066 0.22160761 0.41006221 0.22363192 0.41205760 0.53925262 0.43096402 0.54158141 0.42922939 0.55147499 0.30802737 0.54494478 0.30763619 0.54448814 0.31323026 0.54651249 0.31522517 0.54636029 0.31708970 0.54403154 0.31882385 0.49396749 0.31582489 0.49366306 0.31955443 0.49568797 0.32154937 0.49553573 0.32341438 0.49320642 0.32514849 0.44967259 0.32254071 0.44764824 0.32054580 0.44825711 0.31308673 0.44390401 0.31282597 0.44187910 0.31083103 0.42011246 0.30952716 0.41808755 0.30753221 0.41869638 0.30007362 0.17708404 0.28560047 0.17662740 0.29119454 0.17196934 0.29466280 0.12625896 0.29192464 0.12549788 0.30124824 0.12316913 0.30298239 0.08181185 0.30050499 0.07978750 0.29851008 0.08039637 0.29105101 0.07837202 0.28905610 0.05225116 0.28749140 0.05022692 0.28549650 0.05083576 0.27803791 0.00000000 0.27499273 0.00000000 0.39678740
0 0.55859375 0.16979487 0.32547868 0.15583073 0.32314989 0.15756536 0.32269326 0.16315942 0.32036450 0.16489357 0.27247701 0.16202500 0.27171597 0.17134812 0.26938722 0.17308227 0.22803050 0.17060490 0.22600559 0.16860996 0.22676663 0.15928684 0.20064633 0.15772217 0.19862197 0.15572726 0.19938305 0.14640366 0.08184143 0.13936264 0.07252638 0.14629971 0.07237414 0.14816472 0.06072934 0.15683588 0.06057714 0.15870041 0.05126154 0.16563745 0.05110934 0.16750198 0.03946484 0.17617363 0.03931264 0.17803816 0.02999704 0.18497520 0.02984483 0.18683973 0.01820037 0.19551091 0.01804817 0.19737544 0.00873253 0.20431296 0.00858033 0.20617748 0.00159363 0.21137990 0.00128919 0.21510944 0.01434934 0.21589177 0.01637386 0.21788669 0.02943395 0.21866902 0.03145843 0.22066442 0.02447179 0.22586684 0.02431959 0.22773137 0.01500395 0.23466888 0.01485175 0.23653341 0.00786505 0.24173583 0.00771281 0.24360084 0.00000000 0.24934433 0.00000000 0.25812895 0.20457421 0.27038343 0.20659856 0.27237834 0.31760997 0.27902818 0.31852321 0.26784053 0.32085200 0.26610590 0.32955877 0.26662746 0.33016760 0.25916886 0.33249635 0.25743471 0.34120312 0.25795627 0.34181196 0.25049768 0.34647005 0.24702894 0.35299971 0.24742008 0.35376075 0.23809696 0.35609005 0.23636284 0.39527023 0.23870982 0.39729513 0.24070477 0.39607746 0.25562195 0.39374812 0.25735655 0.38504135 0.25683499 0.38443255 0.26429311 0.38210376 0.26602773 0.37992721 0.26589735 0.37759846 0.26763150 0.37324480 0.26737071 0.37278816 0.27296477 0.36813010 0.27643303 0.36377699 0.27617227 0.36362479 0.27803680 0.36129600 0.27977143 0.36332036 0.28176634 0.55269266 0.29311018 0.55859375 0.22081850 0.55859375 0.16979487
0 0.55859375 0.03113642 0.54570453 0.03036433 0.54368018 0.02836932 0.47184950 0.02406650 0.47139287 0.02966042 0.46906411 0.03139471 0.46891191 0.03325933 0.46658314 0.03499358 0.42087220 0.03225538 0.42011116 0.04157865 0.41778239 0.04331294 0.41342929 0.04305218 0.41140439 0.04105710 0.37657732 0.03897087 0.37455298 0.03697582 0.37516182 0.02951723 0.34686497 0.02782218 0.34484063 0.02582717 0.34560167 0.01650396 0.22806004 0.00946294 0.22573129 0.01119718 0.22557908 0.01306180 0.21393415 0.02173310 0.21378194 0.02359777 0.20213758 0.03226906 0.20198537 0.03413368 0.19034103 0.04280477 0.19018879 0.04466978 0.17854444 0.05334096 0.17839224 0.05520549 0.16907663 0.06214253 0.16892439 0.06400754 0.15727948 0.07267869 0.15712728 0.07454322 0.14548293 0.08321441 0.14533073 0.08507893 0.14300194 0.08681356 0.17565245 0.08876940 0.17767680 0.09076431 0.17068996 0.09596720 0.17053776 0.09783173 0.15656461 0.10823754 0.15641241 0.11010207 0.14476806 0.11877326 0.14461586 0.12063779 0.13529970 0.12757479 0.46398026 0.14726353 0.46458910 0.13980493 0.46691785 0.13807079 0.47127151 0.13833158 0.47360027 0.13659743 0.47795393 0.13685822 0.47856276 0.12939963 0.48089152 0.12766548 0.48306807 0.12779586 0.48539686 0.12606124 0.48757397 0.12619165 0.48818280 0.11873306 0.49051156 0.11699891 0.49921832 0.11752046 0.49997936 0.10819734 0.50230815 0.10646272 0.54148888 0.10880973 0.54351319 0.11080512 0.54244775 0.12385730 0.53778965 0.12732604 0.53126000 0.12693490 0.53065116 0.13439349 0.52832241 0.13612764 0.52179220 0.13573647 0.52133556 0.14133053 0.51667746 0.14479927 0.51232436 0.14453851 0.50999560 0.14627266 0.50781849 0.14614225 0.50751410 0.14987130 0.50953900 0.15186625 0.55859375 0.15480474 0.55859375 0.03113642
0 0.01884833 0.00000000 0.01316148 0.06966710 0.02247712 0.06272959 0.02262932 0.06086506 0.03194493 0.05392802 0.03209712 0.05206349 0.04374159 0.04339231 0.04389379 0.04152778 0.05553834 0.03285622 0.05569055 0.03099160 0.06500615 0.02405456 0.06515836 0.02218994 0.07680300 0.01351862 0.07695521 0.01165395 0.08627082 0.00471692 0.08642302 0.00285229 0.03880735 0.00000000 0.01884833 0.00000000
0 0.65120389 0.39041750 0.65301586 0.39250248 0.65274339 0.39639896 0.65455537 0.39848394 0.65428290 0.40238043 0.65609540 0.40446494 0.65582290 0.40836192 0.65763491 0.41044640 0.65722617 0.41629162 0.65903818 0.41837610 0.65876571 0.42227259 0.66057818 0.42435760 0.66030571 0.42825408 0.66211769 0.43033906 0.66184522 0.43423554 0.66365723 0.43632002 0.66324849 0.44216525 0.66506050 0.44424972 0.66478799 0.44814671 0.66660000 0.45023119 0.66632753 0.45412767 0.66814001 0.45621268 0.66786754 0.46010917 0.68540272 0.46133535 0.68748719 0.45952334 0.68567519 0.45743886 0.68608392 0.45159363 0.68427192 0.44950916 0.68454442 0.44561217 0.68273191 0.44352766 0.68300442 0.43963068 0.68119241 0.43754620 0.68146488 0.43364971 0.67965287 0.43156524 0.67992537 0.42766825 0.67811336 0.42558378 0.67852210 0.41973855 0.67671009 0.41765407 0.67698260 0.41375709 0.67517009 0.41167258 0.67544259 0.40777559 0.67363059 0.40569112 0.67390305 0.40179463 0.67209105 0.39971015 0.67236355 0.39581317 0.67055104 0.39372866 0.67082355 0.38983168 0.66901154 0.38774720 0.66942028 0.38190197 0.66760827 0.37981749 0.66774450 0.37786925 0.65410581 0.37691554 0.65396957 0.37886378 0.65578158 0.38094826 0.65550908 0.38484524 0.65342460 0.38665725 0.65147636 0.38652102 0.65120389 0.39041750
0 0.55859375 0.35457353 0.56167422 0.35478894 0.56181049 0.35284020 0.56389487 0.35102818 0.58727578 0.35266314 0.58754824 0.34876665 0.58573574 0.34668214 0.58600824 0.34278515 0.58419623 0.34070068 0.58446874 0.33680369 0.58265673 0.33471922 0.58292920 0.33082273 0.58111672 0.32873772 0.58152546 0.32289249 0.57971346 0.32080802 0.57998592 0.31691153 0.57817391 0.31482706 0.57844642 0.31093007 0.57663441 0.30884560 0.57690691 0.30494861 0.57509491 0.30286413 0.57536738 0.29896765 0.57355490 0.29688264 0.57396364 0.29103741 0.57215163 0.28895293 0.57242410 0.28505645 0.57061209 0.28297197 0.57088460 0.27907499 0.56907209 0.27699048 0.56934459 0.27309349 0.56753269 0.27100902 0.56794142 0.26516380 0.56612931 0.26307931 0.56640182 0.25918233 0.56458971 0.25709784 0.56486218 0.25320136 0.56305002 0.25111687 0.56332253 0.24721989 0.56151037 0.24513540 0.56191911 0.23929017 0.56010700 0.23720569 0.56024323 0.23525745 0.55859375 0.23335954 0.55859375 0.35457353
0 0.55859375 0.09231817 0.56755946 0.10263173 0.56742319 0.10458047 0.57829590 0.11708788 0.57815967 0.11903613 0.58359605 0.12529008 0.58345979 0.12723882 0.58708430 0.13140781 0.58694806 0.13335605 0.58876007 0.13544053 0.58862380 0.13738927 0.59043581 0.13947375 0.59029958 0.14142199 0.59211155 0.14350697 0.59183908 0.14740346 0.59365109 0.14948793 0.59351486 0.15143617 0.59532733 0.15352118 0.59519109 0.15546943 0.59700310 0.15755390 0.59686683 0.15950264 0.59867884 0.16158712 0.59840637 0.16548361 0.60021888 0.16756812 0.60008261 0.16951686 0.60189462 0.17160134 0.60162212 0.17549832 0.60343412 0.17758280 0.60329789 0.17953104 0.60510990 0.18161552 0.60483739 0.18551250 0.60664940 0.18759698 0.61249463 0.18800572 0.61457960 0.18619374 0.61652785 0.18632998 0.61833985 0.18841446 0.61793112 0.19425968 0.61376216 0.19788370 0.61181342 0.19774743 0.61167719 0.19969567 0.61348966 0.20178068 0.61321719 0.20567717 0.61502916 0.20776214 0.61475670 0.21165863 0.61656870 0.21374311 0.61629620 0.21764009 0.61810821 0.21972457 0.61783570 0.22362155 0.61964771 0.22570603 0.61910274 0.23349950 0.61701826 0.23531150 0.61688203 0.23725975 0.61869400 0.23934472 0.61842153 0.24324121 0.62023404 0.24532572 0.61996154 0.24922270 0.62177354 0.25130718 0.62136481 0.25715241 0.62317681 0.25923688 0.62290435 0.26313337 0.62471682 0.26521838 0.62444435 0.26911487 0.62625632 0.27119984 0.62584762 0.27704457 0.62765963 0.27912905 0.62738712 0.28302603 0.62919913 0.28511051 0.62865416 0.29290398 0.63046617 0.29498845 0.63019366 0.29888544 0.63200617 0.30096995 0.63173367 0.30486693 0.63354568 0.30695141 0.63313694 0.31279664 0.63494895 0.31488111 0.63467644 0.31877810 0.63648895 0.32086261 0.63608025 0.32670734 0.63789222 0.32879231 0.63761975 0.33268880 0.64124373 0.33685825 0.64514071 0.33713075 0.64695272 0.33921523 0.64681649 0.34116347 0.65850644 0.34198092 0.65864268 0.34003267 0.65683067 0.33794820 0.65723941 0.33210297 0.65542740 0.33001849 0.65569990 0.32612151 0.65388789 0.32403703 0.65429663 0.31819180 0.65248463 0.31610733 0.65275713 0.31221034 0.65094462 0.31012583 0.65135332 0.30428110 0.64954135 0.30219613 0.64981382 0.29829964 0.64800185 0.29621467 0.64841055 0.29036994 0.64659804 0.28828543 0.64687055 0.28438844 0.64505854 0.28230397 0.64546728 0.27645874 0.64365527 0.27437426 0.64392777 0.27047728 0.64211576 0.26839280 0.64252450 0.26254758 0.64071249 0.26046310 0.64098496 0.25656661 0.63917249 0.25448160 0.63944496 0.25058512 0.63763299 0.24850014 0.63804169 0.24265541 0.63622968 0.24057094 0.63650218 0.23667395 0.63468968 0.23458944 0.63274144 0.23445321 0.63092946 0.23236823 0.63120193 0.22847175 0.62938992 0.22638727 0.62966243 0.22249029 0.62785042 0.22040581 0.62825916 0.21456058 0.62644665 0.21247607 0.62685539 0.20663084 0.62504338 0.20454637 0.62531588 0.20064938 0.62350388 0.19856490 0.62459382 0.18297797 0.62278131 0.18089346 0.62305378 0.17699697 0.62124181 0.17491199 0.62137804 0.17296375 0.61956603 0.17087927 0.61970230 0.16893053 0.61789029 0.16684606 0.61816276 0.16294957 0.61635076 0.16086509 0.61648703 0.15891635 0.61467452 0.15683184 0.61481075 0.15488360 0.60896553 0.15447486 0.60534154 0.15030541 0.60547778 0.14835716 0.60366577 0.14627269 0.60393827 0.14237570 0.60212627 0.14029123 0.60226250 0.13834298 0.60045003 0.13625797 0.60072250 0.13236149 0.59709848 0.12819254 0.59723475 0.12624379 0.58998625 0.11790535 0.59012249 0.11595711 0.59220696 0.11414510 0.59234320 0.11219686 0.58690671 0.10594289 0.58704298 0.10399415 0.57617037 0.09148675 0.57630660 0.08953851 0.55859375 0.06916215 0.55859375 0.09231817
0 0.41927376 0.66445114 0.47182307 0.72490220 0.51218121 0.67920626 0.46022817 0.62499069 0.41927376 0.66445114
0 0.35040259 0.48311204 0.03792477 0.72965925 0.08528746 0.80523211 0.40780094 0.54803138 0.36903723 0.48235051 0.36206180 0.47876584 0.35040259 0.48311204
0 0.78552212 0.47851562 0.77435094 0.50243142 0.76178896 0.57007930 0.75715669 0.63632379 0.76816568 0.64688309 0.95674858 0.66594377 0.97293480 0.60246511 0.97961072 0.50699511 0.97431059 0.49879291 0.94925430 0.49312502 0.79365753 0.47851562 0.78552212 0.47851562
