0 0.50980789 0.33340652 0.50980789 0.38821306 0.60748116 0.38821306 0.60748116 0.33188383 0.51219002 0.33188383 0.50980789 0.33340652
0 0.50266090 0.38821306 0.50266090 0.33188383 0.35019508 0.33188383 0.35019508 0.38821306 0.50266090 0.38821306
0 0.00000000 0.38821306 0.32160774 0.38821306 0.32160774 0.33188383 0.31446075 0.33188383 0.31207863 0.33340652 0.04288101 0.33340652 0.04049870 0.33492883 0.00000000 0.33492883 0.00000000 0.38821306
0 0.00000000 0.32274960 0.16675980 0.32274960 0.16914192 0.32427191 0.32398987 0.32427191 0.32398987 0.32122729 0.32160774 0.31970460 0.32160774 0.24206230 0.31922562 0.24206230 0.31684288 0.24053999 0.01905823 0.24053999 0.01905823 0.26337575 0.01667598 0.26489845 0.00952911 0.26489845 0.00952911 0.27098768 0.00714687 0.27251037 0.00000000 0.27251037 0.00000000 0.32274960
0 0.60748116 0.32274960 0.60748116 0.23597268 0.51219002 0.23597268 0.51219002 0.32274960 0.60748116 0.32274960
0 0.35019508 0.32579460 0.47645569 0.32579460 0.47645569 0.31665998 0.47883781 0.31513768 0.48836693 0.31513768 0.49074966 0.31361537 0.50504303 0.31361537 0.50504303 0.23444999 0.40260490 0.23444999 0.40022278 0.23597268 0.37640030 0.23597268 0.37640030 0.24967422 0.37401756 0.25119652 0.35019508 0.25119652 0.35019508 0.32579460
0 0.00000000 0.22531576 0.03811646 0.22531576 0.03811646 0.19943499 0.04049870 0.19791230 0.04049870 0.18877807 0.00000000 0.18877807 0.00000000 0.22531576
0 0.50266090 0.22379345 0.50266090 0.17964384 0.35019508 0.17964384 0.35019508 0.22379345 0.50266090 0.22379345
0 0.60748116 0.22531576 0.60748116 0.17812114 0.51219002 0.17812114 0.51219002 0.22531576 0.60748116 0.22531576
0 0.32160774 0.22531576 0.32160774 0.19334538 0.31922562 0.19182307 0.31684288 0.19182307 0.31446075 0.19334538 0.26443306 0.19334538 0.26205093 0.19486768 0.25252121 0.19486768 0.25013908 0.19334538 0.25013908 0.17964384 0.12149635 0.17964384 0.11911362 0.17812114 0.04764557 0.17812114 0.04764557 0.21313653 0.04526332 0.21465883 0.04526332 0.22379345 0.05002782 0.22379345 0.05241013 0.22531576 0.32160774 0.22531576
0 0.87601211 0.33629656 0.92989731 0.31291974 0.92989731 0.25068509 0.81470457 0.01400611 0.81444549 0.01400611 0.73418949 0.04926681 0.87601211 0.33629656
0 0.16596540 0.67579691 0.16199493 0.67102922 0.15564219 0.65076653 0.13896624 0.65672614 0.13737806 0.66387768 0.15405401 0.71513038 0.18105316 0.70082730 0.18105316 0.68414037 0.17311223 0.67341307 0.16596540 0.67579691
0 0.36290042 0.76638307 0.36210632 0.75088807 0.34701856 0.69486768 0.32716624 0.69725153 0.32875442 0.71751422 0.31287257 0.72585768 0.32478396 0.77711038 0.32716624 0.78068615 0.33669535 0.77949422 0.36290042 0.76638307
0 0.30731392 0.66864537 0.30572573 0.64957460 0.29460843 0.65195845 0.21916962 0.69605961 0.22314008 0.71751422 0.24219831 0.71274653 0.24775696 0.73539307 0.29222616 0.70917076 0.29222616 0.68056460 0.30731392 0.66864537
0 0.62797656 0.77314755 0.64260303 0.77082438 0.63228174 0.66033841 0.61467871 0.66321572 0.61952588 0.74396792 0.62569287 0.74299519 0.62797656 0.77314755
