0 0.35817308 0.13200024 0.29990546 0.12792577 0.29889938 0.14231340 0.29633387 0.14454357 0.26755799 0.14253136 0.26532782 0.13996585 0.24374545 0.13845667 0.24290700 0.15044708 0.24034149 0.15267724 0.19477951 0.14949124 0.19254935 0.14692573 0.19338780 0.13493531 0.16461191 0.13292311 0.16238175 0.13035760 0.16322016 0.11836780 0.03133053 0.10914518 0.02619889 0.11360546 0.02603118 0.11600392 0.01320297 0.12715531 0.01303530 0.12955314 0.00000000 0.14088455 0.00000000 0.26599529 0.09939695 0.27294580 0.10162768 0.27551197 0.29106847 0.28875896 0.29876566 0.28206790 0.29893338 0.27966944 0.30406440 0.27520912 0.30456746 0.26801499 0.30713358 0.26578487 0.30746897 0.26098858 0.31003448 0.25875842 0.31722861 0.25926148 0.31756395 0.25446581 0.32012946 0.25223564 0.32029718 0.24983719 0.32286269 0.24760703 0.33005681 0.24811009 0.33089522 0.23612029 0.33346073 0.23389013 0.35817308 0.23561818 0.35817308 0.13200024
0 0.35817308 0.00000000 0.13875131 0.00000000 0.13256579 0.00537699 0.13239807 0.00777544 0.11956986 0.01892683 0.11940219 0.02132467 0.10657337 0.03247601 0.10640570 0.03487385 0.10127463 0.03933479 0.10367247 0.03950247 0.10590263 0.04206798 0.13707697 0.04424790 0.13930709 0.04681402 0.13160995 0.05350447 0.13144227 0.05590231 0.12117953 0.06482415 0.12101186 0.06722199 0.10818365 0.07837338 0.10801598 0.08077121 0.09775328 0.08969244 0.09758561 0.09209028 0.09502006 0.09432106 0.10700986 0.09515946 0.10924002 0.09772498 0.35817308 0.11513207 0.35817308 0.00000000
0 0.54912551 0.00000000 0.74179215 0.24418874 0.83480491 0.18589620 0.68655486 0.00000000 0.54912551 0.00000000
0 0.00000000 0.97546799 0.09132341 0.98708271 0.09142100 0.98454438 0.08165133 0.98330185 0.08035298 0.98058532 0.08093855 0.96535466 0.06698167 0.96357959 0.06568365 0.96086375 0.06646443 0.94055577 0.06367283 0.94020073 0.06237484 0.93748425 0.05260481 0.93624168 0.05130678 0.93352584 0.05228277 0.90814054 0.04111713 0.90672047 0.03981910 0.90400463 0.04079506 0.87861998 0.01427657 0.87524730 0.01320302 0.90317029 0.01170971 0.90553176 0.00193976 0.90428920 0.00064169 0.90157271 0.00000000 0.90258743 0.00000000 0.90571594 0.00044648 0.90665003 0.00000000 0.91826291 0.00000000 0.97546799
0 0.01208564 0.34855769 0.00678006 0.48655550 0.00807817 0.48927134 0.00947388 0.48944885 0.01207011 0.49488054 0.01346580 0.49505804 0.01476390 0.49777454 0.01615963 0.49795205 0.01745772 0.50066789 0.01885341 0.50084540 0.02015154 0.50356125 0.06062709 0.50870902 0.07257351 0.48982111 0.07267110 0.48728278 0.08312431 0.47075570 0.08322191 0.46821737 0.08919476 0.45877337 0.08929235 0.45623503 0.09974556 0.43970796 0.09984316 0.43716963 0.11029637 0.42064256 0.11169199 0.42082005 0.12214519 0.40429311 0.12354081 0.40447061 0.13847401 0.38086081 0.13857161 0.37832228 0.14753125 0.36415632 0.14762884 0.36161786 0.15588944 0.34855769 0.01208564 0.34855769
0 0.58199794 0.57752431 0.70500861 0.61953918 0.70881919 0.60181470 0.58818843 0.56253501 0.58199794 0.57752431
0 0.55289601 0.66288007 0.67590651 0.70489733 0.67971726 0.68717046 0.55908650 0.64789077 0.55289601 0.66288007
0 0.58854627 0.55741769 0.71155437 0.59943479 0.71536512 0.58170792 0.59473436 0.54242823 0.58854627 0.55741769
0 0.59527095 0.53475466 0.71828144 0.57677192 0.72208980 0.55904488 0.60145904 0.51976519 0.59527095 0.53475466
0 0.61110004 0.49216615 0.73411054 0.53418342 0.73792129 0.51645654 0.61729053 0.47717685 0.61110004 0.49216615
0 0.55944417 0.64277585 0.68245227 0.68479295 0.68626302 0.66706607 0.56563226 0.62778638 0.55944417 0.64277585
0 0.57527326 0.60018735 0.69828393 0.64220222 0.70209212 0.62447757 0.58146135 0.58519788 0.57527326 0.60018735
0 0.56872750 0.62029173 0.69173560 0.66230883 0.69554636 0.64458195 0.57491559 0.60530226 0.56872750 0.62029173
0 0.60437536 0.51482919 0.72738586 0.55684646 0.73119421 0.53911941 0.61056345 0.49983972 0.60437536 0.51482919
