0 0.00000000 0.39322267 0.00422945 0.39337753 0.00635245 0.32963465 0.00000000 0.32940206 0.00000000 0.39322267
0 0.00000000 0.28951387 0.00007998 0.28951679 0.00154678 0.29116632 0.00762624 0.29138892 0.00799777 0.28023381 0.00957069 0.27869599 0.01323285 0.16873962 0.01176609 0.16709009 0.00112701 0.16670055 0.00000000 0.20053896 0.00000000 0.28951387
0 0.00667907 0.00000000 0.00229465 0.13164217 0.00685427 0.13180911 0.00690734 0.13021564 0.01005319 0.12713959 0.01461281 0.12730654 0.01618573 0.12576872 0.01687570 0.10505238 0.01540893 0.10340286 0.01885283 0.00000000 0.00667907 0.00000000
0 0.38932292 0.00700297 0.36104090 0.00596745 0.36088168 0.01074819 0.35930883 0.01228609 0.35018944 0.01195219 0.34872275 0.01030300 0.33200451 0.00969087 0.32696240 0.16108000 0.35431980 0.16208167 0.35578648 0.16373119 0.35520265 0.18126059 0.35362982 0.18279841 0.35315214 0.19714046 0.35157930 0.19867828 0.33942037 0.19823309 0.33795368 0.19658398 0.32427459 0.19608313 0.32162085 0.27576153 0.35049841 0.27681886 0.35196509 0.27846838 0.35159358 0.28962308 0.35002072 0.29116131 0.34927768 0.31347112 0.34770484 0.31500894 0.32034705 0.31400726 0.31774637 0.39209260 0.34510416 0.39309428 0.34657086 0.39474340 0.34612257 0.40820312 0.38112222 0.40820312 0.38932292 0.16197753 0.38932292 0.00700297
0 0.04624359 0.00000000 0.04568545 0.01675816 0.04411268 0.01829611 0.04108741 0.10912970 0.06844512 0.11013138 0.06991182 0.11178050 0.06789497 0.17233644 0.06474890 0.17541208 0.03891135 0.17446605 0.03519610 0.28601631 0.03362318 0.28755413 0.03277398 0.31305128 0.05557207 0.31388602 0.05703877 0.31553513 0.06159846 0.31570208 0.06306516 0.31735120 0.06152598 0.36356509 0.05995314 0.36510292 0.05947547 0.37944497 0.05790224 0.38098278 0.03054484 0.37998111 0.02985486 0.40069785 0.23483720 0.40820312 0.28829703 0.40820312 0.29470706 0.21574213 0.29628029 0.21420432 0.30312695 0.00863354 0.30469980 0.00709559 0.30480595 0.00390845 0.19805929 0.00000000 0.04624359 0.00000000
0 0.62690227 0.16439936 0.56805918 0.06164700 0.56155273 0.06130619 0.55077887 0.07637636 0.52348069 0.12966729 0.52172498 0.14911848 0.52907830 0.16904681 0.58559146 0.25995123 0.59748484 0.25275696 0.63286342 0.18816340 0.62690227 0.16439936
0 0.00384829 0.66390248 0.00238150 0.66151106 0.00243458 0.65920091 0.00096778 0.65681008 0.00102085 0.65449993 0.00059625 0.67298232 0.00216919 0.67075285 0.00368906 0.67083352 0.00526203 0.66860346 0.00379521 0.66621263 0.00384829 0.66390248
0 0.00128624 0.64294800 0.00275302 0.64533942 0.00269995 0.64764957 0.00416674 0.65004040 0.00411366 0.65235114 0.00558047 0.65474196 0.00552740 0.65705212 0.00699417 0.65944294 0.00694110 0.66175309 0.00840786 0.66414451 0.01144764 0.66430587 0.01302057 0.66207580 0.01454041 0.66215648 0.01611337 0.65992701 0.01763326 0.66000769 0.01920618 0.65777821 0.02072602 0.65785889 0.02229898 0.65562942 0.02381887 0.65571009 0.02539178 0.65348062 0.02691163 0.65356129 0.02848460 0.65133123 0.03000449 0.65141191 0.03157740 0.64918244 0.03163048 0.64687229 0.03016371 0.64448087 0.03021679 0.64217072 0.02874997 0.63977989 0.02880304 0.63746974 0.02733623 0.63507891 0.02738931 0.63276817 0.02592254 0.63037734 0.02597561 0.62806719 0.02450885 0.62567577 0.02456192 0.62336562 0.02309511 0.62097479 0.02314818 0.61866464 0.02168136 0.61627381 0.02173445 0.61396307 0.02026767 0.61157225 0.02032074 0.60926210 0.01885398 0.60687068 0.01890705 0.60456053 0.01744024 0.60216970 0.01749331 0.59985954 0.01602650 0.59746872 0.01607958 0.59515798 0.01461281 0.59276715 0.01466588 0.59045700 0.01319912 0.58806558 0.01325219 0.58575543 0.01178538 0.58336460 0.01183845 0.58105445 0.01031856 0.58097377 0.00874564 0.58320325 0.00722580 0.58312257 0.00565284 0.58535204 0.00413297 0.58527137 0.00256003 0.58750084 0.00128624 0.64294800
0 0.03663398 0.56155275 0.03506102 0.56378222 0.03354117 0.56370155 0.03196825 0.56593102 0.03044837 0.56585034 0.02730249 0.57030929 0.02578265 0.57022861 0.02420968 0.57245868 0.02268979 0.57237800 0.02111687 0.57460747 0.01959702 0.57452679 0.01802407 0.57675627 0.01650418 0.57667559 0.01493125 0.57890565 0.01487818 0.58121581 0.01634495 0.58360663 0.01629188 0.58591678 0.01775870 0.58830761 0.01770561 0.59061835 0.01917243 0.59300918 0.01911936 0.59531933 0.02058612 0.59771075 0.02053304 0.60002090 0.02199982 0.60241173 0.02194675 0.60472188 0.02341356 0.60711271 0.02336048 0.60942345 0.02629407 0.61420510 0.02624098 0.61651585 0.02770776 0.61890667 0.02765468 0.62121682 0.02912150 0.62360765 0.02906843 0.62591780 0.03053523 0.62830922 0.03048216 0.63061937 0.03194893 0.63301020 0.03189585 0.63532094 0.03336262 0.63771177 0.03330955 0.64002192 0.03624318 0.64480358 0.03781610 0.64257410 0.03933595 0.64265478 0.04090871 0.64042530 0.04242886 0.64050599 0.04400170 0.63827651 0.04552147 0.63835719 0.04709470 0.63612773 0.04861447 0.63620840 0.05018733 0.63397833 0.05170710 0.63405900 0.05327994 0.63182953 0.05480010 0.63191022 0.05637293 0.62968074 0.05789270 0.62976141 0.05946595 0.62753136 0.06098572 0.62761203 0.06255856 0.62538256 0.06407833 0.62546323 0.06565117 0.62323375 0.06717132 0.62331444 0.06722440 0.62100429 0.06575731 0.61861345 0.06581039 0.61630271 0.06434370 0.61391188 0.06439677 0.61160173 0.06146339 0.60681950 0.06151646 0.60450935 0.06004976 0.60211853 0.06010283 0.59980837 0.05863576 0.59741694 0.05868883 0.59510679 0.05722213 0.59271596 0.05727522 0.59040522 0.05580852 0.58801440 0.05586159 0.58570425 0.05439451 0.58331341 0.05444758 0.58100326 0.05298089 0.57861184 0.05303396 0.57630169 0.05156727 0.57391087 0.05162035 0.57160013 0.04868696 0.56681848 0.04874003 0.56450833 0.04727294 0.56211749 0.04732603 0.55980675 0.04585933 0.55741593 0.04591240 0.55510577 0.04433956 0.55733525 0.04281940 0.55725456 0.04124664 0.55948404 0.03972679 0.55940337 0.03815386 0.56163343 0.03663398 0.56155275
0 0.01433297 0.47247028 0.01276001 0.47469975 0.01124017 0.47461908 0.00966725 0.47684855 0.00814736 0.47676788 0.00657441 0.47899794 0.00505454 0.47891726 0.00409920 0.52050233 0.00703278 0.52528458 0.00697971 0.52759473 0.00844652 0.52998556 0.00839345 0.53229571 0.00986021 0.53468713 0.00980714 0.53699728 0.01127392 0.53938811 0.01122083 0.54169885 0.01268764 0.54408968 0.01263457 0.54639983 0.01410139 0.54879066 0.01404832 0.55110081 0.01698185 0.55588305 0.01692878 0.55819320 0.01996855 0.55835456 0.02154147 0.55612509 0.02306132 0.55620576 0.02463427 0.55397629 0.02615416 0.55405697 0.02772709 0.55182690 0.02924694 0.55190758 0.03081990 0.54967811 0.03233978 0.54975879 0.03548562 0.54529984 0.03700550 0.54538052 0.03857846 0.54315104 0.04009831 0.54323172 0.04020446 0.53861083 0.03873769 0.53622000 0.03879077 0.53390926 0.03732396 0.53151843 0.03889692 0.52928896 0.04041676 0.52936963 0.04198968 0.52714016 0.04350937 0.52722083 0.04508260 0.52499137 0.04361553 0.52259994 0.04366860 0.52028979 0.04220198 0.51789897 0.04225507 0.51558823 0.04078829 0.51319740 0.04084136 0.51088725 0.03790777 0.50610559 0.03796086 0.50379485 0.03649404 0.50140402 0.03654712 0.49909387 0.03508036 0.49670245 0.03513343 0.49439230 0.03366665 0.49200148 0.03371972 0.48969133 0.03225291 0.48730050 0.03230599 0.48498975 0.03083918 0.48259893 0.03089225 0.48028877 0.02942549 0.47789736 0.02947856 0.47558721 0.02801179 0.47319638 0.02806486 0.47088623 0.02659804 0.46849540 0.02665113 0.46618466 0.02361139 0.46602330 0.02203846 0.46825337 0.02051858 0.46817269 0.01894562 0.47040216 0.01742577 0.47032149 0.01585286 0.47255096 0.01433297 0.47247028
0 1.00000000 0.65419560 0.99287005 0.63079816 0.97990259 0.62816460 0.91528998 0.65283114 0.87206075 0.67137361 0.87868700 0.72253290 0.88775058 0.72496197 1.00000000 0.68425035 1.00000000 0.65419560
