0 0.00000000 0.50461640 0.04333225 0.50870156 0.04476743 0.50637699 0.05022259 0.50689127 0.05208090 0.44310521 0.05078866 0.44052350 0.04533350 0.44000921 0.04404127 0.43742751 0.04439865 0.42516054 0.03757979 0.42451769 0.03628721 0.42193596 0.03671604 0.40721648 0.02989717 0.40657363 0.02860489 0.40399129 0.02896225 0.39172496 0.02487086 0.39133924 0.02357856 0.38875753 0.02221475 0.38862895 0.02092241 0.38604724 0.02120830 0.37623404 0.01711695 0.37584833 0.01582461 0.37326662 0.01603904 0.36590656 0.00649252 0.36500656 0.00520020 0.36242422 0.00562903 0.34770474 0.00017389 0.34719046 0.00000000 0.34684307 0.00000000 0.50461640
0 0.23970053 0.38699235 0.23826536 0.38931693 0.23281020 0.38880264 0.23152367 0.43296232 0.22865298 0.43761145 0.22456187 0.43722575 0.22434745 0.44458581 0.22291228 0.44691038 0.22205460 0.47634996 0.22061908 0.47867451 0.21932684 0.47609280 0.21387168 0.47557852 0.21258517 0.51973757 0.21114998 0.52206278 0.21064969 0.53923539 0.22837887 0.54090682 0.22967109 0.54348915 0.29376930 0.54953204 0.29984452 0.34100184 0.29855231 0.33841951 0.25081957 0.33391949 0.25039072 0.34863959 0.24895555 0.35096417 0.24213634 0.35032129 0.24206487 0.35277442 0.24062968 0.35509963 0.23970053 0.38699235
0 0.18566673 0.50489980 0.18595263 0.49508661 0.18738780 0.49276203 0.19284296 0.49327631 0.19362917 0.46628988 0.19506434 0.46396530 0.19549317 0.44924582 0.19692871 0.44692065 0.19829241 0.44704921 0.19972758 0.44472464 0.20245534 0.44498180 0.20374187 0.40082212 0.20517704 0.39849754 0.21199590 0.39914039 0.21306800 0.36234076 0.21450352 0.36001621 0.21723093 0.36027334 0.21866610 0.35794876 0.22139385 0.35820592 0.22218006 0.33121949 0.16490071 0.32581945 0.16061232 0.47301734 0.16190455 0.47559905 0.16047507 0.52466564 0.18365976 0.52685139 0.18423155 0.50722500 0.18566673 0.50489980
0 0.08063750 0.35477620 0.08028014 0.36704253 0.08157237 0.36962424 0.08566383 0.37000996 0.08695605 0.37259230 0.08659869 0.38485863 0.09478160 0.38563008 0.09607383 0.38821178 0.10289270 0.38885464 0.10353595 0.36677511 0.10497147 0.36445056 0.10625800 0.32029088 0.06534412 0.31643371 0.06484381 0.33360695 0.07166267 0.33424980 0.07295525 0.33683154 0.07252640 0.35155164 0.07934527 0.35219449 0.08063750 0.35477620
0 0.30611481 0.54823541 0.34157353 0.55157830 0.34807758 0.32832862 0.32898434 0.32652860 0.32855551 0.34124808 0.32712032 0.34357328 0.32030146 0.34293043 0.31900889 0.34034806 0.31219003 0.33970521 0.30611481 0.54823541
0 0.27722020 0.22570694 0.27578503 0.22803151 0.27032987 0.22751722 0.26889470 0.22984180 0.26782260 0.26664143 0.26638707 0.26896598 0.25956821 0.26832313 0.25821022 0.31493595 0.29912409 0.31879313 0.29969588 0.29916674 0.30113105 0.29684216 0.30549091 0.14719113 0.28776173 0.14551970 0.28640375 0.19213189 0.28496856 0.19445710 0.27951305 0.19394278 0.27886980 0.21602231 0.27743462 0.21834688 0.27722020 0.22570694
0 0.34960938 0.11198983 0.33663769 0.11076692 0.33628032 0.12303325 0.33484515 0.12535783 0.33477367 0.12781160 0.33333850 0.13013618 0.32242818 0.12910760 0.32113594 0.12652590 0.31840819 0.12626874 0.31283329 0.31762569 0.34829200 0.32096857 0.34960938 0.27575010 0.34960938 0.11198983
0 0.17004678 0.14918197 0.17054708 0.13200936 0.16925486 0.12942702 0.17011254 0.09998744 0.16882031 0.09740574 0.16200110 0.09676286 0.15592588 0.30529305 0.22957071 0.31223595 0.23100588 0.30991137 0.23186356 0.28047179 0.23329873 0.27814721 0.23602649 0.27840437 0.23746166 0.27607980 0.24018942 0.27633696 0.24054679 0.26407000 0.23925456 0.26148829 0.23982635 0.24186191 0.24126152 0.23953733 0.24808038 0.24018018 0.24843776 0.22791322 0.24987293 0.22558864 0.25051619 0.20350911 0.25195171 0.20118457 0.25467911 0.20144169 0.25611428 0.19911712 0.25884204 0.19937428 0.25998561 0.16012150 0.26142080 0.15779630 0.26687596 0.15831059 0.26859132 0.09943143 0.17994505 0.09107426 0.17865853 0.13523394 0.17722335 0.13755852 0.17686599 0.14982486 0.17543045 0.15215003 0.17133899 0.15176430 0.17004678 0.14918197
0 0.11364865 0.30130735 0.11650758 0.20317541 0.11794275 0.20085084 0.12339791 0.20136513 0.12483308 0.19904055 0.12619678 0.19916911 0.12748937 0.20175085 0.12477339 0.29497587 0.13295596 0.29574728 0.13910264 0.08476395 0.07091332 0.07833537 0.06869764 0.15438777 0.06998988 0.15696947 0.06598738 0.29435418 0.09871834 0.29743990 0.10001057 0.30002161 0.11364865 0.30130735
0 0.01042355 0.23007500 0.01587871 0.23058929 0.01846334 0.23575334 0.01839187 0.23820648 0.02384703 0.23872077 0.02513933 0.24130248 0.02485344 0.25111567 0.02614578 0.25369739 0.02607429 0.25615116 0.03152945 0.25666545 0.03282179 0.25924716 0.03267885 0.26415344 0.03397116 0.26673516 0.03375673 0.27409521 0.05694108 0.27628092 0.05994294 0.17324271 0.05865073 0.17066038 0.06129523 0.07988850 0.02856427 0.07680277 0.02727197 0.07422106 0.00681510 0.07229248 0.00266964 0.21458409 0.00812480 0.21509838 0.00941711 0.21768009 0.00934564 0.22013323 0.01063798 0.22271495 0.01042355 0.23007500
0 0.34960938 0.01604825 0.32306002 0.01354530 0.32155908 0.06506453 0.34960938 0.06770898 0.34960938 0.01604825
0 0.28817880 0.03731729 0.28961432 0.03499255 0.29234173 0.03524968 0.29305646 0.01071670 0.18804471 0.00081667 0.18654378 0.05233590 0.26155197 0.05940733 0.26284455 0.06198926 0.28602889 0.06417497 0.28746407 0.06185021 0.28817880 0.03731729
0 0.09781097 0.00000000 0.09696230 0.02913041 0.13651247 0.03285903 0.13746977 0.00000000 0.09781097 0.00000000
0 0.04469787 0.00000000 0.04578171 0.00216498 0.04506698 0.02669796 0.07097908 0.02914084 0.07227131 0.03172267 0.09409195 0.03377982 0.09507608 0.00000000 0.04469787 0.00000000
0 0.00892123 0.00000000 0.00860193 0.01096005 0.01132951 0.01121720 0.01165630 0.00000000 0.00892123 0.00000000
0 0.34960938 0.51738709 0.52027665 0.52570801 0.54467846 0.50792175 0.58390715 0.50577353 0.65681831 0.53266724 0.73874057 0.53689494 0.75163478 0.53363274 0.75312695 0.49068322 0.72420778 0.45005153 0.71367732 0.41802652 0.34960938 0.39911302 0.34960938 0.51738709
0 0.55534371 0.00000000 0.54612183 0.15517086 0.54622745 0.25296666 0.62038369 0.25758749 0.63393660 0.15977303 0.62635605 0.14362808 0.60789287 0.13102687 0.60173885 0.10723468 0.60441452 0.00000000 0.55534371 0.00000000
0 0.74549235 0.70188371 0.61122117 0.68399410 0.60503415 0.71453637 0.62577760 0.77827380 0.67004598 0.78557524 0.67594641 0.76706962 0.80124986 0.77724105 0.80266040 0.73017420 0.74025042 0.72118465 0.74549235 0.70188371
0 0.56982734 0.89214422 0.56539736 0.91166374 0.67444182 0.92624614 0.67964745 0.91036204 0.65963247 0.90523525 0.66591275 0.88735584 0.58733666 0.87391451 0.58470856 0.89159417 0.56982734 0.89214422
