0 0.59895833 0.33219406 0.51275591 0.34533874 0.50734994 0.35131064 0.50783648 0.35295275 0.49882548 0.36290652 0.49931190 0.36454820 0.49030160 0.37450230 0.49078802 0.37614398 0.48177760 0.38609766 0.48226402 0.38773934 0.47325302 0.39769311 0.47373956 0.39933521 0.46653172 0.40729817 0.59895833 0.38710493 0.59895833 0.33219406
0 0.59895833 0.23049945 0.59668089 0.23301517 0.59716743 0.23465727 0.58995947 0.24261980 0.59044601 0.24426191 0.58323700 0.25222504 0.58372341 0.25386672 0.57471300 0.26382040 0.57519954 0.26546251 0.56799099 0.27342513 0.56847753 0.27506723 0.56126910 0.28303028 0.56175552 0.28467196 0.59150656 0.28013534 0.59428197 0.28142798 0.59768713 0.29292060 0.59588456 0.29491133 0.58444194 0.29665617 0.58590131 0.30158164 0.58867672 0.30287428 0.58916326 0.30451638 0.58736068 0.30650711 0.58507227 0.30685606 0.58229745 0.30556333 0.57543165 0.30661027 0.57786385 0.31481910 0.57606186 0.31680974 0.56919605 0.31785668 0.57065542 0.32278215 0.59895833 0.31846634 0.59895833 0.23049945
0 0.95355198 0.34482058 0.97775094 0.33710511 0.97948605 0.33056162 0.96962939 0.27979177 0.87811881 0.30098150 0.87001556 0.30955537 0.86963405 0.32565108 0.87296263 0.35853472 0.87732496 0.36113737 0.95355198 0.34482058
0 0.34717881 0.70907620 0.27895022 0.73260381 0.28463964 0.74894393 0.35286823 0.72541632 0.34717881 0.70907620
0 0.68929115 0.90985693 0.68961684 0.91203589 0.70647263 0.90694085 0.70451834 0.89386597 0.70572489 0.89122386 0.71338647 0.88890797 0.71045512 0.86929621 0.70859719 0.86758040 0.70980374 0.86493828 0.71746572 0.86262228 0.71551143 0.84954740 0.67260603 0.86251650 0.67684021 0.89084467 0.67563335 0.89348746 0.66950440 0.89534007 0.67211006 0.91277288 0.68743323 0.90814112 0.68929115 0.90985693
0 0.76402784 0.80982902 0.76282137 0.81247169 0.76314706 0.81465065 0.76194051 0.81729277 0.76226619 0.81947173 0.76105964 0.82211384 0.75033319 0.82535614 0.75098465 0.82971462 0.75284258 0.83143043 0.75897192 0.82957770 0.76082993 0.83129407 0.75962338 0.83393619 0.75994907 0.83611515 0.75874252 0.83875726 0.75906820 0.84093622 0.75786134 0.84357901 0.75851272 0.84793693 0.75730625 0.85057961 0.75763194 0.85275857 0.75642539 0.85540068 0.75675107 0.85757964 0.75554452 0.86022176 0.75587029 0.86240128 0.75345680 0.86768562 0.74426298 0.87046466 0.74305652 0.87310733 0.74370789 0.87746525 0.75136947 0.87514937 0.75322739 0.87686518 0.75355308 0.87904414 0.75234661 0.88168681 0.75267230 0.88386577 0.75146536 0.88650800 0.75179113 0.88868753 0.75058458 0.89132964 0.75123595 0.89568756 0.75889793 0.89337156 0.76075585 0.89508737 0.76108162 0.89726689 0.79019571 0.88846652 0.79205402 0.89018221 0.79237971 0.89236117 0.80923550 0.88726613 0.81295143 0.89069831 0.84053328 0.88236109 0.84239160 0.88407678 0.84271729 0.88625574 0.86263755 0.88023440 0.86384410 0.87759229 0.86351842 0.87541333 0.86472497 0.87277121 0.86407351 0.86841273 0.86528045 0.86577050 0.86495468 0.86359098 0.86616123 0.86094887 0.86583554 0.85876991 0.86704209 0.85612779 0.86671641 0.85394883 0.86792327 0.85130604 0.86727189 0.84694812 0.86847836 0.84430545 0.86815267 0.84212649 0.86935922 0.83948437 0.86903354 0.83730541 0.87024009 0.83466330 0.86991432 0.83248378 0.87112087 0.82984166 0.87046941 0.82548318 0.87167635 0.82284095 0.87135066 0.82066199 0.87255721 0.81801988 0.87223153 0.81584091 0.87343799 0.81319824 0.87311231 0.81101928 0.87431925 0.80837705 0.87399348 0.80619753 0.87520003 0.80355542 0.87454865 0.79919749 0.87575520 0.79655538 0.87542943 0.79437586 0.87663598 0.79173374 0.87631030 0.78955478 0.87751676 0.78691211 0.87719108 0.78473315 0.87839802 0.78209092 0.87807233 0.77991196 0.87927888 0.77726984 0.87862743 0.77291136 0.87983398 0.77026925 0.87950821 0.76808973 0.88071515 0.76544750 0.87973809 0.75891061 0.76634505 0.79318615 0.76513850 0.79582827 0.76546418 0.79800723 0.76425724 0.80064946 0.76458293 0.80282842 0.76337646 0.80547109 0.76402784 0.80982902
0 1.00000000 0.72028081 0.94070575 0.73820381 0.93949889 0.74084660 0.94716047 0.73853072 0.94901878 0.74024641 0.94967016 0.74460433 0.94846322 0.74724656 0.93007558 0.75280463 0.92821726 0.75108894 0.92789158 0.74890998 0.92022999 0.75122586 0.91837207 0.74951005 0.91772061 0.74515157 0.88707390 0.75441521 0.88739967 0.75659473 0.89506125 0.75427885 0.89691917 0.75599466 0.89757055 0.76035258 0.89636400 0.76299470 0.89701546 0.76735318 0.89580890 0.76999529 0.89613468 0.77217481 0.89372118 0.77745916 0.88759184 0.77931188 0.88573391 0.77759608 0.88420168 0.77805923 0.88299512 0.78070134 0.88332081 0.78288030 0.88211387 0.78552254 0.88243964 0.78770206 0.88123309 0.79034417 0.88188455 0.79470265 0.88067800 0.79734476 0.88100369 0.79952372 0.87979674 0.80216596 0.88012243 0.80434492 0.87891596 0.80698759 0.87956734 0.81134551 0.87836087 0.81398819 0.87868656 0.81616715 0.87748001 0.81880926 0.87780569 0.82098822 0.87659914 0.82363034 0.87725060 0.82798882 0.88031508 0.82706251 0.88152163 0.82442040 0.88611873 0.82303082 0.88797666 0.82474663 0.88677011 0.82738874 0.88709588 0.82956826 0.88588933 0.83221038 0.88621501 0.83438934 0.88500807 0.83703157 0.88565953 0.84139005 0.88445298 0.84403216 0.88477866 0.84621113 0.88357220 0.84885380 0.88389788 0.85103276 0.88269133 0.85367487 0.88334271 0.85803279 0.88092930 0.86331770 0.87020324 0.86655988 0.87052893 0.86873885 0.86932207 0.87138164 0.86964776 0.87356060 0.86844121 0.87620271 0.86941835 0.88274015 0.88780638 0.87718197 0.88966431 0.87889778 0.88998999 0.88107674 0.91910447 0.87227625 0.92096248 0.87399262 0.92709182 0.87213988 0.93080806 0.87557138 0.97064860 0.86352871 0.97250691 0.86524440 0.97129997 0.86788663 0.99122024 0.86186529 0.99242718 0.85922306 0.99210149 0.85704410 0.99330804 0.85440198 0.99265658 0.85004350 0.99386314 0.84740139 0.99353745 0.84522243 0.99474431 0.84257964 0.99409293 0.83822171 0.98796320 0.84007456 0.98610527 0.83835875 0.98731182 0.83571664 0.98666037 0.83135816 0.98786731 0.82871593 0.98754154 0.82653641 0.98874809 0.82389429 0.98777103 0.81735741 0.98010945 0.81967329 0.97825144 0.81795693 0.97945799 0.81531481 0.97913230 0.81313585 0.98033877 0.81049318 0.98001308 0.80831422 0.97235150 0.81063010 0.97049318 0.80891441 0.97170013 0.80627218 0.97104867 0.80191369 0.96185446 0.80469285 0.95999653 0.80297704 0.96120308 0.80033492 0.96087731 0.79815541 0.96208426 0.79551317 0.96175857 0.79333421 0.96296512 0.79069210 0.96263943 0.78851314 0.96505245 0.78322835 0.97424666 0.78044920 0.97545321 0.77780708 0.97480175 0.77344860 0.97600830 0.77080649 0.98520251 0.76802734 0.98640907 0.76538522 0.98608338 0.76320626 0.98728985 0.76056359 0.98696416 0.75838463 0.98817071 0.75574251 0.98751925 0.75138404 0.98872619 0.74874180 0.98840051 0.74656284 0.98960706 0.74392073 1.00000000 0.74077923 1.00000000 0.72028081
0 0.63403090 0.91517235 0.63435667 0.91735187 0.65734168 0.91040414 0.65919973 0.91211991 0.65952541 0.91429888 0.66138354 0.91601521 0.66751296 0.91416246 0.64894754 0.78995329 0.63668878 0.79365877 0.63483073 0.79194300 0.63255076 0.77668915 0.61875971 0.78085780 0.63243949 0.87238031 0.63123286 0.87502245 0.61897418 0.87872791 0.62451120 0.91577248 0.63217285 0.91345657 0.63403090 0.91517235
0 0.61106100 0.81507094 0.61226757 0.81242824 0.61839691 0.81057551 0.61351135 0.77788942 0.60431734 0.78066851 0.61799703 0.87219046 0.62719105 0.86941137 0.62132835 0.83018784 0.61519900 0.83204056 0.61334090 0.83032423 0.61106100 0.81507094
0 1.00000000 0.69558698 0.97747477 0.54488530 0.91771358 0.56294944 0.91409362 0.57087646 0.91441931 0.57305542 0.91321276 0.57569753 0.92393921 0.57245523 0.92579721 0.57417159 0.92459066 0.57681371 0.92491635 0.57899267 0.92370949 0.58163546 0.92403518 0.58381442 0.92282863 0.58645654 0.92348000 0.59081446 0.92227354 0.59345713 0.91001485 0.59716259 0.91034054 0.59934155 0.90913399 0.60198366 0.90945976 0.60416318 0.90825321 0.60680529 0.90890458 0.61116322 0.90769764 0.61380545 0.90802341 0.61598497 0.91721762 0.61320582 0.91907554 0.61492163 0.91940123 0.61710059 0.91819476 0.61974326 0.91852045 0.62192222 0.91731351 0.62456445 0.91796488 0.62892238 0.91555186 0.63420716 0.90482542 0.63744946 0.90361887 0.64009158 0.90394464 0.64227110 0.90273809 0.64491321 0.90306377 0.64709217 0.90185722 0.64973429 0.90250868 0.65409277 0.90130174 0.65673500 0.90162742 0.65891396 0.91082164 0.65613481 0.91267964 0.65785118 0.91300533 0.66003014 0.91179878 0.66267225 0.91212447 0.66485121 0.91091752 0.66749345 0.91124329 0.66967296 0.91003674 0.67231508 0.91036243 0.67449404 0.90915596 0.67713671 0.89842952 0.68037902 0.89722296 0.68302113 0.89754865 0.68520009 0.89634210 0.68784221 0.89699356 0.69220069 0.89578701 0.69484280 0.89611270 0.69702176 0.89490584 0.69966455 0.90410005 0.69688540 0.90595797 0.69860121 0.90628366 0.70078017 0.90507711 0.70342228 0.90572857 0.70778076 0.90452162 0.71042299 0.90484731 0.71260196 0.90243429 0.71788674 0.89170785 0.72112905 0.89235922 0.72548697 0.89115267 0.72812908 0.89147844 0.73030860 0.89027189 0.73295072 0.89059758 0.73512968 0.88939111 0.73777235 0.89004248 0.74213027 0.88883554 0.74477250 0.88916123 0.74695147 1.00000000 0.71344801 1.00000000 0.69558698
0 0.79160304 0.61928955 0.79192882 0.62146907 0.79072226 0.62411118 0.79104795 0.62629014 0.78863446 0.63157449 0.77944064 0.63435352 0.78009210 0.63871200 0.78775368 0.63639612 0.78961160 0.63811193 0.78840514 0.64075460 0.78873082 0.64293356 0.78752427 0.64557568 0.78817565 0.64993360 0.78696918 0.65257627 0.78729487 0.65475523 0.78608792 0.65739747 0.78641369 0.65957698 0.78520714 0.66221910 0.78553283 0.66439806 0.78432628 0.66704017 0.78497774 0.67139865 0.78256425 0.67668300 0.77337043 0.67946204 0.77216357 0.68210482 0.77248926 0.68428379 0.78015123 0.68196779 0.78200915 0.68368360 0.78233484 0.68586256 0.78112829 0.68850467 0.78177975 0.69286315 0.78057320 0.69550526 0.78089897 0.69768478 0.77969202 0.70032702 0.78001771 0.70250598 0.77881116 0.70514809 0.77913685 0.70732705 0.77793038 0.70996972 0.77825607 0.71214869 0.77704913 0.71479092 0.77770058 0.71914940 0.77649403 0.72179151 0.76576759 0.72503382 0.76609327 0.72721278 0.76488672 0.72985489 0.76521249 0.73203441 0.77287446 0.72971841 0.77473239 0.73143422 0.77505808 0.73361318 0.77385161 0.73625585 0.77450298 0.74061378 0.77329604 0.74325601 0.77362173 0.74543497 0.77241526 0.74807764 0.77274095 0.75025660 0.77153440 0.75289872 0.77186017 0.75507824 0.77065323 0.75772047 0.77130460 0.76207839 0.77009805 0.76472051 0.77042382 0.76690002 0.76921727 0.76954214 0.76002306 0.77232129 0.75881651 0.77496340 0.75914228 0.77714292 0.76680425 0.77482692 0.76866218 0.77654273 0.76745563 0.77918485 0.76810700 0.78354277 0.76690014 0.78618556 0.88029318 0.75191002 0.88149965 0.74926735 0.88303189 0.74880420 0.88238051 0.74444627 0.88358706 0.74180416 0.88326138 0.73962520 0.88446823 0.73698241 0.88414255 0.73480345 0.88534910 0.73216133 0.88502333 0.72998181 0.88622988 0.72733970 0.88557850 0.72298178 0.88678545 0.72033954 0.88645967 0.71816002 0.88766623 0.71551791 0.88734054 0.71333895 0.88854701 0.71069628 0.88822132 0.70851732 0.88942787 0.70587520 0.88877649 0.70151728 0.88998296 0.69887461 0.88965727 0.69669565 0.89086422 0.69405341 0.89053845 0.69187389 0.89174500 0.68923178 0.89141931 0.68705282 0.89262586 0.68441071 0.89230017 0.68223174 0.89350703 0.67958895 0.89285566 0.67523103 0.89406213 0.67258836 0.89373644 0.67040940 0.89494299 0.66776729 0.89461730 0.66558832 0.89582385 0.66294621 0.89549808 0.66076669 0.89670463 0.65812458 0.89605317 0.65376610 0.89726012 0.65112386 0.89693443 0.64894490 0.89814098 0.64630279 0.89781529 0.64412383 0.89902176 0.64148116 0.89869607 0.63930220 0.89990302 0.63665996 0.89957724 0.63448044 0.90078380 0.63183833 0.90013242 0.62748040 0.90133897 0.62483829 0.90101320 0.62265877 0.90221975 0.62001666 0.90189407 0.61783770 0.90310053 0.61519503 0.90277485 0.61301606 0.90398179 0.61037383 0.90333041 0.60601591 0.90453688 0.60337324 0.90421119 0.60119428 0.90541774 0.59855216 0.90509197 0.59637264 0.90629892 0.59373041 0.90564754 0.58937249 0.90685409 0.58673038 0.90652832 0.58455086 0.90773487 0.58190874 0.90708341 0.57755026 0.90828996 0.57490815 0.90796428 0.57272919 0.90917083 0.57008707 0.90884514 0.56790811 0.90698713 0.56619174 0.79359448 0.60046717 0.79424594 0.60482565 0.79303939 0.60746776 0.79336508 0.60964672 0.79215814 0.61228895 0.79280960 0.61664743 0.79160304 0.61928955
0 0.62084728 0.77339398 0.63617060 0.76876217 0.63802873 0.77047850 0.63998293 0.78355283 0.65530629 0.77892101 0.65716421 0.78063682 0.66074702 0.80460706 0.68526439 0.79719615 0.68168158 0.77322590 0.67555224 0.77507863 0.67369432 0.77336282 0.67043728 0.75157209 0.67164383 0.74892998 0.67777317 0.74707725 0.66865327 0.68606187 0.66985982 0.68341975 0.66106576 0.62458445 0.65920775 0.62286809 0.65800129 0.62551076 0.63501615 0.63245852 0.64185600 0.67821950 0.64064945 0.68086161 0.60847042 0.69058843 0.62084728 0.77339398
0 0.93623266 0.42968750 0.93625001 0.42980353 0.93504348 0.43244581 0.93536919 0.43462494 0.94303077 0.43230906 0.94488871 0.43402498 0.94554009 0.43838291 0.94433362 0.44102558 0.94465931 0.44320454 0.94345276 0.44584665 0.94410422 0.45020513 0.94289727 0.45284737 0.93217122 0.45608955 0.93096428 0.45873179 0.93128996 0.46091075 0.93008350 0.46355342 0.93040918 0.46573238 0.92920263 0.46837449 0.92985409 0.47273297 0.92864754 0.47537509 0.92897323 0.47755405 0.92776667 0.48019616 0.92809245 0.48237568 0.92688550 0.48501791 0.93607971 0.48223876 0.93793764 0.48395457 0.93858910 0.48831305 0.93738255 0.49095516 0.93770823 0.49313413 0.93650129 0.49577636 0.93682706 0.49795588 0.93562051 0.50059799 0.93594620 0.50277695 0.93473973 0.50541963 0.92554552 0.50819878 0.92368751 0.50648241 0.92401328 0.50866193 0.92280673 0.51130404 0.92313242 0.51348300 0.92192587 0.51612512 0.92257733 0.52048360 0.92137078 0.52312571 0.92169646 0.52530467 0.92048960 0.52794746 0.93121605 0.52470516 0.93307398 0.52642097 0.93186743 0.52906308 0.93219311 0.53124204 0.93098656 0.53388416 0.93131233 0.53606368 0.93010539 0.53870591 0.93043108 0.54088487 0.92801806 0.54616966 0.91729161 0.54941196 0.91761730 0.55159092 0.91641075 0.55423304 0.91826867 0.55594884 0.97649763 0.53834786 0.96025627 0.42968750 0.93623266 0.42968750
0 0.81931837 0.42968750 0.81950398 0.43092932 0.81829745 0.43357160 0.81862316 0.43575067 0.81741623 0.43839302 0.80669018 0.44163520 0.80766730 0.44817253 0.81532889 0.44585665 0.81718683 0.44757257 0.81598030 0.45021485 0.81630601 0.45239398 0.81509909 0.45503633 0.81575050 0.45939453 0.81454398 0.46203681 0.81486968 0.46421588 0.81366315 0.46685811 0.81398886 0.46903724 0.81278233 0.47167952 0.81343374 0.47603766 0.81222718 0.47867967 0.81255295 0.48085919 0.81013945 0.48614353 0.80094564 0.48892256 0.80159709 0.49328105 0.80772604 0.49142844 0.80958436 0.49314412 0.81023573 0.49750205 0.80902887 0.50014484 0.80935456 0.50232380 0.80814801 0.50496591 0.80847378 0.50714543 0.80726723 0.50978755 0.80791861 0.51414547 0.80671205 0.51678758 0.80703783 0.51896710 0.80583127 0.52160922 0.80615696 0.52378818 0.80495010 0.52643097 0.80527579 0.52860993 0.80406924 0.53125204 0.79334279 0.53449435 0.79431994 0.54103179 0.80198152 0.53871591 0.80383983 0.54043160 0.80263289 0.54307383 0.80295866 0.54525335 0.80175211 0.54789546 0.80240349 0.55225339 0.80119694 0.55489550 0.80152271 0.55707502 0.80031616 0.55971713 0.80096761 0.56407562 0.79976106 0.56671773 0.80008675 0.56889669 0.79887981 0.57153892 0.79920549 0.57371788 0.79799903 0.57636055 0.78727258 0.57960286 0.78759827 0.58178182 0.78639171 0.58442393 0.78671749 0.58660346 0.79591130 0.58382442 0.79776962 0.58554011 0.79656268 0.58818234 0.79688837 0.59036130 0.79568182 0.59300342 0.89834841 0.56197018 0.90020641 0.56368655 0.90940062 0.56090740 0.91181364 0.55562261 0.91148796 0.55344365 0.91269490 0.55080142 0.91236921 0.54862246 0.91357568 0.54597979 0.91292430 0.54162186 0.91413077 0.53897919 0.91380508 0.53680023 0.91501164 0.53415812 0.91468595 0.53197915 0.91589250 0.52933704 0.91524104 0.52497856 0.91644798 0.52233633 0.91612221 0.52015681 0.91732876 0.51751469 0.91700308 0.51533573 0.91820963 0.51269362 0.91788394 0.51051466 0.91909080 0.50787187 0.91843942 0.50351395 0.91964589 0.50087127 0.91932020 0.49869231 0.92052675 0.49605020 0.92020107 0.49387124 0.92140762 0.49122912 0.92108185 0.48904960 0.92228840 0.48640749 0.92163694 0.48204901 0.92284388 0.47940678 0.92251820 0.47722781 0.92372475 0.47458570 0.92339906 0.47240674 0.92460553 0.46976407 0.92427984 0.46758511 0.92548678 0.46494287 0.92483533 0.46058439 0.92604188 0.45794228 0.92571619 0.45576332 0.92692274 0.45312120 0.92659697 0.45094169 0.92780352 0.44829957 0.92747783 0.44612061 0.92868430 0.44347794 0.92835863 0.44129909 0.92956555 0.43865674 0.92891414 0.43429854 0.93012066 0.43165626 0.92982639 0.42968750 0.81931837 0.42968750
0 0.75997220 0.43981390 0.75932078 0.43545570 0.75165920 0.43777158 0.75231061 0.44212978 0.75997220 0.43981390
0 0.73478854 0.54991625 0.72865920 0.55176898 0.73647619 0.60406740 0.73526925 0.60670963 0.72914030 0.60856224 0.73174596 0.62599505 0.73053902 0.62863728 0.73086471 0.63081624 0.72965824 0.63345891 0.72352890 0.63531164 0.73460293 0.70940079 0.74226451 0.70708491 0.73900747 0.68529418 0.74021433 0.68265139 0.74327881 0.68172508 0.74448536 0.67908297 0.74755022 0.67815654 0.74429319 0.65636582 0.74549974 0.65372370 0.75162908 0.65187097 0.75283555 0.64922830 0.74794999 0.61654221 0.74915646 0.61389954 0.75068908 0.61343627 0.75254709 0.61515263 0.75561196 0.61422621 0.75300630 0.59679340 0.75421276 0.59415073 0.76034211 0.59229800 0.75643361 0.56614879 0.75764016 0.56350668 0.76530174 0.56119080 0.76204470 0.53940007 0.76325117 0.53675740 0.77091314 0.53444140 0.76667896 0.50611323 0.76788551 0.50347111 0.77401485 0.50161838 0.76847780 0.46457353 0.76234845 0.46642626 0.76049050 0.46471028 0.75951338 0.45817301 0.75185141 0.46048901 0.74999346 0.45877303 0.74706209 0.43916115 0.71335090 0.44935110 0.72312218 0.51472440 0.72498011 0.51644021 0.72957722 0.51505064 0.73143514 0.51676645 0.73599510 0.54727414 0.73478854 0.54991625
0 0.68188910 0.68889385 0.67575975 0.69074658 0.67455329 0.69338925 0.68986150 0.79580657 0.69171951 0.79752294 0.69051296 0.80016505 0.65680177 0.81035500 0.66429307 0.86047446 0.69493939 0.85121093 0.69614625 0.84856814 0.71453428 0.84300996 0.71420860 0.84083100 0.70654662 0.84314700 0.70468870 0.84143119 0.69817454 0.79784917 0.69664230 0.79831232 0.69478438 0.79659652 0.69599084 0.79395384 0.71131400 0.78932208 0.70935980 0.77624776 0.71056674 0.77360552 0.73201924 0.76712103 0.73039064 0.75622511 0.73159719 0.75358300 0.73619430 0.75219342 0.73740124 0.74955119 0.73349274 0.72340198 0.73163434 0.72168573 0.71437184 0.60619353 0.71557878 0.60355129 0.73090194 0.59891953 0.70875380 0.45074068 0.64133103 0.47112069 0.66966764 0.66070260 0.67579699 0.65884987 0.67700354 0.65620776 0.67886146 0.65792357 0.68309565 0.68625174 0.68188910 0.68889385
0 0.59895833 0.64837961 0.60442856 0.68497737 0.63354296 0.67617690 0.62637743 0.62823696 0.62758389 0.62559429 0.65823061 0.61633064 0.65497357 0.59453991 0.64884423 0.59639264 0.64698630 0.59467683 0.64340349 0.57070659 0.64461004 0.56806447 0.65073939 0.56621174 0.64455091 0.52480869 0.63842157 0.52666142 0.63656363 0.52494550 0.63298084 0.50097536 0.63418737 0.49833313 0.64031671 0.49648041 0.64152324 0.49383813 0.63956899 0.48076352 0.63771105 0.47904760 0.63673392 0.47251027 0.59895833 0.48392877 0.59895833 0.64837961
