0 0.55859375 0.23269199 0.55470682 0.21164041 0.52022454 0.21632530 0.51772821 0.21476950 0.46815979 0.22150405 0.46566347 0.21994825 0.43118119 0.22463314 0.44688283 0.30967312 0.44937916 0.31122892 0.45415797 0.33711096 0.45234429 0.33925233 0.45985384 0.37992398 0.45803960 0.38206542 0.46554914 0.42273707 0.46373546 0.42487844 0.46919692 0.45445765 0.55859375 0.44231187 0.55859375 0.23269199
0 0.40075117 0.00000000 0.40440922 0.01981193 0.40656422 0.01951915 0.40906057 0.02107508 0.43276728 0.01785420 0.43526363 0.01941014 0.43741863 0.01911736 0.43991553 0.02067317 0.44025686 0.02252185 0.43844261 0.02466320 0.44185606 0.04315044 0.44004238 0.04529181 0.42926680 0.04675582 0.42677048 0.04520002 0.40952934 0.04754246 0.41089470 0.05493727 0.40908046 0.05707871 0.41522465 0.09035555 0.41341096 0.09249692 0.41818970 0.11837849 0.45051697 0.11398639 0.45301338 0.11554266 0.45676816 0.13587849 0.45495447 0.13801986 0.45529579 0.13986844 0.45348211 0.14200981 0.44917154 0.14259546 0.44735786 0.14473683 0.42365115 0.14795770 0.42501660 0.15535298 0.42320292 0.15749435 0.42729901 0.17967875 0.45100572 0.17645787 0.45350204 0.17801367 0.51384604 0.16981512 0.51634236 0.17137092 0.54651464 0.16727160 0.51562988 0.00000000 0.40075117 0.00000000
0 0.03435344 0.89728824 0.02357775 0.89887957 0.02596707 0.91294539 0.02778090 0.91061779 0.02743958 0.90860846 0.03106725 0.90395327 0.03072585 0.90194342 0.03435344 0.89728824
0 0.06708906 0.80387957 0.06164754 0.81086289 0.06198886 0.81287221 0.05654745 0.81985552 0.05688876 0.82186485 0.05326117 0.82652003 0.05360258 0.82852987 0.04816117 0.83551318 0.04850249 0.83752251 0.04487484 0.84217770 0.04521616 0.84418702 0.03977480 0.85117032 0.04011621 0.85318016 0.03648851 0.85783536 0.03682983 0.85984469 0.03138847 0.86682799 0.03172979 0.86883732 0.02810223 0.87349302 0.02844355 0.87550235 0.02300217 0.88248565 0.02334349 0.88449498 0.02152966 0.88682257 0.04308109 0.88363990 0.04273977 0.88163058 0.04636733 0.87697487 0.04602601 0.87496554 0.05146751 0.86798275 0.05112610 0.86597291 0.05475370 0.86131773 0.05441229 0.85930789 0.05985379 0.85232510 0.05951247 0.85031577 0.06314003 0.84566006 0.06279871 0.84365073 0.06824006 0.83666744 0.06789874 0.83465811 0.07152647 0.83000238 0.07118515 0.82799305 0.07662667 0.82100973 0.07628535 0.81900040 0.07991272 0.81434525 0.07957131 0.81233541 0.08501284 0.80535209 0.08467152 0.80334276 0.08829889 0.79868761 0.08795757 0.79667828 0.09339909 0.78969496 0.09305768 0.78768512 0.09668505 0.78302997 0.09453005 0.78334822 0.09203372 0.78165714 0.07694759 0.78388502 0.07513390 0.78621260 0.07547522 0.78822192 0.07003370 0.79520524 0.07037502 0.79721457 0.06674774 0.80187024 0.06708906 0.80387957
0 0.06063763 1.00000000 0.06038243 0.99849761 0.06582384 0.99151431 0.06548243 0.98950447 0.07092393 0.98252168 0.07058261 0.98051235 0.07602396 0.97352905 0.07568256 0.97151921 0.07931021 0.96686402 0.07896888 0.96485469 0.08441030 0.95787139 0.08406898 0.95586206 0.08951006 0.94887880 0.08916874 0.94686947 0.09279657 0.94221373 0.09245525 0.94020440 0.09789678 0.93322108 0.09755546 0.93121175 0.10299642 0.92422851 0.10265511 0.92221918 0.10628294 0.91756344 0.10594162 0.91555411 0.11138323 0.90857130 0.11104182 0.90656146 0.11648279 0.89957822 0.11614147 0.89756889 0.12158308 0.89058609 0.12124168 0.88857624 0.12486960 0.88392101 0.12452819 0.88191117 0.12996925 0.87492845 0.12962793 0.87291912 0.13325576 0.86826337 0.13291445 0.86625404 0.13075944 0.86657229 0.12326983 0.86149861 0.12258719 0.85747995 0.12440079 0.85515187 0.13948693 0.85292398 0.14130061 0.85059640 0.14095929 0.84858707 0.14640081 0.84160375 0.14605949 0.83959443 0.14968733 0.83493868 0.14934601 0.83292935 0.15478698 0.82594611 0.15444566 0.82393678 0.15807358 0.81928155 0.15773218 0.81727171 0.16317370 0.81028839 0.16283238 0.80827906 0.16827343 0.80129634 0.16793203 0.79928649 0.17155995 0.79463126 0.17121855 0.79262142 0.17666015 0.78563861 0.17631883 0.78362929 0.17994612 0.77897362 0.17960480 0.77696429 0.18504632 0.76998097 0.18470500 0.76797164 0.18833228 0.76331598 0.18799096 0.76130665 0.19343249 0.75432333 0.19309117 0.75231400 0.19853269 0.74533068 0.19819137 0.74332135 0.20363289 0.73633803 0.20329157 0.73432870 0.20691894 0.72967356 0.20657754 0.72766371 0.21201906 0.72068039 0.21167774 0.71867106 0.21530511 0.71401591 0.21496379 0.71200659 0.22040531 0.70502326 0.22006390 0.70301342 0.22550551 0.69603062 0.22516419 0.69402129 0.22879147 0.68936562 0.22845016 0.68735629 0.23207799 0.68270055 0.22958167 0.68100947 0.22742611 0.68132780 0.22492979 0.67963671 0.22458847 0.67762738 0.22640207 0.67529930 0.22606075 0.67328997 0.22787498 0.67096231 0.22753358 0.66895247 0.22934726 0.66662489 0.22900595 0.66461556 0.23081963 0.66228799 0.23047831 0.66027866 0.23229191 0.65795057 0.22798190 0.65858707 0.22548558 0.65689598 0.20824443 0.65944212 0.20643020 0.66176977 0.20677160 0.66377962 0.20132999 0.67076242 0.20167131 0.67277175 0.19623035 0.67975499 0.19657175 0.68176483 0.19113014 0.68874764 0.19147146 0.69075697 0.18602994 0.69774029 0.18637135 0.69975013 0.18093029 0.70673285 0.18127161 0.70874218 0.17401594 0.71805367 0.17435726 0.72006300 0.17072989 0.72471815 0.16426432 0.72567297 0.16063704 0.73032864 0.16097836 0.73233797 0.15735052 0.73699371 0.15769184 0.73900304 0.15225078 0.74598576 0.15259219 0.74799561 0.14715067 0.75497893 0.14749199 0.75698826 0.14205038 0.76397106 0.14239179 0.76598090 0.13876441 0.77063605 0.13910582 0.77264590 0.13366421 0.77962870 0.13400553 0.78163803 0.13037770 0.78629378 0.13071902 0.78830310 0.12527805 0.79528634 0.12561937 0.79729567 0.12199153 0.80195142 0.12233285 0.80396075 0.11689133 0.81094407 0.11723265 0.81295340 0.11179168 0.81993664 0.11213300 0.82194596 0.10850516 0.82660171 0.10884648 0.82861104 0.10340487 0.83559384 0.10374628 0.83760369 0.10011891 0.84225884 0.10046032 0.84426868 0.09501871 0.85125149 0.09536003 0.85326081 0.09173219 0.85791656 0.09207351 0.85992589 0.08663254 0.86690912 0.08697386 0.86891845 0.08334603 0.87357420 0.08368734 0.87558353 0.07824582 0.88256685 0.07858714 0.88457618 0.07495977 0.88923133 0.07530118 0.89124117 0.06985977 0.89822447 0.07020109 0.90023380 0.06475964 0.90721658 0.06510105 0.90922643 0.06147340 0.91388162 0.06181481 0.91589146 0.05637331 0.92287425 0.05671463 0.92488358 0.05308713 0.92953927 0.05342845 0.93154860 0.04798704 0.93853191 0.04832836 0.94054124 0.04470079 0.94519694 0.04504212 0.94720627 0.03960076 0.95418957 0.03994208 0.95619889 0.03631440 0.96085409 0.03665581 0.96286393 0.03484199 0.96519153 0.04075481 1.00000000 0.06063763 1.00000000
0 0.30103951 0.47916667 0.29765591 0.48350862 0.29799726 0.48551810 0.29436938 0.49017359 0.29471072 0.49218302 0.28926973 0.49916616 0.28961107 0.50117559 0.28598320 0.50583113 0.28632454 0.50784056 0.28088300 0.51482378 0.28122433 0.51683321 0.27759700 0.52148861 0.27793835 0.52349810 0.27249676 0.53048101 0.27283817 0.53249085 0.26921079 0.53714600 0.26955220 0.53915584 0.26411059 0.54613865 0.26445191 0.54814798 0.26082463 0.55280364 0.26116595 0.55481297 0.25572443 0.56179629 0.25606575 0.56380562 0.25243791 0.56846136 0.25277923 0.57047069 0.24915195 0.57512636 0.24949327 0.57713568 0.24405166 0.58411849 0.24439306 0.58612833 0.24076514 0.59078357 0.24110655 0.59279341 0.23566549 0.59977613 0.23600681 0.60178546 0.23237897 0.60644121 0.23272029 0.60845054 0.22727877 0.61543386 0.22762009 0.61744318 0.22580641 0.61977076 0.23579243 0.62653604 0.24872356 0.62462639 0.25416508 0.61764307 0.25382368 0.61563323 0.25563736 0.61330566 0.27072350 0.61107777 0.27616455 0.60409504 0.27582315 0.60208520 0.28126467 0.59510188 0.28092335 0.59309255 0.28636496 0.58610974 0.28886128 0.58780083 0.28920260 0.58981016 0.28557523 0.59446531 0.28988524 0.59382881 0.29238165 0.59552041 0.29782317 0.58853709 0.29748185 0.58652776 0.30292337 0.57954444 0.30258205 0.57753511 0.30620934 0.57287945 0.30586802 0.57087012 0.31130954 0.56388680 0.31096822 0.56187747 0.31459606 0.55722172 0.31425474 0.55521240 0.31788211 0.55055725 0.31754079 0.54854792 0.32298231 0.54156460 0.32264090 0.53955476 0.32626828 0.53489961 0.32592696 0.53289028 0.33136848 0.52590696 0.33102716 0.52389763 0.33465446 0.51924207 0.33431312 0.51723264 0.33975466 0.51024942 0.33941332 0.50823999 0.34304120 0.50358450 0.34269986 0.50157502 0.34814085 0.49459193 0.34779951 0.49258245 0.35142739 0.48792701 0.35108605 0.48591753 0.35634658 0.47916667 0.34871783 0.47916667 0.34427914 0.48486287 0.34462048 0.48687235 0.34099316 0.49152776 0.34133449 0.49353719 0.33589296 0.50052040 0.33623429 0.50252984 0.33260642 0.50718538 0.33294776 0.50919481 0.32750677 0.51617794 0.32784811 0.51818737 0.32422018 0.52284261 0.32456159 0.52485245 0.31912007 0.53183577 0.31946139 0.53384510 0.31583402 0.53850025 0.31617534 0.54050958 0.31073382 0.54749290 0.31107522 0.54950274 0.30563362 0.55648554 0.30313729 0.55479446 0.30279597 0.55278513 0.30642381 0.54812939 0.30608249 0.54612006 0.31152401 0.53913674 0.31118269 0.53712741 0.31481006 0.53247226 0.31446865 0.53046242 0.31991018 0.52347910 0.31956887 0.52146987 0.32319621 0.51681452 0.32285486 0.51480504 0.32829641 0.50782187 0.32795506 0.50581239 0.33158239 0.50115698 0.33124105 0.49914755 0.33668259 0.49216433 0.33634126 0.49015490 0.33996913 0.48549936 0.33962779 0.48348993 0.34299631 0.47916667 0.30103951 0.47916667
0 0.25731573 0.47916667 0.23991523 0.48173633 0.23810156 0.48406404 0.23844291 0.48607350 0.23300191 0.49305658 0.23334325 0.49506606 0.22971537 0.49972155 0.23005671 0.50173098 0.22461517 0.50871420 0.22495651 0.51072363 0.21951552 0.51770677 0.21985686 0.51971620 0.21622899 0.52437174 0.21657033 0.52638117 0.21112879 0.53336439 0.21147013 0.53537382 0.20784275 0.54002897 0.20818416 0.54203881 0.20274264 0.54902213 0.20308396 0.55103146 0.19945604 0.55568669 0.19979735 0.55769602 0.19435638 0.56467926 0.19469779 0.56668910 0.19106987 0.57134433 0.19141119 0.57335366 0.18596967 0.58033698 0.18631099 0.58234631 0.18268370 0.58700198 0.18302502 0.58901130 0.17758350 0.59599462 0.17792482 0.59800395 0.17429754 0.60265961 0.17463886 0.60466895 0.16919725 0.61165175 0.16953865 0.61366159 0.16409713 0.62064491 0.16443845 0.62265424 0.16081108 0.62730939 0.16115240 0.62931872 0.15571088 0.63630204 0.15605229 0.63831188 0.15242491 0.64296703 0.15276623 0.64497636 0.14732471 0.65195968 0.14766603 0.65396901 0.14222451 0.66095233 0.14256583 0.66296166 0.13893855 0.66761732 0.13927987 0.66962665 0.13383834 0.67660997 0.13417967 0.67861930 0.13055174 0.68327453 0.13089315 0.68528438 0.12545218 0.69226761 0.12579350 0.69427694 0.12035189 0.70125975 0.12069330 0.70326959 0.11706537 0.70792482 0.11740678 0.70993467 0.11196572 0.71691739 0.11230704 0.71892672 0.10686552 0.72591004 0.10720693 0.72791988 0.10357900 0.73257511 0.10392033 0.73458444 0.09847936 0.74156768 0.09882067 0.74357701 0.09519284 0.74823275 0.09553416 0.75024208 0.09009264 0.75722540 0.09043396 0.75923473 0.08862027 0.76156231 0.08896168 0.76357215 0.10835782 0.76070777 0.11198566 0.75605202 0.11164434 0.75404269 0.11708586 0.74705938 0.11674454 0.74505005 0.12037183 0.74039438 0.12003051 0.73838505 0.12547203 0.73140173 0.12513071 0.72939240 0.13057223 0.72240908 0.13023091 0.72039976 0.13385819 0.71574409 0.13351687 0.71373476 0.13895848 0.70675196 0.13861708 0.70474211 0.14224445 0.70008696 0.14190304 0.69807712 0.14734465 0.69109432 0.14700333 0.68908499 0.15063061 0.68442932 0.15028929 0.68241999 0.15573082 0.67543667 0.15538950 0.67342735 0.16083102 0.66644402 0.16048970 0.66443470 0.16411698 0.65977903 0.16377566 0.65776970 0.16921718 0.65078638 0.16887587 0.64877705 0.17250370 0.64412131 0.17216238 0.64211198 0.17760344 0.63512926 0.17726203 0.63311941 0.18270355 0.62613609 0.18236223 0.62412677 0.18417647 0.62179911 0.18383515 0.61978978 0.18167960 0.62010811 0.17918327 0.61841703 0.18281111 0.61376128 0.18246979 0.61175195 0.18609707 0.60709629 0.18575575 0.60508696 0.19119727 0.59810364 0.19085595 0.59609431 0.19448324 0.59143865 0.19414192 0.58942932 0.19958353 0.58244651 0.19924212 0.58043667 0.20286949 0.57578152 0.20252808 0.57377168 0.20796969 0.56678887 0.20762837 0.56477954 0.21125621 0.56012380 0.21091489 0.55811447 0.21454217 0.55345880 0.21420085 0.55144948 0.21964238 0.54446616 0.21930105 0.54245683 0.22474259 0.53547361 0.23120761 0.53451887 0.23302183 0.53219111 0.23268049 0.53018168 0.23812203 0.52319846 0.23778069 0.52118903 0.24140801 0.51653357 0.24106668 0.51452414 0.24650821 0.50754092 0.24616688 0.50553149 0.25160841 0.49854827 0.25126708 0.49653884 0.25489441 0.49188344 0.25455306 0.48987395 0.25999461 0.48289079 0.25965327 0.48088133 0.26098927 0.47916667 0.25731573 0.47916667
0 0.20487769 0.50956915 0.20125036 0.51422451 0.20159170 0.51623399 0.19615015 0.52321715 0.19649150 0.52522664 0.19286362 0.52988212 0.19320496 0.53189156 0.18776397 0.53887469 0.18810531 0.54088412 0.18266377 0.54786734 0.18300509 0.54987667 0.17937725 0.55453242 0.17971857 0.55654174 0.17427760 0.56352498 0.17461892 0.56553431 0.17099108 0.57019006 0.17133240 0.57219939 0.16589079 0.57918219 0.16623220 0.58119203 0.16260483 0.58584718 0.16294624 0.58785703 0.15750463 0.59483983 0.15784595 0.59684916 0.15421811 0.60150491 0.15455943 0.60351424 0.15093215 0.60816990 0.15127347 0.61017923 0.14583195 0.61716255 0.14617327 0.61917188 0.14254598 0.62382754 0.14288730 0.62583687 0.13925938 0.63049210 0.13960070 0.63250143 0.13415973 0.63948467 0.13450113 0.64149451 0.13087321 0.64614974 0.13121453 0.64815907 0.12758670 0.65281482 0.12792802 0.65482414 0.12430073 0.65947981 0.12464205 0.66148914 0.11920044 0.66847194 0.11954185 0.67048179 0.11772816 0.67280936 0.13281430 0.67058147 0.13247298 0.66857214 0.13610027 0.66391648 0.13575895 0.66190715 0.14120047 0.65492383 0.14085915 0.65291450 0.14448643 0.64825884 0.14414511 0.64624951 0.14958672 0.63926670 0.14924531 0.63725686 0.15468684 0.63027354 0.15434552 0.62826421 0.15797289 0.62360906 0.15763157 0.62159973 0.16307309 0.61461641 0.16273168 0.61260657 0.16635961 0.60795134 0.16601829 0.60594201 0.17145925 0.59895877 0.17111794 0.59694944 0.17474577 0.59229370 0.17440445 0.59028437 0.17984597 0.58330105 0.17950465 0.58129172 0.18313194 0.57663606 0.18279062 0.57462673 0.18823223 0.56764392 0.18789082 0.56563408 0.19151874 0.56097885 0.19117734 0.55896901 0.19661839 0.55198628 0.19627707 0.54997695 0.19990491 0.54532121 0.19956359 0.54331188 0.20500511 0.53632856 0.20466377 0.53431913 0.20829109 0.52966367 0.20794976 0.52765424 0.21339129 0.52067102 0.21304996 0.51866159 0.21667729 0.51400618 0.21633594 0.51199670 0.22177749 0.50501353 0.22143614 0.50300405 0.22687769 0.49602088 0.22653634 0.49401140 0.23016368 0.48935604 0.22982233 0.48734656 0.23345021 0.48269107 0.21836408 0.48491896 0.21473675 0.48957437 0.21507809 0.49158385 0.20963655 0.49856702 0.20997789 0.50057650 0.20453635 0.50755967 0.20487769 0.50956915
0 0.73394873 1.00000000 0.73305599 0.99334916 0.70921400 0.99780486 0.70724137 0.99611378 0.70562296 0.98405678 0.67837472 0.98914904 0.67640166 0.98745804 0.67505296 0.97741037 0.63758685 0.98441220 0.63561423 0.98272112 0.63399587 0.97066463 0.62718373 0.97193772 0.62521091 0.97024614 0.61158679 0.97279228 0.60961404 0.97110122 0.60826540 0.96105406 0.58612623 0.96519153 0.59079860 1.00000000 0.73394873 1.00000000
0 0.62322239 0.92942098 0.62519509 0.93111205 0.62627402 0.93914988 0.62824655 0.94084098 0.62851626 0.94285030 0.65406160 0.93807628 0.65800734 0.94145888 0.65935598 0.95150604 0.66616804 0.95023297 0.66760123 0.94790539 0.68633450 0.94440444 0.68830712 0.94609552 0.68884662 0.95011469 0.69081924 0.95180578 0.69162838 0.95783376 0.71887662 0.95274149 0.72084974 0.95443301 0.72246809 0.96648949 0.73779512 0.96362511 0.73671619 0.95558728 0.73474357 0.95389620 0.72422404 0.87552725 0.69527247 0.88093784 0.69329985 0.87924676 0.68137863 0.88147465 0.67940601 0.87978357 0.67805737 0.86973641 0.64910623 0.87514692 0.64516049 0.87176433 0.64381185 0.86171717 0.61826652 0.86649119 0.61629398 0.86480009 0.61494528 0.85475242 0.60643022 0.85634375 0.60445752 0.85465269 0.58572433 0.85815362 0.58375163 0.85646256 0.58240292 0.84641489 0.57048179 0.84864276 0.58073161 0.92500238 0.59094970 0.92309278 0.59292245 0.92478384 0.59400137 0.93282167 0.59597415 0.93451325 0.62322239 0.92942098
0 0.80114507 0.90234923 0.79971188 0.90467680 0.79119648 0.90626820 0.79443332 0.93038220 0.80124582 0.92910905 0.80321844 0.93080013 0.80834328 0.96897943 0.80691015 0.97130752 0.80350390 0.97194409 0.80404333 0.97596275 0.80261021 0.97829084 0.80503777 0.99637582 0.92424859 0.97409719 0.92074204 0.94797386 0.91563332 0.94892861 0.91366027 0.94723760 0.91258134 0.93919978 0.91060872 0.93750869 0.90737195 0.91339521 0.90880514 0.91106763 0.91050848 0.91074931 0.91194167 0.90842173 0.91364458 0.90810349 0.91013802 0.88198016 0.90502887 0.88293498 0.90305625 0.88124389 0.89280644 0.80488427 0.88599438 0.80615734 0.88402176 0.80446625 0.88267312 0.79441910 0.87586106 0.79569217 0.87388801 0.79400116 0.85515517 0.79750204 0.85318248 0.79581044 0.85210362 0.78777313 0.84869738 0.78840970 0.84672469 0.78671810 0.81436730 0.79276519 0.81239468 0.79107411 0.80898843 0.79171068 0.80701581 0.79001960 0.80566717 0.77997245 0.78863680 0.78315515 0.78720361 0.78548273 0.77698574 0.78739229 0.78184087 0.82356226 0.78865293 0.82228919 0.79062554 0.82398027 0.80114507 0.90234923
0 0.55859375 0.76007857 0.56508724 0.80845413 0.58722641 0.80431667 0.58919916 0.80600773 0.58973859 0.81002638 0.59171134 0.81171744 0.59225084 0.81573661 0.62120207 0.81032608 0.62317469 0.81201716 0.62479311 0.82407416 0.65204135 0.81898189 0.65401397 0.82067298 0.65563232 0.83272946 0.67436559 0.82922851 0.67579922 0.82690085 0.68431419 0.82530954 0.68628680 0.82700062 0.68790522 0.83905762 0.71685637 0.83364711 0.71442881 0.81556212 0.71245619 0.81387104 0.70975884 0.79377621 0.70778622 0.79208513 0.70481916 0.76998097 0.70284611 0.76828997 0.69987905 0.74618582 0.69790643 0.74449473 0.69520908 0.72439991 0.69323646 0.72270882 0.69134833 0.70864249 0.68964542 0.70896074 0.68767280 0.70726966 0.64680045 0.71490806 0.64482739 0.71321706 0.64347868 0.70316939 0.60090342 0.71112604 0.59893080 0.70943495 0.59758216 0.69938780 0.56181874 0.70607142 0.55984599 0.70438036 0.55859375 0.69505135 0.55859375 0.76007857
0 0.55859375 0.65517761 0.56869960 0.65328899 0.57264506 0.65667111 0.57426348 0.66872811 0.61683874 0.66077146 0.61881136 0.66246254 0.61935086 0.66648172 0.62132391 0.66817272 0.62213306 0.67420070 0.67662953 0.66401617 0.67860222 0.66570776 0.68030513 0.66538952 0.68603826 0.65607862 0.68576855 0.65406929 0.69293524 0.64243023 0.69096219 0.64073923 0.68988326 0.63270140 0.68791064 0.63101032 0.68710143 0.62498182 0.68512881 0.62329073 0.68404989 0.61525291 0.68207676 0.61356139 0.68126762 0.60753341 0.67929500 0.60584232 0.67821601 0.59780398 0.67624339 0.59611290 0.67516447 0.58807507 0.67319185 0.58638399 0.67462504 0.58405642 0.67803085 0.58341992 0.67946441 0.58109175 0.68457356 0.58013693 0.68600676 0.57780935 0.68519761 0.57178137 0.67497931 0.57369101 0.67300662 0.57199941 0.66960081 0.57263591 0.66762775 0.57094491 0.66627911 0.56089775 0.66914586 0.55624200 0.66806695 0.54820428 0.66609432 0.54651309 0.61330075 0.55637938 0.61132812 0.55468820 0.59940690 0.55691608 0.59743426 0.55522485 0.59635534 0.54718702 0.55859375 0.55424407 0.55859375 0.65517761
0 0.76192716 0.47916667 0.73114718 0.48491896 0.73222611 0.49295679 0.73079293 0.49528447 0.72398087 0.49655753 0.73072418 0.54679424 0.74434830 0.54424811 0.74632092 0.54593919 0.75171554 0.58612833 0.75028235 0.58845591 0.74347029 0.58972898 0.74670706 0.61384246 0.74814025 0.61151489 0.74984316 0.61119664 0.75181578 0.61288772 0.75801961 0.65910536 0.75999267 0.66079636 0.76339848 0.66015987 0.76537154 0.66185087 0.76725967 0.67591720 0.76582604 0.67824486 0.76960231 0.70637751 0.76816912 0.70870509 0.76135706 0.70997815 0.76783061 0.75820512 0.79167303 0.75374935 0.79364565 0.75544043 0.82600261 0.74939342 0.82797566 0.75108442 0.82905465 0.75912277 0.87503616 0.75052955 0.87314803 0.73646322 0.87117497 0.73477222 0.86497114 0.68855458 0.85986199 0.68950940 0.85788937 0.68781832 0.85249468 0.64762866 0.85106156 0.64995675 0.84908887 0.64826515 0.84396403 0.61008585 0.83033991 0.61263199 0.82836729 0.61094090 0.82674887 0.59888390 0.82818206 0.59655633 0.83499412 0.59528326 0.83175735 0.57116978 0.82494529 0.57244285 0.82297260 0.57075125 0.81649906 0.52252428 0.81793226 0.52019681 0.81595963 0.51850562 0.80574132 0.52041526 0.80376869 0.51872408 0.79891352 0.48255380 0.80034670 0.48022612 0.80204961 0.47990787 0.80195011 0.47916667 0.76192716 0.47916667
0 0.63739673 0.51479864 0.63909964 0.51448040 0.64107228 0.51617163 0.66832052 0.51107936 0.66643240 0.49701314 0.56425172 0.51610910 0.56452146 0.51811856 0.60198778 0.51111669 0.60396042 0.51280790 0.63461490 0.50707906 0.63658754 0.50877030 0.63739673 0.51479864
