0 0.00000000 0.50777448 0.56786330 0.50777448 0.56786330 0.44007098 0.57048001 0.43807983 0.57048001 0.42812360 0.56262987 0.42812360 0.56001315 0.42613246 0.47365553 0.42613246 0.47103882 0.42414080 0.38468187 0.42414080 0.38206448 0.42214966 0.29570754 0.42214966 0.29309082 0.42015851 0.20673387 0.42015851 0.20411716 0.41816686 0.11775954 0.41816686 0.11514282 0.41617571 0.07850680 0.41617571 0.07588942 0.41418457 0.07588942 0.39825439 0.07850680 0.39626325 0.16748047 0.39626325 0.17009718 0.39825439 0.27477248 0.39825439 0.27738919 0.40024554 0.38206448 0.40024554 0.38468187 0.40223668 0.48935716 0.40223668 0.49197388 0.40422834 0.57309740 0.40422834 0.57309740 0.39427211 0.57571411 0.39228045 0.57571411 0.33055140 0.57833083 0.32855975 0.57833083 0.26683070 0.58094821 0.26483904 0.51814304 0.26483904 0.51552565 0.26284790 0.43440280 0.26284790 0.43178542 0.26085676 0.42916870 0.26085676 0.42655199 0.25886510 0.42655199 0.25687396 0.30355835 0.25687396 0.30094163 0.25488281 0.09682448 0.25488281 0.09420776 0.25289167 0.04187012 0.25289167 0.04187012 0.30068220 0.03925327 0.30267334 0.03925327 0.35842896 0.03663635 0.36042010 0.02616882 0.36042010 0.02355191 0.35842896 0.00000000 0.35842896 0.00000000 0.50777448
0 0.51552565 0.25687396 0.51814304 0.25886510 0.60449998 0.25886510 0.60711670 0.26085676 0.62805176 0.26085676 0.62805176 0.23895264 0.63066847 0.23696149 0.63066847 0.18917096 0.63328519 0.18717982 0.63328519 0.18120588 0.63590257 0.17921422 0.66730516 0.17921422 0.66730516 0.11947632 0.61496751 0.11947632 0.61235013 0.11748517 0.54954495 0.11748517 0.54692824 0.11549352 0.51290894 0.11549352 0.51290894 0.15531947 0.51029222 0.15731061 0.51029222 0.22103132 0.50767484 0.22302246 0.50767484 0.25687396 0.51552565 0.25687396
0 0.51814304 0.00000000 0.51814304 0.00199127 0.53122728 0.00199127 0.53384399 0.00398254 0.59926588 0.00398254 0.60188327 0.00597384 0.66730516 0.00597384 0.66730516 0.00000000 0.51814304 0.00000000
0 0.09159105 0.00000000 0.09159105 0.03385160 0.08897366 0.03584289 0.08897366 0.08562482 0.12561035 0.08562482 0.12822707 0.08761597 0.16486375 0.08761597 0.16748047 0.08960711 0.16748047 0.10155500 0.16486375 0.10354614 0.14131198 0.10354614 0.13869460 0.10155500 0.08635695 0.10155500 0.08635695 0.14536273 0.08374023 0.14735387 0.08374023 0.20111834 0.08112352 0.20311000 0.08112352 0.23696149 0.18579881 0.23696149 0.18841553 0.23895264 0.31925931 0.23895264 0.32187669 0.24094378 0.44225295 0.24094378 0.44225295 0.23696149 0.44486966 0.23497035 0.44486966 0.21904017 0.44748704 0.21704852 0.49197388 0.21704852 0.49197388 0.20510114 0.49459059 0.20311000 0.49459059 0.13739764 0.49720798 0.13540649 0.49720798 0.11151123 0.46057129 0.11151123 0.45795457 0.10952009 0.37683105 0.10952009 0.37421434 0.10752894 0.29309082 0.10752894 0.29047411 0.10553729 0.20935059 0.10553729 0.20673387 0.10354614 0.20673387 0.08164202 0.20935059 0.07965088 0.20935059 0.07566859 0.21196730 0.07367694 0.26953905 0.07367694 0.27215576 0.07566859 0.36636353 0.07566859 0.36898024 0.07765973 0.46057129 0.07765973 0.46318800 0.07965088 0.49459059 0.07965088 0.49459059 0.01792142 0.46842210 0.01792142 0.46580472 0.01593018 0.45795457 0.01593018 0.45533786 0.01393893 0.45533786 0.00000000 0.09159105 0.00000000
0 0.66992188 0.38967715 0.90654705 0.28706977 0.88492158 0.20674657 0.66992188 0.30180579 0.66992188 0.38967715
0 0.66992188 0.81205128 0.58436583 0.81111527 0.58203125 0.84960938 0.56640625 0.85742188 0.56445312 0.89062500 0.52148438 0.89648438 0.51953125 0.94140625 0.42968750 0.94335938 0.42968750 0.98046875 0.46005246 0.98428372 0.48965098 0.98428372 0.52929688 0.98632812 0.55468750 0.98437500 0.66992188 0.98705487 0.66992188 0.81205128
0 0.66992188 0.77787104 0.70665430 0.76562500 0.67003906 0.65185547 0.66992188 0.65189425 0.66992188 0.77787104
0 0.68181641 0.65039062 0.71592969 0.76220703 0.77695508 0.74267578 0.74180469 0.63134766 0.68181641 0.65039062
0 0.75400977 0.62792969 0.78769531 0.74169922 0.84969727 0.72216797 0.81405859 0.61035156 0.75400977 0.62792969
0 0.82390625 0.60791016 0.85946094 0.72070312 0.92146289 0.69970703 0.88484766 0.58789062 0.82390625 0.60791016
0 0.89763672 0.58544922 0.93073828 0.69775391 0.99225195 0.67626953 0.95807617 0.56494141 0.89763672 0.58544922
0 1.00000000 0.55152957 0.96794922 0.56103516 1.00000000 0.66962974 1.00000000 0.55152957
0 0.66992188 0.50976562 0.66992188 0.59573621 0.67589844 0.61572266 0.73692187 0.59521484 0.71066749 0.50976562 0.66992188 0.50976562
0 0.72400113 0.50976562 0.74961523 0.59277344 0.80917578 0.57324219 0.78931924 0.50976562 0.72400113 0.50976562
0 0.80333796 0.50976562 0.82089258 0.57080078 0.88191797 0.55224609 0.86948621 0.50976562 0.80333796 0.50976562
0 0.88255819 0.50976562 0.89363477 0.54882812 0.95417188 0.52978516 0.94736675 0.50976562 0.88255819 0.50976562
0 1.00000000 0.50976562 0.96061137 0.50976562 0.96540039 0.52587891 1.00000000 0.51546920 1.00000000 0.50976562
0 0.66992188 0.87356849 0.69298437 0.94140625 0.75449805 0.92041016 0.71544141 0.80761719 0.66992188 0.82292841 0.66992188 0.87356849
0 0.72869141 0.80566406 0.76523828 0.91894531 0.82431055 0.89843750 0.78720703 0.78710938 0.72869141 0.80566406
0 0.80144531 0.78417969 0.83553906 0.89697266 0.89461133 0.87744141 0.86092578 0.76464844 0.80144531 0.78417969
0 0.87322266 0.76220703 0.90583984 0.87695312 0.96784180 0.85302734 0.93415625 0.74218750 0.87322266 0.76220703
0 1.00000000 0.72113100 0.94402344 0.73876953 0.97760547 0.85253906 1.00000000 0.84560632 1.00000000 0.72113100
0 0.77414058 1.00000000 0.76084375 0.95751953 0.70037109 0.97558594 0.70744612 1.00000000 0.77414058 1.00000000
0 0.85280109 1.00000000 0.83260937 0.93505859 0.77304883 0.95458984 0.78525831 1.00000000 0.85280109 1.00000000
0 0.93295792 1.00000000 0.90583984 0.91357422 0.84490234 0.93212891 0.86565335 1.00000000 0.93295792 1.00000000
0 1.00000000 1.00000000 1.00000000 0.96198859 0.97760547 0.88964844 0.91716797 0.90966797 0.94504078 1.00000000 1.00000000 1.00000000
