0 0.39517725 0.36996337 0.40152713 0.34481701 0.40416320 0.34361542 0.41533668 0.29936701 0.41797275 0.29816542 0.41869358 0.29531085 0.41641802 0.29508479 0.41450296 0.29343108 0.34623136 0.28664882 0.34431621 0.28499548 0.31245598 0.28183041 0.31173506 0.28468534 0.30909908 0.28588657 0.23855192 0.27887825 0.23819151 0.28030554 0.23555544 0.28150713 0.22113795 0.33860221 0.21850197 0.33980343 0.21273498 0.36264146 0.28643878 0.36996337 0.39517725 0.36996337
0 0.58984375 0.15575256 0.56877002 0.15365905 0.56685487 0.15200570 0.50768670 0.14612780 0.49471096 0.19751337 0.49207499 0.19871460 0.47873884 0.25152745 0.47610228 0.25272862 0.46240562 0.30696913 0.45976964 0.30817036 0.44643340 0.36098358 0.44379742 0.36218480 0.44183320 0.36996337 0.54447630 0.36996337 0.58984375 0.19030247 0.58984375 0.15575256
0 0.24684200 0.24604849 0.24359799 0.25889515 0.30504231 0.26499918 0.30695805 0.26665258 0.38660746 0.27456514 0.38852262 0.27621848 0.42265841 0.27960961 0.43491323 0.23107898 0.40760471 0.22836609 0.40568965 0.22671237 0.40341408 0.22648632 0.40149835 0.22483291 0.40366093 0.21626883 0.40629758 0.21506730 0.41566890 0.17795568 0.41830497 0.17675409 0.42767628 0.13964247 0.43031226 0.13844124 0.40983102 0.13640659 0.40791587 0.13475324 0.32599030 0.12661457 0.32407524 0.12496086 0.28538773 0.12111755 0.28070208 0.13967336 0.27806600 0.14087495 0.26509027 0.19226052 0.26245429 0.19346175 0.24947856 0.24484732 0.24684200 0.24604849
0 0.58984375 0.22737937 0.59116465 0.22756808 0.59492420 0.20615733 0.59359235 0.20450397 0.59735189 0.18309322 0.59918498 0.18189201 0.61975677 0.18483098 0.62158982 0.18362976 0.62317228 0.18385584 0.63144323 0.13675249 0.63327631 0.13555128 0.66017790 0.13939454 0.66143112 0.13225738 0.64085941 0.12931843 0.63952727 0.12766503 0.63636258 0.12721291 0.63503077 0.12555955 0.63954224 0.09986658 0.63004751 0.09851013 0.62871570 0.09685678 0.61763855 0.09527425 0.61630674 0.09362090 0.61831182 0.08220188 0.62014493 0.08100030 0.62089679 0.07671844 0.60665478 0.07468378 0.58984375 0.17042331 0.58984375 0.22737937
0 1.00000000 0.12648889 0.94763301 0.11900754 0.94630128 0.11735420 0.94471853 0.11712808 0.94288556 0.11832931 0.93561716 0.15972315 0.93378420 0.16092437 0.92576388 0.20660044 0.92393044 0.20780197 0.91565950 0.25490532 0.91382654 0.25610655 0.90580621 0.30178261 0.90397319 0.30298420 0.89570224 0.35008755 0.89386928 0.35128878 0.89059018 0.36996337 0.96845310 0.36996337 1.00000000 0.19030247 1.00000000 0.12648889
0 0.87761303 0.36996337 0.87820208 0.36660871 0.88003504 0.36540748 0.88655159 0.32829550 0.88838455 0.32709427 0.89064025 0.31424797 0.86215640 0.31017866 0.86082467 0.30852531 0.84341765 0.30603848 0.84208558 0.30438471 0.84333874 0.29724792 0.84517211 0.29604675 0.84692657 0.28605502 0.84875954 0.28485379 0.88832062 0.29050564 0.88965276 0.29215904 0.89439979 0.29283722 0.89515171 0.28855500 0.89698468 0.28735377 0.90450370 0.24453265 0.90633713 0.24333111 0.91385615 0.20050999 0.91568912 0.19930876 0.91844612 0.18360752 0.87413759 0.17727744 0.87280593 0.17562373 0.87122358 0.17539767 0.86989145 0.17374427 0.87340031 0.15376117 0.87523374 0.15255964 0.88472823 0.15391606 0.88605989 0.15556977 0.92087393 0.16054343 0.92220566 0.16219678 0.93047660 0.11509343 0.90673979 0.11170230 0.90540813 0.11004859 0.85476981 0.10281421 0.85343808 0.10116086 0.83286637 0.09822191 0.83010936 0.11392315 0.82827599 0.11512432 0.81950375 0.16508261 0.81767079 0.16628383 0.80864792 0.21766940 0.80681490 0.21887099 0.80556173 0.22600779 0.80372837 0.22720895 0.77366217 0.22291359 0.77233044 0.22126024 0.75334067 0.21854729 0.74958119 0.23995767 0.74774816 0.24115926 0.74323676 0.26685187 0.74140373 0.26805346 0.73982139 0.26782740 0.73798842 0.26902862 0.71741630 0.26608961 0.71691506 0.26894418 0.71508210 0.27014541 0.70806425 0.31011233 0.70623128 0.31131356 0.69946419 0.34985246 0.69763116 0.35105405 0.69662862 0.35676356 0.78902304 0.36996337 0.87761303 0.36996337
0 1.00000000 0.02845558 0.99765685 0.02812083 0.99632514 0.02646740 0.96151109 0.02149373 0.95449331 0.06146029 0.95266035 0.06266151 0.94489064 0.10691029 0.94305768 0.10811152 0.94280700 0.10953917 0.94413872 0.11119251 1.00000000 0.11917306 1.00000000 0.02845558
0 0.86570454 0.05901798 0.86387117 0.06021914 0.85785593 0.09447619 0.86102103 0.09492837 0.86235276 0.09658171 0.90033150 0.10200750 0.90166316 0.10366121 0.93331211 0.10818269 0.94158311 0.06107898 0.94341648 0.05987781 0.95043427 0.01991126 0.90137829 0.01290294 0.89436051 0.05286949 0.89252755 0.05407072 0.88619735 0.05316637 0.88486562 0.05151302 0.86745901 0.04902625 0.86570454 0.05901798
0 0.63436789 0.00000000 0.62465633 0.05530770 0.63098612 0.05621199 0.63231797 0.05786536 0.64023023 0.05899573 0.64156204 0.06064909 0.64630940 0.06132732 0.64764114 0.06298104 0.64513482 0.07725462 0.64646657 0.07890835 0.67653309 0.08320376 0.67786482 0.08485711 0.69368950 0.08711788 0.69552246 0.08591665 0.70529724 0.03024886 0.70713021 0.02904763 0.73244937 0.03266482 0.73671020 0.00839921 0.73537848 0.00674579 0.73656299 0.00000000 0.63436789 0.00000000
0 0.02435596 0.79095666 0.02718871 0.79427550 0.02607172 0.80034857 0.05388269 0.81279022 0.11320104 0.42687624 0.08087203 0.40992718 0.02435596 0.79095666
0 0.69063762 0.68951119 0.69305061 0.69757353 0.71366174 0.71006334 0.72657196 0.71071254 0.72944690 0.70642848 0.75081479 0.56212163 0.74994493 0.54695945 0.73383050 0.53805541 0.72682745 0.55877745 0.71508441 0.55467457 0.71154356 0.55755075 0.69214143 0.67492651 0.69063762 0.68951119
