0 0.64843800 0.71875000 0.64843800 0.78125000 0.64453100 0.78515600 0.64453100 0.87890600 0.77343800 0.87890600 0.77734400 0.88281200 0.78515600 0.88281200 0.78515600 0.71875000
0 0.48437500 0.65234400 0.48437500 0.66015600 0.48046900 0.66406200 0.48046900 0.77734400 0.47656200 0.78125000 0.47656200 0.87890600 0.56640600 0.87890600 0.57031200 0.88281200 0.62109400 0.88281200 0.62109400 0.65625000 0.56640600 0.65625000 0.56250000 0.65234400
0 0.32031200 0.64843800 0.32031200 0.78515600 0.31640600 0.78906200 0.31640600 0.87109400 0.39843800 0.87109400 0.40234400 0.87500000 0.45703100 0.87500000 0.45703100 0.72656200 0.46093800 0.72265600 0.46093800 0.65234400 0.41015600 0.65234400 0.40625000 0.64843800
0 0.16406200 0.64453100 0.16406200 0.65234400 0.16015600 0.65625000 0.16015600 0.83203100 0.15625000 0.83593800 0.15625000 0.86718800 0.28906200 0.86718800 0.29296900 0.87109400 0.29687500 0.87109400 0.29687500 0.83984400 0.30078100 0.83593800 0.30078100 0.64843800 0.21484400 0.64843800 0.21093800 0.64453100
0 0.00000000 0.63671900 0.00000000 0.86328100 0.09375000 0.86328100 0.09765620 0.86718800 0.14062500 0.86718800 0.14062500 0.75781200 0.13671900 0.75390600 0.13671900 0.64062500 0.04296880 0.64062500 0.03906250 0.63671900
0 0.33203100 0.40234400 0.33203100 0.41796900 0.32812500 0.42187500 0.32812500 0.51562500 0.32421900 0.51953100 0.32421900 0.61328100 0.37109400 0.61328100 0.37500000 0.61718800 0.46484400 0.61718800 0.46484400 0.51953100 0.46875000 0.51562500 0.46875000 0.41796900 0.43750000 0.41796900 0.43359400 0.41406200 0.43359400 0.40234400
0 0.16796900 0.39453100 0.16796900 0.46875000 0.16406200 0.47265600 0.16406200 0.60937500 0.27343800 0.60937500 0.27734400 0.61328100 0.30468800 0.61328100 0.30468800 0.58593800 0.30859400 0.58203100 0.30859400 0.46484400 0.31250000 0.46093800 0.31250000 0.39843800 0.22265600 0.39843800 0.21875000 0.39453100
0 0.00781250 0.39062500 0.00781250 0.51171900 0.00390625 0.51562500 0.00390625 0.60546900 0.05859380 0.60546900 0.06250000 0.60937500 0.14453100 0.60937500 0.14453100 0.50781200 0.14843800 0.50390600 0.14843800 0.41015600 0.13671900 0.41015600 0.13281200 0.40625000 0.11328100 0.40625000 0.10937500 0.40234400 0.10937500 0.39453100 0.08593750 0.39453100 0.08203120 0.39062500
0 0.65625000 0.22265600 0.65625000 0.24609400 0.65234400 0.25000000 0.65234400 0.37109400 0.78125000 0.37109400 0.78515600 0.37500000 0.79296900 0.37500000 0.79296900 0.22656200 0.76171900 0.22656200 0.75781200 0.22265600
0 0.49609400 0.21484400 0.49609400 0.28515600 0.49218800 0.28906200 0.49218800 0.36328100 0.50390600 0.36328100 0.50781200 0.36718800 0.63671900 0.36718800 0.63671900 0.29296900 0.64062500 0.28906200 0.64062500 0.21875000 0.52343800 0.21875000 0.51953100 0.21484400
0 0.33593800 0.21093800 0.33593800 0.22656200 0.33203100 0.23046900 0.33203100 0.36328100 0.47265600 0.36328100 0.47265600 0.24609400 0.47656200 0.24218800 0.47656200 0.21484400 0.43359400 0.21484400 0.42968800 0.21093800
0 0.17578100 0.20312500 0.17578100 0.21875000 0.17187500 0.22265600 0.17187500 0.35546900 0.18359400 0.35546900 0.18750000 0.35937500 0.31250000 0.35937500 0.31640600 0.35546900 0.31640600 0.21484400 0.32031200 0.21093800 0.32031200 0.20703100 0.22265600 0.20703100 0.21875000 0.20312500
0 0.01562500 0.19921900 0.01562500 0.22656200 0.01171880 0.23046900 0.01171880 0.33984400 0.00781250 0.34375000 0.00781250 0.34765600 0.10546900 0.34765600 0.10937500 0.35156200 0.15234400 0.35156200 0.15234400 0.23437500 0.15625000 0.23046900 0.15625000 0.20312500 0.07812500 0.20312500 0.07421880 0.19921900
