0 0.30381102 0.00000000 0.30324258 0.00059708 0.29900039 0.00110981 0.29721525 0.00298487 0.29509361 0.00324130 0.29330849 0.00511641 0.28906575 0.00562921 0.28728063 0.00750431 0.28515953 0.00776068 0.28337440 0.00963574 0.27913166 0.01014853 0.27734653 0.01202360 0.27310380 0.01253639 0.27131867 0.01441150 0.26919758 0.01466787 0.26741245 0.01654297 0.26316972 0.01705577 0.26138458 0.01893083 0.25926349 0.01918720 0.25747781 0.02106233 0.25323562 0.02157505 0.25145050 0.02345016 0.24932940 0.02370653 0.24754373 0.02558170 0.24330154 0.02609443 0.24151586 0.02796956 0.23939477 0.02822592 0.23760963 0.03010099 0.23828158 0.03333847 0.24073865 0.03470081 0.24141059 0.03793825 0.24386766 0.03930063 0.24420363 0.04091934 0.24666123 0.04228161 0.24733320 0.04551918 0.24979024 0.04688143 0.25046223 0.05011908 0.25291927 0.05148134 0.25325522 0.05309996 0.25571281 0.05446215 0.25638479 0.05769980 0.25884184 0.05906205 0.25951383 0.06229970 0.26197087 0.06366196 0.26230682 0.06528058 0.26476387 0.06664283 0.26543585 0.06988048 0.26789290 0.07124274 0.26856488 0.07448039 0.27102247 0.07584258 0.27135842 0.07746120 0.27381546 0.07882345 0.27448745 0.08206110 0.27694449 0.08342336 0.27761648 0.08666101 0.28007407 0.08802320 0.28041002 0.08964182 0.28286706 0.09100407 0.28320301 0.09262269 0.28532411 0.09236633 0.28710926 0.09049135 0.28923035 0.09023498 0.29101605 0.08835993 0.29525824 0.08784721 0.29704393 0.08597216 0.29916503 0.08571579 0.30095018 0.08384081 0.30519237 0.08332808 0.30697798 0.08145262 0.30909908 0.08119625 0.31088422 0.07932127 0.31512696 0.07880848 0.31691211 0.07693350 0.31903321 0.07667713 0.32081827 0.07480173 0.32506101 0.07428894 0.32684616 0.07241396 0.32896780 0.07215753 0.33075294 0.07028255 0.33499514 0.06976982 0.33678029 0.06789484 0.33890193 0.06763841 0.34068708 0.06576342 0.34492982 0.06525063 0.34671488 0.06337523 0.34883598 0.06311887 0.35062112 0.06124389 0.35486386 0.06073109 0.35664901 0.05885611 0.35877011 0.05859975 0.36055571 0.05672428 0.36479791 0.05621155 0.36658306 0.05433657 0.36870415 0.05408021 0.37048984 0.05220516 0.37473204 0.05169243 0.37651773 0.04981738 0.37863883 0.04956102 0.38042398 0.04768604 0.38466617 0.04717331 0.38645178 0.04529785 0.38857288 0.04504148 0.39035802 0.04316650 0.39460076 0.04265371 0.39638591 0.04077872 0.40062811 0.04026599 0.40241371 0.03839053 0.40453481 0.03813417 0.40631996 0.03625919 0.40598401 0.03464057 0.40352696 0.03327831 0.40319101 0.03165969 0.40073388 0.03029702 0.40006198 0.02705979 0.39760431 0.02569718 0.39726838 0.02407865 0.39481131 0.02271631 0.39413937 0.01947887 0.39168230 0.01811649 0.39134633 0.01649779 0.38888927 0.01513545 0.38821732 0.01189796 0.38576026 0.01053562 0.38508832 0.00729818 0.38263070 0.00593587 0.38229474 0.00431716 0.37983767 0.00295483 0.37922439 0.00000000 0.30381102 0.00000000
0 0.25326706 0.00000000 0.21704938 0.00437741 0.21738534 0.00599613 0.21984241 0.00735849 0.22051435 0.01059593 0.22297196 0.01195821 0.22330794 0.01357695 0.22576501 0.01493933 0.22643694 0.01817673 0.22889401 0.01953911 0.22922998 0.02115785 0.23168759 0.02252012 0.23380869 0.02226376 0.23559382 0.02038870 0.23771492 0.02013233 0.23950004 0.01825722 0.24374278 0.01774443 0.24552790 0.01586932 0.24764954 0.01561289 0.24943467 0.01373783 0.25367687 0.01322510 0.25546200 0.01135004 0.25758364 0.01109360 0.25936876 0.00921850 0.26361150 0.00870571 0.26539662 0.00683060 0.26751772 0.00657423 0.26930285 0.00469917 0.27354559 0.00418637 0.27533072 0.00231131 0.27745182 0.00205494 0.27923748 0.00017977 0.28072488 0.00000000 0.25326706 0.00000000
0 0.02882643 0.04040139 0.02916239 0.04202009 0.03161947 0.04338247 0.03229141 0.04661992 0.03474847 0.04798225 0.03508444 0.04960100 0.03754152 0.05096338 0.03821345 0.05420078 0.04067106 0.05556309 0.04100704 0.05718184 0.04346410 0.05854417 0.04413604 0.06178162 0.04659311 0.06314400 0.04692908 0.06476270 0.04938669 0.06612497 0.05005865 0.06936254 0.05251570 0.07072479 0.05318768 0.07396245 0.05564473 0.07532470 0.05598068 0.07694332 0.05843772 0.07830557 0.05910971 0.08154323 0.06156676 0.08290548 0.06190270 0.08452410 0.06436038 0.08588670 0.06503227 0.08912394 0.06748932 0.09048619 0.06816131 0.09372385 0.07061835 0.09508610 0.07095430 0.09670472 0.07341198 0.09806732 0.07408387 0.10130456 0.07654092 0.10266682 0.07687687 0.10428543 0.07933400 0.10564810 0.08000590 0.10888534 0.08246303 0.11024801 0.08313493 0.11348525 0.08559197 0.11484750 0.08592792 0.11646612 0.08838560 0.11782872 0.08905750 0.12106596 0.09151463 0.12242863 0.09218652 0.12566587 0.09464357 0.12702812 0.09497952 0.12864674 0.09743720 0.13000934 0.09810909 0.13324658 0.10056623 0.13460925 0.10123812 0.13784649 0.10369517 0.13920874 0.10403112 0.14082736 0.10648825 0.14219003 0.10716015 0.14542727 0.10961728 0.14678994 0.11028918 0.15002717 0.11274677 0.15138936 0.11308272 0.15300798 0.11553985 0.15437065 0.11621175 0.15760789 0.11866888 0.15897056 0.11900483 0.16058917 0.12146242 0.16195136 0.12213431 0.16518860 0.12459145 0.16655127 0.12526334 0.16978851 0.12772048 0.17115118 0.12805643 0.17276980 0.13051347 0.17413205 0.13118537 0.17736929 0.13364250 0.17873196 0.13397845 0.18035057 0.13643604 0.18171276 0.13710802 0.18495042 0.13956507 0.18631267 0.14023697 0.18954991 0.14269410 0.19091258 0.14303005 0.19253120 0.14548764 0.19389338 0.14615962 0.19713104 0.14861667 0.19849329 0.14928856 0.20173053 0.15174570 0.20309320 0.15208164 0.20471182 0.15453869 0.20607407 0.15521068 0.20931172 0.15766772 0.21067398 0.15978936 0.21041755 0.16157451 0.20854256 0.16581725 0.20802977 0.16760240 0.20615479 0.16972349 0.20589842 0.17150856 0.20402303 0.17575129 0.20351023 0.17753644 0.20163525 0.17965754 0.20137889 0.18144323 0.19950384 0.18356433 0.19924747 0.18534939 0.19737208 0.18747049 0.19711571 0.18679859 0.19387848 0.18434154 0.19251622 0.18366956 0.18927857 0.18545471 0.18740359 0.18757581 0.18714722 0.18936150 0.18527217 0.19148260 0.18501581 0.19326766 0.18314041 0.19538930 0.18288398 0.19717445 0.18100900 0.19929554 0.18075264 0.20108069 0.17887765 0.20320179 0.17862129 0.20498748 0.17674624 0.20922968 0.17623351 0.21101537 0.17435847 0.21313647 0.17410210 0.21492153 0.17222671 0.21704262 0.17197034 0.21882777 0.17009536 0.22094942 0.16983893 0.22273456 0.16796395 0.22697730 0.16745115 0.22876236 0.16557575 0.23088346 0.16531939 0.23266861 0.16344441 0.23478971 0.16318804 0.23657540 0.16131300 0.23869650 0.16105663 0.24048165 0.15918165 0.24260329 0.15892522 0.24438843 0.15705024 0.24193130 0.15568757 0.24125940 0.15245033 0.24304447 0.15057493 0.24516556 0.15031857 0.24695071 0.14844359 0.24907181 0.14818722 0.25085750 0.14631218 0.25297860 0.14605581 0.25476375 0.14418083 0.25688539 0.14392440 0.25867054 0.14204942 0.26079163 0.14179305 0.26257670 0.13991766 0.26469779 0.13966129 0.26648349 0.13778624 0.26860458 0.13752988 0.26826863 0.13591126 0.26581150 0.13454859 0.26513960 0.13131135 0.26268201 0.12994916 0.26201003 0.12671151 0.25955298 0.12534926 0.25921703 0.12373064 0.25675990 0.12236797 0.25608801 0.11913073 0.25363096 0.11776848 0.25295898 0.11453083 0.25050193 0.11316857 0.24982995 0.10993092 0.24737236 0.10856873 0.24703641 0.10695011 0.24457936 0.10558786 0.24390738 0.10235021 0.24145033 0.10098795 0.24077835 0.09775030 0.23832076 0.09638811 0.23798481 0.09476949 0.23552776 0.09340724 0.23485578 0.09016959 0.23239873 0.08880733 0.23172675 0.08556968 0.22926970 0.08420742 0.22893376 0.08258881 0.22647671 0.08122655 0.22580473 0.07798890 0.22334714 0.07662671 0.22267515 0.07338906 0.22021811 0.07202680 0.21988216 0.07040819 0.21742511 0.06904593 0.21675313 0.06580828 0.21429554 0.06444609 0.21362356 0.06120844 0.21116651 0.05984618 0.21083056 0.05822756 0.20837351 0.05686531 0.20770153 0.05362766 0.20524448 0.05226540 0.20457250 0.04902775 0.20211547 0.04766558 0.20144354 0.04442818 0.19898592 0.04306586 0.19864995 0.04144712 0.19619289 0.04008478 0.19552095 0.03684734 0.19306387 0.03548496 0.19239194 0.03224756 0.18993433 0.03088524 0.18959835 0.02926650 0.18714129 0.02790416 0.18646935 0.02466672 0.18401228 0.02330434 0.18334035 0.02006694 0.18088327 0.01870456 0.18054730 0.01708581 0.17809023 0.01572348 0.17741829 0.01248603 0.17496068 0.01112374 0.17462471 0.00950502 0.01977483 0.02822077 0.02044677 0.03145822 0.02290384 0.03282060 0.02323981 0.03443930 0.02569742 0.03580157 0.02636937 0.03903905 0.02882643 0.04040139
0 0.75155595 0.30678265 0.73318428 0.28526128 0.71121416 0.33426422 0.72897730 0.35442975 0.75155595 0.30678265
0 0.74132900 0.25101042 0.70567106 0.22988520 0.69888630 0.26024373 0.73561843 0.27918022 0.74132900 0.25101042
0 0.62987174 0.22358957 0.62440508 0.22205761 0.62257425 0.28748263 0.62785021 0.28881424 0.62987174 0.22358957
0 0.61282232 0.20652798 0.60646524 0.20395183 0.60188747 0.24402135 0.60820151 0.24571501 0.61282232 0.20652798
0 0.46739763 0.72465208 0.46709463 0.67190365 0.43783875 0.66531746 0.37676437 0.66405165 0.37449489 0.70689997 0.40620798 0.71537090 0.40476855 0.74201114 0.46227240 0.74846520 0.46739763 0.72465208
0 0.28232666 0.70853776 0.29225102 0.68047876 0.29469835 0.66055683 0.28911200 0.65230847 0.07121462 0.63479622 0.06820076 0.63644797 0.06275929 0.70163500 0.06851363 0.71100308 0.25498119 0.72917949 0.28232666 0.70853776
0 0.94756833 0.41955836 0.95006197 0.43985758 0.94860032 0.44245212 0.94512624 0.44316155 0.94311428 0.44127635 0.91706030 0.44659675 0.92448806 0.50706165 0.92302641 0.50965618 0.89523562 0.51533125 0.89377389 0.51792521 0.89955101 0.56495321 0.90156290 0.56683783 0.90266331 0.57579557 0.90120158 0.57838953 0.89077981 0.58051773 0.88931815 0.58311226 0.86673825 0.58772323 0.87389086 0.64594826 0.87242920 0.64854280 0.84290115 0.65457262 0.84143942 0.65716658 0.84859203 0.71539162 0.84713030 0.71798558 0.81586589 0.72436998 0.82164308 0.77139856 0.82018090 0.77399261 0.82155640 0.78518964 0.82009474 0.78778417 0.79925164 0.79204048 0.79723968 0.79015528 0.79029198 0.79157405 0.79634425 0.84084191 0.79488208 0.84343596 0.77924987 0.84662816 0.77723797 0.84474354 0.76160576 0.84793574 0.76930861 0.91063993 0.76784688 0.91323389 0.73658202 0.91961839 0.74345955 0.97560413 0.74547145 0.97748875 0.74574660 0.97972862 0.74428487 0.98232258 0.72517859 0.98622421 0.72316670 0.98433959 0.71274493 0.98646778 0.71412042 0.99766482 0.71280451 1.00000000 0.78137702 1.00000000 1.00000000 0.95535571 1.00000000 0.85325791 0.99894389 0.85226835 0.99261660 0.80076177 0.99407826 0.79816723 1.00000000 0.79695797 1.00000000 0.70143131 0.99026491 0.62218390 0.97289544 0.62573086 0.97088354 0.62384624 0.97234527 0.62125228 0.96711832 0.57870286 0.96858050 0.57610881 0.98421270 0.57291660 0.96537352 0.41955836 0.94756833 0.41955836
0 0.75718677 0.41955836 0.54980469 0.46190718 0.54980469 0.73262006 0.58265078 1.00000000 0.60579721 1.00000000 0.60541724 0.99690690 0.60687904 0.99431234 0.62424828 0.99076542 0.62571010 0.98817144 0.63786859 0.98568860 0.63291672 0.94537848 0.63437845 0.94278451 0.63300296 0.93158748 0.63446469 0.92899352 0.66225548 0.92331845 0.66371758 0.92072383 0.66545440 0.92036916 0.65912711 0.86886258 0.66058877 0.86626804 0.65948843 0.85731087 0.66095053 0.85471625 0.66442416 0.85400691 0.66588589 0.85141295 0.69020305 0.84644722 0.68442593 0.79941922 0.68588766 0.79682526 0.68451210 0.78562765 0.68597383 0.78303369 0.71202781 0.77771330 0.71348954 0.77511933 0.70661201 0.71913360 0.70953584 0.71394501 0.74253752 0.70720584 0.73510975 0.64674095 0.73657148 0.64414699 0.76609909 0.63811725 0.75894647 0.57989222 0.76040813 0.57729768 0.79340981 0.57055852 0.78900818 0.53472755 0.79046991 0.53213359 0.78799401 0.51197882 0.78945611 0.50938419 0.81898372 0.50335446 0.81018050 0.43169281 0.81164220 0.42909868 0.82380079 0.42661582 0.82581270 0.42850061 0.84144491 0.42530841 0.84116981 0.42306894 0.84263152 0.42047487 0.84251894 0.41955836 0.75718677 0.41955836
