0 0.20595618 0.41932907 0.23240021 0.41809189 0.23182402 0.40827713 0.23356024 0.40655575 0.23346421 0.40492010 0.23693709 0.40147690 0.26991924 0.39993384 0.26559791 0.32632477 0.26733459 0.32460337 0.33329890 0.32151724 0.33522763 0.32306715 0.33436337 0.30834542 0.30321298 0.30980279 0.30128472 0.30825286 0.16935518 0.31442517 0.16742689 0.31287481 0.16009747 0.31321772 0.15836128 0.31493952 0.15922554 0.32966125 0.15748886 0.33138264 0.14832721 0.33181127 0.14639894 0.33026134 0.09142854 0.33283312 0.09210075 0.34428354 0.09036407 0.34600494 0.09305290 0.39180620 0.09131668 0.39352758 0.09283140 0.41932907 0.20595618 0.41932907
0 0.07791392 0.38431332 0.07378464 0.31397556 0.06828746 0.31423275 0.06635917 0.31268239 0.04620338 0.31362538 0.04427498 0.31207546 0.02228673 0.31310417 0.02035837 0.31155424 0.00569953 0.31224005 0.00992484 0.38421347 0.03191309 0.38318475 0.03384145 0.38473468 0.06315903 0.38336306 0.06508779 0.38491339 0.07791392 0.38431332
0 0.22871317 0.00000000 0.06315651 0.00774555 0.06334856 0.01101707 0.06161236 0.01273857 0.06487736 0.06835426 0.06314117 0.07007606 0.06515779 0.10442690 0.09630770 0.10296955 0.09823596 0.10451949 0.09649975 0.10624086 0.09870843 0.14386343 0.09697222 0.14558481 0.06582231 0.14704215 0.06687864 0.16503561 0.06514196 0.16675701 0.06898314 0.23218738 0.06724693 0.23390876 0.07080004 0.29443217 0.09278830 0.29340345 0.09471656 0.29495339 0.14235802 0.29272449 0.14428628 0.29427442 0.19192774 0.29204552 0.19385600 0.29359545 0.24149699 0.29136657 0.24342527 0.29291693 0.29289897 0.29060231 0.29482770 0.29215222 0.34246869 0.28992334 0.34439695 0.29147327 0.34989413 0.29121609 0.34864575 0.26995132 0.35038197 0.26822994 0.34663680 0.20443522 0.34837349 0.20271383 0.34462833 0.13891911 0.34636454 0.13719773 0.34271540 0.07503867 0.34445161 0.07331729 0.34070646 0.00952265 0.34244267 0.00780119 0.34198468 0.00000000 0.22871317 0.00000000
0 0.00000000 0.21515479 0.00416306 0.28606791 0.01882190 0.28538209 0.01747747 0.26248125 0.01921378 0.26075987 0.05219630 0.25921679 0.05046778 0.22977333 0.05220400 0.22805195 0.04845883 0.16425723 0.05019505 0.16253586 0.04654591 0.10037679 0.04828259 0.09865540 0.04453743 0.03486067 0.04627364 0.03313922 0.04483319 0.00860280 0.00000000 0.01070032 0.00000000 0.21515479
0 0.61051714 0.21061768 0.60475601 0.29158527 0.89200872 0.33861066 0.89722158 0.25803479 0.61051714 0.21061768
0 0.31832893 0.98817682 0.31640067 0.98603053 0.27975311 0.98840478 0.27984913 0.99066977 0.27811294 0.99305404 0.27820897 0.99531904 0.34417374 0.99104545 0.34398167 0.98651488 0.31832893 0.98817682
0 0.46972656 0.84435808 0.31266318 0.85453358 0.31275923 0.85679915 0.31102301 0.85918284 0.31121508 0.86371341 0.30947840 0.86609713 0.30957442 0.86836213 0.30783821 0.87074582 0.30803028 0.87527639 0.30629407 0.87766008 0.30639009 0.87992507 0.30465343 0.88230938 0.30484548 0.88683937 0.30310927 0.88922306 0.30320529 0.89148805 0.30146910 0.89387233 0.30166115 0.89840231 0.29992496 0.90078659 0.30002098 0.90305158 0.29828477 0.90543528 0.29847681 0.90996526 0.29674016 0.91234957 0.29683618 0.91461456 0.29509997 0.91699825 0.29529204 0.92152882 0.29355582 0.92391251 0.29365185 0.92617751 0.29191516 0.92856123 0.29210724 0.93309180 0.29037102 0.93547549 0.29046707 0.93774106 0.31978474 0.93584169 0.32171301 0.93798798 0.32180903 0.94025297 0.32007282 0.94263667 0.32026489 0.94716723 0.33309149 0.94633625 0.33501975 0.94848254 0.37349955 0.94598959 0.37542781 0.94813588 0.38092452 0.94777977 0.38285328 0.94992661 0.38111660 0.95231033 0.38121262 0.95457532 0.37947641 0.95695902 0.38130864 0.95684032 0.38323737 0.95898658 0.40705787 0.95744334 0.40898615 0.95959021 0.43097441 0.95816568 0.43290314 0.96031194 0.44939422 0.95924355 0.45132248 0.96138984 0.45180262 0.97271538 0.46646146 0.97176569 0.46838974 0.97391256 0.46972656 0.97382596 0.46972656 0.84435808
0 0.46972656 0.74539916 0.46757245 0.69458826 0.38511614 0.69993026 0.38337992 0.70231396 0.38376404 0.71137451 0.38029164 0.71614248 0.36563280 0.71709217 0.36370454 0.71494588 0.34721299 0.71601430 0.34547678 0.71839799 0.34557280 0.72066299 0.34383659 0.72304668 0.34402866 0.72757725 0.34229198 0.72996097 0.34248405 0.73449154 0.34074784 0.73687523 0.34093988 0.74140522 0.33920367 0.74378891 0.33939574 0.74831948 0.33765953 0.75070317 0.33775557 0.75296874 0.33601936 0.75535244 0.33621141 0.75988242 0.33447473 0.76226615 0.33466680 0.76679671 0.33293058 0.76918041 0.33312265 0.77371098 0.33138644 0.77609467 0.33157849 0.78062465 0.32984183 0.78300896 0.32993785 0.78527395 0.32820164 0.78765765 0.32839371 0.79218821 0.32665750 0.79457191 0.32684954 0.79910189 0.32511335 0.80148617 0.40390426 0.79638163 0.40583299 0.79852788 0.41499464 0.79793434 0.41692290 0.80008063 0.41740305 0.81140617 0.46972656 0.80801634 0.46972656 0.74539916
0 0.38494756 0.56593088 0.38513963 0.57046145 0.38340342 0.57284514 0.38359547 0.57737513 0.38185928 0.57975940 0.38205133 0.58428939 0.38031467 0.58667369 0.38050671 0.59120368 0.37877050 0.59358737 0.37896257 0.59811794 0.37722636 0.60050163 0.37741843 0.60503220 0.37568221 0.60741589 0.37587426 0.61194588 0.37413805 0.61432957 0.37433012 0.61886014 0.37259344 0.62124386 0.37278551 0.62577443 0.37104929 0.62815812 0.37124134 0.63268811 0.36950515 0.63507238 0.36969720 0.63960237 0.36796054 0.64198667 0.36815259 0.64651666 0.36641637 0.64890035 0.36660844 0.65343092 0.36487223 0.65581461 0.36506430 0.66034518 0.36332809 0.66272887 0.39447800 0.66071080 0.39640626 0.66285709 0.46603598 0.65834606 0.46113846 0.54282391 0.38967651 0.54745364 0.38977256 0.54971922 0.38803634 0.55210291 0.38822839 0.55663290 0.38649218 0.55901659 0.38668425 0.56354716 0.38494756 0.56593088
0 0.20123737 1.00000000 0.20105823 0.99577431 0.20279444 0.99339062 0.20260237 0.98886005 0.20433858 0.98647636 0.20414654 0.98194637 0.20588275 0.97956268 0.20569068 0.97503211 0.20742736 0.97264838 0.20723529 0.96811782 0.20897151 0.96573413 0.20887548 0.96346913 0.21061170 0.96108544 0.21041962 0.95655487 0.21215631 0.95417115 0.21196424 0.94964058 0.21370045 0.94725689 0.21350840 0.94272690 0.21524459 0.94034263 0.21505254 0.93581264 0.21322031 0.93593135 0.21129202 0.93378448 0.20579484 0.93414062 0.20193785 0.92984807 0.20184183 0.92758308 0.20357804 0.92519938 0.20348199 0.92293381 0.20695489 0.91816639 0.21061983 0.91792895 0.21235602 0.91554468 0.22151768 0.91495113 0.22142166 0.91268614 0.22315787 0.91030244 0.22296582 0.90577246 0.22470248 0.90338815 0.22451043 0.89885817 0.22624662 0.89647389 0.22605458 0.89194391 0.22779079 0.88956021 0.22769477 0.88729522 0.22943096 0.88491094 0.22923891 0.88038096 0.23097510 0.87799668 0.23078305 0.87346670 0.23251973 0.87108297 0.23232766 0.86655241 0.23406388 0.86416871 0.23387181 0.85963815 0.23560802 0.85725445 0.23541597 0.85272447 0.23715266 0.85034074 0.23705661 0.84807517 0.23879282 0.84569148 0.23860075 0.84116091 0.24033696 0.83877722 0.24014492 0.83424723 0.24188113 0.83186354 0.24168906 0.82733297 0.24342527 0.82494928 0.24323320 0.82041871 0.24496988 0.81803498 0.24487386 0.81576999 0.24661008 0.81338630 0.24641800 0.80885573 0.24815422 0.80647204 0.24796215 0.80194147 0.24969883 0.79955775 0.24950678 0.79502776 0.25124297 0.79264349 0.25105092 0.78811350 0.25278711 0.78572923 0.25259507 0.78119924 0.25433128 0.77881555 0.25423526 0.77655056 0.25597145 0.77416628 0.25577940 0.76963629 0.25751606 0.76725199 0.25732401 0.76272200 0.25906023 0.76033831 0.25886815 0.75580774 0.26060437 0.75342405 0.26041230 0.74889348 0.26214898 0.74650976 0.26205296 0.74424477 0.26378917 0.74186107 0.26359710 0.73733051 0.26533331 0.73494681 0.26514124 0.73041625 0.26687745 0.72803255 0.26668541 0.72350257 0.26842162 0.72111887 0.26822955 0.71658831 0.26996623 0.71420458 0.26977416 0.70967402 0.27151038 0.70729032 0.27141435 0.70502533 0.27315057 0.70264163 0.27295849 0.69811107 0.27469518 0.69572734 0.27450311 0.69119678 0.27623932 0.68881308 0.27604727 0.68428310 0.27778346 0.68189882 0.27759142 0.67736884 0.27932760 0.67498456 0.27923158 0.67271957 0.28270448 0.66795215 0.29003390 0.66747731 0.28993788 0.66521231 0.29167406 0.66282804 0.29148202 0.65829805 0.29321821 0.65591378 0.29302616 0.65138379 0.29476237 0.64900010 0.29466635 0.64673511 0.29640301 0.64435080 0.29621096 0.63982082 0.29794715 0.63743654 0.29775510 0.63290655 0.29949132 0.63052286 0.29929925 0.62599229 0.30103593 0.62360857 0.30093991 0.62134358 0.30267610 0.61895930 0.30248405 0.61442932 0.30422026 0.61204562 0.30402819 0.60751506 0.30576440 0.60513136 0.30557233 0.60060080 0.30730855 0.59821710 0.30711650 0.59368712 0.30885318 0.59130339 0.30875714 0.58903782 0.31049335 0.58665412 0.31030128 0.58212356 0.31203749 0.57973986 0.31184544 0.57520988 0.31358213 0.57282615 0.31339006 0.56829559 0.31512627 0.56591189 0.31503022 0.56364632 0.31676644 0.56126262 0.31657439 0.55673264 0.31831060 0.55434895 0.31811853 0.54981838 0.31985475 0.54743469 0.31966267 0.54290412 0.32139936 0.54052039 0.32120731 0.53599041 0.32294350 0.53360613 0.32284748 0.53134114 0.32458369 0.52895745 0.32439162 0.52442688 0.32612830 0.52204316 0.32593625 0.51751317 0.32767244 0.51512890 0.32748040 0.51059891 0.32921659 0.50821464 0.32912056 0.50594965 0.33085678 0.50356595 0.33066473 0.49903597 0.33240092 0.49665169 0.33220887 0.49212170 0.33028059 0.48997484 0.33018456 0.48770984 0.32825630 0.48556355 0.28244755 0.48853132 0.28254357 0.49079631 0.28080736 0.49318001 0.28099943 0.49771057 0.27926275 0.50009430 0.27945482 0.50462486 0.27771861 0.50700856 0.27791065 0.51153854 0.27617446 0.51392281 0.27636651 0.51845280 0.27462985 0.52083711 0.27482190 0.52536709 0.27308569 0.52775079 0.27327776 0.53228135 0.27154154 0.53466504 0.27173361 0.53919561 0.26999740 0.54157931 0.27018945 0.54610929 0.26845323 0.54849299 0.26864531 0.55302355 0.26690862 0.55540728 0.26710069 0.55993784 0.26536448 0.56232154 0.26546050 0.56458653 0.26372429 0.56697023 0.26391636 0.57150079 0.26217968 0.57388451 0.26237175 0.57841508 0.26063554 0.58079877 0.26082758 0.58532876 0.25909139 0.58771303 0.25928344 0.59224302 0.25754725 0.59462729 0.25773930 0.59915728 0.25600308 0.60154097 0.25619516 0.60607154 0.25445847 0.60845526 0.25465054 0.61298583 0.25291433 0.61536953 0.25310638 0.61989951 0.25137016 0.62228320 0.25156223 0.62681377 0.24982555 0.62919750 0.25001762 0.63372806 0.24828141 0.63611176 0.24837743 0.63837675 0.24664122 0.64076044 0.24683329 0.64529101 0.24509707 0.64767470 0.24528915 0.65220527 0.24355293 0.65458896 0.24374498 0.65911895 0.24200832 0.66150325 0.24229642 0.66829881 0.24412912 0.66818008 0.24605738 0.67032637 0.24432117 0.67271006 0.24451322 0.67724004 0.24277656 0.67962435 0.24296861 0.68415434 0.24123242 0.68653861 0.24132844 0.68880360 0.23959223 0.69118730 0.23978427 0.69571728 0.23804761 0.69810159 0.23823966 0.70263157 0.23650347 0.70501585 0.23669552 0.70954583 0.23495931 0.71192953 0.23515138 0.71646009 0.23341516 0.71884379 0.23351119 0.72110878 0.23177500 0.72349306 0.23196704 0.72802304 0.23023036 0.73040677 0.23042243 0.73493733 0.22868622 0.73732103 0.22887829 0.74185159 0.22714208 0.74423529 0.22733412 0.74876527 0.22559744 0.75114900 0.22569349 0.75341457 0.22395727 0.75579827 0.22414934 0.76032883 0.22241313 0.76271253 0.22260518 0.76724251 0.22086896 0.76962620 0.22106104 0.77415677 0.21932482 0.77654046 0.21942087 0.77880604 0.21768419 0.78118976 0.21787623 0.78571975 0.21614002 0.78810344 0.21633209 0.79263401 0.21459588 0.79501770 0.21478795 0.79954827 0.21305127 0.80193199 0.21324331 0.80646198 0.21150712 0.80884625 0.21160315 0.81111125 0.20986693 0.81349494 0.21005900 0.81802550 0.20832279 0.82040920 0.20851484 0.82493919 0.20677865 0.82732346 0.20697070 0.83185345 0.20523404 0.83423775 0.20542608 0.83876773 0.20368987 0.84115143 0.20378589 0.84341642 0.20204970 0.84580070 0.20224175 0.85033068 0.20050509 0.85271499 0.20069714 0.85724497 0.19896093 0.85962867 0.19915300 0.86415923 0.19741678 0.86654293 0.19760885 0.87107349 0.19587264 0.87345719 0.19596866 0.87572218 0.19423245 0.87810588 0.19442452 0.88263644 0.19268784 0.88502017 0.19287991 0.88955073 0.19114370 0.89193443 0.19133574 0.89646441 0.18959953 0.89884811 0.18979160 0.90337867 0.18805492 0.90576240 0.18815097 0.90802797 0.18641475 0.91041166 0.18651078 0.91267666 0.19384019 0.91220181 0.19576892 0.91434807 0.19586495 0.91661306 0.19412829 0.91899737 0.19432034 0.92352736 0.19258415 0.92591163 0.19268017 0.92817662 0.19094396 0.93056032 0.18727901 0.93079776 0.18535075 0.92865147 0.18351851 0.92877017 0.18361454 0.93103516 0.18187832 0.93341886 0.18197435 0.93568385 0.18023769 0.93806816 0.18042974 0.94259814 0.17869355 0.94498242 0.17888559 0.94951240 0.17714938 0.95189610 0.17724540 0.95416109 0.17550874 0.95654539 0.17570079 0.96107538 0.17396460 0.96345965 0.17415665 0.96798964 0.17242043 0.97037333 0.17251646 0.97263833 0.17078027 0.97502260 0.17097232 0.97955259 0.16923613 0.98193686 0.16942817 0.98646685 0.16769149 0.98885057 0.16778751 0.99111556 0.16605132 0.99349984 0.16624337 0.99802982 0.16480872 1.00000000 0.20123737 1.00000000
0 0.40078108 0.41932907 0.40078993 0.41953768 0.40271820 0.42168415 0.40281423 0.42394931 0.40107802 0.42633312 0.40127008 0.43086340 0.39953387 0.43324727 0.39972593 0.43777749 0.39798972 0.44016136 0.39808575 0.44242652 0.45672110 0.43862778 0.45590294 0.41932907 0.40078108 0.41932907
0 0.91356093 0.93005761 0.87221484 0.95375211 0.88187429 0.97064180 0.92322039 0.94694730 0.91356093 0.93005761
0 0.75039411 0.62736775 0.66593779 0.67485616 0.67763881 0.69744337 0.76033109 0.65005619 0.75039411 0.62736775
