0 0.33958333 0.02404966 0.26841215 0.01310767 0.26716709 0.02073825 0.29074991 0.02436391 0.29185248 0.02583711 0.29102244 0.03092416 0.33958333 0.03839001 0.33958333 0.02404966
0 0.68246832 0.16190595 0.68052567 0.15979688 0.65886774 0.15808474 0.61066576 0.28529265 0.61200307 0.28930936 0.62963723 0.29135524 0.63466990 0.28784209 0.68246832 0.16190595
0 0.57881587 0.28277480 0.62849362 0.15503173 0.59362886 0.14966822 0.57116381 0.15049961 0.52504295 0.27526471 0.52664535 0.28256154 0.56996121 0.28598581 0.57881587 0.28277480
0 0.22252176 0.62695058 0.25106670 0.64780636 0.25585979 0.64665372 0.25800000 0.63671779 0.28444338 0.65028829 0.29431437 0.61095420 0.29555943 0.59543584 0.29335412 0.58944376 0.20041572 0.50073135 0.19572639 0.50059080 0.19251608 0.51549469 0.19192610 0.53121788 0.21960845 0.55445524 0.21363541 0.58705425 0.22273537 0.59917897 0.21986888 0.61816728 0.22252176 0.62695058
0 0.80632275 0.40166488 0.80288242 0.39200586 0.72136350 0.45226858 0.72260374 0.45859040 0.72368051 0.46259190 0.80632275 0.40166488
0 0.71034004 0.48358849 0.71189328 0.48456207 0.71332086 0.48506997 0.80908994 0.41350523 0.80631628 0.40418204 0.70766967 0.47702429 0.71034004 0.48358849
0 0.70662719 0.50361171 0.81211004 0.42424683 0.80946233 0.41539221 0.70400481 0.49218806 0.70662719 0.50361171
0 0.71056079 0.51415022 0.81512091 0.43591486 0.81261219 0.42613941 0.70530733 0.50542249 0.71056079 0.51415022
0 0.71251646 0.52717389 0.81813618 0.44711914 0.81536263 0.43780067 0.70988924 0.51621293 0.71251646 0.52717389
0 0.71657345 0.53841088 0.82127273 0.45925286 0.81837385 0.44947067 0.71171508 0.52923192 0.71657345 0.53841088
0 0.71775962 0.55025229 0.82416020 0.47022242 0.82164710 0.46091634 0.71616013 0.54071223 0.71775962 0.55025229
0 0.72233501 0.56173743 0.82717379 0.48165872 0.82439543 0.47280856 0.71812495 0.55281039 0.72233501 0.56173743
0 0.72403958 0.57382699 0.83058415 0.49241177 0.82767351 0.48379155 0.72205423 0.56381174 0.72403958 0.57382699
0 0.72835903 0.58484070 0.83306958 0.50452621 0.83081465 0.49546532 0.72361489 0.57728573 0.72835903 0.58484070
0 0.77310198 0.56400711 0.83647826 0.51551127 0.83356729 0.50689471 0.79237718 0.53729058 0.79286166 0.54100906 0.78944532 0.54414385 0.78830497 0.54086785 0.77085146 0.55444686 0.77310198 0.56400711
0 0.72638216 0.60051914 0.76377890 0.57181975 0.76140494 0.56160883 0.72480530 0.58866522 0.72638216 0.60051914
0 0.73438305 0.60794398 0.83896369 0.52762571 0.83697148 0.51834444 0.72950416 0.60084791 0.73438305 0.60794398
0 0.73516277 0.62139400 0.84237185 0.53861063 0.83959634 0.52953910 0.73410711 0.60955560 0.73516277 0.62139400
0 0.81025172 0.57372403 0.84449678 0.54770429 0.84300001 0.54098868 0.80823882 0.56648624 0.81025172 0.57372403
