0 0.00000000 0.45500141 0.08839553 0.47748057 0.09188069 0.45402383 0.09425990 0.45192432 0.17792922 0.47320160 0.18838439 0.40283338 0.19076421 0.40073333 0.19618541 0.36424618 0.07466543 0.33334340 0.06692080 0.38546838 0.06454108 0.38756776 0.00000000 0.37115483 0.00000000 0.45500141
0 1.00000000 0.18631704 0.93972195 0.18045861 0.84505395 0.35231879 0.80767882 0.43822194 0.88596688 0.45179981 0.90194241 0.44141439 1.00000000 0.24999473 1.00000000 0.18631704
0 1.00000000 0.00000000 0.88196496 0.00000000 0.80519188 0.13753840 0.77825162 0.19660018 0.88955932 0.21736660 1.00000000 0.00389966 1.00000000 0.00000000
0 1.00000000 0.96217457 0.93642959 0.95599615 0.93121211 0.96941696 1.00000000 0.97610246 1.00000000 0.96217457
0 1.00000000 0.93431929 0.94686436 0.92915503 0.94537376 0.93298926 0.94846250 0.93527952 0.94548130 0.94294799 1.00000000 0.94824667 1.00000000 0.93431929
0 1.00000000 0.90845356 0.95655383 0.90423102 0.95208184 0.91573422 0.99809561 0.92020631 1.00000000 0.92161760 1.00000000 0.90845356
0 1.00000000 0.83682454 0.99872446 0.83670057 0.99563552 0.83441080 0.88060158 0.82323063 0.87538410 0.83665144 0.94440427 0.84335952 0.94749321 0.84564929 1.00000000 0.85075243 1.00000000 0.83682454
0 1.00000000 0.80896926 0.90562800 0.79979723 0.90253906 0.79750746 0.89103635 0.79638951 0.88581906 0.80980982 0.94717076 0.81577261 0.95025950 0.81806286 1.00000000 0.82289715 1.00000000 0.80896926
0 1.00000000 0.78111397 0.95057383 0.77631024 0.94748411 0.77401988 0.90147131 0.76954789 0.89774463 0.77913397 0.89316391 0.78067884 0.89167332 0.78451307 1.00000000 0.79504136 1.00000000 0.78111397
0 1.00000000 0.72938201 0.90093182 0.71975356 0.89571434 0.73317437 1.00000000 0.74330991 1.00000000 0.72938201
0 1.00000000 0.70152673 0.91520082 0.69328509 0.91062129 0.69482956 0.90614930 0.70633275 1.00000000 0.71545412 1.00000000 0.70152673
