0 0.63964844 0.51725815 0.60302914 0.51790750 0.60048744 0.51541335 0.53303464 0.51660946 0.53049295 0.51411596 0.46304014 0.51531207 0.46049845 0.51281857 0.39304564 0.51401468 0.39050394 0.51152053 0.32305114 0.51271664 0.32050944 0.51022315 0.27554069 0.51102056 0.27562791 0.51609680 0.27317343 0.51867889 0.27365311 0.54659659 0.27119863 0.54917868 0.27263766 0.63293113 0.27018254 0.63551323 0.27040058 0.64820351 0.63964844 0.64165581 0.63964844 0.51725815
0 0.17945638 0.64981618 0.21044267 0.64926671 0.20952692 0.59596911 0.21443652 0.59080491 0.25440846 0.59009611 0.25384157 0.55710282 0.25629604 0.55452008 0.25529309 0.49614753 0.25774820 0.49356478 0.13283557 0.49577980 0.13029388 0.49328630 0.00288317 0.49554561 0.00553384 0.64981618 0.17945638 0.64981618
0 0.00000000 0.32774350 0.00166217 0.42448279 0.12907288 0.42222348 0.13161458 0.42471763 0.13170179 0.42979322 0.13424348 0.43228672 0.13437431 0.43990075 0.16935007 0.43928054 0.17189176 0.44177404 0.20936562 0.44110953 0.20932201 0.43857174 0.21177649 0.43598965 0.21016304 0.34208537 0.21261751 0.33950263 0.21144011 0.27097760 0.19395287 0.27128770 0.19141054 0.26879421 0.18891245 0.26883851 0.18637076 0.26634501 0.18602191 0.24604135 0.19093087 0.24087716 0.21091684 0.24052276 0.21013191 0.19483919 0.21258703 0.19225709 0.21092996 0.09581437 0.21338444 0.09323227 0.21294836 0.06785237 0.13050640 0.06931427 0.12796407 0.06682092 0.03802734 0.06841572 0.03548552 0.06592210 0.00000000 0.06655134 0.00000000 0.32774350
0 0.31703318 0.00000000 0.24179354 0.00133419 0.24305814 0.07493480 0.24060303 0.07751756 0.24199846 0.15873221 0.23954397 0.16131430 0.24093940 0.24252895 0.23848492 0.24511105 0.23931345 0.29333241 0.25430325 0.29306660 0.25684494 0.29556010 0.38175693 0.29334509 0.38429862 0.29583859 0.38508355 0.34152216 0.38762588 0.34401564 0.50754170 0.34188923 0.51008339 0.34438273 0.52757127 0.34407262 0.53011296 0.34656612 0.53059264 0.37448382 0.58305565 0.37355352 0.58559735 0.37604767 0.63806100 0.37511736 0.63161575 0.00000000 0.31703318 0.00000000
0 0.00000000 0.03354787 0.03242041 0.03297298 0.03496223 0.03546660 0.10491312 0.03422620 0.10745482 0.03671983 0.17740571 0.03547942 0.17994740 0.03797311 0.21242508 0.03739720 0.21198901 0.01201762 0.21444349 0.00943540 0.21431267 0.00182149 0.00000000 0.00562180 0.00000000 0.03354787
0 0.63964844 0.21711072 0.69394990 0.27095989 0.70736123 0.22783995 0.67759338 0.19828028 0.67099591 0.21310222 0.66538008 0.21344576 0.63964844 0.18732352 0.63964844 0.21711072
0 0.63964844 0.99149797 0.62751912 0.99161388 0.62764994 0.99571706 0.63964844 0.99560240 0.63964844 0.99149797
0 0.58750357 0.99062825 0.55502653 0.99093860 0.55248483 0.98959451 0.53999376 0.98971387 0.53745143 0.98837014 0.40254646 0.98965929 0.40280811 0.99786565 0.59267481 0.99605128 0.59250039 0.99058050 0.59495486 0.98918866 0.60994402 0.98904543 0.60985681 0.98631021 0.61231193 0.98491872 0.61178864 0.96850635 0.61424311 0.96711452 0.61674120 0.96709065 0.61928354 0.96843473 0.62427971 0.96838699 0.62673419 0.96699516 0.62629812 0.95331836 0.62380003 0.95334223 0.62125834 0.95199849 0.56879469 0.95249984 0.56979766 0.98395696 0.56734318 0.98534844 0.56743039 0.98808366 0.58741635 0.98789268 0.58995805 0.98923641 0.58750357 0.99062825
0 0.63964844 0.90175426 0.63854067 0.86701011 0.61355789 0.86724884 0.61101620 0.86590510 0.57354235 0.86626320 0.57108786 0.86765468 0.57182918 0.89090545 0.57682599 0.89085770 0.57936769 0.89220179 0.61184473 0.89189144 0.61438642 0.89323518 0.61460446 0.90007357 0.61214998 0.90146506 0.60715317 0.90151281 0.60461147 0.90016907 0.56963635 0.90050329 0.57033406 0.92238644 0.59531620 0.92214772 0.59785853 0.92349145 0.63964844 0.92309210 0.63964844 0.90175426
0 0.41824646 0.93341668 0.41579134 0.93480817 0.41614019 0.94574975 0.44362106 0.94548714 0.44616275 0.94683088 0.44620636 0.94819883 0.44375188 0.94959032 0.41627101 0.94985292 0.41696873 0.97173608 0.41451425 0.97312756 0.41486310 0.98406914 0.45983185 0.98363942 0.46237355 0.98498351 0.54481552 0.98419569 0.54464108 0.97872455 0.54709556 0.97733307 0.55708854 0.97723758 0.55963087 0.97858131 0.56212896 0.97855744 0.56134404 0.95393906 0.56379852 0.95254758 0.56375492 0.95117997 0.53127788 0.95149032 0.52873554 0.95014624 0.46128337 0.95079081 0.45874168 0.94944707 0.45852365 0.94260868 0.46097813 0.94121719 0.46597430 0.94116945 0.46851599 0.94251319 0.55595477 0.94167762 0.55849710 0.94302136 0.56099518 0.94299748 0.56047190 0.92658512 0.55047891 0.92668061 0.54793658 0.92533688 0.54776216 0.91986609 0.55021728 0.91847460 0.56270835 0.91835524 0.56205424 0.89783969 0.54956317 0.89795906 0.54702084 0.89661532 0.54680279 0.88977658 0.54925792 0.88838509 0.56174899 0.88826572 0.56157456 0.88279493 0.56402904 0.88140345 0.56354936 0.86635870 0.54856020 0.86650193 0.54860381 0.86786954 0.54614869 0.86926103 0.53615634 0.86935652 0.53619996 0.87072448 0.53374484 0.87211596 0.53396287 0.87895436 0.53150839 0.88034584 0.52151540 0.88044134 0.51906093 0.88183317 0.49158006 0.88209578 0.48903836 0.88075169 0.48855869 0.86570728 0.47606762 0.86582665 0.47352529 0.86448291 0.43355335 0.86486489 0.43412024 0.88264486 0.43166576 0.88403634 0.43218904 0.90044871 0.42973456 0.90184019 0.41724349 0.90195956 0.41824646 0.93341668
0 0.84044349 0.80302914 0.82957140 0.80809664 0.82534220 0.80150949 0.77516422 0.83077034 0.79764914 0.86190591 0.80940248 0.85504820 0.81406489 0.86029601 0.82452768 0.85789890 0.82919009 0.86314670 0.86759082 0.83941251 0.84044349 0.80302914
0 0.86560940 0.95796747 0.90209341 0.95468517 0.89865777 0.94142622 0.86260642 0.94336974 0.86560940 0.95796747
