0 0.33750000 0.00000000 0.27116299 0.00000000 0.28057789 0.03776111 0.27830187 0.04154904 0.29644601 0.11432122 0.29416999 0.11810916 0.31155817 0.18784936 0.30928215 0.19163730 0.32213420 0.24318407 0.32516618 0.24242811 0.32895412 0.24470413 0.33750000 0.24257340 0.33750000 0.00000000
0 0.58976732 0.26126909 0.47569889 0.38246477 0.50640445 0.40916388 0.62047288 0.28796820 0.58976732 0.26126909
0 0.06159105 0.99314944 0.07068776 0.99088137 0.07296456 0.98709324 0.06918458 0.97193256 0.07146041 0.96814385 0.06919254 0.95904791 0.06009582 0.96131598 0.05630788 0.95903995 0.02901773 0.96584415 0.02674171 0.96963209 0.03052169 0.98479277 0.02824567 0.98858070 0.03051373 0.99767742 0.05780311 0.99087342 0.06159105 0.99314944
0 0.06845249 0.93024662 0.06467232 0.91508517 0.06694834 0.91129723 0.06391636 0.91205319 0.06012842 0.90977717 0.02374233 0.91884924 0.02676636 0.93097793 0.02449033 0.93476587 0.02902627 0.95295853 0.06844434 0.94313050 0.06617647 0.93403456 0.06845249 0.93024662
0 0.06544496 0.89234765 0.06468901 0.88931567 0.06696503 0.88552773 0.06318505 0.87036705 0.06546088 0.86657834 0.06394896 0.86051438 0.02149891 0.87109836 0.02376698 0.88019508 0.02149096 0.88398302 0.02451498 0.89611172 0.02223818 0.89989985 0.02299414 0.90293182 0.06544496 0.89234765
0 0.06320174 0.84459755 0.06168963 0.83853281 0.06396565 0.83474487 0.05867356 0.81351946 0.01925472 0.82334768 0.02076682 0.82941242 0.01849080 0.83320036 0.02227078 0.84836103 0.01999476 0.85214897 0.02075091 0.85518173 0.06320174 0.84459755
0 0.33750000 0.74722068 0.32019611 0.75153503 0.31640817 0.74925901 0.31338414 0.73713031 0.29215873 0.74242240 0.28837079 0.74014638 0.27017814 0.74468232 0.29588243 0.84777663 0.31104311 0.84399664 0.31483105 0.84627267 0.32239101 0.87659402 0.32011499 0.88038196 0.31632627 0.87810613 0.30116560 0.88188611 0.30721365 0.90614350 0.30493762 0.90993144 0.31325374 0.94328555 0.33750000 0.93724028 0.33750000 0.74722068
0 0.09202689 0.80520354 0.08975087 0.80899148 0.11091923 0.89389313 0.10864321 0.89768107 0.11998334 0.94316388 0.11770732 0.94695182 0.09951389 0.95148795 0.09723787 0.95527588 0.10630994 0.99166197 0.18211410 0.97276188 0.18590203 0.97503790 0.26473895 0.95538165 0.26852708 0.95765844 0.30491317 0.94858637 0.27996483 0.84852404 0.28224085 0.84473611 0.25880462 0.75073852 0.19816192 0.76585844 0.19437320 0.76358261 0.19210513 0.75448589 0.18300842 0.75675396 0.17922048 0.75447794 0.12464173 0.76808595 0.12085380 0.76580992 0.10569234 0.76959010 0.11098443 0.79081551 0.10870841 0.79460345 0.10264445 0.79611537 0.10036765 0.79990350 0.09127094 0.80217156 0.09202689 0.80520354
0 0.06095754 0.79684687 0.06020158 0.79381489 0.06247741 0.79002618 0.05794147 0.77183352 0.06021827 0.76804539 0.05870616 0.76198065 0.01625533 0.77256483 0.01852340 0.78166155 0.01624738 0.78544949 0.02002736 0.80061016 0.01775153 0.80439888 0.01850749 0.80743086 0.06095754 0.79684687
0 0.08870738 0.55937500 0.10502604 0.62482557 0.10275021 0.62861428 0.10501828 0.63771100 0.10274148 0.64149913 0.08454883 0.64603507 0.10118086 0.71274251 0.09890503 0.71653122 0.09966098 0.71956321 0.10344892 0.72183923 0.16409241 0.70671911 0.16788034 0.70899513 0.23762054 0.69160695 0.24140848 0.69388297 0.27779457 0.68481090 0.28158348 0.68708750 0.28385154 0.69618422 0.33539831 0.68333217 0.33750000 0.68459499 0.33750000 0.65301188 0.32256993 0.59313066 0.30437728 0.59766660 0.30058934 0.59539058 0.29832127 0.58629386 0.30059730 0.58250592 0.29832923 0.57340921 0.30060525 0.56962127 0.31879868 0.56508514 0.31737499 0.55937500 0.08870738 0.55937500
0 0.02429403 0.55937500 0.02775052 0.57323824 0.02547450 0.57702618 0.02925448 0.59218686 0.02697866 0.59597557 0.03000268 0.60810427 0.02772588 0.61189240 0.03150586 0.62705307 0.02923003 0.63084179 0.03301001 0.64600247 0.03073399 0.64979040 0.03451397 0.66495108 0.03223717 0.66873921 0.03526139 0.68086868 0.03298537 0.68465662 0.03676535 0.69981730 0.03448933 0.70360524 0.03826931 0.71876591 0.03599348 0.72255463 0.03750539 0.72861859 0.05873081 0.72332650 0.05570678 0.71119780 0.05798281 0.70740986 0.05420282 0.69224919 0.05647865 0.68846047 0.05345482 0.67633255 0.05573065 0.67254384 0.05270663 0.66041514 0.05498265 0.65662720 0.05120267 0.64146653 0.05347928 0.63767762 0.05045545 0.62554970 0.05273128 0.62176098 0.04895129 0.60660031 0.05122732 0.60281237 0.04820329 0.59068367 0.05047990 0.58689477 0.04669992 0.57173409 0.04897594 0.56794615 0.04683891 0.55937500 0.02429403 0.55937500
