0 0.00000000 0.43019649 0.04029393 0.43143319 0.04837423 0.42481055 0.00000000 0.42332585 0.00000000 0.43019649
0 0.00000000 0.40958457 0.06258320 0.41150537 0.06864363 0.40653829 0.06871179 0.40482283 0.07881216 0.39654421 0.07888032 0.39482875 0.08898069 0.38655056 0.08904884 0.38483510 0.09914971 0.37655692 0.09921788 0.37484103 0.10931824 0.36656284 0.10938640 0.36484738 0.11746680 0.35822474 0.11753497 0.35650885 0.12763533 0.34823066 0.12770349 0.34651520 0.13780386 0.33823701 0.13787201 0.33652155 0.14797289 0.32824294 0.14804105 0.32652748 0.15814141 0.31824929 0.15820959 0.31653339 0.16830995 0.30825520 0.16837811 0.30653974 0.17443854 0.30157266 0.17067073 0.29802192 0.16865076 0.29967747 0.14717935 0.29901847 0.14515938 0.30067402 0.07488971 0.29851730 0.07300606 0.29674194 0.06715013 0.29656221 0.06513016 0.29821776 0.06506201 0.29993321 0.05698159 0.30655629 0.05691344 0.30827175 0.05085303 0.31323839 0.05078485 0.31495429 0.04270446 0.32157693 0.04263630 0.32329239 0.04061623 0.32494794 0.00938527 0.32398939 0.00750147 0.32221403 0.00770596 0.31706721 0.00000000 0.31683070 0.00000000 0.40958457
0 0.00000000 0.28075995 0.11844600 0.28439530 0.12046597 0.28273975 0.12067046 0.27759294 0.12269043 0.27593738 0.12464224 0.27599729 0.12652590 0.27777265 0.12847821 0.27783257 0.12881902 0.26925484 0.10539579 0.26853593 0.10351214 0.26676057 0.10385297 0.25818240 0.07652563 0.25734367 0.07464198 0.25556830 0.07498279 0.24699057 0.07700278 0.24533458 0.08285871 0.24551431 0.08313134 0.23865248 0.05970812 0.23793357 0.05782448 0.23615777 0.05823345 0.22586458 0.06025342 0.22420903 0.07001297 0.22450857 0.07021747 0.21936175 0.06240973 0.21912212 0.06052609 0.21734631 0.04491051 0.21686704 0.04302671 0.21509167 0.04316303 0.21166075 0.04127922 0.20988539 0.04134740 0.20816949 0.01597227 0.20739067 0.01408852 0.20561531 0.01429301 0.20046849 0.01631308 0.19881294 0.01644940 0.19538203 0.01846948 0.19372604 0.02432531 0.19390576 0.02459797 0.18704349 0.00117474 0.18632459 0.00000000 0.21589122 0.00000000 0.28075995
0 0.00165189 0.17431550 0.00750772 0.17449523 0.00771220 0.16934885 0.00582839 0.16757348 0.00192453 0.16745367 0.00165189 0.17431550
0 1.00000000 0.24703783 0.98076113 0.24106212 0.98441714 0.19233190 0.86151339 0.18608569 0.85004963 0.23454326 0.92987449 0.24319375 0.92433470 0.28990387 0.93005418 0.29401223 1.00000000 0.29574044 1.00000000 0.24703783
0 0.69703250 0.20836327 0.69670808 0.26045750 0.82351570 0.26684004 0.83479976 0.16756399 0.58710848 0.15305148 0.57185239 0.25414313 0.66352518 0.25929873 0.66467658 0.20568802 0.68237094 0.20785128 0.69703250 0.20836327
0 0.00000000 0.77566861 0.05666570 0.77788704 0.05673388 0.77569831 0.05875384 0.77358656 0.13683125 0.77664325 0.13885122 0.77453150 0.13912387 0.76577829 0.13724022 0.76351372 0.13758105 0.75257179 0.13569740 0.75030721 0.13603821 0.73936584 0.13415408 0.73710069 0.13449489 0.72615931 0.13261123 0.72389474 0.13463121 0.72178299 0.13853532 0.72193583 0.13867166 0.71755895 0.13678801 0.71529438 0.13712882 0.70435300 0.13524469 0.70208785 0.13565365 0.68895831 0.13377000 0.68669374 0.13411081 0.67575237 0.12825488 0.67552311 0.12637125 0.67325798 0.12441944 0.67318156 0.12253579 0.67091699 0.11277574 0.67053489 0.11089209 0.66827031 0.11096026 0.66608159 0.10907661 0.66381702 0.09931656 0.66343492 0.09554926 0.65890577 0.08383739 0.65844725 0.08195374 0.65618268 0.08209008 0.65180579 0.08020643 0.64954122 0.06654276 0.64900629 0.06465912 0.64674116 0.06472728 0.64455300 0.05106371 0.64401808 0.04917996 0.64175350 0.04931627 0.63737717 0.04150853 0.63707150 0.03962480 0.63480637 0.03767284 0.63472995 0.03578904 0.63246537 0.00651004 0.63131911 0.00462626 0.62905453 0.00489891 0.62030132 0.00301513 0.61803674 0.00000000 0.71483439 0.00000000 0.77566861
0 0.70832692 0.64817306 0.59121081 0.64408328 0.58689796 0.65565856 0.59588305 0.73414495 0.65444111 0.73618984 0.66697067 0.71317560 0.70224183 0.71049866 0.70832692 0.64817306
0 1.00000000 0.66099146 0.94444292 0.65837273 0.93828967 0.72265026 0.94459782 0.76586549 1.00000000 0.77120356 1.00000000 0.66099146
0 0.50000000 0.73187894 0.55092038 0.73452913 0.56903310 0.71952712 0.56022771 0.69185921 0.56508586 0.66466844 0.55614414 0.64090440 0.50000000 0.63845485 0.50000000 0.73187894
