0 0.36778846 0.44946341 0.53720437 0.45375991 0.53858336 0.42508148 0.36778846 0.42075000 0.36778846 0.44946341
0 0.36778846 0.38485825 0.50575440 0.38835716 0.50830852 0.38662700 0.54039330 0.38744069 0.54125516 0.36951690 0.54380925 0.36778720 0.54510206 0.34090106 0.54765679 0.33917137 0.54843247 0.32303987 0.37566725 0.31865842 0.37311302 0.32038812 0.36778846 0.32025309 0.36778846 0.38485825
0 0.64962326 0.32560614 0.64724155 0.32375081 0.60281594 0.32262414 0.59954082 0.39073565 0.68839141 0.39298896 0.69094616 0.39125882 0.87851900 0.39601580 0.88162171 0.33148979 0.64962326 0.32560614
0 0.88510071 0.20775112 0.88639352 0.18086497 0.60750155 0.17379207 0.60620874 0.20067822 0.60365464 0.20240792 0.60158616 0.24542556 0.88541395 0.25262364 0.88748244 0.20960599 0.88510071 0.20775112
0 0.36778846 0.28077193 0.54283804 0.28521131 0.54387228 0.26370248 0.54149055 0.26184760 0.54404464 0.26011791 0.54651256 0.26018049 0.54906668 0.25845034 0.55153522 0.25851294 0.55437939 0.19936379 0.55199702 0.19750889 0.55251416 0.18675425 0.55013242 0.18489938 0.55064953 0.17414519 0.54826782 0.17228986 0.50631076 0.17122580 0.50392902 0.16937093 0.37065283 0.16599095 0.36778846 0.22556020 0.36778846 0.28077193
0 0.55050868 0.12568764 0.55306277 0.12395794 0.55323515 0.12037291 0.55578925 0.11864321 0.55871962 0.05770131 0.55633788 0.05584643 0.55659643 0.05046957 0.38876767 0.04621331 0.38621344 0.04794301 0.37634116 0.04769264 0.37246275 0.12835062 0.54769601 0.13279466 0.55025011 0.13106496 0.55050868 0.12568764
0 0.30369073 0.66671070 0.19746162 0.69635555 0.20187244 0.71703410 0.30818858 0.68482823 0.30369073 0.66671070
0 0.50718057 0.60828188 0.54388138 0.68311909 0.63147360 0.64432728 0.59459586 0.57455670 0.50718057 0.60828188
0 0.56077414 0.70780479 0.58769558 0.77215488 0.67419807 0.72825224 0.64705547 0.67023541 0.56077414 0.70780479
0 0.60852099 0.79317332 0.63570782 0.84992349 0.71954431 0.80973234 0.69489079 0.75307063 0.60852099 0.79317332
0 0.65382300 0.87592008 0.67978741 0.93135937 0.76733539 0.89383422 0.73901460 0.83323985 0.65382300 0.87592008
0 0.75844449 1.00000000 0.81272587 0.97404767 0.78160637 0.92096476 0.69650323 0.96111168 0.71558944 1.00000000 0.75844449 1.00000000
0 0.54245787 0.94178211 0.57226648 0.99608743 0.65256840 0.94816365 0.62153737 0.89254744 0.54245787 0.94178211
0 0.49711163 0.86030200 0.52692024 0.91460732 0.60971124 0.86803866 0.58239170 0.81508846 0.49711163 0.86030200
0 0.45045450 0.78004432 0.47904069 0.83303876 0.56580858 0.78153617 0.53333396 0.73094235 0.45045450 0.78004432
0 0.39179432 0.68034448 0.43225087 0.75658104 0.52041811 0.70132272 0.48367306 0.62775218 0.39179432 0.68034448
