0 0.21439945 0.26556089 0.19586551 0.27778669 0.19415080 0.27780576 0.19246601 0.27891712 0.35022962 0.27716293 0.35010989 0.27279348 0.32781726 0.27304135 0.32607260 0.27196785 0.32592294 0.26650610 0.30877445 0.26669678 0.30702981 0.26562355 0.30691008 0.26125410 0.31028009 0.25903138 0.31370952 0.25899325 0.31361972 0.25571609 0.29475652 0.25592583 0.29301187 0.25485232 0.29292207 0.25157544 0.29460686 0.25046408 0.29632202 0.25044501 0.29800680 0.24933337 0.30658082 0.24923804 0.30646109 0.24486859 0.28073858 0.24515460 0.27899393 0.24408137 0.27887420 0.23971192 0.27373005 0.23976912 0.27204483 0.24088048 0.25489678 0.24107115 0.23636283 0.25329695 0.23464812 0.25331602 0.21611417 0.26554182 0.21439945 0.26556089
0 0.43906250 0.23524656 0.41133523 0.25353668 0.41151483 0.26009099 0.41322955 0.26007193 0.41491434 0.25896057 0.43377754 0.25875083 0.43552219 0.25982405 0.43564192 0.26419350 0.43906250 0.26415547 0.43906250 0.23524656
0 0.06836990 0.25735013 0.07011456 0.25842363 0.07014449 0.25951593 0.08900725 0.25930619 0.09075234 0.26037941 0.09087207 0.26474887 0.10802011 0.26455820 0.10976520 0.26563142 0.10991487 0.27109344 0.10822964 0.27220481 0.10137033 0.27228107 0.10146014 0.27555823 0.11860862 0.27536756 0.12035327 0.27644079 0.12206798 0.27642172 0.12381307 0.27749494 0.12387294 0.27967981 0.18217683 0.27903152 0.18723162 0.27569716 0.18894633 0.27567809 0.20579549 0.26456365 0.20751021 0.26454458 0.22435894 0.25343043 0.22607365 0.25341136 0.24292282 0.24229720 0.24463754 0.24227813 0.26148670 0.23116369 0.26320141 0.23114462 0.26308168 0.22677517 0.24250376 0.22700397 0.24075912 0.22593075 0.24063939 0.22156130 0.23378008 0.22163757 0.23203542 0.22056406 0.22003153 0.22069753 0.21828688 0.21962430 0.21816715 0.21525485 0.21985194 0.21414349 0.22156665 0.21412443 0.22325144 0.21301307 0.23011075 0.21293680 0.23002095 0.20965964 0.21115775 0.20986938 0.20941310 0.20879615 0.20926343 0.20333413 0.21094822 0.20222277 0.21780796 0.20214650 0.21771817 0.19886962 0.19713981 0.19909843 0.19539516 0.19802492 0.19521557 0.19147089 0.17463764 0.19169969 0.17295286 0.19281105 0.16609355 0.19288732 0.12902566 0.21733893 0.12731095 0.21735799 0.06833997 0.25625784 0.06836990 0.25735013
0 0.43906250 0.20121984 0.43701503 0.12649872 0.41848107 0.13872424 0.41676636 0.13874331 0.32241228 0.20098340 0.32415693 0.20205662 0.32418687 0.20314920 0.32767660 0.20529564 0.32770654 0.20638822 0.33119583 0.20853467 0.33122576 0.20962696 0.33297041 0.21070019 0.33300035 0.21179276 0.33649008 0.21393921 0.33652002 0.21503178 0.34000931 0.21717824 0.34003925 0.21827053 0.34352899 0.22041726 0.34355892 0.22150955 0.34530356 0.22258278 0.36416677 0.22237304 0.36765607 0.22451977 0.36768600 0.22561207 0.36943109 0.22668529 0.36946102 0.22777758 0.37295032 0.22992431 0.37298025 0.23101661 0.37472490 0.23209011 0.37475484 0.23318241 0.37824457 0.23532886 0.37827450 0.23642115 0.38001915 0.23749466 0.38004909 0.23858695 0.38353883 0.24073368 0.38356876 0.24182597 0.38531340 0.24289920 0.38534334 0.24399149 0.38708798 0.24506472 0.40423603 0.24487405 0.40598112 0.24594755 0.41455515 0.24585221 0.42466473 0.23918349 0.42637945 0.23916442 0.43906250 0.23079813 0.43906250 0.20121984
0 0.22671981 0.15178354 0.22503503 0.15289490 0.22506496 0.15398720 0.23363898 0.15389186 0.23538364 0.15496537 0.23553330 0.16042711 0.23896317 0.16038897 0.24070782 0.16146220 0.24073775 0.16255449 0.24248240 0.16362800 0.24257220 0.16690488 0.26143540 0.16669514 0.26318005 0.16776837 0.26329978 0.17213810 0.26844437 0.17208089 0.27018902 0.17315412 0.27033868 0.17861586 0.27548327 0.17855866 0.27722792 0.17963189 0.27737758 0.18509363 0.28080745 0.18505550 0.28255211 0.18612900 0.28267183 0.19049845 0.28441648 0.19157168 0.28956107 0.19151448 0.29124586 0.19040312 0.30324976 0.19026965 0.30499440 0.19134287 0.30511413 0.19571232 0.31197344 0.19563606 0.31371853 0.19670928 0.32057739 0.19663302 0.32042773 0.19117127 0.32211296 0.19005991 0.33068698 0.18996457 0.33050738 0.18341025 0.33219217 0.18229890 0.34076663 0.18220355 0.34064690 0.17783410 0.34233169 0.17672274 0.35090571 0.17662741 0.35081591 0.17335025 0.35418593 0.17112753 0.36104479 0.17105126 0.36089513 0.16558924 0.36258035 0.16447787 0.36943966 0.16440161 0.36929000 0.15893986 0.37097478 0.15782822 0.37954880 0.15773289 0.37942908 0.15336372 0.38111430 0.15225207 0.38968832 0.15215674 0.38794323 0.15108352 0.38785343 0.14780636 0.38953866 0.14669499 0.39811268 0.14659966 0.39799295 0.14223021 0.39967774 0.14111885 0.40825220 0.14102351 0.40810254 0.13556176 0.40978732 0.13445012 0.41836135 0.13435479 0.41821168 0.12889304 0.42158170 0.12667032 0.42501113 0.12663219 0.42489139 0.12226246 0.42657618 0.12115110 0.43172077 0.12109390 0.43340555 0.11998254 0.43683543 0.11994440 0.43506942 0.05549492 0.42992482 0.05555212 0.42818018 0.05447890 0.42809038 0.05120174 0.42634529 0.05012851 0.42291586 0.05016665 0.42117121 0.04909342 0.42102154 0.04363140 0.41759167 0.04366953 0.41584702 0.04259630 0.41572729 0.03822685 0.40029396 0.03839846 0.35480171 0.06840714 0.35308699 0.06842621 0.26715728 0.12510922 0.26544256 0.12512828 0.22668988 0.15069097 0.22671981 0.15178354
0 0.00000000 0.14106415 0.00173958 0.20454898 0.00516923 0.20451084 0.00691401 0.20558407 0.01377332 0.20550780 0.01359373 0.19895376 0.01527860 0.19784240 0.03242687 0.19765173 0.03068208 0.19657822 0.03044263 0.18783932 0.03212754 0.18672796 0.04584594 0.18657542 0.04554662 0.17565193 0.04723184 0.17454057 0.06266517 0.17436897 0.06248557 0.16781465 0.06417036 0.16670329 0.07617426 0.16656982 0.07590487 0.15673862 0.07758965 0.15562698 0.09473813 0.15543631 0.09446874 0.14560511 0.09615353 0.14449375 0.10987214 0.14434121 0.10972248 0.13887947 0.11140726 0.13776783 0.12684059 0.13759623 0.12666100 0.13104219 0.12491635 0.12996896 0.12482655 0.12669180 0.12651133 0.12558016 0.14022995 0.12542763 0.13975103 0.10794982 0.14143625 0.10683846 0.15515487 0.10668592 0.15683965 0.10557456 0.15671992 0.10120511 0.15840471 0.10009375 0.17383848 0.09992214 0.17368882 0.09446039 0.16511436 0.09455573 0.16342957 0.09566709 0.15657026 0.09574336 0.15482561 0.09467014 0.15464602 0.08811582 0.13921225 0.08828743 0.13746760 0.08721420 0.13740773 0.08502933 0.13909252 0.08391798 0.13894286 0.07845623 0.13719821 0.07738300 0.12519431 0.07751648 0.12344966 0.07644297 0.12315034 0.06551948 0.10600229 0.06571015 0.10425764 0.06463664 0.10413791 0.06026747 0.10582269 0.05915583 0.09210408 0.05930837 0.09035943 0.05823515 0.09006010 0.04731138 0.08831502 0.04623815 0.08488558 0.04627629 0.08320036 0.04738765 0.07634149 0.04746391 0.07459640 0.04639069 0.07450661 0.04311381 0.05735857 0.04330448 0.05561347 0.04223098 0.05528421 0.03021492 0.04328076 0.03034839 0.03979111 0.02820194 0.03970131 0.02492483 0.02769755 0.02505831 0.02595277 0.02398502 0.02568338 0.01415377 0.00510545 0.01438258 0.00336072 0.01330927 0.00321106 0.00784744 0.00000000 0.00788314 0.00000000 0.14106415
0 0.21761541 0.00000000 0.09223238 0.00139414 0.09229225 0.00357887 0.10086627 0.00348353 0.10255149 0.00237210 0.10426621 0.00235303 0.10601086 0.00342633 0.10604079 0.00451871 0.10778544 0.00559199 0.10784531 0.00777672 0.11813449 0.00766231 0.11987913 0.00873562 0.12159385 0.00871655 0.12333850 0.00978984 0.12357796 0.01852874 0.14072645 0.01833807 0.14247110 0.01941135 0.14259082 0.02378080 0.15630944 0.02362826 0.15805453 0.02470157 0.15835385 0.03562520 0.17207246 0.03547266 0.17381711 0.03654588 0.17390691 0.03982304 0.17565156 0.04089627 0.17574136 0.04417343 0.18945997 0.04402089 0.19120462 0.04509412 0.19150395 0.05601789 0.20522256 0.05586535 0.20696721 0.05693858 0.20708694 0.06130803 0.24138391 0.06092668 0.24111452 0.05109548 0.24279930 0.04998412 0.25651792 0.04983158 0.25621859 0.03890782 0.25790338 0.03779646 0.27505143 0.03760579 0.27493170 0.03323633 0.27661692 0.03212497 0.27833164 0.03210590 0.28001642 0.03099427 0.29030560 0.03087986 0.29015594 0.02541811 0.29184072 0.02430670 0.29172099 0.01993725 0.29340578 0.01882580 0.30712439 0.01867327 0.30667540 0.00228784 0.30836062 0.00117639 0.33751257 0.00085225 0.33748922 0.00000000 0.21761541 0.00000000
0 0.09339219 0.56125726 0.16284520 0.67810669 0.16437871 0.67804398 0.22963195 0.64175900 0.22917481 0.61556924 0.17499412 0.51517453 0.17013236 0.51525939 0.09339219 0.56125726
0 0.39425735 0.95378654 0.39428024 0.95250157 0.30301103 0.77304992 0.21558496 0.82182845 0.21560388 0.82291266 0.31170067 0.99879983 0.31406438 0.99875857 0.39425735 0.95378654
0 0.63064335 0.70427196 0.66229387 0.69395841 0.65026101 0.63419218 0.62044797 0.64206465 0.63064335 0.70427196
0 0.44501748 0.53072927 0.49559206 0.53679989 0.49880836 0.49830453 0.45007126 0.48979282 0.44501748 0.53072927
0 0.72838871 0.60362410 0.76561687 0.59078337 0.76529053 0.56677586 0.72802977 0.57721742 0.72838871 0.60362410
0 0.62924018 0.60104440 0.69992188 0.57304313 0.69962819 0.55143704 0.62891385 0.57703689 0.62924018 0.60104440
