0 0.62215368 0.50000000 0.62238906 0.49752380 0.48996063 0.49071162 0.48749743 0.48862715 0.47690319 0.48808218 0.47577032 0.50000000 0.62215368 0.50000000
0 0.65409183 0.50000000 0.65824635 0.45629439 0.65559795 0.45615815 0.65313408 0.45407364 0.63459465 0.45311997 0.63013839 0.50000000 0.65409183 0.50000000
0 0.61605455 0.45216625 0.61359135 0.45008178 0.48116293 0.44326960 0.47875527 0.46859825 0.62442633 0.47609163 0.62516715 0.46829816 0.62800074 0.46648616 0.62929719 0.45284746 0.61605455 0.45216625
0 0.45181687 0.50000000 0.45306630 0.48685600 0.41863517 0.48508485 0.41617134 0.48299983 0.42024583 0.44013600 0.38051791 0.43809238 0.37805404 0.43600787 0.31184016 0.43260180 0.30572839 0.49689780 0.36603512 0.50000000 0.45181687 0.50000000
0 0.19795184 0.42674334 0.19548869 0.42465836 0.15046331 0.42234224 0.14416630 0.48858698 0.29513415 0.49635282 0.30087553 0.43595331 0.30370911 0.43414131 0.30389431 0.43219306 0.19795184 0.42674334
0 0.00000000 0.48117100 0.12827459 0.48776950 0.13049705 0.46438909 0.10666017 0.46316291 0.10419702 0.46107794 0.09889955 0.46080543 0.09643635 0.45872096 0.09902920 0.43144406 0.09656605 0.42935909 0.09767726 0.41766913 0.00000000 0.41264458 0.00000000 0.48117100
0 0.67968750 0.21853447 0.66230129 0.21764012 0.65822679 0.26050395 0.65539316 0.26231645 0.64298443 0.39285669 0.64015084 0.39466870 0.63607630 0.43753303 0.65991318 0.43875920 0.67968750 0.23073280 0.67968750 0.21853447
0 0.62566656 0.43503978 0.62937067 0.39607243 0.63220499 0.39425996 0.64146524 0.29684184 0.64429882 0.29502984 0.65170704 0.21709515 0.53781872 0.21123668 0.53535552 0.20915220 0.50887024 0.20778979 0.50405492 0.25844709 0.50122065 0.26025906 0.49066396 0.37131587 0.48783032 0.37312838 0.48264457 0.42768267 0.62566656 0.43503978
0 0.42967333 0.42495780 0.43213653 0.42704228 0.45862249 0.42840473 0.45991894 0.41476603 0.46275252 0.41295403 0.47330922 0.30189721 0.47614281 0.30008520 0.48503267 0.20656358 0.43206144 0.20383871 0.42959829 0.20175374 0.33954753 0.19712149 0.33436177 0.25167577 0.33152751 0.25348775 0.31837791 0.39182195 0.31554432 0.39363396 0.31313661 0.41896311 0.42967333 0.42495780
0 0.15477854 0.40494329 0.15459334 0.40689153 0.18902448 0.40866269 0.19148831 0.41074770 0.30537595 0.41660613 0.31241378 0.34256792 0.31524737 0.34075591 0.32895260 0.19657648 0.18328221 0.18908314 0.16939179 0.33521081 0.16655752 0.33702278 0.16359424 0.36819666 0.16076065 0.37000867 0.15761212 0.40313129 0.15477854 0.40494329
0 0.00000000 0.39698142 0.12829326 0.40358088 0.13075645 0.40566536 0.13605324 0.40593782 0.13883129 0.37671269 0.14166492 0.37490018 0.14981396 0.28917202 0.15264822 0.28736005 0.16079727 0.20163189 0.16363085 0.19981988 0.16492730 0.18618118 0.11990192 0.18386506 0.11743804 0.18178055 0.03003581 0.17728454 0.02757252 0.17519956 0.01432975 0.17451834 0.00673629 0.25440178 0.00390250 0.25621378 0.00000000 0.29726820 0.00000000 0.39698142
0 0.67968750 0.06273405 0.67032068 0.16127332 0.66748704 0.16308583 0.66378293 0.20205318 0.67968750 0.20287132 0.67968750 0.06273405
0 0.67219137 0.05760138 0.67608068 0.01668569 0.53040961 0.00919231 0.52114936 0.10661043 0.51831573 0.10842293 0.51016669 0.19415109 0.65583708 0.20164444 0.66935709 0.05941350 0.67219137 0.05760138
0 0.44924960 0.19101749 0.45054605 0.17737880 0.45337963 0.17556679 0.45560210 0.15218638 0.45843573 0.15037388 0.49286755 0.15214506 0.50564670 0.01770795 0.50848030 0.01589584 0.50922112 0.00810237 0.36090166 0.00047275 0.35071535 0.10763308 0.34788176 0.10944509 0.34084393 0.18348329 0.34614071 0.18375576 0.34860391 0.18584024 0.44924960 0.19101749
0 0.20657853 0.00000000 0.20358063 0.03153798 0.20074703 0.03335009 0.18852346 0.16194248 0.18568987 0.16375449 0.18476385 0.17349620 0.23773509 0.17622106 0.24019824 0.17830604 0.33289807 0.18307455 0.33826907 0.12657153 0.34110265 0.12475952 0.35295580 0.00006402 0.35171134 0.00000000 0.20657853 0.00000000
0 0.03358038 0.00000000 0.02364563 0.10451386 0.02081191 0.10632586 0.01544096 0.16282839 0.07635751 0.16596196 0.07882138 0.16804648 0.12914423 0.17063510 0.13266314 0.13361600 0.13549673 0.13180399 0.16992786 0.13357514 0.17029825 0.12967866 0.17313183 0.12786665 0.18424419 0.01096436 0.18707847 0.00915224 0.18794845 0.00000000 0.03358038 0.00000000
0 0.02293433 0.00000000 0.00749524 0.16241966 0.01014380 0.16255590 0.02014487 0.05734432 0.02297868 0.05553182 0.02825735 0.00000000 0.02293433 0.00000000
0 0.74191053 0.47621528 0.74315894 0.47635155 0.74350807 0.46855808 0.74217236 0.47037055 0.73842808 0.46996185 0.73816625 0.47580658 0.73932707 0.47789105 0.74057516 0.47802729 0.74191053 0.47621528
0 0.67968750 0.47333942 0.68307201 0.47370886 0.68440747 0.47189636 0.68815200 0.47230509 0.68841383 0.46646036 0.68725291 0.46437587 0.68760206 0.45658191 0.68644114 0.45449742 0.68652842 0.45254917 0.68403211 0.45227669 0.68269664 0.45408869 0.67968750 0.45376023 0.67968750 0.47333942
0 0.69793654 0.44987888 0.69767472 0.45572361 0.69883563 0.45780810 0.69857378 0.46365332 0.69973464 0.46573830 0.69964737 0.46768655 0.70464006 0.46823152 0.70597542 0.46641951 0.70972002 0.46682825 0.71105541 0.46501574 0.71604810 0.46556072 0.71738379 0.46374874 0.72112807 0.46415745 0.72121535 0.46220920 0.72005455 0.46012423 0.72031638 0.45427950 0.71915556 0.45219502 0.71941741 0.44634980 0.71442472 0.44580483 0.71308903 0.44761680 0.70809666 0.44707186 0.70676097 0.44888383 0.70176834 0.44833887 0.70043289 0.45015137 0.69793654 0.44987888
0 0.72173904 0.45051875 0.72289984 0.45260373 0.72272529 0.45650021 0.72397370 0.45663648 0.72513452 0.45872096 0.72504724 0.46066920 0.72620804 0.46275417 0.72585891 0.47054764 0.72702005 0.47263216 0.72667093 0.48042562 0.72783175 0.48251010 0.72765717 0.48640709 0.73140145 0.48681579 0.73166330 0.48097056 0.73050248 0.47888609 0.73085160 0.47109262 0.72969079 0.46900814 0.72995264 0.46316291 0.72879184 0.46107794 0.72896639 0.45718145 0.73163713 0.45355744 0.73413363 0.45382994 0.73430820 0.44993295 0.73314707 0.44784844 0.73332164 0.44395146 0.73216082 0.44186698 0.73091273 0.44173075 0.72957736 0.44354276 0.72708086 0.44327025 0.72574549 0.44508226 0.72324898 0.44480976 0.72191359 0.44662227 0.72173904 0.45051875
0 0.67968750 0.44592865 0.68304577 0.44629522 0.68438123 0.44448323 0.68562939 0.44461946 0.68597851 0.43682600 0.68481763 0.43474151 0.68348216 0.43655351 0.67973766 0.43614478 0.67968750 0.43621284 0.67968750 0.44592865
0 0.69622574 0.43207072 0.69596389 0.43791594 0.69712477 0.44000043 0.69703750 0.44194867 0.69837296 0.44013667 0.70211746 0.44054540 0.70345277 0.43873338 0.70844578 0.43927839 0.70978115 0.43746638 0.71477384 0.43801135 0.71610921 0.43619935 0.71860571 0.43647185 0.71869301 0.43452311 0.71753187 0.43243860 0.71770644 0.42854161 0.71271375 0.42799664 0.71137836 0.42980915 0.70763376 0.42940041 0.70629840 0.43121242 0.70130570 0.43066745 0.69997027 0.43247945 0.69622574 0.43207072
0 0.67968750 0.72312685 0.53845773 0.69426948 0.44423278 1.00000000 0.60492079 1.00000000 0.67968750 0.76970499 0.67968750 0.72312685
0 1.00000000 0.50000000 0.84846688 0.50000000 0.88519651 0.57858950 0.88605847 0.57864978 1.00000000 0.53075329 1.00000000 0.50000000
