0 0.14657201 0.38932292 0.14670558 0.38916231 0.14647199 0.38765642 0.15504296 0.37735038 0.15480938 0.37584448 0.16195196 0.36725636 0.16171837 0.36575046 0.17028977 0.35544437 0.17005619 0.35393847 0.17719877 0.34535036 0.17696518 0.34384446 0.18267926 0.33697349 0.18244568 0.33546760 0.11928445 0.34351045 0.11738884 0.34221620 0.09245675 0.34539101 0.09269033 0.34689691 0.09126189 0.34861444 0.09149554 0.35012072 0.09006709 0.35183826 0.09030067 0.35334416 0.08744385 0.35677961 0.05253884 0.36122437 0.05347323 0.36724833 0.05204470 0.36896588 0.02545059 0.37235234 0.02808293 0.38932292 0.14657201 0.38932292
0 0.20221177 0.30991444 0.20792554 0.30304429 0.20769189 0.30153801 0.21483490 0.29294984 0.21460132 0.29144394 0.22174384 0.28285544 0.22151026 0.28134954 0.22865284 0.27276142 0.22841926 0.27125553 0.23556227 0.26266735 0.23532863 0.26116107 0.24247121 0.25257295 0.24223762 0.25106706 0.24938015 0.24247855 0.24914656 0.24097266 0.25628914 0.23238454 0.25605556 0.23087864 0.26319814 0.22229052 0.26296450 0.22078424 0.27010751 0.21219607 0.26987393 0.21069017 0.17845656 0.22233112 0.17939095 0.22835509 0.17796250 0.23007263 0.17131397 0.23091924 0.16988511 0.23263683 0.13996694 0.23644657 0.14113491 0.24397643 0.13970653 0.24569435 0.12973352 0.24696430 0.12783786 0.24566966 0.10955430 0.24799786 0.10765869 0.24670360 0.10649072 0.23917374 0.08654513 0.24171358 0.08464953 0.24041932 0.08348155 0.23288946 0.00536124 0.24283718 0.02101222 0.34373838 0.11741567 0.33146251 0.11884454 0.32974492 0.19530240 0.32000889 0.20244541 0.31142072 0.20221177 0.30991444
0 0.00000000 0.20827351 0.00255801 0.22476489 0.00754443 0.22412993 0.00897296 0.22241238 0.00873937 0.22090648 0.00684368 0.21961224 0.00637646 0.21660006 0.00780498 0.21488251 0.01611562 0.21382425 0.01588204 0.21231835 0.01731055 0.21060042 0.01660980 0.20608273 0.01803837 0.20436518 0.04629460 0.20076707 0.04819021 0.20206133 0.04959176 0.21109709 0.04816338 0.21281501 0.04151485 0.21366162 0.04008632 0.21537917 0.04055349 0.21839096 0.03769640 0.22182645 0.03437218 0.22224975 0.03294361 0.22396730 0.03364442 0.22848538 0.18988483 0.20858996 0.19178044 0.20988421 0.28153579 0.19845490 0.28130221 0.19694900 0.28844472 0.18836050 0.28821114 0.18685460 0.29535373 0.17826648 0.29512014 0.17676059 0.30083428 0.16989000 0.30060070 0.16838411 0.30774322 0.15979561 0.30750964 0.15828971 0.31465264 0.14970154 0.31441900 0.14819525 0.32156159 0.13960713 0.32132800 0.13810124 0.32847058 0.12951312 0.32823700 0.12800722 0.33395108 0.12113625 0.33371750 0.11963036 0.34086008 0.11104224 0.34062650 0.10953634 0.34776951 0.10094817 0.34753586 0.09944189 0.35467845 0.09085377 0.35444486 0.08934787 0.35730211 0.08591236 0.27087082 0.09691839 0.26897521 0.09562414 0.26565116 0.09604742 0.26422272 0.09776495 0.26539069 0.10529482 0.26396188 0.10701279 0.22739519 0.11166914 0.22786235 0.11468093 0.22643397 0.11639886 0.22666755 0.11790475 0.22523868 0.11962234 0.19864457 0.12300880 0.19674896 0.12171454 0.19651538 0.12020865 0.19461971 0.11891400 0.19391891 0.11439593 0.17563535 0.11672413 0.17184413 0.11413562 0.17090974 0.10811165 0.00000000 0.12987504 0.00000000 0.20827351
0 0.19982041 0.00000000 0.04864866 0.01924999 0.04721981 0.02096767 0.03059870 0.02308418 0.03153309 0.02910813 0.03010423 0.03082584 0.02345613 0.03167240 0.02156008 0.03037808 0.00161458 0.03291791 0.00000000 0.03181553 0.00000000 0.11758914 0.08759617 0.10643477 0.09045342 0.10299926 0.09021984 0.10149336 0.09450517 0.09634075 0.09427153 0.09483447 0.09712884 0.09139935 0.09689520 0.08989307 0.10118095 0.08474040 0.10094737 0.08323451 0.10380420 0.07979905 0.13206033 0.07620095 0.13395637 0.07749516 0.13489076 0.08351913 0.13346189 0.08523672 0.13369553 0.08674300 0.13226709 0.08846053 0.12728101 0.08909545 0.12844898 0.09662532 0.12702012 0.09834291 0.12037159 0.09918952 0.12083881 0.10220170 0.12914979 0.10114339 0.13104540 0.10243765 0.36873039 0.07217120 0.36849681 0.07066530 0.37563939 0.06207718 0.37540581 0.06057128 0.38254833 0.05198278 0.38231475 0.05047688 0.39088614 0.04017079 0.39065256 0.03866489 0.39779514 0.03007677 0.39756155 0.02857088 0.40327569 0.02170029 0.39990972 0.00000000 0.19982041 0.00000000
0 1.00000000 0.24061342 0.81422434 0.38932292 0.87689323 0.38932292 0.95739431 0.32454818 0.98535014 0.30746521 1.00000000 0.31545639 1.00000000 0.24061342
0 0.00000000 0.46457236 0.02557412 0.49196122 0.03045056 0.48276419 0.00000000 0.45015423 0.00000000 0.46457236
0 0.33077255 0.65300567 0.39151734 0.66759599 0.39295818 0.65291839 0.33201552 0.63631329 0.33077255 0.65300567
0 0.16691108 0.64873438 0.22501749 0.66590599 0.22931816 0.63626929 0.17121176 0.61909768 0.16691108 0.64873438
0 0.42968750 0.71601281 0.43246262 0.73715637 0.44349311 0.73549642 0.44318308 0.73313433 0.44507918 0.73044024 0.46052187 0.72811630 0.46241789 0.72542161 0.46210787 0.72305952 0.46400397 0.72036543 0.50812613 0.71372559 0.50781603 0.71136289 0.50971196 0.70866883 0.56045246 0.70103300 0.56296845 0.70306313 0.56327856 0.70542582 0.56579455 0.70745594 0.56641468 0.71218073 0.59288791 0.70819683 0.59226778 0.70347204 0.59416371 0.70077798 0.60519465 0.69911796 0.60267858 0.69708723 0.60112836 0.68527617 0.59861181 0.68324614 0.59737162 0.67379717 0.59485563 0.67176705 0.59361544 0.66231808 0.59109937 0.66028735 0.58985926 0.65083899 0.58734263 0.64880835 0.58579241 0.63699729 0.58327642 0.63496717 0.58203623 0.62551820 0.57952016 0.62348747 0.57828005 0.61403911 0.57576398 0.61200839 0.57452379 0.60255942 0.57200780 0.60052930 0.57138775 0.59580511 0.56035681 0.59746514 0.56097687 0.60218932 0.55908093 0.60488338 0.53260770 0.60886727 0.53291773 0.61122937 0.53102187 0.61392403 0.51999150 0.61558397 0.51809500 0.61827811 0.51840503 0.62064021 0.51650918 0.62333487 0.48121154 0.62864674 0.48152157 0.63100883 0.47962563 0.63370289 0.43991562 0.63967876 0.44115581 0.64912773 0.43925976 0.65182181 0.42968750 0.65326232 0.42968750 0.71601281
0 0.42968750 0.63158236 0.43867543 0.63022979 0.44057153 0.62753570 0.46483863 0.62388380 0.46452852 0.62152111 0.46642462 0.61882702 0.47745528 0.61716704 0.47714525 0.61480495 0.47462870 0.61277491 0.47338851 0.60332595 0.47087255 0.60129520 0.46932233 0.58948414 0.46680623 0.58745404 0.46649621 0.58509195 0.46398002 0.58306124 0.46304994 0.57597497 0.46053378 0.57394487 0.45929351 0.56449530 0.44605690 0.56648725 0.44354080 0.56445714 0.44230061 0.55500817 0.43127006 0.55666813 0.42968750 0.55539129 0.42968750 0.63158236
0 0.42968750 0.53763509 0.43320189 0.53710621 0.43571807 0.53913692 0.43602810 0.54149901 0.43854426 0.54352911 0.43916431 0.54825329 0.44798872 0.54692533 0.45050496 0.54895602 0.45081499 0.55131812 0.45963940 0.54999015 0.46215550 0.55202025 0.46246561 0.55438295 0.46467168 0.55405096 0.46718756 0.55608110 0.46873778 0.56789216 0.47125433 0.56992220 0.47311465 0.58409595 0.47563064 0.58612607 0.47718086 0.59793713 0.47969685 0.59996725 0.48124715 0.61177892 0.48376370 0.61380896 0.48407373 0.61617104 0.49731006 0.61417914 0.49669001 0.60945496 0.49858594 0.60676089 0.50110249 0.60879093 0.52316324 0.60547106 0.52254310 0.60074627 0.52443904 0.59805221 0.55532476 0.59340429 0.55501473 0.59104220 0.55691058 0.58834753 0.56573499 0.58701957 0.56763092 0.58432550 0.56701087 0.57960132 0.56449488 0.57757120 0.56294458 0.56575953 0.56042860 0.56372942 0.55887838 0.55191835 0.55636174 0.54988771 0.55543166 0.54280144 0.55322570 0.54313341 0.55070971 0.54110329 0.55039960 0.53874060 0.54788361 0.53671047 0.54757359 0.53434838 0.54946944 0.53165372 0.54884939 0.52692953 0.54664342 0.52726150 0.54412744 0.52523138 0.54602337 0.52253732 0.53719896 0.52386529 0.53468233 0.52183465 0.53247636 0.52216662 0.52996038 0.52013650 0.52903021 0.51304962 0.53092615 0.51035556 0.53975056 0.50902759 0.53944053 0.50666550 0.53692454 0.50463538 0.53882039 0.50194071 0.53789023 0.49485383 0.53537424 0.49282371 0.53475419 0.48809953 0.53223820 0.48606941 0.53037787 0.47189566 0.52786130 0.46986550 0.52600101 0.45569199 0.52348501 0.45366174 0.52193477 0.44185056 0.51941876 0.43982026 0.51848862 0.43273357 0.50966421 0.43406153 0.50463162 0.43000101 0.50370148 0.42291431 0.50559796 0.42022002 0.51662833 0.41856008 0.51631829 0.41619784 0.46337182 0.42416563 0.46368187 0.42652788 0.46178596 0.42922209 0.45296155 0.43055006 0.45358164 0.43527454 0.45168516 0.43796881 0.45199521 0.44033108 0.45009941 0.44302531 0.44568727 0.44368928 0.44599731 0.44605149 0.44410122 0.44874570 0.42968750 0.45091479 0.42968750 0.47604976 0.43079307 0.48447308 0.42968750 0.48604403 0.42968750 0.53763509
