0 0.13772946 0.42968750 0.15307689 0.42780307 0.14998256 0.40260183 0.09376425 0.40950457 0.09158730 0.40780420 0.09087321 0.40198837 0.06373353 0.40532071 0.06155701 0.40361978 0.06084298 0.39780445 0.02982591 0.40161287 0.03101603 0.41130558 0.03319248 0.41300601 0.03524071 0.42968750 0.13772946 0.42968750
0 0.00000000 0.42968750 0.02540187 0.42968750 0.02111954 0.39481071 0.00000000 0.39740386 0.00000000 0.42968750
0 0.11277679 0.35600726 0.11712976 0.35940862 0.11760578 0.36328551 0.14086908 0.36042913 0.14304553 0.36212957 0.14352161 0.36600695 0.15903015 0.36410274 0.16120660 0.36580317 0.16896087 0.36485107 0.17066130 0.36267461 0.16304446 0.30064048 0.14753593 0.30254469 0.14535948 0.30084426 0.14512140 0.29890532 0.13542870 0.30009543 0.13325224 0.29839500 0.13277622 0.29451812 0.10951292 0.29737449 0.10733647 0.29567406 0.10662238 0.28985823 0.10274549 0.29033425 0.10104506 0.29251071 0.07972070 0.29512901 0.08210099 0.31451492 0.08427745 0.31621536 0.08951399 0.35886358 0.11277679 0.35600726
0 0.00000000 0.35202129 0.00013629 0.35212777 0.00061237 0.35600515 0.00278893 0.35770557 0.00326495 0.36158246 0.06142220 0.35444164 0.06359865 0.35614207 0.08104563 0.35399986 0.08274606 0.35182340 0.08155595 0.34213069 0.07937949 0.34043026 0.07319079 0.29002728 0.00000000 0.29901398 0.00000000 0.35202129
0 0.10689462 0.27605013 0.13015792 0.27319376 0.13233437 0.27489419 0.13281046 0.27877157 0.15801170 0.27567725 0.16018815 0.27737768 0.16090224 0.28319350 0.18610349 0.28009918 0.18372320 0.26071326 0.18154674 0.25901283 0.18130873 0.25707439 0.13090625 0.26326304 0.12872979 0.26156261 0.12777763 0.25380784 0.10451433 0.25666421 0.10233788 0.25496378 0.10186186 0.25108690 0.07472217 0.25441923 0.07686439 0.27186621 0.09431137 0.26972399 0.09648782 0.27142442 0.10424209 0.27047232 0.10641854 0.27217275 0.10689462 0.27605013
0 0.00000000 0.23604461 0.00935564 0.23489588 0.01153209 0.23659632 0.01224619 0.24241214 0.03938587 0.23907981 0.04156288 0.24078067 0.04227692 0.24659600 0.06747816 0.24350168 0.04581783 0.06709248 0.03612512 0.06828260 0.03442420 0.07045911 0.01891566 0.07236332 0.01673921 0.07066289 0.01602512 0.06484706 0.00000000 0.06681470 0.00000000 0.23604461
0 0.71400572 0.42968750 0.91295094 0.41128329 0.91186494 0.40461947 0.88311978 0.40727866 0.88063719 0.40581692 0.87927971 0.39748725 0.85716765 0.39953281 0.85468514 0.39807150 0.85359914 0.39140768 0.85747882 0.38766685 0.86190089 0.38725777 0.86108638 0.38225979 0.83676328 0.38450990 0.83428070 0.38304816 0.83346625 0.37805061 0.83540581 0.37618022 0.83761741 0.37597563 0.83955690 0.37410481 0.85061264 0.37308206 0.84952665 0.36641824 0.81635884 0.36948655 0.81387632 0.36802525 0.81279033 0.36136142 0.80615722 0.36197504 0.80421710 0.36384549 0.78210561 0.36589100 0.76076901 0.38646672 0.75855798 0.38667126 0.73722138 0.40724698 0.73501035 0.40745152 0.71367375 0.42802725 0.71146271 0.42823179 0.70995317 0.42968750 0.71400572 0.42968750
0 1.00000000 0.35625515 0.98685238 0.36893392 0.98848140 0.37892987 0.99069244 0.37872533 0.99263199 0.37685494 1.00000000 0.37617333 1.00000000 0.35625515
0 0.69795856 0.42968750 0.70207497 0.42571788 0.70428601 0.42551334 0.72368305 0.40680800 0.72589408 0.40660346 0.74529063 0.38789861 0.74750166 0.38769407 0.76689877 0.36898916 0.76910981 0.36878462 0.78850685 0.35007929 0.79071788 0.34987475 0.78963189 0.34321092 0.76309776 0.34566557 0.76061524 0.34420426 0.75952925 0.33754044 0.75068454 0.33835865 0.74820195 0.33689692 0.73272357 0.33832880 0.73024105 0.33686750 0.72915506 0.33020367 0.73109461 0.32833328 0.73330565 0.32812874 0.73524520 0.32625835 0.74408991 0.32544014 0.74327540 0.32044216 0.71895230 0.32269227 0.71646979 0.32123096 0.71511224 0.31290086 0.71705180 0.31103047 0.72589707 0.31021220 0.72508263 0.30521465 0.69854793 0.30766935 0.69606535 0.30620762 0.69443639 0.29621210 0.66790226 0.29866674 0.66596270 0.30053713 0.65711799 0.30135534 0.61444480 0.34250679 0.61223377 0.34271133 0.54434537 0.40817880 0.54461685 0.40984465 0.54709944 0.41130638 0.54737092 0.41297223 0.57169345 0.41072218 0.57417653 0.41218344 0.57526252 0.41884726 0.59737402 0.41680175 0.59985710 0.41826301 0.60121464 0.42659311 0.59927453 0.42846355 0.59042981 0.42928176 0.59049594 0.42968750 0.69795856 0.42968750
0 1.00000000 0.21547514 0.99294850 0.17220608 0.97161184 0.19278138 0.96940080 0.19298592 0.86077877 0.29773444 0.86326129 0.29919575 0.86353284 0.30086203 0.86849844 0.30378459 0.86876999 0.30545087 0.87373502 0.30837349 0.87400650 0.31003933 0.87648902 0.31150064 0.87676057 0.31316692 0.88172617 0.31608948 0.88199772 0.31775576 0.88696276 0.32067838 0.88723424 0.32234423 0.89219991 0.32526722 0.89247139 0.32693306 0.89495391 0.32839437 0.91927700 0.32614427 0.92424211 0.32906731 0.92451359 0.33073316 0.92699667 0.33219442 0.92726815 0.33386027 0.93223325 0.33678331 0.93250474 0.33844916 0.93498732 0.33991090 0.93525880 0.34157675 0.94022440 0.34449931 0.94049589 0.34616516 0.94297847 0.34762690 0.94324996 0.34929274 0.94821562 0.35221573 0.94848711 0.35388158 0.95096962 0.35534289 0.95124110 0.35700874 0.95372362 0.35847005 0.97583511 0.35642454 0.97831827 0.35788622 0.98937401 0.35686347 1.00000000 0.34661641 1.00000000 0.21547514
0 0.72667496 0.23235116 0.72473541 0.23422154 0.72500689 0.23588739 0.73606263 0.23486464 0.73854522 0.23632638 0.73990270 0.24465605 0.74432534 0.24424691 0.74680785 0.24570822 0.74707933 0.24737407 0.74956192 0.24883581 0.75037636 0.25383335 0.77469946 0.25158325 0.77718198 0.25304456 0.77826804 0.25970881 0.78490171 0.25909513 0.78738423 0.26055644 0.78874171 0.26888611 0.79537538 0.26827244 0.79785790 0.26973375 0.79921537 0.27806342 0.80363801 0.27765429 0.80612060 0.27911602 0.80720659 0.28577985 0.80968911 0.28724115 0.81632278 0.28662748 0.81826234 0.28475709 0.83374072 0.28332520 0.83622324 0.28478651 0.83730923 0.29145033 0.84615394 0.29063212 0.84863703 0.29209337 0.85748117 0.29127521 0.85612370 0.28294554 0.85806382 0.28107510 0.86911957 0.28005234 0.86749054 0.27005640 0.86943009 0.26818601 0.88048641 0.26716320 0.87940041 0.26049938 0.88133997 0.25862899 0.89239571 0.25760623 0.89158120 0.25260826 0.89546088 0.24886743 0.90430502 0.24804926 0.90294748 0.23971917 0.90488760 0.23784872 0.91373231 0.23703051 0.91237483 0.22870084 0.91431432 0.22683002 0.92537007 0.22580727 0.92428414 0.21914387 0.92622420 0.21727300 0.93727994 0.21625024 0.93479686 0.21478899 0.93398235 0.20979101 0.93592246 0.20792057 0.94697821 0.20689782 0.94589222 0.20023399 0.94783177 0.19836361 0.95888809 0.19734080 0.95753061 0.18901112 0.95947010 0.18714031 0.97052584 0.18611755 0.96916837 0.17778788 0.97304804 0.17404705 0.97747012 0.17363797 0.97638405 0.16697372 0.97832361 0.16510333 0.98495728 0.16448966 0.98689684 0.16261926 0.99131948 0.16221013 0.97530105 0.06391863 0.96866737 0.06453231 0.96618486 0.06307100 0.96537034 0.05807303 0.96288726 0.05661177 0.95846519 0.05702085 0.95598267 0.05555954 0.95462513 0.04722944 0.95020249 0.04763858 0.94771997 0.04617727 0.94663398 0.03951345 0.92673352 0.04135442 0.87436206 0.09185829 0.87215102 0.09206283 0.77322726 0.18745893 0.77101622 0.18766347 0.72640341 0.23068488 0.72667496 0.23235116
0 0.42968750 0.22798416 0.44728841 0.33598599 0.45171076 0.33557688 0.45419345 0.33703817 0.46303816 0.33621996 0.46140920 0.32622444 0.46334887 0.32435404 0.48546065 0.32230850 0.48297789 0.32084678 0.48080590 0.30751914 0.48274563 0.30564873 0.50043477 0.30401233 0.49771982 0.28735298 0.49965994 0.28548254 0.51956040 0.28364157 0.51793137 0.27364562 0.51987092 0.27177523 0.53534931 0.27034335 0.53290584 0.25534985 0.53484533 0.25347904 0.55695739 0.25143347 0.55451392 0.23643998 0.55645347 0.23456959 0.57414289 0.23293316 0.57278542 0.22460349 0.57472490 0.22273267 0.59462536 0.22089170 0.59299640 0.21089618 0.59051389 0.20943487 0.58969938 0.20443689 0.59163886 0.20256608 0.60932828 0.20092965 0.60498431 0.17427436 0.60692443 0.17240392 0.62461385 0.17076749 0.62655340 0.16889710 0.62546741 0.16223327 0.62740696 0.16036288 0.64730799 0.15852186 0.64595051 0.15019219 0.63489420 0.15121500 0.63295464 0.15308539 0.62410993 0.15390360 0.62162742 0.15244229 0.61999839 0.14244635 0.60009737 0.14428737 0.59761485 0.14282606 0.59707182 0.13949394 0.59901138 0.13762354 0.59765390 0.12929387 0.59517138 0.12783256 0.57969300 0.12926445 0.57721041 0.12780272 0.57449546 0.11114337 0.55238397 0.11318888 0.54990138 0.11172715 0.54881546 0.10506375 0.55075494 0.10319294 0.53306552 0.10482936 0.53058300 0.10336805 0.52786798 0.08670829 0.52538490 0.08524703 0.52096283 0.08565611 0.51902271 0.08752655 0.51017856 0.08834471 0.50769548 0.08688346 0.50688104 0.08188591 0.48476954 0.08393142 0.48228639 0.08246974 0.47929989 0.06414412 0.46382207 0.06557595 0.45885658 0.06265338 0.45804208 0.05765549 0.44256387 0.05908736 0.44008117 0.05762598 0.43763769 0.04263241 0.42968750 0.04336787 0.42968750 0.22798416
0 0.69740284 0.00000000 0.52088715 0.01632928 0.52143015 0.01966119 0.53248590 0.01863843 0.53442600 0.01676788 0.53663704 0.01656334 0.53911957 0.01802476 0.53939107 0.01969073 0.54187361 0.02115213 0.54241660 0.02448404 0.55568395 0.02325669 0.55816649 0.02471813 0.56037753 0.02451359 0.56286006 0.02597498 0.56503204 0.03930263 0.58714411 0.03725706 0.58962663 0.03871846 0.59071263 0.04538228 0.60840205 0.04374585 0.61088515 0.04520724 0.61360014 0.06186679 0.63128956 0.06023037 0.63377208 0.06169167 0.63458659 0.06668965 0.63706911 0.06815096 0.63788362 0.07314893 0.65557304 0.07151250 0.65805556 0.07297381 0.66077058 0.08963358 0.67846000 0.08799715 0.68094252 0.08945846 0.68202851 0.09612228 0.72625263 0.09203116 0.72380916 0.07703766 0.72574871 0.07516727 0.74343814 0.07353084 0.74072312 0.05687107 0.74266267 0.05500068 0.76477417 0.05295517 0.76368817 0.04629135 0.76562829 0.04442091 0.76783933 0.04421637 0.76977881 0.04234555 0.78304616 0.04111820 0.78168869 0.03278853 0.78362823 0.03091806 0.78254224 0.02425423 0.78448177 0.02238372 0.80217119 0.02074729 0.79879003 0.00000000 0.69740284 0.00000000
0 0.00000000 0.73228466 0.01510193 0.89553300 0.02509766 0.89390401 0.02387037 0.88063722 0.02533180 0.87815468 0.03199562 0.87706869 0.03117741 0.86822398 0.03263881 0.86574145 0.04096856 0.86438396 0.04015029 0.85553868 0.04161173 0.85305615 0.04827555 0.85197015 0.04725280 0.84091440 0.04871424 0.83843187 0.05038017 0.83816037 0.05184151 0.83567727 0.05517355 0.83513426 0.05455993 0.82850115 0.05602124 0.82601863 0.05935336 0.82547560 0.06081462 0.82299252 0.06414632 0.82244955 0.06332810 0.81360484 0.06478941 0.81112233 0.06812154 0.81057929 0.06958285 0.80809678 0.07458082 0.80728226 0.07396714 0.80064859 0.07542845 0.79816607 0.08209228 0.79708008 0.08127406 0.78823537 0.08273580 0.78575278 0.09106547 0.78439531 0.09004266 0.77333899 0.09150397 0.77085648 0.09983364 0.76949900 0.09921997 0.76286533 0.09734958 0.76092577 0.09881089 0.75844325 0.10880684 0.75681423 0.10778408 0.74575848 0.10924534 0.74327540 0.11590916 0.74218941 0.11488640 0.73113366 0.11634771 0.72865114 0.12467738 0.72729367 0.12447285 0.72508263 0.12260240 0.72314251 0.12198873 0.71650884 0.12345004 0.71402632 0.13178014 0.71266877 0.13324145 0.71018626 0.13283236 0.70576418 0.13429362 0.70328110 0.14095744 0.70219511 0.14034377 0.69556143 0.13847338 0.69362188 0.13826884 0.69141084 0.11661152 0.69494030 0.11474113 0.69300075 0.11371832 0.68194444 0.11517963 0.67946192 0.12350930 0.67810444 0.12289568 0.67147134 0.12102524 0.66953121 0.10103377 0.67278920 0.09916338 0.67084964 0.09834517 0.66200493 0.08001955 0.66499143 0.07814873 0.66305195 0.07692138 0.64978460 0.07838312 0.64730201 0.08338109 0.64648750 0.08276742 0.63985382 0.08110114 0.64012537 0.07923075 0.63818582 0.06257098 0.64090084 0.06070059 0.63896128 0.05967784 0.62790554 0.04135264 0.63089197 0.03948177 0.62895192 0.03866356 0.62010721 0.00701051 0.62526566 0.00782872 0.63411037 0.00636734 0.63659347 0.00000000 0.63763115 0.00000000 0.73228466
0 0.00000000 0.60391292 0.01165837 0.58410725 0.01332430 0.58383575 0.01624708 0.57887012 0.01542887 0.57002541 0.01689030 0.56754287 0.02522006 0.56618538 0.02668145 0.56370285 0.02606778 0.55706917 0.02106993 0.55788367 0.01919942 0.55594413 0.01838120 0.54709942 0.00000000 0.55009498 0.00000000 0.60391292
0 0.20170334 0.42968750 0.14534625 0.43887194 0.14595991 0.44550550 0.14449819 0.44798820 0.13450266 0.44961715 0.13532088 0.45846186 0.13385958 0.46094449 0.12719533 0.46203056 0.12821810 0.47308647 0.12675681 0.47556916 0.12009299 0.47665516 0.12091120 0.48549987 0.11944990 0.48798250 0.11112023 0.48933997 0.11193845 0.49818468 0.13192991 0.49492670 0.13380031 0.49686637 0.13482311 0.50792257 0.13336180 0.51040509 0.12669798 0.51149108 0.12751619 0.52033579 0.14750766 0.51707781 0.14937805 0.51901737 0.15060535 0.53228415 0.14914409 0.53476723 0.14081442 0.53612471 0.14142809 0.54275838 0.16308541 0.53922892 0.16495580 0.54116847 0.16597856 0.55222422 0.17764035 0.55032371 0.17910166 0.54784120 0.18576549 0.54675520 0.18763588 0.54869476 0.18617457 0.55117727 0.18699278 0.56002198 0.21364807 0.55567801 0.21510938 0.55319549 0.25009477 0.54749397 0.24927656 0.53864926 0.25073787 0.53616674 0.25573541 0.53535230 0.25719710 0.53286915 0.25886295 0.53259767 0.25804479 0.52375352 0.25950604 0.52127044 0.26783571 0.51991296 0.26722204 0.51327929 0.26535165 0.51133973 0.26681296 0.50885722 0.27680891 0.50722819 0.27599069 0.49838348 0.27745200 0.49590096 0.28411582 0.49481497 0.28309307 0.48375922 0.28455475 0.48127607 0.29121815 0.48019014 0.29019539 0.46913440 0.29165712 0.46665170 0.29998679 0.46529422 0.30144808 0.46281154 0.30103897 0.45838918 0.30396199 0.45342379 0.30895996 0.45260928 0.30793720 0.44155336 0.30939849 0.43907073 0.31606232 0.43798474 0.31529475 0.42968750 0.20170334 0.42968750
0 0.78784003 0.42968750 0.77894851 0.45631804 0.74272675 0.51389592 0.80367135 0.56151106 0.77870801 0.56654396 0.72089211 0.52838363 0.66963786 0.59174285 0.65824449 0.59510957 0.65943462 0.60480240 0.75595313 0.66969533 0.81040231 0.69646229 0.92164657 0.78512843 0.94004577 0.79074046 0.99432564 0.78407573 0.99534646 0.76033688 0.96344601 0.72489791 1.00000000 0.67248724 1.00000000 0.55166290 0.93801158 0.50172471 0.82895299 0.42968750 0.78784003 0.42968750
