0 0.33524147 0.59855769 0.33461280 0.59751173 0.29729374 0.58820704 0.29554295 0.58529324 0.29845063 0.57363118 0.27279422 0.56723432 0.26498443 0.59855769 0.33524147 0.59855769
0 0.25259677 0.59855769 0.26055006 0.56665878 0.23256076 0.55968027 0.23080997 0.55676647 0.21914791 0.55385879 0.21739727 0.55094440 0.22146796 0.53461775 0.16782166 0.52124223 0.16607102 0.51832783 0.17014171 0.50200119 0.12815746 0.49153334 0.12640682 0.48861894 0.11707706 0.48629277 0.11532627 0.48337897 0.11881545 0.46938462 0.09315844 0.46298761 0.09024405 0.46473825 0.07163467 0.53937638 0.06872088 0.54112717 0.05999769 0.57611394 0.15001465 0.59855769 0.25259677 0.59855769
0 0.00000000 0.56115484 0.04367045 0.57204311 0.05355665 0.53239175 0.05647119 0.53064051 0.07449891 0.45833527 0.04417732 0.45077525 0.04242608 0.44786070 0.04591527 0.43386635 0.04416448 0.43095255 0.01151060 0.42281102 0.00975936 0.41989648 0.00000000 0.41746320 0.00000000 0.56115484
0 0.42788462 0.41513960 0.40853792 0.41031593 0.40503635 0.40448833 0.40795014 0.40273755 0.41085797 0.39107489 0.35954455 0.37828102 0.33977202 0.45758433 0.38408796 0.46863354 0.38583875 0.47154734 0.38176791 0.48787458 0.42608445 0.49892393 0.42788462 0.49170386 0.42788462 0.41513960
0 0.07790017 0.30558191 0.07965156 0.30849586 0.07558072 0.32482310 0.14322138 0.34168781 0.14497216 0.34460161 0.15663422 0.34750928 0.15838501 0.35042308 0.15489568 0.36441803 0.22253693 0.38128289 0.22428772 0.38419669 0.22021688 0.40052393 0.22954665 0.40285010 0.23129743 0.40576390 0.28494374 0.41913943 0.28669453 0.42205322 0.28204218 0.44071276 0.33102331 0.45292512 0.35137720 0.37129011 0.33505056 0.36721942 0.33329917 0.36430548 0.30997506 0.35849012 0.30822442 0.35557573 0.30996908 0.34857825 0.30821830 0.34566445 0.30938131 0.34099987 0.29538636 0.33751054 0.29363557 0.33459674 0.24465385 0.32238422 0.24290321 0.31946983 0.24639240 0.30547548 0.22540057 0.30024163 0.22364979 0.29732783 0.20032507 0.29151232 0.19857443 0.28859793 0.20264512 0.27227129 0.13500446 0.25540657 0.13325383 0.25249218 0.13790617 0.23383265 0.07726239 0.21871245 0.07551160 0.21579865 0.07084642 0.21463550 0.06909563 0.21172170 0.07258497 0.19772675 0.04926085 0.19191139 0.02948831 0.27121471 0.02657392 0.27296534 0.02250308 0.28929259 0.05282467 0.29685261 0.05457605 0.29976656 0.07790017 0.30558191
0 0.75575468 0.47286685 0.79623161 0.31576174 0.68832097 0.29277528 0.65060691 0.44403811 0.75575468 0.47286685
0 0.59243787 0.33156787 0.56697862 0.41796233 0.63000397 0.43237009 0.65300366 0.34536239 0.59243787 0.33156787
0 0.37726363 1.00000000 0.37839111 0.99547793 0.38130566 0.99372669 0.40398572 0.90276192 0.40223449 0.89984737 0.27161776 0.86728096 0.23852718 1.00000000 0.37726363 1.00000000
0 0.19145573 1.00000000 0.21974105 0.88655380 0.21799026 0.88364000 0.22031658 0.87430964 0.21565200 0.87314662 0.21390121 0.87023283 0.20923603 0.86906967 0.20748524 0.86615587 0.20922991 0.85915839 0.21214370 0.85740761 0.22380576 0.86031529 0.22903961 0.83932346 0.09375830 0.80559404 0.09317679 0.80792633 0.09026299 0.80967712 0.08851833 0.81667459 0.08560393 0.81842523 0.06927729 0.81435454 0.06752590 0.81144059 0.00000000 0.79460450 0.00000000 0.99032215 0.03881575 1.00000000 0.19145573 1.00000000
0 0.42788462 0.72801681 0.42777894 0.72784088 0.42078147 0.72609622 0.41903008 0.72318227 0.30007601 0.69352369 0.28786349 0.74250541 0.29252808 0.74366842 0.29603025 0.74949617 0.29254092 0.76349112 0.28962652 0.76524175 0.28262964 0.76349724 0.26809111 0.82180813 0.26984189 0.82472193 0.26926039 0.82705422 0.27276181 0.83288241 0.32640812 0.84625794 0.32815890 0.84917174 0.33282409 0.85033490 0.33456875 0.84333742 0.33748255 0.84158664 0.37246932 0.85030982 0.37422011 0.85322362 0.37247544 0.86022109 0.40512993 0.86836277 0.40688056 0.87127716 0.42788462 0.87651406 0.42788462 0.72801681
0 0.42788462 0.59855769 0.32375369 0.59855769 0.31054371 0.65154004 0.31754059 0.65328456 0.31929197 0.65619850 0.31580264 0.67019345 0.31288824 0.67194409 0.30589137 0.67019957 0.30298369 0.68186163 0.34030275 0.69116632 0.34205354 0.69408012 0.42788462 0.71548021 0.42788462 0.59855769
0 0.04228905 0.59855769 0.04115600 0.59923844 0.03999284 0.60390362 0.03707892 0.60565438 0.03008159 0.60390975 0.01379839 0.66921812 0.02079572 0.67096275 0.02254662 0.67387657 0.01847578 0.69020381 0.01556187 0.69195457 0.00856454 0.69020994 0.00000000 0.72456044 0.00000000 0.75744279 0.08557885 0.77877999 0.08732964 0.78169379 0.10832206 0.78692779 0.11123586 0.78517700 0.11181737 0.78284471 0.11473116 0.78109392 0.13805588 0.78690943 0.13980667 0.78982323 0.13922516 0.79215552 0.20453353 0.80843872 0.20628431 0.81135252 0.20512115 0.81601770 0.25876746 0.82939323 0.25934896 0.82706094 0.25759833 0.82414654 0.27446304 0.75650588 0.27271165 0.75359194 0.26804707 0.75242893 0.26629628 0.74951513 0.26804095 0.74251765 0.26629016 0.73960385 0.26687167 0.73727156 0.26978562 0.73552018 0.27911538 0.73784635 0.29423543 0.67720317 0.29190254 0.67662151 0.29015190 0.67370712 0.29247792 0.66437795 0.28781334 0.66321494 0.28606270 0.66030054 0.28838887 0.65097077 0.29130267 0.64921999 0.30063244 0.65154616 0.30702945 0.62588915 0.30994325 0.62413836 0.31632122 0.59855769 0.04228905 0.59855769
0 0.42788462 0.59855769 0.42788462 0.85371736 0.45285319 0.85994273 0.45460398 0.86285652 0.51291487 0.87739506 0.51466551 0.88030946 0.56597952 0.89310348 0.57412120 0.86044900 0.57703500 0.85869821 0.59331820 0.79338984 0.59623215 0.79163846 0.61251521 0.72633069 0.61542975 0.72457945 0.62240827 0.69659016 0.62532206 0.69483937 0.64398160 0.69949171 0.65735712 0.64584541 0.66027092 0.64409462 0.67162455 0.59855769 0.42788462 0.59855769
