0 0.52714879 0.78906250 0.52976453 0.77390582 0.45792377 0.75171826 0.45147891 0.78906250 0.52714879 0.78906250
0 0.43185392 0.64243950 0.43461707 0.64012973 0.44359716 0.64290317 0.44532377 0.64659958 0.45430444 0.64937320 0.45706760 0.64706343 0.46587874 0.59600792 0.28852172 0.54123235 0.28230206 0.57727167 0.37883823 0.60708624 0.38056484 0.61078264 0.36553404 0.69787748 0.41941461 0.71451814 0.43185392 0.64243950
0 0.26917824 0.55740190 0.28887388 0.44327700 0.19233829 0.41346260 0.19406490 0.41715900 0.16244822 0.60035947 0.18938850 0.60867980 0.20130954 0.53960424 0.20407269 0.53729448 0.26917824 0.55740190
0 0.15743961 0.60197574 0.16884238 0.53590327 0.16711577 0.53220687 0.18784795 0.41207579 0.09580212 0.38364803 0.09424717 0.39265805 0.09597378 0.39635446 0.06591205 0.57054490 0.11754774 0.58649225 0.11927435 0.59018865 0.15743961 0.60197574
0 0.00000000 0.57233124 0.05554880 0.58948713 0.09131179 0.38226122 0.00000000 0.35406016 0.00000000 0.57233124
0 0.48677987 0.52970580 0.48505269 0.52600922 0.48712591 0.51399611 0.39957041 0.48695516 0.39784336 0.48325781 0.39836163 0.48025473 0.40112536 0.47794514 0.40319858 0.46593203 0.34707255 0.44859787 0.34534594 0.44490147 0.30718068 0.43311438 0.29474137 0.50519302 0.29646798 0.50888942 0.32340827 0.51720976 0.32513545 0.52090633 0.48004195 0.56874821 0.48677987 0.52970580
0 0.18267097 0.35986328 0.17990725 0.36217288 0.17766237 0.36147956 0.17507074 0.37649652 0.26711658 0.40492428 0.27022647 0.38690423 0.18267097 0.35986328
0 0.17524854 0.30695728 0.12585772 0.29170325 0.11445496 0.35777572 0.16833553 0.37441639 0.17662840 0.32636396 0.17438352 0.32567064 0.17265705 0.32197347 0.17524854 0.30695728
0 0.11048360 0.35338524 0.10875699 0.34968884 0.12223298 0.27160325 0.05712697 0.25149568 0.05540025 0.24779925 0.02845996 0.23947891 0.01757547 0.30254830 0.01930219 0.30624474 0.01515575 0.33027096 0.10720205 0.35869886 0.10996520 0.35638909 0.11048360 0.35338524
0 0.00842071 0.32819088 0.02863462 0.21106289 0.02414457 0.20967617 0.00393066 0.32680416 0.00842071 0.32819088
0 0.86470484 0.44442170 0.83734506 0.42686948 0.83232189 0.45703118 0.85968168 0.47458341 0.86470484 0.44442170
0 0.32488682 1.00000000 0.36424265 0.90009574 0.26030707 0.87608079 0.12562871 0.85401582 0.11860143 0.85694324 0.07030770 1.00000000 0.32488682 1.00000000
0 0.59812587 0.78906250 0.60248205 0.83571258 0.66856952 0.83151866 0.66317693 0.78906250 0.59812587 0.78906250
0 0.67404698 0.78906250 0.67837606 0.83068942 0.74223095 0.82715413 0.73771123 0.78906250 0.67404698 0.78906250
0 0.74933825 0.78906250 0.75291559 0.82813046 0.81772201 0.82474161 0.81334231 0.78906250 0.74933825 0.78906250
0 0.82329630 0.78906250 0.82756496 0.82525431 0.89270090 0.82091394 0.88841045 0.78906250 0.82329630 0.78906250
0 0.89930941 0.78906250 0.90217792 0.82103624 0.96694794 0.81630546 0.96404342 0.78906250 0.89930941 0.78906250
0 0.60366585 0.86429187 0.61570778 0.94365261 0.68036796 0.93923901 0.66768523 0.86011372 0.60366585 0.86429187
0 0.68103499 0.86083208 0.69116244 0.93989816 0.75333394 0.93543561 0.74222476 0.85755476 0.68103499 0.86083208
0 0.75675715 0.85778697 0.76460419 0.93616798 0.82655601 0.93233979 0.81910672 0.85401999 0.75675715 0.85778697
0 0.83163762 0.85427823 0.83760658 0.93370652 0.90340155 0.92746308 0.89551291 0.85041199 0.83163762 0.85427823
0 0.90589607 0.84967151 0.91302482 0.92861013 0.97724564 0.92546524 0.96906449 0.84636464 0.90589607 0.84967151
0 1.00000000 0.84546701 0.98066670 0.84647995 0.98741811 0.92502641 1.00000000 0.92428855 1.00000000 0.84546701
0 0.61521642 0.96696282 0.61684242 0.98658991 0.68191588 0.99660551 0.67820323 0.96429617 0.61521642 0.96696282
0 0.75761116 1.00000000 0.75318212 0.96046849 0.69075453 0.96422346 0.69258067 0.99824695 0.70397062 1.00000000 0.75761116 1.00000000
0 0.83429740 1.00000000 0.82936862 0.95749485 0.76581905 0.96040897 0.76997235 1.00000000 0.83429740 1.00000000
0 0.90988691 1.00000000 0.90467703 0.95271564 0.84128512 0.95665628 0.84600038 1.00000000 0.90988691 1.00000000
0 0.98283499 1.00000000 0.97636196 0.94971732 0.91554358 0.95204955 0.92089788 1.00000000 0.98283499 1.00000000
0 1.00000000 1.00000000 1.00000000 0.94815536 0.98983844 0.94878476 0.99562513 1.00000000 1.00000000 1.00000000
