0 0.48943880 0.08002917 0.49626308 0.09661027 0.49419161 0.09894613 0.49136121 0.09943989 0.48928973 0.10177575 0.47797029 0.10375038 0.48100352 0.11112029 0.47893205 0.11345615 0.47610237 0.11394978 0.48444308 0.13421536 0.48237108 0.13655182 0.46256259 0.14000733 0.46635384 0.14921900 0.46428165 0.15155499 0.46145197 0.15204862 0.45938050 0.15438448 0.44240097 0.15734650 0.45074187 0.17761254 0.44867059 0.17994888 0.44508251 0.17859980 0.42810298 0.18156181 0.43720209 0.20367010 0.43513062 0.20600596 0.41249173 0.20995523 0.42538228 0.24127566 0.44236181 0.23831365 0.44594970 0.23966226 0.44974094 0.24887393 0.46955015 0.24541829 0.47162162 0.24308242 0.48577074 0.24061416 0.48935936 0.24196265 0.49466722 0.25485927 0.54277467 0.24646711 0.54636256 0.24781572 0.54939560 0.25518515 0.54732432 0.25752149 0.54166423 0.25850887 0.54393887 0.26403559 0.54186740 0.26637146 0.54793347 0.28111031 0.56208259 0.27864205 0.56567067 0.27999114 0.56870371 0.28736057 0.59134260 0.28341130 0.59493121 0.28475979 0.59872246 0.29397146 0.68361792 0.27916178 0.68568939 0.27682591 0.68265636 0.26945648 0.68472855 0.26712049 0.70736744 0.26317122 0.70433440 0.25580179 0.70640568 0.25346546 0.71772512 0.25149082 0.71393387 0.24227916 0.69978475 0.24474742 0.69619613 0.24339893 0.69336646 0.24389255 0.68977857 0.24254394 0.68674553 0.23517451 0.68881700 0.23283865 0.73409477 0.22494012 0.73106154 0.21757021 0.73313301 0.21523435 0.74728286 0.21276596 0.69647966 0.08932838 0.68516021 0.09130301 0.68157140 0.08995405 0.67929658 0.08442686 0.67570869 0.08307825 0.67495048 0.08123601 0.65797167 0.08419790 0.65438306 0.08284941 0.65059162 0.07363727 0.62795273 0.07758654 0.62436485 0.07623792 0.62057360 0.06702625 0.60642448 0.06949451 0.60283659 0.06814590 0.59904534 0.05893423 0.56791669 0.06436450 0.56432861 0.06301542 0.56053736 0.05380375 0.54355783 0.05676576 0.53996994 0.05541715 0.53617850 0.04620501 0.53051914 0.04719226 0.52693053 0.04584378 0.52238107 0.03478987 0.50257259 0.03824538 0.50712204 0.04929929 0.50504985 0.05163528 0.49090073 0.05410354 0.49924163 0.07436959 0.49509888 0.07904179 0.48943880 0.08002917
0 0.00000000 0.20095299 0.02201102 0.19711325 0.02559913 0.19846183 0.02939057 0.20767397 0.05768896 0.20273742 0.06127757 0.20408591 0.06582722 0.21514029 0.07148658 0.21415304 0.07507447 0.21550165 0.07734911 0.22102837 0.11413784 0.21461072 0.11772592 0.21595980 0.12303359 0.22885595 0.15133184 0.22391943 0.15491992 0.22526851 0.15795296 0.23263794 0.22021026 0.22177740 0.22435300 0.21710520 0.22359479 0.21526296 0.22773826 0.21059063 0.22698005 0.20874839 0.23319518 0.20174067 0.23243678 0.19989796 0.23657972 0.19522622 0.23582131 0.19338351 0.23996497 0.18871165 0.23920676 0.18686941 0.24542170 0.17986122 0.24466349 0.17801898 0.24880624 0.17334678 0.24804802 0.17150454 0.25219096 0.16683280 0.25143256 0.16499009 0.25557622 0.16031823 0.25481782 0.15847552 0.26103295 0.15146780 0.26027474 0.14962556 0.26441748 0.14495336 0.26365928 0.14311112 0.26573055 0.14077478 0.26269771 0.13340582 0.26476971 0.13106936 0.26173667 0.12369993 0.24192746 0.12715557 0.23833958 0.12580695 0.23454833 0.11659529 0.22888825 0.11758266 0.22530016 0.11623358 0.21999249 0.10333743 0.22206377 0.10100110 0.22772385 0.10001371 0.22393261 0.09080205 0.22600408 0.08846618 0.23166416 0.08747880 0.22938933 0.08195161 0.23146080 0.07961575 0.24278025 0.07764111 0.23974721 0.07027169 0.24181868 0.06793582 0.26162789 0.06448018 0.25632003 0.05158356 0.25839146 0.04924760 0.25535842 0.04187817 0.25742983 0.03954216 0.26874928 0.03756753 0.26495797 0.02835572 0.26702940 0.02601976 0.27551916 0.02453876 0.27400265 0.02085404 0.27607478 0.01851791 0.27455829 0.01483324 0.27662970 0.01249723 0.27511318 0.00881252 0.00000000 0.05680493 0.00000000 0.20095299
0 0.34345504 0.57155223 0.40865504 0.55963240 0.40283161 0.54480393 0.33763161 0.55672376 0.34345504 0.57155223
0 0.36551507 0.75293881 0.35585506 0.75470485 0.36038399 0.76623707 0.35378680 0.76920962 0.35766908 0.77909527 0.34800907 0.78086131 0.35318525 0.79404166 0.58130025 0.74880654 0.57612407 0.73562619 0.56646406 0.73739222 0.56193452 0.72585846 0.55227451 0.72762449 0.54774497 0.71609072 0.53502501 0.71665138 0.52872716 0.70720735 0.36098554 0.74140504 0.36551507 0.75293881
0 0.88768366 1.00000000 0.91464594 0.98521230 0.91287665 0.97169665 0.91004673 0.97324874 0.90885077 0.97183540 0.90682874 0.95638907 0.90751923 0.95394109 0.91034915 0.95238899 0.90706332 0.92728835 0.89763057 0.93246182 0.89643437 0.93104860 0.89517062 0.92139478 0.89586128 0.91894616 0.90246411 0.91532478 0.90126815 0.91391144 0.90050994 0.90811944 0.90120036 0.90567096 0.90497351 0.90360154 0.90244601 0.88429388 0.89961633 0.88584584 0.89842006 0.88443214 0.89690358 0.87284764 0.89759431 0.87039952 0.89948076 0.86936488 0.90017119 0.86691640 0.89789643 0.84953941 0.89506675 0.85109137 0.89387054 0.84967816 0.89210125 0.83616250 0.89279199 0.83371438 0.89562166 0.83216242 0.89334690 0.81478543 0.89051722 0.81633739 0.88932102 0.81492417 0.88578245 0.78789286 0.88647318 0.78544474 0.88930286 0.78389278 0.88450053 0.74720763 0.88167085 0.74875960 0.88047465 0.74734638 0.87895810 0.73576139 0.87964883 0.73331327 0.88247851 0.73176131 0.87969821 0.71052249 0.87026546 0.71569596 0.86906950 0.71428262 0.86881676 0.71235195 0.84712110 0.72425112 0.84592514 0.72283778 0.84309522 0.72438987 0.84815021 0.76300519 0.84745954 0.76545380 0.84821782 0.77124629 0.84752733 0.77369428 0.84564088 0.77472892 0.84917939 0.80175974 0.84848896 0.80420822 0.84565904 0.80576032 0.85223059 0.85596062 0.85153986 0.85840874 0.84871018 0.85996071 0.85528179 0.91016150 0.85459129 0.91260949 0.85270460 0.91364427 0.85877067 0.95998324 0.85808018 0.96243122 0.85525026 0.96398332 0.85996508 1.00000000 0.88768366 1.00000000
0 0.85187698 1.00000000 0.85048427 0.98936096 0.85117475 0.98691298 0.84965820 0.97532799 0.85034869 0.97288000 0.84883214 0.96129501 0.84952288 0.95884689 0.84825913 0.94919306 0.84894962 0.94674507 0.84743306 0.93516009 0.84812356 0.93271210 0.84660707 0.92112760 0.84729774 0.91867899 0.84578125 0.90709449 0.84647174 0.90464650 0.84419692 0.88726902 0.84557789 0.88237304 0.84406134 0.87078805 0.84475184 0.86834007 0.84323535 0.85675557 0.84392602 0.85430696 0.84240953 0.84272246 0.84310002 0.84027447 0.84183621 0.83062015 0.84252670 0.82817216 0.84101015 0.81658717 0.84170088 0.81413905 0.84018439 0.80255456 0.84087482 0.80010608 0.83935833 0.78852158 0.84004882 0.78607359 0.83853227 0.77448860 0.83922276 0.77204062 0.83795901 0.76238679 0.83864950 0.75993880 0.83713295 0.74835381 0.83782368 0.74590569 0.83630713 0.73432070 0.83699762 0.73187271 0.83674488 0.72994204 0.83554892 0.72852870 0.83083255 0.73111544 0.82963628 0.72970173 0.82913080 0.72584039 0.82535766 0.72790981 0.82416163 0.72649597 0.82321840 0.72701329 0.82082623 0.72418673 0.79630089 0.73763786 0.79680637 0.74149919 0.79611570 0.74394781 0.79763219 0.75553230 0.79694170 0.75798029 0.79845825 0.76956528 0.79776776 0.77201327 0.79928431 0.78359826 0.79859382 0.78604624 0.79985757 0.79570007 0.79916714 0.79814855 0.80068363 0.80973305 0.79999290 0.81218117 0.80150945 0.82376616 0.80081896 0.82621415 0.80208271 0.83586798 0.80139222 0.83831596 0.80290877 0.84990096 0.80221803 0.85234907 0.80373458 0.86393406 0.80304409 0.86638205 0.80456064 0.87796704 0.80387015 0.88041503 0.80538664 0.89199953 0.80469621 0.89444801 0.80752590 0.89289604 0.80872210 0.89430926 0.80922757 0.89817059 0.80853684 0.90061871 0.80904238 0.90448054 0.80973311 0.90203242 0.81067634 0.90151510 0.81187230 0.90292845 0.81313605 0.91258227 0.81244556 0.91503026 0.80867241 0.91709968 0.81044170 0.93061533 0.80975121 0.93306332 0.81000401 0.93499448 0.81283369 0.93344252 0.81402990 0.93485573 0.81453543 0.93871756 0.81384470 0.94116568 0.81485572 0.94888884 0.81416522 0.95133683 0.81296926 0.94992348 0.81108281 0.95095813 0.81234656 0.96061196 0.81165583 0.96306007 0.81266684 0.97078324 0.81455353 0.96974846 0.81574956 0.97116230 0.81701331 0.98081613 0.81632282 0.98326412 0.81657556 0.98519479 0.81588513 0.98764327 0.81305521 0.98919537 0.81431896 0.99884919 0.81399426 1.00000000 0.85187698 1.00000000
0 0.80362854 1.00000000 0.80412774 0.99823028 0.80261119 0.98664528 0.80330163 0.98419732 0.80178515 0.97261283 0.80247581 0.97016421 0.80121207 0.96051038 0.80190256 0.95806240 0.80038607 0.94647790 0.80107650 0.94402942 0.79956001 0.93244493 0.80025074 0.92999680 0.79873419 0.91841181 0.79942468 0.91596383 0.79790813 0.90437884 0.79602144 0.90541361 0.79482547 0.90400027 0.79432000 0.90013893 0.79501042 0.89769045 0.79450495 0.89382912 0.79519562 0.89138050 0.79418467 0.88365783 0.79487510 0.88120935 0.79581832 0.88069203 0.79556559 0.87876137 0.79179244 0.88083078 0.79059647 0.87941743 0.79034367 0.87748627 0.79103416 0.87503829 0.79002315 0.86731512 0.79071364 0.86486713 0.79354356 0.86331504 0.79253255 0.85559188 0.79322304 0.85314389 0.79195923 0.84348957 0.79007277 0.84452421 0.78887681 0.84311086 0.78837134 0.83924953 0.78906182 0.83680154 0.78830355 0.83100905 0.78899397 0.82856057 0.79182390 0.82700847 0.79056015 0.81735464 0.79125064 0.81490665 0.79023963 0.80718349 0.78835293 0.80821827 0.78715697 0.80680492 0.78614596 0.79908176 0.78683638 0.79663328 0.78633091 0.79277194 0.78702164 0.79032382 0.78985156 0.78877173 0.78884055 0.78104857 0.78953097 0.77860009 0.78826722 0.76894626 0.78638053 0.76998103 0.78518457 0.76856768 0.78392082 0.75891386 0.78461131 0.75646587 0.78284202 0.74295021 0.77812565 0.74553695 0.77692968 0.74412360 0.75000000 0.75889341 0.75000000 0.77782515 0.77908413 1.00000000 0.80362854 1.00000000
0 0.86071564 0.48828125 0.86082288 0.48910048 0.86013217 0.49154873 0.85730249 0.49310069 0.85881901 0.50468543 0.85812853 0.50713352 0.85939230 0.51678749 0.86222198 0.51523553 0.86341796 0.51664903 0.86493447 0.52823372 0.86424400 0.53068186 0.86235755 0.53171650 0.86336853 0.53943941 0.86525498 0.53840477 0.86645101 0.53981861 0.86822023 0.55333377 0.86752981 0.55578226 0.86470013 0.55733422 0.86495286 0.55926488 0.86778254 0.55771292 0.86897851 0.55912627 0.87049506 0.57071126 0.86980457 0.57315925 0.86697489 0.57471121 0.86748043 0.57857304 0.87031011 0.57702107 0.87150607 0.57843442 0.87327536 0.59195008 0.87258487 0.59439806 0.87069841 0.59543271 0.86950245 0.59401936 0.87026066 0.59981136 0.87309034 0.59825940 0.87428630 0.59967275 0.87580285 0.61125773 0.87511236 0.61370572 0.87228268 0.61525768 0.87304096 0.62105018 0.88247371 0.61587671 0.88366967 0.61729005 0.88518622 0.62887504 0.88449573 0.63132303 0.87411952 0.63701396 0.87437225 0.63894462 0.87814540 0.63687521 0.87934143 0.63828905 0.88111065 0.65180421 0.88042022 0.65425269 0.87759054 0.65580465 0.87986531 0.67318164 0.88269498 0.67162968 0.88389095 0.67304303 0.88566024 0.68655869 0.88496975 0.68900667 0.88214007 0.69055863 0.88340381 0.70021246 0.88623349 0.69866050 0.88742952 0.70007434 0.88869327 0.70972817 0.89435311 0.70662398 0.89554908 0.70803733 0.89807664 0.72734548 0.89738615 0.72979347 0.89172631 0.73289766 0.89273732 0.74062082 0.89204683 0.74306881 0.88921715 0.74462077 0.88852642 0.74706889 0.89130672 0.76830771 0.89790979 0.76468620 0.89910575 0.76609954 0.90188605 0.78733836 0.90119556 0.78978635 0.89930887 0.79082112 0.89861844 0.79326961 0.90064046 0.80871593 0.89994997 0.81116392 0.89712005 0.81271601 0.89939481 0.83009300 0.90222473 0.82854091 0.90342070 0.82995425 0.90518998 0.84346991 0.90449949 0.84591790 0.90166957 0.84746999 0.90394433 0.86484698 0.90677425 0.86329489 0.90797028 0.86470873 0.91024504 0.88208572 0.91590489 0.87898153 0.91710085 0.88039488 0.91811186 0.88811804 0.91742137 0.89056603 0.90798838 0.89573963 0.90849392 0.89960146 0.90780343 0.90204945 0.90805623 0.90398061 0.91182938 0.90191119 0.91302534 0.90332454 0.91479463 0.91684019 0.91410414 0.91928818 0.91033099 0.92135760 0.91134200 0.92908076 0.91417193 0.92752866 0.91536789 0.92894201 0.91688437 0.94052651 0.91619395 0.94297499 0.91430725 0.94400976 0.91361676 0.94645775 0.91412230 0.95031958 0.91695222 0.94876748 0.91814819 0.95018083 0.92017021 0.96562715 0.91947972 0.96807514 0.91664980 0.96962724 0.91841909 0.98314289 0.98539252 0.94641074 0.97553514 0.87110979 0.96610215 0.87628339 0.96490618 0.87487005 0.96364237 0.86521573 0.96433286 0.86276774 0.96332185 0.85504458 0.96401234 0.85259659 0.97533202 0.84638821 0.97331000 0.83094189 0.97400049 0.82849390 0.96490138 0.75898544 0.96395816 0.75950276 0.96276195 0.75808955 0.95898880 0.76015896 0.95779278 0.75874513 0.95501248 0.73750631 0.95570296 0.73505832 0.96136281 0.73195413 0.95327471 0.67016884 0.95396520 0.66772085 0.95679512 0.66616875 0.94441024 0.57156014 0.94510073 0.56911216 0.93451945 0.48828125 0.86071564 0.48828125
0 0.82707246 0.64833128 0.82638203 0.65077976 0.82355211 0.65233186 0.82885991 0.69287833 0.82816941 0.69532632 0.83099934 0.69377422 0.83219530 0.69518757 0.83396459 0.70870323 0.83962419 0.70559917 0.84082039 0.70701238 0.84157867 0.71280488 0.85384134 0.70607931 0.85503730 0.70749266 0.85529004 0.70942333 0.87509924 0.69855880 0.87484651 0.69662813 0.87553700 0.69418014 0.87836668 0.69262818 0.87356436 0.65594304 0.87073467 0.65749500 0.86953871 0.65608166 0.86751669 0.64063533 0.86820718 0.63818735 0.87103686 0.63663538 0.87027858 0.63084289 0.86084583 0.63601636 0.85964987 0.63460301 0.85712231 0.61529486 0.85781280 0.61284688 0.85900876 0.61426022 0.86372538 0.61167335 0.86441587 0.60922537 0.86340485 0.60150220 0.86409535 0.59905421 0.86598180 0.59801957 0.86446525 0.58643459 0.86515598 0.58398646 0.86414497 0.57626330 0.86225827 0.57729808 0.85986628 0.57447089 0.85834979 0.56288639 0.85904029 0.56043841 0.86187021 0.55888631 0.85959538 0.54150883 0.85839919 0.54009571 0.85764093 0.53430337 0.85575448 0.53533801 0.85455850 0.53392451 0.85278923 0.52040900 0.85347970 0.51796087 0.85630962 0.51640878 0.85352934 0.49517010 0.85069942 0.49672220 0.84950344 0.49530873 0.84925069 0.49337794 0.80680260 0.51665896 0.80907737 0.53403604 0.80838690 0.53648418 0.82051901 0.62916187 0.82334893 0.62760978 0.82454496 0.62902362 0.82707246 0.64833128
0 0.75000000 0.73819900 0.76025276 0.73257579 0.76264487 0.73540291 0.77396443 0.72919460 0.77516039 0.73060794 0.77541313 0.73253861 0.79805202 0.72012212 0.79924798 0.72153547 0.79950072 0.72346613 0.82496953 0.70949755 0.82566002 0.70704956 0.82490181 0.70125756 0.82207188 0.70280965 0.82087586 0.70139581 0.81733735 0.67436499 0.81802784 0.67191701 0.82085776 0.67036491 0.81883573 0.65491859 0.81600581 0.65647068 0.81480979 0.65505685 0.81329330 0.64347235 0.81398379 0.64102436 0.81681371 0.63947227 0.81580263 0.63174861 0.81460667 0.63033526 0.81271998 0.63137004 0.81152401 0.62995669 0.81000746 0.61837170 0.81069795 0.61592371 0.81352788 0.61437162 0.81251686 0.60664846 0.80968694 0.60820055 0.80849098 0.60678721 0.80672169 0.59327155 0.80741218 0.59082356 0.81024210 0.58927147 0.80847281 0.57575581 0.80752959 0.57627313 0.80633338 0.57485992 0.80539016 0.57537724 0.80419419 0.57396389 0.80488462 0.57151541 0.80362088 0.56186168 0.80431136 0.55941359 0.80619805 0.55837882 0.80417603 0.54293250 0.80228934 0.54396727 0.80109336 0.54255382 0.80008235 0.53483066 0.80077282 0.53238253 0.80265951 0.53134775 0.80114299 0.51976301 0.75000000 0.54781282 0.75000000 0.73819900
