0 0.46875000 0.31835938 0.46875000 0.27340012 0.37701167 0.27179883 0.37502438 0.27371744 0.37499030 0.27567014 0.36704314 0.28334511 0.36700905 0.28529831 0.35707411 0.29489189 0.35704002 0.29684459 0.34710558 0.30643817 0.34707149 0.30839087 0.33713704 0.31798495 0.33713050 0.31835938 0.46875000 0.31835938
0 0.46875000 0.16784871 0.46073452 0.17558884 0.46070043 0.17754204 0.45275278 0.18521651 0.45271868 0.18716971 0.44477103 0.19484467 0.44473694 0.19679737 0.43480250 0.20639096 0.43476841 0.20834416 0.43079483 0.21218139 0.44446425 0.21241999 0.44638337 0.21440679 0.45614738 0.21457722 0.45806600 0.21656401 0.45803190 0.21851721 0.45207104 0.22427355 0.45203695 0.22622626 0.44607659 0.23198211 0.44604250 0.23393531 0.44008162 0.23969166 0.44004754 0.24164436 0.43408668 0.24740021 0.43405259 0.24935341 0.42610493 0.25702837 0.46875000 0.25777274 0.46875000 0.16784871
0 0.74276687 0.00000000 0.75911206 0.03551985 0.78436278 0.02137440 0.77413753 0.00000000 0.74276687 0.00000000
0 0.73295239 0.10173940 0.75816673 0.08967762 0.73206857 0.03296351 0.70477056 0.04498892 0.73295239 0.10173940
0 0.17022004 0.84198298 0.17881535 0.79720429 0.24144218 0.79048376 0.24499708 0.69873495 0.23345055 0.68876629 0.09863728 0.69031996 0.08486522 0.69593984 0.07662067 0.83253551 0.08230872 0.84240190 0.17022004 0.84198298
0 0.46875000 0.86005483 0.47859588 0.84785468 0.47863210 0.84519260 0.48707648 0.83472946 0.48711270 0.83206738 0.49555708 0.82160425 0.49559330 0.81894217 0.50614881 0.80586274 0.50618503 0.80320066 0.50829609 0.80058504 0.46875000 0.79969935 0.46875000 0.86005483
0 0.61779374 0.83765706 0.60723840 0.85073581 0.60720218 0.85339789 0.59875779 0.86386171 0.59872157 0.86652379 0.59027719 0.87698692 0.59024097 0.87964901 0.58179658 0.89011214 0.58176037 0.89277422 0.57331598 0.90323736 0.57327976 0.90590012 0.56272441 0.91897887 0.56268820 0.92164095 0.55635478 0.92948847 0.58125332 0.93004611 0.58329186 0.93275466 0.58536660 0.93280113 0.58740566 0.93550969 0.58529417 0.93812529 0.58525795 0.94078805 0.57892505 0.94863558 0.57888884 0.95129767 0.57255543 0.95914450 0.57251920 0.96180727 0.56618578 0.96965478 0.56614956 0.97231687 0.56403860 0.97493248 0.70098037 0.97799948 0.70301943 0.98070804 0.87108452 0.98447210 0.87530697 0.97924088 0.87534318 0.97657879 0.88800950 0.96088375 0.88804572 0.95822166 0.89860107 0.94514223 0.89863729 0.94248015 0.90285974 0.93724893 0.91115926 0.93743481 0.91319779 0.94014336 0.93809634 0.94070100 0.94013487 0.94340954 0.94009866 0.94607163 0.93165426 0.95653544 0.93161805 0.95919753 0.92106270 0.97227628 0.92102649 0.97493836 0.91469306 0.98278588 0.91465685 0.98544796 0.99350252 0.98721382 0.99592907 0.80884337 0.94613196 0.80772809 0.94402100 0.81034371 0.87554959 0.80881020 0.87551337 0.81147228 0.87340241 0.81408789 0.87329376 0.82207482 0.87118280 0.82469044 0.82346044 0.82362163 0.82327936 0.83693273 0.82116839 0.83954902 0.78589504 0.83875903 0.78385652 0.83604980 0.78407382 0.82007662 0.75710052 0.81947252 0.75506199 0.81676397 0.75524307 0.80345287 0.64112458 0.80089703 0.63479117 0.80874386 0.63475495 0.81140595 0.62631056 0.82186976 0.62627434 0.82453184 0.61782996 0.83499498 0.61779374 0.83765706
0 0.46875000 0.77839484 0.52725961 0.77970524 0.52937111 0.77708964 0.52940733 0.77442688 0.53785118 0.76396373 0.53788740 0.76130164 0.54844328 0.74822291 0.54847950 0.74556015 0.55903485 0.73248139 0.55907106 0.72981931 0.56751545 0.71935618 0.56755166 0.71669410 0.57810702 0.70361467 0.57814323 0.70095258 0.58658762 0.69048945 0.58662384 0.68782737 0.59717971 0.67474863 0.59721593 0.67208655 0.60777128 0.65900712 0.60780750 0.65634503 0.61836285 0.64326628 0.61839907 0.64060352 0.62895442 0.62752477 0.62899063 0.62486269 0.63954598 0.61178394 0.63958219 0.60912186 0.64169370 0.60650557 0.52550046 0.60390326 0.52531937 0.61721436 0.52320787 0.61983064 0.47756079 0.61880831 0.47741592 0.62945732 0.47530486 0.63207294 0.46908019 0.63193353 0.46875000 0.65620537 0.46875000 0.77839484
0 0.74696941 0.64880950 0.73219160 0.66712015 0.73215538 0.66978223 0.72159951 0.68286097 0.72156329 0.68552305 0.71100794 0.69860248 0.71097172 0.70126457 0.70041637 0.71434332 0.70038015 0.71700608 0.68982480 0.73008483 0.68978859 0.73274691 0.68767710 0.73536252 0.71672567 0.73601310 0.71876419 0.73872233 0.71851068 0.75735759 0.71639971 0.75997389 0.71017494 0.75983448 0.71010251 0.76515864 0.70799155 0.76777426 0.70791911 0.77309911 0.70580815 0.77571472 0.66016054 0.77469238 0.65593861 0.77992429 0.65801335 0.77997076 0.66005188 0.78267931 0.96920876 0.78960331 0.96935363 0.77895429 0.97146513 0.77633801 0.99636368 0.77689565 0.99839184 0.62780947 0.98179281 0.62743771 0.97968184 0.63005401 0.95685804 0.62954284 0.95671316 0.64019185 0.95460167 0.64280746 0.91725411 0.64197100 0.91521558 0.63926246 0.91536045 0.62861344 0.91332193 0.62590421 0.89049812 0.62539304 0.88845906 0.62268448 0.88860393 0.61203547 0.88445443 0.61194253 0.88241590 0.60923398 0.80149548 0.60742166 0.79945695 0.60471311 0.77663314 0.60420194 0.76818876 0.61466507 0.76815254 0.61732715 0.75759720 0.63040590 0.75756097 0.63306867 0.74700563 0.64614742 0.74696941 0.64880950
0 0.66491589 0.57773179 0.67335974 0.56726932 0.67339596 0.56460656 0.68395184 0.55152782 0.68398805 0.54886573 0.69243244 0.53840260 0.69246866 0.53573984 0.70091304 0.52527738 0.70094926 0.52261462 0.71150461 0.50953587 0.71154082 0.50687379 0.71998521 0.49641066 0.72002143 0.49374789 0.72846581 0.48328544 0.72850204 0.48062268 0.73905738 0.46754393 0.73909360 0.46488185 0.74753798 0.45441871 0.74757421 0.45175595 0.75601858 0.44129350 0.75605481 0.43863073 0.76449919 0.42816760 0.76453541 0.42550551 0.77509075 0.41242676 0.65889752 0.40982446 0.65871643 0.42313555 0.65660547 0.42575117 0.60888312 0.42468236 0.60873825 0.43533137 0.60662728 0.43794767 0.56927972 0.43711122 0.56724119 0.43440199 0.56738606 0.42375297 0.55493652 0.42347415 0.55289799 0.42076560 0.54044845 0.42048678 0.53840992 0.41777823 0.53855479 0.40712921 0.47215865 0.40564218 0.46973210 0.58401331 0.62949767 0.58759148 0.63160917 0.58497520 0.66065721 0.58562577 0.66487967 0.58039455 0.66491589 0.57773179
0 1.00000000 0.41480034 0.90584450 0.41269160 0.90373353 0.41530790 0.90369732 0.41796998 0.89103048 0.43366433 0.89099425 0.43632710 0.88043891 0.44940585 0.88040269 0.45206793 0.86984734 0.46514736 0.86981112 0.46780944 0.85925578 0.48088820 0.85921956 0.48355028 0.84866421 0.49662903 0.84862799 0.49929179 0.83807211 0.51237053 0.83803590 0.51503261 0.82748054 0.52811204 0.82744432 0.53077412 0.81688898 0.54385287 0.85008705 0.54459639 0.85212558 0.54730494 0.85205314 0.55262979 0.84994218 0.55524540 0.84983352 0.56323233 0.84772256 0.56584795 0.84357254 0.56575500 0.84146158 0.56837062 0.83731155 0.56827767 0.83716669 0.57892669 0.83505572 0.58154230 0.82883095 0.58140289 0.82872230 0.58938982 0.99886266 0.59320035 1.00000000 0.50959688 1.00000000 0.41480034
0 1.00000000 0.32425650 0.96932253 0.32356943 0.96721156 0.32618522 0.96717535 0.32884747 0.95661946 0.34192642 0.95658325 0.34458863 0.95236132 0.34982021 0.96896035 0.35019196 0.97099888 0.35290072 0.98137315 0.35313307 0.98341221 0.35584177 0.98130071 0.35845751 0.98126450 0.36111979 0.97493107 0.36896710 0.97489486 0.37162939 0.97067293 0.37686096 0.97063671 0.37952318 0.96430329 0.38737056 0.96426707 0.39003279 0.96004514 0.39526456 1.00000000 0.39615941 1.00000000 0.32425650
0 0.47334604 0.31835938 0.47328138 0.32311216 0.51062921 0.32394862 0.51266790 0.32665731 0.51241438 0.34529311 0.51030325 0.34790886 0.50200374 0.34772298 0.50185887 0.35837200 0.49974775 0.36098781 0.49352314 0.36084840 0.49141201 0.36346422 0.49126714 0.37411323 0.48915607 0.37672898 0.48085656 0.37654310 0.48074790 0.38453003 0.68408634 0.38908408 0.68612487 0.39179263 0.78986856 0.39411612 0.80042444 0.38103724 0.80046066 0.37837495 0.80890452 0.36791181 0.80894073 0.36524952 0.81949661 0.35217065 0.81953283 0.34950843 0.82797721 0.33904529 0.82801343 0.33638301 0.83856878 0.32330409 0.83860500 0.32064184 0.73669303 0.31835938 0.47334604 0.31835938
