0 0.33203100 0.96875000 0.33203100 0.99609400 0.56640600 0.99609400 0.56640600 0.97265600 0.49609400 0.97265600 0.49218800 0.96875000
0 0.75000000 0.91796900 0.75000000 0.94140600 0.74609400 0.94531200 0.84765600 0.94531200 0.85156200 0.94921900 0.98437500 0.94921900 0.98437500 0.91796900
0 0.89843800 0.86328100 0.89453100 0.86718800 0.75390600 0.86718800 0.75390600 0.89062500 0.79687500 0.89062500 0.80078100 0.89453100 0.98828100 0.89453100 0.98828100 0.86328100
0 0.75390600 0.80859400 0.75390600 0.83984400 0.91406200 0.83984400 0.91796900 0.84375000 0.98828100 0.84375000 0.98828100 0.81250000 0.84375000 0.81250000 0.83984400 0.80859400
0 0.76562500 0.57031200 0.76562500 0.59765600 0.99609400 0.59765600 0.99609400 0.57421900 0.99218800 0.57421900 0.98828100 0.57031200
0 0.34765600 0.51953100 0.34765600 0.55078100 0.70312500 0.55078100 0.70312500 0.53125000 0.69921900 0.52734400 0.69921900 0.52343800 0.45312500 0.52343800 0.44921900 0.51953100
0 0.76953100 0.51562500 0.76953100 0.54296900 0.91015600 0.54296900 0.91406200 0.54687500 0.99609400 0.54687500 0.99609400 0.51562500
0 0.34765600 0.46875000 0.34765600 0.49609400 0.70312500 0.49609400 0.70312500 0.47265600 0.69921900 0.46875000
0 0.76953100 0.46093800 0.76953100 0.48828100 0.97265600 0.48828100 0.97656200 0.49218800 0.99609400 0.49218800 0.99609400 0.46484400 0.85937500 0.46484400 0.85546900 0.46093800
0 0.34765600 0.41406200 0.34765600 0.43359400 0.35156200 0.43750000 0.35156200 0.44140600 0.70312500 0.44140600 0.70312500 0.42578100 0.69921900 0.42187500 0.69921900 0.41406200
0 0.76953100 0.40625000 0.76953100 0.43359400 0.77343800 0.43750000 0.99609400 0.43750000 0.99609400 0.41015600 0.87500000 0.41015600 0.87109400 0.40625000
0 0.46875000 0.36328100 0.46875000 0.38671900 0.50000000 0.38671900 0.50390600 0.39062500 0.67968800 0.39062500 0.68359400 0.39453100 0.70312500 0.39453100 0.70312500 0.36328100
0 0.76953100 0.35546900 0.76953100 0.38281200 0.99609400 0.38281200 0.99609400 0.35546900
0 0.46875000 0.30859400 0.46875000 0.33593800 0.56640600 0.33593800 0.57031200 0.33984400 0.70312500 0.33984400 0.70312500 0.31250000 0.69921900 0.30859400
0 0.76953100 0.30078100 0.76953100 0.32812500 0.99609400 0.32812500 0.99609400 0.30078100
0 0.47265600 0.25000000 0.46875000 0.25390600 0.46875000 0.26171900 0.47265600 0.26562500 0.47265600 0.28125000 0.70703100 0.28125000 0.70703100 0.26562500 0.70312500 0.26171900 0.70312500 0.25781200 0.62890600 0.25781200 0.62500000 0.25390600 0.48437500 0.25390600 0.48046900 0.25000000
0 0.76953100 0.24609400 0.76953100 0.27343800 0.99609400 0.27343800 0.99609400 0.25000000 0.81640600 0.25000000 0.81250000 0.24609400
0 0.46875000 0.19921900 0.46875000 0.23046900 0.70312500 0.23046900 0.70312500 0.19921900
0 0.76953100 0.19140600 0.76953100 0.22265600 0.99609400 0.22265600 0.99609400 0.19531200 0.94531200 0.19531200 0.94140600 0.19140600
0 0.52343800 0.14453100 0.51953100 0.14843800 0.49609400 0.14843800 0.49609400 0.17578100 0.73437500 0.17578100 0.73437500 0.14453100
0 0.76171900 0.14062500 0.76171900 0.16796900 0.81640600 0.16796900 0.82031200 0.17187500 0.99609400 0.17187500 0.99609400 0.14062500
0 0.65234400 0.08984380 0.64843800 0.09375000 0.49609400 0.09375000 0.49609400 0.11718800 0.50000000 0.12109400 0.74218800 0.12109400 0.73828100 0.11718800 0.73828100 0.09765620 0.73437500 0.09375000 0.73437500 0.08984380
0 0.76562500 0.08593750 0.76171900 0.08984380 0.76562500 0.09375000 0.76562500 0.11328100 0.99609400 0.11328100 0.99609400 0.08984380 0.88671900 0.08984380 0.88281200 0.08593750
0 0.50390600 0.03906250 0.50000000 0.04296880 0.50000000 0.06640620 0.50390600 0.07031250 0.55859400 0.07031250 0.56250000 0.06640620 0.73828100 0.06640620 0.73828100 0.05468750 0.73437500 0.05078120 0.73437500 0.03906250
0 0.76562500 0.03125000 0.76562500 0.05859380 0.99609400 0.05859380 0.99609400 0.03125000
0 0.76562500 0.00000000 0.76562500 0.00781250 0.99609400 0.00781250 0.99609400 0.00000000
0 0.50000000 0.00000000 0.50000000 0.01171880 0.59375000 0.01171880 0.59765600 0.01562500 0.71484400 0.01562500 0.71875000 0.01953120 0.73437500 0.01953120 0.73828100 0.01562500 0.73828100 0.00000000
