0 0.60744298 0.44921875 0.62180481 0.40810433 0.58299992 0.40218328 0.58101048 0.40007846 0.51116182 0.38942058 0.50917222 0.38731619 0.43932356 0.37665831 0.43733396 0.37455393 0.36748531 0.36389605 0.36549586 0.36179122 0.29564721 0.35113335 0.29365760 0.34902896 0.24709161 0.34192367 0.24589703 0.34534346 0.24271301 0.34665843 0.23614320 0.36546619 0.23295917 0.36678116 0.21324990 0.42320400 0.21006521 0.42451886 0.20707884 0.43306812 0.31292539 0.44921875 0.60744298 0.44921875
0 0.00000000 0.40147094 0.14499129 0.42359447 0.15753369 0.38768863 0.16390241 0.38505880 0.20529411 0.39137457 0.21305834 0.36914745 0.21624252 0.36783205 0.22997920 0.32850729 0.23316404 0.32719199 0.10381466 0.30745517 0.10182505 0.30535079 0.00000000 0.28981378 0.00000000 0.40147094
0 0.06951982 0.00000000 0.00000000 0.19901837 0.00000000 0.23938807 0.11854810 0.25747677 0.12053755 0.25958159 0.11934312 0.26300095 0.12133273 0.26510533 0.11954093 0.27023480 0.15575900 0.27576115 0.15774860 0.27786553 0.19655348 0.28378659 0.19715070 0.28207691 0.20033472 0.28076195 0.22243300 0.21749996 0.22561718 0.21618455 0.24174301 0.17002021 0.22363464 0.16725714 0.22164438 0.16515266 0.21905756 0.16475795 0.21706796 0.16265356 0.22184597 0.14897527 0.22821403 0.14634533 0.24890988 0.14950322 0.25966048 0.11872684 0.26284517 0.11741198 0.28554081 0.05243988 0.28872484 0.05112491 0.29469743 0.03402683 0.20932723 0.02100059 0.20733693 0.01889619 0.11420574 0.00468574 0.11221604 0.00258124 0.09529931 0.00000000 0.06951982 0.00000000
0 0.33928188 0.00000000 0.32394941 0.04389312 0.32076457 0.04520842 0.30165252 0.09992159 0.29846849 0.10123655 0.27935644 0.15594972 0.27617241 0.15726468 0.26482459 0.18975073 0.28034681 0.19211920 0.28233641 0.19422358 0.41168513 0.21396029 0.41367473 0.21606468 0.40292413 0.24684105 0.40491439 0.24894554 0.52908948 0.26789284 0.53107908 0.26999722 0.54918812 0.27276040 0.55117772 0.27486478 0.54460791 0.29367254 0.59893435 0.30196196 0.60092380 0.30406678 0.65525090 0.31235630 0.67968750 0.24240025 0.67968750 0.04594701 0.37856405 0.00000000 0.33928188 0.00000000
0 0.70751066 0.29548259 0.72822299 0.29112944 0.73800482 0.28399328 0.75583787 0.28315316 0.75247359 0.25943747 0.70237801 0.26614326 0.70751066 0.29548259
0 0.67968750 0.20142900 0.71932726 0.19483957 0.70333805 0.03395370 0.69804939 0.03518310 0.67968750 0.15448420 0.67968750 0.20142900
0 0.79104116 0.26928564 0.79243205 0.26676055 0.79987233 0.26833489 0.80402032 0.26526122 0.80860599 0.26584700 0.81550900 0.27525328 0.81368206 0.24806098 0.76357108 0.25275693 0.76649929 0.27682273 0.77171932 0.27762819 0.77184317 0.26814970 0.77452618 0.26156196 0.78311340 0.26002561 0.78779784 0.26214896 0.79104116 0.26928564
0 0.45996269 0.77799472 0.47630680 0.78122386 0.49608832 0.77874070 0.52478019 0.78349672 0.54883629 0.69880272 0.48587516 0.69010304 0.45996269 0.77799472
0 0.16456497 0.78510920 0.18924111 0.78696558 0.21859461 0.78196872 0.21849978 0.74165348 0.15999325 0.73898822 0.15093382 0.78035096 0.16456497 0.78510920
0 0.47033365 0.77827889 0.52048199 0.78158855 0.52605440 0.77876691 0.54695904 0.69821867 0.48686039 0.69635959 0.46446345 0.77497259 0.47033365 0.77827889
0 0.26386678 0.79043837 0.29441395 0.78842493 0.30198108 0.74512695 0.24775346 0.73939805 0.23800196 0.74254190 0.23312163 0.78358244 0.26386678 0.79043837
0 0.32645259 0.79552285 0.35829242 0.80092752 0.36515831 0.79834787 0.37581069 0.74900283 0.31660792 0.74399923 0.30247352 0.78882870 0.32645259 0.79552285
