0 0.38738113 0.35937500 0.39212106 0.31978562 0.33645833 0.31464978 0.33445248 0.33140320 0.33269508 0.33265250 0.31361075 0.33089165 0.31244066 0.34066456 0.31068326 0.34191386 0.31018179 0.34610231 0.30842398 0.34735157 0.30683372 0.34720484 0.30566363 0.35697776 0.31997678 0.35829839 0.32097015 0.35937500 0.38738113 0.35937500
0 0.68956139 0.06294566 0.68228357 0.12430814 0.81824798 0.14688223 0.82298174 0.08608072 0.68956139 0.06294566
0 0.63899278 0.14212396 0.63525055 0.20137295 0.76802382 0.22278328 0.77603484 0.16232622 0.63899278 0.14212396
0 0.58553565 0.22514050 0.58317372 0.28701966 0.72008537 0.30058129 0.72244731 0.23870213 0.58553565 0.22514050
0 0.67248763 0.35937500 0.67533065 0.33232547 0.52436024 0.31065928 0.51991375 0.35937500 0.67248763 0.35937500
0 0.00000000 0.87248128 0.00039072 0.87254554 0.00222938 0.84516996 0.00398690 0.84294296 0.00615993 0.81058896 0.00791745 0.80836197 0.00992330 0.77849718 0.01168078 0.77627017 0.01351948 0.74889395 0.01527697 0.74666695 0.05980699 0.75399108 0.06156440 0.75176406 0.08541991 0.75568773 0.08684303 0.75843786 0.16318035 0.77099352 0.16460388 0.77374372 0.21231450 0.78159098 0.21407190 0.77936397 0.23315664 0.78250295 0.23583110 0.74268323 0.23758850 0.74045621 0.24377322 0.64837262 0.24553062 0.64614561 0.25171530 0.55406265 0.25347274 0.55183500 0.25447564 0.53690293 0.23857224 0.53428720 0.23714912 0.53153706 0.17353468 0.52107401 0.17211120 0.51832317 0.10849676 0.50786012 0.10707365 0.50510998 0.04504955 0.49490850 0.04362635 0.49215836 0.01181913 0.48692683 0.00000000 0.66290063 0.00000000 0.87248128
0 0.78657947 0.35937500 0.79121682 0.55614504 0.80361018 0.55715698 0.81854600 0.55713370 0.82107412 0.53308025 0.81396779 0.35937500 0.78657947 0.35937500
0 0.78690996 0.39134676 0.81427358 0.61714083 0.81847699 0.61758263 0.82981179 0.50973916 0.81866362 0.39176508 0.78690996 0.39134676
0 0.80990083 0.65958188 0.80982733 0.44854153 0.78658995 0.44866794 0.77647951 0.66501504 0.80694917 0.66821753 0.80863819 0.66820180 0.80990083 0.65958188
0 0.82114744 0.50474362 0.78804492 0.50597773 0.78791849 0.50869031 0.81050411 0.72587686 0.81561188 0.72623460 0.82286696 0.72529563 0.83158758 0.64232453 0.82353740 0.50499482 0.82114744 0.50474362
0 0.81425533 0.56088544 0.78208788 0.56020366 0.78079369 0.57251709 0.77591914 0.77964693 0.79998036 0.78217586 0.81732251 0.56139006 0.81425533 0.56088544
0 0.91152549 0.73362736 0.91294797 0.72528033 0.91413132 0.70810210 0.69415286 0.70923775 0.69286503 0.72149057 0.69294212 0.73793245 0.69969244 0.73864194 0.91152549 0.73362736
0 0.69100183 0.76482382 0.69415319 0.79304847 0.73223561 0.79705110 0.91339710 0.80568807 0.91458954 0.79434275 0.91381230 0.78218553 0.69100183 0.76482382
0 0.69281588 0.81826872 0.69558492 0.84818769 0.72634517 0.85142072 0.91308028 0.86099072 0.91099567 0.83343907 0.69281588 0.81826872
0 0.79125547 0.78070110 0.79309695 0.99412839 0.79394548 0.99417201 0.82182563 0.98932064 0.82528552 0.95640196 0.81591184 0.77913701 0.81117543 0.77863919 0.79125547 0.78070110
