0 0.12476595 0.34126147 0.11934234 0.34861775 0.11951566 0.35087238 0.11409256 0.35822861 0.11426587 0.36048324 0.11064998 0.36538764 0.11082330 0.36764227 0.10539968 0.37499855 0.10557300 0.37725318 0.10195757 0.38215695 0.10213093 0.38441216 0.09670732 0.39176844 0.09688064 0.39402307 0.09326521 0.39892683 0.09343852 0.40118146 0.08801491 0.40853775 0.08818827 0.41079295 0.08457284 0.41569672 0.08474616 0.41795135 0.07932255 0.42530763 0.07949587 0.42756226 0.07407226 0.43491854 0.07424557 0.43717317 0.07063019 0.44207752 0.07080350 0.44433215 0.06537989 0.45168843 0.06555321 0.45394306 0.06193737 0.45884687 0.06211073 0.46110208 0.05668727 0.46845834 0.05686059 0.47071297 0.05324490 0.47561677 0.05341822 0.47787140 0.04799471 0.48522767 0.04816808 0.48748288 0.04455244 0.49238667 0.04472576 0.49464130 0.03930225 0.50199757 0.03947557 0.50425220 0.03405206 0.51160847 0.03422537 0.51386310 0.03060978 0.51876746 0.03078310 0.52102209 0.02535959 0.52837836 0.02553291 0.53063299 0.02191722 0.53553679 0.02209058 0.53779199 0.01847490 0.54269579 0.02107485 0.57651754 0.02090153 0.57426291 0.02632504 0.56690664 0.02615172 0.56465201 0.02976731 0.55974765 0.02959400 0.55749302 0.03501751 0.55013675 0.03484419 0.54788212 0.03845987 0.54297832 0.03828651 0.54072311 0.04370997 0.53336685 0.04353665 0.53111222 0.04715239 0.52620842 0.04697907 0.52395379 0.05240253 0.51659753 0.05222917 0.51434232 0.05584485 0.50943852 0.05567154 0.50718389 0.05928718 0.50227952 0.05911386 0.50002489 0.06453732 0.49266863 0.06436400 0.49041400 0.06797984 0.48551019 0.06780648 0.48325498 0.07323009 0.47589870 0.07305677 0.47364407 0.07667220 0.46874030 0.07649889 0.46648567 0.08192250 0.45912939 0.08174914 0.45687418 0.08536457 0.45197042 0.08519125 0.44971579 0.09061486 0.44235950 0.09044154 0.44010487 0.09405693 0.43520053 0.09388361 0.43294590 0.09930722 0.42558962 0.09913391 0.42333499 0.10274980 0.41843059 0.10257648 0.41617596 0.10619192 0.41127219 0.10601860 0.40901756 0.11144221 0.40166128 0.11126885 0.39940607 0.11488479 0.39450226 0.11471147 0.39224762 0.12013457 0.38489139 0.11996126 0.38263677 0.12357715 0.37773237 0.12340383 0.37547774 0.12882744 0.36812146 0.12865413 0.36586683 0.13226951 0.36096248 0.13209620 0.35870785 0.13751985 0.35135215 0.13734649 0.34909694 0.14096192 0.34419317 0.14078856 0.34193796 0.14621222 0.33458226 0.14603890 0.33232763 0.14965429 0.32742329 0.14948097 0.32516865 0.15128915 0.32271614 0.14930761 0.32291345 0.14715325 0.32085607 0.14517222 0.32105333 0.14301787 0.31899595 0.14103683 0.31919321 0.13888197 0.31713588 0.13690094 0.31733314 0.13328500 0.32223696 0.13345832 0.32449159 0.12803521 0.33184782 0.12820858 0.33410302 0.12459264 0.33900684 0.12476595 0.34126147
0 0.29926998 0.00000000 0.29646163 0.00380899 0.29663496 0.00606374 0.29301956 0.01096786 0.29319288 0.01322260 0.28776926 0.02057876 0.28794259 0.02283351 0.28432667 0.02773762 0.28450000 0.02999242 0.27907688 0.03734848 0.27925022 0.03960328 0.27563429 0.04450733 0.27580763 0.04676214 0.27038400 0.05411824 0.27055731 0.05637276 0.26694192 0.06127710 0.26711524 0.06353173 0.26169163 0.07088801 0.26186495 0.07314264 0.25824905 0.07804704 0.25842237 0.08030167 0.25299926 0.08765790 0.25317258 0.08991253 0.24955664 0.09481635 0.24973000 0.09707156 0.24430639 0.10442784 0.24447971 0.10668247 0.24086428 0.11158624 0.24103760 0.11384087 0.23561399 0.12119715 0.23578735 0.12345236 0.23217192 0.12835613 0.23234523 0.13061076 0.22692162 0.13796703 0.22709494 0.14022166 0.22347955 0.14512601 0.22365287 0.14738064 0.21822926 0.15473692 0.21840258 0.15699155 0.21297896 0.16434783 0.21315228 0.16660246 0.20953685 0.17150623 0.20971021 0.17376144 0.20428660 0.18111772 0.20445992 0.18337235 0.20084398 0.18827617 0.20101730 0.19053080 0.19559419 0.19788703 0.19576755 0.20014224 0.19215161 0.20504606 0.19232493 0.20730069 0.18690132 0.21465697 0.18707464 0.21691160 0.18345925 0.22181594 0.18363257 0.22407057 0.17820896 0.23142685 0.17838227 0.23368148 0.17476638 0.23858588 0.17493970 0.24084051 0.16951655 0.24819616 0.16968991 0.25045137 0.16607397 0.25535519 0.16624733 0.25761040 0.16082368 0.26496610 0.16099700 0.26722073 0.15738161 0.27212508 0.15755493 0.27437971 0.15213132 0.28173599 0.15230463 0.28399062 0.15428617 0.28379331 0.15644053 0.28585069 0.15842156 0.28565343 0.16273031 0.28976876 0.16471185 0.28957146 0.16686620 0.29162883 0.16884724 0.29143158 0.17246318 0.28652776 0.17228982 0.28427255 0.17771296 0.27691690 0.17753965 0.27466227 0.18115554 0.26975787 0.18098222 0.26750324 0.18640584 0.26014696 0.18623252 0.25789233 0.18984790 0.25298798 0.18967459 0.25073335 0.19509820 0.24337707 0.19492488 0.24112244 0.19854082 0.23621862 0.19836746 0.23396342 0.20198289 0.22905965 0.20180953 0.22680444 0.20723318 0.21944874 0.20705987 0.21719411 0.21067525 0.21228976 0.21050194 0.21003513 0.21592555 0.20267885 0.21575223 0.20042422 0.21936762 0.19551987 0.21919430 0.19326524 0.22461791 0.18590896 0.22444459 0.18365433 0.22806053 0.17875051 0.22788717 0.17649531 0.23331028 0.16913908 0.23313696 0.16688445 0.23675290 0.16198063 0.23657958 0.15972600 0.24200319 0.15236971 0.24182983 0.15011451 0.24544526 0.14521074 0.24527194 0.14295611 0.25069555 0.13559983 0.25052224 0.13334520 0.25413813 0.12844080 0.25396481 0.12618617 0.25938792 0.11882994 0.25921460 0.11657531 0.26283049 0.11167092 0.26265718 0.10941629 0.26808083 0.10206058 0.26790747 0.09980538 0.27152290 0.09490161 0.27134954 0.09264640 0.27677320 0.08529070 0.27659988 0.08303607 0.28021527 0.07813172 0.28004195 0.07587709 0.28546556 0.06852081 0.28529224 0.06626618 0.28890763 0.06136183 0.28873431 0.05910720 0.29415793 0.05175104 0.29398461 0.04949629 0.29760052 0.04459218 0.29742719 0.04233738 0.30285031 0.03498132 0.30267698 0.03272652 0.30629290 0.02782247 0.30611957 0.02556767 0.31154320 0.01821156 0.31136986 0.01595676 0.31498527 0.01105270 0.31481195 0.00879795 0.32023557 0.00144179 0.32012473 0.00000000 0.29926998 0.00000000
0 0.24344308 0.00000000 0.17887968 0.00642867 0.17905301 0.00868345 0.17543761 0.01358753 0.17561093 0.01584228 0.17018731 0.02319845 0.17036064 0.02545319 0.16493702 0.03280936 0.16511035 0.03506410 0.16149493 0.03996816 0.16166827 0.04222296 0.15624464 0.04957907 0.15641797 0.05183387 0.15099435 0.05918998 0.15116768 0.06144478 0.14755226 0.06634878 0.14772557 0.06860330 0.14230196 0.07595958 0.14247532 0.07821479 0.13705167 0.08557049 0.13722499 0.08782512 0.13360960 0.09272947 0.13378292 0.09498410 0.12835930 0.10234038 0.12853262 0.10459501 0.12310901 0.11195129 0.12328233 0.11420592 0.11966694 0.11911026 0.11984026 0.12136489 0.11441665 0.12872117 0.11458996 0.13097580 0.10916635 0.13833208 0.10933967 0.14058671 0.10572424 0.14549048 0.10589760 0.14774569 0.10047399 0.15510197 0.10064731 0.15735660 0.09522365 0.16471230 0.09539701 0.16696751 0.09178158 0.17187128 0.09195494 0.17412649 0.08653129 0.18148219 0.08670461 0.18373682 0.08128099 0.19109310 0.08145436 0.19334831 0.07783892 0.19825208 0.07801224 0.20050671 0.07258863 0.20786299 0.07276195 0.21011762 0.06914656 0.21502197 0.06931988 0.21727660 0.06389627 0.22463287 0.06406958 0.22688751 0.05864597 0.23424379 0.05881929 0.23649842 0.05520386 0.24140219 0.05537722 0.24365739 0.04995361 0.25101367 0.05012693 0.25326830 0.04470327 0.26062401 0.04487663 0.26287921 0.04126095 0.26778301 0.04143431 0.27003822 0.03601081 0.27739391 0.03618412 0.27964854 0.03076061 0.28700481 0.03093398 0.28926001 0.02731829 0.29416381 0.02749161 0.29641844 0.02206815 0.30377470 0.02224147 0.30602933 0.01681796 0.31338560 0.01699127 0.31564023 0.01337563 0.32054460 0.01354895 0.32279923 0.00812549 0.33015550 0.00829881 0.33241013 0.00287530 0.33976640 0.01691495 0.52240296 0.02053059 0.51749859 0.02035727 0.51524396 0.02397296 0.51034017 0.02379964 0.50808554 0.02922315 0.50072927 0.02904979 0.49847406 0.03266542 0.49357027 0.03249210 0.49131564 0.03791561 0.48395937 0.03774230 0.48170474 0.04135794 0.47680037 0.04118462 0.47454574 0.04660808 0.46718948 0.04643476 0.46493485 0.05005046 0.46003047 0.04987714 0.45777584 0.05530064 0.45042015 0.05512728 0.44816494 0.05874296 0.44326115 0.05856960 0.44100594 0.06399326 0.43365024 0.06381994 0.43139561 0.06743533 0.42649126 0.06726201 0.42423663 0.07268562 0.41688035 0.07251230 0.41462572 0.07612769 0.40972138 0.07595438 0.40746675 0.08137799 0.40011046 0.08120467 0.39785583 0.08482061 0.39295202 0.08464725 0.39069681 0.09007035 0.38334058 0.08989703 0.38108595 0.09351297 0.37618213 0.09333965 0.37392750 0.09876327 0.36657122 0.09858990 0.36431601 0.10220534 0.35941224 0.10203202 0.35715761 0.10745563 0.34980133 0.10728231 0.34754670 0.11089821 0.34264230 0.11072489 0.34038767 0.11614799 0.33303145 0.11597468 0.33077682 0.11959057 0.32587242 0.11941725 0.32361779 0.12484091 0.31626208 0.12466755 0.31400688 0.12828298 0.30910311 0.12810962 0.30684790 0.13353327 0.29949220 0.13335995 0.29723757 0.13697534 0.29233322 0.13680202 0.29007859 0.14222564 0.28272231 0.14205232 0.28046768 0.14566771 0.27556333 0.14549439 0.27330870 0.15091800 0.26595242 0.15074468 0.26369779 0.15436062 0.25879398 0.15418726 0.25653877 0.15961036 0.24918254 0.15943705 0.24692791 0.16305298 0.24202409 0.16287967 0.23976946 0.16830328 0.23241318 0.16812992 0.23015797 0.17355307 0.22280232 0.17337975 0.22054769 0.17699564 0.21564329 0.17682232 0.21338866 0.18224594 0.20603238 0.18207262 0.20377775 0.18568801 0.19887340 0.18551469 0.19661877 0.19093830 0.18926249 0.19076498 0.18700786 0.19438092 0.18210404 0.19420756 0.17984884 0.19963066 0.17249260 0.19945735 0.17023798 0.20307328 0.16533416 0.20289997 0.16307953 0.20832358 0.15572324 0.20815022 0.15346804 0.21176565 0.14856427 0.21159233 0.14630964 0.21701594 0.13895336 0.21684262 0.13669873 0.22045801 0.13179438 0.22028469 0.12953975 0.22570831 0.12218347 0.22553499 0.11992884 0.22915038 0.11502450 0.22897706 0.11276987 0.23440071 0.10541416 0.23422735 0.10315895 0.23784329 0.09825514 0.23766993 0.09599993 0.24309308 0.08864427 0.24291976 0.08638964 0.24653565 0.08148525 0.24636234 0.07923062 0.25178595 0.07187434 0.25161263 0.06961971 0.25522802 0.06471536 0.25505470 0.06246073 0.26047832 0.05510457 0.26030499 0.05284982 0.26392091 0.04794571 0.26374758 0.04569091 0.26917070 0.03833485 0.26899737 0.03608005 0.27261329 0.03117600 0.27243996 0.02892120 0.27786358 0.02156509 0.27769025 0.01931029 0.28130566 0.01440623 0.28113233 0.01215148 0.28655596 0.00479532 0.28638263 0.00254057 0.28825560 0.00000000 0.24344308 0.00000000
0 0.00000000 0.15941585 0.00451158 0.15329649 0.00433826 0.15104186 0.00976177 0.14368559 0.00958845 0.14143096 0.01320404 0.13652660 0.01303072 0.13427197 0.01845428 0.12691627 0.01828092 0.12466106 0.02189660 0.11975727 0.02172324 0.11750206 0.02714674 0.11014638 0.02697343 0.10789174 0.03058912 0.10298737 0.03041580 0.10073274 0.03583901 0.09337650 0.03566569 0.09112187 0.03928158 0.08621747 0.03910827 0.08396284 0.04453188 0.07660668 0.04435856 0.07435193 0.04797397 0.06944787 0.04780064 0.06719307 0.05322426 0.05983696 0.05305093 0.05758216 0.05666685 0.05267811 0.05649352 0.05042331 0.06191664 0.04306725 0.06174331 0.04081245 0.06535923 0.03590834 0.06518590 0.03365359 0.07060952 0.02629743 0.07043619 0.02404268 0.07405160 0.01913860 0.07387827 0.01688382 0.03623608 0.02063191 0.03262067 0.02553597 0.01677128 0.02711412 0.01134776 0.03447021 0.01152109 0.03672502 0.00790543 0.04162910 0.00807875 0.04388385 0.00446309 0.04878798 0.00463642 0.05104273 0.00000000 0.05733131 0.00000000 0.15941585
0 0.68342462 0.34940699 0.70893557 0.33901668 0.70807990 0.32747224 0.68256895 0.33786254 0.68342462 0.34940699
0 0.67476623 0.32121911 0.70027565 0.31082896 0.69941998 0.29928452 0.67391056 0.30967467 0.67476623 0.32121911
0 0.67916669 0.33627448 0.70467777 0.32588598 0.70382210 0.31434154 0.67831102 0.32473004 0.67916669 0.33627448
0 0.66567848 0.28725917 0.70380155 0.26975002 0.70308854 0.26013025 0.66496547 0.27763940 0.66567848 0.28725917
0 0.65276063 0.24593895 0.69088384 0.22843160 0.69017069 0.21881003 0.65204762 0.23631918 0.65276063 0.24593895
0 0.64836018 0.23088357 0.68648325 0.21337443 0.68577023 0.20375466 0.64764716 0.22126381 0.64836018 0.23088357
0 0.64410072 0.21775123 0.68222392 0.20024388 0.68151077 0.19062231 0.64338770 0.20813146 0.64410072 0.21775123
0 0.66127802 0.27220380 0.69940110 0.25469465 0.69868808 0.24507488 0.66056488 0.26258222 0.66127802 0.27220380
0 0.68089895 0.24884953 0.69528429 0.24348698 0.69457128 0.23386721 0.68018593 0.23922977 0.68089895 0.24884953
0 0.41498679 1.00000000 0.41397114 0.97980362 0.43838961 0.97505317 0.44271906 0.94984030 0.47221256 0.94333879 0.46394410 0.87870933 0.46974884 0.87035914 0.46850052 0.85609072 0.45908017 0.85299373 0.42169041 0.85887902 0.41621024 0.84105967 0.34746243 0.84707433 0.35351002 0.87137932 0.32435696 0.88177222 0.34133194 0.98615873 0.34968213 0.99196346 0.37680835 0.98828317 0.38023679 1.00000000 0.41498679 1.00000000
0 0.70401652 0.74723227 0.72160890 0.73915785 0.72859728 0.72939704 0.72097680 0.71699318 0.59814002 0.61271898 0.57206809 0.58363061 0.56546896 0.58290090 0.54855749 0.59875809 0.55240007 0.61279954 0.56464165 0.61826382 0.58648174 0.64380126 0.70401652 0.74723227
