0 0.39956393 0.39956074 0.39694356 0.41793430 0.39493107 0.41978444 0.37986403 0.52543209 0.40851019 0.53302141 0.42652512 0.40670365 0.39956393 0.39956074
0 0.33099654 0.51248547 0.36975337 0.52275344 0.38514793 0.41480924 0.38716051 0.41295851 0.38945326 0.39688209 0.38809590 0.39413855 0.33922884 0.38119205 0.33787097 0.37844898 0.33113110 0.37666337 0.32911818 0.37851339 0.31699902 0.46349094 0.31498645 0.46534167 0.30941820 0.50438533 0.32963910 0.50974252 0.33099654 0.51248547
0 0.27604423 0.49316014 0.27740167 0.49590310 0.30099293 0.50215320 0.30525100 0.47229632 0.30726349 0.47044618 0.32102044 0.37398471 0.27720871 0.36237754 0.27585084 0.35963447 0.26237024 0.35606301 0.25909483 0.37902966 0.25708225 0.38088040 0.24692841 0.45207748 0.24491584 0.45392821 0.24065777 0.48378510 0.27604423 0.49316014
0 0.23391747 0.48199937 0.25226001 0.35338448 0.21350318 0.34311651 0.21214582 0.34037297 0.19192492 0.33501578 0.18275357 0.39932382 0.18074065 0.40117385 0.17189699 0.46318416 0.18537758 0.46675561 0.18673538 0.46949927 0.23391747 0.48199937
0 0.16347172 0.46095202 0.17493575 0.38056816 0.17694867 0.37871813 0.18382718 0.33048710 0.12316406 0.31441543 0.11104482 0.39939357 0.10903233 0.40124371 0.10313655 0.44258392 0.10819189 0.44392324 0.10954933 0.44666619 0.16347172 0.46095202
0 0.06437973 0.43231595 0.09471129 0.44035179 0.10257238 0.38523112 0.10458487 0.38338097 0.11506632 0.30988675 0.05777399 0.29470811 0.05641612 0.29196505 0.05440363 0.29381519 0.04261200 0.37649619 0.04059951 0.37834634 0.03437612 0.42198368 0.06302229 0.42957300 0.06437973 0.43231595
0 0.00000000 0.41049298 0.01785290 0.41522281 0.01921047 0.41796579 0.02426546 0.41930503 0.02627838 0.41745500 0.03708736 0.34166423 0.03909993 0.33981350 0.04597836 0.29158306 0.02238732 0.28533301 0.02102974 0.28259002 0.00000000 0.27701855 0.00000000 0.41049298
0 0.43945312 0.26711978 0.42427163 0.26309769 0.42291419 0.26035474 0.42090170 0.26220489 0.40910998 0.34488648 0.40709749 0.34673662 0.40185677 0.38348373 0.42881796 0.39062665 0.43945312 0.31605461 0.43945312 0.26711978
0 0.34994687 0.36734776 0.39375859 0.37895494 0.40620536 0.29168025 0.40821828 0.28983022 0.41378653 0.25078657 0.37671467 0.24096500 0.37535731 0.23822146 0.35513641 0.23286427 0.35312384 0.23471501 0.34100468 0.31969255 0.33899219 0.32154270 0.33342394 0.36058636 0.34858951 0.36460422 0.34994687 0.36734776
0 0.27912277 0.25086129 0.27710976 0.25271191 0.26564574 0.33309577 0.26363324 0.33494592 0.26297811 0.33953960 0.26433555 0.34228255 0.31657298 0.35612198 0.31793034 0.35886552 0.32298567 0.36020484 0.32499824 0.35835411 0.33122163 0.31471677 0.33323412 0.31286663 0.34109521 0.25774596 0.34310813 0.25589593 0.34671115 0.23063214 0.32311989 0.22438204 0.32176244 0.22163908 0.30322651 0.21672830 0.30257138 0.22132199 0.30055889 0.22317213 0.28707829 0.21960067 0.28572085 0.21685772 0.28403588 0.21641132 0.27912277 0.25086129
0 0.25656534 0.33545733 0.26540908 0.27344643 0.26742157 0.27159628 0.27626532 0.20958539 0.23245359 0.19797821 0.23109615 0.19523526 0.21761555 0.19166380 0.21663289 0.19855403 0.21461997 0.20040406 0.20479365 0.26930460 0.20278108 0.27115533 0.19590265 0.31938577 0.25656534 0.33545733
0 0.14399283 0.30324920 0.14535062 0.30599286 0.18747738 0.31715363 0.19632113 0.25514274 0.19833362 0.25329259 0.20684984 0.19357824 0.19168427 0.18956038 0.19032683 0.18681743 0.19098196 0.18222375 0.18929656 0.18177723 0.18793912 0.17903428 0.14918229 0.16876631 0.14819964 0.17565654 0.14618715 0.17750669 0.13439552 0.26018768 0.13238302 0.26203783 0.12714230 0.29878494 0.14399283 0.30324920
0 0.05838143 0.27818459 0.06006683 0.27863110 0.06142428 0.28137406 0.11703163 0.29610629 0.11735916 0.29380974 0.11937208 0.29195971 0.13738710 0.16564137 0.11716577 0.16028407 0.11580832 0.15754112 0.09727283 0.15263045 0.09661778 0.15722355 0.09460477 0.15907416 0.07775424 0.15460990 0.07251351 0.19135701 0.07050059 0.19320704 0.05838143 0.27818459
0 0.02280180 0.13528393 0.02144425 0.13254095 0.01975917 0.13209451 0.00108911 0.26300595 0.04995617 0.27595246 0.06633339 0.16111803 0.06834632 0.15926800 0.06998411 0.14778408 0.02280180 0.13528393
0 0.43945312 0.15664755 0.43671831 0.17582360 0.43470582 0.17767374 0.42651712 0.23509155 0.43494282 0.23732379 0.43630027 0.24006674 0.43945312 0.24090204 0.43945312 0.15664755
0 0.39010083 0.22067641 0.39145827 0.22341936 0.41673450 0.23011587 0.41804468 0.22092910 0.42005717 0.21907895 0.42726321 0.16855138 0.42927571 0.16670124 0.43287864 0.14143804 0.41434271 0.13652726 0.41298535 0.13378372 0.37254356 0.12306935 0.36271716 0.19197047 0.36070466 0.19382062 0.35841183 0.20989763 0.36346716 0.21123695 0.36482460 0.21397990 0.39010083 0.22067641
0 0.34933151 0.21225859 0.35326206 0.18469825 0.35527455 0.18284811 0.36411829 0.12083721 0.33378673 0.11280138 0.33242929 0.11005843 0.30378312 0.10246911 0.30149029 0.11854611 0.29947780 0.12039626 0.28899635 0.19389048 0.31932747 0.20192620 0.32068492 0.20466915 0.34933151 0.21225859
0 0.28089817 0.18936169 0.29006944 0.12505424 0.29208237 0.12320421 0.29535786 0.10023697 0.27850690 0.09577260 0.27714946 0.09302964 0.23502270 0.08186887 0.22912692 0.12320908 0.22711434 0.12505981 0.22056352 0.17099311 0.22561842 0.17233232 0.22697578 0.17507586 0.28089817 0.18936169
0 0.20506992 0.16927227 0.21012525 0.17061159 0.21307322 0.14994090 0.21508571 0.14809076 0.22491203 0.07919022 0.19458090 0.07115449 0.19322354 0.06841096 0.16457695 0.06082152 0.15344037 0.13890943 0.15142787 0.14075957 0.15011769 0.14994635 0.15147513 0.15268930 0.20371256 0.16652873 0.20506992 0.16927227
0 0.13630957 0.14867144 0.13766693 0.15141498 0.14103729 0.15230790 0.14304987 0.15045717 0.15549655 0.06318307 0.15750904 0.06133293 0.15816417 0.05673925 0.11772238 0.04602487 0.11636494 0.04328192 0.09614404 0.03792474 0.08435241 0.12060574 0.08233992 0.12245588 0.08102973 0.13164266 0.08945500 0.13387479 0.09081244 0.13661774 0.13630957 0.14867144
0 0.07428944 0.12985693 0.08804630 0.03339606 0.03580887 0.01955663 0.02205201 0.11601751 0.07428944 0.12985693
0 0.76159400 0.59895833 0.75258173 0.59708648 0.75085023 0.59434353 0.75126801 0.59204698 0.74481965 0.59070766 0.74308761 0.58796459 0.74350538 0.58566804 0.73705758 0.58432883 0.73532619 0.58158529 0.73574397 0.57928875 0.72929561 0.57794942 0.72583218 0.57246282 0.71723455 0.57067709 0.71550306 0.56793414 0.71592083 0.56563759 0.70947248 0.56429826 0.70774098 0.56155531 0.70857664 0.55696163 0.70427811 0.55606882 0.70254606 0.55332576 0.70296384 0.55102921 0.69651548 0.54968989 0.69478409 0.54694635 0.69520187 0.54464980 0.67585735 0.54063194 0.67412586 0.53788899 0.67496141 0.53329589 0.67323002 0.53055235 0.66893093 0.52965943 0.66719944 0.52691648 0.66761721 0.52461993 0.65901959 0.52283420 0.65728820 0.52009067 0.65770598 0.51779412 0.64910780 0.51600828 0.64737631 0.51326532 0.64779408 0.51096878 0.64134628 0.50962957 0.63961423 0.50688650 0.64003212 0.50458936 0.63143449 0.50280364 0.62970300 0.50006068 0.63012077 0.49776414 0.61937388 0.49553201 0.61764194 0.49278835 0.61805972 0.49049180 0.61376118 0.48959900 0.61029819 0.48411309 0.59310294 0.48054164 0.58963951 0.47505503 0.59047506 0.47046194 0.57972817 0.46822980 0.57799678 0.46548627 0.57841456 0.46318972 0.57196620 0.46185039 0.57023416 0.45910733 0.57065193 0.45681078 0.56420413 0.45547157 0.56247263 0.45272862 0.56289052 0.45043148 0.56115847 0.44768842 0.55685993 0.44679561 0.55518872 0.45598239 0.55262113 0.45783242 0.54617332 0.45649321 0.54241313 0.47716331 0.53984598 0.47901404 0.53339762 0.47767472 0.53047308 0.49375114 0.52790538 0.49560176 0.52360685 0.49470895 0.52151786 0.50619227 0.52581640 0.50708508 0.52754844 0.50982815 0.52713067 0.51212469 0.53357902 0.51346402 0.53531041 0.51620756 0.53489263 0.51850410 0.53919117 0.51939691 0.54092267 0.52213986 0.54050478 0.52443700 0.54480387 0.52532992 0.54826741 0.53081594 0.55901430 0.53304807 0.56074579 0.53579102 0.56032802 0.53808757 0.56892564 0.53987330 0.57065703 0.54261684 0.57023926 0.54491338 0.57453834 0.54580630 0.57626984 0.54854926 0.57585196 0.55084639 0.58874812 0.55352493 0.59221166 0.55901094 0.59137610 0.56360404 0.59567519 0.56449696 0.59740658 0.56724050 0.59698880 0.56953705 0.60128734 0.57042985 0.60301884 0.57317280 0.60260095 0.57546994 0.61764693 0.57859499 0.61937843 0.58133795 0.70421410 0.59895833 0.76159400 0.59895833
0 0.43945312 0.44386129 0.44347987 0.44469764 0.44521137 0.44744121 0.44479359 0.44973775 0.45124184 0.45107706 0.45297344 0.45382003 0.45255567 0.45611658 0.47404990 0.46058093 0.47446767 0.45828439 0.47703472 0.45643424 0.47787038 0.45184056 0.47613888 0.44909761 0.47739232 0.44220738 0.47995936 0.44035723 0.48640772 0.44169656 0.48975013 0.42332300 0.49231718 0.42147286 0.52025933 0.42727645 0.52193054 0.41808967 0.51978127 0.41764327 0.51804988 0.41489973 0.51846765 0.41260318 0.50987003 0.41081745 0.50813799 0.40807439 0.50897354 0.40348129 0.49607737 0.40080276 0.49434599 0.39805922 0.49476376 0.39576267 0.48186705 0.39308402 0.48013556 0.39034107 0.48055344 0.38804393 0.47882195 0.38530098 0.47923972 0.38300443 0.45344673 0.37764723 0.45171507 0.37490424 0.45380417 0.36342033 0.44090773 0.36074173 0.43945312 0.35843755 0.43945312 0.44127743 0.43959883 0.44150823 0.43945312 0.44230921 0.43945312 0.44386129
0 0.61171266 0.78771582 0.63954982 0.79415248 0.63716471 0.80233270 0.71697785 0.81975074 0.71936297 0.81157052 0.74106495 0.81721214 0.74345007 0.80903191 0.61409778 0.77953559 0.61171266 0.78771582
0 0.63550133 1.00000000 0.46562244 0.96120915 0.46363497 0.96802558 0.45380797 0.96533680 0.45102521 0.97488083 0.55806228 1.00000000 0.63550133 1.00000000
