0 0.53906250 0.27462827 0.53141081 0.14216756 0.46412034 0.14536701 0.46190745 0.14355932 0.31891467 0.15035817 0.31670178 0.14855048 0.30408509 0.14915037 0.30849327 0.22546166 0.34424119 0.22376196 0.34645408 0.22556964 0.34799696 0.25227884 0.34600446 0.25428647 0.34721669 0.27527171 0.34522422 0.27727984 0.32629838 0.27817970 0.32408546 0.27637153 0.31146877 0.27697141 0.30947576 0.27897956 0.31190025 0.32095052 0.30990775 0.32295816 0.31277308 0.37256074 0.31078059 0.37456838 0.31364592 0.42417096 0.31165342 0.42617860 0.31451872 0.47578070 0.31252626 0.47778882 0.31296708 0.48541995 0.47067870 0.47792127 0.47045828 0.47410546 0.47245078 0.47209782 0.49768524 0.47089801 0.49989813 0.47270569 0.51672075 0.47190583 0.51043910 0.36316237 0.51243159 0.36115473 0.53906250 0.35988852 0.53906250 0.27462827
0 0.23635721 0.48906250 0.29193854 0.48641979 0.28885281 0.43300188 0.29084528 0.43099376 0.28720854 0.36803707 0.28089992 0.36833702 0.27868703 0.36652934 0.25135041 0.36782911 0.24913752 0.36602142 0.24792527 0.34503570 0.24991776 0.34302806 0.25202045 0.34292808 0.25091840 0.32385002 0.25291143 0.32184235 0.28865935 0.32014265 0.28469199 0.25146249 0.28668449 0.24945486 0.28095385 0.15025018 0.24310323 0.15204986 0.24088981 0.15024220 0.18201065 0.15304171 0.17979773 0.15123354 0.11881588 0.15413303 0.11660245 0.15232537 0.05772383 0.15512486 0.05551040 0.15331720 0.00000000 0.15595654 0.00000000 0.25093454 0.01375564 0.48906250 0.23635721 0.48906250
0 0.51898091 0.00000000 0.52070282 0.02980851 0.51871034 0.03181629 0.52245728 0.09668074 0.52046479 0.09868838 0.52189747 0.12348991 0.53030878 0.12308998 0.52319839 0.00000000 0.51898091 0.00000000
0 0.35240171 0.00000000 0.35667377 0.07395486 0.35468073 0.07596252 0.35754606 0.12556510 0.38698591 0.12416533 0.38919880 0.12597302 0.48172320 0.12157378 0.48393611 0.12338195 0.51337596 0.12198218 0.51172289 0.09336533 0.51371538 0.09135769 0.51096025 0.04366277 0.50675486 0.04386272 0.50454143 0.04205506 0.47299943 0.04355478 0.47078600 0.04174713 0.43924400 0.04324685 0.43703054 0.04143870 0.43492785 0.04153868 0.43271497 0.03973109 0.43041987 0.00000000 0.35240171 0.00000000
0 0.26247334 0.00000000 0.00000000 0.01247976 0.00000000 0.13300028 0.04577675 0.13082374 0.04798953 0.13263143 0.10897192 0.12973191 0.11118481 0.13153960 0.17216666 0.12864011 0.17438009 0.13044776 0.23325871 0.12764828 0.23547217 0.12945642 0.29645402 0.12655693 0.29866691 0.12836462 0.33862075 0.12646494 0.33608605 0.08258583 0.33807854 0.08057819 0.33422138 0.01380579 0.33621441 0.01179803 0.33553289 0.00000000 0.26247334 0.00000000
0 0.62536955 0.36828935 0.65234476 0.35886935 0.65239110 0.35620077 0.62001314 0.23915364 0.61726847 0.23929748 0.58809775 0.25104026 0.62536955 0.36828935
0 0.60242665 0.29868689 0.61171172 0.31938556 0.62354548 0.31876538 0.72577609 0.28571350 0.72527089 0.27607360 0.71857059 0.26113661 0.60242665 0.29868689
0 0.64236184 0.28249027 0.65480316 0.31086866 0.66351152 0.31041227 0.76760411 0.27774941 0.76691172 0.26453785 0.76057663 0.24994159 0.64236184 0.28249027
0 0.29289988 0.97994518 0.26311606 0.85946383 0.25662930 0.85510985 0.20603699 0.87497237 0.20923285 0.90609777 0.23598436 0.99857444 0.26546763 0.99390000 0.29289988 0.97994518
0 0.70488846 1.00000000 0.70557805 0.87932143 0.58206440 0.88110058 0.58409545 1.00000000 0.70488846 1.00000000
