0 0.32345410 0.00000000 0.32224430 0.00145968 0.32260921 0.00298746 0.31655966 0.01028656 0.31692456 0.01181434 0.30936274 0.02093822 0.30972766 0.02246604 0.30367812 0.02976522 0.30404301 0.03129293 0.29799346 0.03859203 0.29835835 0.04011973 0.29079611 0.04924396 0.29116100 0.05077166 0.28511193 0.05807069 0.28547681 0.05959839 0.28396404 0.06142313 0.30461444 0.05815639 0.30685660 0.05938753 0.31436579 0.05819963 0.31660833 0.05943030 0.31806797 0.06554151 0.31655520 0.06736624 0.30904601 0.06855414 0.31087053 0.07619305 0.30935824 0.07801771 0.26805745 0.08455118 0.26200846 0.09185060 0.26237335 0.09337830 0.25481103 0.10250214 0.25517591 0.10402984 0.24761407 0.11315360 0.24797905 0.11468170 0.24192950 0.12198080 0.24229438 0.12350850 0.23473254 0.13263226 0.23509752 0.13416036 0.22753567 0.14328412 0.22790056 0.14481182 0.22033823 0.15393566 0.22070312 0.15546336 0.21314137 0.16458751 0.21350626 0.16611522 0.21199396 0.16793988 0.24015308 0.16348532 0.24239562 0.16471599 0.24422024 0.17235529 0.24270747 0.17418002 0.23519875 0.17536784 0.23702328 0.18300675 0.23551060 0.18483188 0.20171948 0.19017738 0.19947684 0.18894631 0.19384530 0.18983718 0.19233311 0.19166223 0.19269799 0.19318994 0.18664796 0.20048911 0.18701285 0.20201682 0.17945100 0.21114058 0.17981589 0.21266828 0.17376643 0.21996778 0.17413131 0.22149548 0.16808176 0.22879458 0.16844665 0.23032228 0.16693436 0.23214694 0.18758475 0.22888020 0.18982691 0.23011134 0.19358127 0.22951743 0.19582381 0.23074810 0.19764834 0.23838701 0.19613557 0.24021175 0.19050403 0.24110261 0.19232856 0.24874152 0.19081636 0.25056657 0.14763838 0.25739700 0.14909802 0.26350821 0.14758573 0.26533287 0.14007606 0.26652084 0.14153570 0.27263204 0.16781811 0.26847436 0.17006017 0.26970511 0.17188470 0.27734402 0.19816711 0.27318634 0.20040927 0.27441748 0.19889698 0.27624214 0.20035662 0.28235334 0.19884433 0.28417800 0.19321232 0.28506894 0.19430707 0.28965244 0.22058900 0.28549484 0.22283106 0.28672559 0.22502057 0.29589259 0.22350828 0.29771725 0.21599909 0.29890514 0.21709384 0.30348864 0.24149859 0.29962800 0.24374114 0.30085867 0.24556566 0.30849758 0.24405298 0.31032270 0.23654427 0.31151053 0.23836880 0.31914943 0.26465073 0.31499183 0.26689280 0.31622258 0.26798755 0.32080608 0.29426996 0.31664840 0.29651203 0.31787914 0.29833655 0.32551805 0.29682435 0.32734310 0.28931516 0.32853100 0.29040982 0.33311411 0.29265189 0.33434486 0.31517946 0.33078116 0.31742162 0.33201230 0.31924615 0.33965121 0.31773385 0.34147587 0.31210184 0.34236681 0.31356148 0.34847802 0.33608906 0.34491432 0.33760183 0.34308959 0.34886537 0.34130778 0.34740574 0.33519658 0.34891803 0.33337192 0.35455004 0.33248097 0.35272542 0.32484168 0.35423771 0.32301702 0.35986973 0.32212607 0.35841009 0.31601487 0.35992238 0.31419021 0.36555440 0.31329927 0.36372987 0.30566036 0.36524216 0.30383570 0.37275135 0.30264780 0.37129162 0.29653621 0.37280439 0.29471147 0.38031311 0.29352365 0.37885347 0.28741245 0.38036624 0.28558771 0.38599825 0.28469677 0.38453861 0.27858557 0.38605090 0.27676091 0.39168244 0.27587004 0.38985782 0.26823074 0.39137059 0.26640601 0.40075696 0.26492115 0.39929732 0.25880995 0.40080961 0.25698529 0.40644163 0.25609435 0.40498199 0.24998314 0.40800705 0.24633375 0.41363859 0.24544288 0.41181397 0.23780359 0.41332626 0.23597893 0.41895827 0.23508798 0.41671621 0.23385724 0.41598634 0.23080144 0.41749864 0.22897678 0.42500783 0.22778888 0.42652012 0.22596422 0.42615514 0.22443613 0.42391307 0.22320538 0.42318330 0.22014997 0.42469559 0.21832532 0.43220527 0.21713734 0.43074553 0.21102575 0.43225783 0.20920109 0.43788936 0.20831022 0.43606483 0.20067131 0.43757761 0.19884658 0.44320962 0.19795564 0.44545168 0.19918638 0.44362716 0.19154748 0.44513945 0.18972282 0.45077146 0.18883188 0.44931173 0.18272028 0.45082402 0.18089562 0.45833322 0.17970772 0.45687358 0.17359652 0.45989816 0.16994720 0.46553017 0.16905626 0.46407054 0.16294505 0.46558331 0.16112032 0.47309202 0.15993250 0.47163229 0.15382090 0.47314506 0.15199617 0.47689942 0.15140226 0.47841219 0.14957752 0.47512802 0.13582741 0.47664031 0.13400275 0.44463424 0.00000000 0.32345410 0.00000000
0 0.22122091 0.00000000 0.01223059 0.03306070 0.01259549 0.03458850 0.00352131 0.04553715 0.00388622 0.04706493 0.00237380 0.04888969 0.00346854 0.05347311 0.02975071 0.04931547 0.03199279 0.05054630 0.03381735 0.05818532 0.03230508 0.06001010 0.02479589 0.06119800 0.02625553 0.06730920 0.02849761 0.06854003 0.04727083 0.06557024 0.04878311 0.06374551 0.05253794 0.06315152 0.05478002 0.06438235 0.05660455 0.07202125 0.05509235 0.07384630 0.04758268 0.07503428 0.04904223 0.08114509 0.07532464 0.07698741 0.07756680 0.07821855 0.07939132 0.08585746 0.10379656 0.08199673 0.10603862 0.08322748 0.10786324 0.09086678 0.10635095 0.09269144 0.10071893 0.09358238 0.10144871 0.09663779 0.09993594 0.09846252 0.12434117 0.09460180 0.12658333 0.09583294 0.12877274 0.10499955 0.12726045 0.10682421 0.11975126 0.10801210 0.12121099 0.11412370 0.11969822 0.11594844 0.11406668 0.11683930 0.11552632 0.12295051 0.11401403 0.12477516 0.10838202 0.12566611 0.10984166 0.13177731 0.10832888 0.13360204 0.10082017 0.13478987 0.10264479 0.14242917 0.10113202 0.14425390 0.09362283 0.14544180 0.09508247 0.15155300 0.09357017 0.15337766 0.08981582 0.15397157 0.09164034 0.16161048 0.09012757 0.16343521 0.08261838 0.16462311 0.08444300 0.17226241 0.08293071 0.17408707 0.07354434 0.17557193 0.07463909 0.18015543 0.07312632 0.18198016 0.07124914 0.18227712 0.07270878 0.18838832 0.07119649 0.19021298 0.06556447 0.19110392 0.06775398 0.20027092 0.06624169 0.20209558 0.05685532 0.20358043 0.05831496 0.20969164 0.05680267 0.21151630 0.05117065 0.21240724 0.05299518 0.22004615 0.05148250 0.22187127 0.04772814 0.22246518 0.04918778 0.22857639 0.06983818 0.22530965 0.07208024 0.22654040 0.07353988 0.23265160 0.07202759 0.23447626 0.06639558 0.23536721 0.06749033 0.23995071 0.06936751 0.23965375 0.07160957 0.24088450 0.09225997 0.23761776 0.09450252 0.23884843 0.09596225 0.24496003 0.12975337 0.23961453 0.12865862 0.23503103 0.13168311 0.23138132 0.13919278 0.23019334 0.13882790 0.22866564 0.14336468 0.22319127 0.14299979 0.22166357 0.15056212 0.21253973 0.15019723 0.21101203 0.15624621 0.20371261 0.15588132 0.20218491 0.16193136 0.19488573 0.16156647 0.19335803 0.16761554 0.18605900 0.16725066 0.18453130 0.17178792 0.17905685 0.17142303 0.17752915 0.17747258 0.17023005 0.17710770 0.16870234 0.18315716 0.16140285 0.18279227 0.15987515 0.18884183 0.15257604 0.18847694 0.15104834 0.19452649 0.14374924 0.19416161 0.14222154 0.19869887 0.13674709 0.19833398 0.13521939 0.20438353 0.12792029 0.17622394 0.13237492 0.17398188 0.13114417 0.17215726 0.12350488 0.17366955 0.12168022 0.17742439 0.12108623 0.17893668 0.11926157 0.18081386 0.11896462 0.17971910 0.11438112 0.18123140 0.11255646 0.22253219 0.10602298 0.22216721 0.10449489 0.22821686 0.09719618 0.22785188 0.09566808 0.23390143 0.08836898 0.23353655 0.08684128 0.23958610 0.07954217 0.23922121 0.07801447 0.24678306 0.06889071 0.24641808 0.06736261 0.25246763 0.06006351 0.25210274 0.05853581 0.25815230 0.05123671 0.25778741 0.04970900 0.26383696 0.04240990 0.26347208 0.04088220 0.26952154 0.03358271 0.26915667 0.03205508 0.27520622 0.02475598 0.27484132 0.02322820 0.28089087 0.01592909 0.28052597 0.01440131 0.28657552 0.00710221 0.28621061 0.00557439 0.29083070 0.00000000 0.22122091 0.00000000
0 0.72950571 0.10608590 0.65572242 0.05259684 0.65326075 0.07995545 0.72151244 0.12844011 0.72253782 0.11958753 0.72769519 0.12406717 0.72950571 0.10608590
0 0.67717949 0.15889464 0.63811603 0.13130983 0.63763961 0.13942022 0.67115008 0.16197511 0.67679130 0.16547030 0.67717949 0.15889464
0 0.67959383 0.12651097 0.65105293 0.10619243 0.65040754 0.11392563 0.67736993 0.13239894 0.67938040 0.13336037 0.67959383 0.12651097
0 0.91228316 0.28826782 0.92505185 0.31271837 0.93506848 0.27890936 0.94180679 0.25559198 0.92945931 0.23054044 0.92640871 0.23873643 0.92040814 0.22604092 0.90824927 0.26546351 0.91451154 0.27715792 0.91228316 0.28826782
0 0.94674125 0.31655651 0.94945539 0.32099387 0.95981376 0.28636173 0.95721106 0.28154049 0.94674125 0.31655651
0 0.89793521 0.33159540 0.90526573 0.33038178 0.90455781 0.32313212 0.89756552 0.32414156 0.88782375 0.32042136 0.88194970 0.31513771 0.88059968 0.32188154 0.88777303 0.32763007 0.89793521 0.33159540
0 0.88353588 0.35013854 0.89638978 0.35569802 0.90596944 0.35590211 0.90913737 0.35489285 0.90862485 0.34785162 0.89991226 0.34892320 0.88735721 0.34448906 0.87503149 0.33530322 0.87372287 0.34258971 0.88353588 0.35013854
0 0.93562671 0.35557848 0.93436836 0.34902767 0.92687923 0.35628430 0.91790253 0.36427010 0.91923786 0.37111811 0.93118405 0.36054024 0.93562671 0.35557848
0 0.93916940 0.36750285 0.93054619 0.37770565 0.92539768 0.38078041 0.93790591 0.37713338 0.94020770 0.37422125 0.94800790 0.36154541 0.95469862 0.34605748 0.95218067 0.33947219 0.94662909 0.35457506 0.93916940 0.36750285
0 0.48958333 0.88403434 0.43929495 0.84333015 0.43009937 0.84402162 0.42031427 0.87584116 0.40600972 0.86530657 0.37847606 0.85509410 0.37712607 0.87538452 0.32716712 0.99142481 0.33779273 1.00000000 0.48101335 1.00000000 0.48958333 0.98094172 0.48958333 0.88403434
