0 0.10928538 0.42968750 0.10334592 0.41341170 0.10036783 0.41218883 0.09145312 0.38776001 0.08847497 0.38653715 0.08669197 0.38165122 0.05332028 0.38733603 0.06877542 0.42968750 0.10928538 0.42968750
0 0.06528375 0.33686269 0.06112346 0.32546232 0.03251916 0.33033502 0.04797143 0.37267865 0.08134312 0.36699384 0.07718283 0.35559347 0.07420483 0.35437103 0.06826169 0.33808514 0.06528375 0.33686269
0 0.34290898 0.42968750 0.48289606 0.40584094 0.40801153 0.20063597 0.40503371 0.19941350 0.39314729 0.16684131 0.36454238 0.17171411 0.36275313 0.17374865 0.33414883 0.17862135 0.33771483 0.18839321 0.33592557 0.19042775 0.21435715 0.21113672 0.21137933 0.20991425 0.13271766 0.22331413 0.13687779 0.23471408 0.13508868 0.23674904 0.09456547 0.24365210 0.10110304 0.26156691 0.10408147 0.26278928 0.10764732 0.27256072 0.10585761 0.27459578 0.08678808 0.27784424 0.08499882 0.27987878 0.08261528 0.28028481 0.08915270 0.29819920 0.09213067 0.29942209 0.09807381 0.31570797 0.11237565 0.31327168 0.11416552 0.31123704 0.11893260 0.31042497 0.12191103 0.31164734 0.13498617 0.34747695 0.15643924 0.34382246 0.15941706 0.34504493 0.17486949 0.38738897 0.17308023 0.38942351 0.15162716 0.39307801 0.16498689 0.42968750 0.34290898 0.42968750
0 0.00000000 0.20786543 0.12202606 0.18707849 0.11846020 0.17730704 0.12024946 0.17527251 0.13931899 0.17202405 0.14229682 0.17324652 0.23764448 0.15700420 0.23586148 0.15211827 0.23765134 0.15008363 0.23646263 0.14682621 0.23825188 0.14479167 0.39795937 0.11758577 0.38072410 0.07035620 0.32589904 0.07969556 0.32292106 0.07847267 0.00000000 0.13348173 0.00000000 0.20786543
0 0.27584313 0.00000000 0.00000000 0.04698942 0.00000000 0.09888516 0.09650225 0.08244616 0.09829196 0.08041111 0.39148557 0.03046607 0.38036772 0.00000000 0.27584313 0.00000000
0 0.82325583 0.00000000 0.82973613 0.02118358 0.85888446 0.01575910 0.85409809 0.00000000 0.82325583 0.00000000
0 1.00000000 0.12782662 0.93066854 0.10607086 0.91808693 0.12067414 1.00000000 0.14619089 1.00000000 0.12782662
0 0.62890625 0.42968750 0.63177666 0.42968750 0.69888585 0.36316398 0.62890625 0.33624688 0.62890625 0.42968750
0 0.77608092 0.26412708 0.73666338 0.25023652 0.73162019 0.25585078 0.74294293 0.25963588 0.69244978 0.30792077 0.72096281 0.31872553 0.77608092 0.26412708
0 0.87352905 0.19391355 0.87947088 0.18846202 0.83841793 0.17347193 0.84145253 0.17071949 0.88380303 0.18465781 0.88986505 0.17708926 0.85047009 0.16254791 0.85594941 0.15624705 0.89645905 0.17145621 0.90475604 0.16447523 0.86268447 0.14988286 0.86765636 0.14561205 0.90831872 0.16011800 0.92064614 0.14780411 0.83944882 0.11825242 0.74420150 0.21375859 0.82492014 0.24105589 0.84089730 0.22610230 0.80143232 0.21117163 0.80732839 0.20396261 0.84769282 0.21833478 0.85560122 0.21154093 0.81498129 0.19683950 0.81828532 0.19332544 0.85974015 0.20820088 0.86498968 0.20138202 0.82644270 0.18728513 0.83247045 0.18028381 0.87352905 0.19391355
0 1.00000000 0.80605407 0.99576901 0.79827902 0.97847328 0.81011159 0.99774328 0.84339143 1.00000000 0.84275000 1.00000000 0.80605407
