0 0.54947917 0.02881868 0.54043582 0.02780829 0.54017424 0.02974685 0.53778239 0.03144741 0.53591370 0.02927083 0.49969642 0.02522434 0.49708061 0.04461004 0.49468877 0.04631057 0.45847204 0.04226414 0.45716414 0.05195695 0.45903282 0.05413355 0.45589382 0.07739660 0.45776252 0.07957305 0.45462355 0.10283585 0.45649280 0.10501237 0.45335383 0.12827517 0.45522254 0.13045162 0.45182194 0.15565336 0.45369064 0.15782981 0.45055167 0.18109261 0.45242092 0.18326913 0.44928195 0.20653193 0.45115066 0.20870838 0.44801169 0.23197118 0.44988033 0.23414813 0.44909563 0.23996346 0.48531237 0.24400989 0.48718107 0.24618634 0.48482679 0.26363382 0.48243496 0.26533425 0.45687011 0.26247793 0.45500141 0.26030148 0.44861006 0.25958739 0.44621823 0.26128782 0.44595667 0.26322626 0.44782530 0.26540321 0.44520953 0.28478863 0.44707823 0.28696508 0.44420083 0.30828944 0.44607008 0.31046596 0.44319267 0.33179031 0.44506138 0.33396677 0.44218397 0.35529112 0.44405267 0.35746758 0.44117527 0.37879194 0.44304452 0.38096845 0.44069031 0.39841543 0.45347246 0.39984355 0.45534110 0.40202050 0.47877568 0.40463880 0.48064438 0.40681526 0.48012119 0.41069264 0.47772936 0.41239307 0.47589827 0.42596316 0.47350644 0.42766359 0.43728971 0.42361717 0.43915841 0.42579362 0.43628101 0.44711798 0.43814971 0.44929443 0.43501074 0.47255723 0.43687945 0.47473368 0.43400204 0.49605804 0.43587074 0.49823450 0.43563252 0.50000000 0.51564625 0.50000000 0.54947917 0.24926530 0.54947917 0.02881868
0 0.87168870 0.16651909 0.83511876 0.10946128 0.80561562 0.13004751 0.79407916 0.11133904 0.71143932 0.17036001 0.76295275 0.24654461 0.87168870 0.16651909
0 0.90555979 0.35258943 0.89977475 0.39407151 0.93009127 0.39502720 0.93442983 0.35405919 0.90555979 0.35258943
0 0.66008376 0.20555506 0.61494451 0.24082170 0.68806024 0.34386749 0.73574570 0.30476341 0.74040772 0.29496065 0.68925310 0.22712025 0.68406493 0.22994162 0.66008376 0.20555506
0 0.54947917 0.62708104 0.34841242 0.73743940 0.34326581 0.74730237 0.34718876 0.76877383 0.35483015 0.79201373 0.36258442 0.79296583 0.44404837 0.74918202 0.45016999 0.74206249 0.44656441 0.71800627 0.49317998 0.69093340 0.52932075 0.67438114 0.53965977 0.67565061 0.54727826 0.68839280 0.54947917 0.68812115 0.54947917 0.62708104
0 0.67525536 0.79659627 0.69177643 0.79724144 0.68972959 0.67871307 0.67525274 0.67831889 0.67525536 0.79659627
0 0.70505518 0.67782810 0.70480680 0.79814969 0.72209295 0.79819713 0.71901796 0.67677580 0.70505518 0.67782810
0 0.73596944 0.67954886 0.73316277 0.79817298 0.75113032 0.79830408 0.74840208 0.67969203 0.73596944 0.67954886
0 0.76500682 0.67965580 0.76304888 0.79700078 0.78237924 0.79729921 0.77896960 0.67860350 0.76500682 0.67965580
0 0.79472560 0.67984642 0.79226566 0.80127983 0.81167969 0.80089686 0.80758864 0.68211748 0.79472560 0.67984642
0 0.82436071 0.68071844 0.82300051 0.79882848 0.83900751 0.79802718 0.83815615 0.68102895 0.82436071 0.68071844
0 0.85416315 0.68022764 0.85246829 0.80106331 0.86855896 0.79958061 0.86667945 0.67968942 0.85416315 0.68022764
0 0.88363093 0.68246248 0.88158933 0.80048886 0.89836140 0.79908981 0.89827512 0.68149384 0.88363093 0.68246248
0 0.91241731 0.68461364 0.91436840 0.79828851 0.92756611 0.79783395 0.93063586 0.68270053 0.91241731 0.68461364
0 0.83676595 0.50000000 0.83277563 0.63471751 0.88250617 0.63529022 0.88469654 0.50000000 0.83676595 0.50000000
0 0.91183199 0.50000000 0.91137621 0.63675998 0.95871580 0.63427241 0.95771768 0.50000000 0.91183199 0.50000000
