0 0.16821295 0.00000000 0.12546036 0.01350543 0.13046490 0.04316615 0.13335535 0.04225307 0.13513403 0.04377394 0.14958555 0.03920874 0.15136422 0.04072961 0.15203150 0.04468442 0.15381018 0.04620529 0.15514472 0.05411481 0.17971190 0.04635410 0.18149057 0.04787497 0.18349241 0.05973940 0.18527144 0.06126005 0.21128367 0.05304285 0.21306269 0.05456351 0.21539816 0.06840529 0.22840427 0.06429669 0.23018293 0.06581746 0.23151747 0.07372698 0.23329621 0.07524825 0.23396344 0.07920276 0.26864665 0.06824642 0.26464303 0.04451786 0.26575446 0.04208413 0.26308537 0.02626509 0.26419708 0.02383073 0.26708717 0.02291776 0.26819898 0.02048400 0.26964402 0.02002752 0.26626486 0.00000000 0.16821295 0.00000000
0 0.10356226 0.03708518 0.10934280 0.03525912 0.11112147 0.03677999 0.11834705 0.03449745 0.11534433 0.01670106 0.07921608 0.02811388 0.07954971 0.03009126 0.08677566 0.02780860 0.08855434 0.02932950 0.10011541 0.02567739 0.10189409 0.02719831 0.10356226 0.03708518
0 0.80892438 0.42145295 0.80906268 0.38500265 0.76539540 0.38520846 0.76401750 0.42256365 0.80892438 0.42145295
0 0.86081728 0.42220726 0.86049045 0.38511888 0.81434350 0.38700512 0.81479883 0.42186154 0.86081728 0.42220726
0 0.86273305 0.37932516 0.86171973 0.34198373 0.81584210 0.34257079 0.81625820 0.37941120 0.86273305 0.37932516
0 0.86434081 0.33455956 0.86113749 0.29871693 0.82019274 0.29919483 0.81874923 0.33551811 0.86434081 0.33455956
0 0.78207543 0.35437658 0.81449039 0.35340624 0.81147037 0.29859222 0.78352301 0.29748238 0.78207543 0.35437658
0 0.76921710 0.28444123 0.77026785 0.26089432 0.69877797 0.25930481 0.69631680 0.28242077 0.76921710 0.28444123
0 0.77113401 0.25766869 0.77484185 0.22390806 0.72724299 0.22411914 0.72401195 0.25695575 0.77113401 0.25766869
0 0.71716932 0.25496689 0.71933036 0.22457759 0.67164721 0.22366681 0.66891356 0.25774151 0.71716932 0.25496689
0 0.66095634 0.25619502 0.66479372 0.22253238 0.61646070 0.22195106 0.61284122 0.25632648 0.66095634 0.25619502
0 0.68178878 0.28395199 0.68550732 0.25989566 0.61446325 0.25809691 0.60726606 0.28461769 0.68178878 0.28395199
0 0.67718078 0.30775734 0.68188392 0.28418610 0.60948161 0.28478273 0.60416118 0.30928465 0.67718078 0.30775734
0 0.22967429 0.69511441 0.23341615 0.67999103 0.23222968 0.66606428 0.13866214 0.61846202 0.12202405 0.61515909 0.11554123 0.65363523 0.11620850 0.65912149 0.12465750 0.66601313 0.21655749 0.71241994 0.22967429 0.69511441
0 0.39278650 0.69534402 0.44027468 0.75833201 0.46241718 0.72785955 0.50918460 0.79412089 0.53619545 0.75788930 0.44343593 0.62590812 0.39278650 0.69534402
0 0.47556367 0.65195539 0.51392733 0.70625199 0.57072924 0.62519467 0.55163406 0.59767328 0.54092050 0.61436787 0.52061930 0.58602902 0.47556367 0.65195539
