0 0.48845043 0.55859375 0.48630206 0.55806791 0.47982638 0.54748710 0.47766930 0.54695912 0.46957463 0.53373395 0.46741809 0.53320611 0.46094227 0.52262584 0.45878574 0.52209800 0.45392864 0.51416317 0.41295170 0.50413351 0.40217427 0.51049024 0.40163645 0.51260783 0.37469287 0.52850080 0.37415505 0.53061839 0.36068326 0.53856488 0.36014557 0.54068193 0.34397901 0.55021749 0.34344119 0.55233509 0.33283079 0.55859375 0.48845043 0.55859375
0 0.51696913 0.46437739 0.52506421 0.47760323 0.53689410 0.43102474 0.51803318 0.44215006 0.51749549 0.44426711 0.51210705 0.44744554 0.51103155 0.45168020 0.51750681 0.46226033 0.51696913 0.46437739
0 0.84311194 0.20065146 0.84405016 0.17886026 0.90403307 0.13285420 0.90212268 0.09590722 0.88949202 0.09923512 0.83329932 0.14665869 0.74900348 0.20168816 0.73479781 0.21449161 0.73290779 0.22586226 0.73545159 0.26707197 0.74366542 0.27416971 0.82732786 0.21487752 0.84311194 0.20065146
0 1.00000000 0.06220900 0.96779941 0.07215978 0.96243418 0.08021781 0.99467990 0.16071664 1.00000000 0.16379993 1.00000000 0.06220900
0 1.00000000 0.25757928 0.97862156 0.27347307 0.97325633 0.28153110 0.97960053 0.34831713 0.98686596 0.35304726 1.00000000 0.34400253 1.00000000 0.32262295 0.99948304 0.31750761 1.00000000 0.31439750 1.00000000 0.25757928
0 0.45867961 1.00000000 0.48031769 0.93267661 0.47169100 0.93100808 0.46308749 0.95777650 0.46039327 0.95903231 0.45392311 0.95778089 0.44639498 0.98120346 0.44370021 0.98245917 0.44154367 0.98204206 0.43884945 0.98329787 0.43348130 1.00000000 0.45867961 1.00000000
0 0.52936596 0.92261629 0.55463879 0.84398397 0.53954194 0.84106402 0.51426911 0.91969634 0.52936596 0.92261629
0 0.56901042 0.79926899 0.56808173 0.80215844 0.56538751 0.80341425 0.56107389 0.80257993 0.55837967 0.80383575 0.55192704 0.82391206 0.55408358 0.82432916 0.55570243 0.82641919 0.56001605 0.82725350 0.56901042 0.79926900 0.56901042 0.79926899
0 0.56901042 0.94995214 0.64130108 0.96841185 0.64211571 0.96506559 0.64088953 0.96297556 0.64170416 0.95962930 0.64047798 0.95753927 0.64129251 0.95419344 0.64006591 0.95210331 0.64088054 0.94875704 0.63965436 0.94666702 0.64046899 0.94332075 0.63924281 0.94123072 0.64046470 0.93621154 0.62902979 0.93329159 0.62862242 0.93496494 0.62658172 0.93622075 0.62004754 0.93455222 0.61964028 0.93622514 0.61759958 0.93748095 0.60943154 0.93539521 0.60902428 0.93706813 0.61025036 0.93915858 0.60943583 0.94250442 0.60739502 0.94376066 0.60086085 0.94209213 0.59882014 0.94334795 0.59841288 0.94502087 0.59637218 0.94627668 0.56901042 0.93928974 0.56901042 0.94995214
0 0.70375250 0.93282491 0.70048520 0.93199059 0.69844439 0.93324683 0.69517710 0.93241252 0.69640369 0.93450265 0.69518180 0.93952183 0.69640798 0.94161185 0.69436728 0.94286767 0.65352835 0.93243928 0.65312109 0.93411220 0.65434758 0.93620276 0.65394032 0.93787568 0.65189920 0.93913139 0.64373158 0.93704575 0.64332422 0.93871910 0.64455081 0.94080923 0.64373629 0.94415507 0.64496247 0.94624509 0.64414784 0.94959136 0.64537401 0.95168138 0.64415212 0.95670057 0.64537830 0.95879059 0.64456367 0.96213686 0.64578985 0.96422688 0.64497522 0.96757314 0.64620182 0.96966328 0.69847524 0.98301151 0.70051594 0.98175569 0.70705012 0.98342422 0.70745748 0.98175088 0.70949818 0.98049506 0.71766622 0.98258080 0.71807348 0.98090788 0.72011429 0.97965164 0.72828190 0.98173728 0.72868917 0.98006436 0.72746299 0.97797433 0.72827751 0.97462850 0.72705102 0.97253794 0.72786555 0.96919210 0.72663947 0.96710165 0.72786126 0.96208289 0.72663508 0.95999287 0.72744971 0.95664660 0.72622353 0.95455658 0.72703816 0.95121031 0.72581199 0.94912029 0.72662651 0.94577445 0.72540002 0.94368389 0.72621454 0.94033805 0.72498847 0.93824760 0.72621026 0.93322884 0.72498408 0.93113882 0.72294296 0.93239453 0.71477534 0.93030889 0.71436808 0.93198181 0.71232738 0.93323762 0.70579320 0.93156910 0.70375250 0.93282491
0 0.78133043 0.92775658 0.78010854 0.93277576 0.77806742 0.93403147 0.77316710 0.93278015 0.77112640 0.93403596 0.76949254 0.93361875 0.76745184 0.93487457 0.75765078 0.93237183 0.75560956 0.93362796 0.73927432 0.92945669 0.73886706 0.93112961 0.73682594 0.93238532 0.73029218 0.93071690 0.72947755 0.93406316 0.73070373 0.93615319 0.72948184 0.94117237 0.73070802 0.94326239 0.72989339 0.94660866 0.73111957 0.94869868 0.73030504 0.95204452 0.73153122 0.95413454 0.73071659 0.95748081 0.73194319 0.95957094 0.73112856 0.96291721 0.73235474 0.96500723 0.73113285 0.97002642 0.73235902 0.97211644 0.73154439 0.97546271 0.73277099 0.97755284 0.74093861 0.97963847 0.74297931 0.97838266 0.75114693 0.98046829 0.75196155 0.97712203 0.75400226 0.97586621 0.77197135 0.98045470 0.77237871 0.97878135 0.77441983 0.97752564 0.78095360 0.97919406 0.78218019 0.98128419 0.78258745 0.97961128 0.78462815 0.97835546 0.78789545 0.97918978 0.78993615 0.97793397 0.79320303 0.97876818 0.79361030 0.97709526 0.79565110 0.97583902 0.80381914 0.97792476 0.80422640 0.97625184 0.80626710 0.97499603 0.81280128 0.97666455 0.81361591 0.97331829 0.81238973 0.97122827 0.81320426 0.96788243 0.81197776 0.96579187 0.81279229 0.96244603 0.81156622 0.96035558 0.81278800 0.95533682 0.81156183 0.95324680 0.81237645 0.94990053 0.81115028 0.94781051 0.81196490 0.94446424 0.81073873 0.94237422 0.81196062 0.93735504 0.81073402 0.93526490 0.81154865 0.93191864 0.81032247 0.92982861 0.81072974 0.92815570 0.80092868 0.92565296 0.80052142 0.92732587 0.79848030 0.92858158 0.79521342 0.92774737 0.79317219 0.92900351 0.78010384 0.92566645 0.78133043 0.92775658
0 0.56901042 0.93040471 0.57880606 0.93290607 0.57921333 0.93123315 0.58125413 0.92997691 0.58778831 0.93164544 0.58819557 0.92997252 0.59023627 0.92871671 0.59840389 0.93080234 0.59881115 0.92912942 0.60085227 0.92787371 0.60901989 0.92995935 0.60942726 0.92828600 0.61146796 0.92703019 0.61963599 0.92911593 0.62004326 0.92744301 0.62208406 0.92618677 0.62371750 0.92660388 0.62575821 0.92534806 0.62739164 0.92576517 0.62943277 0.92450946 0.63106620 0.92492657 0.63310691 0.92367075 0.63637420 0.92450507 0.63760038 0.92659510 0.63923382 0.92701220 0.63964108 0.92533928 0.63841491 0.92324926 0.63922954 0.91990299 0.63800336 0.91781297 0.63881799 0.91446670 0.63759181 0.91237668 0.63840633 0.90903084 0.63717984 0.90694028 0.63840173 0.90192110 0.63717556 0.89983107 0.63799008 0.89648524 0.63676390 0.89439521 0.63757853 0.89104895 0.63635194 0.88895882 0.63716657 0.88561255 0.63594039 0.88352253 0.63675491 0.88017669 0.63552884 0.87808623 0.62736122 0.87600060 0.62695386 0.87767395 0.62491274 0.87892966 0.61511168 0.87642692 0.61470442 0.87809983 0.61266371 0.87935565 0.60612954 0.87768712 0.60572227 0.87936004 0.60694835 0.88145049 0.60572646 0.88646967 0.60368575 0.88772549 0.56901042 0.87887100 0.56901042 0.93040471
0 0.86789061 0.92142762 0.86584991 0.92268343 0.86462802 0.92770261 0.86258690 0.92895832 0.85605314 0.92728990 0.85401202 0.92854561 0.83604293 0.92395712 0.83196142 0.92646918 0.82542724 0.92480065 0.82461262 0.92814691 0.82257191 0.92940273 0.81440430 0.92731709 0.81563048 0.92940712 0.81440858 0.93442630 0.81563476 0.93651633 0.81482013 0.93986259 0.81604631 0.94195262 0.81523178 0.94529846 0.81645796 0.94738848 0.81564333 0.95073474 0.81686993 0.95282488 0.81564804 0.95784406 0.81687422 0.95993408 0.81605959 0.96328035 0.81728576 0.96537037 0.81647114 0.96871664 0.81769773 0.97080677 0.81688321 0.97415261 0.82668426 0.97665535 0.82709153 0.97498243 0.82913223 0.97372662 0.83729985 0.97581225 0.83770711 0.97413933 0.83974833 0.97288320 0.84791595 0.97496883 0.84832321 0.97329591 0.85036391 0.97204010 0.85853195 0.97412584 0.85893932 0.97245249 0.86098002 0.97119668 0.86914764 0.97328231 0.86955490 0.97160939 0.87159560 0.97035358 0.87812978 0.97202211 0.88017048 0.97076630 0.88343778 0.97160062 0.88547858 0.97034437 0.88874588 0.97117869 0.88915314 0.96950577 0.89119385 0.96824996 0.89772802 0.96991849 0.89854265 0.96657222 0.89731647 0.96448220 0.89853836 0.95946301 0.89731177 0.95737288 0.89812640 0.95402662 0.89690022 0.95193659 0.89812201 0.94691784 0.89689593 0.94482738 0.89771046 0.94148154 0.89648439 0.93939109 0.89729891 0.93604526 0.89607273 0.93395523 0.89729462 0.92893605 0.89606803 0.92684592 0.89688266 0.92349965 0.88544816 0.92057981 0.88340704 0.92183551 0.88177360 0.92141841 0.87973279 0.92267465 0.87646549 0.92184033 0.87442479 0.92309614 0.86789061 0.92142762
0 0.69228664 0.88014071 0.69024594 0.88139653 0.68207832 0.87931089 0.68167106 0.88098381 0.67962993 0.88223952 0.65185979 0.87514829 0.64777828 0.87766035 0.64124410 0.87599182 0.64042958 0.87933766 0.64165565 0.88142811 0.64043386 0.88644687 0.64166004 0.88853689 0.64084541 0.89188316 0.64207201 0.89397329 0.64125738 0.89731955 0.64248356 0.89940958 0.64166903 0.90275541 0.64289511 0.90484587 0.64208058 0.90819171 0.64330665 0.91028216 0.64249213 0.91362800 0.64371831 0.91571802 0.64249642 0.92073720 0.64372301 0.92282733 0.64331564 0.92450068 0.65148326 0.92658632 0.65556477 0.92407426 0.66209936 0.92574290 0.66250663 0.92406998 0.66454743 0.92281374 0.67271505 0.92489937 0.67312231 0.92322645 0.67516302 0.92197064 0.69313211 0.92655912 0.69353937 0.92488620 0.69558007 0.92363039 0.70374811 0.92571613 0.70415548 0.92404278 0.70619618 0.92278697 0.71436379 0.92487260 0.71477105 0.92319968 0.71681186 0.92194344 0.72497948 0.92402908 0.72538674 0.92235616 0.72416056 0.92026613 0.72497509 0.91692030 0.72374902 0.91482984 0.72497091 0.90981066 0.72374473 0.90772063 0.72455925 0.90437480 0.72333308 0.90228477 0.72414770 0.89893851 0.72292111 0.89684838 0.72373574 0.89350211 0.72250956 0.89141209 0.72373145 0.88639290 0.72250527 0.88430288 0.72331990 0.88095661 0.72209331 0.87886648 0.72290783 0.87552064 0.70330572 0.87051516 0.70289846 0.87218808 0.70085734 0.87344379 0.69268972 0.87135816 0.69146783 0.87637734 0.69269400 0.87846737 0.69228664 0.88014071
0 0.95404354 0.91677157 0.95241010 0.91635446 0.95118820 0.92137365 0.95241438 0.92346368 0.95037368 0.92471949 0.92096967 0.91721106 0.92056231 0.91888440 0.91852160 0.92014021 0.91035399 0.91805458 0.90994673 0.91972750 0.90790592 0.92098374 0.90137174 0.91931521 0.90014995 0.92433397 0.90137613 0.92642399 0.90015424 0.93144318 0.90138031 0.93353363 0.90056579 0.93687947 0.90179197 0.93896949 0.90097734 0.94231576 0.90220393 0.94440589 0.90138930 0.94775215 0.90261548 0.94984218 0.90180096 0.95318802 0.90302714 0.95527804 0.90180524 0.96029722 0.90303173 0.96238778 0.90221721 0.96573362 0.90344339 0.96782364 0.91161101 0.96990928 0.91201827 0.96823636 0.91405897 0.96698055 0.92222659 0.96906618 0.92426771 0.96781047 0.92753459 0.96864469 0.92957581 0.96738855 0.93284269 0.96822276 0.93324995 0.96654984 0.93529065 0.96529403 0.94345869 0.96737977 0.94549950 0.96612353 0.94876638 0.96695774 0.95080708 0.96570193 0.95897511 0.96778767 0.97200834 0.91425084 0.96996764 0.91550666 0.96179960 0.91342092 0.96139224 0.91509426 0.95935154 0.91635008 0.95608465 0.91551587 0.95404354 0.91677157
0 0.77517268 0.87465046 0.76700506 0.87256482 0.76659780 0.87423774 0.76455668 0.87549345 0.73678653 0.86840223 0.73597190 0.87174849 0.73719808 0.87383852 0.73515738 0.87509433 0.72698976 0.87300870 0.72576787 0.87802788 0.72699404 0.88011791 0.72617942 0.88346417 0.72740601 0.88555430 0.72659138 0.88890057 0.72781756 0.89099059 0.72659577 0.89600935 0.72782185 0.89809980 0.72700732 0.90144564 0.72823339 0.90353609 0.72741887 0.90688193 0.72864505 0.90897195 0.72742316 0.91399114 0.72864975 0.91608127 0.72783512 0.91942753 0.72906130 0.92151756 0.73069474 0.92193466 0.73273586 0.92067896 0.73926962 0.92234738 0.73967688 0.92067446 0.74171811 0.91941832 0.74825229 0.92108685 0.75029299 0.91983104 0.75846060 0.92191667 0.75886787 0.92024375 0.76090909 0.91898762 0.76907671 0.92107326 0.76948397 0.91940034 0.77152467 0.91814452 0.77805885 0.91981305 0.77846611 0.91814013 0.78050681 0.91688432 0.78867485 0.91897006 0.78908222 0.91729671 0.79112292 0.91604090 0.79929054 0.91812653 0.79969780 0.91645362 0.80173860 0.91519737 0.80990622 0.91728301 0.81072075 0.91393717 0.80949457 0.91184715 0.81030920 0.90850088 0.80908302 0.90641086 0.80989765 0.90306459 0.80867147 0.90097457 0.80948600 0.89762873 0.80825982 0.89553871 0.80907445 0.89219244 0.80784785 0.89010231 0.80866248 0.88675604 0.80743630 0.88466602 0.80865819 0.87964683 0.80743202 0.87755681 0.80824664 0.87421054 0.80702005 0.87212041 0.78741793 0.86711494 0.78701067 0.86878785 0.78496945 0.87004399 0.77680183 0.86795835 0.77802801 0.87004838 0.77721338 0.87339464 0.77517268 0.87465046
0 0.56901042 0.86998552 0.57468483 0.87143450 0.57509209 0.86976158 0.57713287 0.86850579 0.58366705 0.87017432 0.58407432 0.86850140 0.58611493 0.86724556 0.59428297 0.86933130 0.59469033 0.86765796 0.59673104 0.86640214 0.61470013 0.87099063 0.61510739 0.86931771 0.61714820 0.86806146 0.62531582 0.87014710 0.62653760 0.86512834 0.62857830 0.86387253 0.63511290 0.86554117 0.63592753 0.86219490 0.63470093 0.86010477 0.63551556 0.85675850 0.63428938 0.85466848 0.63510391 0.85132264 0.63387784 0.84923219 0.63469236 0.84588635 0.63346587 0.84379579 0.63468765 0.83877704 0.63346148 0.83668701 0.63427611 0.83334075 0.63304993 0.83125072 0.63386456 0.82790446 0.63263838 0.82581443 0.63345290 0.82246860 0.63222683 0.82037814 0.61425774 0.81578966 0.61385037 0.81746301 0.61180925 0.81871871 0.60690893 0.81746740 0.60486823 0.81872321 0.60323437 0.81830600 0.60241985 0.82165184 0.60364634 0.82374240 0.60323908 0.82541532 0.60119796 0.82667102 0.57342781 0.81957980 0.56934609 0.82209180 0.56901042 0.82200609 0.56901042 0.86998552
0 0.86295904 0.87041152 0.86091833 0.87166733 0.85275072 0.86958170 0.85234346 0.87125462 0.85030265 0.87251086 0.82253208 0.86541953 0.82212482 0.86709245 0.82008412 0.86834826 0.81191650 0.86626263 0.81110187 0.86960889 0.81232805 0.87169892 0.81151352 0.87504476 0.81274002 0.87713531 0.81151813 0.88215450 0.81274430 0.88424452 0.81192978 0.88759036 0.81315595 0.88968039 0.81234133 0.89302665 0.81356750 0.89511667 0.81275288 0.89846294 0.81397905 0.90055296 0.81275716 0.90557215 0.81398376 0.90766228 0.81316913 0.91100855 0.81439531 0.91309857 0.82419636 0.91560131 0.82623748 0.91434560 0.83277166 0.91601413 0.83685317 0.91350208 0.84502120 0.91558782 0.84706191 0.91433201 0.85522952 0.91641764 0.85727033 0.91516140 0.86380451 0.91682993 0.86788633 0.91431841 0.87442051 0.91598694 0.87523503 0.91264110 0.87727584 0.91138486 0.88544346 0.91347049 0.88748457 0.91221478 0.88911802 0.91263189 0.89115872 0.91137608 0.89605945 0.91262750 0.89483296 0.91053694 0.89605475 0.90551819 0.89482857 0.90342816 0.89564320 0.90008189 0.89441702 0.89799187 0.89523165 0.89464561 0.89400547 0.89255558 0.89482000 0.88920974 0.89359393 0.88711929 0.89440845 0.88377345 0.89318196 0.88168289 0.89440375 0.87666414 0.89317757 0.87457411 0.89399220 0.87122785 0.89276602 0.86913782 0.89358065 0.86579156 0.88214573 0.86287161 0.88173847 0.86454452 0.87969767 0.86580077 0.86336201 0.86162939 0.86214012 0.86664857 0.86336630 0.86873860 0.86295904 0.87041152
0 0.68938771 0.81365006 0.68775856 0.82034217 0.68898463 0.82243262 0.68694393 0.82368843 0.64773886 0.81367726 0.64733160 0.81535018 0.64855778 0.81744020 0.64815052 0.81911312 0.64610971 0.82036936 0.63794168 0.81828362 0.63712715 0.82162946 0.63835323 0.82371991 0.63753870 0.82706575 0.63876530 0.82915588 0.63795067 0.83250215 0.63917684 0.83459217 0.63795495 0.83961135 0.63918113 0.84170138 0.63836661 0.84504721 0.63959310 0.84713778 0.63877857 0.85048361 0.64000465 0.85257406 0.63919012 0.85591990 0.64041630 0.85800993 0.63919441 0.86302911 0.64042059 0.86511913 0.64001322 0.86679248 0.64981469 0.86929533 0.65022206 0.86762198 0.65226276 0.86636617 0.66043038 0.86845180 0.66083764 0.86677888 0.66287887 0.86552275 0.66941262 0.86719117 0.67349445 0.86467965 0.68002863 0.86634818 0.68043589 0.86467526 0.68247659 0.86341945 0.69064463 0.86550519 0.69105199 0.86383184 0.69309270 0.86257603 0.70126031 0.86466166 0.70166757 0.86298874 0.70370838 0.86173250 0.71187600 0.86381814 0.71228326 0.86214522 0.71432438 0.86088951 0.72085856 0.86255804 0.72167308 0.85921220 0.72044701 0.85712175 0.72166890 0.85210257 0.72044230 0.85001244 0.72125683 0.84666660 0.72003065 0.84457657 0.72084528 0.84123031 0.71961910 0.83914029 0.72043373 0.83579402 0.71920714 0.83370389 0.72042903 0.82868470 0.71920285 0.82659468 0.72001748 0.82324841 0.71879130 0.82115839 0.71960583 0.81781255 0.71837965 0.81572253 0.71878701 0.81404918 0.70898554 0.81154633 0.70857817 0.81321968 0.70653747 0.81447549 0.70000329 0.81280696 0.69959603 0.81447988 0.69755533 0.81573570 0.68938771 0.81365006
0 0.96013104 0.85612993 0.95972367 0.85780328 0.95768297 0.85905909 0.95278223 0.85780766 0.95074153 0.85906348 0.94910767 0.85864627 0.94829304 0.86199253 0.94625234 0.86324835 0.94298546 0.86241413 0.94094476 0.86366995 0.93931090 0.86325273 0.93727020 0.86450855 0.93236946 0.86325713 0.93032865 0.86451337 0.90745882 0.85867346 0.90623693 0.86369265 0.90419623 0.86494846 0.89766205 0.86327993 0.89684753 0.86662577 0.89807412 0.86871590 0.89725950 0.87206217 0.89848567 0.87415219 0.89767104 0.87749846 0.89889722 0.87958848 0.89808270 0.88293432 0.89930877 0.88502477 0.89849425 0.88837061 0.89972032 0.89046106 0.89890579 0.89380690 0.90013239 0.89589703 0.89891050 0.90091621 0.90013668 0.90300624 0.89932205 0.90635250 0.90054822 0.90844253 0.90014096 0.91011545 0.90994244 0.91261829 0.91198314 0.91136248 0.91851732 0.91303101 0.92259872 0.91051938 0.92913332 0.91218802 0.93321483 0.90967596 0.93974900 0.91134449 0.94383093 0.90883254 0.94546437 0.90924965 0.94750507 0.90799383 0.95077195 0.90882805 0.95281307 0.90757234 0.95934725 0.90924087 0.95975451 0.90756795 0.96179521 0.90631213 0.97159669 0.90881498 0.97200405 0.90714163 0.97404476 0.90588582 0.98585609 0.85736818 0.97932192 0.85569965 0.97728079 0.85695536 0.97238048 0.85570404 0.97033977 0.85695986 0.96870592 0.85654264 0.96666521 0.85779846 0.96013104 0.85612993
0 0.56901042 0.81312060 0.56974905 0.81330921 0.57178987 0.81205343 0.57995762 0.81413910 0.58036488 0.81246618 0.58240566 0.81121039 0.59057336 0.81329604 0.59098063 0.81162313 0.59302156 0.81036692 0.60118939 0.81245261 0.60159665 0.81077969 0.60363735 0.80952387 0.61180497 0.81160951 0.61221233 0.80993616 0.61425304 0.80868035 0.62078763 0.81034898 0.62486904 0.80783736 0.62976977 0.80908878 0.63181047 0.80783297 0.63221784 0.80615962 0.63099166 0.80406960 0.63180629 0.80072333 0.63057970 0.79863320 0.63180148 0.79361444 0.63057541 0.79152399 0.63138993 0.78817815 0.63016386 0.78608770 0.63138565 0.78106894 0.63015947 0.77897892 0.63097410 0.77563265 0.62974792 0.77354263 0.63056255 0.77019637 0.62933595 0.76810623 0.63055785 0.76308705 0.62933167 0.76099702 0.62116405 0.75891139 0.61912335 0.76016720 0.61095540 0.75808148 0.61014077 0.76142775 0.60809998 0.76268354 0.59993228 0.76059788 0.59871039 0.76561707 0.59993665 0.76770712 0.59789587 0.76896291 0.56901042 0.76158689 0.56901042 0.81312060
0 0.86006001 0.80392130 0.85924548 0.80726713 0.86047155 0.80935759 0.85965703 0.81270343 0.85761633 0.81395924 0.81841126 0.80394807 0.81800400 0.80562098 0.81923007 0.80771144 0.81882281 0.80938436 0.81678211 0.81064017 0.80861408 0.80855443 0.80779945 0.81190069 0.80902604 0.81399082 0.80821152 0.81733666 0.80943759 0.81942712 0.80821570 0.82444630 0.80617500 0.82570211 0.80494840 0.82361198 0.80576303 0.82026572 0.80453685 0.81817569 0.80535148 0.81482943 0.80412530 0.81273940 0.80453257 0.81106648 0.78493003 0.80606090 0.78452277 0.80773382 0.78248207 0.80898963 0.77431445 0.80690399 0.77390719 0.80857691 0.77513326 0.81066737 0.77391137 0.81568655 0.77187067 0.81694236 0.76370264 0.81485662 0.76329537 0.81652954 0.76125467 0.81778536 0.73348452 0.81069413 0.73307726 0.81236705 0.73103645 0.81362329 0.72286842 0.81153755 0.72246115 0.81321047 0.72368733 0.81530050 0.72287270 0.81864676 0.72409930 0.82073689 0.72328478 0.82408273 0.72451085 0.82617318 0.72328896 0.83119237 0.72451514 0.83328239 0.72370061 0.83662823 0.72492721 0.83871836 0.72411258 0.84206463 0.72533876 0.84415465 0.72452412 0.84750092 0.72575030 0.84959094 0.72452841 0.85461012 0.72575459 0.85670015 0.72493996 0.86004641 0.73474143 0.86254926 0.73514880 0.86087591 0.73718951 0.85962010 0.74535712 0.86170573 0.74576438 0.86003282 0.74780561 0.85877668 0.75597323 0.86086231 0.75638049 0.85918940 0.75842119 0.85793358 0.77475684 0.86210496 0.77883825 0.85959333 0.78700586 0.86167897 0.78741323 0.86000562 0.78945435 0.85874991 0.79598811 0.86041833 0.79639537 0.85874542 0.79843660 0.85748928 0.80660421 0.85957492 0.80782600 0.85455616 0.80986670 0.85330035 0.81109288 0.85539037 0.81068562 0.85706329 0.82048709 0.85956614 0.82089436 0.85789322 0.82293506 0.85663740 0.83110309 0.85872314 0.83151046 0.85704980 0.83355116 0.85579398 0.84171878 0.85787962 0.84212604 0.85620670 0.84416685 0.85495046 0.85233446 0.85703609 0.85110829 0.85494607 0.85314899 0.85369026 0.86131702 0.85577600 0.86172429 0.85410308 0.86376499 0.85284726 0.87193261 0.85493290 0.87233997 0.85325955 0.87438109 0.85200385 0.88091485 0.85367227 0.88499678 0.85116032 0.89153096 0.85282885 0.89275274 0.84781009 0.89152657 0.84572007 0.89234119 0.84237380 0.89111502 0.84028378 0.89192964 0.83693751 0.89070305 0.83484738 0.89192494 0.82982820 0.89069876 0.82773817 0.89151339 0.82439191 0.89028721 0.82230188 0.89110174 0.81895604 0.88987514 0.81686591 0.89068977 0.81351965 0.88946360 0.81142962 0.89068549 0.80641044 0.88945931 0.80432042 0.87965783 0.80181757 0.87925057 0.80349049 0.87720987 0.80474630 0.86904225 0.80266067 0.86863499 0.80433359 0.86659418 0.80558983 0.86006001 0.80392130
0 0.68567802 0.75761478 0.68486339 0.76096105 0.68608957 0.76305107 0.68404877 0.76430731 0.65464476 0.75679888 0.65423750 0.75847180 0.65219679 0.75972761 0.64402918 0.75764198 0.64362191 0.75931490 0.64158121 0.76057071 0.63341360 0.75848508 0.63463967 0.76057553 0.63382514 0.76392137 0.63505122 0.76601182 0.63423669 0.76935766 0.63546287 0.77144768 0.63464824 0.77479395 0.63587442 0.77688397 0.63505979 0.78023024 0.63628639 0.78232037 0.63547186 0.78566620 0.63669804 0.78775623 0.63588341 0.79110249 0.63710959 0.79319252 0.63629496 0.79653879 0.63752155 0.79862892 0.63670703 0.80197475 0.63793310 0.80406520 0.63752584 0.80573812 0.64732690 0.80824086 0.64936802 0.80698516 0.65590178 0.80865358 0.65630914 0.80698023 0.65835026 0.80572453 0.66651788 0.80781016 0.66733240 0.80446432 0.66937311 0.80320851 0.67264041 0.80404283 0.67386658 0.80613285 0.67713388 0.80696717 0.67754114 0.80529425 0.67958195 0.80403801 0.69591718 0.80820928 0.69795789 0.80695346 0.69836515 0.80528054 0.70040637 0.80402441 0.70857399 0.80611004 0.70938851 0.80276421 0.71346992 0.80025258 0.71837066 0.80150400 0.71877802 0.79983066 0.71755185 0.79774063 0.71836647 0.79439437 0.71714030 0.79230434 0.71795482 0.78895850 0.71672823 0.78686837 0.71795012 0.78184919 0.71672404 0.77975874 0.71753857 0.77641290 0.71631239 0.77432287 0.71712702 0.77097661 0.71590084 0.76888659 0.71671547 0.76554032 0.71548929 0.76345029 0.71671108 0.75843154 0.69547469 0.75300874 0.69343399 0.75426455 0.68853325 0.75301313 0.68649255 0.75426894 0.68485911 0.75385184 0.68445185 0.75552476 0.68567802 0.75761478
0 0.94662019 0.79759234 0.94499103 0.80428444 0.94621721 0.80637446 0.94417651 0.80763028 0.92457398 0.80262469 0.92416671 0.80429761 0.92212591 0.80555385 0.90579026 0.80138247 0.90538299 0.80305539 0.90334229 0.80431121 0.89680812 0.80264268 0.89476731 0.80389892 0.89395278 0.80724476 0.89517896 0.80933478 0.89436433 0.81268105 0.89559051 0.81477107 0.89477588 0.81811734 0.89600248 0.82020747 0.89518795 0.82355330 0.89641413 0.82564333 0.89559950 0.82898960 0.89682568 0.83107962 0.89601105 0.83442588 0.89723723 0.83651591 0.89601533 0.84153509 0.89724151 0.84362512 0.89642688 0.84697138 0.89765348 0.84906151 0.89724622 0.85073443 0.90541384 0.85282007 0.90582110 0.85114715 0.90786180 0.84989134 0.91602983 0.85197708 0.91643720 0.85030373 0.91847790 0.84904792 0.92664552 0.85113355 0.92705278 0.84946063 0.92909359 0.84820439 0.94542924 0.85237577 0.94951065 0.84986414 0.95767868 0.85194988 0.95808594 0.85027696 0.96012664 0.84902115 0.96502696 0.85027246 0.96706819 0.84901633 0.96870163 0.84943344 0.97074233 0.84817762 0.97727651 0.84984615 0.97768377 0.84817323 0.97972458 0.84691699 0.98625917 0.84858563 0.98829988 0.84732981 0.98911440 0.84398397 0.98788822 0.84189395 0.98870285 0.83854769 0.98747626 0.83645755 0.98829088 0.83311129 0.98706471 0.83102126 0.98787923 0.82767543 0.98665316 0.82558497 0.98746768 0.82223914 0.98624119 0.82014858 0.98705572 0.81680274 0.98582954 0.81471271 0.98664417 0.81136645 0.98541799 0.80927643 0.98623262 0.80593016 0.98500644 0.80384014 0.98582096 0.80049430 0.96621843 0.79548871 0.96581117 0.79716163 0.96377005 0.79841734 0.95560243 0.79633171 0.95519517 0.79800462 0.95315436 0.79926086 0.94662019 0.79759234
0 0.56901042 0.75260130 0.57093573 0.75141658 0.57746988 0.75308511 0.57787714 0.75141219 0.57991808 0.75015598 0.58808582 0.75224164 0.58849308 0.75056872 0.59053387 0.74931293 0.59870157 0.75139859 0.59910893 0.74972524 0.60114976 0.74846946 0.60931751 0.75055513 0.61135829 0.74929934 0.61952591 0.75138497 0.61993317 0.74971205 0.61870699 0.74762203 0.62074780 0.74636578 0.62891542 0.74845142 0.62972994 0.74510558 0.62850387 0.74301513 0.62931839 0.73966929 0.62809221 0.73757927 0.62890684 0.73423300 0.62768067 0.73214298 0.62849529 0.72879671 0.62726912 0.72670669 0.62849090 0.72168793 0.62726441 0.71959737 0.62848630 0.71457819 0.62726012 0.71248816 0.62848191 0.70746941 0.60724586 0.70204670 0.60683860 0.70371961 0.60479777 0.70497539 0.59663002 0.70288973 0.59785633 0.70497978 0.59704170 0.70832605 0.59500087 0.70958183 0.58029899 0.70582765 0.56901042 0.75219794 0.56901042 0.75260130
0 0.85594305 0.74955894 0.85716955 0.75164949 0.85512843 0.75290520 0.84696081 0.75081957 0.84655355 0.75249249 0.84451285 0.75374830 0.83471137 0.75124545 0.83267067 0.75250127 0.81470158 0.74791279 0.81266077 0.74916903 0.80776003 0.74791760 0.80571933 0.74917342 0.80408589 0.74875631 0.80204519 0.75001212 0.79877789 0.74917781 0.79673708 0.75043405 0.79183635 0.74918262 0.78979564 0.75043844 0.78816220 0.75002133 0.78612108 0.75127704 0.78122035 0.75002562 0.77917964 0.75128143 0.77427933 0.75003011 0.77223820 0.75128582 0.77060477 0.75086871 0.76979014 0.75421498 0.76774943 0.75547079 0.76284870 0.75421937 0.75876719 0.75673142 0.75059915 0.75464568 0.74855845 0.75590150 0.74039083 0.75381586 0.73834971 0.75507157 0.73344939 0.75382025 0.73140869 0.75507607 0.72977483 0.75465885 0.72936747 0.75633220 0.72732676 0.75758801 0.71915915 0.75550238 0.72038533 0.75759240 0.71957070 0.76093867 0.72079688 0.76302869 0.71998235 0.76637453 0.72120842 0.76846498 0.71998653 0.77348417 0.72121313 0.77557430 0.72039860 0.77892014 0.72162478 0.78101016 0.72081015 0.78435643 0.72203633 0.78644645 0.72081444 0.79146563 0.72204103 0.79355577 0.72122640 0.79690203 0.72245258 0.79899205 0.72163795 0.80233832 0.73143901 0.80484106 0.73184638 0.80316771 0.73388750 0.80191201 0.74205511 0.80399764 0.74246238 0.80232472 0.74450318 0.80106848 0.75267080 0.80315412 0.75307806 0.80148120 0.75511876 0.80022538 0.76328680 0.80231113 0.76369406 0.80063821 0.76573477 0.79938239 0.77390238 0.80146803 0.77430975 0.79979468 0.77635087 0.79853897 0.78288463 0.80020740 0.78492575 0.79895169 0.79309336 0.80103732 0.79350073 0.79936397 0.79554143 0.79810816 0.79717487 0.79852527 0.79921599 0.79726956 0.80248287 0.79810377 0.80370476 0.79308459 0.80247859 0.79099456 0.80329322 0.78764830 0.80206704 0.78555827 0.80328883 0.78053952 0.80206233 0.77844896 0.80287686 0.77510312 0.80165079 0.77301267 0.80287257 0.76799391 0.80164639 0.76590389 0.80246102 0.76255762 0.80123485 0.76046760 0.80245674 0.75544841 0.80449744 0.75419260 0.80572362 0.75628262 0.80490909 0.75962846 0.80613516 0.76171892 0.80532064 0.76506475 0.80654713 0.76715531 0.80573261 0.77050115 0.80695878 0.77259117 0.80614416 0.77593744 0.80737033 0.77802746 0.80655570 0.78137373 0.80778230 0.78346386 0.80696778 0.78680970 0.80819395 0.78889972 0.80737932 0.79224599 0.80860550 0.79433601 0.80819814 0.79600936 0.81799961 0.79851221 0.81840698 0.79683886 0.82044768 0.79558304 0.82861530 0.79766868 0.82902256 0.79599576 0.83106336 0.79473952 0.83759754 0.79640805 0.83800480 0.79473513 0.84004551 0.79347931 0.85638116 0.79765069 0.86046298 0.79513917 0.86863060 0.79722480 0.86903796 0.79555146 0.87107867 0.79429565 0.87924629 0.79638128 0.87965355 0.79470836 0.88169435 0.79345212 0.88986239 0.79553786 0.88863621 0.79344784 0.88985800 0.78842908 0.88863151 0.78633852 0.88944603 0.78299268 0.88821996 0.78090223 0.88903448 0.77755639 0.88780830 0.77546637 0.88862293 0.77212010 0.88739634 0.77002997 0.88821097 0.76668371 0.88698479 0.76459368 0.88820658 0.75957493 0.88698050 0.75748447 0.88779503 0.75413864 0.88656895 0.75204818 0.88697622 0.75037527 0.87717474 0.74787242 0.87636011 0.75121868 0.87431941 0.75247450 0.86288450 0.74955455 0.86165832 0.74746452 0.85675758 0.74621310 0.85594305 0.74955894
0 0.68115371 0.70492577 0.67911290 0.70618201 0.64317513 0.69700515 0.64276787 0.69867807 0.64072675 0.69993378 0.63255913 0.69784814 0.63133724 0.70286733 0.63256384 0.70495746 0.63174921 0.70830372 0.63297539 0.71039375 0.63175360 0.71541251 0.63297967 0.71750296 0.63216515 0.72084879 0.63339122 0.72293925 0.63257670 0.72628509 0.63380287 0.72837511 0.63258098 0.73339429 0.63380758 0.73548443 0.63299295 0.73883069 0.63421913 0.74092071 0.63340460 0.74426655 0.63463068 0.74635700 0.65259977 0.75094549 0.65341440 0.74759922 0.65545510 0.74634341 0.66362314 0.74842915 0.66566384 0.74717333 0.67219802 0.74884186 0.67627952 0.74632981 0.68444714 0.74841544 0.68485440 0.74674252 0.68689552 0.74548682 0.69506314 0.74757245 0.69547051 0.74589910 0.69751121 0.74464329 0.70404539 0.74631182 0.70445265 0.74463890 0.70649377 0.74338320 0.71466139 0.74546883 0.71588328 0.74044964 0.71465668 0.73835951 0.71547131 0.73501325 0.71424513 0.73292322 0.71505966 0.72957739 0.71383359 0.72748693 0.71505548 0.72246775 0.71382930 0.72037773 0.71464382 0.71703189 0.71341764 0.71494187 0.71463954 0.70992268 0.71341305 0.70783212 0.71422757 0.70448628 0.69299160 0.69906359 0.69258434 0.70073651 0.69054363 0.70199232 0.68400946 0.70032379 0.68360209 0.70199714 0.68156097 0.70325285 0.68115371 0.70492577
0 0.60151312 0.67570419 0.59334541 0.67361853 0.59293815 0.67529145 0.59089732 0.67654723 0.58763024 0.67571297 0.58315004 0.69411636 0.58519085 0.69286057 0.58845795 0.69369484 0.59049874 0.69243905 0.59376583 0.69327332 0.59580676 0.69201711 0.59907381 0.69285136 0.60111463 0.69159558 0.60438172 0.69242984 0.60642251 0.69117405 0.61132316 0.69242545 0.61336395 0.69116966 0.61663108 0.69200394 0.61867186 0.69074814 0.62030539 0.69116527 0.62071276 0.68949192 0.62275358 0.68823614 0.62397547 0.68321696 0.62601630 0.68196118 0.62479000 0.67987112 0.62641915 0.67317902 0.61825141 0.67109335 0.61621062 0.67234914 0.61580336 0.67402206 0.61376247 0.67527828 0.60396116 0.67277548 0.60355390 0.67444840 0.60151312 0.67570419
0 0.94209629 0.74490343 0.94332247 0.74699345 0.94291520 0.74866637 0.94087450 0.74992218 0.90166944 0.73991101 0.90126218 0.74158393 0.89922095 0.74284006 0.89105333 0.74075443 0.89023881 0.74410027 0.89146488 0.74619072 0.89065036 0.74953656 0.89187654 0.75162658 0.89065464 0.75664577 0.89188124 0.75873590 0.89106661 0.76208216 0.89229279 0.76417219 0.89147826 0.76751803 0.89270434 0.76960848 0.89188981 0.77295431 0.89311630 0.77504487 0.89230178 0.77839071 0.89352796 0.78048073 0.89230607 0.78549992 0.89353224 0.78758994 0.89271761 0.79093621 0.89394379 0.79302623 0.90211183 0.79511197 0.90251909 0.79343905 0.90455979 0.79218324 0.91272741 0.79426888 0.91680934 0.79175693 0.92334310 0.79342535 0.92375036 0.79175243 0.92579158 0.79049630 0.93395920 0.79258193 0.93436646 0.79090901 0.93640716 0.78965320 0.94294134 0.79132173 0.94334860 0.78964881 0.94538972 0.78839310 0.95519078 0.79089584 0.95559815 0.78922250 0.95763885 0.78796668 0.96580647 0.79005232 0.96621373 0.78837940 0.96825495 0.78712326 0.98295675 0.79087743 0.98336401 0.78920451 0.98540471 0.78794870 0.99520619 0.79045154 0.99561345 0.78877862 0.99438685 0.78668849 0.99560874 0.78166931 0.99438267 0.77957885 0.99519720 0.77623302 0.99397102 0.77414299 0.99478565 0.77079673 0.99355947 0.76870670 0.99478136 0.76368752 0.99355518 0.76159749 0.99396245 0.75992458 0.98416097 0.75742173 0.98293479 0.75533171 0.98456405 0.74863917 0.98333787 0.74654915 0.95230043 0.73862361 0.95189316 0.74029653 0.94985194 0.74155266 0.94168432 0.73946703 0.94127706 0.74113995 0.94250366 0.74323008 0.94209629 0.74490343
0 0.88897750 0.68513636 0.88816288 0.68848263 0.88938905 0.69057265 0.88816727 0.69559141 0.88939334 0.69768186 0.88857882 0.70102770 0.88980489 0.70311815 0.88899036 0.70646399 0.89021696 0.70855412 0.88940233 0.71190038 0.89062851 0.71399041 0.88981388 0.71733667 0.89104006 0.71942670 0.88900364 0.72779172 0.89023024 0.72988185 0.88982287 0.73155520 0.89962393 0.73405794 0.90166473 0.73280170 0.90329859 0.73321891 0.90533929 0.73196310 0.91023961 0.73321441 0.91064688 0.73154149 0.91268810 0.73028536 0.92085572 0.73237099 0.91962954 0.73028097 0.92085133 0.72526221 0.91962525 0.72317176 0.92166595 0.72191595 0.96087102 0.73192712 0.96127828 0.73025420 0.96331909 0.72899796 0.97148671 0.73108359 0.97270849 0.72606484 0.96127399 0.72314499 0.96004740 0.72105486 0.96208392 0.71268941 0.95064942 0.70976956 0.94942283 0.70767943 0.95064472 0.70266025 0.94084366 0.70015751 0.93961748 0.69806748 0.94002475 0.69639457 0.92858983 0.69347462 0.92736376 0.69138416 0.92858554 0.68636541 0.92041751 0.68427967 0.91919133 0.68218964 0.89958880 0.67718405 0.89713613 0.67300347 0.88733507 0.67050073 0.88692781 0.67217365 0.88815389 0.67426410 0.88733936 0.67760994 0.88856596 0.67970007 0.88775133 0.68304634 0.88897750 0.68513636
0 0.82526489 0.66175897 0.82322418 0.66301479 0.82159033 0.66259757 0.81954962 0.66385339 0.81301545 0.66218486 0.81097464 0.66344110 0.80770734 0.66260678 0.80566664 0.66386259 0.80239934 0.66302828 0.80035864 0.66428409 0.79709176 0.66344988 0.79505095 0.66470612 0.79015022 0.66345470 0.78974295 0.66512762 0.78770183 0.66638332 0.77953421 0.66429769 0.77912695 0.66597061 0.77708625 0.66722642 0.76891863 0.66514079 0.76687783 0.66639703 0.75707635 0.66389418 0.75422541 0.67560504 0.75218461 0.67686128 0.71134610 0.66643300 0.70930498 0.66768871 0.70889772 0.66936163 0.70685691 0.67061787 0.69868930 0.66853224 0.69828203 0.67020515 0.69624133 0.67146097 0.68643986 0.66895812 0.68603259 0.67063104 0.68399189 0.67188685 0.67582386 0.66980111 0.67541649 0.67147446 0.67337579 0.67273027 0.66357473 0.67022753 0.66316747 0.67190045 0.66112624 0.67315659 0.65295863 0.67107095 0.65255136 0.67274387 0.65051066 0.67399969 0.64070961 0.67149694 0.63622941 0.68990033 0.64276317 0.69156876 0.64480439 0.69031262 0.64807127 0.69114683 0.65011239 0.68989113 0.65337927 0.69072534 0.65541997 0.68946952 0.65868727 0.69030384 0.66072797 0.68904803 0.66399527 0.68988235 0.66603597 0.68862653 0.67093629 0.68987785 0.67297752 0.68862171 0.67624440 0.68945593 0.67828552 0.68820022 0.68155240 0.68903443 0.68359310 0.68777862 0.68686040 0.68861294 0.68890120 0.68735669 0.69216850 0.68819101 0.69420920 0.68693520 0.69910952 0.68818651 0.70115064 0.68693081 0.70441752 0.68776502 0.70645864 0.68650931 0.70972552 0.68734352 0.71176622 0.68608771 0.71503352 0.68692203 0.71707433 0.68566579 0.72034163 0.68650011 0.72238233 0.68524429 0.72728265 0.68649561 0.72932377 0.68523990 0.73422451 0.68649132 0.73626531 0.68523508 0.73789875 0.68565219 0.73993945 0.68439637 0.74484019 0.68564780 0.74688089 0.68439198 0.75341507 0.68606051 0.75545577 0.68480470 0.75708963 0.68522191 0.75913033 0.68396610 0.76239763 0.68480042 0.76443844 0.68354418 0.76770532 0.68437839 0.76974602 0.68312257 0.77464676 0.68437400 0.77668788 0.68311829 0.78158820 0.68436961 0.78362900 0.68311337 0.78689630 0.68394768 0.78893700 0.68269187 0.79220430 0.68352619 0.79424500 0.68227037 0.79914574 0.68352180 0.80118644 0.68226598 0.80445374 0.68310030 0.80649444 0.68184449 0.80976132 0.68267870 0.81180213 0.68142246 0.81506942 0.68225678 0.81711013 0.68100096 0.82037742 0.68183528 0.82241813 0.68057947 0.82731886 0.68183089 0.82935967 0.68057465 0.83262697 0.68140897 0.83466767 0.68015315 0.83793455 0.68098737 0.83997525 0.67973155 0.84324255 0.68056587 0.84528325 0.67931005 0.85018399 0.68056148 0.85222469 0.67930567 0.85549199 0.68013998 0.85753280 0.67888374 0.86080009 0.67971806 0.86284080 0.67846225 0.86610767 0.67929646 0.86814838 0.67804064 0.87304911 0.67929207 0.87509034 0.67803593 0.87753402 0.66799799 0.85793107 0.66299230 0.85384956 0.66550435 0.83751432 0.66133309 0.83547320 0.66258879 0.83220632 0.66175458 0.83016520 0.66301029 0.82526489 0.66175897
0 0.83461025 0.58773310 0.83420296 0.58940615 0.83216223 0.59066209 0.82236117 0.58815935 0.82195389 0.58983236 0.81991274 0.59108815 0.80521095 0.58733398 0.80480366 0.58900703 0.80276292 0.59026297 0.79296145 0.58776013 0.79255417 0.58943313 0.79051344 0.59068903 0.78234583 0.58860339 0.78193853 0.59027644 0.77989780 0.59153238 0.77009632 0.58902954 0.76968904 0.59070254 0.76764832 0.59195844 0.75948070 0.58987281 0.75907346 0.59154564 0.75703265 0.59280188 0.74723118 0.59029904 0.74682392 0.59197195 0.74478321 0.59322777 0.73661518 0.59114203 0.73620781 0.59281537 0.73416711 0.59407119 0.71946531 0.59031702 0.71865079 0.59366286 0.71661009 0.59491867 0.71170935 0.59366725 0.70966854 0.59492349 0.70150093 0.59283786 0.70109366 0.59451078 0.69905254 0.59576648 0.68435075 0.59201232 0.68394338 0.59368567 0.67986156 0.59619719 0.67169394 0.59411155 0.66965324 0.59536737 0.66148562 0.59328173 0.65944492 0.59453754 0.65903756 0.59621089 0.65699643 0.59746660 0.65046234 0.59579809 0.65005508 0.59747101 0.64801419 0.59872723 0.63657936 0.59580730 0.63617210 0.59748022 0.63413131 0.59873601 0.62596361 0.59665035 0.62555635 0.59832327 0.62351552 0.59957905 0.61534778 0.59749339 0.61494041 0.59916673 0.61289962 0.60042253 0.60636545 0.59875400 0.60147799 0.61883031 0.60311153 0.61924744 0.60515234 0.61799165 0.60841943 0.61882592 0.61046021 0.61757012 0.61699439 0.61923865 0.61903532 0.61798245 0.62066889 0.61839958 0.62107615 0.61672666 0.62311693 0.61547087 0.62638402 0.61630514 0.62761033 0.61839519 0.63087737 0.61922945 0.63169200 0.61588318 0.63373283 0.61462740 0.64026701 0.61629593 0.64149331 0.61838598 0.64312683 0.61880311 0.64394136 0.61545727 0.64598214 0.61420148 0.65088280 0.61545288 0.65292350 0.61419707 0.65619080 0.61503139 0.65823160 0.61377514 0.66149848 0.61460936 0.66353960 0.61335365 0.66680648 0.61418786 0.66884760 0.61293216 0.67211448 0.61376637 0.67415529 0.61251013 0.67905603 0.61376155 0.68109673 0.61250573 0.68436403 0.61334005 0.68640473 0.61208424 0.68967161 0.61291845 0.69171273 0.61166274 0.69497961 0.61249696 0.69906154 0.60998501 0.71376333 0.61373917 0.71784473 0.61122754 0.71947859 0.61164476 0.71988596 0.60997141 0.72192666 0.60871560 0.73009428 0.61080123 0.73213069 0.60243621 0.73417139 0.60118039 0.74887361 0.60493466 0.75091441 0.60367842 0.76725007 0.60784980 0.76929077 0.60659398 0.77745839 0.60867962 0.77786565 0.60700670 0.77990635 0.60575089 0.78154021 0.60616810 0.78358091 0.60491229 0.79991614 0.60908355 0.80195695 0.60782731 0.81012499 0.60991305 0.81420639 0.60740143 0.82237443 0.60948717 0.82318903 0.60614099 0.82522976 0.60488509 0.83503081 0.60738783 0.83543810 0.60571482 0.83747925 0.60445899 0.84728031 0.60696173 0.84768760 0.60528868 0.84972832 0.60403278 0.85789594 0.60611842 0.85993708 0.60486262 0.86973814 0.60736537 0.87258916 0.59565416 0.87136300 0.59356405 0.87217759 0.59021796 0.85584236 0.58604669 0.85543506 0.58771974 0.85339391 0.58897557 0.84522629 0.58688994 0.84481901 0.58856294 0.84277829 0.58981884 0.83461025 0.58773310
