0 0.00000000 0.63750000 0.16314526 0.63750000 0.16323327 0.63738321 0.16279838 0.63428882 0.17343696 0.62017001 0.17300207 0.61707562 0.18630026 0.59942833 0.18586537 0.59633394 0.19650406 0.58221593 0.19606917 0.57912154 0.20670775 0.56500273 0.20627286 0.56190834 0.21957105 0.54426105 0.21913616 0.54116666 0.22977485 0.52704864 0.22933996 0.52395425 0.24263804 0.50630617 0.24220315 0.50321178 0.25284263 0.48909365 0.25240774 0.48599926 0.26304563 0.47188136 0.26261075 0.46878697 0.27590962 0.45113877 0.27547473 0.44804438 0.28611342 0.43392637 0.11281650 0.45828166 0.11499105 0.47375440 0.11233076 0.47728379 0.04425023 0.48685189 0.04599000 0.49923103 0.04333050 0.50276031 0.00000000 0.50885002 0.00000000 0.63750000
0 0.41875000 0.18176248 0.39937461 0.18448552 0.39584533 0.18182602 0.27515621 0.19878777 0.27733087 0.21426130 0.27467137 0.21779057 0.25300906 0.22083502 0.25034956 0.22436429 0.20702573 0.23045306 0.20876539 0.24283141 0.20610510 0.24636080 0.14730852 0.25462412 0.14377925 0.25196462 0.14160469 0.23649188 0.10137446 0.24214587 0.09784518 0.23948637 0.09567052 0.22401283 0.00000000 0.23745845 0.00000000 0.44889130 0.30739079 0.40569034 0.31270968 0.39863099 0.31227479 0.39553660 0.32557298 0.37788931 0.32513809 0.37479492 0.33577757 0.36067680 0.33534268 0.35758241 0.34864076 0.33993432 0.34820587 0.33683993 0.36150406 0.31919264 0.36106906 0.31609746 0.37170786 0.30198023 0.37127286 0.29888505 0.38457105 0.28123776 0.38413616 0.27814337 0.39743503 0.26049518 0.39700014 0.25740078 0.41029833 0.23975349 0.40986344 0.23665910 0.41875000 0.22486624 0.41875000 0.18176248
0 0.41875000 0.00000000 0.02800656 0.00000000 0.00000000 0.00393607 0.00000000 0.13963120 0.04195866 0.13373430 0.04548804 0.13639459 0.04809748 0.15496172 0.04277780 0.16202118 0.03349463 0.16332584 0.03566918 0.17879858 0.03300968 0.18232786 0.02372572 0.18363264 0.02106543 0.18716203 0.02280520 0.19954117 0.02014570 0.20307045 0.00776735 0.20481011 0.00863712 0.21099889 0.41875000 0.15336128 0.41875000 0.00000000
0 0.46891735 0.63750000 0.47774173 0.62578964 0.47730684 0.62269525 0.49060516 0.60504713 0.49017027 0.60195274 0.49282993 0.59842344 0.43093818 0.60712176 0.43520756 0.63750000 0.46891735 0.63750000
0 1.00000000 0.63750000 1.00000000 0.54607920 0.96581670 0.55088335 0.96799126 0.56635609 0.96533187 0.56988616 0.91272328 0.57727982 0.90919389 0.57461952 0.90658445 0.55605239 0.86635501 0.56170627 0.86282573 0.55904677 0.86065118 0.54357403 0.69044866 0.56749443 0.68246936 0.57808238 0.68290425 0.58117677 0.67226567 0.59529557 0.67270056 0.59838997 0.66206188 0.61250798 0.66249676 0.61560237 0.64919857 0.63324966 0.64963346 0.63634405 0.64876245 0.63750000 1.00000000 0.63750000
0 0.41875000 0.52039838 0.42745885 0.58236506 0.51720169 0.56975253 0.51986199 0.56622314 0.51942699 0.56312796 0.53006488 0.54901005 0.52963000 0.54591566 0.54292898 0.52826826 0.54249398 0.52517308 0.55579217 0.50752578 0.55535728 0.50443139 0.56599597 0.49031338 0.56556108 0.48721899 0.57885915 0.46957091 0.57842427 0.46647652 0.58906295 0.45235850 0.58862807 0.44926411 0.60192705 0.43161671 0.60149216 0.42852232 0.61479023 0.41087423 0.61435535 0.40777984 0.62765354 0.39013255 0.62721854 0.38703737 0.64051673 0.36939008 0.64008184 0.36629569 0.65338003 0.34864840 0.65294514 0.34555401 0.65560532 0.34202383 0.48230841 0.36637912 0.48448296 0.38185186 0.48182278 0.38538204 0.41875000 0.39424634 0.41875000 0.52039838
0 1.00000000 0.29046680 0.89345349 0.30544093 0.88992421 0.30278143 0.85588355 0.30756554 0.84524486 0.32168355 0.84567975 0.32477794 0.83238156 0.34242523 0.83281656 0.34552042 0.81951837 0.36316771 0.81995326 0.36626210 0.80133539 0.39096885 0.80177027 0.39406324 0.78847129 0.41171064 0.78890618 0.41480503 0.77560810 0.43245312 0.77604299 0.43554751 0.76274480 0.45319480 0.76317980 0.45628998 0.74988162 0.47393727 0.75031650 0.47703166 0.74765621 0.48056105 0.79098083 0.47447217 0.79451022 0.47713247 0.79755455 0.49879399 0.79489516 0.50232406 0.78561120 0.50362883 0.78648098 0.50981761 0.78382147 0.51334689 0.78469136 0.51953646 0.78203186 0.52306574 0.71395053 0.53263394 0.70863164 0.53969329 0.71172603 0.53925841 0.71525531 0.54191791 1.00000000 0.50189965 1.00000000 0.29046680
0 0.41875000 0.35322230 0.63399307 0.32297186 0.63665325 0.31944167 0.67997708 0.31335291 0.68529688 0.30629424 0.68486188 0.30319906 0.69549989 0.28908195 0.69506489 0.28598677 0.70836387 0.26833936 0.70792898 0.26524497 0.71856767 0.25112696 0.71813267 0.24803178 0.72877147 0.23391455 0.72833647 0.23081937 0.74163466 0.21317208 0.74119977 0.21007769 0.75183845 0.19595967 0.75140345 0.19286449 0.76204225 0.17874727 0.76160725 0.17565209 0.77490544 0.15800480 0.77447055 0.15491041 0.78510924 0.14079239 0.78467424 0.13769721 0.79531304 0.12357999 0.79487804 0.12048481 0.80551673 0.10636679 0.80508184 0.10327240 0.81838003 0.08562511 0.64508312 0.10998040 0.64725767 0.12545314 0.64459817 0.12898242 0.57342245 0.13898552 0.57516212 0.15136387 0.57250272 0.15489393 0.51680054 0.16272237 0.51327115 0.16006207 0.51153149 0.14768372 0.49296357 0.15029328 0.48943429 0.14763377 0.47086637 0.15024332 0.46733709 0.14758382 0.46559743 0.13520547 0.41875000 0.14178945 0.41875000 0.35322230
0 1.00000000 0.07592653 0.99472127 0.08293134 0.99515627 0.08602652 0.98185808 0.10367381 0.98229297 0.10676820 0.96899489 0.12441628 0.96942978 0.12751067 0.95613159 0.14515797 0.95656648 0.14825236 0.94326829 0.16589965 0.94370329 0.16899483 0.93040431 0.18664223 0.93083920 0.18973662 0.91754112 0.20738471 0.91797601 0.21047910 0.90467782 0.22812639 0.95419122 0.22116774 0.95772050 0.22382724 0.95859039 0.23001681 0.95593088 0.23354609 0.95723566 0.24283005 0.95457616 0.24635933 0.94838659 0.24722921 0.94572708 0.25075849 0.93953752 0.25162838 0.94127718 0.26400673 0.93861768 0.26753601 0.92933372 0.26884078 0.93063849 0.27812474 1.00000000 0.26837662 1.00000000 0.07592653
0 0.64174108 0.00000000 0.41875000 0.03133935 0.41875000 0.11654376 0.67873963 0.08000460 0.68226891 0.08266410 0.83699790 0.06091836 0.85029686 0.04327080 0.84986194 0.04017617 0.86049983 0.02605827 0.86006491 0.02296364 0.87336387 0.00531607 0.87292896 0.00222153 0.87460300 0.00000000 0.64174108 0.00000000
0 0.00000000 0.87087105 0.02675806 0.86979955 0.02386578 0.89713687 0.07807284 0.89961684 0.08963354 0.79027504 0.00000000 0.77886392 0.00000000 0.87087105
0 0.27907048 0.82087708 0.09670145 0.79264886 0.08513722 0.90198799 0.27034413 0.92645024 0.27907048 0.82087708
0 0.41875000 0.99110732 0.48316194 0.98205481 0.48142228 0.96967646 0.48408178 0.96614718 0.48364678 0.96305200 0.48630628 0.95952272 0.48940067 0.95908783 0.48853078 0.95289826 0.48500150 0.95023876 0.48456662 0.94714437 0.48722612 0.94361509 0.48635623 0.93742552 0.48016745 0.93829529 0.47663817 0.93563579 0.47620328 0.93254140 0.47886267 0.92901133 0.48505145 0.92814156 0.48461657 0.92504717 0.47842778 0.92591694 0.47136844 0.92059805 0.46788911 0.89584135 0.46435983 0.89318185 0.46262006 0.88080271 0.45952567 0.88123759 0.45599560 0.87857820 0.45556071 0.87548382 0.41875000 0.88065722 0.41875000 0.88300487 0.41886134 0.88379708 0.41875000 0.88394479 0.41875000 0.99110732
