0 0.25293948 0.00000000 0.33195463 0.02207183 0.33319666 0.01439271 0.28167208 0.00000000 0.25293948 0.00000000
0 0.71702518 0.36779415 0.71251825 0.41941736 0.74016938 0.42833811 0.75380910 0.32637278 0.76551571 0.32562266 0.76817345 0.28880810 0.73426623 0.25868586 0.71549982 0.25709559 0.70495788 0.36785011 0.71702518 0.36779415
0 0.82547953 0.34405096 0.83688051 0.34286468 0.83674285 0.35989916 0.84681312 0.35914296 0.85534306 0.26918538 0.84327517 0.26854804 0.84063070 0.28028242 0.82991648 0.27860265 0.82547953 0.34405096
0 0.00000000 0.91257247 0.03360147 0.91696021 0.06911692 0.86320511 0.00000000 0.85558091 0.00000000 0.91257247
0 0.06234059 0.91833228 0.12640644 0.92734152 0.16069907 0.87354132 0.08758534 0.86546342 0.06234059 0.91833228
0 0.14463577 0.93068362 0.21234085 0.93833746 0.24661397 0.88412286 0.17275732 0.87706921 0.14463577 0.93068362
0 0.23265760 0.94003843 0.29901088 0.94721314 0.33121226 0.89653327 0.25895289 0.88759171 0.23265760 0.94003843
0 0.32248497 0.94881438 0.39198845 0.95814194 0.42345512 0.90606213 0.35346121 0.89796336 0.32248497 0.94881438
0 0.42033632 0.93835371 0.44668280 0.94060067 0.46199019 0.91070368 0.43700105 0.90797400 0.42033632 0.93835371
0 0.00800056 0.83324186 0.08047701 0.84215656 0.10549435 0.78907584 0.03107310 0.78046162 0.00800056 0.83324186
0 0.09602047 0.84259646 0.16442745 0.85010226 0.18412835 0.79800100 0.11554238 0.79213749 0.09602047 0.84259646
0 0.18828414 0.85383776 0.25651109 0.86094503 0.27472537 0.80995472 0.20319250 0.80141785 0.18828414 0.85383776
0 0.27350836 0.86214546 0.33926887 0.86962957 0.36212296 0.82087654 0.28980500 0.81319071 0.27350836 0.86214546
0 0.43318735 0.82680478 0.38469732 0.82372996 0.36620485 0.87416756 0.43174552 0.88179304 0.45169225 0.83629523 0.42759977 0.83356999 0.43318735 0.82680478
0 0.00000000 0.76537754 0.02271638 0.76814204 0.03673320 0.73961344 0.00000000 0.73381804 0.00000000 0.76537754
0 0.00000000 0.72711495 0.04065477 0.73140322 0.06074294 0.70293284 0.02157991 0.69365296 0.00000000 0.72258845 0.00000000 0.72711495
0 0.04266606 0.76914706 0.10612188 0.77630337 0.12343573 0.74957283 0.06284244 0.73814418 0.04266606 0.76914706
0 0.08031349 0.73543538 0.10544651 0.73856873 0.11889883 0.71024072 0.09517780 0.70705976 0.08031349 0.73543538
0 0.46498086 0.78820687 0.14180308 0.75146298 0.12726258 0.77957950 0.47025212 0.81934845 0.47617494 0.80860538 0.45200165 0.80677009 0.46498086 0.78820687
0 0.16849768 0.74698691 0.23083507 0.75591927 0.25357386 0.72715552 0.18484371 0.71935780 0.16849768 0.74698691
0 0.34039018 0.76689868 0.40923332 0.77388575 0.42386428 0.75179408 0.35602769 0.74236413 0.34039018 0.76689868
0 0.95815401 0.86312879 0.76689712 0.81983961 0.73264786 0.85813160 0.72846715 0.87266297 0.87248895 0.90494181 0.92216050 0.91022082 0.95815401 0.86312879
