0 0.56875000 0.69720453 0.47360308 0.70146732 0.47399077 0.71571089 0.47184812 0.71865878 0.56875000 0.71431737 0.56875000 0.69720453
0 0.39612470 0.71349494 0.39635731 0.72204094 0.46074663 0.71915616 0.45888577 0.65078963 0.32566620 0.65675815 0.32698430 0.70518427 0.35806858 0.70379162 0.36036687 0.70654055 0.36052195 0.71223812 0.39382641 0.71074601 0.39612470 0.71349494
0 0.21679282 0.65878402 0.21702541 0.66732929 0.24810970 0.66593665 0.25040741 0.66868560 0.25064002 0.67723160 0.28172488 0.67583893 0.28402261 0.67858862 0.28410014 0.68143704 0.29742181 0.68084020 0.29972010 0.68358913 0.31748271 0.68279332 0.31624214 0.63721564 0.31394386 0.63446671 0.31363372 0.62307229 0.18263489 0.62894132 0.18049223 0.63188921 0.18072485 0.64043521 0.18302256 0.64318416 0.18341023 0.65742701 0.21449452 0.65603437 0.21679282 0.65878402
0 0.56875000 0.67475160 0.56845697 0.67440102 0.56675120 0.61173207 0.53788710 0.61302524 0.53558936 0.61027556 0.53512416 0.59318429 0.46851409 0.59616857 0.47091769 0.68447552 0.47321541 0.68722447 0.56875000 0.68294431 0.56875000 0.67475160
0 0.42570746 0.57526977 0.39240299 0.57676188 0.39010471 0.57401295 0.38987210 0.56546695 0.32326259 0.56845120 0.32520098 0.63966616 0.46064074 0.63359816 0.45932264 0.58517205 0.42823835 0.58656469 0.42594007 0.58381576 0.42570746 0.57526977
0 0.31239315 0.57749460 0.31192792 0.56040260 0.28084364 0.56179525 0.27854593 0.55904629 0.27831331 0.55050029 0.21392399 0.55338508 0.21162571 0.55063615 0.21139310 0.54209015 0.18030882 0.54348279 0.18216967 0.61184932 0.24655899 0.60896454 0.24885672 0.61171422 0.31546679 0.60872995 0.31469143 0.58024353 0.31239315 0.57749460
0 0.10461318 0.62102855 0.10484578 0.62957382 0.13815081 0.62808168 0.14044855 0.63083136 0.14060361 0.63652821 0.14504454 0.63632924 0.14734228 0.63907893 0.17176544 0.63798472 0.16897415 0.53543419 0.16667643 0.53268524 0.10228711 0.53557002 0.09998939 0.53282106 0.09983433 0.52712422 0.10197697 0.52417560 0.08421436 0.52497140 0.08207172 0.52792003 0.07097023 0.52841740 0.06867193 0.52566774 0.06843932 0.51712174 0.03513457 0.51861386 0.03761570 0.60976924 0.06870027 0.60837658 0.07099801 0.61112626 0.07123062 0.61967226 0.10231547 0.61827959 0.10461318 0.62102855
0 0.01164145 0.55389209 0.00978060 0.48552556 0.00311959 0.48582398 0.00498044 0.55419052 0.01164145 0.55389209
0 0.36389766 0.50958908 0.36619594 0.51233801 0.36635102 0.51803558 0.39965549 0.51654347 0.40195377 0.51929240 0.40210883 0.52498924 0.46871834 0.52200499 0.46817560 0.50206530 0.46587787 0.49931562 0.46432718 0.44234424 0.38439543 0.44592536 0.38225278 0.44887325 0.33118513 0.45116119 0.33250323 0.49958730 0.33480095 0.50233625 0.33503356 0.51088225 0.36389766 0.50958908
0 0.25701185 0.50296948 0.28365634 0.50177575 0.28579899 0.49882786 0.28801917 0.49872839 0.29031689 0.50147734 0.29062703 0.51287176 0.30172909 0.51237437 0.30387174 0.50942647 0.32385454 0.50853120 0.32245889 0.45725594 0.32016117 0.45450699 0.32000611 0.44881014 0.18900672 0.45467920 0.18686406 0.45762709 0.18787202 0.49465878 0.25226134 0.49177400 0.25455906 0.49452295 0.25471414 0.50022053 0.25701185 0.50296948
0 0.56875000 0.44014304 0.56837249 0.42627373 0.55505025 0.42687060 0.55275254 0.42412164 0.55259748 0.41842480 0.53261468 0.41932007 0.53031697 0.41657112 0.52587603 0.41677008 0.52357830 0.41402040 0.52342324 0.40832355 0.49011820 0.40981569 0.49383990 0.54654875 0.56875000 0.54319261 0.56875000 0.44014304
0 0.46393949 0.42810066 0.46324167 0.40246340 0.46094396 0.39971444 0.43207929 0.40100764 0.42978157 0.39825869 0.42962649 0.39256112 0.39854221 0.39395376 0.39624393 0.39120483 0.39601131 0.38265883 0.36492703 0.38405148 0.36262932 0.38130252 0.36239670 0.37275652 0.32909167 0.37424866 0.33040977 0.42267477 0.33270750 0.42542446 0.33286256 0.43112130 0.43943822 0.42634648 0.44173651 0.42909540 0.46393949 0.42810066
0 0.18668064 0.36922067 0.18861903 0.44043563 0.32183860 0.43446710 0.31997775 0.36610057 0.31109645 0.36649847 0.30879873 0.36374951 0.18668064 0.36922067
0 0.07822271 0.46819825 0.10708738 0.46690505 0.10938509 0.46965401 0.10961770 0.47820001 0.14292274 0.47670787 0.14522047 0.47945755 0.14537554 0.48515440 0.14767325 0.48790335 0.15433437 0.48760492 0.15647703 0.48465703 0.17868057 0.48366226 0.17565668 0.37256647 0.14457183 0.37395913 0.14227412 0.37121018 0.04013911 0.37578605 0.04207749 0.44700101 0.06650094 0.44590678 0.06879922 0.44865571 0.07545977 0.44835730 0.07775751 0.45110699 0.07822271 0.46819825
0 0.00000000 0.37121215 0.00265437 0.46873199 0.00931538 0.46843356 0.00629149 0.35733777 0.00000000 0.35761964 0.00000000 0.37121215
0 0.21913278 0.33639369 0.21683450 0.33364476 0.21660189 0.32509876 0.18329742 0.32659088 0.18391770 0.34937972 0.18621542 0.35212868 0.18629297 0.35497783 0.25068229 0.35209305 0.25021707 0.33500105 0.21913278 0.33639369
0 0.14302112 0.31698703 0.14072341 0.31423807 0.14056833 0.30854050 0.10948347 0.30993317 0.10718576 0.30718421 0.10695317 0.29863894 0.07364813 0.30013108 0.07135040 0.29738140 0.07119533 0.29168455 0.06889760 0.28893487 0.03781303 0.29032753 0.03975143 0.36154321 0.17519148 0.35547520 0.17495887 0.34692920 0.17266115 0.34418025 0.17188579 0.31569383 0.14302112 0.31698703
0 0.00000000 0.34335942 0.00368346 0.34319440 0.00582628 0.34024650 0.00567120 0.33454892 0.00337332 0.33179997 0.00174508 0.27197944 0.00000000 0.27205763 0.00000000 0.34335942
0 0.52853365 0.35105301 0.54629626 0.35025721 0.54859397 0.35300616 0.54874903 0.35870300 0.56651164 0.35790720 0.56015374 0.12432192 0.51352646 0.12641093 0.51122875 0.12366197 0.51107367 0.11796439 0.50877595 0.11521544 0.48435222 0.11630968 0.49039998 0.33850054 0.51704390 0.33730683 0.51934163 0.34005652 0.51957424 0.34860251 0.52623536 0.34830408 0.52853365 0.35105301
0 0.00000000 0.19790320 0.01749175 0.19711953 0.01555337 0.12590458 0.00000000 0.12660141 0.00000000 0.19790320
0 0.37155981 0.30104420 0.37179242 0.30959020 0.39843634 0.30839649 0.40073405 0.31114545 0.40088911 0.31684229 0.42975321 0.31554912 0.43205150 0.31829805 0.43220658 0.32399562 0.45663031 0.32290138 0.45892802 0.32565034 0.46114821 0.32555087 0.46329086 0.32260298 0.45747570 0.10895738 0.33757836 0.11432905 0.33528008 0.11158012 0.33520255 0.10873170 0.33290483 0.10598274 0.33282728 0.10313359 0.30396318 0.10442677 0.30900300 0.28958667 0.33564692 0.28839296 0.33794463 0.29114192 0.33817722 0.29968719 0.36926208 0.29829451 0.37155981 0.30104420
0 0.27079237 0.27418575 0.27094743 0.27988259 0.27324517 0.28263228 0.30210927 0.28133910 0.29838756 0.14460604 0.29608983 0.14185636 0.29508187 0.10482467 0.24179404 0.10721208 0.23965141 0.11016070 0.23743123 0.11026017 0.23513292 0.10751051 0.23497786 0.10181367 0.23268013 0.09906398 0.17495136 0.10165036 0.17859553 0.23553500 0.23854449 0.23284915 0.24084277 0.23559808 0.24185074 0.27263050 0.26849409 0.27143682 0.27079237 0.27418575
0 0.11152083 0.22142798 0.11167589 0.22712483 0.12499756 0.22652799 0.12729586 0.22927765 0.13839735 0.22878027 0.14069507 0.23152923 0.14085013 0.23722608 0.17193498 0.23583340 0.16852342 0.11049477 0.13743857 0.11188743 0.13514085 0.10913848 0.13444304 0.08350121 0.04562998 0.08748023 0.04904155 0.21281887 0.07568546 0.21162517 0.07798318 0.21437412 0.07813824 0.22007097 0.10922309 0.21867830 0.11152083 0.22142798
0 0.64390072 0.20981271 0.61393009 0.34761583 0.90204052 0.52770022 0.93304641 0.38705975 0.64390072 0.20981271
0 0.47344665 0.72968750 0.45543677 0.74028987 0.52798854 0.77244488 0.56070332 0.75296851 0.56057095 0.75116696 0.51377871 0.72968750 0.47344665 0.72968750
