0 0.26397148 0.57964602 0.26653478 0.57935682 0.26477086 0.56134212 0.26664807 0.55885376 0.26576606 0.54984583 0.26157069 0.55031915 0.25925253 0.54830412 0.24246997 0.55019754 0.24015181 0.54818251 0.22336925 0.55007594 0.22105055 0.54806096 0.20426800 0.54995439 0.20194983 0.54793935 0.18516728 0.54983278 0.18284906 0.54781717 0.16606650 0.54971059 0.16374781 0.54769562 0.14696525 0.54958904 0.14464709 0.54757401 0.14254940 0.54781067 0.14299035 0.55231406 0.14111320 0.55480299 0.14309759 0.57506940 0.14122038 0.57755775 0.14142486 0.57964602 0.26397148 0.57964602
0 0.15160875 0.51036116 0.15392691 0.51237619 0.15204970 0.51486455 0.14365789 0.51581132 0.14409890 0.52031528 0.14829480 0.51984190 0.15061297 0.52185693 0.15105392 0.52636032 0.16993469 0.52423017 0.17225291 0.52624578 0.19113316 0.52411570 0.19345132 0.52613073 0.20394082 0.52494730 0.20372034 0.52269560 0.20559749 0.52020667 0.20769518 0.51997000 0.21001340 0.52198561 0.21420931 0.52151223 0.21652747 0.52352726 0.21762990 0.53478631 0.23231477 0.53312955 0.23463293 0.53514458 0.25141549 0.53325116 0.25009258 0.51974042 0.25196979 0.51725206 0.24965157 0.51523645 0.25152878 0.51274809 0.26411597 0.51132800 0.26643413 0.51334303 0.26577270 0.50658794 0.26764991 0.50409959 0.26478350 0.47482525 0.26666125 0.47233684 0.26036766 0.47304688 0.25804896 0.47103191 0.25385359 0.47150524 0.25153543 0.46949021 0.25341258 0.46700127 0.25253062 0.45799392 0.24413934 0.45894063 0.24182118 0.45692560 0.22503863 0.45881902 0.22271993 0.45680405 0.20593737 0.45869747 0.20361921 0.45668244 0.18683665 0.45857586 0.18451843 0.45656025 0.16773588 0.45845368 0.16541772 0.45643865 0.14653748 0.45856873 0.14421878 0.45655376 0.14532121 0.46781281 0.14344400 0.47030116 0.14542840 0.49056757 0.14355124 0.49305650 0.14531516 0.51107121 0.15160875 0.51036116
0 0.29780096 0.44377962 0.29956488 0.46179433 0.29768719 0.46428333 0.29945111 0.48229804 0.29757390 0.48478639 0.29955829 0.50505279 0.29768108 0.50754115 0.29944500 0.52555586 0.29756725 0.52804428 0.29933117 0.54605898 0.29745402 0.54854792 0.29921794 0.56656263 0.30153610 0.56857766 0.30219758 0.57533332 0.39659987 0.56468277 0.39505642 0.54891976 0.39693363 0.54643140 0.39539019 0.53066839 0.39726740 0.52818003 0.39550348 0.51016532 0.39738069 0.50767697 0.39583725 0.49191395 0.39771500 0.48942553 0.39617155 0.47366252 0.39804877 0.47117416 0.39628485 0.45315946 0.39816200 0.45067052 0.39661862 0.43490809 0.39849631 0.43241909 0.39673239 0.41440438 0.39860960 0.41191603 0.39706616 0.39615301 0.39894336 0.39366466 0.39264977 0.39437471 0.39033161 0.39235967 0.37354905 0.39425309 0.37123084 0.39223749 0.35444828 0.39413091 0.35212958 0.39211594 0.33534702 0.39400936 0.33302886 0.39199433 0.31624631 0.39388775 0.31392815 0.39187272 0.29924327 0.39352948 0.29990470 0.40028456 0.29802755 0.40277350 0.29979146 0.42078820 0.29791426 0.42327656 0.29967817 0.44129127 0.29780096 0.44377962
0 0.15228234 0.43060002 0.15460104 0.43261499 0.17348128 0.43048490 0.17579944 0.43249993 0.19258200 0.43060651 0.19490075 0.43262206 0.21168331 0.43072864 0.21400147 0.43274367 0.23078403 0.43085025 0.23310219 0.43286528 0.24988474 0.43097186 0.25220296 0.43298746 0.26688783 0.43133071 0.26600582 0.42232278 0.26788303 0.41983442 0.26611911 0.40181971 0.26799632 0.39933135 0.26711436 0.39032400 0.25452771 0.39174404 0.25220955 0.38972900 0.23752468 0.39138576 0.23520646 0.38937015 0.21842391 0.39126358 0.21610521 0.38924861 0.20142087 0.39090531 0.19910217 0.38889033 0.18231962 0.39078376 0.18000146 0.38876872 0.16531659 0.39042548 0.16299842 0.38841045 0.14621587 0.39030387 0.14643634 0.39255557 0.14455913 0.39504392 0.14654353 0.41531033 0.14466632 0.41779868 0.14598928 0.43131001 0.15228234 0.43060002
0 0.54000000 0.29629413 0.52451675 0.13816535 0.52241907 0.13840201 0.52010037 0.13638704 0.50541604 0.13804374 0.50309734 0.13602877 0.48841300 0.13768547 0.48609430 0.13567050 0.46931175 0.13756392 0.46699359 0.13554889 0.45230871 0.13720565 0.44999050 0.13519004 0.43740385 0.13661007 0.43762438 0.13886235 0.43574663 0.14135076 0.43729008 0.15711378 0.43541287 0.15960213 0.43695631 0.17536515 0.43507910 0.17785351 0.43662254 0.19361652 0.43474479 0.19610494 0.43628823 0.21186795 0.43441103 0.21435631 0.43595447 0.23011932 0.43407726 0.23260768 0.43562070 0.24837069 0.43374349 0.25085905 0.43528693 0.26662206 0.43340972 0.26911042 0.43495317 0.28487343 0.43307542 0.28736185 0.43461886 0.30312486 0.43274165 0.30561322 0.43428509 0.32137623 0.43240788 0.32386459 0.43373079 0.33737533 0.43185310 0.33986433 0.43339649 0.35562677 0.43151934 0.35811570 0.43218076 0.36487078 0.43847436 0.36416073 0.44079252 0.36617576 0.44189501 0.37743539 0.44001780 0.37992375 0.44134076 0.39343507 0.43946355 0.39592342 0.44078646 0.40943417 0.43890877 0.41192316 0.43979068 0.42092994 0.46496505 0.41808974 0.46474457 0.41583805 0.46662178 0.41334969 0.47081716 0.41287637 0.47313532 0.41489140 0.48572250 0.41347130 0.48804066 0.41548633 0.49853016 0.41430290 0.50084838 0.41631851 0.51133734 0.41513513 0.51365551 0.41715017 0.52414447 0.41596679 0.52646317 0.41798176 0.53904982 0.41656173 0.54000000 0.41738788 0.54000000 0.29629413
0 0.12703984 0.15113532 0.12935800 0.15315035 0.13222435 0.18242411 0.13034720 0.18491304 0.12824897 0.18514976 0.12593076 0.18313416 0.11753948 0.18408087 0.11820096 0.19083653 0.11632381 0.19332546 0.11919016 0.22259922 0.12150832 0.22461425 0.12172880 0.22686594 0.12868387 0.23291155 0.12956583 0.24191891 0.13188399 0.24393394 0.13398168 0.24369728 0.13630043 0.24571283 0.13762334 0.25922357 0.13574560 0.26171198 0.13155022 0.26218531 0.12967307 0.26467424 0.13011402 0.26917763 0.12823681 0.27166599 0.12404090 0.27213937 0.12216370 0.27462773 0.12348666 0.28813905 0.12160892 0.29062747 0.12271141 0.30188709 0.12690732 0.30141371 0.12922548 0.30342874 0.12988690 0.31018382 0.13618049 0.30947377 0.13849871 0.31148938 0.13893967 0.31599277 0.14125788 0.31800838 0.14368323 0.34277817 0.14787913 0.34230478 0.15019729 0.34431982 0.16278448 0.34289972 0.16510270 0.34491533 0.17559166 0.34373195 0.17790982 0.34574699 0.19049701 0.34432689 0.19281517 0.34634192 0.20540236 0.34492182 0.20772057 0.34693743 0.22030776 0.34551734 0.22262592 0.34753237 0.23311488 0.34634899 0.23543305 0.34836403 0.24802023 0.34694393 0.25033839 0.34895896 0.26292504 0.34753892 0.26524374 0.34955390 0.27783039 0.34813386 0.28014861 0.35014947 0.29063811 0.34896603 0.29295627 0.35098106 0.30554346 0.34956097 0.30786162 0.35157600 0.32044827 0.35015596 0.32276702 0.35217151 0.32464417 0.34968258 0.32442370 0.34743088 0.32630091 0.34494253 0.32497794 0.33143121 0.32685515 0.32894285 0.32487076 0.30867645 0.32674791 0.30618751 0.32476352 0.28592111 0.32664126 0.28343269 0.32443640 0.26091460 0.32631355 0.25842566 0.32432916 0.23815926 0.32620636 0.23567090 0.32444245 0.21765620 0.32632014 0.21516720 0.32455622 0.19715249 0.32643343 0.19466414 0.32466951 0.17664943 0.32654672 0.17416107 0.32456233 0.15389467 0.32643954 0.15140631 0.32511657 0.13789499 0.31672529 0.13884171 0.31440713 0.13682667 0.29552689 0.13895676 0.29320819 0.13694179 0.28062154 0.13836182 0.27598463 0.13433124 0.27554362 0.12982728 0.27322546 0.12781225 0.26273649 0.12899562 0.26041833 0.12698059 0.24573346 0.12863735 0.24341530 0.12662232 0.23082811 0.12804241 0.22850995 0.12602738 0.21592330 0.12744742 0.21360455 0.12543187 0.20101790 0.12685191 0.19869974 0.12483688 0.18611255 0.12625697 0.18379439 0.12424194 0.17120720 0.12566204 0.16888899 0.12364643 0.15630180 0.12506653 0.15398364 0.12305149 0.14139699 0.12447153 0.13907829 0.12245656 0.12439396 0.12411326 0.12207526 0.12209829 0.11368452 0.12304494 0.11544844 0.14105964 0.11754612 0.14082298 0.11986428 0.14283801 0.12196197 0.14260135 0.12659883 0.14663135 0.12703984 0.15113532
0 0.44933566 0.08517649 0.45065857 0.09868724 0.44878088 0.10117623 0.45032427 0.11693867 0.46081323 0.11575529 0.46313198 0.11777084 0.47781632 0.11611414 0.48013502 0.11812911 0.49691757 0.11623569 0.49923573 0.11825072 0.51392061 0.11659396 0.51623877 0.11860900 0.52253236 0.11789895 0.51503574 0.04133673 0.51271758 0.03932170 0.49803270 0.04097846 0.49571449 0.03896285 0.48102961 0.04061961 0.47871145 0.03860457 0.46402658 0.04026133 0.46170842 0.03824630 0.45121892 0.03942974 0.45188040 0.04618540 0.45000319 0.04867375 0.45154664 0.06443677 0.44966943 0.06692512 0.45121287 0.08268814 0.44933566 0.08517649
0 0.64037572 0.39461342 0.64084528 0.39836648 0.65528105 0.40543983 0.65452436 0.42827379 0.66439864 0.43499099 0.66975974 0.43451764 0.68377695 0.41658409 0.74986770 0.31664444 0.74662367 0.31237744 0.72969518 0.30704199 0.72546373 0.30210327 0.70477335 0.29558217 0.69207361 0.30960487 0.66822232 0.35724509 0.64804441 0.37648150 0.64536117 0.39113761 0.64037572 0.39461342
0 0.41024188 0.90104937 0.43480779 0.90191084 0.43757024 0.89460560 0.42816489 0.78009529 0.42944696 0.73929941 0.42536790 0.71915892 0.41085011 0.71554797 0.38556603 0.71637673 0.38109320 0.72047315 0.38131052 0.73201867 0.39238538 0.80240985 0.39925826 0.89394355 0.41024188 0.90104937
0 0.63227274 1.00000000 0.60048480 0.89362412 0.54000000 0.92788100 0.54000000 0.98599389 0.54252385 0.98485289 0.54776627 1.00000000 0.63227274 1.00000000
0 0.72680896 0.90936973 0.70747631 0.86667947 0.67053281 0.88380029 0.68976623 0.92433190 0.72680896 0.90936973
0 0.77342021 0.87806736 0.75621993 0.83942450 0.71799942 0.85767532 0.73670871 0.90219508 0.77342021 0.87806736
0 0.70514833 0.84693963 0.68584421 0.80363126 0.65168157 0.82463571 0.66979109 0.86155647 0.70514833 0.84693963
0 0.75369119 0.81258606 0.73630662 0.77342608 0.70300902 0.79228412 0.71631015 0.83523976 0.75369119 0.81258606
