0 0.11671059 0.30848523 0.11905288 0.30983682 0.26280613 0.31592644 0.26460281 0.30598292 0.26739424 0.30484880 0.26829264 0.29987672 0.26315892 0.29965924 0.26081664 0.29830765 0.24028046 0.29743770 0.23793817 0.29608610 0.21740199 0.29521616 0.21505905 0.29386453 0.19452287 0.29299459 0.19218058 0.29164299 0.17164440 0.29077305 0.16930217 0.28942113 0.14876599 0.28855118 0.14642305 0.28719956 0.12588687 0.28632961 0.12354458 0.28497802 0.12097773 0.28486928 0.12052858 0.28735500 0.11773710 0.28848945 0.11571584 0.29967583 0.11292441 0.30080995 0.11157687 0.30826776 0.11671059 0.30848523
0 0.13997355 0.26563471 0.14231584 0.26698631 0.13952441 0.26812043 0.12925566 0.26768543 0.12880646 0.27017147 0.13394084 0.27038897 0.13628313 0.27174057 0.13583398 0.27422629 0.15893768 0.27520500 0.16127991 0.27655691 0.18438294 0.27753559 0.18672523 0.27888719 0.19956084 0.27943093 0.19978541 0.27818807 0.20257690 0.27705362 0.20514375 0.27716236 0.20748598 0.27851428 0.21262036 0.27873178 0.21496264 0.28008337 0.21383973 0.28629800 0.23180905 0.28705921 0.23415134 0.28841080 0.25468752 0.28928075 0.25603500 0.28182326 0.25882643 0.28068914 0.25648420 0.27933722 0.25927563 0.27820310 0.27467809 0.27885557 0.27702038 0.28020717 0.27769409 0.27647859 0.28048552 0.27534446 0.28340517 0.25918600 0.28619726 0.25805190 0.27849603 0.25772567 0.27615308 0.25637404 0.27101937 0.25615657 0.26867708 0.25480497 0.27146857 0.25367053 0.27236691 0.24869877 0.26209882 0.24826379 0.25975653 0.24691220 0.23922035 0.24604225 0.23687741 0.24469063 0.21634123 0.24382068 0.21399894 0.24246908 0.19346276 0.24159914 0.19112053 0.24024722 0.17058435 0.23937728 0.16824207 0.23802568 0.14513903 0.23704700 0.14279609 0.23569537 0.14167317 0.24191000 0.13888175 0.24304412 0.13686049 0.25423050 0.13406900 0.25536495 0.13227232 0.26530847 0.13997355 0.26563471
0 0.42255096 0.31940818 0.42353396 0.31396787 0.42632539 0.31283375 0.42789750 0.30413309 0.43068893 0.30299896 0.43248561 0.29305544 0.43527704 0.29192131 0.43684915 0.28322065 0.43964124 0.28208656 0.44121335 0.27338589 0.44400478 0.27225177 0.44580146 0.26230825 0.44859295 0.26117380 0.45016500 0.25247346 0.45295715 0.25133904 0.45475383 0.24139552 0.45754526 0.24026140 0.45911737 0.23156073 0.46190880 0.23042661 0.45420757 0.23010037 0.45186528 0.22874878 0.43132910 0.22787883 0.42898687 0.22652691 0.40845069 0.22565697 0.40610775 0.22430534 0.38557157 0.22343540 0.38322928 0.22208380 0.36269310 0.22121386 0.36035082 0.21986226 0.34238150 0.21910105 0.34170778 0.22282963 0.33891630 0.22396407 0.33711961 0.23390760 0.33432818 0.23504172 0.33253150 0.24498525 0.32974007 0.24611937 0.32794339 0.25606289 0.32515125 0.25719731 0.32335456 0.26714083 0.32056313 0.26827495 0.31854188 0.27946134 0.31575045 0.28059546 0.31395377 0.29053899 0.31116168 0.29167308 0.30936500 0.30161661 0.30657351 0.30275105 0.30477683 0.31269457 0.30711912 0.31404617 0.30644535 0.31777507 0.34499701 0.31940818 0.42255096 0.31940818
0 0.15810149 0.22256666 0.16044443 0.22391828 0.18354747 0.22489697 0.18588976 0.22624856 0.20642593 0.22711851 0.20876882 0.22847045 0.22930500 0.22934040 0.23164729 0.23069199 0.25218347 0.23156194 0.25452576 0.23291354 0.27506193 0.23378348 0.27740416 0.23513540 0.29537348 0.23589661 0.29627188 0.23092453 0.29906331 0.22979040 0.30086000 0.21984688 0.30365143 0.21871276 0.30454977 0.21374099 0.28914796 0.21308855 0.28680567 0.21173695 0.26883635 0.21097574 0.26649412 0.20962383 0.24595794 0.20875388 0.24361500 0.20740226 0.22564633 0.20664108 0.22330339 0.20528945 0.20276721 0.20441951 0.20042492 0.20306791 0.18245560 0.20230670 0.18011331 0.20095510 0.15957714 0.20008516 0.15935257 0.20132802 0.15656114 0.20246214 0.15453988 0.21364852 0.15174845 0.21478265 0.15040091 0.22224045 0.15810149 0.22256666
0 0.65966797 0.10479133 0.64509516 0.10417400 0.64275222 0.10282238 0.62478356 0.10206119 0.62244061 0.10070957 0.60190443 0.09983962 0.59956215 0.09848803 0.58159282 0.09772682 0.57925060 0.09637490 0.56384879 0.09572246 0.56362416 0.09696564 0.56083207 0.09809973 0.55925996 0.10680040 0.55646853 0.10793452 0.55489642 0.11663518 0.55210499 0.11776931 0.55053288 0.12646997 0.54774080 0.12760407 0.54616868 0.13630473 0.54337725 0.13743885 0.54180514 0.14613952 0.53901371 0.14727364 0.53744160 0.15597430 0.53465017 0.15710843 0.53307806 0.16580909 0.53028663 0.16694321 0.52871452 0.17564387 0.52592243 0.17677797 0.52435032 0.18547863 0.52155889 0.18661276 0.51998678 0.19531342 0.51719535 0.19644754 0.51584787 0.20390503 0.51305572 0.20503944 0.51148367 0.21373979 0.50869218 0.21487423 0.50801847 0.21860281 0.51571970 0.21892905 0.51806199 0.22028065 0.51693902 0.22649559 0.51414759 0.22762971 0.51280005 0.23508751 0.51000862 0.23622164 0.50866113 0.24367912 0.50586899 0.24481354 0.50497071 0.24978498 0.53577563 0.25108993 0.53600021 0.24984706 0.53879163 0.24871294 0.54392535 0.24893041 0.54626764 0.25028201 0.56167010 0.25093448 0.56401239 0.25228608 0.57684799 0.25282982 0.57919022 0.25418173 0.59202517 0.25472544 0.59436746 0.25607704 0.60720241 0.25662075 0.60954535 0.25797237 0.62494715 0.25862482 0.62728939 0.25997673 0.64012499 0.26052047 0.65966797 0.15236222 0.65966797 0.10479133
0 0.18851759 0.06855082 0.19085987 0.06990241 0.18794028 0.08606056 0.18514879 0.08719500 0.18258128 0.08708624 0.18023905 0.08573432 0.16997096 0.08529935 0.16929719 0.08902825 0.16650570 0.09016269 0.16358610 0.10632084 0.16592839 0.10767244 0.16570382 0.10891530 0.17273128 0.11297043 0.17183294 0.11794220 0.17417523 0.11929379 0.17674209 0.11940253 0.17908497 0.12075447 0.17773749 0.12821195 0.17494540 0.12934605 0.16981169 0.12912858 0.16702020 0.13026302 0.16657106 0.13274874 0.16377963 0.13388287 0.15864526 0.13366537 0.15585383 0.13479949 0.15450629 0.14225729 0.15171420 0.14339139 0.15059123 0.14960633 0.15572560 0.14982383 0.15806789 0.15117543 0.15739418 0.15490401 0.16509541 0.15523025 0.16743764 0.15658216 0.16698850 0.15906788 0.16933073 0.16041980 0.16686033 0.17409191 0.17199470 0.17430941 0.17433699 0.17566100 0.18973946 0.17631348 0.19208168 0.17766539 0.20491663 0.17820910 0.20725892 0.17956070 0.22266138 0.18021317 0.22500367 0.18156477 0.24040613 0.18221724 0.24274836 0.18356916 0.25815082 0.18422163 0.26049311 0.18557323 0.27332806 0.18611693 0.27567035 0.18746853 0.29107281 0.18812101 0.29341510 0.18947260 0.30881690 0.19012505 0.31115985 0.19147667 0.32656165 0.19212912 0.32890388 0.19348103 0.34173949 0.19402477 0.34408177 0.19537637 0.35948424 0.19602884 0.36182652 0.19738044 0.37722833 0.19803288 0.37957121 0.19938483 0.38236270 0.19825038 0.38258727 0.19700752 0.38537870 0.19587340 0.38672624 0.18841560 0.38951767 0.18728147 0.39153893 0.17609509 0.39433041 0.17496064 0.39635167 0.16377426 0.39914375 0.16264016 0.40138958 0.15021092 0.40418106 0.14907648 0.40620232 0.13789009 0.40899375 0.13675597 0.41079043 0.12681244 0.41358257 0.12567803 0.41537926 0.11573451 0.41817069 0.11460038 0.41996737 0.10465686 0.42275880 0.10352273 0.42478005 0.09233635 0.42757148 0.09120223 0.42891902 0.08374442 0.41865093 0.08330945 0.41630864 0.08195785 0.39320561 0.08097917 0.39086266 0.07962755 0.37546086 0.07897510 0.37077568 0.07627156 0.37122488 0.07378552 0.36888260 0.07243393 0.35604765 0.07189022 0.35370536 0.07053862 0.33573604 0.06977741 0.33339375 0.06842581 0.31799129 0.06777334 0.31564900 0.06642174 0.30024720 0.06576930 0.29790431 0.06441736 0.28250251 0.06376491 0.28016022 0.06241331 0.26475775 0.06176084 0.26241547 0.06040924 0.24701301 0.05975677 0.24467077 0.05840485 0.22926831 0.05775238 0.22692603 0.05640079 0.21152422 0.05574834 0.20918127 0.05439671 0.19121261 0.05363553 0.18886967 0.05228391 0.17860223 0.05184896 0.17680555 0.06179249 0.17937241 0.06190122 0.18171470 0.06325282 0.18428156 0.06336156 0.18896679 0.06606478 0.18851759 0.06855082
0 0.65966797 0.05093604 0.65731915 0.05083654 0.65497692 0.04948462 0.63700760 0.04872342 0.63466531 0.04737182 0.61669599 0.04661061 0.61435370 0.04525901 0.60151810 0.04471528 0.60084433 0.04844418 0.59805290 0.04957830 0.59648079 0.05827896 0.59368936 0.05941309 0.59211725 0.06811375 0.58932582 0.06924787 0.58797833 0.07670536 0.58518619 0.07783977 0.58361414 0.08654012 0.59644908 0.08708382 0.59879197 0.08843577 0.61676063 0.08919695 0.61910358 0.09054857 0.63963976 0.09141852 0.64198205 0.09277012 0.65966797 0.09351932 0.65966797 0.05093604
0 0.65966797 0.01336225 0.59988134 0.01082960 0.59943217 0.01331548 0.59664007 0.01444967 0.59529256 0.02190728 0.60556065 0.02234225 0.60790292 0.02369394 0.62843910 0.02456389 0.63078203 0.02591561 0.64875069 0.02667679 0.65109363 0.02802848 0.65966797 0.02839170 0.65966797 0.01336225
0 0.45324258 1.00000000 0.46515384 0.98705961 0.46186986 0.97595541 0.46680465 0.96847598 0.46380997 0.95633095 0.43927021 0.98885662 0.44312928 0.99874964 0.44846309 0.99161898 0.45203757 1.00000000 0.45324258 1.00000000
0 0.83598141 0.61644584 0.79629356 0.65767031 0.79615289 0.66088552 0.83526199 0.79729208 0.84319917 0.79868076 0.89537888 0.73843729 0.89546068 0.73716528 0.86696355 0.64160854 0.85614906 0.65547469 0.86524695 0.69031439 0.86047528 0.69838025 0.84214587 0.63812473 0.83598141 0.61644584
0 0.99893535 0.69889724 0.98555027 0.69655540 0.98529988 0.69653187 0.99234347 0.71632034 0.99268954 0.71635313 0.99862835 0.70591456 0.99893535 0.69889724
0 0.71653590 0.49191191 0.71641930 0.49457731 0.72578718 0.54187698 0.72629092 0.54190534 0.74299713 0.52381369 0.73435599 0.47433646 0.73315347 0.47412607 0.71653590 0.49191191
0 0.81990684 0.40570837 0.81998334 0.40445999 0.81221046 0.35842893 0.78828823 0.37699914 0.78819521 0.37912532 0.79378457 0.42068480 0.79678028 0.42120893 0.81990684 0.40570837
0 0.90261497 0.49843741 0.92466877 0.47283007 0.92467629 0.47269475 0.90849078 0.40199108 0.90814696 0.40191918 0.88584850 0.42866541 0.88581944 0.42932964 0.90186909 0.49830691 0.90261497 0.49843741
0 0.83817040 1.00000000 0.84701236 0.98756505 0.84711856 0.98622366 0.83282092 0.93764516 0.82052147 0.95797667 0.82037626 0.96129570 0.83226946 1.00000000 0.83817040 1.00000000
