0 0.56210975 0.48906250 0.56840248 0.42934655 0.47212688 0.42235343 0.47003534 0.42028344 0.46086626 0.41961743 0.45354830 0.48906250 0.56210975 0.48906250
0 0.41659126 0.48906250 0.42499214 0.40934087 0.40894611 0.40817534 0.40685452 0.40610584 0.29911772 0.39828022 0.29702613 0.39621072 0.29802891 0.38669470 0.28656771 0.38586220 0.28407442 0.38759916 0.17175337 0.37944056 0.16966183 0.37737057 0.17066455 0.36785504 0.12023434 0.36419196 0.11814275 0.36212246 0.04479025 0.35679440 0.04269854 0.35472488 0.03582170 0.35422538 0.02699761 0.43796313 0.02908938 0.44003264 0.04284299 0.44103166 0.04493458 0.44310116 0.04312967 0.46022921 0.04063695 0.46196622 0.02459104 0.46080070 0.02378885 0.46841322 0.30807135 0.48906250 0.41659126 0.48906250
0 0.00000000 0.24231427 0.01286895 0.24324902 0.01447333 0.22802398 0.01696616 0.22628747 0.01816942 0.21486893 0.01607771 0.21279893 0.00232409 0.21179992 0.00000000 0.23385478 0.00000000 0.24231427
0 0.02069026 0.16902729 0.02490175 0.12906167 0.01114813 0.12806265 0.00693665 0.16802828 0.02069026 0.16902729
0 0.03200719 0.08355303 0.03842474 0.02265261 0.02237882 0.02148709 0.01596128 0.08238752 0.03200719 0.08355303
0 0.58906250 0.02045964 0.55630523 0.01808027 0.55450030 0.03520842 0.55200763 0.03694509 0.51074648 0.03394802 0.50112023 0.12529805 0.50321176 0.12736804 0.54447290 0.13036511 0.54656449 0.13243461 0.54407183 0.13417112 0.53986035 0.17413675 0.53736764 0.17587375 0.52132161 0.17470822 0.51923007 0.17263824 0.49630708 0.17097319 0.48648022 0.26422696 0.53003348 0.26739052 0.53212507 0.26946002 0.53192453 0.27136303 0.52943182 0.27310003 0.52562146 0.30925915 0.52312880 0.31099567 0.47957554 0.30783211 0.47516346 0.34970123 0.57602331 0.35702734 0.58906250 0.23328973 0.58906250 0.02045964
0 0.08007864 0.00000000 0.07358290 0.06164251 0.07109012 0.06337902 0.06467260 0.12427920 0.10822539 0.12744272 0.11031752 0.12951275 0.10269673 0.20183148 0.10020349 0.20356795 0.05665070 0.20040443 0.04943093 0.26891762 0.05401541 0.26925062 0.05610688 0.27132012 0.12945950 0.27664819 0.13155167 0.27871773 0.17968918 0.28221427 0.18178077 0.28428378 0.18097858 0.29189630 0.24745483 0.29672490 0.24954636 0.29879489 0.30685295 0.30295743 0.30894454 0.30502694 0.30814235 0.31263946 0.32418838 0.31380499 0.32627997 0.31587449 0.38129443 0.31987054 0.38338602 0.32194004 0.43381624 0.32560312 0.43943157 0.27231546 0.44192423 0.27057894 0.46779486 0.02507510 0.47028753 0.02333843 0.47149082 0.01191965 0.30739076 0.00000000 0.08007864 0.00000000
0 0.92120472 0.38507116 0.85647286 0.34092862 0.84339743 0.35651552 0.90964483 0.40246421 0.92120472 0.38507116
0 0.38726209 0.48906250 0.45558113 0.93948221 0.45615336 0.93948522 0.49572146 0.92816887 0.51271343 0.73394982 0.47630776 0.48906250 0.38726209 0.48906250
0 1.00000000 0.86138080 0.99825729 0.85887389 0.81485625 0.83969144 0.80185909 0.84482821 0.79843552 0.91981518 0.96782757 0.93777200 0.97276959 0.93506743 0.97704977 0.90407253 1.00000000 0.90005410 1.00000000 0.86138080
