0 0.60937500 0.36619904 0.57362574 0.37204454 0.57627601 0.39398468 0.57425022 0.39711244 0.58948922 0.52326791 0.60937500 0.52001631 0.60937500 0.36619904
0 0.52112981 0.53444562 0.57534569 0.52558057 0.55977542 0.39668276 0.56180113 0.39355430 0.55948221 0.37435720 0.55679380 0.37199957 0.48843500 0.38317718 0.48574608 0.38082035 0.47631786 0.38236199 0.47429146 0.38548985 0.48654894 0.48696283 0.48452323 0.49009129 0.49015503 0.53671392 0.51844149 0.53208869 0.52112981 0.53444562
0 0.44267966 0.54168029 0.44536797 0.54403722 0.47836915 0.53864107 0.47406249 0.50298851 0.47608828 0.49986076 0.46217432 0.38467466 0.40088728 0.39469594 0.39819836 0.39233911 0.37934072 0.39542259 0.38265351 0.42284742 0.38062780 0.42597588 0.39089753 0.51099340 0.38887183 0.51412186 0.39317849 0.54977442 0.44267966 0.54168029
0 0.38374967 0.55131616 0.36519779 0.39773515 0.31098191 0.40660021 0.30829351 0.40424257 0.28000704 0.40886780 0.28928307 0.48565900 0.28725667 0.48878686 0.29620127 0.56283431 0.31505891 0.55975083 0.31774792 0.56210836 0.38374967 0.55131616
0 0.28441539 0.56476147 0.27282053 0.46877387 0.27484692 0.46564601 0.26788990 0.40805261 0.18302990 0.42192840 0.19528746 0.52340209 0.19326167 0.52652984 0.19922473 0.57589481 0.20629650 0.57473848 0.20898482 0.57709541 0.28441539 0.56476147
0 0.14500885 0.58475986 0.18743885 0.57782197 0.17948805 0.51200154 0.18151384 0.50887378 0.17091276 0.42111321 0.09076808 0.43421798 0.08807916 0.43186114 0.08605337 0.43498890 0.09797958 0.53371954 0.09595379 0.53684729 0.10224820 0.58895531 0.14232054 0.58240293 0.14500885 0.58475986
0 0.07919872 0.49763721 0.08122442 0.49450875 0.07426749 0.43691605 0.04126661 0.44231215 0.03857812 0.43995525 0.00793447 0.44496591 0.02648636 0.59854691 0.07834488 0.59006733 0.08103338 0.59242423 0.08810466 0.59126797 0.09013106 0.58814012 0.07919872 0.49763721
0 0.59146393 0.20132579 0.56081980 0.20633653 0.55813149 0.20397960 0.55610569 0.20710735 0.56803199 0.30583870 0.56600620 0.30896645 0.57130673 0.35284674 0.60902202 0.34667977 0.59146393 0.20132579
0 0.49790195 0.36205293 0.55918899 0.35203165 0.54660017 0.24781562 0.54862657 0.24468776 0.54299477 0.19806513 0.49113595 0.20654477 0.48844754 0.20418714 0.46016108 0.20881237 0.45813537 0.21194082 0.47039284 0.31341381 0.46836705 0.31654156 0.47399885 0.36316419 0.49521355 0.35969530 0.49790195 0.36205293
0 0.36645929 0.26888091 0.36443298 0.27200946 0.37602784 0.36799706 0.37400205 0.37112481 0.37466466 0.37661020 0.37735297 0.37896713 0.45042650 0.36701860 0.45311490 0.36937623 0.46018667 0.36821990 0.46221237 0.36509145 0.45591796 0.31298343 0.45794375 0.30985568 0.44999295 0.24403525 0.45201934 0.24090739 0.44837520 0.21073952 0.41537402 0.21613567 0.41268571 0.21377874 0.38675629 0.21801856 0.38741890 0.22350395 0.38539311 0.22663170 0.36653547 0.22971518 0.36384715 0.22735825 0.36149010 0.22774366 0.36645929 0.26888091
0 0.36490457 0.37540960 0.35595989 0.30136144 0.35798569 0.29823369 0.34904101 0.22418553 0.28775397 0.23420681 0.28506565 0.23184988 0.26620800 0.23493336 0.26720188 0.24316109 0.26517548 0.24628895 0.27511395 0.32856413 0.27308824 0.33169259 0.28004517 0.38928529 0.36490457 0.37540960
0 0.20664031 0.39849078 0.20932931 0.40084831 0.26825930 0.39121244 0.25931462 0.31716429 0.26134041 0.31403653 0.25272700 0.24273071 0.23151229 0.24619961 0.22882398 0.24384268 0.22816137 0.23835729 0.22580371 0.23874280 0.22311539 0.23638587 0.16889952 0.24525092 0.16989339 0.25347865 0.16786760 0.25660640 0.17979381 0.35533704 0.17776802 0.35846480 0.18306855 0.40234509 0.20664031 0.39849078
0 0.08609141 0.41540569 0.08844907 0.41502018 0.09113739 0.41737711 0.16892502 0.40465775 0.16859376 0.40191541 0.17062015 0.39878756 0.15239953 0.24794889 0.12411246 0.25257422 0.12142415 0.25021729 0.09549534 0.25445701 0.09615786 0.25994170 0.09413155 0.26307025 0.07055980 0.26692456 0.07586034 0.31080484 0.07383394 0.31393270 0.08609141 0.41540569
0 0.00000000 0.37928070 0.00594673 0.42851045 0.07430554 0.41733284 0.05774140 0.28020729 0.05976779 0.27707944 0.05811131 0.26336632 0.00000000 0.27286833 0.00000000 0.37928070
0 0.58781987 0.17115862 0.57423726 0.05871556 0.54359314 0.06372630 0.54823107 0.10212120 0.54620528 0.10524895 0.55448743 0.17381243 0.56627391 0.17188518 0.56896223 0.17424211 0.58781987 0.17115862
0 0.50196660 0.17680658 0.50465492 0.17916351 0.54001315 0.17338195 0.53868802 0.16241188 0.54071381 0.15928412 0.53342553 0.09894838 0.53545132 0.09582062 0.53180726 0.06565345 0.50587785 0.06989327 0.50318945 0.06753564 0.44661652 0.07678610 0.45655507 0.15906198 0.45452928 0.16218974 0.45684829 0.18138754 0.46392005 0.18023121 0.46660837 0.18258814 0.50196660 0.17680658
0 0.44572493 0.18879938 0.44174953 0.15588916 0.44377532 0.15276141 0.43483064 0.07871325 0.39240064 0.08565114 0.38971232 0.08329421 0.34963998 0.08984659 0.35195899 0.10904439 0.34993320 0.11217215 0.36053427 0.19993272 0.40296367 0.19299493 0.40565199 0.19535186 0.44572493 0.18879938
0 0.34841653 0.19911763 0.33914059 0.12232713 0.34116698 0.11919928 0.33785411 0.09177375 0.31428175 0.09562816 0.31159343 0.09327122 0.25266345 0.10290709 0.25862651 0.15227206 0.25660080 0.15540052 0.26322639 0.21025018 0.27029755 0.20909394 0.27298595 0.21145158 0.34841653 0.19911763
0 0.24234243 0.21646222 0.24941420 0.21530588 0.24643259 0.19062270 0.24845838 0.18749495 0.23851991 0.10521976 0.19609052 0.11215755 0.19340211 0.10979992 0.15332917 0.11635240 0.16459285 0.20959836 0.16256706 0.21272612 0.16389219 0.22369619 0.16658051 0.22605312 0.23965403 0.21410459 0.24234243 0.21646222
0 0.14536581 0.22952202 0.14805421 0.23187965 0.15276893 0.23110873 0.15479463 0.22798027 0.14220590 0.12376494 0.14423169 0.12063719 0.14356908 0.11515180 0.08699615 0.12440226 0.08430783 0.12204533 0.05602137 0.12667056 0.06794758 0.22540120 0.06592179 0.22852896 0.06724692 0.23949903 0.07903279 0.23757187 0.08172111 0.23992880 0.14536581 0.22952202
0 0.00000000 0.25049483 0.05781810 0.24104077 0.04390423 0.12585537 0.00000000 0.13303432 0.00000000 0.25049483
0 0.83495874 0.52976348 0.68769400 0.54848787 0.68460987 0.56864451 0.69258680 0.58330198 0.80917749 0.57086087 0.84704437 0.55962207 0.83495874 0.52976348
0 0.85679862 0.64306093 0.70179741 0.66287261 0.70061604 0.69656808 0.71276439 0.69880537 0.85588907 0.67869051 0.86009185 0.65245970 0.85679862 0.64306093
0 0.98127835 0.70898438 0.97335794 0.64443046 0.92032130 0.64596732 0.91255348 0.66086525 0.91975881 0.70898438 0.98127835 0.70898438
0 0.27648439 0.70898438 0.24494477 0.73673234 0.31420046 0.82994966 0.45689556 0.71318403 0.45390845 0.70898438 0.27648439 0.70898438
