0 0.34507369 0.41961131 0.34529595 0.41664347 0.34307966 0.41492093 0.34332484 0.41164700 0.34110855 0.40992447 0.34135370 0.40665096 0.33913741 0.40492842 0.33938259 0.40165449 0.31833161 0.40088244 0.31611472 0.39915989 0.31537924 0.40898084 0.31291780 0.41053182 0.27315471 0.40907349 0.26084686 0.41682919 0.33670479 0.41961131 0.34507369 0.41961131
0 0.58196342 0.41961131 0.58827884 0.33528069 0.54383743 0.33365078 0.54162117 0.33192783 0.53928170 0.33184203 0.53854619 0.34166340 0.53608476 0.34321438 0.52438983 0.34278546 0.52217354 0.34106293 0.50112197 0.34029085 0.50050906 0.34847505 0.49804762 0.35002602 0.48167437 0.34942553 0.48106144 0.35761015 0.47860000 0.35916112 0.45053183 0.35813171 0.44831554 0.35640918 0.44597667 0.35632340 0.44351464 0.35787436 0.44339206 0.35951111 0.44093062 0.36106209 0.44080805 0.36269884 0.43834658 0.36425024 0.43810143 0.36752375 0.43563996 0.36907515 0.43551738 0.37071190 0.43305594 0.37226288 0.44942859 0.37286335 0.45164548 0.37458591 0.49374744 0.37613001 0.49596373 0.37785255 0.50531978 0.37819568 0.50753664 0.37991866 0.50692374 0.38810286 0.52095752 0.38861755 0.52317381 0.39034008 0.52231573 0.40179821 0.51985429 0.40334919 0.50582050 0.40283449 0.50360361 0.40111194 0.50299071 0.40929613 0.50533017 0.40938193 0.50754643 0.41110489 0.50690940 0.41961131 0.58196342 0.41961131
0 0.00000000 0.40726253 0.12284487 0.41176792 0.12296744 0.41013116 0.12075059 0.40840818 0.12099574 0.40513467 0.11877948 0.40341172 0.11902462 0.40013821 0.11680834 0.39841567 0.11705352 0.39514174 0.11483723 0.39341921 0.11508241 0.39014528 0.11286612 0.38842274 0.11347902 0.38023855 0.11126213 0.37851599 0.11175246 0.37196855 0.10953617 0.37024602 0.10978136 0.36697209 0.11224279 0.36542111 0.14498929 0.36662210 0.14720558 0.36834463 0.14708301 0.36998139 0.14929927 0.37170434 0.14893154 0.37661461 0.17466085 0.37755824 0.17687714 0.37928078 0.22131856 0.38091068 0.22353482 0.38263363 0.24224693 0.38331991 0.24298244 0.37349854 0.24544448 0.37194758 0.26415659 0.37263386 0.26637288 0.37435639 0.28040667 0.37487108 0.28065181 0.37159757 0.27843556 0.36987462 0.27868071 0.36660111 0.27646442 0.36487857 0.27670960 0.36160464 0.27449271 0.35988209 0.27486046 0.35497140 0.27264417 0.35324887 0.27288932 0.34997536 0.27067307 0.34825240 0.27091822 0.34497889 0.26870196 0.34325594 0.26894711 0.33998243 0.26673082 0.33825989 0.26697600 0.33498596 0.26475911 0.33326341 0.26500429 0.32998948 0.26278800 0.32826694 0.26303315 0.32499343 0.26081686 0.32327090 0.26106204 0.31999697 0.25884515 0.31827441 0.25909033 0.31500048 0.21464951 0.31337060 0.21243322 0.31164806 0.21255580 0.31001131 0.21033891 0.30828875 0.21070666 0.30337807 0.20849041 0.30165511 0.20898070 0.29510809 0.20676445 0.29338514 0.20688702 0.29174838 0.20934846 0.29019740 0.21870452 0.29054054 0.22116599 0.28898914 0.24923416 0.29001855 0.24701787 0.28829602 0.24726302 0.28502251 0.24504673 0.28329998 0.24529191 0.28002605 0.24307502 0.27830349 0.24332020 0.27502956 0.24110391 0.27330702 0.24147167 0.26839634 0.23925538 0.26667380 0.23950056 0.26339987 0.23728427 0.26167734 0.23752942 0.25840383 0.23531313 0.25668130 0.23555831 0.25340736 0.23334142 0.25168481 0.23358660 0.24841088 0.23137031 0.24668834 0.23161546 0.24341483 0.22939920 0.24169188 0.22964435 0.23841837 0.22742749 0.23669539 0.22767264 0.23342188 0.22545635 0.23169935 0.22570153 0.22842542 0.22348524 0.22670288 0.22373042 0.22342895 0.22151413 0.22170642 0.21683581 0.22153484 0.21461952 0.21981230 0.18655135 0.21878289 0.18433506 0.21706036 0.17497900 0.21671722 0.17412091 0.22817535 0.17165888 0.22972631 0.15060790 0.22895425 0.14839161 0.22723172 0.13669669 0.22680280 0.13608378 0.23498700 0.13362175 0.23653795 0.09385865 0.23507963 0.09336832 0.24162707 0.09090688 0.24317805 0.05582164 0.24189128 0.05533131 0.24843872 0.05754745 0.25016167 0.05730230 0.25343518 0.05951919 0.25515774 0.05927401 0.25843167 0.06149030 0.26015420 0.06124512 0.26342814 0.06346141 0.26515067 0.06321626 0.26842418 0.06543315 0.27014674 0.06518796 0.27342067 0.06740425 0.27514320 0.06715907 0.27841713 0.06937536 0.28013967 0.06925279 0.28177642 0.06679135 0.28332740 0.02936700 0.28195485 0.02924440 0.28359202 0.02678278 0.28514299 0.02641502 0.29005368 0.02395340 0.29160465 0.01459735 0.29126151 0.01238094 0.28953897 0.00000000 0.28908490 0.00000000 0.40726253
0 0.33053969 0.08126564 0.32807826 0.08281661 0.31404387 0.08230190 0.31379869 0.08557583 0.31613815 0.08566163 0.31835444 0.08738416 0.31798669 0.09229485 0.31552525 0.09384582 0.30149086 0.09333111 0.29927457 0.09160857 0.27588413 0.09075072 0.27514862 0.10057209 0.27268718 0.10212307 0.24695848 0.10117946 0.24474159 0.09945690 0.24240272 0.09937112 0.24166724 0.10919208 0.23920580 0.11074305 0.23698892 0.10902050 0.20892134 0.10799111 0.20670445 0.10626855 0.20436559 0.10618277 0.20190415 0.10773375 0.20141382 0.11428119 0.19895178 0.11583215 0.16386702 0.11454540 0.16313151 0.12436677 0.16066947 0.12591773 0.13494076 0.12497412 0.13272447 0.12325158 0.12336782 0.12290842 0.12275491 0.13109262 0.11783200 0.13419499 0.09911989 0.13350872 0.09887474 0.13678223 0.10109103 0.13850476 0.10096846 0.14014152 0.11266398 0.14057046 0.11512541 0.13901948 0.12214201 0.13927682 0.12435890 0.14099937 0.12374596 0.14918399 0.12608483 0.14926977 0.12830112 0.15099230 0.17508140 0.15270799 0.17729769 0.15443052 0.19133207 0.15494524 0.19206755 0.14512428 0.19452902 0.14357289 0.20856341 0.14408760 0.21077967 0.14581056 0.25989881 0.14761202 0.26211570 0.14933458 0.26174795 0.15424526 0.25928591 0.15579622 0.24992985 0.15545308 0.24809111 0.18000609 0.24562967 0.18155707 0.23393475 0.18112815 0.23344442 0.18767559 0.24280047 0.18801873 0.24723302 0.19146422 0.24674272 0.19801124 0.24181981 0.20111361 0.23960352 0.19939108 0.22556914 0.19887636 0.22507881 0.20542380 0.22975654 0.20559536 0.23197342 0.20731792 0.23123792 0.21713929 0.23345420 0.21886182 0.26152237 0.21989123 0.26373866 0.22161377 0.26312576 0.22979796 0.28183787 0.23048424 0.28627102 0.23392975 0.28553554 0.24375070 0.28307347 0.24530207 0.26670082 0.24470160 0.26423878 0.24625256 0.25020500 0.24573786 0.24971467 0.25228530 0.25193096 0.25400784 0.25144063 0.26055528 0.25365752 0.26227783 0.25341233 0.26555177 0.25562862 0.26727430 0.25550605 0.26891105 0.25772231 0.27063401 0.25747716 0.27390752 0.25969345 0.27563005 0.25944827 0.27890398 0.26166456 0.28062652 0.26141938 0.28390045 0.26363627 0.28562300 0.26339112 0.28889652 0.26560740 0.29061905 0.26536223 0.29389298 0.26757852 0.29561552 0.26733333 0.29888944 0.26955022 0.30061200 0.26930507 0.30388551 0.27152133 0.30560847 0.27127618 0.30888198 0.27349244 0.31060493 0.27324729 0.31387844 0.27546358 0.31560098 0.27521840 0.31887491 0.27743469 0.32059744 0.27731211 0.32223420 0.27952897 0.32395717 0.27928382 0.32723068 0.28150011 0.32895322 0.28125493 0.33222715 0.28347122 0.33394968 0.28322604 0.33722361 0.28544293 0.33894617 0.28519778 0.34221968 0.28741407 0.34394221 0.28716889 0.34721614 0.28938518 0.34893868 0.28914000 0.35221261 0.29135629 0.35393514 0.29111114 0.35720865 0.29332740 0.35893161 0.29308225 0.36220512 0.29529911 0.36392809 0.29505396 0.36720160 0.29727025 0.36892414 0.29702506 0.37219807 0.29924135 0.37392060 0.29911878 0.37555736 0.32718695 0.37658677 0.32940321 0.37830972 0.34343759 0.37882444 0.34122133 0.37710148 0.34158909 0.37219080 0.33937280 0.37046827 0.33974052 0.36555800 0.33752367 0.36383502 0.33789142 0.35892434 0.33567513 0.35720180 0.33604286 0.35229154 0.33382660 0.35056858 0.33628804 0.34901761 0.37605113 0.35047593 0.37641889 0.34556525 0.37420260 0.34384271 0.37432517 0.34220596 0.37210888 0.34048342 0.37235406 0.33720949 0.37013717 0.33548694 0.37038235 0.33221301 0.36816606 0.33049047 0.36841121 0.32721696 0.36619495 0.32549401 0.36644010 0.32222049 0.36422384 0.32049754 0.36446899 0.31722403 0.36225270 0.31550150 0.36249789 0.31222757 0.36028100 0.31050501 0.36040357 0.30886826 0.35818731 0.30714530 0.35843246 0.30387179 0.35621617 0.30214926 0.35646135 0.29887533 0.35424446 0.29715277 0.35448965 0.29387884 0.35227336 0.29215631 0.35251850 0.28888279 0.35030222 0.28716026 0.35054740 0.28388633 0.34833111 0.28216380 0.34857629 0.27888986 0.34636000 0.27716733 0.34660515 0.27389382 0.34438829 0.27217084 0.34451086 0.27053409 0.34229457 0.26881155 0.34253975 0.26553762 0.34032346 0.26381509 0.34056862 0.26054158 0.33835176 0.25881860 0.34081379 0.25726765 0.35952591 0.25795392 0.36026139 0.24813297 0.36272286 0.24658157 0.37441778 0.24701049 0.37515326 0.23718954 0.37761470 0.23563856 0.37798245 0.23072788 0.38044452 0.22917650 0.38746172 0.22943386 0.38992316 0.22788288 0.40863527 0.22856916 0.40888042 0.22529564 0.41134186 0.22374467 0.41170961 0.21883398 0.41417108 0.21728259 0.42820547 0.21779730 0.42845062 0.21452379 0.43091206 0.21297281 0.43103463 0.21133606 0.43349610 0.20978466 0.44285216 0.21012780 0.44531420 0.20857684 0.44765306 0.20866262 0.44814339 0.20211518 0.45060483 0.20056420 0.45996089 0.20090734 0.45774460 0.19918481 0.45798978 0.19591088 0.45577289 0.19418832 0.45614065 0.18927764 0.45392436 0.18755510 0.45416954 0.18428117 0.45195325 0.18255864 0.45219843 0.17928471 0.44998214 0.17756217 0.45022729 0.17428866 0.44801100 0.17256613 0.44813360 0.17092895 0.44591671 0.16920640 0.44603929 0.16756964 0.43717356 0.16067906 0.43729614 0.15904231 0.43286359 0.15559682 0.43335392 0.14904938 0.43581536 0.14749840 0.43815422 0.14758418 0.43876716 0.13939956 0.43408943 0.13922801 0.42965625 0.13578292 0.42977883 0.13414616 0.43224086 0.13259520 0.43691859 0.13276676 0.43716377 0.12949283 0.43962521 0.12794186 0.44430354 0.12811343 0.44676501 0.12656204 0.44713273 0.12165177 0.44491645 0.11992924 0.44503905 0.11829206 0.44282216 0.11656951 0.44294474 0.11493275 0.44072848 0.11320980 0.44085105 0.11157304 0.43863476 0.10985051 0.43875734 0.10821375 0.43654105 0.10649122 0.43678623 0.10321729 0.43456994 0.10149475 0.43469255 0.09985758 0.43247566 0.09813502 0.43259823 0.09649827 0.43038194 0.09477573 0.43050452 0.09313898 0.42828826 0.09141602 0.42841083 0.08977927 0.42619394 0.08805671 0.42631655 0.08641954 0.42410026 0.08469700 0.42422284 0.08306025 0.42200655 0.08133771 0.42212912 0.07970096 0.41991286 0.07797801 0.42003544 0.07634125 0.41781915 0.07461871 0.41806433 0.07134478 0.41584744 0.06962223 0.41597001 0.06798547 0.39725790 0.06729920 0.39504161 0.06557667 0.37165117 0.06471881 0.37091569 0.07453976 0.36845425 0.07609074 0.36611539 0.07600496 0.36389910 0.07428243 0.33115260 0.07308144 0.33053969 0.08126564
0 0.59960938 0.01891428 0.59790291 0.01885170 0.59568663 0.01712908 0.58399170 0.01670016 0.58386912 0.01833700 0.58140708 0.01988808 0.58091674 0.02643552 0.57845530 0.02798663 0.51530236 0.02567047 0.51284032 0.02722151 0.50348426 0.02687837 0.50102281 0.02842943 0.49400562 0.02817207 0.49154418 0.02972318 0.49068610 0.04118118 0.48822465 0.04273228 0.48810207 0.04436916 0.48564002 0.04592020 0.47394510 0.04549128 0.47333220 0.05367548 0.47087072 0.05522688 0.45449748 0.05462638 0.45203604 0.05617736 0.45068765 0.07418251 0.44822618 0.07573390 0.44736813 0.08719161 0.44970699 0.08727739 0.45192325 0.08900035 0.45426271 0.08908615 0.45647900 0.09080868 0.46115673 0.09098024 0.46337302 0.09270277 0.46300527 0.09761346 0.46522216 0.09933601 0.46473183 0.10588345 0.46694808 0.10760641 0.46645778 0.11415343 0.46867404 0.11587638 0.46855147 0.11751314 0.47076836 0.11923570 0.47052318 0.12250963 0.47273947 0.12423216 0.47249432 0.12750567 0.47471058 0.12922862 0.47458800 0.13086538 0.47680429 0.13258791 0.47655911 0.13586184 0.47877540 0.13758438 0.47853025 0.14085789 0.48074711 0.14258087 0.48062453 0.14421762 0.48284082 0.14594016 0.48259564 0.14921409 0.48481193 0.15093662 0.48456678 0.15421013 0.48678364 0.15593311 0.48666106 0.15756986 0.48887735 0.15929240 0.48863217 0.16256633 0.49084846 0.16428886 0.49060331 0.16756237 0.49281957 0.16928533 0.49269700 0.17092208 0.49491329 0.17264461 0.49331972 0.19392369 0.49085825 0.19547509 0.48950984 0.21348066 0.48704840 0.21503164 0.48470953 0.21494586 0.47486315 0.22115016 0.47252368 0.22106436 0.46267789 0.22726869 0.46033843 0.22718289 0.45049204 0.23338719 0.44815318 0.23330141 0.43830679 0.23950572 0.43596793 0.23941994 0.42612154 0.24562424 0.42378268 0.24553846 0.41393569 0.25174275 0.41159683 0.25165697 0.40175044 0.25786127 0.39941157 0.25777549 0.39448810 0.26087742 0.39363001 0.27233555 0.39116857 0.27388653 0.38847174 0.30989767 0.39081061 0.30998344 0.39302750 0.31170600 0.40004469 0.31196336 0.40226098 0.31368589 0.40140289 0.32514402 0.40361918 0.32686655 0.40227076 0.34487212 0.42098288 0.34555840 0.42159578 0.33737420 0.42405726 0.33582280 0.47317700 0.33762429 0.47378991 0.32944009 0.47625134 0.32788911 0.49496346 0.32857539 0.49742490 0.32702441 0.49803780 0.31884021 0.50049927 0.31728882 0.52622858 0.31823245 0.52844484 0.31995540 0.53078430 0.32004120 0.53324577 0.31848981 0.53373610 0.31194237 0.53151981 0.31021983 0.53398125 0.30866886 0.54801504 0.30918355 0.55023192 0.31090611 0.56894404 0.31159238 0.56967955 0.30177101 0.57214099 0.30022003 0.59085310 0.30090631 0.59960938 0.18398267 0.59960938 0.01891428
0 0.52834569 0.00809390 0.48390427 0.00646399 0.48378169 0.00810086 0.50951100 0.00904449 0.51172728 0.01076713 0.52576106 0.01128182 0.52588365 0.00964496 0.52834569 0.00809390
0 0.84923275 0.17151356 0.75996147 0.16820813 0.75605518 0.23616083 0.82193534 0.23977921 0.82107900 0.22641826 0.84343002 0.22658074 0.84923275 0.17151356
0 0.35438156 0.60444653 0.17373935 0.86034607 0.20248831 0.87381863 0.38162357 0.61709165 0.36513103 0.60649383 0.35438156 0.60444653
0 0.22928531 0.89470036 0.41078231 0.63734309 0.39139753 0.62284355 0.20627599 0.87551186 0.22928531 0.89470036
0 0.30999869 0.95135662 0.48661085 0.69825755 0.46058764 0.67741417 0.45224296 0.68825405 0.44157459 0.68470886 0.27269640 0.92393488 0.30999869 0.95135662
0 0.59960938 0.44271900 0.54448942 0.43162539 0.52761096 0.51411749 0.59960938 0.52631430 0.59960938 0.44271900
