0 0.00000000 0.49670664 0.02397556 0.49982296 0.02227463 0.49751891 0.02275072 0.49341434 0.02105038 0.49111037 0.02176448 0.48495378 0.02006395 0.48264979 0.02054003 0.47854521 0.00890863 0.47703337 0.00867056 0.47908592 0.00649396 0.48088597 0.00000000 0.48004189 0.00000000 0.49670664
0 0.08719463 0.26015191 0.08695662 0.26220393 0.08478017 0.26400400 0.07508746 0.26274415 0.07484938 0.26479670 0.07267293 0.26659677 0.06297973 0.26533685 0.06274171 0.26738888 0.06444209 0.26969338 0.06396606 0.27379743 0.06178961 0.27559749 0.05209690 0.27433764 0.04992045 0.27613771 0.04022749 0.27487783 0.03975141 0.27898240 0.04145199 0.28128640 0.04073790 0.28744300 0.04243843 0.28974699 0.04148632 0.29795561 0.04318679 0.30026013 0.04247276 0.30641620 0.04417309 0.30872016 0.04345900 0.31487676 0.04515987 0.31718133 0.04492186 0.31923335 0.05461456 0.32049320 0.05801543 0.32510116 0.05777742 0.32715318 0.05947829 0.32945775 0.05876419 0.33561435 0.05658724 0.33741435 0.04689453 0.33615450 0.04641851 0.34025855 0.04811944 0.34256259 0.04740535 0.34871919 0.04910572 0.35102369 0.04862970 0.35512774 0.05033013 0.35743172 0.04961603 0.36358831 0.05131646 0.36589229 0.05060237 0.37204889 0.05230280 0.37435287 0.05158871 0.38050946 0.05328964 0.38281351 0.05257554 0.38897011 0.13981092 0.40030887 0.14004893 0.39825685 0.14222539 0.39645678 0.16548819 0.39948046 0.16572626 0.39742791 0.16402583 0.39512393 0.16473992 0.38896733 0.16303949 0.38666335 0.16375358 0.38050676 0.16205265 0.37820271 0.16252874 0.37409814 0.16082830 0.37179416 0.16154234 0.36563809 0.15984197 0.36333358 0.16055606 0.35717699 0.15885563 0.35487301 0.15956966 0.34871694 0.15786929 0.34641243 0.15858338 0.34025584 0.15688246 0.33795179 0.15759649 0.33179572 0.14596533 0.33028392 0.14256404 0.32567537 0.14327813 0.31951877 0.14157770 0.31721479 0.14375415 0.31541473 0.14956997 0.31617066 0.15174643 0.31437060 0.15368487 0.31462255 0.15439896 0.30846596 0.15269859 0.30616145 0.15341263 0.30000538 0.15171220 0.29770140 0.15242629 0.29154481 0.15072592 0.28924030 0.15143995 0.28308423 0.14973952 0.28078025 0.15045361 0.27462366 0.14875274 0.27231909 0.14946678 0.26616302 0.14776634 0.26385904 0.14848044 0.25770244 0.12327920 0.25442681 0.12304118 0.25647883 0.12086473 0.25827890 0.11117153 0.25701899 0.11069544 0.26112356 0.10851899 0.26292362 0.08719463 0.26015191
0 0.19327094 0.24477603 0.18891797 0.24837669 0.18504108 0.24787277 0.18286413 0.24967277 0.17898725 0.24916886 0.17874918 0.25122141 0.17657223 0.25302141 0.16687952 0.25176156 0.16664151 0.25381359 0.16446505 0.25561365 0.15477235 0.25435380 0.15647278 0.25665779 0.15575868 0.26281438 0.15745905 0.26511888 0.15674502 0.27127496 0.15844545 0.27357894 0.15773136 0.27973553 0.15943223 0.28204010 0.15871820 0.28819617 0.16041863 0.29050015 0.15970453 0.29665675 0.16140490 0.29896125 0.16069087 0.30511732 0.16239180 0.30742137 0.16167771 0.31357796 0.16337808 0.31588246 0.17307079 0.31714231 0.17647215 0.32175034 0.17575805 0.32790693 0.17745848 0.33021091 0.17722047 0.33226294 0.17504396 0.33406353 0.16535075 0.33280362 0.16487473 0.33690766 0.16657516 0.33921164 0.16586107 0.34536824 0.16756200 0.34767228 0.16684790 0.35382888 0.16854834 0.35613286 0.16783424 0.36228945 0.16953468 0.36459343 0.16882058 0.37075003 0.17052151 0.37305407 0.16980742 0.37921067 0.17150785 0.38151465 0.17079376 0.38767124 0.17249419 0.38997522 0.17178009 0.39613182 0.19504289 0.39915549 0.19528090 0.39710347 0.19745742 0.39530288 0.22847449 0.39933444 0.23065144 0.39753444 0.23258988 0.39778640 0.23282789 0.39573438 0.23500434 0.39393431 0.25632870 0.39670603 0.25656671 0.39465400 0.25486584 0.39234943 0.25557994 0.38619284 0.25387951 0.38388886 0.25459354 0.37773279 0.25289317 0.37542828 0.25384527 0.36721967 0.25214484 0.36491568 0.25285893 0.35875909 0.25115850 0.35645511 0.25187260 0.35029851 0.25017167 0.34799447 0.25088576 0.34183788 0.24918533 0.33953389 0.24989942 0.33337730 0.24819899 0.33107332 0.24891308 0.32491672 0.24721216 0.32261268 0.24792625 0.31645608 0.24622582 0.31415210 0.24693991 0.30799551 0.24523948 0.30569153 0.24595357 0.29953493 0.24425314 0.29723096 0.24642959 0.29543089 0.25612230 0.29669074 0.25683640 0.29053414 0.25513596 0.28823016 0.25585006 0.28207357 0.25414963 0.27976959 0.25486372 0.27361299 0.25316279 0.27130895 0.25387688 0.26515235 0.25217645 0.26284837 0.25265254 0.25874380 0.25095210 0.25643982 0.25166620 0.25028322 0.24996577 0.24797924 0.25044179 0.24387520 0.22717899 0.24085152 0.22694098 0.24290354 0.22476403 0.24470355 0.21701026 0.24369572 0.21677225 0.24574774 0.21459529 0.24754775 0.19327094 0.24477603
0 0.17279592 0.18378864 0.17255791 0.18584066 0.17038146 0.18764072 0.16068875 0.18638088 0.16045074 0.18843290 0.15609727 0.19203349 0.14834301 0.19102560 0.14762891 0.19718220 0.14932934 0.19948618 0.14861531 0.20564225 0.15031568 0.20794675 0.14960159 0.21410335 0.15130252 0.21640739 0.15058848 0.22256346 0.15228886 0.22486797 0.15157476 0.23102456 0.15327519 0.23332854 0.19010808 0.23811604 0.19034610 0.23606402 0.19252261 0.23426343 0.20221582 0.23552334 0.20245383 0.23347132 0.20463028 0.23167125 0.21238455 0.23267914 0.21262262 0.23062660 0.21479907 0.22882653 0.23806187 0.23185020 0.23829988 0.22979818 0.24047634 0.22799812 0.24823060 0.22900601 0.24918271 0.22079739 0.24748234 0.21849288 0.24819637 0.21233681 0.24649594 0.21003283 0.24721003 0.20387624 0.24550916 0.20157167 0.24622320 0.19541560 0.24452276 0.19311162 0.24523686 0.18695502 0.24353649 0.18465052 0.20670360 0.17986302 0.20646552 0.18191556 0.20428907 0.18371563 0.19459636 0.18245578 0.19435835 0.18450781 0.19218184 0.18630840 0.17279592 0.18378864
0 0.08797507 0.16859726 0.08773706 0.17064928 0.08556054 0.17244987 0.07780628 0.17144198 0.07756827 0.17349400 0.07539132 0.17529401 0.05794444 0.17302628 0.05576789 0.17482633 0.05189075 0.17432238 0.04971415 0.17612243 0.04777561 0.17587046 0.04559899 0.17767104 0.03978327 0.17691512 0.03954526 0.17896714 0.03736871 0.18076720 0.02961444 0.17975931 0.02937637 0.18181185 0.05263917 0.18483553 0.05433970 0.18713952 0.05386368 0.19124357 0.05556421 0.19354756 0.05485012 0.19970416 0.05655039 0.20200865 0.06624359 0.20326856 0.06794402 0.20557254 0.06770601 0.20762457 0.06940645 0.20992855 0.06869235 0.21608514 0.07039278 0.21838912 0.06821627 0.22018971 0.05852356 0.21892986 0.05780953 0.22508593 0.05950996 0.22738991 0.05879587 0.23354651 0.06049673 0.23585108 0.05978270 0.24200715 0.06148313 0.24431113 0.09637708 0.24884661 0.09661510 0.24679459 0.09879155 0.24499452 0.11042320 0.24650639 0.11066121 0.24445437 0.11283766 0.24265430 0.13222358 0.24517406 0.13246165 0.24312151 0.13463810 0.24132145 0.14626925 0.24283325 0.14456882 0.24052927 0.14528292 0.23437268 0.14358248 0.23206870 0.14429658 0.22591210 0.14259615 0.22360812 0.14331024 0.21745153 0.14160981 0.21514754 0.14232390 0.20899095 0.14062297 0.20668690 0.14133707 0.20053031 0.13963663 0.19822633 0.14035073 0.19206973 0.13865029 0.18976575 0.12701865 0.18825388 0.12266574 0.19185402 0.11491147 0.19084613 0.11467340 0.19289868 0.11249695 0.19469874 0.10474219 0.19369079 0.10450417 0.19574281 0.10232772 0.19754288 0.09263501 0.19628303 0.08923365 0.19167500 0.08970973 0.18757043 0.09188668 0.18577043 0.10157939 0.18703028 0.10181740 0.18497825 0.10399392 0.18317766 0.11368712 0.18443758 0.11416315 0.18033353 0.11633960 0.17853346 0.12603231 0.17979331 0.12627032 0.17774129 0.12844683 0.17594069 0.13813954 0.17720054 0.13643911 0.17489656 0.13715321 0.16873997 0.13545277 0.16643599 0.12382113 0.16492412 0.12358312 0.16697614 0.12140666 0.16877621 0.11365239 0.16776832 0.11341432 0.16982087 0.11123787 0.17162093 0.08797507 0.16859726
0 0.19187486 0.15502197 0.19163685 0.15707399 0.18946040 0.15887406 0.18170613 0.15786617 0.18146812 0.15991819 0.17929160 0.16171878 0.15796725 0.15894706 0.15579030 0.16074707 0.15555229 0.16279909 0.15337577 0.16459968 0.14368306 0.16333983 0.14538349 0.16564381 0.14490747 0.16974786 0.14660840 0.17205190 0.14637033 0.17410445 0.15800148 0.17561626 0.15823955 0.17356371 0.16041601 0.17176364 0.16817027 0.17277154 0.16840828 0.17071951 0.17058474 0.16891945 0.18027794 0.17017936 0.18051595 0.16812733 0.18269247 0.16632674 0.19044673 0.16733463 0.19262319 0.16553457 0.20619328 0.16729839 0.20643129 0.16524637 0.20860780 0.16344578 0.22993216 0.16621750 0.23017017 0.16416547 0.23234663 0.16236541 0.24203983 0.16362532 0.24033890 0.16132128 0.24105300 0.15516468 0.23935257 0.15286070 0.22772141 0.15134890 0.22748340 0.15340092 0.22530645 0.15520092 0.21755219 0.15419303 0.21731412 0.15624558 0.21513766 0.15804564 0.19187486 0.15502197
0 0.12524040 0.00000000 0.12470215 0.00464050 0.12640257 0.00694459 0.12568849 0.01310108 0.12738941 0.01540522 0.12667533 0.02156172 0.12837575 0.02386580 0.12766166 0.03002229 0.12936208 0.03232638 0.12864799 0.03848297 0.13034892 0.04078702 0.12963482 0.04694361 0.13133526 0.04924759 0.13062116 0.05540419 0.13232160 0.05770817 0.13160750 0.06386476 0.13330793 0.06616874 0.13259384 0.07232534 0.13429427 0.07462932 0.13358018 0.08078591 0.14521183 0.08229778 0.14861269 0.08690574 0.14789860 0.09306234 0.14959953 0.09536638 0.14936145 0.09741893 0.14718450 0.09921893 0.13749179 0.09795908 0.13677776 0.10411515 0.13847863 0.10641972 0.13776454 0.11257632 0.13946497 0.11488030 0.13875094 0.12103637 0.14045130 0.12334087 0.13973721 0.12949747 0.14143764 0.13180145 0.14072361 0.13795752 0.14242398 0.14026202 0.14170989 0.14641862 0.15527998 0.14818245 0.15551805 0.14612990 0.15769451 0.14432983 0.17901886 0.14710155 0.17925687 0.14504953 0.18143388 0.14324900 0.18918765 0.14425682 0.18966368 0.14015278 0.19184063 0.13835278 0.21510343 0.14137645 0.21534144 0.13932443 0.21751795 0.13752383 0.22527222 0.13853173 0.22551023 0.13647970 0.22768668 0.13467964 0.23737939 0.13593949 0.23809349 0.12978289 0.23639305 0.12747891 0.23710715 0.12132232 0.23540671 0.11901834 0.23588280 0.11491376 0.23418237 0.11260978 0.23489646 0.10645319 0.23319603 0.10414921 0.23391012 0.09799261 0.23220919 0.09568857 0.23438614 0.09388857 0.24601729 0.09540037 0.24625531 0.09334835 0.24843182 0.09154776 0.25812453 0.09280761 0.25836254 0.09075558 0.26053949 0.08895558 0.26829376 0.08996347 0.26853183 0.08791092 0.27070828 0.08611086 0.27652411 0.08686679 0.27870056 0.08506672 0.29227065 0.08683055 0.29298474 0.08067396 0.29128382 0.07836991 0.29199791 0.07221332 0.29029748 0.06990934 0.29101157 0.06375274 0.28931114 0.06144876 0.29002522 0.05529227 0.28832480 0.05298819 0.28903888 0.04683170 0.28733846 0.04452761 0.27764526 0.04326770 0.27740723 0.04531983 0.27523076 0.04712005 0.25390640 0.04434833 0.25319233 0.05050477 0.25101589 0.05230473 0.23356891 0.05003699 0.23139190 0.05183752 0.22945346 0.05158556 0.22605264 0.04697718 0.22676672 0.04082074 0.22506630 0.03851661 0.22578038 0.03236017 0.22407947 0.03005597 0.22479355 0.02389953 0.22309313 0.02159539 0.22380721 0.01543895 0.22210679 0.01313482 0.22282087 0.00697838 0.22111996 0.00467418 0.22166211 0.00000000 0.12524040 0.00000000
0 0.02881869 0.00000000 0.02114356 0.06617152 0.02695928 0.06692744 0.02865981 0.06923143 0.02794572 0.07538803 0.02964625 0.07769202 0.02917017 0.08179659 0.02699362 0.08359664 0.01923935 0.08258875 0.01781122 0.09490142 0.01951172 0.09720594 0.01879769 0.10336201 0.02049824 0.10566600 0.01978415 0.11182260 0.02148467 0.11412712 0.02077063 0.12028320 0.02247117 0.12258719 0.02199508 0.12669176 0.02369562 0.12899575 0.02298152 0.13515235 0.02468210 0.13745635 0.02396801 0.14361294 0.02566859 0.14591694 0.02495450 0.15207354 0.02665503 0.15437753 0.02617895 0.15848210 0.06107290 0.16301758 0.06131097 0.16096503 0.06348792 0.15916503 0.07318063 0.16042488 0.07365665 0.15632083 0.07583310 0.15452077 0.07753354 0.15682474 0.08528830 0.15783270 0.08552631 0.15578068 0.08770282 0.15398009 0.10321136 0.15599587 0.10538781 0.15419580 0.10926470 0.15469972 0.10950271 0.15264769 0.11167972 0.15084717 0.12137243 0.15210701 0.12161044 0.15005499 0.12378689 0.14825493 0.13348010 0.14951484 0.13419419 0.14335824 0.13249326 0.14105420 0.13320736 0.13489760 0.13150692 0.13259362 0.13222102 0.12643703 0.13052059 0.12413305 0.13123468 0.11797645 0.12953375 0.11567241 0.13024784 0.10951581 0.12854741 0.10721183 0.12926151 0.10105524 0.12756107 0.09875126 0.12779908 0.09669923 0.11616744 0.09518737 0.11446700 0.09288338 0.11518110 0.08672679 0.11348073 0.08442229 0.11395675 0.08031824 0.11613320 0.07851817 0.12582641 0.07977808 0.12606442 0.07772606 0.12436355 0.07542149 0.12507764 0.06926489 0.12337721 0.06696092 0.12409125 0.06080485 0.12239087 0.05850034 0.12334298 0.05029172 0.12164205 0.04798768 0.12235614 0.04183108 0.12065571 0.03952710 0.12136979 0.03337061 0.11966937 0.03106653 0.12038346 0.02491004 0.11868304 0.02260595 0.11939712 0.01644946 0.11769670 0.01414538 0.11841078 0.00798889 0.11670986 0.00568474 0.11736923 0.00000000 0.02881869 0.00000000
0 0.50000000 0.19582189 0.71597405 0.21227888 0.71685744 0.17303149 0.67033184 0.16731887 0.50000000 0.15630957 0.50000000 0.19582189
0 0.50000000 0.31930168 0.70291698 0.33464661 0.71730162 0.26557229 0.71172394 0.26291964 0.50000000 0.24947467 0.50000000 0.31930168
0 0.50000000 0.79481576 0.40351888 0.77951816 0.37644711 1.00000000 0.48571428 1.00000000 0.49592720 0.94041671 0.50000000 0.90724641 0.50000000 0.79481576
0 0.74009573 0.70935367 0.70755529 0.71795208 0.71901927 0.76133860 0.76033928 0.74962089 0.75591321 0.73438393 0.74713363 0.73750323 0.74009573 0.70935367
0 0.81446218 0.68490041 0.77082168 0.69843284 0.78203169 0.74388781 0.82567412 0.73035562 0.81446218 0.68490041
