0 0.61979167 0.50161659 0.61312131 0.50252411 0.61038704 0.50052948 0.61244737 0.49788193 0.61042574 0.48395658 0.61248616 0.48130963 0.61080136 0.46970448 0.61286178 0.46705752 0.61117707 0.45545296 0.59918972 0.45708388 0.59645537 0.45508866 0.59477065 0.44348410 0.59683108 0.44083714 0.59514637 0.42923259 0.58315902 0.43086350 0.58042475 0.42886887 0.58008774 0.42654749 0.53213775 0.43307123 0.52940286 0.43107668 0.52771815 0.41947213 0.52498388 0.41747750 0.52018919 0.41812983 0.51745483 0.41613462 0.51265952 0.41678703 0.50992525 0.41479241 0.50273260 0.41577099 0.49999833 0.41377636 0.49520302 0.41442878 0.49246867 0.41243355 0.48767336 0.41308597 0.48493909 0.41109135 0.48014440 0.41174368 0.47741013 0.40974905 0.47021747 0.41072763 0.46748259 0.40873309 0.46268789 0.40938542 0.45995362 0.40739080 0.45515832 0.40804321 0.45242396 0.40604799 0.44762865 0.40670041 0.44489438 0.40470578 0.43770234 0.40568428 0.43496746 0.40368974 0.43017277 0.40434207 0.42743780 0.40234693 0.42264310 0.40299926 0.41990883 0.40100464 0.41511353 0.40165705 0.41237926 0.39966243 0.39080191 0.40259809 0.38806703 0.40060355 0.36409234 0.40386537 0.36203192 0.40651233 0.36371663 0.41811689 0.36165629 0.42076444 0.36334101 0.43236900 0.36127997 0.43501604 0.36296468 0.44662059 0.36090426 0.44926755 0.36292598 0.46319349 0.36086556 0.46584045 0.36255036 0.47744560 0.36048933 0.48009264 0.36217404 0.49169720 0.36011362 0.49434416 0.36179833 0.50594871 0.35973799 0.50859626 0.36142270 0.52020082 0.35936228 0.52284778 0.36104708 0.53445293 0.35898666 0.53709989 0.36067137 0.54870444 0.35861033 0.55135148 0.36029505 0.56295604 0.35823471 0.56560359 0.35991942 0.57720815 0.35785900 0.57985510 0.35954380 0.59146025 0.35748276 0.59410730 0.61979167 0.55841939 0.61979167 0.50161659
0 0.04207519 0.60000000 0.04281448 0.59905032 0.04112968 0.58744517 0.04525086 0.58215121 0.05963580 0.58019409 0.05828801 0.57091033 0.06034862 0.56826335 0.05900083 0.55897958 0.04461583 0.56093670 0.04188144 0.55894210 0.04120750 0.55429992 0.04326805 0.55165294 0.04192026 0.54236918 0.04604132 0.53707463 0.05323379 0.53609607 0.05596833 0.53809127 0.05836586 0.53776508 0.06042632 0.53511750 0.05840468 0.52119216 0.06046523 0.51854518 0.06012821 0.51622380 0.04574328 0.51818091 0.04300882 0.51618631 0.04506943 0.51353932 0.04304771 0.49961338 0.04510825 0.49696641 0.06189078 0.49468309 0.06020607 0.48307854 0.06226661 0.48043156 0.06159267 0.47578938 0.04720768 0.47774651 0.04447322 0.47575191 0.04278851 0.46414735 0.04484903 0.46149977 0.04451210 0.45917898 0.04657271 0.45653200 0.06095765 0.45457489 0.05960986 0.44529112 0.02364740 0.45018392 0.02091297 0.44818932 0.01851547 0.44851550 0.04050749 0.60000000 0.04207519 0.60000000
0 0.31417093 0.60000000 0.32631542 0.59834770 0.32837646 0.59570066 0.33317115 0.59504833 0.33590542 0.59704296 0.34549542 0.59573821 0.34414763 0.58645445 0.34620858 0.58380681 0.34587166 0.58148602 0.32908901 0.58376935 0.32635474 0.58177472 0.32534387 0.57481175 0.32740429 0.57216479 0.32639343 0.56520182 0.32845386 0.56255486 0.34283916 0.56059770 0.34557343 0.56259233 0.34456265 0.55562995 0.33976735 0.55628237 0.33703299 0.55428715 0.33223769 0.55493956 0.32950342 0.55294493 0.32748178 0.53901959 0.32954211 0.53637203 0.34632476 0.53408870 0.34838518 0.53144175 0.34670047 0.51983719 0.32991844 0.52212044 0.32718355 0.52012590 0.32924450 0.51747826 0.32722286 0.50355291 0.32928329 0.50090595 0.34846328 0.49829646 0.34745242 0.49133349 0.33306773 0.49329057 0.33033276 0.49129543 0.32831112 0.47737008 0.33243249 0.47207549 0.34681718 0.47011841 0.34648026 0.46779761 0.34854129 0.46515058 0.34753043 0.45818760 0.33074778 0.46047093 0.32801351 0.45847630 0.33007393 0.45582935 0.32838922 0.44422479 0.33044955 0.44157724 0.33011263 0.43925645 0.33217305 0.43660949 0.34895570 0.43432616 0.34727099 0.42272160 0.33288569 0.42467877 0.33015133 0.42268355 0.33221175 0.42003659 0.33052704 0.40843203 0.33258807 0.40578499 0.34937011 0.40350175 0.34869617 0.39885957 0.34596190 0.39686494 0.34562489 0.39454355 0.33603489 0.39584830 0.33330062 0.39385368 0.33296370 0.39153288 0.32816839 0.39218530 0.32543412 0.39019067 0.31824208 0.39116917 0.31550719 0.38917463 0.31071250 0.38982696 0.30797753 0.38783183 0.30318284 0.38848416 0.30044857 0.38648953 0.29325592 0.38746811 0.29052164 0.38547348 0.28572634 0.38612590 0.28299198 0.38413068 0.27819729 0.38478301 0.27546240 0.38278847 0.27066771 0.38344080 0.26793283 0.38144626 0.26074079 0.38242476 0.25800652 0.38043013 0.25321121 0.38108255 0.25047694 0.37908792 0.24568163 0.37974034 0.24294728 0.37774512 0.23575462 0.37872370 0.23302035 0.37672907 0.22822505 0.37738149 0.22549078 0.37538686 0.22069608 0.37603919 0.21796173 0.37404397 0.21316642 0.37469639 0.21043215 0.37270176 0.20323949 0.37368034 0.20050522 0.37168572 0.15255523 0.37820946 0.14982035 0.37621492 0.14813555 0.36460977 0.13614820 0.36624068 0.13341393 0.36424605 0.13307701 0.36192526 0.11869232 0.36388234 0.11595743 0.36188780 0.11562051 0.35956701 0.10123582 0.36152409 0.09850146 0.35952887 0.09782761 0.35488728 0.08344230 0.35684445 0.08138189 0.35949140 0.08306660 0.37109596 0.08100618 0.37374292 0.08269097 0.38534807 0.08062994 0.38799511 0.08231465 0.39959967 0.08025432 0.40224722 0.08193903 0.41385177 0.07987860 0.41649873 0.08156332 0.42810329 0.07950228 0.43075033 0.08118708 0.44235548 0.07912678 0.44500242 0.08114851 0.45892836 0.07908796 0.46157534 0.08077267 0.47317989 0.07871213 0.47582687 0.08039684 0.48743142 0.07833632 0.49007900 0.08002103 0.50168355 0.07796042 0.50433054 0.07964522 0.51593569 0.07758468 0.51858266 0.07926939 0.53018722 0.07720885 0.53283419 0.07889356 0.54443875 0.07683304 0.54708632 0.07851775 0.55869088 0.07645715 0.56133786 0.07814194 0.57294301 0.07608140 0.57558999 0.07776611 0.58719454 0.07570557 0.58984152 0.07718034 0.60000000 0.31417093 0.60000000
0 0.37048108 0.16158396 0.36842066 0.16423092 0.37010546 0.17583607 0.36804504 0.17848303 0.36972975 0.19008758 0.36766941 0.19273513 0.36901711 0.20201830 0.36695617 0.20466594 0.36864088 0.21627050 0.36658046 0.21891745 0.36826525 0.23052260 0.36620483 0.23316956 0.36788954 0.24477412 0.36582851 0.24742116 0.36751322 0.25902571 0.36545289 0.26167327 0.36713760 0.27327782 0.36507718 0.27592478 0.36676197 0.28752993 0.36470155 0.29017689 0.36638626 0.30178144 0.36432584 0.30442840 0.36601055 0.31603296 0.36394961 0.31868059 0.36529739 0.32796435 0.36323697 0.33061131 0.36492168 0.34221587 0.36286135 0.34486342 0.36454606 0.35646798 0.36248502 0.35911502 0.36416974 0.37071957 0.36210931 0.37336653 0.36278325 0.37800871 0.36551752 0.38000334 0.37031283 0.37935092 0.37304719 0.38134614 0.37784249 0.38069373 0.38057676 0.38268835 0.38537145 0.38203602 0.38810634 0.38403056 0.39290103 0.38337823 0.39563592 0.38537278 0.40043061 0.38472044 0.40316488 0.38671507 0.40796019 0.38606265 0.41069454 0.38805787 0.41548985 0.38740546 0.41822412 0.38940008 0.42301881 0.38874775 0.42575308 0.39074237 0.43294574 0.38976379 0.43568071 0.39175893 0.44047540 0.39110660 0.44320967 0.39310123 0.44800498 0.39244881 0.45073925 0.39444344 0.45553455 0.39379102 0.45826883 0.39578565 0.49183351 0.39121907 0.49456840 0.39321361 0.49625320 0.40481876 0.51063789 0.40286168 0.51337216 0.40485631 0.52535950 0.40322540 0.52809439 0.40521994 0.52843131 0.40754073 0.54281600 0.40558365 0.54555036 0.40757887 0.55993566 0.40562171 0.56266994 0.40761633 0.56334387 0.41225851 0.57053652 0.41127993 0.57327080 0.41327456 0.58046345 0.41229597 0.57911566 0.40301221 0.58117600 0.40036466 0.57881744 0.38411852 0.58087777 0.38147097 0.56649308 0.38342805 0.56375881 0.38143342 0.56308496 0.37679184 0.56514538 0.37414488 0.56278673 0.35789814 0.56484715 0.35525118 0.56316236 0.34364604 0.54877766 0.34560311 0.54604339 0.34360849 0.54810382 0.34096153 0.54675603 0.33167777 0.54881636 0.32903022 0.54713165 0.31742566 0.54919207 0.31477870 0.54750736 0.30317415 0.53552002 0.30480506 0.53278575 0.30281043 0.53110095 0.29120528 0.53316137 0.28855833 0.53080272 0.27231159 0.53286314 0.26966463 0.53117843 0.25806008 0.52638374 0.25871241 0.52364877 0.25671728 0.52125142 0.25704344 0.51851715 0.25504881 0.51649551 0.24112347 0.51855585 0.23847591 0.51586028 0.21990839 0.50147558 0.22186547 0.49874070 0.21987092 0.49840377 0.21755013 0.50046481 0.21490309 0.49911702 0.20561933 0.50117736 0.20297178 0.49949265 0.19136722 0.50155307 0.18872026 0.50020528 0.17943650 0.49061528 0.18074125 0.48514674 0.17675199 0.48312502 0.16282605 0.48518544 0.16017909 0.48282679 0.14393236 0.48488721 0.14128540 0.48421328 0.13664322 0.47222593 0.13827414 0.46949166 0.13627951 0.46881772 0.13163733 0.45443242 0.13359450 0.45169815 0.13159987 0.45102430 0.12695828 0.44896388 0.12960524 0.43937388 0.13090999 0.43663961 0.12891536 0.43630268 0.12659457 0.42191738 0.12855174 0.41918302 0.12655652 0.41850917 0.12191493 0.40652121 0.12354593 0.40378686 0.12155071 0.40344993 0.11922992 0.38906524 0.12118699 0.38633036 0.11919245 0.38599343 0.11687166 0.37160874 0.11882874 0.36954832 0.12147570 0.37123303 0.13308025 0.36917208 0.13572789 0.37085679 0.14733245 0.36879637 0.14997940 0.37048108 0.16158396
0 0.08638414 0.12449913 0.08840587 0.13842507 0.08634545 0.14107202 0.08803016 0.15267658 0.08596921 0.15532422 0.08765392 0.16692877 0.08559350 0.16957573 0.08727821 0.18118029 0.08521779 0.18382725 0.08690259 0.19543239 0.08484155 0.19807944 0.08652626 0.20968399 0.08446593 0.21233154 0.08615064 0.22393610 0.08409022 0.22658306 0.08611185 0.24050841 0.08405152 0.24315596 0.08573623 0.25476051 0.08367581 0.25740747 0.08536061 0.26901262 0.08329957 0.27165966 0.08498428 0.28326422 0.08292386 0.28591118 0.08460857 0.29751573 0.08254824 0.30016328 0.08423295 0.31176784 0.08217192 0.31441488 0.08419364 0.32834082 0.08213322 0.33098778 0.08381793 0.34259234 0.08861324 0.34193992 0.09134759 0.34393514 0.09854025 0.34295656 0.10127452 0.34495119 0.10606921 0.34429885 0.10880409 0.34629340 0.11359879 0.34564107 0.11633367 0.34763561 0.12112836 0.34698328 0.12386263 0.34897790 0.12865794 0.34832549 0.13139230 0.35032071 0.13618761 0.34966829 0.13892188 0.35166292 0.14371657 0.35101058 0.14645084 0.35300521 0.15124615 0.35235279 0.15398050 0.35434801 0.15877581 0.35369560 0.16151008 0.35569023 0.16630477 0.35503789 0.16903966 0.35703244 0.20979700 0.35148728 0.21253127 0.35348190 0.21286819 0.35580270 0.21560317 0.35779783 0.21661403 0.36476081 0.23099872 0.36280373 0.23373299 0.36479835 0.23406991 0.36711914 0.23886522 0.36646673 0.24159949 0.36846135 0.24639418 0.36780902 0.24912907 0.36980356 0.25632172 0.36882498 0.25905608 0.37082020 0.26385077 0.37016787 0.26658504 0.37216250 0.27377769 0.37118392 0.27651258 0.37317846 0.28130727 0.37252612 0.28404163 0.37452135 0.28883693 0.37386893 0.29157120 0.37586356 0.29876386 0.37488498 0.30149813 0.37687960 0.33266547 0.37263919 0.33030682 0.35639246 0.33236786 0.35374541 0.34914989 0.35146217 0.34611740 0.33057385 0.33652740 0.33187860 0.33379313 0.32988397 0.33177140 0.31595803 0.33383182 0.31331107 0.33349490 0.31099028 0.33555523 0.30834273 0.34754319 0.30671173 0.35027755 0.30870695 0.34926669 0.30174398 0.35132702 0.29909643 0.35031625 0.29213405 0.34758198 0.29013943 0.33559463 0.29177034 0.33285966 0.28977520 0.33492070 0.28712816 0.33323598 0.27552360 0.33529641 0.27287665 0.35207905 0.27059332 0.35073118 0.26130896 0.33634588 0.26326612 0.33361161 0.26127150 0.33327468 0.25895070 0.33533510 0.25630375 0.33365030 0.24469860 0.33571134 0.24205155 0.35249338 0.23976831 0.35148260 0.23280593 0.33709791 0.23476301 0.33436355 0.23276779 0.33642398 0.23012083 0.33440234 0.21619549 0.33646268 0.21354793 0.35324533 0.21126460 0.35156061 0.19966005 0.33717531 0.20161721 0.33444104 0.19962258 0.33650146 0.19697563 0.33447974 0.18304968 0.33654016 0.18040273 0.35332281 0.17811940 0.35538323 0.17547244 0.35336151 0.16154650 0.33897682 0.16350358 0.33624255 0.16150895 0.33556861 0.15686677 0.33762903 0.15421981 0.33628124 0.14493605 0.34040270 0.13964205 0.35478739 0.13768497 0.35310259 0.12607982 0.35516301 0.12343286 0.35415215 0.11646989 0.34216481 0.11810080 0.33669626 0.11411155 0.33190096 0.11476397 0.32916660 0.11276875 0.32437130 0.11342116 0.32163702 0.11142654 0.31684233 0.11207887 0.31410745 0.11008433 0.30691480 0.11106291 0.30418052 0.10906828 0.29938583 0.10972061 0.29665156 0.10772599 0.29185625 0.10837840 0.28912190 0.10638319 0.28192924 0.10736177 0.27919497 0.10536714 0.27439967 0.10601955 0.27166540 0.10402493 0.22371540 0.11054867 0.22098105 0.10855345 0.21929634 0.09694889 0.21210368 0.09792747 0.21004335 0.10057503 0.20764539 0.10090128 0.20491103 0.09890605 0.20423718 0.09426447 0.20183983 0.09459064 0.19910548 0.09259542 0.19431017 0.09324783 0.19157590 0.09125321 0.18438325 0.09223179 0.18164898 0.09023716 0.17685428 0.09088950 0.17411940 0.08889495 0.16692675 0.08987353 0.16419248 0.08787891 0.15939778 0.08853124 0.15666342 0.08653602 0.14947077 0.08751460 0.14673589 0.08552006 0.14194120 0.08617239 0.13920692 0.08417776 0.13441162 0.08483018 0.13167726 0.08283496 0.12448461 0.08381354 0.12175035 0.08181903 0.11695566 0.08247137 0.11422076 0.08047671 0.10702811 0.08145529 0.10429382 0.07946054 0.08751117 0.08174387 0.08919590 0.09334855 0.08713548 0.09599550 0.08882019 0.10760006 0.08675985 0.11024761 0.08844457 0.12185217 0.08638414 0.12449913
0 0.00000000 0.32097804 0.00200502 0.33478896 0.00473954 0.33678416 0.01193203 0.33580560 0.01466643 0.33780021 0.01946149 0.33714783 0.02219588 0.33914243 0.02699088 0.33849006 0.02972534 0.34048466 0.03691780 0.33950610 0.03965226 0.34150071 0.04444720 0.34084834 0.04718174 0.34284354 0.05437421 0.34186498 0.05710866 0.34385958 0.06430113 0.34288102 0.06636143 0.34023408 0.06433971 0.32630814 0.06640074 0.32366110 0.06437910 0.30973575 0.06643944 0.30708820 0.06441780 0.29316285 0.06647823 0.29051589 0.06445650 0.27658995 0.06651754 0.27394291 0.06483274 0.26233776 0.06689316 0.25969080 0.06487152 0.24576545 0.06693186 0.24311790 0.06558416 0.23383473 0.06764449 0.23118718 0.06595978 0.21958262 0.06802020 0.21693567 0.06599848 0.20300972 0.06805951 0.20036268 0.06637480 0.18875813 0.06843514 0.18611057 0.06675043 0.17450602 0.06881085 0.17185906 0.06678921 0.15793371 0.06885016 0.15528608 0.06682852 0.14136073 0.06888895 0.13871377 0.06686722 0.12478783 0.06892764 0.12214087 0.06690592 0.10821493 0.06896634 0.10556797 0.06694462 0.09164203 0.06900506 0.08899519 0.06630948 0.07042766 0.06357520 0.06843292 0.05398520 0.06973766 0.05125091 0.06774292 0.03446826 0.07002625 0.03173396 0.06803145 0.03139701 0.06571048 0.02660171 0.06636289 0.02386754 0.06436813 0.01667507 0.06534669 0.01394060 0.06335197 0.00674813 0.06433052 0.00401365 0.06233574 0.00000000 0.06288181 0.00000000 0.32097804
0 0.29568107 0.00000000 0.29688445 0.00828910 0.29482405 0.01093618 0.28043874 0.01289334 0.28616684 0.05234936 0.30055214 0.05039220 0.30328644 0.05238700 0.30564511 0.06863386 0.32002980 0.06667678 0.32276468 0.06867132 0.32310161 0.07099211 0.33988364 0.06870887 0.34261853 0.07070341 0.34295545 0.07302420 0.35494280 0.07139329 0.35767715 0.07338851 0.35801408 0.07570930 0.37239939 0.07375214 0.37513366 0.07574676 0.37547067 0.07806815 0.38985597 0.07611098 0.39259024 0.07810561 0.39292717 0.08042640 0.40731186 0.07846932 0.41004674 0.08046386 0.41038367 0.08278466 0.42476836 0.08082758 0.42750272 0.08282280 0.42783964 0.08514359 0.43982699 0.08351268 0.44256187 0.08550722 0.44323581 0.09014940 0.46241580 0.08753990 0.45769851 0.05504643 0.44331320 0.05700360 0.44057893 0.05500897 0.43259291 0.00000000 0.29568107 0.00000000
0 0.09583143 0.03800971 0.09856572 0.04000452 0.10336103 0.03935210 0.10609533 0.04134691 0.11328798 0.04036832 0.11602227 0.04236307 0.12081696 0.04171074 0.12355186 0.04370540 0.12834655 0.04305307 0.13108147 0.04504779 0.13827350 0.04406929 0.14100780 0.04606410 0.14580311 0.04541168 0.14853739 0.04740642 0.15333270 0.04675401 0.15606699 0.04874875 0.16325964 0.04777017 0.16599394 0.04976498 0.19476393 0.04585073 0.19749823 0.04784554 0.19783517 0.05016645 0.20056946 0.05216119 0.20536477 0.05150878 0.20809907 0.05350358 0.21289437 0.05285117 0.21562867 0.05484597 0.22042336 0.05419364 0.22315826 0.05618830 0.23035092 0.05520972 0.23308520 0.05720446 0.23787990 0.05655213 0.24061419 0.05854694 0.24540950 0.05789452 0.24814380 0.05988932 0.25293910 0.05923691 0.25567339 0.06123165 0.26046808 0.06057932 0.26320299 0.06257398 0.27039564 0.06159540 0.27312989 0.06358991 0.27792458 0.06293758 0.28065894 0.06493280 0.27156136 0.00226725 0.07256936 0.02934070 0.07358020 0.03630355 0.07837489 0.03565122 0.08110918 0.03764597 0.08830183 0.03666738 0.09103673 0.03866205 0.09583143 0.03800971
0 0.73654833 0.45360329 0.70197669 0.43905519 0.69852412 0.47213603 0.73184035 0.48696257 0.73654833 0.45360329
0 0.77649218 0.47100050 0.74192053 0.45645239 0.73846780 0.48953138 0.77178419 0.50435977 0.77649218 0.47100050
0 0.16105986 1.00000000 0.23763629 0.95456739 0.37127507 0.88311582 0.37369359 0.87008509 0.36416588 0.84486838 0.34742443 0.83664682 0.34228769 0.82646814 0.33326181 0.82799035 0.29731860 0.84667498 0.26268570 0.85409364 0.04055845 0.97833723 0.03336562 0.98428386 0.03820112 1.00000000 0.16105986 1.00000000
0 1.00000000 0.65287222 0.82269001 0.64120811 0.81629845 0.68809277 0.81789042 0.70168575 0.99735898 0.71746511 1.00000000 0.71690584 1.00000000 0.65287222
0 0.88566620 0.70111581 0.86517082 0.86961918 0.87300528 0.93651334 0.89432546 0.93791163 0.90088212 0.93680585 0.93404524 0.72022997 0.93367889 0.71181393 0.88658555 0.70096076 0.88566620 0.70111581
