0 0.19230520 0.39122987 0.19221261 0.39368039 0.19079547 0.39595952 0.17490444 0.39390314 0.17481185 0.39635367 0.17339471 0.39863279 0.15750334 0.39657637 0.15676252 0.41618181 0.15534571 0.41846161 0.15330846 0.47237627 0.16125431 0.47340450 0.16134691 0.47095398 0.16276370 0.46867481 0.17070922 0.46970300 0.17080181 0.46725248 0.17221897 0.46497272 0.18016448 0.46600091 0.18025708 0.46355039 0.18167387 0.46127122 0.18829519 0.46212805 0.18838781 0.45967690 0.18980495 0.45739778 0.20569632 0.45945420 0.20578891 0.45700367 0.20720571 0.45472451 0.21515156 0.45575274 0.21524416 0.45330221 0.21666097 0.45102242 0.23387654 0.45325020 0.23415436 0.44589800 0.23557115 0.44361883 0.24219247 0.44447566 0.24228506 0.44202514 0.23566375 0.44116831 0.23443215 0.43854643 0.23489518 0.42629255 0.23631197 0.42401339 0.24293329 0.42487022 0.24435042 0.42259109 0.24509124 0.40298565 0.24385931 0.40036372 0.24450753 0.38320880 0.22861650 0.38115243 0.22852390 0.38360295 0.22710677 0.38588207 0.21916125 0.38485389 0.21888344 0.39220608 0.21746662 0.39448588 0.19230520 0.39122987
0 0.17259835 0.34927708 0.17401517 0.34699729 0.18990654 0.34905371 0.18999914 0.34660319 0.19141593 0.34432402 0.20863184 0.34655184 0.20872446 0.34410069 0.21014125 0.34182152 0.21808676 0.34284971 0.21817936 0.34039918 0.21959649 0.33812006 0.24343338 0.34120467 0.24352598 0.33875415 0.23690466 0.33789732 0.23567274 0.33527476 0.23604315 0.32547204 0.23746029 0.32319292 0.24540580 0.32422111 0.24623922 0.30216514 0.24500762 0.29954326 0.24528544 0.29219106 0.23866412 0.29133423 0.23743220 0.28871167 0.23808040 0.27155738 0.23949756 0.26927763 0.24347048 0.26979175 0.24470206 0.27241425 0.24602626 0.27258561 0.24787831 0.22357200 0.19623127 0.21688862 0.19595348 0.22424019 0.19453666 0.22651999 0.16010553 0.22206443 0.15529019 0.34949983 0.17250575 0.35172761 0.17259835 0.34927708
0 0.14088946 0.20233898 0.13965786 0.19971710 0.14410279 0.08208442 0.03816015 0.06837494 0.03806755 0.07082546 0.04071611 0.07116820 0.04194778 0.07379009 0.03741023 0.19387391 0.14070424 0.20724065 0.14088946 0.20233898
0 0.03156660 0.10199868 0.03286303 0.06768946 0.00902597 0.06460483 0.00421063 0.19204023 0.00685919 0.19238297 0.00827608 0.19010381 0.02946458 0.19284571 0.03279830 0.10462057 0.03156660 0.10199868
0 0.17209782 0.08078147 0.17200522 0.08323199 0.17058807 0.08551174 0.16264255 0.08448355 0.15838284 0.19721455 0.21135407 0.20406929 0.21277087 0.20179012 0.21806799 0.20247559 0.21948479 0.20019643 0.24597074 0.20362384 0.24606334 0.20117331 0.23944168 0.20031644 0.23821010 0.19769393 0.23848792 0.19034173 0.23990471 0.18806256 0.24785056 0.18909080 0.24849879 0.17193587 0.24055294 0.17090764 0.23932134 0.16828576 0.23959913 0.16093419 0.24101594 0.15865440 0.24763760 0.15951127 0.24884143 0.12765258 0.24221977 0.12679570 0.24098817 0.12417382 0.24135858 0.11437110 0.24277540 0.11209130 0.24939706 0.11294818 0.25060089 0.08108949 0.21749361 0.07680524 0.21740099 0.07925640 0.21598420 0.08153556 0.18949858 0.07810820 0.18940599 0.08055872 0.18798919 0.08283789 0.17209782 0.08078147
0 0.33984375 0.02122084 0.33671580 0.02081607 0.33643800 0.02816814 0.33766993 0.03079020 0.33984375 0.03107150 0.33984375 0.02122084
0 0.27022412 0.01959975 0.27145571 0.02222176 0.33237247 0.03010468 0.33274288 0.02030196 0.27050193 0.01224768 0.27022412 0.01959975
0 0.20958484 0.00436471 0.20912183 0.01661809 0.21035376 0.01924020 0.24346070 0.02352440 0.24487750 0.02124504 0.24534051 0.00899167 0.20958484 0.00436471
0 0.17115792 0.00000000 0.17071777 0.01164842 0.17194936 0.01427049 0.20638083 0.01872608 0.20693645 0.00402200 0.17585567 0.00000000 0.17115792 0.00000000
0 0.66116099 0.30764159 0.67605245 0.18433582 0.57500984 0.17701490 0.56562242 0.21051412 0.55957340 0.30551632 0.56306141 0.30959471 0.65255006 0.31507174 0.66116099 0.30764159
0 0.77820018 0.49844504 0.90792333 0.51232403 0.92917816 0.49634647 0.93476413 0.44309110 0.92556726 0.43744131 0.59085682 0.41792203 0.57486115 0.42109213 0.57114162 0.43788715 0.57471156 0.47851673 0.58934479 0.48833574 0.77820018 0.49844504
0 0.01700942 0.74511320 0.17663930 0.75386007 0.18390115 0.70329335 0.02427127 0.69454648 0.02191417 0.69835238 0.01700942 0.74511320
0 0.72838579 0.89721610 0.76384948 0.85220881 0.59386167 0.77823020 0.56224013 0.82550764 0.72838579 0.89721610
0 0.51892410 1.00000000 0.48591408 0.98565817 0.47439293 1.00000000 0.51892410 1.00000000
