0 0.42185926 0.20898438 0.42289810 0.20481781 0.42147558 0.20245035 0.42383807 0.19297493 0.42241568 0.19060698 0.42477817 0.18113156 0.42335565 0.17876410 0.42524567 0.17118366 0.42382315 0.16881620 0.42618576 0.15934029 0.42476276 0.15697271 0.42665278 0.14939228 0.42523027 0.14702481 0.42759275 0.13754939 0.42617024 0.13518193 0.42758778 0.12949648 0.41621688 0.12666140 0.41479934 0.13234685 0.41622234 0.13471443 0.41385440 0.13613682 0.39111309 0.13046678 0.39064062 0.13236177 0.39206313 0.13472923 0.39159054 0.13662470 0.38922308 0.13804721 0.37974765 0.13568473 0.37833011 0.14137017 0.37975263 0.14373763 0.37738516 0.14516015 0.35464386 0.13949010 0.35369879 0.14328056 0.35512130 0.14564803 0.35464883 0.14754301 0.35228125 0.14896601 0.34470081 0.14707600 0.34328339 0.15276096 0.34091593 0.15418347 0.32006961 0.14898590 0.31817948 0.15656682 0.31581202 0.15798934 0.30823158 0.15609932 0.30775911 0.15799431 0.30539116 0.15941670 0.29591574 0.15705421 0.29402572 0.16463465 0.29165814 0.16605765 0.28407771 0.16416763 0.28360523 0.16606262 0.28123777 0.16748514 0.27176187 0.16512253 0.27081692 0.16891250 0.26844934 0.17033550 0.26086890 0.16844549 0.25945136 0.17413094 0.25708390 0.17555345 0.24760847 0.17319096 0.24666353 0.17698094 0.24429607 0.17840345 0.23861062 0.17698591 0.23718762 0.17461833 0.23529263 0.17414585 0.23434756 0.17793631 0.23198010 0.17935883 0.22439967 0.17746881 0.22203718 0.18694424 0.22345969 0.18931170 0.22109211 0.19073470 0.20972170 0.18789973 0.20924923 0.18979472 0.20688128 0.19121712 0.19930085 0.18932710 0.19835578 0.19311756 0.19598832 0.19454007 0.19219834 0.19359513 0.19077534 0.19122754 0.18888036 0.19075507 0.18793541 0.19454505 0.18556795 0.19596756 0.17609253 0.19360507 0.17372992 0.20308098 0.17515243 0.20544844 0.17427082 0.20898438 0.42185926 0.20898438
0 0.45898438 0.20898438 0.45898438 0.12513181 0.45884913 0.12521305 0.45126918 0.12332316 0.44985164 0.12900861 0.45127415 0.13137607 0.44938414 0.13895650 0.45080653 0.14132445 0.44938911 0.14700941 0.45081163 0.14937687 0.44939409 0.15506232 0.45081648 0.15743027 0.44939906 0.16311523 0.45082206 0.16548281 0.44940452 0.17116826 0.45082691 0.17353621 0.44940949 0.17922117 0.45083200 0.18158863 0.44941446 0.18727408 0.45083734 0.18964214 0.44941992 0.19532711 0.45084243 0.19769457 0.44942489 0.20338002 0.45084729 0.20574796 0.45037481 0.20764295 0.44814230 0.20898438 0.45898438 0.20898438
0 0.45898438 0.03466562 0.45547547 0.03379076 0.45216794 0.04705654 0.45359092 0.04942422 0.44981089 0.06458509 0.45123338 0.06695265 0.44934336 0.07453309 0.45076584 0.07690069 0.44934834 0.08258600 0.45077088 0.08495336 0.44982581 0.08874382 0.45124832 0.09111128 0.45077573 0.09300675 0.45898438 0.09505340 0.45898438 0.03466562
0 0.34414189 0.01207095 0.34177392 0.01349344 0.34035640 0.01917879 0.33798891 0.02060141 0.33040848 0.01871139 0.32993598 0.02060648 0.32756848 0.02202913 0.31809306 0.01966665 0.31714805 0.02345687 0.31478057 0.02487948 0.30530466 0.02251687 0.30388714 0.02820222 0.30151966 0.02962483 0.29393922 0.02773481 0.29346671 0.02962995 0.28873125 0.03247510 0.28115129 0.03058520 0.27973378 0.03627055 0.27736581 0.03769304 0.26978537 0.03580303 0.26741789 0.03722564 0.26362791 0.03628069 0.26125999 0.03770299 0.25747002 0.03675804 0.25510195 0.03818092 0.25368441 0.04386637 0.25131695 0.04528888 0.24563198 0.04387146 0.24137948 0.06092732 0.23901153 0.06234971 0.23332609 0.06093217 0.22954606 0.07609304 0.23096905 0.07846063 0.23002399 0.08225109 0.22765604 0.08367348 0.21818062 0.08131099 0.21723555 0.08510145 0.21865855 0.08746903 0.21629606 0.09694446 0.21771846 0.09931240 0.21535597 0.10878782 0.21677848 0.11115529 0.21630601 0.11305027 0.21393843 0.11447327 0.20446252 0.11211066 0.20257262 0.11969061 0.20399550 0.12205868 0.20116054 0.13342909 0.19879259 0.13485148 0.19121264 0.13296159 0.19074005 0.13485706 0.19216256 0.13722452 0.19027255 0.14480496 0.19169506 0.14717242 0.18980505 0.15475286 0.19122744 0.15712080 0.18933755 0.16470075 0.19881346 0.16706336 0.19975840 0.16327339 0.20212586 0.16185087 0.21160129 0.16421336 0.21207376 0.16231837 0.21444134 0.16089537 0.22391676 0.16325786 0.22438924 0.16136287 0.22675718 0.15994048 0.23623261 0.16230297 0.24096765 0.15945746 0.24854857 0.16134759 0.24902104 0.15945260 0.24759804 0.15708502 0.24948806 0.14950459 0.25185613 0.14808171 0.27270196 0.15327916 0.27317443 0.15138417 0.27554189 0.14996166 0.28312281 0.15185179 0.28501283 0.14427136 0.28738029 0.14284884 0.29685571 0.14521133 0.29543332 0.14284338 0.29637827 0.13905341 0.29874573 0.13763090 0.30253619 0.13857596 0.30490365 0.13715345 0.30869363 0.13809840 0.30916622 0.13620292 0.31153368 0.13478041 0.32100959 0.13714302 0.32148206 0.13524803 0.32384964 0.13382503 0.33332507 0.13618752 0.33379754 0.13429253 0.33616549 0.13287014 0.34185045 0.13428756 0.34421791 0.13286505 0.34658052 0.12338914 0.34515801 0.12102168 0.34752547 0.11959916 0.36837179 0.12479673 0.36884426 0.12290175 0.37121221 0.12147935 0.38068763 0.12384184 0.38210517 0.11815639 0.38447275 0.11673339 0.39205319 0.11862341 0.39394308 0.11104346 0.39631066 0.10962046 0.40389110 0.11151047 0.40436357 0.10961549 0.40673152 0.10819309 0.41620694 0.11055558 0.41667953 0.10866011 0.41904699 0.10723760 0.42852242 0.10960008 0.43041243 0.10201965 0.42898992 0.09965219 0.43087993 0.09207175 0.42945742 0.08970429 0.43182003 0.08022838 0.43039749 0.07786102 0.43228751 0.07028058 0.43086453 0.06791290 0.43322704 0.05843738 0.43180456 0.05606978 0.43416709 0.04659421 0.43274460 0.04422665 0.43463461 0.03664622 0.43321164 0.03427854 0.43462916 0.02859319 0.35692981 0.00922056 0.35456232 0.01064320 0.35266734 0.01017073 0.35029985 0.01159336 0.34840437 0.01112077 0.34603688 0.01254343 0.34414189 0.01207095
0 0.45898438 0.61867075 0.37437641 0.59685524 0.29289182 0.58459052 0.27446418 0.65849977 0.27258435 0.68218608 0.27874728 0.68976142 0.45898438 0.73589050 0.45898438 0.61867075
0 0.45898438 0.64599893 0.46297908 0.64745516 0.46400168 0.64145854 0.46246237 0.63771310 0.46297360 0.63471517 0.46553537 0.63246475 0.48193991 0.63844487 0.48551879 0.61745783 0.48141771 0.61596282 0.47987834 0.61221736 0.46142321 0.60548971 0.45898438 0.60763214 0.45898438 0.64599893
0 0.51729978 0.62267471 0.50909751 0.61968465 0.50653584 0.62193511 0.50602461 0.62493304 0.50756382 0.62867844 0.50654122 0.63467507 0.51679393 0.63841260 0.51833313 0.64215799 0.51577146 0.64440846 0.50551876 0.64067092 0.50500740 0.64366962 0.52141194 0.64964975 0.52295114 0.65339514 0.52192868 0.65939100 0.54038417 0.66611879 0.54294584 0.66386833 0.55524898 0.66835332 0.55576021 0.66535539 0.55422101 0.66161000 0.55473237 0.65861130 0.55729404 0.65636084 0.57164814 0.66159349 0.57420980 0.65934303 0.57626076 0.66009069 0.58035088 0.63610572 0.57419904 0.63386313 0.57265944 0.63011677 0.56445770 0.62712690 0.56189538 0.62937794 0.54344041 0.62265034 0.54087874 0.62490081 0.52037281 0.61742555 0.51986157 0.62042348 0.51729978 0.62267471
0 0.52035076 0.56646555 0.51214860 0.56347553 0.51061477 0.57247008 0.52496877 0.57770270 0.52753043 0.57545224 0.52958087 0.57619971 0.53112060 0.57994529 0.52855841 0.58219556 0.52702458 0.59119012 0.53932825 0.59567531 0.54189005 0.59342408 0.56444641 0.60164680 0.56700808 0.59939634 0.56854177 0.59040255 0.57110410 0.58815151 0.57725540 0.59039392 0.57981707 0.58814346 0.58596890 0.59038605 0.58750273 0.58139149 0.57930046 0.57840143 0.57776126 0.57465603 0.55930628 0.56792844 0.55674462 0.57017890 0.53623868 0.56270365 0.53367702 0.56495411 0.52342431 0.56121658 0.52291295 0.56421528 0.52035076 0.56646555
0 0.55363287 0.48624800 0.54748104 0.48400541 0.54696981 0.48700334 0.54440762 0.48925361 0.53620588 0.48626374 0.53364368 0.48851401 0.53159325 0.48776654 0.52903145 0.49001777 0.51877848 0.48628015 0.51826725 0.48927807 0.53057065 0.49376317 0.53313232 0.49151271 0.54133459 0.49450277 0.54287379 0.49824817 0.54031213 0.50049863 0.53826169 0.49975116 0.53672787 0.50874571 0.55313240 0.51472584 0.55569407 0.51247538 0.57620000 0.51995063 0.57824506 0.50795814 0.58080685 0.50570692 0.58900912 0.50869698 0.59157079 0.50644652 0.59567219 0.50794164 0.59720588 0.49894786 0.59515492 0.49820020 0.59361585 0.49445403 0.58131271 0.48996904 0.58080134 0.49296773 0.57823915 0.49521800 0.55978418 0.48849041 0.55824497 0.48474501 0.55619454 0.48399754 0.55363287 0.48624800
0 0.53720049 0.41656777 0.52694768 0.41283020 0.52592522 0.41882606 0.52746440 0.42257226 0.52644194 0.42856812 0.53259366 0.43081068 0.53413297 0.43455611 0.53157120 0.43680654 0.52541947 0.43456398 0.52490811 0.43756268 0.54131254 0.44354276 0.54285227 0.44728835 0.54182968 0.45328498 0.55413282 0.45776998 0.55669461 0.45551875 0.57515011 0.46224653 0.57668394 0.45325198 0.57924560 0.45100151 0.58539691 0.45324392 0.58795910 0.45099365 0.60231268 0.45622611 0.60282391 0.45322818 0.60077347 0.45248071 0.59923427 0.44873532 0.60179606 0.44648409 0.60435235 0.43149367 0.59409965 0.42775614 0.59256044 0.42401075 0.58230774 0.42027322 0.57974555 0.42252349 0.55924014 0.41504843 0.55667795 0.41729870 0.54027341 0.41131857 0.53976218 0.41431650 0.53720049 0.41656777
0 0.57458888 0.35058431 0.57202708 0.35283554 0.56587525 0.35059294 0.56433618 0.34684678 0.54793164 0.34086665 0.54536974 0.34311784 0.54126855 0.34162279 0.53666721 0.36860569 0.54691981 0.37234319 0.54948200 0.37009292 0.55102121 0.37383831 0.54948738 0.38283287 0.56999331 0.39030812 0.57255498 0.38805766 0.59511082 0.39628019 0.59715601 0.38428693 0.59971820 0.38203666 0.61612274 0.38801679 0.61663397 0.38501886 0.60433030 0.38053367 0.60279110 0.37678827 0.60535277 0.37453781 0.61765643 0.37902300 0.62072408 0.36103389 0.61918435 0.35728830 0.61713391 0.35654083 0.61457225 0.35879129 0.59406684 0.35131623 0.59150465 0.35356650 0.58125194 0.34982897 0.57869028 0.35207944 0.57458888 0.35058431
