0 0.26070052 0.63906250 0.26070385 0.63902707 0.25904067 0.63624465 0.25927348 0.63376708 0.25761024 0.63098530 0.25784311 0.62850710 0.25617939 0.62572524 0.25641219 0.62324767 0.25474896 0.62046589 0.25498176 0.61798832 0.25331859 0.61520590 0.25355139 0.61272833 0.25188767 0.60994647 0.25212053 0.60746827 0.25045730 0.60468649 0.25069010 0.60220891 0.24902687 0.59942713 0.24925967 0.59694956 0.24759650 0.59416715 0.24782930 0.59168957 0.24616607 0.58890780 0.24639893 0.58642959 0.24473521 0.58364773 0.24094313 0.58303932 0.23927941 0.58025746 0.23359129 0.57934484 0.23026434 0.57378120 0.23049720 0.57130300 0.22883397 0.56852122 0.21935329 0.56700010 0.21602639 0.56143583 0.21625920 0.55895825 0.21459596 0.55617648 0.21482877 0.55369890 0.21316553 0.55091712 0.21339840 0.54843892 0.21173467 0.54565706 0.21196748 0.54317949 0.21030430 0.54039707 0.21053711 0.53791950 0.20721064 0.53235594 0.20744344 0.52987837 0.20578027 0.52709596 0.20601307 0.52461839 0.20434935 0.52183653 0.20458221 0.51935832 0.20291898 0.51657654 0.20315178 0.51409897 0.20148855 0.51131719 0.20361739 0.50914383 0.20551343 0.50944803 0.20764282 0.50727411 0.20953886 0.50757832 0.20977166 0.50510075 0.20810843 0.50231897 0.20834129 0.49984076 0.20501434 0.49427713 0.20524714 0.49179955 0.20358391 0.48901778 0.20381677 0.48653957 0.20215305 0.48375771 0.20238585 0.48128014 0.20072268 0.47849772 0.20095548 0.47602015 0.19762902 0.47045659 0.19786182 0.46797902 0.19619864 0.46519661 0.19643145 0.46271904 0.19476773 0.45993718 0.19500059 0.45745897 0.19333736 0.45467719 0.19357016 0.45219962 0.19024320 0.44663598 0.18455509 0.44572336 0.18242624 0.44789673 0.18052972 0.44759244 0.17886649 0.44481066 0.17909935 0.44233245 0.17577239 0.43676882 0.17600526 0.43429061 0.17434202 0.43150883 0.17457483 0.42903126 0.17291159 0.42624948 0.17314440 0.42377191 0.17148122 0.42098949 0.17171402 0.41851192 0.16838713 0.41294765 0.16861994 0.41047008 0.16695670 0.40768830 0.16718950 0.40521073 0.16552627 0.40242895 0.16575913 0.39995074 0.16409541 0.39716888 0.16432822 0.39469131 0.16100181 0.38912712 0.16123461 0.38664955 0.15957138 0.38386777 0.15980418 0.38139019 0.15814101 0.37860778 0.15837381 0.37613021 0.15671009 0.37334835 0.15694295 0.37087014 0.15361648 0.36530659 0.15384929 0.36282901 0.15218557 0.36004716 0.14460141 0.35883033 0.14127452 0.35326605 0.14150732 0.35078848 0.13961128 0.35048428 0.13794762 0.34770178 0.13818042 0.34522421 0.12869974 0.34370310 0.12537327 0.33813954 0.11589259 0.33661842 0.11256570 0.33105415 0.11279850 0.32857657 0.09952526 0.32644697 0.09786202 0.32366519 0.09809489 0.32118698 0.07723700 0.31784047 0.07557376 0.31505869 0.07603937 0.31010354 0.05328545 0.30645282 0.05162221 0.30367104 0.05185507 0.30119283 0.04047796 0.29936745 0.04024510 0.30184565 0.04190848 0.30462745 0.04144287 0.30958260 0.04310625 0.31236440 0.04287339 0.31484261 0.05425021 0.31666795 0.05757716 0.32223158 0.05734430 0.32470979 0.05900753 0.32749157 0.05877473 0.32996914 0.06043796 0.33275092 0.06020516 0.33522849 0.05807626 0.33740249 0.05238765 0.33648979 0.05215485 0.33896736 0.05381857 0.34174922 0.05358570 0.34422743 0.05524894 0.34700921 0.05501614 0.34948678 0.05667937 0.35226856 0.05644657 0.35474613 0.05810974 0.35752854 0.05787694 0.36000612 0.06120383 0.36557039 0.06097103 0.36804796 0.06263426 0.37082974 0.06240146 0.37330731 0.06406469 0.37608909 0.06383183 0.37856730 0.06549555 0.38134915 0.06526275 0.38382673 0.06692592 0.38660914 0.06669312 0.38908671 0.07806984 0.39091203 0.08139679 0.39647567 0.08116399 0.39895324 0.08282716 0.40173566 0.08259436 0.40421323 0.08425759 0.40699501 0.08402473 0.40947322 0.08189589 0.41164658 0.07620728 0.41073388 0.07597448 0.41321145 0.07763820 0.41599331 0.07740540 0.41847088 0.07906857 0.42125329 0.07883577 0.42373087 0.08049900 0.42651265 0.08026614 0.42899085 0.08192937 0.43177263 0.08169657 0.43425021 0.08502352 0.43981384 0.08479066 0.44229205 0.08645389 0.44507383 0.08622109 0.44755140 0.08788426 0.45033381 0.08765146 0.45281139 0.09097842 0.45837502 0.09074561 0.46085260 0.09240879 0.46363501 0.09217598 0.46611258 0.10355319 0.46793798 0.10521642 0.47071976 0.10498356 0.47319797 0.10664679 0.47597975 0.10641399 0.47845732 0.10807723 0.48123910 0.10784442 0.48371667 0.10571552 0.48589067 0.10002691 0.48497797 0.09956130 0.48993311 0.10122497 0.49271560 0.10099216 0.49519317 0.10265540 0.49797496 0.10242259 0.50045253 0.10574900 0.50601672 0.10551620 0.50849429 0.10717943 0.51127607 0.10694657 0.51375428 0.10861029 0.51653614 0.10837748 0.51901371 0.11004072 0.52179549 0.10980792 0.52427306 0.11147109 0.52705547 0.12284830 0.52888088 0.12451153 0.53166265 0.12427873 0.53414023 0.12594190 0.53692264 0.12570910 0.53940021 0.12737282 0.54218207 0.12714001 0.54465964 0.12880325 0.54744142 0.12667435 0.54961542 0.11908922 0.54839843 0.11885641 0.55087601 0.12052013 0.55365786 0.12028727 0.55613607 0.12195050 0.55891785 0.12171770 0.56139542 0.12338093 0.56417720 0.12314813 0.56665477 0.12481179 0.56943726 0.12457899 0.57191484 0.12624222 0.57469662 0.12600936 0.57717482 0.12767259 0.57995660 0.12743979 0.58243418 0.12910302 0.58521595 0.14048023 0.58704135 0.14380664 0.59260555 0.14357384 0.59508312 0.14523707 0.59786490 0.14477140 0.60282068 0.14264256 0.60499404 0.13695444 0.60408142 0.13648883 0.60903657 0.13815201 0.61181898 0.13791920 0.61429655 0.13958244 0.61707833 0.13934957 0.61955653 0.14101281 0.62233832 0.24524988 0.63906250 0.26070052 0.63906250
0 0.63995401 0.00000000 0.63665666 0.03001595 0.75951669 0.02701174 0.75957619 0.00000000 0.63995401 0.00000000
0 0.63760931 0.05519472 0.63833325 0.09049293 0.76186219 0.09055403 0.76306765 0.05546596 0.63760931 0.05519472
0 0.63453783 0.11663462 0.63668229 0.15145394 0.75040472 0.15125076 0.75376855 0.11632853 0.63453783 0.11663462
0 0.63756186 0.18213828 0.63321530 0.21193536 0.74761034 0.21578027 0.74941189 0.18155566 0.63756186 0.18213828
0 0.63202054 0.24117962 0.63070565 0.27247924 0.74303465 0.27299599 0.74529217 0.23741685 0.63202054 0.24117962
0 0.63010697 0.29076602 0.62748636 0.32763553 0.74391146 0.33270415 0.74637009 0.29762827 0.63010697 0.29076602
0 0.38965870 1.00000000 0.38984215 0.99889738 0.37656890 0.99769460 0.37490567 0.99612347 0.37630255 0.98772723 0.35544466 0.98583715 0.35378149 0.98426566 0.28551971 0.97807996 0.28385599 0.97650879 0.24214070 0.97272866 0.24074381 0.98112490 0.23861491 0.98235275 0.22534166 0.98114997 0.22367849 0.97957848 0.18196271 0.97579831 0.18029948 0.97422718 0.18169636 0.96583094 0.13239595 0.96136347 0.13073277 0.95979198 0.07005564 0.95429358 0.06839240 0.95272245 0.00771526 0.94722405 0.00605193 0.94565292 0.00000000 0.94510450 0.00000000 0.97777610 0.24524988 1.00000000 0.38965870 1.00000000
0 0.00000000 0.93516091 0.00768168 0.93585701 0.00934501 0.93742814 0.05864494 0.94189557 0.06030860 0.94346710 0.11150506 0.94810639 0.11316830 0.94967752 0.13023362 0.95122393 0.13302745 0.93443110 0.13515629 0.93320360 0.17497603 0.93681196 0.17663927 0.93838308 0.17361263 0.95657523 0.19636656 0.95863713 0.19802973 0.96020862 0.23026434 0.96312963 0.23192806 0.96470080 0.26605871 0.96779363 0.26772194 0.96936476 0.27720311 0.97022392 0.28069541 0.94923279 0.28282425 0.94800529 0.28375553 0.94240768 0.28209230 0.94083655 0.25364977 0.93825916 0.25198659 0.93668768 0.25268500 0.93248974 0.25481385 0.93126224 0.25504671 0.92986257 0.25717556 0.92863507 0.27234484 0.93000967 0.27447368 0.92878217 0.28585089 0.92981314 0.28748064 0.92001723 0.28960948 0.91878973 0.29682689 0.87540815 0.29895574 0.87418065 0.30594035 0.83219839 0.30806919 0.83097089 0.31086302 0.81417806 0.29759026 0.81297532 0.29592654 0.81140414 0.25231521 0.80745220 0.25021985 0.82004674 0.24809053 0.82127419 0.24320128 0.85066192 0.24107243 0.85188942 0.23641605 0.87987748 0.23428720 0.88110498 0.23009643 0.90629440 0.22796758 0.90752190 0.22227898 0.90700642 0.22061575 0.90543529 0.17131533 0.90096782 0.16965215 0.89939633 0.11845570 0.89475704 0.11679246 0.89318592 0.06749204 0.88871844 0.06582881 0.88714732 0.01463260 0.88250805 0.01296928 0.88093655 0.00000000 0.87976131 0.00000000 0.93516091
0 0.94171487 1.00000000 0.97623942 0.71882009 0.83858194 0.70020511 0.77476277 0.69236911 0.76810177 0.77011969 0.74085956 0.76805619 0.71531899 1.00000000 0.94171487 1.00000000
0 0.79845956 1.00000000 0.80827918 0.92002565 0.63447815 0.89868556 0.55103014 0.88893689 0.54437672 1.00000000 0.79845956 1.00000000
