0 0.56939514 0.03930381 0.56504377 0.04556886 0.54520075 0.04830955 0.54241600 0.04586215 0.53497472 0.04688993 0.53218933 0.04444262 0.53279840 0.05002255 0.53062279 0.05315579 0.53123185 0.05873571 0.53371207 0.05839315 0.53649746 0.06084046 0.53897768 0.06049790 0.54176243 0.06294529 0.54672349 0.06226008 0.54950832 0.06470819 0.55198854 0.06436562 0.55477329 0.06681302 0.55973436 0.06612781 0.56251911 0.06857520 0.56499997 0.06823255 0.56778479 0.07068066 0.57274523 0.06999554 0.57552998 0.07244293 0.58049105 0.07175772 0.58327580 0.07420512 0.58575665 0.07386247 0.58854140 0.07630986 0.59350184 0.07562473 0.59628659 0.07807213 0.59876744 0.07772948 0.60155227 0.08017759 0.60651334 0.07949238 0.60929809 0.08193977 0.60168430 0.01218629 0.59672323 0.01287150 0.59393845 0.01042389 0.59145823 0.01076645 0.58867283 0.00831893 0.58371239 0.00900406 0.58092762 0.00655651 0.57596655 0.00724173 0.57318179 0.00479419 0.57100612 0.00792686 0.57191978 0.01629732 0.56974347 0.01943008 0.57065713 0.02780054 0.56848146 0.03093320 0.56939514 0.03930381
0 0.92110554 0.00000000 0.92132489 0.00356861 0.92009973 0.00670128 0.92198623 0.03739286 0.92076070 0.04052562 0.92264722 0.07121735 0.92142204 0.07434988 0.92330855 0.10504160 0.92208337 0.10817413 0.92379835 0.13607518 0.92257286 0.13920851 0.90720880 0.14297690 0.90823778 0.15971739 0.90701260 0.16284991 0.90855614 0.18796172 0.90733060 0.19109433 0.90904563 0.21899610 0.90782045 0.22212862 0.90936394 0.24723972 0.90813876 0.25037224 0.90968225 0.27548333 0.90845676 0.27861666 0.91017174 0.30651771 0.90894660 0.30965095 0.91049010 0.33476204 0.90926492 0.33789457 0.91097990 0.36579562 0.90975476 0.36892887 0.91129825 0.39403996 0.91007307 0.39717248 0.91178810 0.42507425 0.91056256 0.42820686 0.91210605 0.45331795 0.91088087 0.45645048 0.91259590 0.48435225 0.91137072 0.48748477 0.91291425 0.51259658 0.91168872 0.51572919 0.91340370 0.54363024 0.91217852 0.54676277 0.91372205 0.57187458 0.91249688 0.57500710 0.91421190 0.60290887 0.91298672 0.60604140 0.91453021 0.63115249 0.91330503 0.63428501 0.91502006 0.66218678 0.91379452 0.66531940 0.91533801 0.69043049 0.91411288 0.69356373 0.91428437 0.69635369 0.99250275 0.67716886 0.99147373 0.66042766 0.99269891 0.65729513 0.99081240 0.62660340 0.99203793 0.62347079 0.99015142 0.59277906 0.99137660 0.58964653 0.98949008 0.55895480 0.99071526 0.55582227 0.98882875 0.52513054 0.99005393 0.52199802 0.98902490 0.50525681 0.98204121 0.50696972 0.98047305 0.50452233 0.97978705 0.49336176 0.98101223 0.49022924 0.98084074 0.48743927 0.98206587 0.48430603 0.98346290 0.48396338 0.98503110 0.48641149 0.98782444 0.48572636 0.98904957 0.48259312 0.98750608 0.45748203 0.98873161 0.45434942 0.98684510 0.42365769 0.98807028 0.42052516 0.98618377 0.38983343 0.98740895 0.38670090 0.98552243 0.35600918 0.98674797 0.35287656 0.98486146 0.32218483 0.98608663 0.31905231 0.98437165 0.29115125 0.98559679 0.28801801 0.98371028 0.25732628 0.98493545 0.25419376 0.98304899 0.22350274 0.98427412 0.22036950 0.98238761 0.18967777 0.98361314 0.18654516 0.98172667 0.15585414 0.98295181 0.15272090 0.98106529 0.12202917 0.98229047 0.11889665 0.98040400 0.08820563 0.98162950 0.08507230 0.97974298 0.05438057 0.98096816 0.05124804 0.97781812 0.00000000 0.92110554 0.00000000
0 0.81335165 0.00000000 0.81379937 0.00728403 0.81257384 0.01041679 0.81377435 0.02994781 0.81254918 0.03308048 0.81357818 0.04982133 0.81235301 0.05295407 0.81269601 0.05853428 0.81024568 0.06479976 0.79208757 0.06925345 0.79294507 0.08320412 0.79171989 0.08633664 0.79274892 0.10307785 0.79152374 0.10621037 0.79255272 0.12295086 0.79132758 0.12608410 0.79235656 0.14282459 0.79113102 0.14595721 0.79216005 0.16269841 0.79093487 0.16583094 0.79196389 0.18257214 0.79073872 0.18570467 0.79159620 0.19965519 0.79037071 0.20278852 0.79139969 0.21952901 0.79017451 0.22266154 0.79120354 0.23940274 0.78997836 0.24253527 0.79100734 0.25927576 0.78978220 0.26240900 0.79081118 0.27914949 0.78958600 0.28228201 0.79061503 0.29902322 0.78938949 0.30215583 0.79041851 0.31889703 0.78919333 0.32202956 0.79005083 0.33598009 0.78882569 0.33911333 0.78985467 0.35585382 0.78862913 0.35898643 0.78965816 0.37572763 0.78843298 0.37886016 0.78946196 0.39560065 0.78823682 0.39873389 0.78926580 0.41547438 0.78804062 0.41860690 0.78889816 0.43255815 0.78767298 0.43569067 0.78870200 0.45243187 0.78747647 0.45556449 0.78850545 0.47230498 0.78728031 0.47543822 0.78830929 0.49217871 0.78708411 0.49531123 0.78811314 0.51205244 0.78688760 0.51518505 0.78791658 0.53192554 0.78669145 0.53505878 0.78772042 0.55179927 0.78649525 0.55493180 0.78752427 0.57167300 0.78629909 0.57480553 0.78749960 0.59433669 0.78627442 0.59746922 0.78747494 0.61700038 0.78624940 0.62013300 0.78744991 0.63966416 0.78622473 0.64279669 0.78759674 0.66511782 0.79039043 0.66443260 0.79195859 0.66688000 0.82129039 0.65968571 0.82285859 0.66213382 0.82320157 0.66771375 0.82477013 0.67016177 0.82528460 0.67853166 0.84064865 0.67476328 0.84221681 0.67721068 0.84273132 0.68558128 0.84429988 0.68802930 0.84569655 0.68768674 0.84726470 0.69013414 0.85005840 0.68944892 0.85162655 0.69189632 0.85441989 0.69121119 0.85598840 0.69365850 0.85878174 0.69297337 0.86035025 0.69542068 0.86000727 0.68984076 0.86123245 0.68670823 0.86020343 0.66996703 0.86142861 0.66683450 0.86057112 0.65288397 0.86179625 0.64975073 0.86076727 0.63301024 0.86199245 0.62987772 0.86096343 0.61313651 0.86218896 0.61000390 0.86115998 0.59326341 0.86238512 0.59013017 0.86152763 0.57617964 0.86275281 0.57304712 0.86172378 0.55630591 0.86294932 0.55317330 0.86192030 0.53643210 0.86314548 0.53329957 0.86211650 0.51655908 0.86334163 0.51342584 0.86248414 0.49947531 0.86370932 0.49634279 0.86268034 0.47960230 0.86390547 0.47646906 0.86287649 0.45972857 0.86410203 0.45659596 0.86324450 0.44264471 0.86446967 0.43951219 0.86344065 0.42277098 0.86466583 0.41963846 0.86363685 0.40289797 0.86486234 0.39976464 0.86383336 0.38302415 0.86505854 0.37989163 0.86420105 0.36594110 0.86542619 0.36280786 0.86439721 0.34606737 0.86562238 0.34293484 0.86459336 0.32619364 0.86581854 0.32306111 0.86496101 0.30910987 0.86618654 0.30597726 0.86515756 0.28923677 0.86638270 0.28610353 0.86552521 0.27215300 0.86675039 0.26902047 0.86572141 0.25227999 0.86694690 0.24914666 0.86608941 0.23519613 0.86731459 0.23206360 0.86628556 0.21532240 0.86751074 0.21218987 0.86648172 0.19544867 0.86770690 0.19231614 0.86684941 0.17836562 0.86807459 0.17523309 0.86704556 0.15849189 0.86827110 0.15535927 0.86741361 0.14140875 0.86863879 0.13827622 0.86760976 0.12153502 0.86883494 0.11840249 0.86797741 0.10445125 0.86920294 0.10131864 0.86817397 0.08457815 0.86939910 0.08144491 0.86854161 0.06749438 0.86976679 0.06436185 0.86873779 0.04762101 0.86996295 0.04448827 0.86910545 0.03053760 0.87033062 0.02740493 0.86930162 0.01066401 0.87052714 0.00753125 0.87006423 0.00000000 0.81335165 0.00000000
0 0.67723535 0.06910143 0.67792135 0.08026199 0.67669618 0.08339473 0.67738218 0.09455530 0.67615702 0.09768804 0.67684303 0.10884875 0.67561749 0.11198136 0.67613200 0.12035196 0.67490683 0.12348449 0.67559283 0.13464505 0.67436765 0.13777758 0.67505365 0.14893814 0.67382811 0.15207076 0.67434262 0.16044136 0.67311749 0.16357460 0.67380345 0.17473445 0.67257831 0.17786769 0.67326431 0.18902825 0.67203913 0.19216078 0.67272513 0.20332135 0.67149996 0.20645387 0.67201447 0.21482447 0.67078893 0.21795709 0.67147493 0.22911765 0.67024980 0.23225090 0.67093576 0.24341074 0.66971062 0.24654398 0.67022513 0.25491458 0.66899960 0.25804720 0.66968560 0.26920776 0.66846049 0.27234027 0.66914649 0.28350084 0.66792124 0.28663338 0.66843575 0.29500398 0.66721050 0.29813653 0.66789650 0.30929709 0.66667122 0.31242964 0.66735726 0.32359092 0.66613198 0.32672348 0.66681798 0.33788404 0.66559273 0.34101658 0.66610724 0.34938719 0.66488199 0.35251973 0.66556799 0.36368029 0.66434271 0.36681285 0.66502871 0.37797341 0.66380342 0.38110596 0.66431793 0.38947657 0.66309273 0.39260982 0.66377868 0.40376967 0.66255348 0.40690293 0.66323948 0.41806350 0.66201419 0.42119605 0.66252870 0.42956665 0.66007817 0.43583175 0.64331709 0.43994278 0.65223510 0.58503011 0.65380334 0.58747749 0.65466088 0.60142873 0.66723169 0.59834545 0.66879995 0.60079283 0.67019669 0.60045024 0.67176492 0.60289763 0.67262245 0.61684887 0.70893824 0.60794160 0.71050640 0.61038900 0.71067788 0.61317896 0.70945271 0.61631149 0.71013871 0.62747205 0.73109015 0.62233323 0.73057564 0.61396263 0.73180082 0.61083010 0.73128635 0.60246022 0.73251148 0.59932698 0.73182548 0.58816641 0.73305066 0.58503388 0.73236466 0.57387332 0.73358984 0.57074079 0.73307533 0.56237019 0.73430086 0.55923758 0.73361486 0.54807701 0.73484000 0.54494377 0.73415404 0.53378393 0.73537917 0.53065068 0.73469317 0.51949012 0.73591871 0.51635750 0.73540420 0.50798690 0.73662938 0.50485438 0.73594338 0.49369381 0.73716855 0.49056128 0.73648255 0.47940072 0.73770769 0.47626748 0.73702173 0.46510763 0.73824687 0.46197439 0.73773235 0.45360379 0.73895789 0.45047117 0.73827189 0.43931061 0.73949707 0.43617808 0.73881107 0.42501752 0.74003624 0.42188499 0.73952173 0.41351439 0.74074727 0.41038178 0.74006127 0.39922121 0.74128645 0.39608869 0.74060040 0.38492741 0.74182558 0.38179488 0.74131111 0.37342499 0.74253625 0.37029175 0.74185025 0.35913119 0.74307542 0.35599866 0.74238942 0.34483810 0.74361496 0.34170548 0.74292896 0.33054492 0.74415414 0.32741239 0.74363963 0.31904179 0.74486476 0.31590855 0.74417880 0.30474870 0.74540429 0.30161537 0.74471829 0.29045481 0.74594347 0.28732228 0.74525747 0.27616172 0.74648265 0.27302919 0.74596814 0.26465859 0.74719332 0.26152606 0.74650732 0.25036550 0.74773245 0.24723226 0.74704649 0.23607241 0.74827199 0.23293908 0.74775748 0.22456848 0.74898265 0.22143595 0.74829665 0.21027539 0.74952183 0.20714286 0.74883583 0.19598230 0.75006137 0.19284968 0.74937536 0.18168912 0.75060050 0.17855588 0.75008603 0.17018599 0.75131121 0.16705346 0.75062517 0.15589219 0.75185034 0.15275966 0.75116434 0.14159909 0.75238952 0.13846657 0.75170352 0.12730600 0.75292906 0.12417339 0.75241454 0.11580279 0.75363972 0.11267026 0.75295372 0.10150970 0.75417890 0.09837717 0.75349286 0.08721589 0.75471840 0.08408342 0.75420390 0.07571303 0.75542907 0.07258029 0.75474307 0.06141973 0.75596824 0.05828706 0.75528223 0.04712649 0.75650740 0.04399382 0.75582140 0.03283326 0.75704657 0.02970052 0.75653207 0.02133013 0.75775759 0.01819731 0.75741459 0.01261702 0.67919621 0.03180185 0.67971071 0.04017231 0.67848518 0.04330507 0.67917118 0.05446563 0.67794601 0.05759830 0.67846052 0.06596876 0.67723535 0.06910143
0 0.42476174 1.00000000 0.38299758 0.94897718 0.34638883 0.98930893 0.35526960 1.00000000 0.42476174 1.00000000
0 0.73391188 0.76750515 0.81517863 0.75476007 0.81435607 0.75149403 0.73318585 0.76448466 0.73391188 0.76750515
0 0.74135520 0.76190513 0.80477698 0.75231153 0.80480407 0.75244985 0.80575872 0.74830525 0.74089482 0.75901585 0.74135520 0.76190513
0 0.77368814 0.74932647 0.77319814 0.75255177 0.79377484 0.74968657 0.79298771 0.74646486 0.77368814 0.74932647
0 0.74937803 0.73634080 0.75528340 0.73518418 0.75616478 0.74048493 0.76443993 0.73957105 0.76220287 0.73447808 0.77056770 0.73283385 0.77414348 0.73646635 0.79018043 0.73345307 0.78830820 0.73003831 0.79185827 0.72946195 0.79331930 0.73092863 0.79946521 0.72987459 0.80434229 0.72728350 0.80427030 0.72531814 0.80322305 0.72217066 0.73979905 0.73237281 0.74022739 0.73334568 0.73349006 0.73462748 0.73524500 0.73963169 0.74205215 0.73807534 0.74362345 0.74259217 0.75140750 0.74145880 0.74937803 0.73634080
0 0.81435626 0.75089832 0.81920161 0.75070894 0.81294489 0.72379239 0.80842708 0.72398800 0.81435626 0.75089832
