0 0.00389600 0.31964687 0.00714752 0.37230909 0.02782834 0.37138913 0.02722622 0.36163701 0.02940367 0.35958397 0.02687472 0.31862468 0.00389600 0.31964687
0 0.05214155 0.35466113 0.04996412 0.35671368 0.03387899 0.35742921 0.03496282 0.37498312 0.04875005 0.37436980 0.05116840 0.37621841 0.05128882 0.37816873 0.06048031 0.37775986 0.06289857 0.37960796 0.09277076 0.37827913 0.09518952 0.38012771 0.09530994 0.38207804 0.11828837 0.38105586 0.12070651 0.38290397 0.12989800 0.38249510 0.12929587 0.37274298 0.13147374 0.37068992 0.13836691 0.37038328 0.13740350 0.35477970 0.13958080 0.35272716 0.14647457 0.35242050 0.14587244 0.34266838 0.14805034 0.34061582 0.15494351 0.34030918 0.15410052 0.32665592 0.15627783 0.32460339 0.16317159 0.32429672 0.16534945 0.32224366 0.16474733 0.31249155 0.16692464 0.31043901 0.17152008 0.31023459 0.17067709 0.29658132 0.17285440 0.29452879 0.17974816 0.29422213 0.17938688 0.28837065 0.18156477 0.28631809 0.18144435 0.28436777 0.18362166 0.28231523 0.18821711 0.28211081 0.18701283 0.26260608 0.17322589 0.26321937 0.17080716 0.26137129 0.12714803 0.26331342 0.12750932 0.26916489 0.12533201 0.27121743 0.10235300 0.27223963 0.09993486 0.27039152 0.09981441 0.26844070 0.10199171 0.26638816 0.10163043 0.26053669 0.09921228 0.25868858 0.06014802 0.26042632 0.05773000 0.25857820 0.05760958 0.25662788 0.03233301 0.25775228 0.03353726 0.27725651 0.03135978 0.27930906 0.03545429 0.34562455 0.04924158 0.34501123 0.05165984 0.34685934 0.05214155 0.35466113
0 0.00000000 0.25654647 0.00329388 0.30989475 0.01018752 0.30958809 0.00994669 0.30568744 0.01212408 0.30363440 0.01671982 0.30342997 0.01913817 0.30527857 0.01937901 0.30917922 0.02627260 0.30887256 0.02482748 0.28546718 0.02700496 0.28341464 0.02363302 0.22880209 0.00065428 0.22982427 0.00000000 0.22932426 0.00000000 0.25654647
0 0.00000000 0.22398584 0.02556958 0.22284840 0.02424488 0.20139334 0.01275555 0.20190444 0.01033723 0.20005633 0.00114575 0.20046520 0.00000000 0.19958960 0.00000000 0.22398584
0 0.00000000 0.19535338 0.00078446 0.19461374 0.00767805 0.19430708 0.00755763 0.19235676 0.00973511 0.19030422 0.02352234 0.18969090 0.02147507 0.15653291 0.02365249 0.15448037 0.02160525 0.12132287 0.00781808 0.12193618 0.00539976 0.12008808 0.00491805 0.11228628 0.00000000 0.11250506 0.00000000 0.19535338
0 0.28681866 0.00000000 0.15273357 0.00596465 0.15333570 0.01571687 0.15115840 0.01776955 0.15633673 0.10163870 0.15415942 0.10369124 0.15464116 0.11149353 0.17072641 0.11077799 0.17290369 0.10872496 0.17749914 0.10852053 0.17991731 0.11036915 0.18003773 0.11231947 0.17786043 0.11437201 0.17096725 0.11467864 0.17132854 0.12053011 0.16915064 0.12258267 0.15536370 0.12319597 0.15777223 0.16220494 0.15559493 0.16425748 0.15932815 0.22472150 0.15715026 0.22677406 0.15907708 0.25798123 0.19814134 0.25624349 0.20031865 0.25419096 0.20007781 0.25029031 0.20225509 0.24823728 0.20914885 0.24793062 0.20830589 0.23427785 0.21048316 0.23222482 0.21737692 0.23191815 0.21677480 0.22216604 0.21895211 0.22011350 0.22354756 0.21990908 0.22318627 0.21405761 0.20939933 0.21467091 0.20698119 0.21282280 0.20674032 0.20892165 0.20891763 0.20686911 0.22500288 0.20615358 0.22488246 0.20420325 0.22705977 0.20215072 0.23395353 0.20184405 0.23311054 0.18819079 0.23528784 0.18613826 0.28354301 0.18399167 0.28318172 0.17814020 0.28535958 0.17608714 0.28995503 0.17588272 0.28959378 0.17003174 0.29177108 0.16797921 0.29068722 0.15042480 0.29286453 0.14837226 0.29746057 0.14816781 0.29613587 0.12671276 0.29831318 0.12466022 0.29771105 0.11490810 0.28392411 0.11552140 0.28150594 0.11367279 0.28114468 0.10782182 0.28332199 0.10576929 0.29710893 0.10515599 0.29626594 0.09150272 0.29844383 0.08945016 0.30533700 0.08914353 0.30485527 0.08134123 0.30703257 0.07928870 0.31392634 0.07898204 0.31368550 0.07508139 0.31586339 0.07302883 0.32275657 0.07272219 0.32227483 0.06491990 0.32445214 0.06286736 0.32904818 0.06266291 0.32820518 0.04900965 0.33038250 0.04695721 0.33002122 0.04110589 0.32082973 0.04151477 0.31841158 0.03966651 0.31611385 0.03976872 0.31369570 0.03792051 0.31333442 0.03206914 0.31551172 0.03001650 0.33619242 0.02909654 0.33546987 0.01739385 0.33764716 0.01534117 0.33994489 0.01523895 0.34212278 0.01318629 0.34130862 0.00000000 0.28681866 0.00000000
0 0.03624527 0.09720196 0.04313891 0.09689530 0.04555717 0.09874341 0.04579804 0.10264455 0.04362062 0.10469709 0.03213123 0.10520819 0.02971291 0.10336008 0.02741507 0.10346230 0.02982360 0.14247127 0.02764617 0.14452381 0.02909129 0.16792919 0.04517636 0.16721366 0.04759468 0.16906176 0.04807639 0.17686356 0.04589894 0.17891660 0.02981386 0.17963213 0.03162023 0.20888848 0.02944278 0.21094152 0.03016532 0.22264396 0.04625040 0.22192843 0.04866872 0.22377654 0.04915042 0.23157833 0.04697294 0.23363087 0.03088787 0.23434640 0.03173086 0.24799966 0.03632660 0.24779523 0.03874486 0.24964333 0.03886531 0.25159416 0.07103570 0.25016309 0.07345384 0.25201120 0.09873058 0.25088679 0.10114872 0.25273490 0.10126917 0.25468572 0.13114136 0.25335688 0.13839638 0.25890119 0.15218332 0.25828790 0.15146077 0.24658545 0.15363864 0.24453239 0.14954416 0.17821740 0.15172146 0.17616486 0.14774740 0.11180020 0.14992467 0.10974716 0.14607104 0.04733291 0.13228410 0.04794621 0.12986595 0.04609800 0.12950467 0.04024663 0.13168197 0.03819400 0.14776722 0.03747846 0.14584040 0.00627128 0.02405286 0.01168889 0.02838821 0.08190503 0.02621079 0.08395757 0.02681291 0.09370969 0.03370656 0.09340303 0.03612485 0.09525163 0.03624527 0.09720196
0 1.00000000 0.28282455 0.87360021 0.36480556 0.93906235 0.45148583 0.97097536 0.43077631 0.98442899 0.44530148 1.00000000 0.44105173 1.00000000 0.28282455
0 0.24853244 0.64189526 0.24719647 0.62025776 0.07649976 0.62618313 0.07855501 0.65947026 0.23944633 0.65398264 0.23872696 0.64233144 0.24853244 0.64189526
0 0.58906250 0.69532113 0.66288649 0.69142150 0.66019792 0.64498126 0.58906250 0.64927929 0.58906250 0.69532113
0 0.58906250 0.75308340 0.66646288 0.74923560 0.66391801 0.70189183 0.58906250 0.70628299 0.58906250 0.75308340
0 0.59978998 0.83536884 0.59186038 0.83554565 0.59631090 0.91395248 0.60564847 0.91428124 0.59978998 0.83536884
0 0.61033797 0.83499031 0.60235866 0.83513804 0.60833741 0.91336633 0.61589109 0.91190000 0.61033797 0.83499031
0 0.62262628 0.83416638 0.61357590 0.83411791 0.61954997 0.91235776 0.62764734 0.91184627 0.62262628 0.83416638
0 0.62629375 0.83897455 0.63149186 0.91092172 0.63907126 0.91013411 0.63398645 0.83342505 0.62562371 0.83377619 0.62629375 0.83897455
0 0.64461819 0.83257819 0.63718991 0.83306933 0.64302672 0.91226575 0.65057600 0.91134620 0.64461819 0.83257819
0 0.64979449 0.85130921 0.65375655 0.90993592 0.66231725 0.90971812 0.65702314 0.83155126 0.64840164 0.83200310 0.64979449 0.85130921
0 0.66856248 0.83088767 0.66058362 0.83078530 0.66586083 0.90914315 0.67406981 0.90907051 0.66856248 0.83088767
0 0.68008744 0.82981521 0.67186861 0.83011581 0.67654258 0.90911631 0.68527380 0.90856933 0.68008744 0.82981521
0 0.58906250 0.99361925 0.58933490 0.99927225 0.59452877 0.99869453 0.59124057 0.92752536 0.58906250 0.92770918 0.58906250 0.99361925
0 0.60481684 0.91946324 0.59698446 0.91957385 0.60137034 0.99913826 0.60892403 0.99824903 0.60481684 0.91946324
0 0.61693689 0.91911887 0.60863687 0.91893036 0.61129115 0.99633258 0.62000002 0.99640574 0.61693689 0.91911887
0 0.62224771 0.97601490 0.62306867 0.99692612 0.63185662 0.99654929 0.62830514 0.91886708 0.62019727 0.91922636 0.62224771 0.97601490
0 0.63924260 0.91727886 0.63166088 0.91804622 0.63514149 0.99523766 0.64313478 0.99539698 0.63924260 0.91727886
0 0.65026845 0.91780655 0.64246669 0.91805927 0.64628577 0.99496592 0.65405464 0.99370105 0.65026845 0.91780655
0 0.66342229 0.91699385 0.65428950 0.91686030 0.65728194 0.99323658 0.66609913 0.99297478 0.66342229 0.91699385
0 0.67366543 0.91636234 0.66637646 0.91685054 0.66965311 0.99265188 0.67679403 0.99245084 0.67366543 0.91636234
0 0.68564215 0.91562765 0.67684622 0.91567442 0.68004940 0.99257679 0.68866441 0.99155669 0.68564215 0.91562765
