0 0.12388546 0.46875000 0.12190161 0.45854394 0.11806688 0.45928934 0.11577711 0.45774487 0.11167777 0.43665559 0.10592642 0.43777354 0.10363606 0.43622868 0.10177272 0.42664260 0.09026952 0.42887859 0.09064217 0.43079571 0.08909770 0.43308548 0.08334586 0.43420352 0.08446390 0.43995537 0.08291904 0.44224572 0.07908480 0.44299102 0.07945745 0.44490814 0.07791299 0.44719791 0.07216114 0.44831595 0.07327919 0.45406779 0.07173472 0.45635756 0.06598287 0.45747561 0.06710092 0.46322745 0.06555645 0.46551722 0.06172172 0.46626262 0.06220522 0.46875000 0.12388546 0.46875000
0 0.35937500 0.36264189 0.28513668 0.37707236 0.28550933 0.37898947 0.28396447 0.38127983 0.27054415 0.38388847 0.27091680 0.38580559 0.26937185 0.38809546 0.27011724 0.39193018 0.26857277 0.39421995 0.26628300 0.39267548 0.25861404 0.39416618 0.25898669 0.39608329 0.25744222 0.39837306 0.24785565 0.40023650 0.24822830 0.40215362 0.24668393 0.40444388 0.23134601 0.40742527 0.22980154 0.40971504 0.19337384 0.41679586 0.19108408 0.41525140 0.19071133 0.41333379 0.18304237 0.41482448 0.18075260 0.41328002 0.17883499 0.41365276 0.17654522 0.41210829 0.16695914 0.41397164 0.16466938 0.41242717 0.16429673 0.41051005 0.16200637 0.40896519 0.14858606 0.41157383 0.15969998 0.46875000 0.20246622 0.46875000 0.20343606 0.46856148 0.20498053 0.46627171 0.21073237 0.46515367 0.21302214 0.46669814 0.35937500 0.43825002 0.35937500 0.36264189
0 0.00000000 0.40066242 0.00309126 0.40006154 0.00538103 0.40160600 0.01496711 0.39974266 0.01725697 0.40128762 0.01762962 0.40320474 0.01954723 0.40283199 0.02183699 0.40437646 0.02758835 0.40325851 0.02311626 0.38025162 0.01736491 0.38136957 0.01507514 0.37982510 0.01470249 0.37790799 0.01241223 0.37636361 0.01395710 0.37407326 0.01779133 0.37332796 0.01667329 0.36757612 0.01821775 0.36528635 0.02205248 0.36454095 0.02093453 0.35878960 0.02247890 0.35649934 0.02631363 0.35575394 0.02785810 0.35346418 0.03169233 0.35271887 0.03094694 0.34888415 0.03249141 0.34659438 0.03440902 0.34622164 0.03595348 0.34393187 0.03520818 0.34009763 0.03675255 0.33780737 0.06742840 0.33184459 0.06370171 0.31267243 0.06141185 0.31112747 0.05917586 0.29962428 0.03041712 0.30521441 0.02812736 0.30366994 0.02775461 0.30175233 0.00000000 0.30714728 0.00000000 0.40066242
0 0.05863542 0.00000000 0.05924732 0.00314793 0.06308204 0.00240254 0.06537183 0.00394711 0.06574450 0.00586432 0.06957922 0.00511893 0.07186902 0.00666354 0.07261437 0.01049802 0.07453149 0.01012537 0.07911107 0.01321455 0.10786980 0.00762442 0.11015960 0.00916904 0.11053227 0.01108625 0.16756610 0.00000000 0.05863542 0.00000000
0 0.00000000 0.27332283 0.18630162 0.23710946 0.18592898 0.23519234 0.18747393 0.23290248 0.19514290 0.23141179 0.19439750 0.22757706 0.19594197 0.22528729 0.19977621 0.22454199 0.19940355 0.22262487 0.20094842 0.22033452 0.20478265 0.21958922 0.20403735 0.21575498 0.20558231 0.21346512 0.20749943 0.21309247 0.21058827 0.20851244 0.21250539 0.20813979 0.21176009 0.20430556 0.21330495 0.20201520 0.21713919 0.20126990 0.21602124 0.19551855 0.21756620 0.19322869 0.22140043 0.19248339 0.22065504 0.18864866 0.22219951 0.18635889 0.22603423 0.18561350 0.22491619 0.17986165 0.22646065 0.17757188 0.23029538 0.17682649 0.22954999 0.17299176 0.23109446 0.17070199 0.23301157 0.17032935 0.23263892 0.16841223 0.23418329 0.16612197 0.23801802 0.16537657 0.23727272 0.16154234 0.23881719 0.15925257 0.24265192 0.15850717 0.24153387 0.15275533 0.24307834 0.15046556 0.24691257 0.14972026 0.23610506 0.09412041 0.21693290 0.09784710 0.21464303 0.09630214 0.21427038 0.09438502 0.20468381 0.09624846 0.20239404 0.09470399 0.20202130 0.09278638 0.19435234 0.09427708 0.19206257 0.09273261 0.19014496 0.09310536 0.18556542 0.09001642 0.18173119 0.09076172 0.17944093 0.08921735 0.17906819 0.08729974 0.17523395 0.08804504 0.17294369 0.08650067 0.17257104 0.08458355 0.17065392 0.08495620 0.16836406 0.08341124 0.16452982 0.08415654 0.16223956 0.08261217 0.16186691 0.08069505 0.15803268 0.08144035 0.15574242 0.07989598 0.15536977 0.07797886 0.15153554 0.07872416 0.14924567 0.07717920 0.14887302 0.07526208 0.14503829 0.07600748 0.14274853 0.07446301 0.13891380 0.07520841 0.13662394 0.07366345 0.13625129 0.07174633 0.13433417 0.07211898 0.13204440 0.07057451 0.13167175 0.06865739 0.12783703 0.06940279 0.12554726 0.06785832 0.10062325 0.07270306 0.09833339 0.07115810 0.09609739 0.05965490 0.08842794 0.06114569 0.08613817 0.05960122 0.08502013 0.05384938 0.06009612 0.05869412 0.05855165 0.06098388 0.06041500 0.07056996 0.05887004 0.07285983 0.05695292 0.07323248 0.05807097 0.07898432 0.05652660 0.08127458 0.05269236 0.08201988 0.05114740 0.08430974 0.04731317 0.08505504 0.04843112 0.09080640 0.04688625 0.09309675 0.04305202 0.09384205 0.04379732 0.09767629 0.04225294 0.09996654 0.03841822 0.10071194 0.03953617 0.10646329 0.03799170 0.10875306 0.03607458 0.10912571 0.03452972 0.11141606 0.03069548 0.11216137 0.03181353 0.11791321 0.03026906 0.12020298 0.02643433 0.12094837 0.02488987 0.12323814 0.02297275 0.12361079 0.02142779 0.12590065 0.01759355 0.12664595 0.01530379 0.12510149 0.01493113 0.12318437 0.01647560 0.12089460 0.02030984 0.12014930 0.01993709 0.11823169 0.02148205 0.11594183 0.02531629 0.11519653 0.02457089 0.11136180 0.02611585 0.10907194 0.02803297 0.10869929 0.02766032 0.10678217 0.02920479 0.10449240 0.03303902 0.10374710 0.03229363 0.09991238 0.03383859 0.09762251 0.03767282 0.09687721 0.03655478 0.09112537 0.03809973 0.08883551 0.04193397 0.08809021 0.04118867 0.08425597 0.04273304 0.08196571 0.04465016 0.08159306 0.04773959 0.07701343 0.04965671 0.07664078 0.04891131 0.07280605 0.05045627 0.07051619 0.05429051 0.06977089 0.05279981 0.06210193 0.04896557 0.06284723 0.04667531 0.06130286 0.04630257 0.05938525 0.04438545 0.05975790 0.04209568 0.05821343 0.03250960 0.06007677 0.03021935 0.05853240 0.02984670 0.05661528 0.02601246 0.05736058 0.02372220 0.05581621 0.02260416 0.05006437 0.01876992 0.05080967 0.01648006 0.04926471 0.01573476 0.04543047 0.01381764 0.04580312 0.00923756 0.04271404 0.00732045 0.04308669 0.00503016 0.04154217 0.00119592 0.04228747 0.00000000 0.04148076 0.00000000 0.12144286 0.00305479 0.12350334 0.00880664 0.12238529 0.01109641 0.12392976 0.01146906 0.12584688 0.01338667 0.12547414 0.01567643 0.12701860 0.01604908 0.12893572 0.01988332 0.12819042 0.02217318 0.12973538 0.02254583 0.13165250 0.02638056 0.13090710 0.02867033 0.13245157 0.02978837 0.13820342 0.03362310 0.13745802 0.03591287 0.13900249 0.03974710 0.13825719 0.04203736 0.13980156 0.04241011 0.14171917 0.04432722 0.14134652 0.04661699 0.14289099 0.04736239 0.14672571 0.05311423 0.14560767 0.05540400 0.14715214 0.11100435 0.13634452 0.11329411 0.13788899 0.11174965 0.14017876 0.05614930 0.15098637 0.05460483 0.15327614 0.05268771 0.15364879 0.05039795 0.15210432 0.04848034 0.15247707 0.04619057 0.15093260 0.04427345 0.15130525 0.03740356 0.14667145 0.03548645 0.14704410 0.02861655 0.14241030 0.02669944 0.14278295 0.02211941 0.13969411 0.02020229 0.14006676 0.01791253 0.13852229 0.01407780 0.13926769 0.00944390 0.14613709 0.00752679 0.14650974 0.00000000 0.15766917 0.00000000 0.27332283
0 0.49321717 0.46875000 0.49195553 0.46812733 0.48956799 0.45913992 0.47237246 0.46158563 0.46943851 0.46013772 0.46657364 0.44935347 0.43955256 0.45319666 0.43661848 0.45174829 0.43470865 0.44455910 0.41505694 0.44735415 0.41212289 0.44590578 0.41069040 0.44051342 0.40775647 0.43906551 0.40680156 0.43547091 0.41564225 0.46875000 0.49321717 0.46875000
0 0.69741602 0.46875000 0.79437108 0.45496013 0.79634993 0.45281347 0.81108840 0.45071723 0.80870087 0.44172982 0.81068035 0.43958307 0.81559296 0.43888435 0.81511551 0.43708705 0.81709436 0.43494040 0.81613932 0.43134534 0.81811817 0.42919868 0.82057510 0.42884923 0.82255383 0.42670212 0.82016642 0.41771517 0.82214527 0.41556851 0.82705851 0.41486970 0.82903736 0.41272304 0.82712741 0.40553339 0.82910626 0.40338673 0.83401950 0.40268793 0.83163197 0.39370052 0.83361082 0.39155386 0.84098037 0.39050569 0.83859296 0.38151874 0.84057169 0.37937162 0.84302799 0.37902226 0.84064058 0.37003531 0.84261943 0.36788866 0.84998898 0.36684049 0.84760157 0.35785354 0.84958105 0.35570679 0.85449366 0.35500807 0.85306117 0.34961572 0.85503990 0.34746860 0.85408498 0.34387401 0.85606383 0.34172735 0.86343338 0.34067918 0.86152343 0.33348953 0.86350278 0.33134232 0.86841540 0.33064360 0.86555053 0.31985935 0.86752938 0.31771270 0.86998568 0.31736334 0.87196504 0.31521613 0.86957763 0.30622918 0.87155648 0.30408252 0.87892603 0.30303436 0.87701608 0.29584470 0.87899493 0.29369805 0.88390754 0.29299933 0.88152001 0.28401192 0.88349949 0.28186517 0.89086904 0.28081700 0.88991412 0.27722241 0.89189297 0.27507575 0.89093793 0.27148069 0.89291678 0.26933404 0.89537309 0.26898468 0.89346314 0.26179502 0.87872467 0.26389127 0.87579027 0.26244342 0.87340274 0.25345601 0.85375102 0.25625106 0.85081726 0.25480313 0.84842984 0.24581618 0.83369137 0.24791242 0.83075686 0.24646411 0.82789199 0.23567986 0.80332766 0.23917363 0.80039389 0.23772570 0.79848394 0.23053604 0.77883222 0.23333110 0.77296394 0.23043485 0.77057653 0.22144790 0.68951336 0.23297747 0.69524322 0.25454643 0.69326437 0.25669309 0.66869941 0.26018695 0.67108682 0.26917390 0.66910809 0.27132102 0.65928223 0.27271854 0.66166965 0.28170549 0.65969080 0.28385215 0.65232125 0.28490032 0.65423120 0.29208997 0.67388291 0.28929492 0.67681680 0.29074332 0.67968167 0.30152756 0.69196446 0.29978059 0.69783212 0.30267693 0.69974195 0.30986612 0.69776322 0.31201323 0.69039367 0.31306140 0.69278108 0.32204835 0.69080223 0.32419501 0.68588899 0.32489382 0.68827652 0.33388123 0.68629767 0.33602789 0.68138506 0.33672661 0.68377247 0.34571356 0.68179299 0.34786030 0.67688038 0.34855902 0.67490102 0.35070623 0.67681085 0.35789542 0.67483212 0.36004254 0.61342067 0.36877706 0.61144182 0.37092371 0.61382923 0.37991067 0.61185038 0.38205732 0.60693714 0.38275613 0.60884721 0.38994624 0.60686836 0.39209290 0.60195512 0.39279171 0.60434253 0.40177866 0.60236368 0.40392532 0.59499413 0.40497348 0.59301540 0.40712060 0.59588027 0.41790485 0.59390142 0.42005151 0.58898818 0.42075031 0.59089813 0.42793997 0.58891928 0.43008663 0.58400667 0.43078534 0.58202731 0.43293255 0.58298223 0.43652715 0.58591674 0.43797546 0.58639420 0.43977275 0.58441472 0.44191950 0.57950211 0.44261822 0.58141206 0.44980787 0.58878161 0.44875970 0.59171538 0.45020764 0.59662799 0.44950892 0.59956188 0.45095732 0.60147171 0.45814651 0.61866712 0.45570082 0.62160101 0.45714922 0.62398842 0.46613617 0.63627121 0.46438920 0.64213874 0.46728507 0.64252790 0.46875000 0.69741602 0.46875000
0 0.43349989 0.20969971 0.42954220 0.21399302 0.42462958 0.21469174 0.42653966 0.22188185 0.42456018 0.22402860 0.41719063 0.22507677 0.41910058 0.23226642 0.43383968 0.23017009 0.43677345 0.23161802 0.43963832 0.24240227 0.45437742 0.24030594 0.45635627 0.23815928 0.45881257 0.23780992 0.46174634 0.23925786 0.46461133 0.25004257 0.46263248 0.25218922 0.45526356 0.25323730 0.45765109 0.26222471 0.45567162 0.26437146 0.44584576 0.26576899 0.44632321 0.26756629 0.44925698 0.26901422 0.45116693 0.27620387 0.44918821 0.27835099 0.44625432 0.27690259 0.44379801 0.27725195 0.44181928 0.27939907 0.44372911 0.28658826 0.44174976 0.28873547 0.43929345 0.28908483 0.44215832 0.29986908 0.44017947 0.30201573 0.37631124 0.31109968 0.37433235 0.31324682 0.39916174 0.40671230 0.40407467 0.40601354 0.40700863 0.40746145 0.40891858 0.41465110 0.47033016 0.40591656 0.47326393 0.40736450 0.47851633 0.42713616 0.56203644 0.41525714 0.55964903 0.40627019 0.55671514 0.40482179 0.55432773 0.39583484 0.55630658 0.39368818 0.57595829 0.39089313 0.57548084 0.38909583 0.57943841 0.38480205 0.57896096 0.38300476 0.58093980 0.38085810 0.58046235 0.37906080 0.58244170 0.37691359 0.58196425 0.37511629 0.58592182 0.37082252 0.58544436 0.36902522 0.58742384 0.36687848 0.58694638 0.36508118 0.58892523 0.36293452 0.58844765 0.36113676 0.59240535 0.35684345 0.59192777 0.35504569 0.59390662 0.35289903 0.59342917 0.35110173 0.59540864 0.34895499 0.59493119 0.34715769 0.59888876 0.34286392 0.59841130 0.34106662 0.60039066 0.33891941 0.59991320 0.33712211 0.60189205 0.33497545 0.60141459 0.33317816 0.60537217 0.32888438 0.60489471 0.32708708 0.60687356 0.32494043 0.60639598 0.32314267 0.60837546 0.32099592 0.60789800 0.31919862 0.61185570 0.31490531 0.61137812 0.31310755 0.61335760 0.31096080 0.61288014 0.30916351 0.61485887 0.30701639 0.61438141 0.30521909 0.61833911 0.30092578 0.61786165 0.29912848 0.61984038 0.29698136 0.61936292 0.29518406 0.62134240 0.29303731 0.62086482 0.29123956 0.62284367 0.28909290 0.62236621 0.28729560 0.62632454 0.28300220 0.62584696 0.28120444 0.62782581 0.27905778 0.62734835 0.27726048 0.62932708 0.27511337 0.62884962 0.27331607 0.63280732 0.26902275 0.63232987 0.26722546 0.63430922 0.26507825 0.63383176 0.26328095 0.63581061 0.26113429 0.63533303 0.25933654 0.63929136 0.25504313 0.63881390 0.25324583 0.64079275 0.25109917 0.64031517 0.24930142 0.64229402 0.24715476 0.64181656 0.24535746 0.64577414 0.24106369 0.64529668 0.23926639 0.64727616 0.23711964 0.64679870 0.23532234 0.64877743 0.23317523 0.64829997 0.23137793 0.65225818 0.22708406 0.65178072 0.22528677 0.65375957 0.22314011 0.65328211 0.22134281 0.65526096 0.21919615 0.65478338 0.21739839 0.65874108 0.21310508 0.65826350 0.21130732 0.66024298 0.20916057 0.65833303 0.20197092 0.64113762 0.20441662 0.63820385 0.20296868 0.63629390 0.19577903 0.62155480 0.19787536 0.61862103 0.19642742 0.61623350 0.18744001 0.59903809 0.18988571 0.59610433 0.18843777 0.59371691 0.17945082 0.56915196 0.18294468 0.56621819 0.18149674 0.56383078 0.17250979 0.54909230 0.17460604 0.54711283 0.17675278 0.54465652 0.17710214 0.54172276 0.17565420 0.53885776 0.16486950 0.48727217 0.17220649 0.48433777 0.17075864 0.45240389 0.17530058 0.45383627 0.18069247 0.45185754 0.18283959 0.45567744 0.19721890 0.45369859 0.19936555 0.43158994 0.20251005 0.43349989 0.20969971
0 0.00000000 0.70990197 0.07909564 0.68717425 0.08131574 0.68230797 0.16537467 0.65815407 0.16483899 0.65408020 0.16594943 0.65164722 0.30375074 0.61205073 0.30267931 0.60390245 0.30378968 0.60146895 0.32032588 0.59671736 0.31416516 0.54986518 0.31251933 0.54822367 0.30743005 0.50951976 0.08281324 0.57406224 0.08334893 0.57813611 0.08223849 0.58056909 0.03125196 0.59521980 0.03151987 0.59725726 0.03040979 0.59969014 0.00000000 0.60842824 0.00000000 0.70990197
0 0.16238556 0.46875000 0.00000000 0.51541065 0.00000000 0.58728761 0.01808495 0.58209099 0.01754927 0.57801711 0.01865971 0.57558413 0.14819310 0.53836338 0.14792526 0.53632645 0.14903527 0.53389305 0.25100868 0.50459152 0.25074084 0.50255458 0.25185093 0.50012170 0.30283746 0.48547099 0.30063877 0.46875000 0.16238556 0.46875000
0 0.35937500 0.56501010 0.41143272 0.56674377 0.41542882 0.53612179 0.47251949 0.53298321 0.46890049 0.49389305 0.35937500 0.49141662 0.35937500 0.56501010
0 0.41547384 0.66942167 0.39997430 0.70227969 0.39816037 0.75436399 0.39198211 0.76352365 0.39789101 0.80415837 0.40971326 0.81379845 0.51153807 0.82584061 0.52000625 0.81822552 0.55634379 0.54454495 0.55181783 0.53149694 0.50894706 0.52590241 0.50420562 0.55268991 0.45670115 0.55396512 0.43938769 0.63890744 0.41712614 0.64721400 0.41547384 0.66942167
0 0.59313635 0.46875000 0.59155002 0.48000080 0.59756667 0.50071778 0.60789822 0.50268889 0.61194377 0.53373741 0.58547507 0.54087209 0.56949069 0.66336000 0.57135406 0.67294620 0.58663811 0.67992369 0.59025711 0.71901385 0.56144463 0.73456283 0.55259934 0.81189006 0.56362237 0.82765453 0.64057692 0.83458257 0.65671407 0.82547679 0.66561322 0.73819068 0.63999762 0.72924208 0.63563328 0.68631744 0.65906671 0.67380372 0.68180866 0.64749664 0.69113436 0.55216890 0.68181752 0.50423788 0.69566475 0.49358753 0.69728988 0.46875000 0.59313635 0.46875000
