0 0.00000000 0.42187500 0.00000000 0.85546900 0.31250000 0.85546900 0.31250000 0.61328100 0.30859400 0.60937500 0.30859400 0.58593800 0.25000000 0.58593800 0.24609400 0.58203100 0.20312500 0.58203100 0.19921900 0.57812500 0.19921900 0.42187500
0 0.60156200 0.41406200 0.60156200 0.85937500 0.80468800 0.85937500 0.80468800 0.41406200
0 0.48828100 0.41015600 0.48437500 0.41406200 0.38671900 0.41406200 0.38671900 0.85937500 0.57812500 0.85937500 0.57812500 0.41406200 0.57421900 0.41015600
0 0.85156200 0.40625000 0.85156200 0.85546900 0.99609400 0.85546900 0.99609400 0.40625000
0 0.61328100 0.11328100 0.61328100 0.35156200 0.74218800 0.35156200 0.74609400 0.35546900 0.80859400 0.35546900 0.81250000 0.35156200 0.81250000 0.33593800 0.80859400 0.33203100 0.80859400 0.11328100
0 0.37890600 0.11328100 0.37890600 0.35546900 0.57031200 0.35546900 0.57031200 0.11328100
0 0.84375000 0.00000000 0.84375000 0.35156200 0.99609400 0.35156200 0.99609400 0.00000000
0 0.61328100 0.00000000 0.61328100 0.08593750 0.80859400 0.08593750 0.80859400 0.00000000
0 0.37890600 0.00000000 0.37890600 0.05078120 0.37500000 0.05468750 0.37500000 0.08203120 0.39843800 0.08203120 0.40234400 0.08593750 0.57031200 0.08593750 0.57031200 0.00000000
0 0.08984380 0.00000000 0.08984380 0.35546900 0.30859400 0.35546900 0.31250000 0.35156200 0.31250000 0.00000000
0 0.00000000 0.00000000 0.00000000 0.35156200 0.06640620 0.35156200 0.06640620 0.00000000
