0 0.63671900 0.43750000 0.63671900 0.45312500 0.63281200 0.45703100 0.62890600 0.45703100 0.62890600 0.50000000 0.63281200 0.50000000 0.63671900 0.50390600 0.63671900 0.51562500 0.64453100 0.51562500 0.64843800 0.51953100 0.65625000 0.51953100 0.66015600 0.52343800 0.71484400 0.52343800 0.71875000 0.52734400 0.71875000 0.53125000 0.77734400 0.53125000 0.77734400 0.45312500 0.78125000 0.44921900 0.78125000 0.43750000
0 0.79296900 0.43359400 0.79296900 0.53906200 0.85156200 0.53906200 0.85156200 0.43359400
0 0.67187500 0.36328100 0.67187500 0.39843800 0.66796900 0.40234400 0.65625000 0.40234400 0.65234400 0.40625000 0.65234400 0.42187500 0.65625000 0.42578100 0.65625000 0.42968800 0.78125000 0.42968800 0.78125000 0.38281200 0.77734400 0.37890600 0.77734400 0.36718800 0.70312500 0.36718800 0.69921900 0.36328100
0 0.74609400 0.30859400 0.74609400 0.35546900 0.78125000 0.35546900 0.78125000 0.30859400
0 0.54687500 0.29296900 0.54687500 0.30859400 0.60546900 0.30859400 0.60937500 0.31250000 0.60937500 0.35156200 0.64453100 0.35156200 0.64453100 0.32031200 0.64843800 0.31640600 0.66015600 0.31640600 0.66015600 0.29296900
0 0.75781200 0.27734400 0.75781200 0.28515600 0.75390600 0.28906200 0.75390600 0.29296900 0.78906200 0.29296900 0.79296900 0.29687500 0.79296900 0.42578100 0.85156200 0.42578100 0.85156200 0.38281200 0.85546900 0.37890600 0.85937500 0.37890600 0.85937500 0.29296900 0.79296900 0.29296900 0.78906200 0.28906200 0.78906200 0.28125000 0.78125000 0.28125000 0.77734400 0.27734400
0 0.21484400 0.24609400 0.21484400 0.29687500 0.21093800 0.30078100 0.21093800 0.31640600 0.27343800 0.31640600 0.27734400 0.32031200 0.27734400 0.33203100 0.33984400 0.33203100 0.34375000 0.33593800 0.34375000 0.34375000 0.34765600 0.34765600 0.40625000 0.34765600 0.40625000 0.33984400 0.41015600 0.33593800 0.49218800 0.33593800 0.49218800 0.30468800 0.49609400 0.30078100 0.53515600 0.30078100 0.53515600 0.24609400 0.34375000 0.24609400 0.34375000 0.25781200 0.33984400 0.26171900 0.33593800 0.25781200 0.33593800 0.24609400
0 0.12500000 0.24609400 0.12500000 0.26953100 0.12890600 0.27343800 0.12890600 0.36718800 0.17968800 0.36718800 0.17968800 0.24609400
0 0.06250000 0.24609400 0.06250000 0.27343800 0.05859380 0.27734400 0.05859380 0.35937500 0.11328100 0.35937500 0.11328100 0.24609400
0 0.00000000 0.24609400 0.00000000 0.35937500 0.04687500 0.35937500 0.04687500 0.24609400
0 0.54687500 0.23828100 0.54687500 0.27734400 0.66406200 0.27734400 0.66406200 0.25000000 0.60937500 0.25000000 0.60546900 0.24609400 0.60546900 0.24218800 0.58203100 0.24218800 0.57812500 0.23828100
0 0.22656200 0.16015600 0.22656200 0.23046900 0.34765600 0.23046900 0.35156200 0.22656200 0.35546900 0.23046900 0.51953100 0.23046900 0.51562500 0.22656200 0.51562500 0.22265600 0.46093800 0.22265600 0.45703100 0.22656200 0.45312500 0.22265600 0.45312500 0.20703100 0.44921900 0.20312500 0.44921900 0.19921900 0.41796900 0.19921900 0.41406200 0.19531200 0.41406200 0.19140600 0.35156200 0.19140600 0.34765600 0.18750000 0.34765600 0.17578100 0.28906200 0.17578100 0.28515600 0.17187500 0.28515600 0.16015600
0 0.12890600 0.12500000 0.12890600 0.23437500 0.20312500 0.23437500 0.20312500 0.12890600 0.19921900 0.13281200 0.18359400 0.13281200 0.17968800 0.12890600 0.17968800 0.12500000
0 0.06250000 0.12500000 0.06250000 0.23046900 0.11718800 0.23046900 0.11718800 0.21093800 0.11328100 0.20703100 0.11328100 0.12500000
0 0.00000000 0.12500000 0.00000000 0.23437500 0.01171880 0.23437500 0.01562500 0.23046900 0.04687500 0.23046900 0.04687500 0.12890600 0.03515620 0.12890600 0.03125000 0.12500000
0 0.85937500 0.00000000 0.85937500 0.08203120 0.89062500 0.08203120 0.89062500 0.07421880 0.89453100 0.07031250 0.89843800 0.07421880 0.93359400 0.07421880 0.93750000 0.07031250 0.93750000 0.00000000
0 0.76562500 0.00000000 0.76171900 0.00390625 0.76171900 0.03515620 0.75781200 0.03906250 0.75390600 0.03906250 0.75390600 0.07421880 0.75000000 0.07812500 0.75000000 0.08203120 0.84765600 0.08203120 0.84765600 0.00000000
