0 0.58317229 0.20222486 0.59737658 0.20070640 0.59140498 0.14291924 0.58430284 0.14367847 0.58455164 0.14608611 0.58243326 0.14874681 0.58317973 0.15597036 0.58106080 0.15863174 0.57869363 0.15888479 0.58317229 0.20222486
0 0.54729296 0.17928186 0.54966014 0.17902881 0.54941134 0.17662117 0.55152972 0.17396047 0.55053445 0.16432927 0.55265344 0.16166851 0.55502062 0.16141546 0.55203476 0.13252126 0.52836114 0.13505199 0.52574516 0.13289740 0.52524756 0.12808211 0.51577823 0.12909439 0.52150103 0.18447391 0.51938265 0.18713461 0.52012905 0.19435754 0.54616924 0.19157382 0.54517404 0.18194324 0.54729296 0.17928186
0 0.47128956 0.18497245 0.49259539 0.18269484 0.49782802 0.18700457 0.49807682 0.18941222 0.50069280 0.19156681 0.51489649 0.19004842 0.51191069 0.16115484 0.51402967 0.15849408 0.51129268 0.13200814 0.49708838 0.13352660 0.49447240 0.13137200 0.49397474 0.12655610 0.49160756 0.12680915 0.48899097 0.12465463 0.47478729 0.12617301 0.47217131 0.12401842 0.47192244 0.12161016 0.46930586 0.11945564 0.45273499 0.12122708 0.44750243 0.11691796 0.44725363 0.11451032 0.44251866 0.11501649 0.44040028 0.11767718 0.43803310 0.11793024 0.44450230 0.18053269 0.46817531 0.17800202 0.47079190 0.18015655 0.47128956 0.18497245
0 0.38856067 0.17190683 0.41223428 0.16937610 0.41485026 0.17153069 0.41721744 0.17127764 0.41983403 0.17343216 0.42008289 0.17584042 0.42955161 0.17482821 0.43216820 0.17698273 0.43690256 0.17647663 0.43167736 0.12591240 0.43379635 0.12325164 0.43329875 0.11843635 0.43068216 0.11628182 0.42121283 0.11729410 0.41859679 0.11513889 0.41834799 0.11273125 0.41573201 0.11057666 0.38969121 0.11336044 0.38707517 0.11120523 0.38657757 0.10638995 0.36290395 0.10892068 0.36028798 0.10676608 0.35979031 0.10195018 0.35268816 0.10270940 0.35492756 0.12438005 0.35280918 0.12704075 0.35703905 0.16797317 0.38544702 0.16493633 0.38806300 0.16709092 0.38856067 0.17190683
0 0.29374640 0.15769827 0.31742002 0.15516754 0.32003600 0.15732214 0.32053366 0.16213804 0.34420728 0.15960731 0.34682326 0.16176190 0.34732092 0.16657780 0.34993690 0.16873240 0.35230408 0.16847934 0.34533722 0.10106099 0.32166421 0.10359165 0.31904823 0.10143706 0.31855057 0.09662116 0.29961192 0.09864572 0.29699593 0.09649112 0.29649833 0.09167584 0.26808975 0.09471274 0.26883615 0.10193567 0.26671778 0.10459637 0.27169417 0.15275295 0.29063282 0.15072839 0.29324880 0.15288299 0.29374640 0.15769827
0 0.55765086 0.07106112 0.55976924 0.06840043 0.55852517 0.05636159 0.55379081 0.05686769 0.55117417 0.05471255 0.54407262 0.05547171 0.54145665 0.05331712 0.54120784 0.05090948 0.53647288 0.05141565 0.53385690 0.04926106 0.52202039 0.05052639 0.52525499 0.08182762 0.53945868 0.08030923 0.54207466 0.08246382 0.54257232 0.08727973 0.55914379 0.08550822 0.55765086 0.07106112
0 0.12255959 0.12244187 0.12517557 0.12459646 0.12567324 0.12941237 0.15408121 0.12637553 0.15669719 0.12853012 0.15719479 0.13334541 0.17850123 0.13106773 0.17452016 0.09254296 0.17663854 0.08988226 0.17925452 0.09203685 0.18398205 0.13778518 0.20292070 0.13576062 0.20553729 0.13791514 0.20603495 0.14273105 0.20865093 0.14488564 0.23469112 0.14210192 0.23730771 0.14425645 0.23780537 0.14907235 0.26384617 0.14628857 0.25787457 0.08850140 0.24367028 0.09001986 0.24105424 0.08786465 0.23868706 0.08811770 0.23607047 0.08596318 0.23582167 0.08355553 0.21214866 0.08608620 0.20953208 0.08393167 0.20903441 0.07911577 0.17825926 0.08240566 0.17564327 0.08025107 0.17327610 0.08050412 0.17065951 0.07834960 0.17041065 0.07594133 0.16779468 0.07378687 0.15122321 0.07555837 0.14860721 0.07340366 0.14835840 0.07099589 0.14574240 0.06884111 0.12206939 0.07137178 0.11945279 0.06921707 0.11895516 0.06440154 0.09528215 0.06693220 0.09801916 0.09341826 0.09590018 0.09607902 0.09863711 0.12256434 0.10337208 0.12205817 0.10598812 0.12421338 0.12255959 0.12244187
0 0.44726107 0.06825582 0.44775866 0.07307111 0.47143167 0.07054044 0.47404772 0.07269565 0.47454532 0.07751094 0.49821893 0.07498021 0.50083491 0.07713480 0.50133258 0.08195070 0.50394856 0.08410529 0.51815285 0.08258684 0.52027123 0.07992614 0.51728543 0.05103256 0.51018329 0.05179179 0.50756730 0.04963720 0.50283294 0.05014331 0.50021629 0.04798816 0.49996749 0.04558052 0.49049817 0.04659280 0.48788219 0.04443821 0.47604568 0.04570354 0.47342903 0.04354840 0.47318025 0.04114088 0.46371153 0.04215309 0.46109493 0.03999844 0.45636057 0.04050455 0.45374397 0.03834990 0.45324633 0.03353424 0.42957332 0.03606491 0.42695733 0.03391019 0.42645970 0.02909460 0.40041890 0.03187838 0.39780290 0.02972361 0.39730528 0.02490807 0.39020313 0.02566730 0.39418421 0.06419220 0.41312286 0.06216764 0.41573884 0.06432223 0.41623644 0.06913752 0.44464441 0.06610068 0.44726107 0.06825582
0 0.03322664 0.11495071 0.04506326 0.11368536 0.04767924 0.11583995 0.06188353 0.11432150 0.06449958 0.11647671 0.06499718 0.12129200 0.09103797 0.11850821 0.08830098 0.09202228 0.09041935 0.08936158 0.08818001 0.06769143 0.08581283 0.06794448 0.08319683 0.06578970 0.08269920 0.06097411 0.06849490 0.06249256 0.06587891 0.06033785 0.06538127 0.05552219 0.04170766 0.05805292 0.03909167 0.05589820 0.03435670 0.05640437 0.03174083 0.05424965 0.03149201 0.05184182 0.02912471 0.05209489 0.02650859 0.04994012 0.00756994 0.05196468 0.00881402 0.06400370 0.00669548 0.06666461 0.01117416 0.11000479 0.03011281 0.10798023 0.03272897 0.11013480 0.03322664 0.11495071
0 0.32565957 0.04960781 0.32615720 0.05442341 0.32877320 0.05657812 0.35718117 0.05354128 0.35979714 0.05569575 0.36029480 0.06051165 0.38396842 0.05798092 0.38272434 0.04594196 0.38484270 0.04328108 0.38310099 0.02642652 0.38073381 0.02667958 0.37811781 0.02452480 0.37762017 0.01970921 0.35631374 0.02198688 0.35369775 0.01983217 0.35344893 0.01742434 0.35083293 0.01526956 0.32242495 0.01830640 0.31980896 0.01615169 0.31931133 0.01133609 0.30037268 0.01336065 0.29775607 0.01120594 0.29725845 0.00639040 0.28068758 0.00816184 0.27807098 0.00600713 0.27333662 0.00651324 0.27072062 0.00435849 0.27047180 0.00195070 0.26573684 0.00245687 0.27021554 0.04579724 0.29625633 0.04301345 0.29887233 0.04516823 0.29936996 0.04998376 0.32304357 0.04745303 0.32565957 0.04960781
0 0.20169091 0.03121298 0.20218855 0.03602864 0.22822935 0.03324485 0.23346194 0.03755421 0.23371076 0.03996204 0.25028162 0.03819060 0.25289823 0.04034531 0.26236694 0.03933310 0.26186931 0.03451744 0.26398828 0.03185656 0.26100248 0.00296297 0.15447273 0.01435110 0.15571681 0.02639006 0.16992049 0.02487168 0.17253649 0.02702645 0.17303412 0.03184205 0.19907492 0.02905826 0.20169091 0.03121298
0 0.14836585 0.02474152 0.14737058 0.01511032 0.11659543 0.01840022 0.11684424 0.02080801 0.11946024 0.02296276 0.14076607 0.02068515 0.14338207 0.02283992 0.14363089 0.02524769 0.14836585 0.02474152
0 0.35961626 1.00000000 0.38532320 0.96425664 0.38321162 0.95662304 0.36317684 0.94039921 0.35411219 0.94135194 0.34265984 0.95695744 0.33202803 0.95545638 0.32446444 0.94577730 0.33939333 0.92587863 0.33959944 0.91538292 0.32815100 0.90611216 0.31077222 0.90270172 0.30164147 0.89056884 0.29387177 0.89138547 0.21400432 1.00000000 0.35961626 1.00000000
0 0.90074672 0.94641887 0.90106574 0.94937316 0.89970780 0.95100536 0.88908507 0.95209208 0.89243451 0.98311009 0.89698717 0.98264435 0.89866412 0.98396645 0.93508460 0.98024058 0.93676151 0.98156230 0.95952440 0.97923363 0.95872693 0.97184846 0.96008486 0.97021627 0.95609739 0.93328966 0.95745571 0.93165743 0.96049056 0.93134696 0.96184888 0.92971473 0.95881841 0.90165063 0.96017635 0.90001844 0.95826237 0.88229380 0.92032447 0.88617491 0.91864713 0.88485284 0.88374446 0.88842344 0.88964591 0.94307468 0.89268076 0.94276421 0.89435767 0.94408593 0.89451715 0.94556289 0.89906981 0.94509714 0.90074672 0.94641887
0 0.81586627 0.82816594 0.81450799 0.82979855 0.81283104 0.82847645 0.80524354 0.82925266 0.80540307 0.83073000 0.80404513 0.83236219 0.78279966 0.83453563 0.78295914 0.83601259 0.78160121 0.83764478 0.76642582 0.83919725 0.76658530 0.84067421 0.76522741 0.84230678 0.75005201 0.84385924 0.75132800 0.85567566 0.74997006 0.85730786 0.75268151 0.88241766 0.75435846 0.88373976 0.76194636 0.88296351 0.76362327 0.88428523 0.76410173 0.88871611 0.76274383 0.89034868 0.75515594 0.89112493 0.75347899 0.88980283 0.75395749 0.89423408 0.75259960 0.89586665 0.75275909 0.89734361 0.75443600 0.89866533 0.75747123 0.89835483 0.75914814 0.89967655 0.76329511 0.93808011 0.76193717 0.93971230 0.76209666 0.94118926 0.76377361 0.94251136 0.77743119 0.94111417 0.77910849 0.94243586 0.77926798 0.94391282 0.77790966 0.94554505 0.77487481 0.94585552 0.77503430 0.94733248 0.77367601 0.94896509 0.76912375 0.94943079 0.77167571 0.97306363 0.77471056 0.97275317 0.77638747 0.97407489 0.77734443 0.98293702 0.81376491 0.97921115 0.81544225 0.98053321 0.81576123 0.98348713 0.84155897 0.98084798 0.84491322 0.98349177 0.84507271 0.98496873 0.87542272 0.98186387 0.87710002 0.98318556 0.88772237 0.98209888 0.88660587 0.97175941 0.88796420 0.97012718 0.88525274 0.94501738 0.87007735 0.94656984 0.86840044 0.94524812 0.86792193 0.94081687 0.86927987 0.93918467 0.87095678 0.94050640 0.87399202 0.94019589 0.87383253 0.93871893 0.87519042 0.93708636 0.88429574 0.93615487 0.88110582 0.90661419 0.88246372 0.90498162 0.87863577 0.86953236 0.87711835 0.86968759 0.87544105 0.86836591 0.86937136 0.86898684 0.86769406 0.86766516 0.86721555 0.86323391 0.86857388 0.86160168 0.87919623 0.86051499 0.87473029 0.81915752 0.87017763 0.81962326 0.86850068 0.81830116 0.83208020 0.82202702 0.83223973 0.82350436 0.83088179 0.82513655 0.82177648 0.82606804 0.82009957 0.82474632 0.81554730 0.82521202 0.81586627 0.82816594
0 1.00000000 0.81414045 0.99470118 0.76506997 0.98711329 0.76584622 0.98543638 0.76452450 0.93232347 0.76995802 0.93064613 0.76863596 0.87601541 0.77422476 0.87697242 0.78308727 0.88304250 0.78246629 0.88471980 0.78378798 0.88623722 0.78363274 0.88791413 0.78495447 0.88839264 0.78938572 0.88703470 0.79101791 0.87641196 0.79210463 0.88055893 0.83050819 0.88966424 0.82957671 0.89134115 0.83089843 0.89213863 0.83828360 0.89078069 0.83991579 0.88167538 0.84084728 0.88183491 0.84232462 0.88047697 0.84395681 0.88414543 0.87792912 0.89325036 0.87699767 0.89492766 0.87831935 0.89540616 0.88275061 0.89708307 0.88407233 0.93350355 0.88034646 0.93518046 0.88166819 0.95946078 0.87918427 0.95898232 0.87475340 0.96034021 0.87312083 0.97399780 0.87172364 0.97567514 0.87304570 0.97583462 0.87452266 0.98645697 0.87343598 0.98813427 0.87475766 1.00000000 0.87354378 1.00000000 0.81414045
0 0.88449630 0.68226171 0.88313836 0.68389390 0.86796297 0.68544636 0.87338591 0.73566635 0.87202798 0.73729854 0.87266597 0.74320675 0.87434288 0.74452848 0.88344820 0.74359699 0.88512511 0.74491871 0.88544412 0.74787301 0.88408619 0.74950520 0.87346345 0.75059192 0.87553691 0.76979351 0.91954528 0.76529139 0.92122223 0.76661349 0.97433514 0.76117996 0.97601244 0.76250165 0.99422268 0.76063872 0.98513132 0.67644680 0.98345437 0.67512470 0.97890171 0.67559044 0.97722441 0.67426876 0.97706492 0.67279180 0.97099523 0.67341274 0.96931793 0.67209106 0.96780051 0.67224629 0.96444626 0.66960251 0.95685876 0.67037872 0.95518185 0.66905699 0.95502236 0.66758004 0.94439962 0.66866676 0.94272267 0.66734465 0.94240369 0.66439074 0.91053587 0.66765086 0.90885896 0.66632914 0.86788582 0.67052075 0.86836429 0.67495162 0.86988171 0.67479639 0.87155866 0.67611849 0.88218140 0.67503177 0.88385831 0.67635349 0.88449630 0.68226171
0 0.83745347 0.68707426 0.83609515 0.68870649 0.83306030 0.68901696 0.83321979 0.69049392 0.83186151 0.69212653 0.83313749 0.70394295 0.83177955 0.70557514 0.83026213 0.70573038 0.82858522 0.70440865 0.82922321 0.71031686 0.82786528 0.71194906 0.82331262 0.71241480 0.82379112 0.71684605 0.82243280 0.71847829 0.81788053 0.71894399 0.81835903 0.72337524 0.81700110 0.72500743 0.81244844 0.72547318 0.81292695 0.72990443 0.81156862 0.73153666 0.80853377 0.73184713 0.80717584 0.73347933 0.80765434 0.73791058 0.80629641 0.73954277 0.80461911 0.73822109 0.80158426 0.73853156 0.80190324 0.74148547 0.80054496 0.74311808 0.79902753 0.74327332 0.79735058 0.74195122 0.79782908 0.74638247 0.79647119 0.74801504 0.79191853 0.74848078 0.79056060 0.75011298 0.79087957 0.75306689 0.78952125 0.75469913 0.78648640 0.75500959 0.78680542 0.75796389 0.78544749 0.75959608 0.78089483 0.76006183 0.78105436 0.76153916 0.77969642 0.76317135 0.77514376 0.76363710 0.77562223 0.76806797 0.77865707 0.76775750 0.78033441 0.76907957 0.78081292 0.77351082 0.77945459 0.77514305 0.75820951 0.77731645 0.75868797 0.78174733 0.75733008 0.78337990 0.75277742 0.78384564 0.75357490 0.79123081 0.75221696 0.79286301 0.74766430 0.79332875 0.74846182 0.80071430 0.74710389 0.80234649 0.74406865 0.80265700 0.74454712 0.80708787 0.74318922 0.80872044 0.74621969 0.83678454 0.76746516 0.83461110 0.76730564 0.83313376 0.76866357 0.83150157 0.78535600 0.82979391 0.78503698 0.82683962 0.78639531 0.82520738 0.79094796 0.82474164 0.79046950 0.82031076 0.79182740 0.81867819 0.79486224 0.81836772 0.79622018 0.81673553 0.80077283 0.81626979 0.80245013 0.81759147 0.80340714 0.82645398 0.80795941 0.82598827 0.80779988 0.82451094 0.80915782 0.82287874 0.82585063 0.82117105 0.82569115 0.81969409 0.82704947 0.81806185 0.85588206 0.81511224 0.85755897 0.81643396 0.87425178 0.81472626 0.87169982 0.79109342 0.85955966 0.79233537 0.85788275 0.79101365 0.85740425 0.78658240 0.85572734 0.78526067 0.85708523 0.78362810 0.85860265 0.78347287 0.86027999 0.78479493 0.87242015 0.78355297 0.86843268 0.74662637 0.86979061 0.74499418 0.86723865 0.72136133 0.85358107 0.72275852 0.85190377 0.72143684 0.85174428 0.71995988 0.85310260 0.71832765 0.85613745 0.71801718 0.85597792 0.71653985 0.85733586 0.71490765 0.86644117 0.71397617 0.86500570 0.70068278 0.86636359 0.69905021 0.86333317 0.67098649 0.84208769 0.67315994 0.84224718 0.67463690 0.84088925 0.67626909 0.83785440 0.67657956 0.83849239 0.68248777 0.83713450 0.68412034 0.83745347 0.68707426
0 0.84185102 0.65675699 0.84049270 0.65838922 0.84144970 0.66725173 0.85358986 0.66600977 0.85526716 0.66733145 0.87347740 0.66546852 0.87188240 0.65069780 0.86884717 0.65100831 0.86717027 0.64968666 0.86605378 0.63934731 0.86301855 0.63965782 0.86134163 0.63833599 0.86118213 0.63685895 0.84600713 0.63841138 0.84680461 0.64579662 0.84544669 0.64742893 0.84592518 0.65186007 0.84456685 0.65349222 0.84153200 0.65380269 0.84185102 0.65675699
