0 0.65937500 0.44656512 0.59564273 0.44914536 0.59793434 0.48292456 0.65937500 0.48043710 0.65937500 0.44656512
0 0.40678647 0.47870819 0.40692130 0.48069559 0.58439974 0.47351026 0.58278213 0.44966603 0.53905568 0.45143632 0.53634890 0.44955356 0.46432859 0.45246935 0.46486776 0.46041692 0.46243060 0.46250845 0.43670873 0.46354981 0.43400192 0.46166654 0.43346275 0.45371897 0.36658642 0.45642650 0.36387961 0.45454323 0.29957593 0.45714661 0.30065434 0.47304276 0.34180880 0.47137660 0.34451561 0.47325987 0.34478520 0.47723365 0.40137291 0.47494266 0.40678647 0.47870819
0 0.65937500 0.39476047 0.61271512 0.39664953 0.61352395 0.40857190 0.61108675 0.41066292 0.61324356 0.44245522 0.65937500 0.44058757 0.65937500 0.39476047
0 0.60552759 0.44276761 0.59757433 0.32553335 0.60001153 0.32344233 0.59596749 0.26383150 0.53423580 0.26633075 0.53152902 0.26444798 0.52638438 0.26465627 0.53029363 0.32228020 0.52785644 0.32437123 0.53594449 0.44359238 0.54108846 0.44338412 0.54379590 0.44526686 0.60552759 0.44276761
0 0.50778542 0.44672476 0.50711143 0.43678980 0.47624558 0.43803942 0.47353880 0.43615666 0.47246040 0.42026050 0.47489756 0.41816897 0.50576340 0.41691935 0.50820060 0.41482833 0.50752660 0.40489336 0.49981064 0.40520575 0.49710320 0.40332301 0.47395398 0.40426022 0.47124716 0.40237695 0.47016875 0.38648079 0.47260595 0.38438977 0.48032258 0.38407736 0.48302936 0.38596012 0.50360659 0.38512704 0.50604379 0.38303602 0.50563938 0.37707484 0.50293259 0.37519207 0.47206675 0.37644170 0.46935997 0.37455893 0.46828156 0.35866278 0.47071876 0.35657176 0.50415659 0.35521801 0.50334777 0.34329564 0.46990993 0.34464939 0.46720315 0.34276662 0.46612475 0.32687047 0.46856194 0.32477945 0.50199978 0.32342570 0.50146054 0.31547711 0.46802271 0.31683087 0.46531592 0.31494810 0.46423752 0.29905195 0.46667471 0.29696093 0.50011255 0.29560717 0.49930372 0.28368481 0.47101053 0.28483027 0.46830309 0.28294754 0.46573110 0.28305166 0.46302432 0.28116890 0.46208070 0.26725964 0.28974624 0.27423671 0.29257708 0.31596450 0.29013989 0.31805552 0.29930635 0.45317282 0.42019773 0.44827846 0.42290452 0.45016122 0.50778542 0.44672476
0 0.65419437 0.20967001 0.65082436 0.15999465 0.63796310 0.16051535 0.63525631 0.15863259 0.63485190 0.15267140 0.56797624 0.15537891 0.56838065 0.16134009 0.56594345 0.16343111 0.53250496 0.16478489 0.52979818 0.16290213 0.52939377 0.15694094 0.49595593 0.15829469 0.49324846 0.15641145 0.49311367 0.15442456 0.45967583 0.15577831 0.46008024 0.16173949 0.45764305 0.16383051 0.42677720 0.16508014 0.42407042 0.16319737 0.42366601 0.15723619 0.42095923 0.15535342 0.37208814 0.15733200 0.37384055 0.18316312 0.37140272 0.18525468 0.37369433 0.21903388 0.48172512 0.21466018 0.48443190 0.21654295 0.65419437 0.20967001
0 0.37387353 0.06959074 0.37116609 0.06770800 0.29142982 0.07093618 0.29318222 0.09676730 0.29074437 0.09885835 0.29424921 0.15052110 0.38170276 0.14698049 0.37644552 0.06948661 0.37387353 0.06959074
0 0.60128176 0.00000000 0.60900667 0.11386823 0.60656947 0.11595925 0.60845670 0.14377777 0.64961116 0.14211161 0.63997020 0.00000000 0.60128176 0.00000000
0 0.49037521 0.00000000 0.49462947 0.06270951 0.49219227 0.06480053 0.38673413 0.06907007 0.38727334 0.07701815 0.42071117 0.07566440 0.42341795 0.07754716 0.42422678 0.08946953 0.42178958 0.09156055 0.38835175 0.09291430 0.38996935 0.11675853 0.39768598 0.11644612 0.40039276 0.11832888 0.42354198 0.11739168 0.42624880 0.11927495 0.42692279 0.12920992 0.42448560 0.13130094 0.39104776 0.13265469 0.39212617 0.14855084 0.41784738 0.14750950 0.42055482 0.14939224 0.48743048 0.14668474 0.49013730 0.14856801 0.55958562 0.14575635 0.56229240 0.14763911 0.60087487 0.14607708 0.60331206 0.14398606 0.60155963 0.11815443 0.56812179 0.11950818 0.56541501 0.11762541 0.56460619 0.10570305 0.56704339 0.10361202 0.60048122 0.10225827 0.59913323 0.08238833 0.58370064 0.08301313 0.58099385 0.08113037 0.56556060 0.08175519 0.56285379 0.07987192 0.56217979 0.06993695 0.56461699 0.06784593 0.59805482 0.06649218 0.59657200 0.04463484 0.56570616 0.04588446 0.56299938 0.04400170 0.56232536 0.03406648 0.56476255 0.03197530 0.59562839 0.03072568 0.59414559 0.00886850 0.56327974 0.01011812 0.56057295 0.00823520 0.56001427 0.00000000 0.49037521 0.00000000
0 0.38204837 0.00000000 0.38417292 0.03131668 0.39960551 0.03069189 0.40231230 0.03257480 0.40271670 0.03853583 0.40027952 0.04062701 0.38484692 0.04125180 0.38632972 0.06310889 0.48407124 0.05915176 0.48005833 0.00000000 0.38204837 0.00000000
0 0.32105433 0.00000000 0.28928377 0.00128625 0.28955337 0.00526029 0.28711619 0.00735146 0.29116020 0.06696189 0.37604111 0.06352543 0.37173150 0.00000000 0.32105433 0.00000000
0 0.82211965 0.26148081 0.86617673 0.21379876 0.84049556 0.19769417 0.80183089 0.24446307 0.82211965 0.26148081
0 0.82477942 0.17922732 0.71583074 0.29092765 0.73616021 0.30949851 0.84052429 0.19886928 0.82477942 0.17922732
0 0.81234307 0.18853157 0.79929347 0.18001379 0.70234881 0.28437113 0.71552630 0.29246288 0.81234307 0.18853157
0 0.75064440 0.22871570 0.73874494 0.22273809 0.69266823 0.27397915 0.70343442 0.28167937 0.75064440 0.22871570
0 0.78166210 0.28419026 0.77526616 0.27619529 0.73424009 0.31316497 0.74960401 0.32243296 0.78166210 0.28419026
0 0.82108050 0.30658764 0.86535638 0.26469269 0.85638267 0.25745867 0.81221005 0.29956257 0.82108050 0.30658764
0 0.87983041 0.28020800 0.86846763 0.27124509 0.83210938 0.31144834 0.83750765 0.31814062 0.87983041 0.28020800
0 0.89208686 0.29541552 0.88044532 0.28620905 0.84481509 0.32606278 0.85955560 0.33355628 0.89208686 0.29541552
0 0.28910940 1.00000000 0.59373397 0.98812105 0.59279036 0.97472379 0.59522756 0.97270974 0.59091393 0.91146566 0.59335113 0.90945161 0.59294671 0.90370986 0.57236948 0.90451227 0.56966267 0.90269833 0.54394146 0.90370133 0.54123468 0.90188787 0.53948228 0.87700759 0.49061119 0.87891334 0.48519694 0.87528595 0.48506214 0.87337220 0.46448491 0.87417461 0.46177813 0.87236115 0.46137372 0.86661940 0.45866694 0.86480594 0.43808971 0.86560836 0.43538293 0.86379490 0.41223305 0.86469764 0.40952624 0.86288369 0.40898707 0.85522867 0.39355448 0.85583047 0.39084700 0.85401654 0.36255315 0.85511987 0.35984636 0.85330641 0.35917237 0.84373715 0.33087917 0.84484045 0.32817173 0.84302702 0.30759450 0.84382943 0.30488768 0.84201549 0.30421369 0.83244622 0.30150691 0.83063276 0.21148136 0.83414334 0.20877458 0.83232988 0.11874904 0.83584046 0.11604222 0.83402651 0.02601668 0.83753709 0.02330977 0.83572363 0.00530466 0.83642575 0.00692227 0.85939228 0.03521599 0.85828896 0.04062982 0.86191586 0.04197784 0.88105488 0.03954051 0.88306894 0.03981013 0.88689694 0.03737280 0.88891099 0.00907908 0.89001432 0.01682574 1.00000000 0.28910940 1.00000000
0 0.56001427 0.50937500 0.56138176 0.52879038 0.55894457 0.53080453 0.56312341 0.59013485 0.58112865 0.58943273 0.58383543 0.59124619 0.58531825 0.61229896 0.59560686 0.61189775 0.59831364 0.61371121 0.60505370 0.70940533 0.60261650 0.71141938 0.60693013 0.77266346 0.60449228 0.77467753 0.60853632 0.83209410 0.62654156 0.83139198 0.62924834 0.83320544 0.62992234 0.84277470 0.65564420 0.84177167 0.65835099 0.84358513 0.65915981 0.85506864 0.65672261 0.85708269 0.60785153 0.85898843 0.60960393 0.88386872 0.60716673 0.88588277 0.61201960 0.95478284 0.60958240 0.95679689 0.61173922 0.98741893 0.65937500 0.98556136 0.65937500 0.78488068 0.63997020 0.50937500 0.56001427 0.50937500
