0 0.42801924 0.39950980 0.43078111 0.37997246 0.42921684 0.37823343 0.42564995 0.37785303 0.42408569 0.37611400 0.42649432 0.35907542 0.42849649 0.35771674 0.43028016 0.35790697 0.43228233 0.35654829 0.43406554 0.35673847 0.43756899 0.33195522 0.43600478 0.33021580 0.43065468 0.32964522 0.42909041 0.32790619 0.43128009 0.31241647 0.43328226 0.31105779 0.43863237 0.31162836 0.44060304 0.29768789 0.36035331 0.28912946 0.34474956 0.39950980 0.42801924 0.39950980
0 0.45996094 0.13100855 0.45890120 0.12983041 0.35190140 0.11841916 0.35033714 0.11668013 0.34677025 0.11629973 0.34611334 0.12094669 0.34411117 0.12230537 0.30309447 0.11793104 0.30153021 0.11619201 0.30218712 0.11154506 0.20053743 0.10070438 0.20031847 0.10225323 0.20923501 0.10320416 0.21079973 0.10494324 0.20992387 0.11113905 0.20792125 0.11249768 0.19697295 0.18994552 0.20588948 0.19089644 0.20745420 0.19263552 0.20044731 0.24220201 0.20201152 0.24394143 0.21984505 0.24584333 0.22006406 0.24429408 0.22206622 0.24293541 0.24168251 0.24502743 0.24324723 0.24676651 0.24302822 0.24831576 0.28226125 0.25249986 0.28626610 0.24978215 0.30231595 0.25149383 0.30388022 0.25323286 0.30366121 0.25478211 0.37499441 0.26238961 0.37655913 0.26412869 0.37612123 0.26722639 0.44567075 0.27464367 0.44961210 0.24676272 0.44804783 0.24502369 0.44979956 0.23263207 0.44444945 0.23206149 0.44288525 0.23032207 0.44441796 0.21947969 0.44642019 0.21812062 0.45355350 0.21888137 0.45968454 0.17551069 0.45790132 0.17532051 0.45633705 0.17358149 0.45655601 0.17203263 0.45120590 0.17146206 0.44964164 0.16972303 0.45073651 0.16197797 0.45273867 0.16061929 0.45430294 0.16235832 0.45965304 0.16292889 0.45996094 0.16271995 0.45996094 0.13100855
0 0.21477335 0.00000000 0.20119433 0.09605742 0.26182732 0.10252377 0.26248423 0.09787682 0.26448686 0.09651819 0.27875350 0.09803969 0.28075566 0.09668101 0.45730544 0.11550958 0.45861926 0.10621567 0.45996094 0.10530520 0.45996094 0.02302669 0.24404668 0.00000000 0.21477335 0.00000000
0 0.65614413 0.14264880 0.65599328 0.14355772 0.67119762 0.28875374 0.69682912 0.29108194 0.75518052 0.29000242 0.83240165 0.28661369 0.83296120 0.28378531 0.82284577 0.17968995 0.81374305 0.18013669 0.80584844 0.13274730 0.74462513 0.13844261 0.65614413 0.14264880
0 0.45489532 0.71373012 0.43701744 0.70170329 0.40799574 0.82659213 0.42428908 0.83890008 0.45489532 0.71373012
0 0.42848327 0.69525899 0.41106565 0.68084169 0.37178752 0.85224565 0.38556561 0.86178394 0.42848327 0.69525899
0 0.39830538 0.67295956 0.38127428 0.66068279 0.33950895 0.83628900 0.35587725 0.84528278 0.39830538 0.67295956
0 0.36796270 0.67081845 0.34928406 0.66228921 0.29413763 0.89801695 0.30949692 0.90736646 0.36796270 0.67081845
0 0.33801325 0.65770763 0.32155558 0.64845677 0.26503920 0.88386767 0.28282978 0.89480485 0.33801325 0.65770763
0 0.49108737 0.39950980 0.48151222 0.48622250 0.48569982 0.48679423 0.48955614 0.45187137 0.48771941 0.44925748 0.49007028 0.44721531 0.51100832 0.45007396 0.51409337 0.42213567 0.51644423 0.42009332 0.52691328 0.42152265 0.52926420 0.41948031 0.53345175 0.42005203 0.53572010 0.39950980 0.49108737 0.39950980
