0 0.21018161 0.66992188 0.20856749 0.66830661 0.20570579 0.64511198 0.20209909 0.64602087 0.19997803 0.64389830 0.19648054 0.61555041 0.19107117 0.61691357 0.18894957 0.61479045 0.18735979 0.60190499 0.17654060 0.60463143 0.17685854 0.60720839 0.17537336 0.61023974 0.16996353 0.61160302 0.17091743 0.61933456 0.16943187 0.62236669 0.16582563 0.62327546 0.16614356 0.62585243 0.16465838 0.62888377 0.15924856 0.63024705 0.16020246 0.63797860 0.15871727 0.64100994 0.15330745 0.64237322 0.15426135 0.65010477 0.15277616 0.65313612 0.14916946 0.65404501 0.15012336 0.66177655 0.14863817 0.66480790 0.14322835 0.66617118 0.14369110 0.66992188 0.21018161 0.66992188
0 0.46875000 0.51239354 0.36004838 0.53978642 0.36036632 0.54236338 0.35888076 0.54539550 0.34625844 0.54857634 0.34657638 0.55115330 0.34509074 0.55418476 0.34572670 0.55933934 0.34424152 0.56237069 0.34212045 0.56024812 0.33490751 0.56206579 0.33522545 0.56464275 0.33374026 0.56767410 0.32472373 0.56994627 0.32504167 0.57252323 0.32355657 0.57555524 0.30913068 0.57919057 0.30764549 0.58222192 0.27338388 0.59085587 0.27126282 0.58873330 0.27094480 0.58615568 0.26373185 0.58797334 0.26161079 0.58585077 0.25980721 0.58630528 0.25768615 0.58418270 0.24867008 0.58645476 0.24654902 0.58433218 0.24623108 0.58175522 0.24410947 0.57963211 0.23148716 0.58281294 0.24223444 0.66992188 0.24433621 0.66992188 0.28196880 0.66043844 0.28345398 0.65740709 0.28886381 0.65604381 0.29098487 0.65816638 0.46875000 0.61336946 0.46875000 0.51239354
0 0.07861566 0.66992188 0.07788944 0.66403569 0.07937476 0.66100431 0.09199762 0.65782334 0.09104373 0.65009179 0.09252891 0.64706045 0.09613515 0.64615167 0.09454538 0.63326621 0.09603048 0.63023420 0.10504701 0.62796203 0.10653219 0.62493068 0.10621425 0.62235372 0.11512611 0.60416407 0.11480817 0.60158711 0.12074881 0.58946105 0.12011294 0.58430713 0.11830982 0.58476152 0.11406761 0.58051571 0.11046091 0.58142461 0.10833985 0.57930203 0.10770397 0.57414811 0.09868790 0.57642016 0.09900584 0.57899713 0.09752066 0.58202848 0.09030725 0.58384626 0.07758026 0.57110962 0.07577714 0.57156400 0.07153465 0.56731895 0.07301974 0.56428762 0.07842957 0.56292435 0.08055109 0.56504680 0.08086903 0.56762376 0.09529492 0.56398843 0.09741598 0.56611100 0.10643205 0.56383895 0.10855320 0.56596218 0.10887113 0.56853914 0.11067472 0.56808464 0.11279578 0.57020721 0.11820514 0.56884405 0.11438963 0.53791854 0.10898026 0.53928170 0.10685921 0.53715913 0.10654127 0.53458216 0.10441974 0.53245971 0.10590531 0.52942758 0.10951155 0.52851881 0.10855765 0.52078726 0.11004283 0.51775591 0.11364954 0.51684702 0.11269572 0.50911614 0.11418082 0.50608413 0.11778753 0.50517524 0.11927271 0.50214389 0.12287895 0.50123512 0.12224299 0.49608053 0.12372818 0.49304919 0.12553176 0.49259468 0.12701694 0.48956333 0.12638106 0.48440941 0.12786616 0.48137740 0.15671795 0.47410673 0.15353840 0.44833580 0.15141726 0.44621257 0.14950954 0.43075014 0.12246087 0.43756642 0.12033982 0.43544385 0.12002179 0.43286623 0.08035082 0.44286334 0.07822929 0.44074088 0.07791136 0.43816392 0.06528904 0.44134475 0.06316752 0.43922230 0.06253156 0.43406771 0.05351549 0.43633977 0.05139434 0.43421722 0.05107640 0.43164026 0.00960193 0.44209185 0.01786883 0.50909680 0.01999009 0.51122000 0.02030803 0.51379696 0.02391453 0.51288812 0.02603568 0.51501067 0.02667155 0.52016460 0.02518636 0.52319663 0.02306508 0.52107343 0.02126184 0.52152785 0.01914067 0.51940530 0.03771102 0.66992188 0.07861566 0.66992188
0 0.00000000 0.34890230 0.00207981 0.35098344 0.00271569 0.35613737 0.00451895 0.35568294 0.00664018 0.35780615 0.00727606 0.36296008 0.00939729 0.36508329 0.01300381 0.36417444 0.01512496 0.36629699 0.01692818 0.36584258 0.01904938 0.36796512 0.01936732 0.37054208 0.03198995 0.36736117 0.03644587 0.35826703 0.03549197 0.35053548 0.03697716 0.34750345 0.04058368 0.34659461 0.03994780 0.34144068 0.04143308 0.33840931 0.04503932 0.33750054 0.04408542 0.32976899 0.04557107 0.32673753 0.04917731 0.32582875 0.05066287 0.32279663 0.05246600 0.32234224 0.05395118 0.31931089 0.05331530 0.31415697 0.05480048 0.31112562 0.05660360 0.31067123 0.05596764 0.30551665 0.05745329 0.30248519 0.06105953 0.30157641 0.05851586 0.28095940 0.04366781 0.26610019 0.04186423 0.26655469 0.01428881 0.23895961 0.01248560 0.23941402 0.00000000 0.22691963 0.00000000 0.34890230
0 0.21386985 0.00000000 0.14679228 0.01690359 0.14742820 0.02205784 0.15103444 0.02114906 0.15315553 0.02327184 0.15442736 0.03358034 0.15803407 0.03267145 0.16015515 0.03479415 0.16047310 0.03737125 0.16407980 0.03646236 0.16620089 0.03858513 0.16683681 0.04373938 0.16863993 0.04328499 0.17288209 0.04753047 0.19993076 0.04071419 0.20205185 0.04283696 0.20236980 0.04541405 0.27630286 0.02678287 0.27299846 0.00000000 0.21386985 0.00000000
0 0.00000000 0.21562458 0.00028976 0.21591452 0.00092572 0.22106910 0.00304692 0.22319164 0.00485013 0.22273723 0.00697128 0.22485978 0.01057780 0.22395093 0.01269895 0.22607348 0.01365285 0.23380502 0.01725933 0.23289619 0.01938061 0.23501939 0.01969855 0.23759635 0.02150176 0.23714194 0.02362291 0.23926449 0.02722943 0.23835564 0.02935059 0.24047820 0.02998654 0.24563278 0.03210770 0.24775533 0.03391073 0.24730096 0.03603225 0.24942342 0.03666821 0.25457800 0.04027445 0.25366923 0.04239597 0.25579168 0.04271391 0.25836864 0.04451703 0.25791426 0.04875924 0.26216006 0.04907717 0.26473702 0.05088029 0.26428263 0.05300182 0.26640509 0.05331984 0.26898271 0.05692608 0.26807394 0.05904760 0.27019639 0.05936554 0.27277336 0.07379144 0.26913802 0.07347350 0.26656106 0.07495868 0.26352971 0.07856492 0.26262094 0.07824690 0.26004331 0.07973208 0.25701196 0.08333879 0.25610307 0.08270283 0.25094849 0.08418801 0.24791714 0.08599160 0.24746264 0.08535572 0.24230872 0.08684090 0.23927737 0.09044714 0.23836859 0.08949324 0.23063705 0.09097835 0.22760504 0.09458505 0.22669615 0.09607023 0.22366480 0.09787381 0.22321030 0.09935900 0.22017895 0.09872312 0.21502503 0.10020822 0.21199302 0.10381446 0.21108424 0.10349653 0.20850728 0.10137546 0.20638471 0.10073951 0.20123013 0.09893638 0.20168451 0.09681532 0.19956194 0.09501220 0.20001633 0.09076962 0.19577129 0.09013366 0.19061671 0.08652696 0.19152561 0.08440589 0.18940303 0.08408788 0.18682541 0.08048163 0.18773419 0.07836057 0.18561161 0.07772469 0.18045769 0.07411799 0.18136659 0.07199693 0.17924401 0.07167891 0.17666639 0.06987533 0.17712090 0.06775427 0.17499832 0.06711831 0.16984374 0.06351206 0.17075251 0.06139100 0.16862994 0.06107306 0.16605298 0.05746636 0.16696187 0.05534530 0.16483930 0.05502736 0.16226234 0.05322378 0.16271684 0.05110264 0.16059361 0.04919492 0.14513118 0.05068010 0.14209983 0.06149975 0.13937327 0.06362082 0.14149585 0.06552853 0.15695828 0.06764967 0.15908151 0.06828555 0.16423543 0.08313406 0.17909453 0.08493718 0.17864014 0.09978569 0.19349924 0.10519551 0.19213596 0.10731658 0.19425854 0.10763451 0.19683550 0.10943810 0.19638099 0.11155916 0.19850357 0.11187710 0.20108053 0.11548334 0.20017175 0.11760448 0.20229498 0.11792242 0.20487195 0.12152913 0.20396305 0.12365019 0.20608563 0.12460408 0.21381717 0.12821079 0.21290828 0.13033185 0.21503085 0.13393809 0.21412208 0.13605961 0.21624453 0.13637763 0.21882215 0.13818076 0.21836777 0.14030181 0.22049034 0.14093778 0.22564492 0.14634760 0.22428164 0.14846866 0.22640421 0.20076288 0.21322604 0.20288394 0.21534861 0.20139875 0.21837996 0.14910454 0.23155814 0.14761936 0.23458948 0.14581624 0.23504387 0.14369518 0.23292130 0.14189159 0.23337580 0.13977053 0.23125323 0.13796741 0.23170762 0.13160369 0.22533936 0.12980056 0.22579374 0.12343684 0.21942548 0.12163372 0.21987987 0.11739114 0.21563484 0.11558802 0.21608922 0.11346696 0.21396665 0.10986025 0.21487554 0.10540424 0.22396971 0.10360112 0.22442410 0.09468973 0.24261362 0.09500767 0.24519058 0.06381701 0.30885345 0.06413495 0.31143041 0.05225273 0.33568275 0.05257067 0.33825971 0.04811474 0.34735454 0.05383797 0.39374248 0.06105092 0.39192481 0.06317206 0.39404804 0.06349000 0.39662500 0.08152214 0.39208089 0.08364366 0.39420335 0.08396160 0.39678031 0.26969465 0.34997546 0.26937671 0.34739850 0.27086235 0.34436704 0.27807530 0.34254937 0.27743934 0.33739479 0.27892452 0.33436344 0.28253076 0.33345466 0.28221283 0.33087770 0.28369839 0.32784558 0.28730463 0.32693680 0.28666875 0.32178288 0.28815440 0.31875141 0.28995752 0.31829703 0.29292780 0.31223367 0.29473092 0.31177928 0.29409505 0.30662536 0.29558061 0.30359323 0.29918685 0.30268446 0.29823303 0.29495357 0.29971868 0.29192211 0.30332492 0.29101333 0.30268896 0.28585875 0.30417415 0.28282740 0.30778085 0.28191851 0.30682695 0.27418697 0.30831213 0.27115562 0.31191884 0.27024673 0.31128288 0.26509214 0.31276806 0.26206079 0.31457118 0.26160641 0.31425324 0.25902945 0.31573835 0.25599744 0.31934505 0.25508855 0.31870917 0.24993462 0.32019435 0.24690328 0.32380106 0.24599438 0.32284716 0.23826284 0.32433234 0.23523149 0.32793859 0.23432272 0.31871779 0.15958623 0.30068565 0.16413034 0.29856451 0.16200711 0.29824657 0.15943014 0.28923004 0.16170232 0.28710898 0.15957974 0.28679096 0.15700212 0.27957801 0.15881979 0.27745695 0.15669721 0.27565337 0.15715172 0.27141125 0.15290657 0.26780500 0.15381535 0.26568348 0.15169289 0.26536546 0.14911527 0.26175921 0.15002405 0.25963769 0.14790159 0.25931975 0.14532463 0.25751663 0.14577902 0.25539549 0.14365578 0.25178925 0.14456456 0.24966773 0.14244210 0.24934979 0.13986514 0.24574355 0.14077392 0.24362202 0.13865146 0.24330409 0.13607450 0.23969784 0.13698327 0.23757670 0.13486004 0.23725876 0.13228308 0.23365205 0.13319197 0.23153099 0.13106940 0.22792429 0.13197829 0.22580315 0.12985506 0.22548521 0.12727810 0.22368209 0.12773248 0.22156103 0.12560991 0.22124309 0.12303295 0.21763638 0.12394184 0.21551533 0.12181927 0.19207336 0.12772666 0.18995222 0.12560342 0.18804450 0.11014100 0.18083110 0.11195878 0.17871004 0.10983621 0.17775614 0.10210467 0.15431417 0.10801206 0.15282899 0.11104341 0.15441877 0.12392887 0.15293312 0.12696034 0.15113000 0.12741472 0.15208390 0.13514627 0.15059880 0.13817827 0.14699255 0.13908705 0.14550691 0.14211851 0.14190067 0.14302729 0.14285448 0.15075817 0.14136892 0.15379030 0.13776268 0.15469907 0.13839856 0.15985300 0.13691346 0.16288501 0.13330675 0.16379390 0.13426057 0.17152478 0.13277539 0.17455613 0.13097226 0.17501052 0.12948670 0.17804264 0.12588046 0.17895142 0.12683436 0.18668296 0.12534918 0.18971431 0.12174247 0.19062320 0.12025729 0.19365455 0.11845417 0.19410894 0.11696852 0.19714040 0.11336228 0.19804918 0.11124122 0.19592661 0.11092328 0.19334964 0.11240846 0.19031829 0.11601471 0.18940952 0.11569668 0.18683190 0.11718233 0.18380043 0.12078857 0.18289166 0.12015261 0.17773707 0.12163826 0.17470561 0.12344138 0.17425122 0.12312344 0.17167426 0.12460862 0.16864291 0.12821486 0.16773414 0.12757891 0.16257956 0.12906455 0.15954809 0.13267079 0.15863932 0.13171689 0.15090777 0.13320254 0.14787631 0.13680878 0.14696753 0.13617290 0.14181361 0.13765800 0.13878160 0.13946112 0.13832721 0.14243195 0.13226440 0.14423507 0.13181001 0.14359912 0.12665543 0.14508476 0.12362396 0.14869100 0.12271519 0.14741916 0.11240668 0.14381292 0.11331546 0.14169140 0.11119300 0.14137338 0.10861538 0.13957026 0.10906977 0.13744920 0.10694720 0.12843313 0.10921925 0.12631161 0.10709679 0.12599367 0.10451983 0.12238742 0.10542861 0.12026590 0.10330615 0.11931200 0.09557461 0.11570576 0.09648339 0.11358462 0.09436015 0.11294874 0.08920623 0.11114562 0.08966062 0.10690300 0.08541526 0.10509987 0.08586964 0.10297833 0.08374699 0.09937209 0.08465577 0.09725101 0.08253306 0.09629713 0.07480165 0.09269042 0.07571054 0.09056935 0.07358784 0.09025139 0.07101074 0.08844827 0.07146513 0.08632672 0.06934247 0.08569080 0.06418822 0.08208456 0.06509700 0.07784240 0.06085152 0.07603882 0.06130603 0.07391773 0.05918326 0.07328182 0.05402907 0.06967512 0.05493796 0.06755403 0.05281519 0.06723607 0.05023803 0.06362983 0.05114681 0.06150875 0.04902410 0.06087283 0.04386985 0.05906925 0.04432436 0.05694817 0.04220162 0.05663021 0.03962449 0.01695923 0.04962160 0.01759515 0.05477585 0.01610953 0.05780752 0.01250328 0.05871629 0.01345716 0.06644764 0.01197154 0.06947930 0.00836529 0.07038808 0.00900121 0.07554226 0.00751596 0.07857383 0.00571270 0.07902826 0.00603066 0.08160541 0.00454535 0.08463693 0.00093893 0.08554575 0.00157484 0.09070000 0.00008955 0.09373159 0.00000000 0.09375415 0.00000000 0.21562458
0 0.73773362 0.42262855 0.62232646 0.44297795 0.62051449 0.45519697 0.64562147 0.53010014 0.70332505 0.51992544 0.71079589 0.49480907 0.74473972 0.48485735 0.73773362 0.42262855
0 0.46875000 0.56093397 0.60172122 0.53982420 0.61631904 0.52138417 0.60195358 0.49615161 0.60105229 0.46854496 0.58736515 0.44715931 0.46875000 0.46701249 0.46875000 0.56093397
0 0.74566436 1.00000000 0.90684767 0.98234138 0.91021399 0.97935390 0.90817046 0.97957778 0.88172605 0.96807300 0.87968252 0.96829689 0.85564208 0.95783825 0.85359854 0.95806213 0.82715414 0.94655735 0.82511060 0.94678123 0.80107016 0.93632259 0.79902663 0.93654648 0.76537053 0.92190392 0.76501020 0.92063423 0.76020185 0.91854233 0.75984152 0.91727263 0.75503378 0.91518100 0.75467345 0.91391130 0.74986510 0.91181940 0.74950477 0.91054970 0.74469694 0.90845774 0.74433661 0.90718804 0.73952835 0.90509647 0.73916792 0.90382645 0.73436019 0.90173481 0.73231665 0.90195870 0.72991216 0.90091261 0.72786863 0.90113650 0.72546476 0.90009068 0.72342070 0.90031462 0.72101683 0.89926880 0.71692975 0.89971657 0.71452588 0.89867075 0.71248182 0.89889469 0.71007796 0.89784887 0.70803442 0.89807276 0.70562993 0.89702667 0.70358640 0.89725055 0.70118253 0.89620474 0.69913899 0.89642862 0.69673512 0.89538280 0.69469106 0.89560674 0.69228710 0.89456060 0.69024356 0.89478448 0.68062757 0.89060128 0.68026714 0.88933126 0.67545888 0.88723968 0.67509846 0.88596966 0.67269459 0.88492384 0.67233426 0.88365414 0.66752600 0.88156257 0.66716558 0.88029254 0.66476171 0.87924673 0.66440138 0.87797703 0.65959355 0.87588507 0.65923322 0.87461537 0.60201050 0.88088447 0.60032677 0.88237811 0.59215262 0.88327364 0.59251295 0.88454334 0.59082931 0.88603730 0.59118964 0.88730700 0.58782332 0.89029448 0.58818366 0.89156418 0.58649993 0.89305782 0.58686026 0.89432752 0.58517705 0.89582110 0.58553747 0.89709112 0.58217106 0.90007828 0.58253148 0.90134830 0.58084827 0.90284188 0.58120861 0.90411158 0.57952488 0.90560522 0.57988521 0.90687492 0.57651888 0.90986240 0.57687922 0.91113210 0.57519558 0.91262606 0.57555591 0.91389576 0.57387270 0.91538934 0.57423303 0.91665904 0.57086671 0.91964652 0.57122704 0.92091622 0.56954384 0.92240980 0.56990426 0.92367982 0.56822053 0.92517346 0.56858086 0.92644316 0.56521445 0.92943032 0.56557487 0.93070034 0.56389114 0.93219398 0.56425147 0.93346368 0.56256836 0.93495758 0.56400968 0.94003638 0.56641364 0.94108252 0.56713430 0.94362191 0.56953879 0.94466800 0.57025945 0.94720739 0.57266332 0.94825321 0.57338407 0.95079293 0.57578794 0.95183875 0.57650869 0.95437847 0.57891308 0.95542422 0.57999408 0.95923332 0.58960973 0.96341723 0.59165379 0.96319329 0.60126979 0.96737650 0.60331333 0.96715262 0.61292951 0.97133647 0.61497305 0.97111259 0.62458904 0.97529580 0.62663258 0.97507192 0.63624929 0.97925572 0.63829282 0.97903183 0.64790882 0.98321504 0.64995236 0.98299116 0.65716458 0.98612888 0.65920812 0.98590499 0.66882421 0.99008853 0.67086775 0.98986464 0.68048383 0.99404818 0.68252737 0.99382429 0.69214398 0.99800777 0.69418752 0.99778388 0.69928139 1.00000000 0.74566436 1.00000000
0 1.00000000 0.82794659 0.96148922 0.69224612 0.93083406 0.69560457 0.92843010 0.69455843 0.92806977 0.69328873 0.92566590 0.69224292 0.92422449 0.68716380 0.86087063 0.69410460 0.85846677 0.69305879 0.85630460 0.68543995 0.78886314 0.69282857 0.78645926 0.69178269 0.71901833 0.69917125 0.72262184 0.71186895 0.72502571 0.71291477 0.73259321 0.73958037 0.73463675 0.73935649 0.73704114 0.74040225 0.76360870 0.73749161 0.76601257 0.73853743 0.77358007 0.76520304 0.77598394 0.76624885 0.78319101 0.79164444 0.78150781 0.79313802 0.76924606 0.79448137 0.76756233 0.79597501 0.74916944 0.79799006 0.76322327 0.84751153 0.79387842 0.84415307 0.79628229 0.84519889 0.79772371 0.85027801 0.80012758 0.85132382 0.80301041 0.86148206 0.80541489 0.86252814 0.82789485 0.86006532 0.82957797 0.85857142 0.83366557 0.85812360 0.83606953 0.85916974 0.83642986 0.86043944 0.83883425 0.86148519 0.84243783 0.87418315 0.84484170 0.87522897 0.84520204 0.87649866 0.86972605 0.87381191 0.87453388 0.87590387 0.87849780 0.88987152 0.88090219 0.89091728 0.90746975 0.88800664 0.90987362 0.88905246 0.91455820 0.90555950 0.94521335 0.90220104 0.94761731 0.90324719 0.95194147 0.91848421 0.98464016 0.91490187 0.98704412 0.91594801 0.98920620 0.92356653 1.00000000 0.92238400 1.00000000 0.82794659
