0 0.33359213 0.14195395 0.33106593 0.14422855 0.33081430 0.14902996 0.33308890 0.15155616 0.33789031 0.15180779 0.34016488 0.15433460 0.34256527 0.15446040 0.34483987 0.15698660 0.34964128 0.15723823 0.35191588 0.15976443 0.35671729 0.16001606 0.35899189 0.16254226 0.36139229 0.16266806 0.36366689 0.16519425 0.36846830 0.16544589 0.37074287 0.16797270 0.37554428 0.16822433 0.37781887 0.17075053 0.38021927 0.17087633 0.38249387 0.17340252 0.38729528 0.17365416 0.38956985 0.17618097 0.39437126 0.17643260 0.39664586 0.17895880 0.40144665 0.17921040 0.40372125 0.18173659 0.40612226 0.18186243 0.40839686 0.18438863 0.41319827 0.18464025 0.41572447 0.18236566 0.41585027 0.17996526 0.41837647 0.17769066 0.41850230 0.17528965 0.42102850 0.17301505 0.42115430 0.17061465 0.42368053 0.16833944 0.42380633 0.16593904 0.42633314 0.16366447 0.42645894 0.16126407 0.42898514 0.15898948 0.42911097 0.15658846 0.42683637 0.15406227 0.42203496 0.15381063 0.41976036 0.15128444 0.41495956 0.15103284 0.41268438 0.14850599 0.40788359 0.14825439 0.40560837 0.14572816 0.40320798 0.14560237 0.40093338 0.14307617 0.39613258 0.14282457 0.39385737 0.14029834 0.38905657 0.14004674 0.38678136 0.13752051 0.38198056 0.13726891 0.37970600 0.13474210 0.37490459 0.13449047 0.37262999 0.13196427 0.36782858 0.13171264 0.36555398 0.12918644 0.36075318 0.12893484 0.35847862 0.12640803 0.35607760 0.12628220 0.35380300 0.12375600 0.34900159 0.12350437 0.34672700 0.12097817 0.34192620 0.12072657 0.33940000 0.12300117 0.33914837 0.12780258 0.33662156 0.13007715 0.33636993 0.13487856 0.33384373 0.13715316 0.33359213 0.14195395
0 0.00000000 0.00000000 0.00000000 0.01133516 0.00342785 0.01151480 0.00570241 0.01404162 0.01050382 0.01429325 0.01277842 0.01681944 0.01517882 0.01694525 0.01745403 0.01947147 0.02225483 0.01972307 0.02452940 0.02224988 0.02933081 0.02250152 0.03160541 0.02502771 0.03640681 0.02527935 0.03868142 0.02780554 0.04348221 0.02805714 0.04575681 0.03058334 0.05055822 0.03083497 0.05283282 0.03336117 0.05763423 0.03361280 0.05990880 0.03613961 0.06470959 0.03639121 0.06698481 0.03891744 0.06938520 0.03904324 0.07165980 0.04156944 0.07646121 0.04182107 0.07873578 0.04434788 0.08353657 0.04459948 0.08581179 0.04712571 0.09061258 0.04737731 0.09288780 0.04990354 0.09768859 0.05015514 0.09996319 0.05268134 0.10476460 0.05293297 0.10703920 0.05545917 0.10943960 0.05558497 0.11171478 0.05811181 0.11651558 0.05836341 0.11879018 0.06088961 0.12119057 0.06101541 0.12346579 0.06354164 0.12586619 0.06366744 0.12814075 0.06619425 0.13294216 0.06644588 0.13521676 0.06897208 0.13761716 0.06909788 0.13989176 0.07162407 0.14469317 0.07187570 0.14696777 0.07440190 0.14936878 0.07452774 0.15164338 0.07705393 0.15644418 0.07730553 0.15871874 0.07983234 0.16111975 0.07995818 0.16339435 0.08248437 0.16819576 0.08273600 0.17047036 0.08526220 0.17287076 0.08538800 0.17514533 0.08791481 0.17994674 0.08816644 0.18222134 0.09069264 0.18702275 0.09094427 0.18929735 0.09347047 0.19409814 0.09372207 0.19662434 0.09144747 0.19902535 0.09157330 0.20129995 0.09409950 0.20610136 0.09435113 0.20837596 0.09687733 0.21317676 0.09712893 0.21545136 0.09965513 0.21785237 0.09978096 0.22012694 0.10230777 0.22492834 0.10255940 0.22720294 0.10508560 0.23200374 0.10533720 0.23427834 0.10786340 0.23667935 0.10798923 0.23895392 0.11051604 0.24375533 0.11076767 0.24602993 0.11329387 0.25083072 0.11354547 0.25310532 0.11607167 0.25550633 0.11619750 0.25778093 0.11872369 0.26258234 0.11897533 0.26485694 0.12150152 0.26965774 0.12175312 0.27193231 0.12427994 0.27433332 0.12440577 0.27660792 0.12693197 0.28140933 0.12718360 0.28368393 0.12970979 0.28848472 0.12996139 0.29075929 0.13248821 0.29316030 0.13261404 0.29543490 0.13514024 0.30023631 0.13539187 0.30251091 0.13791806 0.30731170 0.13816966 0.30958630 0.14069586 0.31438771 0.14094749 0.31666231 0.14347369 0.31906333 0.14359952 0.32133789 0.14612633 0.32386412 0.14385112 0.32411572 0.13905032 0.32664192 0.13677573 0.32701935 0.12957392 0.32954555 0.12729932 0.32992298 0.12009751 0.32512218 0.11984591 0.32284758 0.11731971 0.32044719 0.11719391 0.31817197 0.11466768 0.31337118 0.11441608 0.31109600 0.11188924 0.30869560 0.11176344 0.30642100 0.10923724 0.30162020 0.10898564 0.29934499 0.10645941 0.29694459 0.10633361 0.29467002 0.10380680 0.28986861 0.10355517 0.28759401 0.10102897 0.28279322 0.10077737 0.28051800 0.09825114 0.27811761 0.09812534 0.27584301 0.09559915 0.27104160 0.09534751 0.26876700 0.09282132 0.26636660 0.09269552 0.26409203 0.09016871 0.26421783 0.08776831 0.26194262 0.08524208 0.25954222 0.08511628 0.25726766 0.08258947 0.25486664 0.08246363 0.25259205 0.07993744 0.25019165 0.07981164 0.24791705 0.07728544 0.24551665 0.07715964 0.24324144 0.07463341 0.24084104 0.07450761 0.23856644 0.07198141 0.23616543 0.07185558 0.23389086 0.06932877 0.23149046 0.06920297 0.22921587 0.06667677 0.22681547 0.06655097 0.22454025 0.06402474 0.22213986 0.06389894 0.21986529 0.06137213 0.21746428 0.06124630 0.21518968 0.05872010 0.21278928 0.05859430 0.21051468 0.05606810 0.20571327 0.05581647 0.20343867 0.05329027 0.19863726 0.05303864 0.19636266 0.05051245 0.19156187 0.05026085 0.18928730 0.04773404 0.18448589 0.04748240 0.18221129 0.04495621 0.17740988 0.04470457 0.17513528 0.04217838 0.17273488 0.04205258 0.17046032 0.03952576 0.16565891 0.03927413 0.16338431 0.03674794 0.15858290 0.03649631 0.15630830 0.03397011 0.15390790 0.03384431 0.15163330 0.03131811 0.14683189 0.03106648 0.14455729 0.02854028 0.14215628 0.02841445 0.13988171 0.02588764 0.13508092 0.02563604 0.13280632 0.02310984 0.12800491 0.02285821 0.12573031 0.02033201 0.12332930 0.02020618 0.12105473 0.01767937 0.11625393 0.01742777 0.11397933 0.01490169 0.10917792 0.01465006 0.10690332 0.01212374 0.10450231 0.01199791 0.10222772 0.00947159 0.09982732 0.00934579 0.09755273 0.00681941 0.09791012 0.00000000 0.00000000 0.00000000
0 0.79942673 0.35817308 0.79494616 0.35319689 0.79014475 0.35294526 0.78761855 0.35521986 0.78041674 0.35484243 0.77814214 0.35231623 0.77851957 0.34511442 0.76411595 0.34435956 0.76184135 0.34183336 0.76196715 0.33943296 0.75716636 0.33918137 0.75489118 0.33665452 0.75501698 0.33425412 0.74301437 0.33362509 0.74073977 0.33109889 0.74086560 0.32869788 0.72166119 0.32769142 0.71938659 0.32516522 0.71976399 0.31796403 0.70776077 0.31733497 0.70548620 0.31480816 0.70561200 0.31240776 0.70081121 0.31215616 0.69853599 0.30962993 0.69866182 0.30722892 0.68425882 0.30647409 0.68198422 0.30394789 0.68211002 0.30154749 0.67970901 0.30142166 0.67743441 0.29889546 0.67756021 0.29649506 0.67035840 0.29611763 0.67023260 0.29851803 0.66770640 0.30079263 0.66758061 0.30319303 0.66505441 0.30546763 0.66480278 0.31026904 0.66227658 0.31254363 0.66215075 0.31494465 0.65962394 0.31721921 0.65937234 0.32202001 0.65684614 0.32429461 0.65659451 0.32909602 0.65406831 0.33137062 0.65394248 0.33377163 0.65141567 0.33604620 0.65116407 0.34084699 0.64863787 0.34312159 0.65091244 0.34564840 0.65078663 0.34804880 0.65798844 0.34842623 0.66026366 0.35095246 0.66013783 0.35335348 0.65761101 0.35562804 0.65521062 0.35550224 0.65508481 0.35790264 0.65532831 0.35817308 0.79942673 0.35817308
0 1.00000000 0.26765750 0.98722119 0.26698780 0.98494662 0.26446099 0.98507242 0.26206059 0.98027101 0.26180895 0.97799641 0.25928276 0.97812221 0.25688236 0.97559601 0.25915696 0.96599381 0.25865373 0.96371859 0.25612750 0.96397023 0.25132609 0.95196762 0.25069706 0.94969302 0.24817086 0.94489161 0.24791923 0.94261701 0.24539303 0.94274284 0.24299202 0.93074024 0.24236299 0.92619043 0.23731056 0.92138963 0.23705896 0.91911503 0.23453276 0.91924083 0.23213237 0.90723761 0.23150330 0.90496305 0.22897649 0.90508885 0.22657609 0.88828483 0.22569543 0.88803320 0.23049684 0.88550700 0.23277144 0.88538120 0.23517184 0.88285500 0.23744644 0.88260337 0.24224785 0.88007718 0.24452245 0.87995137 0.24692285 0.87742514 0.24919806 0.87717355 0.25399886 0.87464673 0.25627342 0.87452094 0.25867382 0.87199470 0.26094903 0.87174311 0.26574983 0.86921687 0.26802504 0.86909108 0.27042544 0.86656426 0.27270001 0.86631267 0.27750080 0.86378644 0.27977602 0.86353484 0.28457681 0.86100861 0.28685203 0.86088281 0.28925242 0.85835661 0.29152702 0.85810501 0.29632782 0.85557878 0.29860303 0.85545298 0.30100343 0.85292617 0.30327800 0.85267454 0.30807941 0.85014834 0.31035400 0.84989674 0.31515480 0.84737051 0.31743001 0.84724471 0.31983041 0.84471790 0.32210498 0.84446627 0.32690639 0.84194007 0.32918099 0.84181427 0.33158139 0.83928807 0.33385599 0.83903644 0.33865740 0.83651024 0.34093200 0.83638441 0.34333301 0.83385821 0.34560761 0.83360662 0.35040840 0.83107980 0.35268297 0.83588121 0.35293460 0.84043038 0.35798761 0.84396929 0.35817308 0.98725697 0.35817308 0.98736773 0.35605969 0.98989393 0.35378509 0.99014556 0.34898368 0.99267175 0.34670908 0.99292338 0.34190767 0.99544958 0.33963307 0.99557538 0.33723267 0.99810158 0.33495807 0.99835321 0.33015667 1.00000000 0.32867427 1.00000000 0.26765750
0 0.75081443 0.18479119 0.75068862 0.18719159 0.74816243 0.18946619 0.74791083 0.19426698 0.74538460 0.19654220 0.74513300 0.20134299 0.74260616 0.20361817 0.74235456 0.20841897 0.75195676 0.20892220 0.75423136 0.21144840 0.75397973 0.21624981 0.75145353 0.21852441 0.75120190 0.22332582 0.74867570 0.22560042 0.74854990 0.22800081 0.74602371 0.23027541 0.74577207 0.23507682 0.74324588 0.23735142 0.74299425 0.24215283 0.74046744 0.24442740 0.74034163 0.24682780 0.73781544 0.24910240 0.73756381 0.25390381 0.73503761 0.25617841 0.73478598 0.26097982 0.73225916 0.26325438 0.73213337 0.26565478 0.72960717 0.26792938 0.72935554 0.27273079 0.72682934 0.27500539 0.72657771 0.27980680 0.72405151 0.28208140 0.72379991 0.28688219 0.72127371 0.28915679 0.72114788 0.29155781 0.71862107 0.29383237 0.71836944 0.29863378 0.71584324 0.30090838 0.73504765 0.30191484 0.73732225 0.30444104 0.73707065 0.30924184 0.74187206 0.30949347 0.74414663 0.31202028 0.74402083 0.31442068 0.75602344 0.31504971 0.75829865 0.31757594 0.75817282 0.31997695 0.77737723 0.32098341 0.77965183 0.32350961 0.77952603 0.32591001 0.78180063 0.32843620 0.78167483 0.33083660 0.78394940 0.33336342 0.78634980 0.33348921 0.78862501 0.33601544 0.81503123 0.33739934 0.81730583 0.33992553 0.81970623 0.34005133 0.82223243 0.33777674 0.82248406 0.33297532 0.82501025 0.33070073 0.82513605 0.32830033 0.82766287 0.32602576 0.82791450 0.32122435 0.83044069 0.31894975 0.83069233 0.31414834 0.83321852 0.31187374 0.83334432 0.30947334 0.83587113 0.30719878 0.83612277 0.30239737 0.83864896 0.30012277 0.83877476 0.29772237 0.84130099 0.29544716 0.84155259 0.29064636 0.84407879 0.28837176 0.84420459 0.28597136 0.84673082 0.28369615 0.84698242 0.27889536 0.84950926 0.27662017 0.84976086 0.27181938 0.85228706 0.26954478 0.85241286 0.26714438 0.85493909 0.26486917 0.85519069 0.26006837 0.85771753 0.25779319 0.85784333 0.25539279 0.86036953 0.25311819 0.86062113 0.24831740 0.86314736 0.24604219 0.86327316 0.24364179 0.86579936 0.24136719 0.86605099 0.23656578 0.86857719 0.23429118 0.86882878 0.22949038 0.87135563 0.22721520 0.87148143 0.22481480 0.87400763 0.22254020 0.87425926 0.21773879 0.87678545 0.21546419 0.87438506 0.21533839 0.87211046 0.21281220 0.86730905 0.21256057 0.86503445 0.21003437 0.86023365 0.20978277 0.85795847 0.20725593 0.85315768 0.20700433 0.85088246 0.20447810 0.84848206 0.20435230 0.84620747 0.20182610 0.84140667 0.20157450 0.83913149 0.19904766 0.83433069 0.19879606 0.83205548 0.19626983 0.82725468 0.19601823 0.82498008 0.19349203 0.82017867 0.19324040 0.81790407 0.19071420 0.81550368 0.19058840 0.81322846 0.18806217 0.80842767 0.18781057 0.80615310 0.18528376 0.80135169 0.18503213 0.79907709 0.18250593 0.79427568 0.18225430 0.79200108 0.17972810 0.78720029 0.17947650 0.78492572 0.17694969 0.78012431 0.17669806 0.77784971 0.17417186 0.77544870 0.17404603 0.77317410 0.17151983 0.76837330 0.17126823 0.76609870 0.16874204 0.76129729 0.16849040 0.75902269 0.16596421 0.75889689 0.16836461 0.75637008 0.17063917 0.75611848 0.17543997 0.75359225 0.17771518 0.75334065 0.18251598 0.75081443 0.18479119
0 0.39719687 0.51804364 0.33721884 0.48665729 0.31472201 0.52399260 0.37213865 0.55524471 0.39719687 0.51804364
0 0.29206765 0.46631686 0.20971539 0.42091822 0.18991406 0.45582878 0.26970506 0.50109079 0.29206765 0.46631686
0 0.34454246 0.68988159 0.30749651 0.75983430 0.34011403 0.77438101 0.37715985 0.70443071 0.34454246 0.68988159
0 0.19934040 0.42294291 0.14448275 0.39182491 0.12494749 0.42161257 0.18236653 0.45286481 0.19934040 0.42294291
0 0.86833895 1.00000000 0.92380216 0.88202963 0.89382359 0.87284352 0.88283037 0.86465239 0.85651620 0.85819666 0.85065208 0.84900518 0.82327122 0.83868604 0.81480938 0.83062757 0.78489714 0.82017577 0.77730300 0.81977778 0.77770099 0.81218364 0.74898811 0.80306386 0.74132763 0.80393156 0.74039361 0.79753678 0.71327807 0.78215488 0.70781732 0.78948370 0.70328522 0.77909285 0.67490400 0.76364462 0.67170930 0.77616885 0.66477848 0.76311396 0.64259304 0.75052877 0.63859698 0.75412685 0.63140083 0.74613472 0.60301961 0.73068649 0.59555813 0.72775711 0.56571222 0.71603962 0.56051679 0.71830568 0.55964910 0.71064520 0.53233457 0.69906038 0.52847117 0.70012707 0.52500575 0.69359962 0.49382783 0.68308150 0.48863240 0.68534754 0.48276827 0.67615606 0.46677863 0.66643391 0.45392273 0.66956766 0.44819127 0.65784479 0.43990385 0.65554199 0.43990385 0.84619807 0.44456992 0.84802997 0.46409131 0.86301388 0.48267867 0.87160300 0.51372393 0.88465251 0.55209801 0.90316277 0.59293714 0.92307139 0.63151021 0.93778458 0.65855941 0.95443217 0.69853084 0.96668032 0.73797161 0.98905398 0.76585249 1.00000000 0.86833895 1.00000000
