0 0.23816261 0.06684315 0.23391635 0.06702721 0.23421469 0.06768195 0.23239018 0.06842870 0.20903709 0.06944097 0.20661588 0.06887825 0.20631753 0.06822351 0.16810333 0.06987994 0.16627882 0.07062669 0.16415596 0.07071871 0.16952662 0.08250482 0.18226487 0.08195267 0.18468607 0.08251539 0.18587954 0.08513451 0.18405503 0.08588126 0.17131679 0.08643342 0.17161513 0.08708815 0.19921395 0.08589186 0.20103900 0.08514508 0.27534345 0.08192428 0.27899294 0.08043058 0.30234603 0.07941832 0.30476732 0.07998121 0.30506567 0.08063595 0.35177131 0.07861145 0.35359636 0.07786467 0.40879399 0.07547208 0.40461680 0.06630508 0.40219559 0.06574236 0.39891353 0.05853975 0.35433021 0.06047225 0.35462855 0.06112699 0.35280412 0.06187391 0.32732817 0.06297819 0.32490688 0.06241530 0.23998704 0.06609623 0.23816261 0.06684315
0 0.03803848 0.06950818 0.04045993 0.07007106 0.04105663 0.07138054 0.03923203 0.07212747 0.02437108 0.07277163 0.02556448 0.07539058 0.02798587 0.07595346 0.03186463 0.08446555 0.04672563 0.08382139 0.04914695 0.08438410 0.05034042 0.08700322 0.04851587 0.08775015 0.03365488 0.08839431 0.03607619 0.08895702 0.03876148 0.09485000 0.08334470 0.09291749 0.08304635 0.09226276 0.08487086 0.09151600 0.15705245 0.08838723 0.15496386 0.08380373 0.15254265 0.08324101 0.14866381 0.07472875 0.14624261 0.07416603 0.14415401 0.06958253 0.13141577 0.07013469 0.12899456 0.06957197 0.12720431 0.06564321 0.12902882 0.06489645 0.14176707 0.06434430 0.14057360 0.06172518 0.13815239 0.06116246 0.13725727 0.05919808 0.12876474 0.05956620 0.12634353 0.05900348 0.12544841 0.05703910 0.01717575 0.06173228 0.01926435 0.06631577 0.02168572 0.06687849 0.02258084 0.06884287 0.03531876 0.06829073 0.03774013 0.06885344 0.03803848 0.06950818
0 0.00000000 0.09055370 0.00237223 0.09575965 0.03209417 0.09447133 0.02967280 0.09390861 0.02728586 0.08867038 0.01454794 0.08922252 0.01212649 0.08865964 0.01152979 0.08735016 0.00910835 0.08678728 0.00881000 0.08613254 0.01063467 0.08538578 0.02337265 0.08483364 0.02098571 0.07959541 0.01856439 0.07903269 0.01558068 0.07248482 0.00284264 0.07303696 0.00042133 0.07247424 0.00000000 0.07154962 0.00000000 0.09055370
0 0.31260475 0.04492045 0.31442980 0.04417367 0.23375569 0.04767056 0.23193117 0.04841732 0.22131633 0.04887743 0.22161468 0.04953217 0.21979017 0.05027892 0.20280620 0.05101511 0.20038445 0.05045241 0.20008610 0.04979767 0.16824157 0.05117800 0.16641651 0.05192478 0.15155595 0.05256893 0.15483801 0.05977154 0.15725922 0.06033426 0.16054129 0.06753687 0.16903327 0.06716878 0.17085778 0.06642203 0.26426960 0.06237300 0.26609404 0.06162608 0.35950586 0.05757706 0.36133091 0.05683028 0.38043774 0.05600208 0.37954262 0.05403770 0.38136713 0.05329094 0.39410538 0.05273879 0.39112174 0.04619108 0.38869991 0.04562822 0.37808507 0.04608833 0.37566386 0.04552561 0.37476874 0.04356123 0.37659325 0.04281447 0.38720809 0.04235436 0.38631297 0.04038998 0.34385305 0.04223045 0.34415148 0.04288535 0.34232697 0.04363211 0.33383498 0.04400020 0.33201047 0.04474696 0.31502650 0.04548314 0.31260475 0.04492045
0 0.41045776 0.05536850 0.47202451 0.05269983 0.47384957 0.05195306 0.53329345 0.04937641 0.52583428 0.03300696 0.47488238 0.03521552 0.47518072 0.03587026 0.47335621 0.03661701 0.44575686 0.03781333 0.44333565 0.03725061 0.40299859 0.03899906 0.41045776 0.05536850
0 0.30212760 0.02667864 0.30182917 0.02602374 0.20841735 0.03007276 0.20871578 0.03072767 0.20506675 0.03222117 0.18808278 0.03295736 0.18566103 0.03239466 0.18536268 0.03173993 0.13865704 0.03376443 0.14044721 0.03769302 0.14286842 0.03825574 0.14823907 0.05004185 0.20980582 0.04737318 0.21163088 0.04662640 0.30504270 0.04257738 0.30686713 0.04183046 0.38329499 0.03851762 0.38511950 0.03777087 0.38482115 0.03711613 0.38239994 0.03655341 0.37553747 0.02149344 0.36492263 0.02195355 0.36309812 0.02270031 0.33125304 0.02408066 0.33155139 0.02473540 0.32790190 0.02622910 0.30454881 0.02724136 0.30212760 0.02667864
0 0.39278552 0.02608751 0.39755940 0.03656398 0.40240182 0.03768942 0.41514006 0.03713727 0.41696458 0.03639051 0.46579362 0.03427397 0.46761813 0.03352722 0.52493916 0.03104259 0.51718164 0.01401841 0.51535712 0.01476516 0.42831388 0.01853813 0.42648937 0.01928489 0.38827517 0.02094132 0.39036377 0.02552481 0.39278552 0.02608751
0 0.27062943 0.00000000 0.19618431 0.00322689 0.19707942 0.00519123 0.19525492 0.00593802 0.16977897 0.00704230 0.16735775 0.00647954 0.16676101 0.00516999 0.12642395 0.00691843 0.12459946 0.00766524 0.12247606 0.00775728 0.12307279 0.00906682 0.12549456 0.00962957 0.12907497 0.01748692 0.14181268 0.01693479 0.14423391 0.01749756 0.14542738 0.02011668 0.14360288 0.02086347 0.13086518 0.02141559 0.13205865 0.02403471 0.13447986 0.02459743 0.13806027 0.03245478 0.18688931 0.03033824 0.18871382 0.02959149 0.25664970 0.02664675 0.25847421 0.02589999 0.34127119 0.02231108 0.34309570 0.02156432 0.37281791 0.02027599 0.37102767 0.01634723 0.36860592 0.01578453 0.36323528 0.00399845 0.36081405 0.00343570 0.35924848 0.00000000 0.30143816 0.00000000 0.29656200 0.00021136 0.29473750 0.00095815 0.28836838 0.00123423 0.28594716 0.00067147 0.28564118 0.00000000 0.27062943 0.00000000
0 0.00000000 0.03354146 0.00069671 0.03507042 0.00918869 0.03470232 0.01161001 0.03526504 0.01190843 0.03591994 0.01403146 0.03582792 0.01645283 0.03639063 0.01704953 0.03770011 0.01522485 0.03844687 0.00248688 0.03899901 0.00487382 0.04423724 0.00729521 0.04480012 0.01147232 0.05396695 0.02421035 0.05341481 0.02905306 0.05454041 0.02994818 0.05650479 0.02812356 0.05725155 0.01538559 0.05780369 0.01657906 0.06042280 0.05691585 0.05867437 0.05874028 0.05792745 0.12667615 0.05498270 0.12850121 0.05423592 0.13487033 0.05395985 0.13244858 0.05339715 0.12707800 0.04161121 0.12465671 0.04104832 0.11928613 0.02926238 0.11686485 0.02869949 0.11358285 0.02149701 0.10084460 0.02204916 0.09842337 0.02148639 0.09782663 0.02017683 0.09965113 0.01943004 0.11238938 0.01887789 0.10970406 0.01298487 0.10728229 0.01242212 0.10489535 0.00718390 0.00000000 0.01173068 0.00000000 0.01617458 0.00083440 0.01636850 0.00113276 0.01702327 0.00355410 0.01758604 0.00415084 0.01889560 0.00232623 0.01964239 0.00000000 0.01974322 0.00000000 0.03354146
0 0.37440313 0.00000000 0.37507842 0.00148197 0.37749966 0.00204474 0.38316868 0.01448563 0.38558988 0.01504835 0.38767848 0.01963184 0.41952355 0.01825149 0.42134799 0.01750457 0.49353012 0.01437576 0.49535463 0.01362901 0.51658487 0.01270876 0.51079378 0.00000000 0.37440313 0.00000000
0 0.00000000 0.86577615 0.06623138 0.85902727 0.05067478 0.80394500 0.05345572 0.79842492 0.07944608 0.79073027 0.06198672 0.72662212 0.00148544 0.72966096 0.00000000 0.72984246 0.00000000 0.86577615
0 0.80740722 0.29061879 0.76629045 0.31933373 0.77303969 0.35480047 0.81326269 0.32950651 0.80740722 0.29061879
0 0.84539272 0.24357588 0.83542651 0.32483434 0.86032370 0.33327691 0.86721984 0.24962320 0.84539272 0.24357588
0 0.87500980 0.35924714 0.86545069 0.43827378 0.88799406 0.45370487 0.89901321 0.37111071 0.87500980 0.35924714
0 0.91036908 0.47449571 0.89701448 0.54918834 0.92157497 0.56835040 0.93339913 0.48873762 0.91036908 0.47449571
0 0.94596712 0.59287220 0.93632842 0.67085620 0.96226937 0.68540808 0.96973178 0.60160783 0.94596712 0.59287220
0 0.95364076 0.73123362 0.94084324 0.81322474 0.96711170 0.82450217 0.97578622 0.74145150 0.95364076 0.73123362
0 0.91139454 0.88889239 0.90377297 0.97060736 0.93095357 0.96357373 0.93451336 0.89673192 0.91139454 0.88889239
0 0.85128192 0.71412870 0.83574796 0.65435432 0.78693307 0.69569370 0.80375873 0.75726030 0.85128192 0.71412870
0 0.77847586 0.66811160 0.82576030 0.62185208 0.80852755 0.56251730 0.76188895 0.60967292 0.77847586 0.66811160
0 0.79869906 0.53210033 0.78842062 0.47309243 0.73790695 0.51487141 0.75521929 0.57524883 0.79869906 0.53210033
0 0.72864473 0.48430791 0.77730045 0.44088325 0.75950143 0.38169501 0.71141198 0.42497313 0.72864473 0.48430791
