0 0.58183815 0.37890625 0.58236985 0.37638193 0.58519924 0.37509332 0.58674639 0.36774806 0.58957650 0.36645912 0.59050475 0.36205220 0.57538360 0.36096990 0.57317304 0.35932055 0.57600251 0.35803157 0.57785907 0.34921734 0.58068846 0.34792873 0.58223569 0.34058310 0.58506508 0.33929449 0.58661223 0.33194923 0.57401171 0.33104735 0.57180123 0.32939763 0.57334838 0.32205237 0.57617777 0.32076376 0.57772492 0.31341851 0.56512439 0.31251662 0.56291383 0.31086728 0.56322332 0.30939793 0.51282059 0.30579035 0.51060938 0.30414096 0.51215653 0.29679570 0.50994597 0.29514635 0.50490602 0.29478562 0.50269554 0.29313590 0.49765494 0.29277512 0.49544438 0.29112578 0.48788381 0.29058463 0.48567325 0.28893528 0.48063265 0.28857450 0.47842217 0.28692478 0.47338158 0.28656400 0.47117102 0.28491466 0.46613106 0.28455392 0.46392050 0.28290458 0.45635993 0.28236343 0.45414872 0.28071404 0.44910877 0.28035330 0.44689821 0.27870396 0.44185761 0.27834318 0.43964713 0.27669346 0.43460654 0.27633268 0.43239598 0.27468333 0.42483605 0.27414223 0.42262484 0.27249284 0.41758489 0.27213211 0.41537377 0.27048234 0.41033381 0.27012161 0.40812325 0.26847226 0.40308266 0.26811148 0.40087210 0.26646214 0.37819103 0.26483874 0.37597982 0.26318935 0.35077877 0.26138558 0.34794938 0.26267419 0.34640224 0.27001944 0.34357277 0.27130843 0.34202562 0.27865368 0.33919558 0.27994225 0.33764843 0.28728750 0.33481905 0.28857611 0.33296240 0.29739072 0.33013301 0.29867933 0.32858578 0.30602496 0.32575575 0.30731352 0.32420860 0.31465878 0.32137921 0.31594739 0.31983206 0.32329264 0.31700259 0.32458163 0.31545544 0.33192689 0.31262605 0.33321549 0.31107882 0.34056113 0.30824943 0.34184974 0.30670228 0.34919499 0.30387225 0.35048355 0.30232510 0.35782881 0.29949563 0.35911779 0.29794848 0.36646305 0.29511909 0.36775166 0.29357186 0.37509729 0.29074183 0.37638585 0.32595511 0.37890625 0.58183815 0.37890625
0 0.00000000 0.26840668 0.00154209 0.26770440 0.01918308 0.26896705 0.02073023 0.26162180 0.02355975 0.26033320 0.02417865 0.25739487 0.00905784 0.25631259 0.00684708 0.25466324 0.00839423 0.24731798 0.01122389 0.24602901 0.01153330 0.24456003 0.01436289 0.24327144 0.02948364 0.24435371 0.03072138 0.23847743 0.00000000 0.23627854 0.00000000 0.26840668
0 0.00000000 0.35557597 0.25798021 0.37404094 0.26081025 0.37275237 0.26585020 0.37311311 0.26806076 0.37476245 0.27814131 0.37548397 0.27937904 0.36960769 0.28220915 0.36831875 0.28251857 0.36684978 0.26487745 0.36558711 0.26266689 0.36393777 0.26359521 0.35953046 0.26642460 0.35824185 0.26735292 0.35383455 0.27018231 0.35254594 0.28530345 0.35362824 0.28751402 0.35527758 0.28844226 0.35087065 0.28340166 0.35050987 0.28119118 0.34886015 0.27615058 0.34849937 0.27394002 0.34685003 0.27579659 0.33803580 0.27862605 0.33674681 0.29626717 0.33800948 0.29909656 0.33672087 0.30064371 0.32937561 0.28300324 0.32811299 0.28079203 0.32646360 0.28362215 0.32517467 0.28547871 0.31636043 0.28830810 0.31507182 0.30846919 0.31651486 0.30939751 0.31210755 0.29427702 0.31102530 0.29206589 0.30937554 0.29392245 0.30056130 0.29958196 0.29798376 0.31470245 0.29906601 0.31501187 0.29759703 0.31784190 0.29630847 0.31877023 0.29190117 0.30112910 0.29063850 0.29891854 0.28898915 0.30174794 0.28770055 0.30329508 0.28035529 0.30612455 0.27906631 0.30643397 0.27759733 0.30926336 0.27630872 0.32690447 0.27757139 0.32845162 0.27022613 0.31333048 0.26914383 0.31112000 0.26749411 0.31394939 0.26620550 0.31549654 0.25886025 0.31832658 0.25757169 0.33596705 0.25883430 0.33658595 0.25589598 0.33437539 0.25424663 0.33468489 0.25277728 0.32460434 0.25205576 0.32239378 0.25040642 0.32270319 0.24893744 0.31766260 0.24857666 0.31545203 0.24692732 0.30789211 0.24638622 0.30568090 0.24473683 0.30064095 0.24437609 0.29842982 0.24272633 0.29338987 0.24236559 0.29117931 0.24071625 0.28361874 0.24017510 0.28140818 0.23852575 0.27636758 0.23816497 0.27415710 0.23651525 0.26911715 0.23615452 0.26690594 0.23450513 0.26186599 0.23414439 0.25965479 0.23249500 0.25209486 0.23195390 0.24988430 0.23030456 0.24484370 0.22994378 0.24263314 0.22829443 0.23759255 0.22793365 0.23538206 0.22628393 0.22782149 0.22574278 0.22561093 0.22409344 0.22057033 0.22373266 0.21835977 0.22208331 0.21331982 0.22172258 0.21110934 0.22007286 0.20606874 0.21971208 0.20385818 0.21806273 0.19629761 0.21752159 0.19408705 0.21587224 0.14368432 0.21226466 0.14147311 0.21061527 0.14302034 0.20326964 0.13041982 0.20236775 0.12820925 0.20071841 0.12851867 0.19924943 0.11339817 0.19816718 0.11118696 0.19651779 0.11149638 0.19504882 0.09637588 0.19396656 0.09416540 0.19231684 0.09478423 0.18937889 0.07966308 0.18829659 0.07683369 0.18958520 0.07528654 0.19693046 0.07245716 0.19821907 0.07090992 0.20556470 0.06807989 0.20685326 0.06653274 0.21419852 0.06370327 0.21548750 0.06215612 0.22283276 0.05932673 0.22412137 0.05777958 0.23146663 0.05494955 0.23275519 0.05340232 0.24010082 0.05057306 0.24138944 0.04871642 0.25020404 0.04588690 0.25149264 0.04433975 0.25883790 0.04151023 0.26012650 0.03996308 0.26747176 0.03713342 0.26876073 0.03558627 0.27610598 0.03275669 0.27739458 0.03120946 0.28474021 0.02837994 0.28602881 0.02683279 0.29337407 0.02400327 0.29466266 0.02245612 0.30200792 0.01962646 0.30329689 0.01807931 0.31064215 0.01524973 0.31193074 0.01370250 0.31927638 0.01087298 0.32056498 0.00932583 0.32791023 0.00649631 0.32919883 0.00494916 0.33654409 0.00211950 0.33783306 0.00026293 0.34664729 0.00000000 0.34676703 0.00000000 0.35557597
0 0.42518323 0.11460668 0.42235384 0.11589529 0.42080662 0.12324092 0.41797723 0.12452952 0.41643008 0.13187478 0.41360061 0.13316377 0.41236295 0.13903967 0.40953284 0.14032861 0.40798569 0.14767386 0.40515630 0.14896247 0.40360907 0.15630811 0.40077968 0.15759671 0.39923253 0.16494197 0.39640250 0.16623053 0.39485535 0.17357579 0.39202588 0.17486477 0.39047873 0.18221003 0.38764934 0.18349864 0.38610211 0.19084427 0.38327272 0.19213288 0.38172557 0.19947814 0.37889618 0.20076674 0.37734903 0.20811200 0.37451892 0.20940094 0.37328118 0.21527722 0.37045179 0.21656583 0.36890464 0.22391109 0.36607517 0.22520007 0.36452802 0.23254533 0.36169799 0.23383389 0.36015084 0.24117914 0.35732145 0.24246775 0.35670254 0.24540608 0.35891310 0.24705543 0.36395370 0.24741621 0.36616418 0.24906593 0.37120478 0.24942671 0.37341534 0.25107605 0.37845529 0.25143679 0.38066650 0.25308618 0.38570645 0.25344691 0.38791765 0.25509630 0.39295761 0.25545704 0.39516817 0.25710638 0.40020876 0.25746716 0.40241925 0.25911688 0.40745984 0.25947766 0.40967040 0.26112701 0.41471035 0.26148774 0.41692092 0.26313708 0.42448149 0.26367823 0.42669261 0.26532800 0.43173256 0.26568874 0.43394312 0.26733808 0.43898372 0.26769886 0.44119428 0.26934820 0.44623488 0.26970898 0.44844544 0.27135833 0.48372703 0.27388361 0.48593824 0.27553300 0.48439101 0.28287864 0.49951151 0.28396089 0.50172207 0.28561023 0.51432259 0.28651211 0.51653380 0.28816150 0.51622438 0.28963048 0.53134488 0.29071273 0.53355536 0.29236245 0.54867650 0.29344475 0.55088707 0.29509409 0.55026816 0.29803242 0.55782873 0.29857357 0.56003929 0.30022291 0.56759986 0.30076406 0.56883760 0.29488778 0.57166707 0.29359880 0.57383305 0.28331559 0.57666251 0.28202660 0.56154202 0.28094435 0.55933146 0.27929501 0.55995028 0.27635706 0.56277967 0.27506845 0.56494573 0.26478486 0.56777512 0.26349626 0.56932235 0.25615062 0.55420185 0.25506837 0.55199129 0.25341903 0.55482068 0.25213042 0.55605842 0.24625414 0.55888788 0.24496515 0.56043503 0.23761990 0.56326442 0.23633129 0.56481157 0.22898603 0.55221105 0.22808415 0.55000049 0.22643481 0.55154772 0.21908917 0.55437711 0.21780057 0.55654316 0.20751698 0.55937255 0.20622837 0.56091970 0.19888312 0.55587975 0.19852238 0.55366862 0.19687261 0.55114865 0.19669225 0.54893809 0.19504290 0.55079465 0.18622867 0.55362412 0.18493969 0.55609959 0.17318712 0.54097909 0.17210487 0.53876789 0.17045548 0.53907730 0.16898651 0.54190734 0.16769795 0.54314507 0.16182167 0.54597454 0.16053268 0.54752169 0.15318742 0.55035108 0.15189882 0.55158881 0.14602254 0.54150827 0.14530102 0.53708714 0.14200233 0.53894379 0.13318772 0.54177318 0.13189912 0.54393923 0.12161553 0.54676863 0.12032692 0.54738753 0.11738860 0.53478701 0.11648671 0.53257645 0.11483737 0.53319535 0.11189904 0.51807421 0.11081674 0.51586365 0.10916740 0.51648248 0.10622944 0.51365309 0.10751805 0.50357254 0.10679654 0.50136198 0.10514719 0.50167140 0.10367822 0.48655025 0.10259592 0.48433977 0.10094620 0.48495860 0.09800825 0.47235743 0.09710632 0.47014695 0.09545660 0.47045636 0.09398762 0.45533586 0.09290537 0.45312466 0.09125598 0.45343407 0.08978700 0.43831358 0.08870475 0.43548419 0.08999336 0.43393704 0.09733862 0.43110692 0.09862755 0.42955977 0.10597281 0.42673038 0.10726142 0.42518323 0.11460668
0 0.14778985 0.04703324 0.14593321 0.05584785 0.14310382 0.05713645 0.14155667 0.06448171 0.13872656 0.06577065 0.13717941 0.07311590 0.13435002 0.07440451 0.13280287 0.08174977 0.12997348 0.08303838 0.12842625 0.09038401 0.12559622 0.09167257 0.12404907 0.09901783 0.12121960 0.10030681 0.11967245 0.10765207 0.11684306 0.10894068 0.11498650 0.11775491 0.11215703 0.11904390 0.11060988 0.12638915 0.10778049 0.12767776 0.10623326 0.13502339 0.10340322 0.13631196 0.10185608 0.14365721 0.09902668 0.14494582 0.09747953 0.15229108 0.09465007 0.15358006 0.09310292 0.16092532 0.09027288 0.16221388 0.08841624 0.17102849 0.08558685 0.17231710 0.08403970 0.17966235 0.08908030 0.18002313 0.09129078 0.18167285 0.09885135 0.18221400 0.10106191 0.18386335 0.10610186 0.18422408 0.10831307 0.18587347 0.11335302 0.18623421 0.11556423 0.18788360 0.12060418 0.18824433 0.12281474 0.18989368 0.12785533 0.19025446 0.13006582 0.19190418 0.13510641 0.19226496 0.13731697 0.19391430 0.14235693 0.19427504 0.14456749 0.19592438 0.14960808 0.19628516 0.15181857 0.19793488 0.15685916 0.19829566 0.15906972 0.19994501 0.16410968 0.20030574 0.16632088 0.20195513 0.20916304 0.20502156 0.21137360 0.20667091 0.21106419 0.20813988 0.21327532 0.20978965 0.21234700 0.21419696 0.22746749 0.21527921 0.22967805 0.21692855 0.22936864 0.21839753 0.23440924 0.21875831 0.23661980 0.22040765 0.24165975 0.22076839 0.24387096 0.22241778 0.25143153 0.22295893 0.25364201 0.22460864 0.25868196 0.22496938 0.26089252 0.22661872 0.26845309 0.22715987 0.27066430 0.22880926 0.27570425 0.22917000 0.27791473 0.23081972 0.28295533 0.23118050 0.28516589 0.23282984 0.29272646 0.23337099 0.29493702 0.23502033 0.32769864 0.23736525 0.32986469 0.22708167 0.33269473 0.22579310 0.35033520 0.22705572 0.35312009 0.21383419 0.34303954 0.21311267 0.34082898 0.21146333 0.34268562 0.20264872 0.34551501 0.20136011 0.34582442 0.19989113 0.34865390 0.19860215 0.36125506 0.19950408 0.36346555 0.20115380 0.36439387 0.19674649 0.36722333 0.19545751 0.36815158 0.19105058 0.36594102 0.18940124 0.35334049 0.18849935 0.35112937 0.18684959 0.35395940 0.18556103 0.35550655 0.17821577 0.35833594 0.17692716 0.37597706 0.17818983 0.37721487 0.17231317 0.36209373 0.17123087 0.35988317 0.16958153 0.36019258 0.16811255 0.36302197 0.16682395 0.36456920 0.15947831 0.36739924 0.15818975 0.38503971 0.15945237 0.38596795 0.15504544 0.37084745 0.15396319 0.36863697 0.15231347 0.37146636 0.15102486 0.37332292 0.14221063 0.37615239 0.14092164 0.39379351 0.14218431 0.39534066 0.13483905 0.38021952 0.13375676 0.37800896 0.13210741 0.38083835 0.13081880 0.38269499 0.12200420 0.38552438 0.12071559 0.40316550 0.12197825 0.40599488 0.12068964 0.40785153 0.11187504 0.39273103 0.11079278 0.39052047 0.10914344 0.39113938 0.10620511 0.39396877 0.10491650 0.39520650 0.09904022 0.40086593 0.09646305 0.41598642 0.09754530 0.41753365 0.09019967 0.42036304 0.08891106 0.42129136 0.08450376 0.40869084 0.08360187 0.40426972 0.08030319 0.39922912 0.07994241 0.39701864 0.07829268 0.39197804 0.07793190 0.38976748 0.07628256 0.38472753 0.07592183 0.38251633 0.07427244 0.37495575 0.07373129 0.37274519 0.07208194 0.36770524 0.07172121 0.36549468 0.07007186 0.36045408 0.06971108 0.35824360 0.06806136 0.35068303 0.06752021 0.34847247 0.06587087 0.34343187 0.06551009 0.34122131 0.06386074 0.29081858 0.06025316 0.28860810 0.05860344 0.29015525 0.05125819 0.28259468 0.05071704 0.27976520 0.05200602 0.27724459 0.05182561 0.27503410 0.05017589 0.27565293 0.04723794 0.27313296 0.04705757 0.27092247 0.04540785 0.26588188 0.04504707 0.26367132 0.04339773 0.25611075 0.04285658 0.25390018 0.04120723 0.24886023 0.04084650 0.24664903 0.03919711 0.23908845 0.03865596 0.23687789 0.03700661 0.23183794 0.03664588 0.22962746 0.03499616 0.22206689 0.03445501 0.21985568 0.03280562 0.21481573 0.03244489 0.21260517 0.03079554 0.20756457 0.03043476 0.20535409 0.02878504 0.19779352 0.02824389 0.19558294 0.02659463 0.19054299 0.02623389 0.18833180 0.02458442 0.18077123 0.02404328 0.17856068 0.02239386 0.16091957 0.02113119 0.15937240 0.02847652 0.15654301 0.02976513 0.15499586 0.03711039 0.15216639 0.03839937 0.15061924 0.04574463 0.14778985 0.04703324
0 0.03746429 0.00000000 0.00335082 0.16195729 0.00556147 0.16360702 0.01312187 0.16414816 0.01533257 0.16579751 0.02037290 0.16615828 0.02258360 0.16780763 0.02762387 0.16816839 0.02983462 0.16981775 0.03739500 0.17035888 0.03960575 0.17200824 0.04464596 0.17236899 0.04685664 0.17401873 0.05441702 0.17455986 0.05662777 0.17620922 0.06418815 0.17675035 0.06701741 0.17546173 0.06887405 0.16664713 0.07170409 0.16535857 0.07356065 0.15654433 0.07639012 0.15525535 0.07824669 0.14644112 0.08107607 0.14515251 0.08293272 0.13633790 0.08576275 0.13504934 0.08730998 0.12770370 0.09013937 0.12641510 0.09199593 0.11760086 0.09482540 0.11631188 0.09606306 0.11043597 0.09889253 0.10914699 0.10043968 0.10180173 0.10326907 0.10051312 0.10512571 0.09169852 0.10795575 0.09040995 0.10950290 0.08306470 0.11233236 0.08177571 0.11387951 0.07443046 0.11670890 0.07314185 0.11856546 0.06432762 0.12139558 0.06303868 0.12325214 0.05422444 0.12608153 0.05293584 0.12793817 0.04412123 0.13076756 0.04283262 0.13262421 0.03401801 0.13545360 0.03272940 0.13731024 0.02391479 0.14013961 0.02262626 0.14261509 0.01087370 0.14040454 0.00922428 0.13032399 0.00850276 0.12811345 0.00685335 0.11047233 0.00559068 0.10826179 0.00394122 0.10857123 0.00247214 0.10353063 0.00211135 0.10132022 0.00046194 0.09486625 0.00000000 0.03746429 0.00000000
0 0.38773219 0.03736533 0.38556612 0.04764899 0.40068662 0.04873125 0.40289782 0.05038064 0.40258841 0.05184961 0.42022888 0.05311223 0.42244009 0.05476162 0.42213068 0.05623060 0.43473120 0.05713248 0.43694168 0.05878220 0.43663227 0.06025118 0.45175341 0.06133348 0.45396397 0.06298282 0.45365448 0.06445217 0.46877562 0.06553447 0.47098618 0.06718381 0.47067677 0.06865279 0.48579727 0.06973504 0.48800847 0.07138443 0.48769906 0.07285341 0.50281955 0.07393566 0.50503004 0.07558538 0.50472063 0.07705435 0.51732115 0.07795624 0.51953235 0.07960563 0.51891345 0.08254396 0.53907454 0.08398699 0.54340665 0.06341982 0.52828551 0.06233752 0.52607495 0.06068818 0.53504853 0.01808516 0.51740741 0.01682250 0.51519687 0.01517304 0.51581574 0.01223490 0.39484918 0.00357670 0.39361144 0.00945298 0.39078204 0.01074167 0.37566089 0.00965937 0.37040051 0.03463358 0.38552166 0.03571588 0.38773219 0.03736533
0 0.19867159 0.00000000 0.20084332 0.00162045 0.20588327 0.00198119 0.20809446 0.00363065 0.21313441 0.00399139 0.21534559 0.00564089 0.22290552 0.00618199 0.22511605 0.00783145 0.23015665 0.00819223 0.23236720 0.00984165 0.23740779 0.01020243 0.23961834 0.01185185 0.24717891 0.01239300 0.24938945 0.01404246 0.27963109 0.01620700 0.28184162 0.01785646 0.28153219 0.01932551 0.28374274 0.02097493 0.28878334 0.02133571 0.29099387 0.02298517 0.29603447 0.02334595 0.29824501 0.02499541 0.30328496 0.02535614 0.30549615 0.02700561 0.31305672 0.02754676 0.31526727 0.02919617 0.32030722 0.02955691 0.32251775 0.03120637 0.32755835 0.03156715 0.32976889 0.03321660 0.33480949 0.03357738 0.33702003 0.03522680 0.34205998 0.03558754 0.34427117 0.03723700 0.35183174 0.03777815 0.35404232 0.03942742 0.35908227 0.03978816 0.36129275 0.04143788 0.36964749 0.00177289 0.34487784 0.00000000 0.19867159 0.00000000
0 0.50971122 0.62914257 0.51547882 0.61136665 0.51139753 0.60701346 0.30616661 0.53616339 0.16803071 0.48004968 0.15407303 0.47862153 0.14596541 0.49091057 0.13105563 0.49594430 0.06467128 0.60459566 0.05852284 0.62495634 0.06260414 0.62930952 0.10526635 0.63892219 0.43951847 0.76364148 0.52502934 0.63202179 0.50971122 0.62914257
0 0.65000000 0.63660936 0.82843150 0.60087678 0.82947425 0.59379972 0.81584095 0.50656570 0.65000000 0.53867431 0.65000000 0.63660936
0 0.81527689 1.00000000 0.82807085 0.91316792 0.82167048 0.91251303 0.65000000 0.96116864 0.65000000 0.99625707 0.65165423 1.00000000 0.81527689 1.00000000
