0 0.23894272 0.00000000 0.23684577 0.01425989 0.24982997 0.01559105 0.25210782 0.01802557 0.25051354 0.02886721 0.26090169 0.02993222 0.26545739 0.03480131 0.27584488 0.03586626 0.27812273 0.03830077 0.27716616 0.04480577 0.27944468 0.04724035 0.29242887 0.04857152 0.29470675 0.05100581 0.29056157 0.07919442 0.29835235 0.07999315 0.30063022 0.08242755 0.30322692 0.08269377 0.30550479 0.08512817 0.30422937 0.09380146 0.36136088 0.09965870 0.36427642 0.09775674 0.36523301 0.09125163 0.36814855 0.08934967 0.37853670 0.09041468 0.38459496 0.04921652 0.37420681 0.04815151 0.37192896 0.04571699 0.37416095 0.03053870 0.37707651 0.02863663 0.38746466 0.02970164 0.39033436 0.01018677 0.37994621 0.00912175 0.37766836 0.00668718 0.37830608 0.00235054 0.35537894 0.00000000 0.34584946 0.00000000 0.34131249 0.00295990 0.31244159 0.00000000 0.23894272 0.00000000
0 0.84554472 0.47333220 0.84205237 0.49461608 0.83237180 0.49370346 0.83095704 0.51321837 0.87264414 0.52078690 0.87462044 0.50248927 0.86445695 0.49927522 0.86482725 0.47624159 0.84554472 0.47333220
0 0.74247067 0.31763570 0.79488280 0.32963556 0.79858826 0.28748638 0.74617613 0.27548652 0.74530020 0.27860589 0.74247067 0.31763570
0 0.40552616 0.77152581 0.31921951 0.73816901 0.31839832 0.75561278 0.40470170 0.78898660 0.40552616 0.77152581
0 0.41095116 0.75027238 0.32281508 0.71567946 0.32015736 0.73429984 0.40785763 0.76746829 0.41095116 0.75027238
0 0.41372298 0.72781945 0.32572219 0.69402567 0.32379161 0.71158458 0.41084043 0.74537205 0.41372298 0.72781945
0 0.41695865 0.70900617 0.32802685 0.67349698 0.32625985 0.69089848 0.41521403 0.72548341 0.41695865 0.70900617
0 0.41916645 0.68745628 0.33025583 0.65341073 0.32865181 0.67065564 0.41731856 0.70532989 0.41916645 0.68745628
0 0.41672512 0.67790150 0.41463610 0.67579711 0.41596818 0.66805112 0.33238102 0.63472075 0.33063901 0.64801464 0.41635489 0.68084601 0.41672512 0.67790150
0 0.41957408 0.64629333 0.33542238 0.61386590 0.33288204 0.63180478 0.41682630 0.66464498 0.41957408 0.64629333
0 0.42291296 0.62608461 0.33830198 0.59316511 0.33588627 0.61116852 0.42032797 0.64428242 0.42291296 0.62608461
0 0.42434482 0.68664065 0.42651825 0.66846028 0.42000514 0.66516256 0.41780009 0.68352726 0.42434482 0.68664065
0 0.12344568 0.67629303 0.06591523 0.68858698 0.06821088 0.71403328 0.12602780 0.70165633 0.12344568 0.67629303
0 0.12229205 0.64420390 0.06423587 0.65718070 0.06620733 0.68292939 0.12348742 0.67050709 0.12229205 0.64420390
0 0.91886776 0.79958218 0.90317055 0.81895891 0.91659466 0.83804298 0.93177447 0.81970705 0.91886776 0.79958218
0 0.85579915 0.70595152 0.84103474 0.72435552 0.83588962 0.72069831 0.79196077 0.77653283 0.82167312 0.82023556 0.86611937 0.76336023 0.87033169 0.76799017 0.88509610 0.74958617 0.85579915 0.70595152
0 0.80283148 0.63086030 0.78754231 0.64580150 0.78483855 0.64310719 0.73919712 0.69922385 0.76791831 0.73995013 0.81029494 0.68723803 0.81054996 0.68446582 0.82556940 0.66328960 0.80283148 0.63086030
0 0.75345673 0.56254874 0.73957411 0.58053445 0.75581135 0.60570756 0.77067777 0.58619467 0.75345673 0.56254874
0 0.84229299 0.57316804 0.85941202 0.59792287 0.87557563 0.57805976 0.86519416 0.56256975 0.85647085 0.56114014 0.84229299 0.57316804
0 0.90695116 0.71827417 0.92150419 0.69758432 0.90791970 0.67565997 0.89123869 0.69656388 0.90695116 0.71827417
