0 0.41939597 0.50000000 0.41948403 0.49504798 0.42150857 0.49312937 0.42164748 0.48531806 0.42367152 0.48339945 0.42384515 0.47363493 0.42586919 0.47171632 0.42600810 0.46390501 0.42803213 0.46198639 0.42813632 0.45612778 0.42415768 0.45605961 0.42220309 0.45407282 0.42227255 0.45016692 0.42429659 0.44824830 0.42443549 0.44043699 0.42645953 0.43851837 0.42656371 0.43265977 0.42858775 0.43074115 0.42862248 0.42878795 0.43064652 0.42686933 0.43085487 0.41515261 0.43287943 0.41323350 0.43298360 0.40737540 0.42900446 0.40730722 0.42704987 0.40532043 0.42708460 0.40336723 0.42910864 0.40144861 0.42928227 0.39168460 0.43130630 0.38976598 0.43147994 0.38000147 0.43350449 0.37808286 0.42156758 0.37787833 0.41961299 0.37589155 0.41964771 0.37393884 0.40970062 0.37376841 0.40774604 0.37178112 0.39381981 0.37154251 0.39186522 0.36955573 0.39189994 0.36760303 0.38195234 0.36743258 0.37999776 0.36544530 0.37800844 0.36541121 0.37605385 0.36342443 0.36809557 0.36328807 0.36614098 0.36130128 0.36617570 0.35934858 0.35423930 0.35914406 0.35228420 0.35715727 0.35430875 0.35523816 0.27672035 0.35390878 0.27665089 0.35781468 0.27462685 0.35973330 0.27445323 0.36949731 0.27242867 0.37141642 0.27228977 0.37922723 0.27026573 0.38114635 0.27012682 0.38895766 0.26810278 0.39087627 0.26792915 0.40064029 0.26590511 0.40255941 0.26576621 0.41037022 0.26374216 0.41228933 0.26356854 0.42205335 0.26154399 0.42397196 0.26140509 0.43178327 0.25938104 0.43370238 0.25924214 0.44151320 0.25721810 0.44343231 0.25704447 0.45319633 0.25501992 0.45511494 0.25488101 0.46292624 0.25285697 0.46484536 0.25268334 0.47460938 0.25065930 0.47652799 0.25052040 0.48433930 0.24849636 0.48625792 0.24835745 0.49406923 0.24633341 0.49598835 0.24629868 0.49794105 0.36646739 0.50000000 0.41939597 0.50000000
0 0.30016701 0.26640662 0.30002811 0.27421793 0.29800407 0.27613655 0.29786516 0.28394786 0.29584062 0.28586647 0.29573644 0.29172507 0.29371239 0.29364419 0.29357349 0.30145500 0.29154945 0.30337412 0.29141054 0.31118543 0.28938599 0.31310404 0.28924709 0.32091535 0.28722305 0.32283397 0.28718832 0.32478717 0.31106163 0.32519621 0.31497133 0.32916979 0.32491842 0.32934022 0.32687301 0.33132701 0.32683828 0.33327971 0.33877520 0.33348424 0.34072978 0.33547152 0.34066033 0.33937693 0.36652296 0.33982005 0.36847755 0.34180734 0.36844282 0.34376005 0.37839042 0.34393048 0.38034501 0.34591727 0.38031029 0.34786997 0.40617292 0.34831310 0.41008261 0.35228718 0.42002970 0.35245762 0.42198429 0.35444440 0.42194956 0.35639710 0.43587579 0.35663571 0.43601470 0.34882440 0.43803873 0.34690578 0.43817764 0.33909448 0.44020219 0.33717587 0.44034109 0.32936456 0.44236513 0.32744594 0.44250404 0.31963413 0.44452808 0.31771551 0.44257349 0.31572872 0.44058417 0.31569464 0.43862907 0.31370784 0.43873325 0.30784923 0.44075780 0.30593063 0.44093143 0.29616661 0.44295548 0.29424749 0.44309438 0.28643619 0.44511842 0.28451757 0.44515314 0.28256486 0.43918468 0.28246260 0.43723009 0.28047581 0.43726483 0.27852261 0.42532842 0.27831810 0.42337332 0.27633130 0.42340805 0.27437860 0.41346096 0.27420817 0.41150637 0.27222088 0.41154110 0.27026817 0.39960418 0.27006365 0.39764959 0.26807687 0.39768432 0.26612416 0.38773723 0.26595373 0.38382754 0.26197965 0.35995423 0.26157061 0.35799964 0.25958382 0.35806909 0.25567792 0.34812200 0.25550748 0.34616741 0.25352070 0.34620213 0.25156799 0.33227591 0.25132938 0.33032131 0.24934260 0.33035604 0.24738989 0.32040844 0.24721945 0.31845386 0.24523217 0.31848858 0.24327947 0.30655167 0.24307494 0.30651694 0.24502764 0.30449290 0.24694676 0.30435400 0.25475757 0.30232995 0.25667669 0.30219105 0.26448800 0.30016701 0.26640662
0 0.18306755 0.24877288 0.18292865 0.25658419 0.18090461 0.25850281 0.18076570 0.26631412 0.17874116 0.26823273 0.17860224 0.27604453 0.17657820 0.27796315 0.17643930 0.28577446 0.17441526 0.28769308 0.17427636 0.29550439 0.18422345 0.29567482 0.18617855 0.29766162 0.18614382 0.29961432 0.21001663 0.30002335 0.21392632 0.30399744 0.21389159 0.30595014 0.22383868 0.30612057 0.22579326 0.30810786 0.22575854 0.31006056 0.25162168 0.31050369 0.25357627 0.31249048 0.25354155 0.31444318 0.26746778 0.31468179 0.26753722 0.31077639 0.26956126 0.30885777 0.26970018 0.30104596 0.27172422 0.29912734 0.27186312 0.29131603 0.27388716 0.28939741 0.27402606 0.28158610 0.27605061 0.27966749 0.27615479 0.27380889 0.27817883 0.27189027 0.27831773 0.26407896 0.28034177 0.26216034 0.28048068 0.25434853 0.28250523 0.25242992 0.28264414 0.24461861 0.28466818 0.24269999 0.28477236 0.23684138 0.27283544 0.23663686 0.27088085 0.23465008 0.27091557 0.23269737 0.24903157 0.23232241 0.24707698 0.23033563 0.24711172 0.22838243 0.23318549 0.22814382 0.22927630 0.22417024 0.20540299 0.22376120 0.20344840 0.22177391 0.20348312 0.21982121 0.18955690 0.21958260 0.18945272 0.22544121 0.18742868 0.22735983 0.18725505 0.23712384 0.18523049 0.23904295 0.18509159 0.24685426 0.18306755 0.24877288
0 0.31970399 0.17493038 0.31956509 0.18274169 0.31754104 0.18466080 0.31740214 0.19247162 0.31537810 0.19439073 0.31523919 0.20220204 0.31321464 0.20412065 0.31307574 0.21193196 0.31105170 0.21385058 0.31091280 0.22166189 0.30888876 0.22358051 0.30874984 0.23139232 0.30672530 0.23331093 0.33457775 0.23378815 0.33653235 0.23577493 0.33450831 0.23769355 0.34644522 0.23789808 0.34839981 0.23988486 0.34836508 0.24183807 0.36030148 0.24204258 0.36225658 0.24402938 0.36222186 0.24598208 0.38609467 0.24639111 0.38804976 0.24837841 0.38801504 0.25033111 0.39995144 0.25053563 0.40190603 0.25252241 0.40187131 0.25447512 0.41181890 0.25464556 0.41377350 0.25663234 0.41370404 0.26053825 0.42763027 0.26077686 0.42766499 0.25882416 0.42968904 0.25690504 0.44361527 0.25714365 0.44371944 0.25128554 0.44574348 0.24936692 0.44588239 0.24155511 0.44790643 0.23963649 0.44808006 0.22987248 0.45010410 0.22795386 0.44612547 0.22788569 0.44417088 0.22589841 0.44430978 0.21808760 0.44633383 0.21616848 0.44647273 0.20835717 0.44849677 0.20643855 0.44863567 0.19862724 0.45065971 0.19670862 0.45079861 0.18889731 0.45282316 0.18697870 0.45083334 0.18694461 0.44887876 0.18495732 0.44891348 0.18300462 0.44692416 0.18297054 0.44496957 0.18098375 0.44500430 0.17903055 0.43306739 0.17882602 0.43111280 0.17683923 0.43114752 0.17488653 0.40727421 0.17447749 0.40531961 0.17249070 0.40535434 0.17053800 0.39540725 0.17036757 0.39345216 0.16838027 0.39348688 0.16642757 0.38950825 0.16635940 0.38755315 0.16437260 0.38158520 0.16427035 0.37963062 0.16228306 0.35376748 0.16183993 0.35181288 0.15985314 0.35188233 0.15594774 0.34193524 0.15577731 0.33998014 0.15379051 0.34001487 0.15183731 0.32608915 0.15159871 0.32605442 0.15355191 0.32402987 0.15547052 0.32389097 0.16328183 0.32186693 0.16520045 0.32172803 0.17301176 0.31970399 0.17493038
0 0.20466380 0.15342533 0.20452490 0.16123663 0.20250035 0.16315524 0.20236144 0.17096655 0.20033741 0.17288517 0.20023322 0.17874378 0.19820919 0.18066240 0.19807028 0.18847371 0.19604573 0.19039232 0.19590682 0.19820413 0.19388278 0.20012275 0.19381334 0.20402815 0.21967648 0.20447128 0.22163107 0.20645807 0.22159634 0.20841128 0.23154342 0.20858171 0.23349802 0.21056849 0.23346329 0.21252120 0.24540020 0.21272572 0.24735479 0.21471301 0.24732007 0.21666571 0.25527784 0.21680206 0.25723243 0.21878884 0.27314797 0.21906154 0.27510257 0.22104832 0.27506784 0.22300103 0.28700475 0.22320555 0.28902879 0.22128693 0.28916770 0.21347563 0.29119174 0.21155701 0.29133064 0.20374570 0.29335519 0.20182709 0.29349409 0.19401578 0.29551814 0.19209666 0.29562231 0.18623855 0.29764635 0.18431993 0.29778526 0.17650812 0.29980981 0.17458951 0.29994872 0.16677820 0.30197275 0.16485959 0.30211166 0.15704828 0.30413570 0.15512966 0.30427460 0.14731835 0.30629865 0.14539923 0.29635156 0.14522880 0.29244187 0.14125522 0.27055838 0.14088027 0.26860378 0.13889348 0.26863851 0.13694078 0.25073314 0.13663399 0.24877855 0.13464670 0.24881328 0.13269400 0.23289773 0.13242131 0.23094314 0.13043452 0.23097787 0.12848132 0.21108319 0.12814045 0.21101373 0.13204635 0.20898969 0.13396497 0.20885079 0.14177628 0.20682675 0.14369490 0.20668784 0.15150671 0.20466380 0.15342533
0 0.34123028 0.08348822 0.34109137 0.09130003 0.33906733 0.09321865 0.33892843 0.10102996 0.33690439 0.10294858 0.33676548 0.11075989 0.33474144 0.11267851 0.33463727 0.11853711 0.33261323 0.12045573 0.33247432 0.12826704 0.33044977 0.13018565 0.33034559 0.13604426 0.34029268 0.13621469 0.34224777 0.13820198 0.34217833 0.14210739 0.35411473 0.14231191 0.35606932 0.14429869 0.35603460 0.14625140 0.36598220 0.14642184 0.36793678 0.14840912 0.36790205 0.15036183 0.39376469 0.15080495 0.39571979 0.15279175 0.39568506 0.15474495 0.40563214 0.15491538 0.40954133 0.15888895 0.40950660 0.16084166 0.42144352 0.16104618 0.42339811 0.16303297 0.42336338 0.16498617 0.44922601 0.16542930 0.44929547 0.16152339 0.45131951 0.15960477 0.45145841 0.15179346 0.45348296 0.14987486 0.45362186 0.14206355 0.45163203 0.14202945 0.44967744 0.14004266 0.44985108 0.13027815 0.45187512 0.12835953 0.45201402 0.12054822 0.45403857 0.11862961 0.45407330 0.11667641 0.45609734 0.11475779 0.45634042 0.10108788 0.45236128 0.10101970 0.45040669 0.09903291 0.45054560 0.09122160 0.45256964 0.08930298 0.45267382 0.08344438 0.44272673 0.08327394 0.44077214 0.08128716 0.44084158 0.07738175 0.41497895 0.07693863 0.41302437 0.07495134 0.41305909 0.07299864 0.40510081 0.07286228 0.40119163 0.06888821 0.37532900 0.06844508 0.37337390 0.06645829 0.37340862 0.06450558 0.36346154 0.06433515 0.36150694 0.06234837 0.36154167 0.06039566 0.34761544 0.06015705 0.34758072 0.06210976 0.34555668 0.06402837 0.34541777 0.07183968 0.34339373 0.07375830 0.34325483 0.08156961 0.34123028 0.08348822
0 0.22615537 0.06393587 0.22413133 0.06585449 0.22399242 0.07366630 0.22196838 0.07558492 0.22182947 0.08339623 0.21980493 0.08531484 0.21966602 0.09312615 0.21764198 0.09504477 0.21750308 0.10285608 0.21547903 0.10477519 0.21537486 0.11063330 0.22333263 0.11076965 0.22528723 0.11275644 0.23324500 0.11289278 0.23519958 0.11488007 0.23516486 0.11683277 0.25108040 0.11710546 0.25303550 0.11909226 0.25300077 0.12104547 0.26692649 0.12128406 0.26888159 0.12327086 0.26884687 0.12522356 0.27879396 0.12539399 0.28074855 0.12738078 0.28071382 0.12933348 0.30856577 0.12981069 0.30863522 0.12590529 0.31065977 0.12398668 0.31076395 0.11812807 0.31278799 0.11620945 0.31292689 0.10839815 0.31495093 0.10647952 0.31508984 0.09866772 0.31711439 0.09674911 0.31721856 0.09089100 0.31924261 0.08897188 0.31938151 0.08116057 0.32140555 0.07924195 0.32154446 0.07143064 0.32356850 0.06951203 0.32367267 0.06365342 0.32569672 0.06173480 0.32587035 0.05197029 0.31393395 0.05176577 0.31197935 0.04977908 0.31201408 0.04782628 0.30007717 0.04762176 0.29812258 0.04563487 0.29815730 0.04368202 0.27428399 0.04327298 0.27232940 0.04128604 0.27236412 0.03933324 0.26042721 0.03912871 0.25847262 0.03714183 0.25850735 0.03518897 0.23264471 0.03474585 0.23062016 0.03666461 0.23048126 0.04447592 0.22845722 0.04639463 0.22831831 0.05420594 0.22629427 0.05612456 0.22615537 0.06393587
0 0.35208075 0.03288540 0.35194184 0.04069670 0.34991780 0.04261542 0.34984835 0.04652113 0.35382698 0.04658930 0.35585102 0.04467053 0.36181948 0.04477279 0.36377407 0.04675973 0.36373934 0.04871253 0.36569444 0.05069943 0.37564153 0.05086986 0.37759612 0.05285655 0.37756139 0.05480975 0.38551916 0.05494610 0.38754321 0.05302698 0.38949780 0.05501426 0.38942835 0.05891967 0.41529149 0.05936280 0.41724607 0.06135009 0.41721135 0.06330279 0.42914826 0.06350732 0.43110285 0.06549410 0.43106813 0.06744681 0.45693076 0.06788993 0.45700021 0.06398453 0.45902425 0.06206591 0.45916316 0.05425410 0.46118771 0.05233559 0.46132661 0.04452428 0.45734747 0.04445610 0.45539288 0.04246921 0.45549706 0.03661071 0.45752110 0.03469199 0.45762528 0.02883348 0.45964932 0.02691476 0.45978822 0.01910345 0.46181277 0.01718474 0.46195168 0.00937344 0.46397572 0.00745467 0.46404517 0.00354901 0.35860431 0.00174241 0.35846540 0.00955372 0.35644136 0.01147244 0.35630246 0.01928375 0.35427842 0.02120251 0.35410479 0.03096668 0.35208075 0.03288540
0 0.23923285 0.00000000 0.23916878 0.00360287 0.23714423 0.00552163 0.23700533 0.01333294 0.23498129 0.01525166 0.24691769 0.01545617 0.24887279 0.01744307 0.24880334 0.02134877 0.25477179 0.02145103 0.25679583 0.01953227 0.26077447 0.01960044 0.26272906 0.02158737 0.26265960 0.02549298 0.27459652 0.02569750 0.27655111 0.02768444 0.27651638 0.02963729 0.30038970 0.03004633 0.30234480 0.03203323 0.30231007 0.03398603 0.31424648 0.03419055 0.31620107 0.03617748 0.31616634 0.03813034 0.33009257 0.03836895 0.33019675 0.03251044 0.33222079 0.03059172 0.33235969 0.02278041 0.33438424 0.02086165 0.33452315 0.01305034 0.33654719 0.01113158 0.33672082 0.00136746 0.25691014 0.00000000 0.23923285 0.00000000
0 0.50937500 0.10421552 0.66046257 0.10973179 0.67677471 0.10374552 0.68077644 0.03818038 0.67449375 0.02211992 0.50937500 0.01651677 0.50937500 0.10421552
0 0.00000000 0.77820737 0.22396306 0.78065761 0.22325882 0.60317923 0.00000000 0.60220032 0.00000000 0.77820737
0 0.00000000 1.00000000 0.14349579 1.00000000 0.14344263 0.81854873 0.00000000 0.81840572 0.00000000 1.00000000
0 0.18255781 1.00000000 0.18263881 0.82430242 0.16496255 0.82019174 0.16434260 1.00000000 0.18255781 1.00000000
0 0.50937500 1.00000000 0.50937500 0.94322247 0.41208727 0.96901327 0.41895374 1.00000000 0.50937500 1.00000000
0 0.50937500 0.83726846 0.38719947 0.86970442 0.40127842 0.93459907 0.50937500 0.90168166 0.50937500 0.83726846
0 0.50937500 0.73192839 0.36493568 0.76537184 0.37905889 0.82773095 0.50937500 0.79434514 0.50937500 0.73192839
0 0.50937500 0.58750750 0.33682357 0.63304857 0.35926431 0.72724362 0.50937500 0.68838888 0.50937500 0.58750750
