0 0.41572190 0.53399179 0.41318977 0.53204541 0.37881780 0.53547463 0.37628566 0.53352826 0.37604483 0.53135328 0.34854737 0.53409664 0.34601459 0.53214977 0.32997484 0.53375002 0.32744212 0.53180371 0.29077884 0.53546152 0.29342811 0.55938789 0.42404150 0.54635688 0.42307813 0.53765643 0.42512855 0.53525231 0.42488773 0.53307733 0.41572190 0.53399179
0 0.27495021 0.55989583 0.27341057 0.54599088 0.27546163 0.54358725 0.27449827 0.53488680 0.25616663 0.53671571 0.25363384 0.53476884 0.23988540 0.53614049 0.23735327 0.53419411 0.23506137 0.53442277 0.23252924 0.53247640 0.21648891 0.53407671 0.21395677 0.53213033 0.19562513 0.53395924 0.19309300 0.53201287 0.18163587 0.53315592 0.17958480 0.53555955 0.18006645 0.53990950 0.17801597 0.54231307 0.17114204 0.54299886 0.16860932 0.54105255 0.15256958 0.54265280 0.15003685 0.54070648 0.13170521 0.54253539 0.13339112 0.55776131 0.14255694 0.55684686 0.14508907 0.55879323 0.14521116 0.55989583 0.27495021 0.55989583
0 0.32733224 0.46803974 0.32986496 0.46998606 0.32781389 0.47238969 0.30260774 0.47490445 0.30007561 0.47295808 0.28174397 0.47478699 0.28415235 0.49653783 0.32998146 0.49196556 0.33251424 0.49391243 0.33275506 0.49608740 0.36483514 0.49288684 0.36990006 0.49678009 0.41802047 0.49197922 0.41585285 0.47240280 0.41356096 0.47263146 0.41102882 0.47068508 0.39498849 0.47228539 0.39245636 0.47033902 0.39450677 0.46793489 0.41513031 0.46587732 0.40959100 0.41585016 0.41164142 0.41344603 0.41140059 0.41127106 0.39077764 0.41332857 0.38824492 0.41138225 0.38390980 0.37223052 0.27621185 0.38297531 0.27693433 0.38950023 0.27488326 0.39190385 0.28355362 0.47020844 0.30646847 0.46792228 0.30900060 0.46986865 0.32733224 0.46803974
0 0.15367717 0.40619588 0.17659202 0.40390972 0.17912415 0.40585610 0.22495325 0.40128382 0.22748539 0.40323020 0.24810893 0.40117263 0.25064112 0.40311957 0.24859064 0.40552314 0.19817833 0.41055266 0.19564620 0.40860629 0.15669161 0.41249270 0.15415882 0.41054583 0.14499300 0.41146028 0.14246087 0.40951391 0.13100374 0.41065696 0.13485721 0.44545876 0.13280614 0.44786239 0.13593706 0.47613870 0.15656060 0.47408114 0.15909279 0.47602807 0.15704231 0.47843164 0.13641878 0.48048920 0.13810468 0.49571513 0.15872822 0.49365756 0.16126036 0.49560393 0.17042617 0.49468948 0.17295831 0.49663585 0.20503897 0.49343524 0.20757117 0.49538217 0.21673699 0.49446771 0.21926913 0.49641409 0.24218397 0.49412792 0.24471611 0.49607430 0.26763037 0.49378819 0.27016309 0.49573451 0.26775470 0.47398367 0.24483986 0.47626983 0.24230772 0.47432346 0.17585567 0.48095323 0.17079075 0.47705999 0.17284123 0.47465641 0.19117287 0.47282751 0.19370560 0.47477382 0.25557503 0.46860124 0.25810717 0.47054762 0.26727299 0.46963316 0.26606879 0.45875774 0.25690297 0.45967220 0.25437084 0.45772582 0.25364830 0.45120035 0.25569878 0.44879678 0.26715591 0.44765372 0.26282073 0.40850143 0.26052942 0.40873003 0.25799670 0.40678371 0.25341408 0.40724091 0.25088195 0.40529454 0.25293243 0.40289097 0.26209825 0.40197651 0.25968980 0.38022511 0.15199127 0.39096996 0.15223209 0.39314493 0.15018167 0.39554906 0.12955872 0.39760657 0.13052202 0.40630646 0.15114497 0.40424895 0.15367717 0.40619588
0 0.02208714 0.49409482 0.02667005 0.49363759 0.02920242 0.49558451 0.03836824 0.49467005 0.04090049 0.49661642 0.06610653 0.49410167 0.06863878 0.49604803 0.07551317 0.49536218 0.07804543 0.49730854 0.12616584 0.49250768 0.12496165 0.48163226 0.12037903 0.48208945 0.11784631 0.48014314 0.05597734 0.48631567 0.05344497 0.48436876 0.05549563 0.48196517 0.12423911 0.47510678 0.12351663 0.46858186 0.11435081 0.46949632 0.11181861 0.46754939 0.11133696 0.46319944 0.11338738 0.46079531 0.12255320 0.45988086 0.11725471 0.41202867 0.07371692 0.41637234 0.07118490 0.41442596 0.07323521 0.41202184 0.10760718 0.40859262 0.10688470 0.40206771 0.10893518 0.39966414 0.11810159 0.39874962 0.11737905 0.39222415 0.10133872 0.39382446 0.09880652 0.39187753 0.03922839 0.39782151 0.03669614 0.39587514 0.01149011 0.39838989 0.02064212 0.48104443 0.04813958 0.47830107 0.05067183 0.48024743 0.04862123 0.48265101 0.02112377 0.48539437 0.02208714 0.49409482
0 0.96209160 0.45727735 0.98928883 0.45983773 0.99086506 0.42734831 0.74576161 0.41342673 0.73686611 0.41928706 0.74294154 0.44806973 0.75730529 0.44927703 0.85565507 0.45133711 0.96209160 0.45727735
0 1.00000000 0.46717470 0.94208417 0.46314534 0.90512312 0.46238562 0.78552003 0.45384631 0.78246707 0.48102872 0.83511834 0.48571334 0.92098280 0.48862901 1.00000000 0.49253817 1.00000000 0.46717470
0 1.00000000 0.49946765 0.99804100 0.49941905 0.82855083 0.49010883 0.83007908 0.51225909 0.84081199 0.51805332 1.00000000 0.52506867 1.00000000 0.49946765
0 1.00000000 0.55989583 1.00000000 0.53260841 0.89724148 0.52719189 0.86483546 0.52550045 0.85999595 0.53198039 0.86196865 0.54013749 0.86561428 0.55168403 0.87177992 0.55254257 0.95961390 0.55989583 1.00000000 0.55989583
0 0.58984375 0.58421921 0.58287799 0.58470729 0.58185134 0.60310881 0.53758386 0.60882912 0.54911581 0.69443195 0.58984375 0.69795476 0.58984375 0.58421921
0 0.10008287 0.83587292 0.12226618 0.83955557 0.21141360 0.83199980 0.19794510 0.72165681 0.07751471 0.73009531 0.10008287 0.83587292
0 0.79034292 1.00000000 0.93091543 0.98414644 0.93041300 0.97901712 0.93183883 0.97712780 0.93049905 0.96344988 0.92873825 0.96191950 0.88412316 0.96695113 0.88236240 0.96542119 0.83774732 0.97045281 0.83598656 0.96892287 0.78977777 0.97413423 0.78801702 0.97260429 0.78164343 0.97332309 0.78021760 0.97521241 0.78264560 1.00000000 0.79034292 1.00000000
0 0.76492452 1.00000000 0.76252268 0.97547950 0.73224805 0.97889383 0.73048730 0.97736389 0.67790533 0.98329400 0.67614413 0.98176367 0.62356224 0.98769378 0.62180141 0.98616385 0.61542782 0.98688265 0.61400191 0.98877198 0.61510172 1.00000000 0.76492452 1.00000000
0 1.00000000 0.89856666 0.99030155 0.89966044 0.98854079 0.89813050 0.93914542 0.90370124 0.94048520 0.91737915 0.93905937 0.91926847 0.94408357 0.97056086 0.94265774 0.97245018 0.94366259 0.98270883 1.00000000 0.97635519 1.00000000 0.89856666
0 0.76741327 0.79515079 0.77243743 0.84644275 0.77101123 0.84833255 0.77603539 0.89962451 0.77460956 0.90151383 0.77846144 0.94083794 0.78961531 0.93958002 0.79137607 0.94110996 0.82961757 0.93679714 0.83137837 0.93832752 0.85209242 0.93599142 0.85175745 0.93257172 0.85318369 0.93068236 0.85201137 0.91871407 0.85343721 0.91682476 0.87574454 0.91430897 0.87557704 0.91259890 0.87700328 0.91070953 0.87666836 0.90729027 0.87809419 0.90540096 0.90040153 0.90288517 0.89973159 0.89604577 0.90115783 0.89415641 0.92505847 0.89146093 0.92355122 0.87607339 0.92497746 0.87418402 0.94728480 0.87166823 0.94661491 0.86482928 0.94804070 0.86293952 0.94251412 0.80651823 0.94394036 0.80462887 0.93824631 0.74649796 0.91753226 0.74883406 0.91577105 0.74730373 0.91024447 0.69088244 0.91167071 0.68899308 0.91083335 0.68044449 0.91225914 0.67855473 0.91175671 0.67342540 0.86873492 0.67827734 0.86697416 0.67674740 0.86060058 0.67746620 0.85883983 0.67593626 0.85800247 0.66738767 0.79267293 0.67475544 0.79091213 0.67322507 0.76063751 0.67663939 0.76147490 0.68518842 0.76004907 0.68707774 0.76507327 0.73837013 0.76364744 0.74025945 0.76883910 0.79326147 0.76741327 0.79515079
0 0.61060477 0.70738887 0.60884389 0.70585895 0.60817400 0.69901999 0.60658063 0.69919969 0.60481979 0.69766976 0.59366600 0.69892767 0.59768534 0.73996140 0.59625943 0.74185073 0.60145109 0.79485276 0.60002514 0.79674209 0.60538426 0.85145374 0.60395835 0.85334351 0.60914997 0.90634510 0.60772410 0.90823487 0.61224583 0.95439750 0.65208063 0.94990499 0.65384179 0.95143488 0.69845647 0.94640330 0.70021768 0.94793364 0.74483277 0.94290201 0.74659352 0.94443195 0.75934069 0.94299435 0.75850334 0.93444576 0.75992917 0.93255644 0.75540740 0.88639338 0.75683318 0.88450362 0.75231146 0.83834099 0.75373770 0.83645162 0.74921592 0.79028856 0.75064171 0.78839880 0.74611998 0.74223617 0.74754581 0.74034685 0.74302404 0.69418378 0.74445024 0.69229398 0.74327796 0.68032614 0.71459663 0.68356077 0.71283583 0.68203039 0.66662745 0.68724171 0.66486629 0.68571181 0.64415224 0.68804791 0.64465467 0.69317724 0.64322884 0.69506656 0.63207496 0.69632448 0.63274485 0.70316343 0.63131902 0.70505275 0.61060477 0.70738887
