0 0.00000000 0.32456626 0.00231430 0.32200859 0.00275887 0.31736943 0.00000000 0.31680080 0.00000000 0.32456626
0 0.03542413 0.26260612 0.03001274 0.26858604 0.02979043 0.27090592 0.02437899 0.27688644 0.02415673 0.27920572 0.02054909 0.28319232 0.02032683 0.28551161 0.01671921 0.28949882 0.01649696 0.29181810 0.01108548 0.29779861 0.01086322 0.30011789 0.00905944 0.30211121 0.00883713 0.30443108 0.01358174 0.30540900 0.01380405 0.30308913 0.01741165 0.29910251 0.01763391 0.29678323 0.02304539 0.29080272 0.02326765 0.28848344 0.02687527 0.28449622 0.02709752 0.28217694 0.03250900 0.27619643 0.03273126 0.27387715 0.03633892 0.26988994 0.03656118 0.26757066 0.04197256 0.26159074 0.04219487 0.25927086 0.04760636 0.25329035 0.04782861 0.25097107 0.05143642 0.24698450 0.05165867 0.24466522 0.05346243 0.24267130 0.04871770 0.24169335 0.04510984 0.24568052 0.04488758 0.24799980 0.03947634 0.25398036 0.03925409 0.25629964 0.03564639 0.26028684 0.03542413 0.26260612
0 0.03519337 0.11354813 0.03497111 0.11586741 0.03136346 0.11985462 0.03114120 0.12217390 0.02572976 0.12815442 0.02550750 0.13047370 0.02009602 0.13645421 0.01987376 0.13877349 0.01446230 0.14475400 0.01424005 0.14707329 0.01243624 0.14906659 0.00932442 0.18153891 0.01112822 0.17954560 0.01135053 0.17722572 0.01495815 0.17323912 0.01518047 0.17091924 0.02059185 0.16493931 0.02081411 0.16262004 0.02622555 0.15663952 0.02644786 0.15431964 0.03005550 0.15033304 0.03027776 0.14801375 0.03568920 0.14203324 0.03591146 0.13971396 0.03951912 0.13572675 0.03974138 0.13340747 0.04515286 0.12742696 0.04537511 0.12510768 0.05078655 0.11912716 0.05100881 0.11680788 0.05461641 0.11282126 0.05483873 0.11050139 0.06025029 0.10452089 0.06047255 0.10220161 0.06227624 0.10020829 0.06249850 0.09788900 0.06091706 0.09756305 0.05955747 0.09491773 0.04848689 0.09263596 0.04826463 0.09495524 0.04465699 0.09894184 0.04443473 0.10126112 0.03902329 0.10724164 0.03880097 0.10956152 0.03519337 0.11354813
0 0.15858120 0.00000000 0.15540783 0.00350694 0.15518556 0.00582634 0.15157813 0.00981329 0.15135585 0.01213275 0.14594431 0.01811306 0.14572204 0.02043252 0.14211421 0.02441933 0.14189193 0.02673879 0.13648079 0.03271919 0.13625852 0.03503865 0.13265069 0.03902552 0.13242842 0.04134492 0.12882057 0.04533196 0.12859831 0.04765125 0.12318715 0.05363182 0.12296490 0.05595110 0.11935709 0.05993767 0.11913478 0.06225755 0.11372322 0.06823804 0.11350096 0.07055732 0.10989356 0.07454398 0.10967130 0.07686326 0.10425974 0.08284375 0.10403743 0.08516363 0.10043003 0.08915029 0.10020777 0.09146956 0.09479621 0.09745006 0.09615539 0.10009529 0.09571082 0.10473445 0.09210342 0.10872110 0.09188117 0.11104039 0.08646960 0.11702088 0.08624729 0.11934076 0.08263949 0.12332733 0.08241723 0.12564661 0.07700607 0.13162718 0.07678381 0.13394646 0.07317595 0.13793363 0.07295370 0.14025291 0.06754213 0.14623340 0.06731988 0.14855269 0.06371242 0.15253994 0.06349016 0.15485922 0.05807866 0.16083912 0.05785634 0.16315899 0.05424894 0.16714564 0.05402663 0.16946552 0.05041891 0.17345211 0.05019665 0.17577139 0.04478521 0.18175191 0.04456295 0.18407119 0.04095529 0.18805840 0.04073304 0.19037768 0.03532155 0.19635819 0.03509930 0.19867747 0.03149168 0.20266469 0.03126942 0.20498397 0.02585800 0.21096388 0.02563568 0.21328376 0.02202808 0.21727037 0.02180577 0.21959025 0.01639438 0.22557017 0.01617213 0.22788945 0.01256443 0.23187665 0.01234217 0.23419593 0.00693073 0.24017645 0.00670847 0.24249573 0.00310081 0.24648294 0.00021130 0.27663538 0.00292987 0.28192589 0.00270756 0.28424576 0.00000000 0.28723778 0.00000000 0.29273642 0.00295552 0.29848803 0.00453705 0.29881399 0.00475930 0.29649471 0.01017078 0.29051420 0.01039304 0.28819492 0.01580448 0.28221440 0.01602674 0.27989513 0.01963434 0.27590851 0.01985665 0.27358863 0.02526813 0.26760812 0.02549039 0.26528884 0.03090177 0.25930892 0.03112409 0.25698904 0.03653553 0.25100853 0.03675779 0.24868925 0.04216921 0.24270933 0.04239152 0.24038945 0.04780309 0.23440896 0.04802534 0.23208968 0.05163274 0.22810302 0.05185500 0.22578374 0.05726656 0.21980325 0.05748887 0.21748338 0.06290038 0.21150347 0.06312264 0.20918419 0.06673009 0.20519695 0.06695235 0.20287766 0.07236391 0.19689717 0.07258617 0.19457789 0.07799773 0.18859740 0.07821999 0.18627812 0.08363155 0.18029762 0.08385381 0.17797834 0.08746126 0.17399109 0.08768352 0.17167181 0.09309508 0.16569132 0.09331734 0.16337204 0.09872890 0.15739154 0.09895116 0.15507226 0.10255861 0.15108501 0.10278087 0.14876573 0.10819238 0.14278583 0.10661053 0.14245979 0.10525140 0.13981396 0.10208852 0.13916206 0.10072933 0.13651682 0.10095159 0.13419754 0.10816644 0.12622364 0.11132973 0.12687563 0.11268892 0.12952087 0.11585221 0.13017286 0.11607447 0.12785357 0.11968192 0.12386633 0.11990418 0.12154704 0.12531574 0.11556655 0.12553800 0.11324727 0.12914580 0.10926070 0.12936812 0.10694082 0.13477928 0.10096024 0.13500153 0.09864096 0.13860934 0.09465439 0.13883159 0.09233511 0.14424316 0.08635462 0.14446547 0.08403474 0.14807287 0.08004809 0.14829513 0.07772881 0.15190258 0.07374156 0.15212484 0.07142228 0.15753640 0.06544178 0.15775866 0.06312250 0.16136646 0.05913593 0.16158878 0.05681606 0.16699994 0.05083548 0.16722218 0.04851632 0.17083001 0.04452951 0.17105228 0.04221005 0.17466012 0.03822318 0.17488239 0.03590378 0.18029353 0.02992332 0.18051580 0.02760392 0.18412364 0.02361699 0.18434591 0.02129759 0.18975746 0.01531722 0.18997973 0.01299782 0.19358715 0.00901087 0.19380943 0.00669141 0.19741685 0.00270452 0.19763912 0.00038505 0.19798757 0.00000000 0.15858120 0.00000000
0 1.00000000 0.26940118 0.42803799 0.19783542 0.42392441 0.22752412 1.00000000 0.29960458 1.00000000 0.26940118
0 1.00000000 0.19690909 0.43010474 0.12546979 0.42766875 0.15741661 1.00000000 0.22715810 1.00000000 0.19690909
0 1.00000000 0.12240446 0.44025140 0.05223890 0.43586375 0.08390561 1.00000000 0.15462299 1.00000000 0.12240446
0 0.44748947 0.00000000 0.44573634 0.01265273 1.00000000 0.08213253 1.00000000 0.04991404 0.60180880 0.00000000 0.44748947 0.00000000
0 0.93858422 0.33318449 0.74122825 0.30706977 0.73684060 0.33873648 0.93447064 0.36287319 0.93858422 0.33318449
0 0.01730908 0.75509859 0.01889060 0.75531626 0.02160916 0.75884941 0.02635377 0.75950242 0.02771308 0.76126880 0.03878386 0.76279249 0.04014317 0.76455887 0.05121416 0.76608258 0.05257335 0.76784895 0.05415479 0.76806660 0.05687310 0.77159972 0.06161783 0.77225275 0.06297743 0.77401917 0.06930320 0.77488979 0.07066279 0.77665621 0.07540752 0.77730923 0.07676665 0.77907599 0.07834809 0.77929365 0.07970727 0.78106001 0.08287057 0.78149538 0.08422975 0.78326174 0.09371881 0.78456774 0.09507840 0.78633415 0.09982313 0.78698718 0.10118232 0.78875354 0.10592665 0.78940651 0.10728618 0.79117332 0.11361236 0.79204401 0.11497154 0.79381037 0.11971627 0.79446339 0.12107546 0.79622976 0.12582019 0.79688278 0.12717932 0.79864954 0.13350550 0.79952022 0.13486468 0.80128658 0.14277230 0.80237492 0.14413189 0.80414134 0.15045807 0.80501202 0.15181725 0.80677838 0.15814343 0.80764906 0.15950261 0.80941542 0.18797060 0.81333352 0.18932973 0.81510028 0.18910747 0.81664898 0.19046666 0.81841535 0.19002209 0.82151315 0.19951155 0.82281920 0.20087074 0.82458557 0.21984927 0.82719761 0.22165296 0.82586656 0.22301256 0.82763298 0.22256804 0.83073039 0.23205710 0.83203638 0.23341623 0.83380314 0.23816096 0.83445617 0.23905005 0.82826095 0.24085375 0.82692990 0.24717992 0.82780058 0.25051401 0.80456841 0.25231812 0.80323741 0.25698586 0.77071221 0.25540401 0.77049450 0.25404483 0.76872814 0.24771865 0.76785746 0.24635947 0.76609110 0.24003329 0.76522041 0.23867370 0.76345400 0.23392937 0.76280103 0.23257024 0.76103427 0.22624366 0.76016353 0.22488448 0.75839717 0.21855830 0.75752649 0.21719912 0.75576013 0.21245439 0.75510710 0.21109526 0.75334034 0.20476908 0.75246966 0.20340990 0.75070330 0.19866516 0.75005028 0.19730598 0.74828391 0.19097980 0.74741323 0.18962021 0.74564681 0.18329444 0.74477619 0.18193485 0.74300977 0.17719012 0.74235674 0.17583099 0.74058999 0.16950481 0.73971930 0.16814563 0.73795294 0.16340090 0.73729992 0.16204171 0.73553356 0.15571554 0.73466287 0.15435641 0.73289612 0.14803023 0.73202543 0.14667105 0.73025907 0.12769211 0.72764697 0.12633293 0.72588061 0.11209914 0.72392159 0.11073995 0.72215523 0.11140678 0.71750871 0.11004760 0.71574235 0.10055813 0.71443630 0.09919900 0.71266954 0.09964351 0.70957213 0.09648022 0.70913676 0.09512104 0.70737040 0.09353960 0.70715275 0.09218001 0.70538633 0.08901712 0.70495101 0.08765799 0.70318426 0.08291326 0.70253123 0.08155408 0.70076487 0.07680934 0.70011185 0.07545016 0.69834548 0.07070542 0.69769246 0.06934630 0.69592570 0.06460156 0.69527267 0.06324238 0.69350631 0.05849764 0.69285329 0.05713846 0.69108692 0.04923064 0.68999856 0.04787133 0.68823218 0.03838211 0.68692616 0.03702280 0.68515978 0.02595202 0.68363609 0.02459277 0.68186932 0.01984815 0.68121631 0.01718090 0.69980197 0.01357322 0.70246443 0.01199167 0.70224676 0.00510130 0.75025942 0.01459056 0.75156544 0.01730908 0.75509859
