0 0.28124115 0.48939513 0.35569198 0.47748777 0.35239815 0.46054398 0.28390292 0.47149883 0.28146140 0.46994775 0.21089124 0.48123445 0.20844981 0.47968386 0.14773006 0.48939513 0.28124115 0.48939513
0 0.40684985 0.46542315 0.41722772 0.46376336 0.41649580 0.45999829 0.41820521 0.45778333 0.42858362 0.45612345 0.42419190 0.43353205 0.40136016 0.43718366 0.39891863 0.43563259 0.39818671 0.43186752 0.37535497 0.43551913 0.37974678 0.45811101 0.37803728 0.46032549 0.38059919 0.47350421 0.40550640 0.46952065 0.40514044 0.46763811 0.40684985 0.46542315
0 0.09918086 0.48939513 0.11773491 0.48642767 0.12017634 0.48797826 0.19282250 0.47635953 0.19526393 0.47791013 0.26583408 0.46662342 0.26827614 0.46817441 0.33884630 0.45688771 0.34128826 0.45843822 0.35166613 0.45677842 0.34837229 0.43983463 0.35008171 0.43761967 0.34276211 0.39996702 0.31577944 0.40428252 0.31333791 0.40273144 0.20125521 0.42065750 0.19881378 0.41910690 0.08465560 0.43736490 0.08221407 0.43581432 0.05315560 0.44046181 0.05571743 0.45364005 0.05400791 0.45585503 0.05876568 0.48032944 0.06706808 0.47900159 0.06950962 0.48055217 0.06987558 0.48243470 0.07231726 0.48398576 0.08061966 0.48265790 0.08306125 0.48420847 0.08342721 0.48609101 0.08965399 0.48509512 0.09642422 0.48939513 0.09918086 0.48939513
0 0.21871711 0.40039412 0.22115907 0.40194463 0.28135136 0.39231772 0.28379288 0.39386879 0.34190971 0.38457382 0.33641992 0.35633385 0.28037856 0.36529688 0.27793713 0.36374629 0.20736697 0.37503299 0.20492545 0.37348191 0.13435476 0.38476870 0.13191333 0.38321811 0.06134274 0.39450488 0.05890121 0.39295431 0.04437198 0.39527805 0.04986167 0.42351754 0.09760052 0.41588239 0.10004204 0.41743346 0.15815886 0.40813849 0.16060082 0.40968900 0.21871711 0.40039412
0 0.09760574 0.38288143 0.16610043 0.37192667 0.16854186 0.37347726 0.23703709 0.36252241 0.23947861 0.36407349 0.30797330 0.35311873 0.31041473 0.35466932 0.33532194 0.35068576 0.33703198 0.34847120 0.32678441 0.29575681 0.26659159 0.30538381 0.26415017 0.30383321 0.19773094 0.31445603 0.19528942 0.31290496 0.12887019 0.32352778 0.12642876 0.32197719 0.06208490 0.33226808 0.05964331 0.33071751 0.03473610 0.33470107 0.04315368 0.37800181 0.04144410 0.38021680 0.04290804 0.38774743 0.04534963 0.38929799 0.09516378 0.38133092 0.09760574 0.38288143
0 0.13119123 0.31345073 0.13363266 0.31500133 0.20005188 0.30437851 0.20249384 0.30592901 0.26891307 0.29530619 0.27135459 0.29685727 0.32532048 0.28822618 0.32019665 0.26186875 0.31775469 0.26031824 0.25756240 0.26994515 0.25512097 0.26839456 0.19492815 0.27802155 0.19248663 0.27647048 0.13229434 0.28609739 0.12985291 0.28454679 0.06966062 0.29417370 0.06721866 0.29262319 0.02985800 0.29859851 0.03058993 0.30236358 0.02888035 0.30457856 0.03327217 0.32717044 0.06025500 0.32285492 0.06269654 0.32440550 0.13119123 0.31345073
0 0.05855552 0.25906756 0.05684601 0.26128203 0.02778744 0.26592954 0.02851936 0.26969462 0.02680975 0.27190911 0.02717581 0.27379213 0.02546619 0.27600663 0.02693013 0.28353725 0.05806385 0.27855785 0.06050581 0.28010836 0.12069810 0.27048145 0.12313953 0.27203204 0.18125635 0.26273707 0.18369840 0.26428807 0.24389069 0.25466115 0.24633212 0.25621175 0.30652441 0.24658484 0.30896584 0.24813543 0.31934424 0.24647555 0.31385454 0.21823606 0.30140067 0.22022789 0.29895915 0.21867681 0.22838899 0.22996352 0.22594703 0.22841300 0.15537687 0.23969971 0.15293491 0.23814920 0.11972530 0.24346061 0.12045722 0.24722568 0.11874781 0.24944064 0.10836994 0.25110044 0.10592841 0.24954936 0.05818946 0.25718454 0.05855552 0.25906756
0 0.18456063 0.21367896 0.16587983 0.21666669 0.16624579 0.21854923 0.16453637 0.22076419 0.11679742 0.22839936 0.11826136 0.23592999 0.12656429 0.23460205 0.12900572 0.23615264 0.19542495 0.22552982 0.19786638 0.22708041 0.26221013 0.21678954 0.26465156 0.21834013 0.31446598 0.21037301 0.30641437 0.16895481 0.25244902 0.17758581 0.25000706 0.17603530 0.21057051 0.18234262 0.21349838 0.19740387 0.21178888 0.19961835 0.21361877 0.20903151 0.21190927 0.21124599 0.18700206 0.21522955 0.18456063 0.21367896
0 0.00000000 0.26610582 0.00373253 0.28530632 0.01826176 0.28298257 0.01021006 0.24156388 0.01191967 0.23934938 0.00789382 0.21864004 0.00000000 0.21990255 0.00000000 0.26610582
0 0.33926315 0.12875942 0.34341409 0.12809554 0.34585614 0.12964653 0.36038495 0.12732285 0.36282691 0.12887336 0.36502277 0.14016906 0.36331282 0.14238411 0.35501042 0.14371196 0.35256890 0.14216088 0.35220294 0.14027835 0.32937119 0.14392996 0.33010321 0.14769552 0.32839370 0.14990999 0.33388349 0.17814997 0.35671523 0.17449835 0.35915666 0.17604894 0.36062060 0.18357957 0.39383021 0.17826816 0.39627164 0.17981875 0.39810163 0.18923240 0.39639213 0.19144688 0.38186279 0.19377064 0.37942136 0.19222005 0.37319443 0.19321596 0.37392635 0.19698103 0.37221684 0.19919551 0.33900723 0.20450692 0.33973924 0.20827247 0.33802974 0.21048695 0.34242155 0.23307883 0.34449702 0.23274689 0.34693845 0.23429748 0.36769472 0.23097781 0.36440088 0.21403402 0.36611039 0.21181954 0.38063973 0.20949578 0.38308116 0.21104637 0.41006384 0.20673087 0.41250579 0.20828138 0.41360377 0.21392947 0.41018432 0.21835900 0.40188192 0.21968685 0.40737161 0.24792634 0.41567401 0.24659849 0.41811554 0.24814956 0.42067736 0.26132780 0.41896794 0.26354276 0.41066554 0.26487061 0.40895604 0.26708509 0.41005392 0.27273270 0.40834451 0.27494766 0.38966370 0.27793539 0.38722218 0.27638431 0.38502632 0.26508861 0.37464845 0.26674841 0.37220702 0.26519781 0.36854713 0.24637101 0.34571539 0.25002262 0.35523103 0.29897194 0.36353343 0.29764408 0.36597486 0.29919468 0.36780476 0.30860784 0.36609525 0.31082232 0.36401978 0.31115426 0.36157782 0.30960375 0.35535089 0.31059966 0.36376855 0.35390089 0.36205905 0.35611537 0.37486852 0.42200847 0.42053201 0.41470524 0.41870211 0.40529208 0.42041161 0.40307760 0.41492182 0.37483763 0.39209008 0.37848924 0.38964865 0.37693865 0.38672078 0.36187740 0.39014023 0.35744787 0.41089597 0.35412828 0.40979800 0.34848019 0.41150750 0.34626571 0.42188591 0.34460584 0.41859207 0.32766204 0.42030158 0.32544757 0.43067945 0.32378777 0.43238886 0.32157281 0.44276673 0.31991302 0.43910693 0.30108669 0.43703147 0.30141863 0.43458994 0.29986756 0.42836301 0.30086347 0.43092492 0.31404219 0.42921542 0.31625666 0.41676208 0.31824840 0.41432012 0.31669789 0.38526197 0.32134533 0.38282054 0.31979474 0.38172257 0.31414665 0.37928061 0.31259614 0.37854859 0.30883058 0.38025863 0.30661602 0.39271197 0.30462429 0.39198004 0.30085921 0.39368955 0.29864473 0.40199196 0.29731688 0.40162590 0.29543386 0.40333541 0.29321938 0.43031862 0.28890380 0.43276005 0.29045439 0.43691098 0.28979051 0.43251917 0.26719863 0.43422921 0.26498407 0.42361568 0.21038714 0.42117363 0.20883615 0.42080767 0.20695362 0.41458126 0.20794944 0.41213983 0.20639885 0.40994388 0.19510267 0.41165339 0.19288819 0.40286976 0.14770443 0.40457927 0.14548995 0.40873021 0.14482606 0.40433839 0.12223418 0.40018746 0.12289807 0.39774603 0.12134747 0.39445210 0.10440320 0.39616160 0.10218872 0.39579564 0.10030619 0.38334177 0.10229801 0.38090034 0.10074741 0.32278352 0.11004238 0.32717534 0.13263426 0.32546583 0.13484874 0.32790726 0.13639934 0.33828513 0.13473954 0.33755321 0.13097447 0.33926315 0.12875942
0 0.65839704 0.22286473 0.65933404 0.22851281 0.66141808 0.23006381 0.66204269 0.23382888 0.66058336 0.23604344 0.65881217 0.23637538 0.65672867 0.23482479 0.63901540 0.23814446 0.63755651 0.24035894 0.63786882 0.24224148 0.63641002 0.24445644 0.63286718 0.24512041 0.63078360 0.24356933 0.62901241 0.24390127 0.62963711 0.24766683 0.62817777 0.24988139 0.62463539 0.25054527 0.62171771 0.25497471 0.61463204 0.25630265 0.61494434 0.25818519 0.61348546 0.26039966 0.60817189 0.26139549 0.60879659 0.26516104 0.60733725 0.26737561 0.60556606 0.26770755 0.60348256 0.26615696 0.59993972 0.26682092 0.60087673 0.27246902 0.60296023 0.27401961 0.60358485 0.27778468 0.60566880 0.27933519 0.60629350 0.28310074 0.60837700 0.28465134 0.60900169 0.28841689 0.61108520 0.28996749 0.61170981 0.29373256 0.61379385 0.29528355 0.61441846 0.29904863 0.61650204 0.30059970 0.61712666 0.30436477 0.61921016 0.30591537 0.61983486 0.30968092 0.62191836 0.31123152 0.62254306 0.31499707 0.62462656 0.31654767 0.62525117 0.32031274 0.62733513 0.32186325 0.62795982 0.32562880 0.63004332 0.32717940 0.63066802 0.33094495 0.63275152 0.33249554 0.63337614 0.33626062 0.63546017 0.33781161 0.63608479 0.34157668 0.63816837 0.34312776 0.63879299 0.34689283 0.64087649 0.34844342 0.64150119 0.35220898 0.66098565 0.34855736 0.66244445 0.34634240 0.67130086 0.34468261 0.67098855 0.34280007 0.67244743 0.34058559 0.68307549 0.33859377 0.68245087 0.33482870 0.68390967 0.33261374 0.69099489 0.33128589 0.69307892 0.33283688 0.69245423 0.32907132 0.69391311 0.32685684 0.70276952 0.32519705 0.70245713 0.32331403 0.70391601 0.32109955 0.71454407 0.31910773 0.71423176 0.31722520 0.71569064 0.31501072 0.72454705 0.31335092 0.72392235 0.30958537 0.72538123 0.30737089 0.72715288 0.30703886 0.72923638 0.30858946 0.72892407 0.30670692 0.72684057 0.30515633 0.72621587 0.30139077 0.72413192 0.29984026 0.72350730 0.29607519 0.72142372 0.29452411 0.72111141 0.29264158 0.71902791 0.29109098 0.71871552 0.28920797 0.70808747 0.29119979 0.70600397 0.28964919 0.70569166 0.28776666 0.70360816 0.28621606 0.70298346 0.28245051 0.69589825 0.28377836 0.69381474 0.28222777 0.69319005 0.27846221 0.69110609 0.27691170 0.69016917 0.27126409 0.68808559 0.26971302 0.68714858 0.26406493 0.68506508 0.26251433 0.68652396 0.26029985 0.70246559 0.25731221 0.70184097 0.25354714 0.69975739 0.25199606 0.69913278 0.24823099 0.69704920 0.24667991 0.69642458 0.24291484 0.69434108 0.24136424 0.69079824 0.24202821 0.68933936 0.24424269 0.68225414 0.24557054 0.68017064 0.24401995 0.67892133 0.23648932 0.68038013 0.23427436 0.68923654 0.23261457 0.68861192 0.22884950 0.68652842 0.22729890 0.68590372 0.22353335 0.68382023 0.22198275 0.68319553 0.21821720 0.68111157 0.21666669 0.68048696 0.21290162 0.67840346 0.21135102 0.67809107 0.20946800 0.67454868 0.21013189 0.67246518 0.20858129 0.67308988 0.21234685 0.67163055 0.21456141 0.66100295 0.21655315 0.65808473 0.22098219 0.65631354 0.22131413 0.65839704 0.22286473
0 0.83397478 0.11425334 0.83251590 0.11646781 0.81834546 0.11912352 0.81865777 0.12100606 0.82074135 0.12255713 0.82136597 0.12632220 0.82344947 0.12787280 0.82407417 0.13163835 0.82615767 0.13318895 0.82646998 0.13507148 0.82855356 0.13662256 0.82917817 0.14038763 0.83126213 0.14193814 0.83188682 0.14570370 0.83397032 0.14725429 0.83428263 0.14913683 0.83636621 0.15068790 0.83699083 0.15445297 0.83907478 0.15600348 0.84970238 0.15401175 0.85178588 0.15556234 0.85241058 0.15932790 0.85095170 0.16154237 0.85157640 0.16530793 0.85011751 0.16752241 0.84657468 0.16818638 0.84688699 0.17006891 0.84897049 0.17161951 0.84959519 0.17538506 0.85167914 0.17693557 0.85199153 0.17881859 0.85407503 0.18036918 0.85469964 0.18413425 0.85678315 0.18568485 0.85740784 0.18945040 0.85949179 0.19100091 0.85980418 0.19288393 0.86188769 0.19443452 0.86251230 0.19819960 0.86459580 0.19975019 0.86490819 0.20163321 0.86699169 0.20318380 0.86761639 0.20694936 0.86969989 0.20849995 0.87032450 0.21226503 0.87240846 0.21381554 0.87272085 0.21569855 0.88689128 0.21304285 0.88657889 0.21115983 0.88803778 0.20894535 0.89512300 0.20761750 0.89449838 0.20385243 0.89595726 0.20163795 0.90835651 0.19931418 0.90981531 0.19709922 0.90950300 0.19521669 0.91096188 0.19300221 0.91064949 0.19111919 0.90856599 0.18956860 0.90825368 0.18768606 0.90617018 0.18613547 0.90554549 0.18236991 0.90346199 0.18081932 0.90314968 0.17893678 0.90106610 0.17738571 0.90044148 0.17362063 0.89835753 0.17207012 0.89804522 0.17018759 0.89596164 0.16863651 0.89533702 0.16487144 0.89325344 0.16332036 0.89169182 0.15390720 0.88960786 0.15235669 0.88929555 0.15047415 0.88752436 0.15080610 0.88335728 0.14770443 0.88273267 0.14393935 0.88064917 0.14238876 0.88033678 0.14050574 0.87825282 0.13895523 0.87762813 0.13518968 0.87554463 0.13363908 0.87492001 0.12987401 0.87283651 0.12832342 0.87252412 0.12644040 0.87044017 0.12488989 0.86981547 0.12112433 0.86773197 0.11957374 0.86710735 0.11580867 0.86502385 0.11425807 0.86471146 0.11237505 0.86262796 0.11082446 0.86408684 0.10860998 0.86377446 0.10672696 0.86023207 0.10739085 0.85814812 0.10584034 0.85721119 0.10019273 0.85512761 0.09864165 0.84981359 0.09963757 0.84773009 0.09808697 0.84241606 0.09908288 0.84095718 0.10129736 0.84126957 0.10318038 0.83981068 0.10539486 0.83449666 0.10639077 0.83303777 0.10860524 0.83397478 0.11425334
0 0.59953789 0.15430692 0.59745393 0.15275641 0.59568274 0.15308835 0.59422386 0.15530283 0.59453617 0.15718537 0.59307736 0.15940033 0.58422050 0.16106021 0.58453281 0.16294274 0.58661676 0.16449325 0.58724146 0.16825881 0.58932496 0.16980940 0.58994958 0.17357447 0.59203316 0.17512555 0.59057428 0.17734003 0.57994668 0.17933176 0.58025899 0.18121430 0.57879973 0.18342935 0.56994332 0.18508914 0.57025563 0.18697168 0.56879666 0.18918617 0.55994011 0.19084599 0.56087712 0.19649408 0.56296075 0.19804465 0.56358545 0.20181021 0.56566904 0.20336078 0.56629366 0.20712586 0.56837725 0.20867643 0.56900195 0.21244199 0.57108558 0.21399255 0.57171028 0.21775811 0.57379392 0.21930868 0.57410623 0.22119122 0.57618982 0.22274179 0.57681451 0.22650735 0.57889810 0.22805792 0.57952280 0.23182348 0.58160621 0.23337409 0.58223083 0.23713916 0.58431486 0.23869015 0.58493948 0.24245523 0.58702306 0.24400630 0.58764768 0.24777138 0.58973118 0.24932197 0.59035587 0.25308752 0.59243983 0.25463803 0.59275214 0.25652057 0.60515093 0.25419689 0.60306743 0.25264630 0.60244273 0.24888074 0.60390161 0.24666626 0.61275802 0.24500647 0.61244571 0.24312393 0.61390505 0.24090937 0.62453265 0.23891763 0.62422034 0.23703510 0.62213676 0.23548402 0.62182445 0.23360148 0.61974095 0.23205089 0.61911626 0.22828534 0.61703275 0.22673474 0.61640814 0.22296967 0.61432410 0.22141868 0.61338710 0.21577059 0.61130360 0.21421999 0.61067898 0.21045492 0.61213786 0.20824044 0.61922308 0.20691259 0.62339053 0.21001369 0.63224694 0.20835390 0.63433044 0.20990449 0.64850088 0.20724879 0.64787626 0.20348371 0.64933514 0.20126924 0.65287798 0.20060527 0.65496148 0.20215586 0.65850432 0.20149189 0.65756731 0.19584380 0.65548381 0.19429321 0.65485911 0.19052766 0.65277516 0.18897714 0.65215054 0.18521207 0.65006696 0.18366100 0.64944234 0.17989592 0.64735876 0.17834485 0.64381593 0.17900882 0.64173243 0.17745822 0.63464721 0.17878608 0.63256371 0.17723548 0.63162670 0.17158739 0.63308559 0.16937291 0.64194199 0.16771312 0.64131730 0.16394756 0.63923380 0.16239697 0.63860918 0.15863189 0.63652568 0.15708130 0.63590098 0.15331575 0.63381748 0.15176515 0.63319279 0.14799960 0.63110883 0.14644909 0.63048421 0.14268402 0.62840063 0.14113294 0.62808833 0.13925040 0.61568908 0.14157417 0.61631378 0.14533972 0.61485489 0.14755420 0.60599849 0.14921399 0.60631080 0.15109653 0.60485191 0.15331101 0.59953789 0.15430692
0 0.64466348 0.07402592 0.64112065 0.07468989 0.64320415 0.07624048 0.64174535 0.07845544 0.63111775 0.08044718 0.63174236 0.08421225 0.63028303 0.08642682 0.62319826 0.08775458 0.62351057 0.08963712 0.62205132 0.09185216 0.61673729 0.09284808 0.61465371 0.09129700 0.61288252 0.09162894 0.61350722 0.09539450 0.61204833 0.09760897 0.60850550 0.09827294 0.60642200 0.09672235 0.60287916 0.09738632 0.60350386 0.10115187 0.60204498 0.10336635 0.59318857 0.10502614 0.59027035 0.10945519 0.58672797 0.11011907 0.58735267 0.11388462 0.58881147 0.11166966 0.59235430 0.11100570 0.59443788 0.11255677 0.59506250 0.11632184 0.61277577 0.11300217 0.61246346 0.11111963 0.61392235 0.10890516 0.63163517 0.10558557 0.63371866 0.10713616 0.63225978 0.10935064 0.63048859 0.10968258 0.63205022 0.11909574 0.63059141 0.12131070 0.62882022 0.12164265 0.62913253 0.12352518 0.63090372 0.12319324 0.63298722 0.12474383 0.63329961 0.12662685 0.63184073 0.12884133 0.62829789 0.12950530 0.62892251 0.13327037 0.63100646 0.13482088 0.63131885 0.13670390 0.63840362 0.13537613 0.64048757 0.13692664 0.64111227 0.14069219 0.64642629 0.13969628 0.64850980 0.14124688 0.64882210 0.14312942 0.64590388 0.14755846 0.63881867 0.14888631 0.63913106 0.15076933 0.64121456 0.15231992 0.64183925 0.15608548 0.64392321 0.15763599 0.64454782 0.16140106 0.64663132 0.16295165 0.64725602 0.16671721 0.64933952 0.16826780 0.64996422 0.17203336 0.65204817 0.17358386 0.65267279 0.17734894 0.65475637 0.17890001 0.65538099 0.18266509 0.65746457 0.18421616 0.65808919 0.18798123 0.66017269 0.18953183 0.66079738 0.19329738 0.66288088 0.19484798 0.66350558 0.19861353 0.66558953 0.20016404 0.67621713 0.19817230 0.67528013 0.19252421 0.67319663 0.19097362 0.67257193 0.18720806 0.67403081 0.18499359 0.68288768 0.18333371 0.68226306 0.17956864 0.68017902 0.17801764 0.67955441 0.17425257 0.67747083 0.17270149 0.67684621 0.16893642 0.67476271 0.16738583 0.67413801 0.16362027 0.67205406 0.16206976 0.67142936 0.15830421 0.66934586 0.15675362 0.66903355 0.15487108 0.66695005 0.15332049 0.66632535 0.14955493 0.66424185 0.14800434 0.66570074 0.14578986 0.67101476 0.14479395 0.67070238 0.14291093 0.67216126 0.14069645 0.67393245 0.14036451 0.67268313 0.13283388 0.67414247 0.13061932 0.68122723 0.12929155 0.68091493 0.12740901 0.68237418 0.12519397 0.68591656 0.12453009 0.68560426 0.12264755 0.68706359 0.12043299 0.68883478 0.12010105 0.69029366 0.11788657 0.68998136 0.11600403 0.69144016 0.11378907 0.69321135 0.11345713 0.69112785 0.11190653 0.69050315 0.10814098 0.68841965 0.10659039 0.68779504 0.10282531 0.68362796 0.09972364 0.68331565 0.09784111 0.68123169 0.09629060 0.68091930 0.09440758 0.68237864 0.09219302 0.68206633 0.09031048 0.67998238 0.08875997 0.67967007 0.08687744 0.68112932 0.08466239 0.68290052 0.08433045 0.68227590 0.08056538 0.68019232 0.07901430 0.67988001 0.07713176 0.67779606 0.07558125 0.67748375 0.07369872 0.67540025 0.07214812 0.67508786 0.07026510 0.67300436 0.06871451 0.67269205 0.06683197 0.67060802 0.06528098 0.67029572 0.06339854 0.66821221 0.06184785 0.66112699 0.06317570 0.65904347 0.06162501 0.65727228 0.06195696 0.65581296 0.06417162 0.65612529 0.06605425 0.65466639 0.06826863 0.64580998 0.06992842 0.64612237 0.07181144 0.64466348 0.07402592
0 0.69311746 0.03582719 0.69165860 0.03804182 0.68634457 0.03903773 0.68728156 0.04468567 0.68582270 0.04690030 0.68405151 0.04723224 0.68436384 0.04911492 0.68290452 0.05132958 0.67936214 0.05199346 0.67790327 0.05420804 0.68008958 0.06738666 0.68363196 0.06672277 0.68571546 0.06827337 0.68696477 0.07580399 0.68904873 0.07735450 0.68967342 0.08112006 0.69175693 0.08267065 0.69238162 0.08643621 0.69446512 0.08798680 0.69477743 0.08986934 0.69686138 0.09141985 0.69748608 0.09518540 0.69956958 0.09673600 0.70300522 0.11744534 0.69716932 0.12630382 0.69539767 0.12663585 0.68956222 0.13549424 0.68779058 0.13582627 0.68195467 0.14468475 0.68018348 0.14501669 0.68361912 0.16572603 0.68716150 0.16506215 0.68924546 0.16661266 0.69143178 0.17979138 0.69674580 0.17879547 0.69643349 0.17691293 0.69789230 0.17469797 0.70851990 0.17270623 0.70997923 0.17049167 0.70966693 0.16860913 0.71112573 0.16639417 0.71466811 0.16573029 0.71435580 0.16384775 0.71581468 0.16163327 0.72467155 0.15997340 0.72435924 0.15809086 0.72581812 0.15587638 0.73467453 0.15421659 0.73404983 0.15045103 0.73550917 0.14823647 0.75676437 0.14425300 0.75884832 0.14580350 0.76009764 0.15333413 0.76718285 0.15200628 0.76926635 0.15355687 0.79229320 0.14924137 0.79198089 0.14735884 0.79344023 0.14514427 0.80229664 0.14348448 0.80198433 0.14160194 0.80344313 0.13938698 0.81229954 0.13772719 0.81105022 0.13019656 0.80750784 0.13086045 0.80542434 0.12930985 0.80261340 0.11236606 0.80407229 0.11015158 0.80938586 0.10915576 0.81084511 0.10694071 0.81261631 0.10660877 0.81230400 0.10472623 0.81376288 0.10251176 0.81907691 0.10151585 0.82116041 0.10306644 0.82293160 0.10273450 0.82230690 0.09896894 0.82376624 0.09675438 0.83085145 0.09542653 0.83376922 0.09099757 0.84085444 0.08966972 0.84231377 0.08745516 0.83981514 0.07239390 0.83627231 0.07305787 0.83418873 0.07150679 0.83293941 0.06397617 0.82585419 0.06530402 0.82168674 0.06220292 0.82043742 0.05467229 0.81866623 0.05500423 0.81658265 0.05345315 0.81564573 0.04780555 0.81356177 0.04625504 0.81179058 0.04658698 0.80970700 0.04503590 0.80783305 0.03374011 0.79897665 0.03539990 0.79689267 0.03384925 0.79626801 0.03008393 0.78564041 0.03207567 0.78595273 0.03395830 0.78449388 0.03617293 0.77740866 0.03750078 0.77803332 0.04126609 0.77657445 0.04348067 0.76948878 0.04480860 0.76740526 0.04325791 0.76802988 0.04702299 0.76657108 0.04923795 0.75417183 0.05156171 0.75208825 0.05001063 0.75083898 0.04248025 0.74875545 0.04092951 0.74698426 0.04126145 0.74490029 0.03971085 0.74302632 0.02841490 0.73948394 0.02907879 0.73739996 0.02752814 0.73615064 0.01999751 0.72198021 0.02265321 0.72229254 0.02453589 0.72083368 0.02675052 0.71197727 0.02841031 0.71228960 0.03029295 0.71083073 0.03250752 0.69311746 0.03582719
0 0.74963335 0.00000000 0.74928177 0.00006589 0.74990643 0.00383120 0.75198995 0.00538194 0.75230228 0.00726457 0.75438579 0.00881527 0.75501046 0.01258063 0.75709443 0.01413123 0.75740675 0.01601386 0.75949028 0.01756460 0.76011493 0.02132992 0.76219845 0.02288061 0.76282311 0.02664597 0.76490663 0.02819666 0.77376349 0.02653678 0.77345117 0.02465415 0.77491003 0.02243953 0.78199525 0.02111167 0.78137059 0.01734636 0.78282946 0.01513179 0.78991467 0.01380393 0.79199819 0.01535462 0.80085505 0.01369474 0.80054273 0.01181211 0.79845875 0.01026146 0.79814642 0.00837878 0.79606290 0.00682808 0.79543824 0.00306277 0.79335472 0.00151203 0.79310388 0.00000000 0.74963335 0.00000000
0 0.00000000 1.00000000 0.16367592 1.00000000 0.17424053 0.99699856 0.16612932 0.92662032 0.00000000 0.97511685 0.00000000 1.00000000
0 0.74820308 0.78132079 0.72205067 0.78339649 0.71684375 0.76213611 0.67537426 0.77125746 0.67584059 0.79141947 0.66286814 0.79598134 0.66130433 0.80337574 0.66546727 0.84104281 0.66932221 0.84231436 0.83941878 0.81513068 0.83671265 0.79236865 0.75179486 0.80390965 0.74820308 0.78132079
