0 0.29536254 0.41944444 0.30123780 0.38362885 0.18950210 0.37017513 0.18258192 0.41236059 0.24141469 0.41944444 0.29536254 0.41944444
0 0.10190525 0.28020916 0.10563145 0.25749424 0.05071070 0.25088141 0.04698450 0.27359634 0.10190525 0.28020916
0 0.35742819 0.35895786 0.36310930 0.35964190 0.36473727 0.36149280 0.38746315 0.36422914 0.39145556 0.33989139 0.39361541 0.33849700 0.40876599 0.34032123 0.41039355 0.34217165 0.41228725 0.34239967 0.41601345 0.31968474 0.41817385 0.31828999 0.44468713 0.32148237 0.44841333 0.29876744 0.45057317 0.29737305 0.47519324 0.30033747 0.48291192 0.25328438 0.40715899 0.24416323 0.40662663 0.24740846 0.40446679 0.24880285 0.39689101 0.24789067 0.39526345 0.24604025 0.39579581 0.24279503 0.31436177 0.23298983 0.29839220 0.33034040 0.30786120 0.33148053 0.31002104 0.33008614 0.35926069 0.33601492 0.36088825 0.33786534 0.35742819 0.35895786
0 0.20171484 0.28395422 0.18467055 0.28190197 0.18304299 0.28005155 0.18384149 0.27518392 0.14596454 0.27062329 0.14433698 0.26877287 0.12918639 0.26694864 0.12702655 0.26834303 0.12330035 0.29105795 0.12492784 0.29290879 0.15333531 0.29632923 0.15549522 0.29493443 0.18200899 0.29812686 0.18363648 0.29997770 0.18230570 0.30809014 0.18014586 0.30948453 0.17721809 0.32733224 0.23403254 0.33417308 0.23566058 0.33602355 0.23406359 0.34575882 0.28140905 0.35145953 0.28513532 0.32874418 0.28729516 0.32734979 0.29297675 0.32803389 0.30868018 0.23230573 0.25375943 0.22569291 0.24763774 0.26301073 0.24547742 0.26440506 0.24201729 0.28549800 0.23985745 0.28689239 0.20387468 0.28255983 0.20171484 0.28395422
0 0.09938701 0.24846926 0.09912080 0.25009208 0.12942197 0.25374054 0.13104953 0.25559096 0.13078338 0.25721337 0.16297826 0.26108985 0.16460623 0.26294074 0.16649994 0.26316875 0.16812749 0.26501917 0.19464126 0.26821161 0.19626882 0.27006203 0.19600268 0.27168443 0.22819755 0.27556091 0.24576405 0.16847549 0.23818875 0.16756337 0.23656119 0.16571295 0.20436632 0.16183647 0.20273883 0.15998564 0.20300497 0.15836323 0.17270380 0.15471477 0.16944826 0.15101346 0.14104079 0.14759301 0.13941324 0.14574259 0.13967938 0.14412019 0.10748450 0.14024371 0.10532418 0.14163804 0.09733936 0.19031354 0.09896740 0.19216402 0.09018416 0.24570673 0.09775945 0.24661884 0.09938701 0.24846926
0 0.09718596 0.13238547 0.10476125 0.13329759 0.10692110 0.13190319 0.12585957 0.13418351 0.13331204 0.08875325 0.07839129 0.08214042 0.06694648 0.15190802 0.09345976 0.15510040 0.09612132 0.13887551 0.09449376 0.13702509 0.09502612 0.13377986 0.09718596 0.13238547
0 0.48958333 0.15315980 0.47642175 0.15157506 0.47479371 0.14972458 0.47505992 0.14810176 0.47343236 0.14625134 0.47636006 0.12840405 0.33432368 0.11130193 0.31489406 0.22974502 0.33761945 0.23248131 0.33788559 0.23085890 0.34004599 0.22946415 0.34572758 0.23014825 0.34735507 0.23199909 0.34708893 0.23362149 0.39443439 0.23932220 0.39875415 0.23653300 0.40632992 0.23744518 0.40795742 0.23929601 0.40769127 0.24091842 0.48344420 0.25003957 0.48958333 0.21261539 0.48958333 0.15315980
0 0.34798961 0.06331048 0.34636205 0.06146006 0.34257464 0.06100403 0.33485604 0.10805670 0.44848494 0.12173837 0.45141272 0.10389066 0.44978516 0.10204024 0.45058365 0.09717261 0.43164566 0.09489235 0.42948575 0.09628716 0.42380416 0.09560306 0.42217618 0.09375216 0.42616852 0.06941483 0.40912424 0.06736259 0.40749675 0.06551175 0.40935984 0.05415429 0.40773231 0.05230374 0.40853078 0.04743624 0.39906130 0.04629605 0.39743376 0.04444550 0.39175266 0.04376146 0.39012462 0.04191090 0.39198775 0.03055331 0.39009404 0.03032530 0.38793418 0.03171981 0.38035888 0.03080770 0.37902808 0.03892027 0.37686823 0.04031474 0.37308034 0.03985866 0.37145279 0.03800815 0.37491287 0.01691551 0.37328484 0.01506493 0.35055945 0.01232864 0.34363928 0.05451399 0.35310828 0.05565412 0.35473584 0.05750454 0.35393734 0.06237217 0.35177750 0.06376656 0.34798961 0.06331048
0 0.08414084 0.00000000 0.07161449 0.07636067 0.07324205 0.07821110 0.14520709 0.08687616 0.14683506 0.08872706 0.14337501 0.10981958 0.19640206 0.11620438 0.19802962 0.11805480 0.19586977 0.11944920 0.15420542 0.11443253 0.15021301 0.13877028 0.17862048 0.14219072 0.18078033 0.14079633 0.26410855 0.15082960 0.26573659 0.15268008 0.26360731 0.16566016 0.26144699 0.16705449 0.25239753 0.22222002 0.30921247 0.22906092 0.32864209 0.11061783 0.21690640 0.09716411 0.21344635 0.11825663 0.21128650 0.11965102 0.20939280 0.11942301 0.20776475 0.11757253 0.21122481 0.09648001 0.19986211 0.09511186 0.19823462 0.09326103 0.20039447 0.09186664 0.32917445 0.10737260 0.34487786 0.01164454 0.24816776 0.00000000 0.24606920 0.00000000 0.24423919 0.00118153 0.24397302 0.00280406 0.24181268 0.00419848 0.23423739 0.00328636 0.23260984 0.00143586 0.23284538 0.00000000 0.08414084 0.00000000
0 0.70067567 0.30190409 0.69577225 0.19926049 0.68138762 0.20245196 0.68632742 0.30560676 0.70067567 0.30190409
0 0.71875510 0.30097472 0.71348659 0.19737406 0.69894278 0.19997784 0.70392681 0.30218062 0.71875510 0.30097472
0 0.22178938 0.77344618 0.12236366 0.75687634 0.11709678 0.76057875 0.11294060 0.77935180 0.10718747 0.81159920 0.11070895 0.81447615 0.26236324 0.84662042 0.30740041 0.84954595 0.32217736 0.79819168 0.22178938 0.77344618
0 1.00000000 0.45738760 0.99552052 0.45667154 0.99524304 0.45891726 0.99299127 0.46084739 0.99129447 0.45828607 0.95772909 0.45292054 0.95495423 0.47537782 0.95270247 0.47730792 0.91913760 0.47194247 0.91775018 0.48317106 0.91944697 0.48573241 0.91611711 0.51268140 0.91781393 0.51524258 0.91448410 0.54219128 0.91618143 0.54475254 0.91285160 0.57170124 0.91454842 0.57426242 0.91094105 0.60345727 0.91263787 0.60601845 0.90930805 0.63296715 0.91100537 0.63552841 0.90767554 0.66247711 0.90937236 0.66503829 0.90604254 0.69198699 0.90773928 0.69454875 0.90690688 0.70128549 0.94047175 0.70665094 0.94216857 0.70921212 0.93967114 0.72942408 0.93741939 0.73135406 0.91372645 0.72756667 0.91202964 0.72500549 0.90610628 0.72405862 0.90385452 0.72598861 0.90357706 0.72823419 0.90527380 0.73079594 0.90249898 0.75325291 0.90419580 0.75581408 0.90114344 0.78051720 0.90284077 0.78307846 0.89978841 0.80778158 0.90148522 0.81034276 0.89843287 0.83504588 0.90012969 0.83760705 0.89707733 0.86231018 0.89877465 0.86487143 0.89627730 0.88508281 0.90812351 0.88697647 0.90982026 0.88953822 0.93153891 0.89301002 0.93323573 0.89557120 0.93268072 0.90006294 0.93042897 0.90199292 0.92848656 0.91771314 0.92623480 0.91964313 0.89266994 0.91427767 0.89436675 0.91683885 0.89131440 0.94154197 0.89301121 0.94410315 0.88968139 0.97105185 0.89137821 0.97361303 0.88832585 0.99831615 0.88944142 1.00000000 0.96462760 1.00000000 1.00000000 0.71372668 1.00000000 0.45738760
