0 0.56252741 0.00000000 0.39903846 0.13982056 0.39903846 0.15884330 0.46418875 0.24258473 0.74386507 0.00000000 0.56252741 0.00000000
0 0.26293173 0.88438212 0.26323758 0.89076262 0.22069098 0.89140380 0.22140754 0.88393977 0.12929826 0.88490867 0.12270477 0.97148182 0.36431924 0.96850971 0.36780094 0.88418869 0.26293173 0.88438212
0 0.36203465 0.78601048 0.36232676 0.78145216 0.15491287 0.78447790 0.15461034 0.78919867 0.13376961 0.78865561 0.13063247 0.87226768 0.22344081 0.86894095 0.22301630 0.86230532 0.26319785 0.86180583 0.26121637 0.86885012 0.37062523 0.87113881 0.37390631 0.78594141 0.36203465 0.78601048
0 0.00000000 0.97367667 0.04104509 0.97346419 0.04253439 0.96554936 0.06401355 0.96542440 0.06693747 0.95362874 0.09069746 0.95244567 0.09749007 0.78597302 0.00828891 0.78563741 0.00000000 0.92775202 0.00000000 0.97367667
0 0.57064604 0.85198709 0.78784355 0.91279894 0.82689038 0.77079870 0.61179566 0.71431048 0.57064604 0.85198709
0 0.61246679 0.69398979 0.83352880 0.75213921 0.85306650 0.68513842 0.63935426 0.62198525 0.61246679 0.69398979
0 0.71521808 0.53071187 0.68919666 0.63239934 0.85248414 0.67543430 0.88011090 0.58315475 0.71521808 0.53071187
0 0.71985371 0.52229160 0.88685525 0.56910753 0.93960329 0.39781762 0.77301974 0.35563208 0.71985371 0.52229160
0 0.80336846 0.29807692 0.78888092 0.33708780 0.94286046 0.38024270 0.96155924 0.33609435 0.82539011 0.29807692 0.80336846 0.29807692
0 1.00000000 0.82320758 0.85637880 0.78032402 0.83809294 0.82173993 1.00000000 0.87487995 1.00000000 0.82320758
0 1.00000000 0.75593663 0.87173891 0.71792544 0.85461688 0.75804223 1.00000000 0.80633096 1.00000000 0.75593663
0 1.00000000 0.61810302 0.91670431 0.59427275 0.89813232 0.63795890 1.00000000 0.66851972 1.00000000 0.61810302
0 1.00000000 0.55016762 0.93159939 0.52990000 0.91281073 0.57593338 1.00000000 0.60380528 1.00000000 0.55016762
0 1.00000000 0.41550263 0.96949390 0.40698416 0.95121353 0.44872498 1.00000000 0.46284305 1.00000000 0.41550263
