0 0.41875000 0.27947310 0.41676853 0.27978694 0.41417102 0.28336209 0.41875000 0.28263685 0.41875000 0.27947310
0 0.41875000 0.25416147 0.41285766 0.25509473 0.41334649 0.25818106 0.41692256 0.26077923 0.41432427 0.26435451 0.41875000 0.26365354 0.41875000 0.25416147
0 0.41875000 0.26998185 0.41530205 0.27052795 0.41172677 0.26792966 0.41432427 0.26435451 0.40815161 0.26533216 0.40912939 0.27150561 0.40653110 0.27508088 0.41875000 0.27314560 0.41875000 0.26998185
0 0.34801239 0.20525070 0.34752343 0.20216358 0.34134999 0.20314136 0.34183894 0.20622848 0.34801239 0.20525070
0 0.36506454 0.19305784 0.36457559 0.18997073 0.34914316 0.19241498 0.34963211 0.19550210 0.36506454 0.19305784
0 0.39706110 0.17533428 0.39348594 0.17273677 0.38113984 0.17469220 0.38162867 0.17777853 0.39706110 0.17533428
0 0.30672751 0.16433008 0.30055485 0.16530773 0.30104368 0.16839406 0.30461883 0.17099157 0.30510766 0.17407789 0.31128031 0.17310024 0.30770516 0.17050274 0.30672751 0.16433008
0 0.32720249 0.17374297 0.32671354 0.17065586 0.32313759 0.16805848 0.32264877 0.16497215 0.31907361 0.16237465 0.31858478 0.15928832 0.31241134 0.16026610 0.31290016 0.16335243 0.31647611 0.16594981 0.31696493 0.16903613 0.32054009 0.17163363 0.32102904 0.17472075 0.32720249 0.17374297
0 0.38468644 0.11717891 0.38370866 0.11100546 0.37753522 0.11198324 0.37851299 0.11815668 0.38468644 0.11717891
0 0.31094473 0.15100632 0.30834723 0.15458148 0.31760701 0.15311488 0.31403185 0.15051737 0.31207642 0.13817127 0.30850047 0.13557389 0.30654492 0.12322700 0.30037226 0.12420465 0.30086121 0.12729177 0.30443637 0.12988927 0.30183887 0.13346442 0.30541415 0.13606272 0.30736945 0.14840803 0.31094473 0.15100632
0 0.28836187 0.14825479 0.29193702 0.15085229 0.29242597 0.15393941 0.29600112 0.15653691 0.29648995 0.15962324 0.30266340 0.15864546 0.30217457 0.15555913 0.29859942 0.15296163 0.29811047 0.14987451 0.29453452 0.14727713 0.29404569 0.14419081 0.29047054 0.14159330 0.29306804 0.13801815 0.28949276 0.13541986 0.28753733 0.12307375 0.27210490 0.12551801 0.27259373 0.12860434 0.27876638 0.12762668 0.28234166 0.13022498 0.28283049 0.13331131 0.28640643 0.13590868 0.28836187 0.14825479
0 0.30248094 0.11754317 0.30199211 0.11445684 0.29581945 0.11543449 0.29630828 0.11852082 0.30248094 0.11754317
0 0.32912858 0.12597841 0.32863975 0.12289208 0.32506447 0.12029379 0.32359799 0.11103480 0.31125189 0.11299023 0.30767673 0.11039273 0.30865438 0.11656539 0.31222954 0.11916289 0.31271837 0.12224922 0.31629365 0.12484751 0.31369614 0.12842267 0.32912858 0.12597841
0 0.31904506 0.10226385 0.31855623 0.09917753 0.30621013 0.10113296 0.30669895 0.10421928 0.31904506 0.10226385
0 0.37573303 0.08062955 0.37524420 0.07754322 0.36289889 0.07949852 0.36338772 0.08258485 0.37573303 0.08062955
0 0.29044199 0.08148251 0.28995316 0.07839618 0.27760706 0.08035161 0.27858471 0.08652427 0.28215999 0.08912256 0.28313764 0.09529522 0.29548375 0.09333978 0.29401714 0.08408001 0.29044199 0.08148251
0 0.21994052 0.09581259 0.22253802 0.09223744 0.22204919 0.08915111 0.20661676 0.09159537 0.20710559 0.09468169 0.20450808 0.09825685 0.20646352 0.11060295 0.20906102 0.10702780 0.21832079 0.10556119 0.21783197 0.10247487 0.22042947 0.09889971 0.21994052 0.09581259
0 0.20435418 0.11726535 0.21978740 0.11482097 0.21929845 0.11173385 0.21003867 0.11320046 0.20646352 0.11060295 0.20386522 0.11417823 0.20435418 0.11726535
0 0.24203535 0.09547767 0.24301300 0.10165033 0.24041550 0.10522549 0.22806861 0.10718104 0.22547110 0.11075620 0.25942309 0.10537873 0.26299837 0.10797702 0.26040087 0.11155218 0.22953521 0.11644082 0.23002404 0.11952715 0.24237093 0.11757159 0.24594621 0.12016988 0.24643504 0.12325621 0.25001019 0.12585372 0.25049902 0.12894004 0.26284512 0.12698461 0.26186747 0.12081196 0.26446497 0.11723680 0.27989741 0.11479254 0.28249557 0.11121648 0.29792801 0.10877222 0.29646140 0.09951244 0.28411530 0.10146787 0.28460425 0.10455499 0.28200675 0.10813015 0.27843080 0.10553277 0.27745302 0.09935932 0.26202059 0.10180358 0.25844543 0.09920608 0.26104294 0.09563092 0.27647537 0.09318667 0.27290022 0.09058916 0.27192244 0.08441572 0.25957633 0.08637115 0.26055411 0.09254459 0.25795661 0.09611975 0.25438145 0.09352225 0.25340367 0.08734880 0.24982773 0.08475142 0.24933878 0.08166430 0.23699347 0.08361961 0.23748242 0.08670673 0.24674140 0.08524025 0.25031656 0.08783775 0.24771905 0.09141291 0.23846007 0.09287938 0.24203535 0.09547767
0 0.38823304 0.05966561 0.38774422 0.05657928 0.37848444 0.05804589 0.37897327 0.06113222 0.38823304 0.05966561
0 0.22868292 0.03114886 0.22819409 0.02806253 0.21276087 0.03050692 0.21324969 0.03359324 0.22868292 0.03114886
0 0.33132343 0.00000000 0.33215793 0.00526878 0.33573308 0.00786628 0.33622191 0.01095261 0.34856801 0.00899718 0.34714300 0.00000000 0.33132343 0.00000000
0 0.28747956 0.00285307 0.28488206 0.00642823 0.30031528 0.00398384 0.29982646 0.00089752 0.28747956 0.00285307
0 0.28488206 0.00642823 0.26944963 0.00887248 0.26685212 0.01244764 0.28228456 0.01000338 0.28488206 0.00642823
0 0.30601181 0.00000000 0.30697677 0.00609252 0.32240920 0.00364826 0.31883404 0.00105076 0.31866762 0.00000000 0.30601181 0.00000000
0 0.22217376 0.01003193 0.22168496 0.00694576 0.20933886 0.00890119 0.20982766 0.01198737 0.22217376 0.01003193
0 0.10108956 0.00000000 0.10048650 0.00083008 0.09740018 0.00131891 0.10033333 0.01983815 0.10390851 0.02243581 0.10684172 0.04095536 0.10424422 0.04453051 0.07955201 0.04844137 0.08248509 0.06696014 0.07988693 0.07053621 0.06136817 0.07346929 0.06430125 0.09198805 0.11368567 0.08416633 0.11075258 0.06564757 0.11334996 0.06207162 0.13186951 0.05913841 0.12893643 0.04061965 0.13153393 0.03704450 0.15313981 0.03362246 0.15020660 0.01510291 0.15280408 0.01152760 0.16515018 0.00957217 0.16363410 0.00000000 0.10108956 0.00000000
0 0.36685457 1.00000000 0.36573040 0.99290226 0.36832870 0.98932698 0.39302091 0.98541612 0.39659606 0.98801362 0.41511482 0.98508054 0.41413717 0.97890788 0.41056189 0.97630959 0.40958423 0.97013693 0.40600908 0.96753943 0.40503130 0.96136598 0.40145536 0.95876861 0.39998875 0.94950883 0.39641360 0.94691133 0.39543594 0.94073867 0.39186067 0.93814038 0.39088301 0.93196772 0.38730773 0.92936943 0.38633008 0.92319677 0.38275493 0.92059927 0.38177715 0.91442583 0.37820120 0.91182845 0.37722342 0.90565500 0.37364827 0.90305750 0.37267062 0.89688484 0.36909546 0.89428734 0.36811768 0.88811389 0.36454174 0.88551652 0.36356396 0.87934307 0.30492056 0.88863127 0.30134540 0.88603377 0.30085657 0.88294744 0.29728063 0.88035006 0.29581402 0.87109029 0.29223875 0.86849199 0.29028344 0.85614668 0.28670816 0.85354839 0.28621933 0.85046206 0.28881683 0.84688690 0.30116294 0.84493147 0.30376032 0.84135553 0.34079863 0.83548923 0.33722347 0.83289173 0.33624582 0.82671908 0.33267067 0.82412158 0.33169289 0.81794813 0.32811694 0.81535075 0.32713917 0.80917730 0.32356401 0.80657980 0.32209741 0.79732002 0.31852225 0.79472252 0.31754447 0.78854908 0.31396932 0.78595158 0.31299167 0.77977892 0.30941651 0.77718142 0.30843873 0.77100797 0.30486279 0.76841059 0.30388501 0.76223714 0.30030986 0.75963964 0.29933220 0.75346698 0.29575692 0.75086869 0.29477927 0.74469603 0.29120320 0.74209787 0.29022555 0.73592521 0.28665039 0.73332771 0.28567261 0.72715426 0.28209746 0.72455676 0.28111968 0.71838331 0.27754453 0.71578581 0.27137108 0.71676359 0.26779592 0.71416608 0.23075761 0.72003238 0.22718246 0.71743488 0.21483635 0.71939031 0.21825839 0.74099619 0.21566009 0.74457147 0.18788156 0.74897116 0.18430640 0.74637365 0.16887397 0.74881791 0.17131823 0.76425034 0.16871993 0.76782562 0.11624919 0.77613617 0.11820462 0.78848228 0.11560712 0.79205743 0.06930919 0.79939030 0.07126462 0.81173641 0.07483974 0.81433472 0.07581739 0.82050738 0.07939334 0.82310476 0.08037112 0.82927821 0.08394627 0.83187571 0.08492405 0.83804916 0.08849920 0.84064666 0.08947686 0.84681932 0.09305280 0.84941669 0.09403058 0.85559014 0.09760573 0.85818764 0.09858351 0.86436109 0.10215867 0.86695859 0.10264749 0.87004492 0.10004999 0.87362008 0.05066542 0.88144182 0.05115437 0.88452894 0.04855663 0.88810413 0.05002323 0.89736391 0.04742549 0.90093910 0.03507939 0.90289453 0.03150408 0.90029706 0.00681187 0.90420792 0.02198384 1.00000000 0.36685457 1.00000000
0 0.41875000 0.46875000 0.29853241 0.46875000 0.29952369 0.47500874 0.29692619 0.47858390 0.26297500 0.48396124 0.25939905 0.48136387 0.25631273 0.48185269 0.25924581 0.50037145 0.25664831 0.50394661 0.25307236 0.50134923 0.21603484 0.50721540 0.21245889 0.50461802 0.20937257 0.50510685 0.20677506 0.50868200 0.20873049 0.52102811 0.20613220 0.52460338 0.15983490 0.53193616 0.16276811 0.55045571 0.16016982 0.55403099 0.12621863 0.55940833 0.12264347 0.55681083 0.11029658 0.55876638 0.11274083 0.57419882 0.10754595 0.58134992 0.08285375 0.58526078 0.08383140 0.59143343 0.08740655 0.59403094 0.08789538 0.59711727 0.10332860 0.59467288 0.10592610 0.59109773 0.11518509 0.58963125 0.11876103 0.59222862 0.12120542 0.60766185 0.12429175 0.60717302 0.12786690 0.60977052 0.18959742 0.59999337 0.19317258 0.60259087 0.21169213 0.59965767 0.20875904 0.58113890 0.21135642 0.57756296 0.22987597 0.57462975 0.23345125 0.57722804 0.29826810 0.56696206 0.30184405 0.56955944 0.30331065 0.57881921 0.30071236 0.58239449 0.28836626 0.58434992 0.29569915 0.63064801 0.29310165 0.63422317 0.27766922 0.63666742 0.27962465 0.64901353 0.29197075 0.64705810 0.29912119 0.65225389 0.30107649 0.66459921 0.29588162 0.67175031 0.29230646 0.66915281 0.27378691 0.67208601 0.27574234 0.68443212 0.28191500 0.68345447 0.28549094 0.68605184 0.28842415 0.70457139 0.29199931 0.70716890 0.32903762 0.70130260 0.33261277 0.70390011 0.33505703 0.71933254 0.35974924 0.71542167 0.36690046 0.72061735 0.36983355 0.73913611 0.36723538 0.74271218 0.34563029 0.74613409 0.34303200 0.74970937 0.32451324 0.75264245 0.32646867 0.76498856 0.33004382 0.76758606 0.33199925 0.77993216 0.33557520 0.78252954 0.33655298 0.78870298 0.34012813 0.79130049 0.34061696 0.79438682 0.34419224 0.79698511 0.34516989 0.80315777 0.34874505 0.80575527 0.34972283 0.81192872 0.35329798 0.81452622 0.35427576 0.82069967 0.35785170 0.82329704 0.35882936 0.82946970 0.36240451 0.83206720 0.36338229 0.83824065 0.36695744 0.84083815 0.36793522 0.84701160 0.37151117 0.84960897 0.37248882 0.85578163 0.37606410 0.85837992 0.37704175 0.86455258 0.38061703 0.86715087 0.38159468 0.87332353 0.38516984 0.87592103 0.38614762 0.88209448 0.38972277 0.88469198 0.39021160 0.88777831 0.39378767 0.89037648 0.39476532 0.89654913 0.39834048 0.89914664 0.39931826 0.90532008 0.40289341 0.90791758 0.40387119 0.91409103 0.40744713 0.91668841 0.40842478 0.92286107 0.41199994 0.92545857 0.41297772 0.93163202 0.41655287 0.93422952 0.41753065 0.94040297 0.41875000 0.94128888 0.41875000 0.46875000
0 1.00000000 0.67255394 0.94519288 0.68438445 0.95040753 0.71730843 1.00000000 0.70660353 1.00000000 0.67255394
