0 0.43761380 0.30287553 0.43852180 0.29780610 0.43640130 0.29482483 0.44593475 0.24159946 0.44381424 0.23861819 0.45334780 0.18539216 0.45122663 0.18241078 0.45849024 0.14185798 0.45334132 0.14096422 0.44925558 0.16377500 0.45137608 0.16675627 0.43957267 0.23265489 0.44169318 0.23563615 0.42988977 0.30153477 0.43761380 0.30287553
0 0.42095390 0.29214343 0.41959194 0.29974724 0.42474086 0.30064101 0.42262034 0.29765974 0.43306180 0.23936494 0.43094129 0.23638367 0.44183670 0.17555448 0.43971565 0.17257245 0.44561729 0.13962346 0.44046838 0.13872970 0.43729052 0.15647171 0.43941104 0.15945298 0.42806168 0.22281656 0.43018219 0.22579782 0.41883273 0.28916205 0.42095390 0.29214343
0 0.40732174 0.27932372 0.40944225 0.28230499 0.40671834 0.29751261 0.40929280 0.29795949 0.41973426 0.23966469 0.41761374 0.23668342 0.42850915 0.17585423 0.42638864 0.17287296 0.43274435 0.13738894 0.43016990 0.13694206 0.42714149 0.13902957 0.42260168 0.16437539 0.42472219 0.16735666 0.41473480 0.22311643 0.41685519 0.22609834 0.40732174 0.27932372
0 0.52800518 0.15392457 0.52845913 0.15139018 0.47954116 0.14289887 0.47182361 0.18598605 0.49757015 0.19045520 0.49969066 0.19343647 0.49923671 0.19597086 0.49317979 0.20014652 0.47000770 0.19612425 0.46047426 0.24934963 0.46259542 0.25233101 0.45215396 0.31062581 0.45472842 0.31107269 0.45775682 0.30898519 0.54786874 0.32462705 0.55089714 0.32253954 0.56891966 0.32566794 0.57073556 0.31552974 0.56861517 0.31254782 0.58268831 0.23397727 0.58056792 0.23099535 0.58465366 0.20818457 0.57950409 0.20729069 0.57526241 0.20132804 0.58297996 0.15824086 0.56495811 0.15511258 0.56450416 0.15764697 0.56147510 0.15973436 0.55117727 0.15794684 0.54814821 0.16003423 0.53012635 0.15690595 0.52800518 0.15392457
0 0.58131351 0.15272456 0.59039302 0.10203357 0.58827253 0.09905217 0.59235831 0.07624119 0.48937345 0.05836481 0.48256386 0.09638289 0.48468425 0.09936481 0.47787471 0.13738257 0.54481520 0.14900227 0.54784360 0.14691476 0.58131351 0.15272456
0 0.66927083 0.05300494 0.61673648 0.04388589 0.60992685 0.08190417 0.61204733 0.08488556 0.59842802 0.16092238 0.60054853 0.16390365 0.58783722 0.23487103 0.58995774 0.23785230 0.57497658 0.32149227 0.57709764 0.32447431 0.57664369 0.32700870 0.57876420 0.32998996 0.59163714 0.33222448 0.59209109 0.32969009 0.59511949 0.32760259 0.62344049 0.33251862 0.62556166 0.33550000 0.64358352 0.33862828 0.64403746 0.33609389 0.64706664 0.33400585 0.66251404 0.33668726 0.66463444 0.33966917 0.66720955 0.34011617 0.66927083 0.33869492 0.66927083 0.33263375 0.65827236 0.33072460 0.65615197 0.32774269 0.65660591 0.32520830 0.65448540 0.32222703 0.64933649 0.32133327 0.64630743 0.32342066 0.64373297 0.32297378 0.64161246 0.31999251 0.64388231 0.30731993 0.64691083 0.30523177 0.66927083 0.30911308 0.66927083 0.16537923 0.65128240 0.16225675 0.64916201 0.15927484 0.65097779 0.14913729 0.65400632 0.14704913 0.66430480 0.14883677 0.66733320 0.14674927 0.66927083 0.14708561 0.66927083 0.05300494
0 0.59613951 0.04031062 0.49572911 0.02288112 0.49028140 0.05329571 0.55722123 0.06491530 0.56025032 0.06282778 0.59372023 0.06863757 0.59825999 0.04329205 0.59613951 0.04031062
0 0.45682367 0.13634233 0.45985219 0.13425417 0.45773168 0.13127290 0.46681118 0.08058191 0.46469070 0.07760051 0.47331623 0.02944404 0.47119575 0.02646264 0.47255768 0.01885896 0.46998322 0.01841208 0.46680539 0.03615396 0.46892588 0.03913536 0.45939243 0.09236074 0.46151282 0.09534265 0.45470328 0.13336041 0.45682367 0.13634233
0 0.44652519 0.13455469 0.44970304 0.11681268 0.44758253 0.11383141 0.45575414 0.06820920 0.45363366 0.06522780 0.46135124 0.02214042 0.45923010 0.01915888 0.45968408 0.01662433 0.45710962 0.01617745 0.45393179 0.03391933 0.45605227 0.03690072 0.44697277 0.08759171 0.44909394 0.09057310 0.44137627 0.13366093 0.44652519 0.13455469
0 0.43365224 0.13232017 0.43501420 0.12471636 0.43289380 0.12173444 0.44288120 0.06597468 0.44076071 0.06299328 0.44938625 0.01483680 0.44423668 0.01394293 0.43969692 0.03928842 0.44181740 0.04226989 0.43001408 0.10816798 0.43213513 0.11115001 0.42850333 0.13142641 0.43365224 0.13232017
0 0.94039953 0.65885417 0.93618914 0.62551865 0.67437034 0.55819821 0.67097878 0.57743274 0.67641467 0.61408982 0.85156714 0.65885417 0.94039953 0.65885417
0 0.47504890 0.91850072 0.48261411 0.89279408 0.34615917 0.88052969 0.34040672 0.88948477 0.33631780 0.88979384 0.20198351 0.87907321 0.19358182 0.89184966 0.47504890 0.91850072
0 0.81434391 0.98303946 0.82482842 0.98356599 0.89127575 0.95165083 0.88252261 0.92630836 0.88757436 0.91265525 0.87859512 0.88859507 0.87135352 0.88467384 0.81395663 0.91025182 0.82866907 0.93928942 0.82625624 0.94547482 0.80219607 0.95445406 0.81434391 0.98303946
0 0.76405659 1.00000000 0.75068103 0.96916963 0.75203765 0.96147582 0.77526773 0.94970587 0.76817478 0.92994481 0.77058761 0.92375941 0.78197654 0.91915673 0.78076856 0.91101071 0.76967693 0.88393373 0.76349152 0.88152090 0.75059418 0.88717978 0.74350123 0.86741872 0.73580742 0.86606209 0.71106893 0.87888824 0.69892110 0.85030285 0.67870783 0.85996040 0.67712510 0.86893651 0.71032255 0.93560994 0.73512364 1.00000000 0.76405659 1.00000000
0 1.00000000 0.86807214 0.99595663 0.86036878 0.97135740 0.78992277 0.95045956 0.75847235 0.92081797 0.76911177 0.92662862 0.78864673 0.89676093 0.80056846 0.89744237 0.81919900 0.88801405 0.82018087 0.88258442 0.82847867 0.89857915 0.85774238 0.91743580 0.85577863 0.92249068 0.86460296 0.94934156 0.85479363 0.95831767 0.85637636 0.97069161 0.88367945 0.95259074 0.89635382 0.96685097 0.92795602 0.98676381 0.92750068 0.99634391 0.93315642 1.00000000 0.93256564 1.00000000 0.86807214
