0 0.31276029 0.16808377 0.30388169 0.16771578 0.30177850 0.16586850 0.28846031 0.16531651 0.28425396 0.16162149 0.25761758 0.16051751 0.25551439 0.15867022 0.25785025 0.15700648 0.29780425 0.15866243 0.29990741 0.16051016 0.33098281 0.16179813 0.33144811 0.15477652 0.28039600 0.15266058 0.27829282 0.15081330 0.25387651 0.14980133 0.25248062 0.17086572 0.29909314 0.17279765 0.30119687 0.17464540 0.31007491 0.17501337 0.31241133 0.17334964 0.31276029 0.16808377
0 0.30562660 0.14138462 0.30796243 0.13972132 0.30807875 0.13796602 0.30597559 0.13611829 0.30609191 0.13436300 0.25725931 0.13233906 0.25492348 0.13400236 0.25480713 0.13575810 0.25691032 0.13760538 0.29908383 0.13935333 0.30118702 0.14120061 0.30562660 0.14138462
0 0.30900936 0.12392280 0.30678985 0.12383081 0.30258294 0.12013577 0.25818992 0.11829583 0.25795725 0.12180687 0.25562143 0.12347017 0.28225723 0.12457413 0.28436042 0.12642141 0.30877673 0.12743338 0.30900936 0.12392280
0 0.33879530 0.11107552 0.33891165 0.10931978 0.34124805 0.10765650 0.35012608 0.10802447 0.35047507 0.10275815 0.25946953 0.09898628 0.25900422 0.10600790 0.31005633 0.10812383 0.31239216 0.10646053 0.32349084 0.10692053 0.32769719 0.11061554 0.33879530 0.11107552
0 0.35304410 0.09758429 0.35526361 0.09767628 0.35572895 0.09065421 0.30911642 0.08872229 0.30701324 0.08687500 0.26261965 0.08503505 0.26238698 0.08854608 0.26005115 0.09020938 0.28890704 0.09140535 0.29101023 0.09325263 0.35094037 0.09573653 0.35304410 0.09758429
0 0.36062396 0.05037226 0.36120560 0.04159513 0.35454650 0.04131914 0.35244332 0.03947172 0.26587680 0.03588384 0.26552782 0.04115007 0.26319198 0.04281346 0.26529518 0.04466065 0.32744597 0.04723659 0.32954913 0.04908432 0.36062396 0.05037226
0 0.34835329 0.03402155 0.36167091 0.03457352 0.36236887 0.02404110 0.32685446 0.02256915 0.32475127 0.02072178 0.26704007 0.01832985 0.26657476 0.02535146 0.26867851 0.02719886 0.29531432 0.02830282 0.29741750 0.03015019 0.34625010 0.03217413 0.34835329 0.03402155
0 0.27048092 0.00000000 0.27007443 0.00613402 0.34110326 0.00907791 0.34320644 0.01092529 0.36318316 0.01175325 0.36376479 0.00297626 0.29195525 0.00000000 0.27048092 0.00000000
0 1.00000000 0.45000000 1.00000000 0.39639651 0.78734486 0.37588236 0.78036634 0.38639600 0.77551693 0.43772428 0.77503992 0.44864679 0.77702780 0.45000000 1.00000000 0.45000000
0 0.34042626 0.70947372 0.37073249 0.71100894 0.37212218 0.68537802 0.34181595 0.68384280 0.34042626 0.70947372
0 0.29088240 0.71247153 0.31739924 0.71381479 0.31888823 0.68635248 0.29237139 0.68500922 0.29088240 0.71247153
0 0.56901042 0.45000000 0.56901042 0.54819192 0.69728159 0.50847438 0.69735173 0.50737572 0.68923929 0.45000000 0.56901042 0.45000000
0 0.56901042 0.55907006 0.58902782 0.74131355 0.59227392 0.74117660 0.64184230 0.72791054 0.64266423 0.72058493 0.62015275 0.49568949 0.60322155 0.49462470 0.56901042 0.50346741 0.56901042 0.55907006
0 0.56901042 0.78024049 0.73057468 0.73373025 0.73098225 0.73024951 0.72625809 0.67603790 0.71221486 0.67515473 0.56901042 0.71252441 0.56901042 0.78024049
0 0.64063465 0.72072172 0.60039162 0.73544889 0.60006793 0.74286059 0.62108691 0.97004512 0.62420271 0.96993597 0.68126746 0.95274938 0.68188404 0.94672203 0.65360903 0.72153767 0.64063465 0.72072172
