0 0.60362226 0.41796900 0.60362226 0.41992200 0.60089111 0.42187500 0.58450352 0.42187500 0.58450352 0.42773450 0.58177168 0.42968750 0.55445879 0.42968750 0.55172695 0.42773450 0.55172695 0.42382800 0.54899580 0.42382800 0.54626465 0.42578100 0.52441406 0.42578100 0.52441406 0.42773450 0.52168291 0.42968750 0.50529462 0.42968750 0.50529462 0.43945300 0.50256348 0.44140600 0.49983233 0.43945300 0.49710118 0.43945300 0.49710118 0.45703100 0.49983233 0.45898450 0.49983233 0.47460950 0.50256348 0.47656250 0.52441406 0.47656250 0.52714521 0.47460950 0.53533936 0.47460950 0.53807050 0.47265600 0.55718994 0.47265600 0.55992109 0.47070300 0.57084638 0.47070300 0.57357753 0.46875000 0.59269697 0.46875000 0.59542812 0.46679700 0.60362226 0.46679700 0.60635411 0.46484400 0.63366699 0.46484400 0.63639814 0.46289050 0.64186114 0.46289050 0.64459229 0.46093750 0.66917402 0.46093750 0.66917402 0.45898450 0.67190587 0.45703100 0.69648760 0.45703100 0.69648760 0.41015600 0.67190587 0.41015600 0.67190587 0.41210950 0.66917402 0.41406250 0.63093584 0.41406250 0.63093584 0.41601550 0.62820470 0.41796900 0.60362226 0.41796900
0 0.41516113 0.38476550 0.41242998 0.38476550 0.40969884 0.38671900 0.39331055 0.38671900 0.39057940 0.38867200 0.38511640 0.38867200 0.38238525 0.39062500 0.35234052 0.39062500 0.35234052 0.39257800 0.34960938 0.39453100 0.32229649 0.39453100 0.32229649 0.39648450 0.31956464 0.39843750 0.28405762 0.39843750 0.28405762 0.40039050 0.28132647 0.40234400 0.26220703 0.40234400 0.26220703 0.40429700 0.25947588 0.40625000 0.25947588 0.41796900 0.25674473 0.41992200 0.25674473 0.49804700 0.32775879 0.49804700 0.33048994 0.49609400 0.33322109 0.49609400 0.33595293 0.49414050 0.35780352 0.49414050 0.36053467 0.49218750 0.37419111 0.49218750 0.37692226 0.49023450 0.40969884 0.49023450 0.40969884 0.48828100 0.41242998 0.48632800 0.42881757 0.48632800 0.43154942 0.48437500 0.43974287 0.48437500 0.44247402 0.48242200 0.46705645 0.48242200 0.46978760 0.48046900 0.47525059 0.48046900 0.47798174 0.47851550 0.48617519 0.47851550 0.48617519 0.46484400 0.48344404 0.46289050 0.48344404 0.44140600 0.48071289 0.43945300 0.48071289 0.43750000 0.47798174 0.43750000 0.47525059 0.43554700 0.47525059 0.43359400 0.47251875 0.43164050 0.47251875 0.42968750 0.46432460 0.42968750 0.46432460 0.45117200 0.46705645 0.45312500 0.46705645 0.46289050 0.46432460 0.46484400 0.44793701 0.46484400 0.44793701 0.46679700 0.44520586 0.46875000 0.40696699 0.46875000 0.40696699 0.47070300 0.40423584 0.47265600 0.39057940 0.47265600 0.38784825 0.47070300 0.37965411 0.47070300 0.37965411 0.47656250 0.37692226 0.47851550 0.35507167 0.47851550 0.35234052 0.47656250 0.34414708 0.47656250 0.34414708 0.47851550 0.34141523 0.48046900 0.29498291 0.48046900 0.29498291 0.48242200 0.29225176 0.48437500 0.28678877 0.48437500 0.28405762 0.48242200 0.28405762 0.48046900 0.28678877 0.47851550 0.28678877 0.41796900 0.29225176 0.41406250 0.31683350 0.41406250 0.31683350 0.41210950 0.31956464 0.41015600 0.34414708 0.41015600 0.34414708 0.40429700 0.34687823 0.40234400 0.41789228 0.40234400 0.41789228 0.40039050 0.42062343 0.39843750 0.45613116 0.39843750 0.46159345 0.40234400 0.46159345 0.42382800 0.47251875 0.42382800 0.47251875 0.42187500 0.47525059 0.41992200 0.47798174 0.41992200 0.47798174 0.40039050 0.47525059 0.39843750 0.47525059 0.38867200 0.46705645 0.38867200 0.46432460 0.38671900 0.46432460 0.38476550 0.46705645 0.38281250 0.47251875 0.38281250 0.47251875 0.37890600 0.46978760 0.37695300 0.45340001 0.37695300 0.45340001 0.37890600 0.45066816 0.38085950 0.44247402 0.38085950 0.43974287 0.38281250 0.41789228 0.38281250 0.41516113 0.38476550
0 0.61454755 0.35937500 0.61181641 0.36132800 0.58723467 0.36132800 0.58177168 0.36523450 0.54626465 0.36523450 0.54626465 0.36718750 0.54080235 0.37109400 0.53807050 0.37109400 0.53533936 0.36914050 0.52987636 0.36914050 0.52987636 0.38476550 0.52714521 0.38671900 0.49983233 0.38671900 0.49983233 0.38867200 0.49710118 0.39062500 0.49163818 0.39062500 0.49163818 0.41015600 0.49436933 0.41210950 0.49436933 0.41406250 0.49983233 0.41406250 0.50256348 0.41601550 0.50256348 0.42187500 0.51895177 0.42187500 0.52441406 0.41796900 0.55172695 0.41796900 0.55172695 0.41015600 0.55445879 0.40820300 0.55718994 0.40820300 0.55992109 0.40625000 0.57357753 0.40625000 0.57630938 0.40820300 0.57630938 0.41015600 0.57904053 0.41210950 0.58723467 0.41210950 0.58996582 0.41015600 0.62547285 0.41015600 0.62547285 0.40820300 0.62820470 0.40625000 0.66371172 0.40625000 0.66371172 0.40429700 0.66644287 0.40234400 0.69375645 0.40234400 0.69375645 0.40039050 0.69648760 0.39843750 0.69648760 0.35156250 0.68556231 0.35156250 0.68283046 0.35351550 0.64732343 0.35351550 0.64459229 0.35546900 0.64459229 0.35742200 0.64186114 0.35937500 0.61454755 0.35937500
0 0.86979167 0.33046875 0.89340234 0.36588477 0.90173568 0.35755273 0.87673568 0.32213477 0.86979167 0.33046875
0 0.81840234 0.30546875 0.83645833 0.33671875 0.87118099 0.30338477 0.85173568 0.27213477 0.81840234 0.30546875
0 0.96979167 0.12421875 0.98229167 0.09921875 0.97534766 0.09088477 0.97951432 0.08255273 0.97395833 0.07630273 0.97812500 0.06796875 0.96979167 0.06171875 0.94618099 0.10338477 0.96979167 0.12421875
0 0.95868099 0.01588477 0.98645833 0.05130273 0.99201432 0.04296875 0.96284766 0.00755273 0.95868099 0.01588477
0 0.70729167 0.14713477 0.74201432 0.12213477 0.73506901 0.10130273 0.70173568 0.12630273 0.70729167 0.14713477
0 0.14973958 0.88281250 0.14713542 0.86132812 0.19791667 0.79492188 0.19010417 0.75976562 0.17838542 0.76757812 0.13151042 0.83398438 0.05859375 0.91796875 0.04687500 0.93554688 0.04687500 0.94726562 0.05598958 0.98632812 0.06510417 0.99023438 0.13671875 0.90234375 0.14973958 0.88281250
0 0.25000000 0.71289062 0.24609375 0.72265625 0.29036458 0.78906250 0.30078125 0.79101562 0.32682292 0.76757812 0.28255208 0.68945312 0.25000000 0.71289062
0 0.52213542 0.87695312 0.51562500 0.86328125 0.49739583 0.87304688 0.48958333 0.86132812 0.46354167 0.89453125 0.46354167 0.92578125 0.45312500 0.93359375 0.45833333 0.95507812 0.49348958 0.90820312 0.51953125 0.89062500 0.52213542 0.87695312
0 0.32031250 0.92187500 0.33203125 0.90820312 0.32682292 0.87304688 0.31901042 0.87109375 0.29296875 0.90429688 0.28906250 0.91406250 0.30598958 0.97656250 0.31380208 0.97851562 0.32682292 0.96289062 0.32031250 0.93945312 0.32031250 0.92187500
0 0.40693934 1.00000000 0.41406250 0.93945312 0.41796875 0.93750000 0.41666667 0.91406250 0.43359375 0.88476562 0.42968750 0.84375000 0.41536458 0.84960938 0.39713542 0.87500000 0.40364583 0.92382812 0.38281250 0.95312500 0.38450169 1.00000000 0.40693934 1.00000000
0 0.81770833 0.97656250 0.82161458 0.80859375 0.75781250 0.81445312 0.75651042 0.98046875 0.81770833 0.97656250
