0 0.00000000 0.81250000 0.00000000 0.86718800 0.01562500 0.86718800 0.01562500 0.81250000
0 0.41406200 0.73437500 0.41015600 0.73828100 0.32421900 0.73828100 0.32421900 0.78125000 0.32812500 0.78515600 0.32812500 0.85937500 0.36328100 0.85937500 0.36718800 0.85546900 0.45703100 0.85546900 0.46093800 0.85156200 0.48437500 0.85156200 0.48437500 0.83593800 0.48046900 0.83203100 0.48046900 0.76953100 0.47656200 0.76562500 0.47656200 0.73437500
0 0.22265600 0.73437500 0.21875000 0.73828100 0.14843800 0.73828100 0.14453100 0.74218800 0.14453100 0.75000000 0.14843800 0.75390600 0.14843800 0.85156200 0.15234400 0.85546900 0.15234400 0.87890600 0.16406200 0.87890600 0.16796900 0.87500000 0.22265600 0.87500000 0.22656200 0.87109400 0.27734400 0.87109400 0.28125000 0.86718800 0.28515600 0.86718800 0.28515600 0.79296900 0.28125000 0.78906200 0.28125000 0.73437500
0 0.77734400 0.71484400 0.77343800 0.71875000 0.71875000 0.71875000 0.71484400 0.72265600 0.69140600 0.72265600 0.69140600 0.77343800 0.78515600 0.77343800 0.78906200 0.76953100 0.80078100 0.76953100 0.80078100 0.71484400
0 0.76171900 0.63281200 0.75781200 0.63671900 0.67578100 0.63671900 0.67187500 0.64062500 0.66015600 0.64062500 0.66015600 0.69140600 0.71875000 0.69140600 0.72265600 0.68750000 0.80078100 0.68750000 0.79687500 0.68359400 0.79687500 0.63281200
0 0.21093800 0.57812500 0.20703100 0.58203100 0.14062500 0.58203100 0.13671900 0.58593800 0.13671900 0.62500000 0.13281200 0.62890600 0.10937500 0.62890600 0.10937500 0.67578100 0.11328100 0.67968800 0.14062500 0.67968800 0.14453100 0.68359400 0.14453100 0.71875000 0.16406200 0.71875000 0.16796900 0.71484400 0.28125000 0.71484400 0.28125000 0.67578100 0.27734400 0.67187500 0.27734400 0.60546900 0.27343800 0.60156200 0.27343800 0.57812500
0 0.42187500 0.57031200 0.41796900 0.57421900 0.41796900 0.62500000 0.42187500 0.62890600 0.42187500 0.69531200 0.42578100 0.69921900 0.42968800 0.69921900 0.43359400 0.69531200 0.45312500 0.69531200 0.45312500 0.66796900 0.44921900 0.66406200 0.44921900 0.57031200
0 0.38671900 0.57031200 0.38281200 0.57421900 0.31250000 0.57421900 0.31250000 0.66406200 0.31640600 0.66796900 0.31640600 0.70312500 0.32421900 0.70312500 0.32812500 0.69921900 0.40234400 0.69921900 0.40234400 0.65234400 0.39843800 0.64843800 0.39843800 0.57031200
0 0.47265600 0.56640600 0.47265600 0.64453100 0.47656200 0.64843800 0.47656200 0.69531200 0.53125000 0.69531200 0.53125000 0.63281200 0.52734400 0.62890600 0.52734400 0.56640600
0 0.24609400 0.48437500 0.24218800 0.48828100 0.16406200 0.48828100 0.16015600 0.49218800 0.13671900 0.49218800 0.13671900 0.55468800 0.19921900 0.55468800 0.20312500 0.55078100 0.27343800 0.55078100 0.27343800 0.53906200 0.26953100 0.53515600 0.26953100 0.48437500
0 0.46093800 0.48046900 0.45703100 0.48437500 0.45312500 0.48437500 0.45312500 0.51953100 0.44921900 0.52343800 0.44531200 0.52343800 0.44140600 0.52734400 0.35937500 0.52734400 0.35937500 0.53906200 0.41015600 0.53906200 0.41406200 0.53515600 0.59375000 0.53515600 0.59375000 0.51953100 0.58984400 0.51562500 0.58984400 0.50000000 0.57421900 0.50000000 0.57031200 0.50390600 0.55859400 0.50390600 0.55468800 0.50000000 0.55468800 0.48046900
0 0.74218800 0.40234400 0.74218800 0.45312500 0.74609400 0.45703100 0.74609400 0.52734400 0.75000000 0.53125000 0.75000000 0.60156200 0.79296900 0.60156200 0.79296900 0.57812500 0.78906200 0.57421900 0.78906200 0.48437500 0.78515600 0.48046900 0.78515600 0.40234400
0 0.18359400 0.35937500 0.17968800 0.36328100 0.13281200 0.36328100 0.13281200 0.38671900 0.12890600 0.39062500 0.10156200 0.39062500 0.09765620 0.39453100 0.10156200 0.39843800 0.10156200 0.44140600 0.12890600 0.44140600 0.13281200 0.43750000 0.13671900 0.44140600 0.13671900 0.46093800 0.23828100 0.46093800 0.24218800 0.45703100 0.26562500 0.45703100 0.26562500 0.38671900 0.26171900 0.38281200 0.26171900 0.35937500
0 0.40234400 0.31640600 0.40234400 0.36328100 0.40625000 0.36718800 0.40625000 0.43750000 0.41406200 0.43750000 0.41796900 0.44140600 0.44140600 0.44140600 0.44140600 0.33984400 0.43750000 0.33593800 0.43750000 0.31640600
0 0.32421900 0.31640600 0.32031200 0.32031200 0.29687500 0.32031200 0.29687500 0.34765600 0.30078100 0.35156200 0.30078100 0.44140600 0.38671900 0.44140600 0.39062500 0.43750000 0.39453100 0.43750000 0.39453100 0.41015600 0.39062500 0.40625000 0.39062500 0.31640600
0 0.25390600 0.23437500 0.25000000 0.23828100 0.18359400 0.23828100 0.17968800 0.24218800 0.12500000 0.24218800 0.12890600 0.24609400 0.12890600 0.33203100 0.13281200 0.33593800 0.13281200 0.33984400 0.19921900 0.33984400 0.20312500 0.33593800 0.26171900 0.33593800 0.26171900 0.23437500
0 0.37890600 0.23046900 0.37500000 0.23437500 0.29296900 0.23437500 0.29296900 0.29687500 0.43750000 0.29687500 0.43750000 0.23046900
0 0.24609400 0.00000000 0.24609400 0.03125000 0.25000000 0.03515620 0.25000000 0.10546900 0.25390600 0.10937500 0.25390600 0.14062500 0.27734400 0.14062500 0.28125000 0.13671900 0.33593800 0.13671900 0.33984400 0.13281200 0.39453100 0.13281200 0.39843800 0.12890600 0.44921900 0.12890600 0.45312500 0.12500000 0.48828100 0.12500000 0.48828100 0.10546900 0.49218800 0.10156200 0.53125000 0.10156200 0.53515600 0.09765620 0.58203100 0.09765620 0.58593800 0.09375000 0.58984400 0.09375000 0.58984400 0.06640620 0.59375000 0.06250000 0.59765600 0.06250000 0.59765600 0.00000000
