0 0.40893493 0.51923077 0.43942821 0.51396727 0.43801061 0.51003102 0.39821296 0.51690056 0.39905216 0.51923077 0.40893493 0.51923077
0 0.43447434 0.49182853 0.43660811 0.48937001 0.43235549 0.47756177 0.39540105 0.48394054 0.39326745 0.48639956 0.39751990 0.49820730 0.39538540 0.50066594 0.39751171 0.50657006 0.43730936 0.49970052 0.43447434 0.49182853
0 0.43308730 0.45444161 0.43166988 0.45050587 0.40892857 0.45443128 0.40537738 0.45295406 0.39116425 0.45540741 0.39329038 0.46131102 0.39115606 0.46377017 0.39328237 0.46967429 0.43308002 0.46280475 0.43095371 0.45690063 0.43308730 0.45444161
0 0.42102286 0.43771117 0.42955103 0.43623911 0.43168553 0.43378047 0.42814180 0.42394061 0.43027538 0.42148158 0.42814925 0.41557797 0.41962108 0.41705003 0.41606989 0.41557281 0.39048537 0.41998899 0.38835160 0.42244751 0.39189533 0.43228737 0.38976156 0.43474589 0.39188787 0.44065001 0.41747167 0.43623395 0.42102286 0.43771117
0 0.42745546 0.39688483 0.42391155 0.38704446 0.42604532 0.38458594 0.42320284 0.38507659 0.41965165 0.38359936 0.38553969 0.38948749 0.38837471 0.39735948 0.38624094 0.39981799 0.39049338 0.41162573 0.42744782 0.40524696 0.42532169 0.39934334 0.42745546 0.39688483
0 0.42463590 0.37228694 0.42392719 0.37031906 0.42606096 0.36786055 0.42251723 0.35802068 0.42465082 0.35556166 0.42323340 0.35162592 0.38343648 0.35849533 0.38556279 0.36439945 0.38342902 0.36685797 0.38626404 0.37472996 0.38412954 0.37718860 0.38483825 0.37915647 0.42463590 0.37228694
0 0.42253288 0.34129528 0.42111528 0.33735904 0.42324905 0.33490052 0.41828771 0.32112441 0.38133255 0.32750331 0.38275015 0.33143955 0.38061638 0.33389807 0.38416011 0.34373793 0.38202634 0.34619645 0.38273523 0.34816482 0.42253288 0.34129528
0 0.75000000 0.26804793 0.70681412 0.27550232 0.70326275 0.27402459 0.66346510 0.28089413 0.65991391 0.27941690 0.65707888 0.27154491 0.63718006 0.27497968 0.63362887 0.27350246 0.61657325 0.27644646 0.64067103 0.34335863 0.65488417 0.34090527 0.65843536 0.34238250 0.66552282 0.36206223 0.66338905 0.36452074 0.65983713 0.36304364 0.64562400 0.36549700 0.65129404 0.38124098 0.64916027 0.38369949 0.65695663 0.40534759 0.67969794 0.40142218 0.68324931 0.40289991 0.75000000 0.39137796 0.75000000 0.26804793
0 0.44955646 0.31572706 0.44742269 0.31818558 0.46726803 0.37329001 0.46513426 0.37574853 0.47576563 0.40526862 0.47363187 0.40772714 0.45657552 0.41067126 0.45444175 0.41312978 0.46294682 0.43674575 0.53401322 0.42447886 0.53756441 0.42595609 0.61147401 0.41319843 0.61502539 0.41467615 0.64913735 0.40878803 0.62574828 0.34384373 0.62788205 0.34138521 0.60591058 0.28037716 0.54905805 0.29019057 0.54550612 0.28871347 0.54337981 0.28280935 0.53485164 0.28428142 0.53130045 0.28280419 0.48013288 0.29163631 0.47658169 0.29015909 0.46236782 0.29261256 0.46732916 0.30638867 0.46519539 0.30884719 0.45951042 0.30982848 0.45737593 0.31228712 0.44884775 0.31375919 0.44955646 0.31572706
0 0.42042894 0.31030326 0.41972023 0.30833538 0.42185382 0.30587637 0.41760138 0.29406863 0.41973588 0.29160999 0.41831828 0.28767374 0.37852063 0.29454328 0.38064694 0.30044740 0.37851317 0.30290592 0.38205690 0.31274578 0.37992331 0.31520480 0.38063202 0.31717267 0.42042894 0.31030326
0 0.75000000 0.23612197 0.69561940 0.08512364 0.65297926 0.09248383 0.66290175 0.12003554 0.67427240 0.11807284 0.68137570 0.12102767 0.68704574 0.13677165 0.68491124 0.13923029 0.66785563 0.14217429 0.68557447 0.19137411 0.68344070 0.19383262 0.69832470 0.23516095 0.73243593 0.22927295 0.73953904 0.23222728 0.74166536 0.23813140 0.75000000 0.23669274 0.75000000 0.23612197
0 0.45960139 0.20947660 0.44254577 0.21242060 0.45813830 0.25571629 0.45600471 0.25817531 0.45671342 0.26014319 0.46026462 0.26162041 0.51711788 0.25180687 0.52066907 0.25328410 0.58605051 0.24199850 0.58960170 0.24347573 0.62371366 0.23758760 0.62726576 0.23906521 0.62939207 0.24496932 0.67771717 0.23662785 0.68126836 0.23810507 0.68411084 0.23761443 0.68340213 0.23564656 0.68553572 0.23318754 0.66569056 0.17808360 0.64863495 0.18102760 0.64508376 0.17955037 0.64295744 0.17364626 0.64509122 0.17118774 0.64296490 0.16528362 0.64509868 0.16282510 0.66215502 0.15988098 0.63876613 0.09493718 0.62170979 0.09788131 0.61815860 0.09640408 0.53856402 0.11014304 0.53501265 0.10866531 0.45257487 0.12289503 0.44902368 0.12141780 0.43765303 0.12338051 0.44048805 0.13125250 0.43835428 0.13371102 0.46174316 0.19865482 0.45960957 0.20111384 0.46173588 0.20701795 0.45960139 0.20947660
0 0.38434350 0.14303391 0.38788741 0.15287428 0.38575363 0.15533280 0.38929737 0.16517266 0.38716360 0.16763118 0.39070733 0.17747104 0.38857374 0.17993006 0.39140876 0.18780205 0.38927426 0.19026069 0.39281800 0.20010055 0.39068440 0.20255957 0.39422814 0.21239944 0.39209437 0.21485795 0.39563810 0.22469782 0.39350360 0.22715646 0.39633880 0.23502895 0.39420503 0.23748747 0.39774877 0.24732733 0.39561500 0.24978585 0.39915873 0.25962571 0.39702513 0.26208474 0.39844256 0.26602048 0.41834138 0.26258571 0.41550636 0.25471372 0.41764013 0.25225520 0.41409640 0.24241534 0.41622999 0.23995631 0.41339515 0.23208483 0.41552874 0.22962581 0.41269371 0.22175382 0.41482749 0.21929530 0.41128375 0.20945544 0.41341807 0.20699629 0.41058323 0.19912481 0.41271682 0.19666578 0.40917309 0.18682592 0.41130686 0.18436740 0.40847183 0.17649541 0.41060615 0.17403627 0.40706242 0.16419640 0.40919619 0.16173789 0.40636117 0.15386590 0.40849494 0.15140738 0.40495103 0.14156701 0.40708480 0.13910850 0.40424978 0.13123650 0.40638355 0.12877799 0.40354852 0.12090600 0.40568302 0.11844736 0.40213911 0.10860699 0.40427288 0.10614847 0.39290223 0.10811118 0.38935104 0.10663395 0.38082287 0.10810602 0.38436660 0.11794588 0.38223301 0.12040490 0.38577674 0.13024476 0.38364224 0.13270340 0.38647726 0.14057539 0.38434350 0.14303391
0 0.00000000 0.20066643 0.00059181 0.20091259 0.04607457 0.19306174 0.04820834 0.19060322 0.04466461 0.18076336 0.04679838 0.17830484 0.04467207 0.17240072 0.04182959 0.17289137 0.03827821 0.17141363 0.03259267 0.17239503 0.02904133 0.17091782 0.03117525 0.16845928 0.02975783 0.16452354 0.00000000 0.16966009 0.00000000 0.20066643
0 0.65801665 0.02263333 0.67431789 0.06789689 0.67218430 0.07035592 0.67501914 0.07822740 0.69207548 0.07528328 0.67223051 0.02017985 0.65801665 0.02263333
0 0.13348042 0.18424561 0.14485107 0.18228290 0.14698557 0.17982426 0.13989792 0.16014403 0.14203169 0.15768551 0.17330044 0.15228816 0.17685236 0.15376526 0.17897867 0.15966938 0.17684418 0.16212802 0.19390052 0.15918390 0.17476425 0.10604834 0.14633798 0.11095505 0.14278588 0.10947744 0.13498953 0.08782934 0.13712406 0.08537080 0.13499781 0.07946683 0.11509898 0.08290160 0.13140031 0.12816542 0.12926672 0.13062444 0.11789534 0.13258728 0.11860405 0.13455515 0.11647028 0.13701367 0.13348042 0.18424561
0 0.08236651 0.13453903 0.08450028 0.13208051 0.08308268 0.12814426 0.08521645 0.12568575 0.09090141 0.12470445 0.08381395 0.10502473 0.07244402 0.10698731 0.06534073 0.10403248 0.06392313 0.10009624 0.06605694 0.09763782 0.06251317 0.08779785 0.06464763 0.08533911 0.06819886 0.08681644 0.07672630 0.08534450 0.07530879 0.08140851 0.06109566 0.08386186 0.05754441 0.08238448 0.02627493 0.08778196 0.04186761 0.13107806 0.04471009 0.13058742 0.04826201 0.13206451 0.05393206 0.14780850 0.08520153 0.14241102 0.08236651 0.13453903
0 0.42643204 0.00000000 0.43490224 0.02351915 0.43276850 0.02597776 0.45473993 0.08698572 0.45260616 0.08944423 0.43270734 0.09287900 0.43766867 0.10665511 0.43553490 0.10911363 0.43695250 0.11304988 0.44050369 0.11452710 0.51157009 0.10226021 0.51512128 0.10373744 0.59471586 0.08999848 0.59826778 0.09147559 0.66649169 0.07969934 0.64664672 0.02459591 0.64878031 0.02213689 0.64080792 0.00000000 0.42643204 0.00000000
0 0.11584577 0.04305632 0.13005890 0.04060297 0.13361013 0.04208029 0.13077511 0.03420830 0.11371950 0.03715230 0.11584577 0.04305632
0 0.89417743 0.09079004 0.89360055 0.03084740 0.82750571 0.03818310 0.82715943 0.09966214 0.89417743 0.09079004
0 0.88274660 0.18115732 0.87417121 0.13104630 0.80961276 0.13930516 0.81511536 0.18756986 0.88274660 0.18115732
0 0.95863009 0.24975469 0.94452895 0.18795912 0.87381831 0.20297681 0.88607643 0.26261944 0.95863009 0.24975469
0 0.78123859 0.28745223 0.84918306 0.27181800 0.83630839 0.21494154 0.76898046 0.22780959 0.78123859 0.28745223
0 0.75000000 0.37534174 0.81961547 0.36278859 0.81104338 0.30745184 0.75000000 0.31962036 0.75000000 0.37534174
0 0.89159143 0.51923077 0.88102178 0.47810105 0.84413172 0.48207386 0.85339598 0.51923077 0.89159143 0.51923077
0 0.98168036 0.51923077 0.96127396 0.44372343 0.92561037 0.45261536 0.94314740 0.51923077 0.98168036 0.51923077
0 0.69628189 0.64633038 0.71333824 0.64360434 0.69632810 0.59987106 0.68779993 0.60123408 0.68850864 0.60305619 0.68637487 0.60533259 0.68850118 0.61079937 0.68636687 0.61307636 0.68352438 0.61353066 0.69628189 0.64633038
0 0.64868862 0.63264642 0.65153110 0.63219212 0.65082239 0.63037001 0.65295616 0.62809361 0.65012114 0.62080473 0.65225563 0.61852820 0.65509812 0.61807390 0.64659287 0.59620680 0.61816587 0.60075016 0.61461468 0.59938236 0.61319726 0.59573815 0.60182661 0.59755547 0.61812803 0.63946665 0.61599426 0.64174306 0.61812039 0.64720937 0.64938914 0.64221182 0.64655430 0.63492340 0.64868862 0.63264642
0 0.55701468 0.64536289 0.58259847 0.64127394 0.58970176 0.64400990 0.59041047 0.64583200 0.59396166 0.64719980 0.61101728 0.64447388 0.60251221 0.62260724 0.60464671 0.62033071 0.59685035 0.60028618 0.57979401 0.60301222 0.57624282 0.60164442 0.57482522 0.59799975 0.57198274 0.59845405 0.56843082 0.59708636 0.55137520 0.59981228 0.54782401 0.59844448 0.54711512 0.59662191 0.54356320 0.59525423 0.52366510 0.59843445 0.51656199 0.59569897 0.51585328 0.59387686 0.51016759 0.59478558 0.50803382 0.59706199 0.50519134 0.59751629 0.52361889 0.64489377 0.55204516 0.64035053 0.55559708 0.64171821 0.55701468 0.64536289
0 0.45398501 0.64441032 0.48241201 0.63986695 0.48596320 0.64123476 0.48880568 0.64078046 0.49235760 0.64214814 0.49306650 0.64397071 0.50443642 0.64215351 0.50798834 0.64352119 0.51367330 0.64261259 0.49878930 0.60434562 0.50092380 0.60206910 0.49950638 0.59842489 0.49595446 0.59705720 0.48458380 0.59887453 0.48103243 0.59750626 0.48032372 0.59568416 0.47677253 0.59431635 0.44550305 0.59931402 0.44195168 0.59794575 0.44053426 0.59430154 0.41210726 0.59884490 0.40855607 0.59747710 0.40713847 0.59383243 0.39861030 0.59519545 0.40498923 0.61159578 0.40285546 0.61387219 0.41490426 0.64484981 0.44901622 0.63939784 0.45256741 0.64076565 0.45398501 0.64441032
0 0.33603332 0.64390680 0.36446031 0.63936344 0.36801150 0.64073124 0.36942911 0.64437591 0.39785610 0.63983255 0.40140730 0.64120036 0.40282490 0.64484503 0.40637609 0.64621283 0.40921857 0.64575853 0.38937341 0.59473637 0.36094714 0.59927962 0.35739595 0.59791181 0.35597835 0.59426714 0.33323705 0.59790178 0.32968586 0.59653398 0.32826844 0.59288977 0.29415575 0.59834186 0.29628188 0.60380817 0.29414811 0.60608457 0.30832340 0.64252944 0.33106470 0.63889479 0.33461590 0.64026260 0.33603332 0.64390680
0 0.64308716 0.54837979 0.64522093 0.54610338 0.64167720 0.53699240 0.63599224 0.53790100 0.63244013 0.53653285 0.62391269 0.53789575 0.62036150 0.53652795 0.61965279 0.53470585 0.61396710 0.53561457 0.61041591 0.53424677 0.59620277 0.53651839 0.60541655 0.56020713 0.62247217 0.55748121 0.62602336 0.55884901 0.62744096 0.56249369 0.64733978 0.55931334 0.64308716 0.54837979
0 0.12145472 0.63562127 0.12500591 0.63698907 0.12642351 0.64063375 0.16053547 0.63518178 0.16408667 0.63654958 0.16550408 0.64019379 0.19108860 0.63610473 0.17974851 0.60694921 0.18188228 0.60467280 0.18543347 0.60604060 0.19889988 0.64066290 0.22164118 0.63702826 0.22519310 0.63839594 0.22661070 0.64204062 0.23016190 0.64340842 0.26143064 0.63841087 0.26498256 0.63977856 0.26640017 0.64342323 0.29766964 0.63842556 0.28065951 0.59469229 0.26360317 0.59741832 0.26005180 0.59605006 0.25720931 0.59650436 0.25365739 0.59513667 0.25294868 0.59331457 0.22452241 0.59785782 0.22097050 0.59649013 0.21955289 0.59284546 0.18259845 0.59875172 0.17904726 0.59738392 0.17620478 0.59783822 0.17265286 0.59647054 0.17194397 0.59464797 0.16839281 0.59328026 0.14849399 0.59646060 0.14494276 0.59509271 0.14423401 0.59327051 0.14068277 0.59190257 0.11225650 0.59644581 0.10870453 0.59507799 0.10728703 0.59143360 0.07886076 0.59597684 0.08665716 0.61602147 0.08452266 0.61829799 0.09231883 0.63834206 0.09800452 0.63743334 0.10155590 0.63880161 0.12145472 0.63562127
0 0.50807257 0.55834585 0.50948999 0.56199005 0.53791626 0.55744681 0.54146763 0.55881507 0.54288505 0.56245928 0.57131205 0.55791592 0.57486324 0.55928372 0.57628084 0.56292839 0.57983203 0.56429619 0.59688838 0.56157015 0.59902215 0.55929375 0.59051708 0.53742711 0.58198891 0.53879013 0.57843772 0.53742233 0.57275276 0.53833093 0.56920066 0.53696278 0.56849195 0.53514068 0.55712129 0.53695800 0.55357010 0.53559019 0.53935697 0.53786182 0.53580487 0.53649367 0.53509619 0.53467166 0.52372627 0.53648886 0.52017431 0.53512108 0.51448935 0.53602969 0.51093739 0.53466191 0.50951987 0.53101742 0.48109360 0.53556067 0.47754237 0.53419277 0.47612486 0.53054833 0.44485538 0.53554600 0.44130413 0.53417805 0.43988664 0.53053366 0.43135847 0.53189668 0.44269859 0.56105230 0.46543990 0.55741765 0.46899109 0.55878545 0.47040851 0.56242966 0.50452047 0.55697769 0.50807257 0.55834585
0 0.00000000 0.63567763 0.00634587 0.63466340 0.00989728 0.63603116 0.01131488 0.63967584 0.02552816 0.63740419 0.02907935 0.63877199 0.04613570 0.63604595 0.04968707 0.63741422 0.05110449 0.64105843 0.08237397 0.63606076 0.07457761 0.61601622 0.07671138 0.61373982 0.07033259 0.59733986 0.06749011 0.59779416 0.06393887 0.59642622 0.06252135 0.59278178 0.04546501 0.59550782 0.04191378 0.59413993 0.04049625 0.59049544 0.01206926 0.59503880 0.00851803 0.59367091 0.00283234 0.59457963 0.00000000 0.59348858 0.00000000 0.63567763
0 0.35672518 0.55737345 0.35814269 0.56101789 0.36169392 0.56238579 0.39580588 0.55693382 0.39935703 0.55830153 0.40077463 0.56194620 0.42920163 0.55740284 0.42565786 0.54829176 0.42779158 0.54601522 0.42283030 0.53325970 0.41998781 0.53371400 0.41643657 0.53234606 0.41501906 0.52870162 0.38943454 0.53279068 0.38588331 0.53142279 0.38517455 0.52960054 0.38162331 0.52823260 0.34751135 0.53368457 0.34396012 0.53231667 0.34254261 0.52867223 0.31980130 0.53230687 0.31624933 0.53093905 0.31483183 0.52729466 0.29493374 0.53047488 0.29138176 0.52910706 0.28569680 0.53001566 0.28214556 0.52864774 0.28143681 0.52682552 0.27575112 0.52773424 0.28850872 0.56053420 0.31977819 0.55553654 0.32332944 0.55690448 0.32474694 0.56054887 0.35317393 0.55600551 0.35672518 0.55737345
0 0.20253534 0.55685545 0.20395287 0.56049994 0.23522234 0.55550227 0.24232553 0.55823795 0.24303429 0.56006019 0.26293239 0.55687997 0.26648436 0.55824779 0.27785429 0.55643058 0.27643676 0.55278610 0.27857122 0.55050948 0.27006616 0.52864284 0.14214649 0.54908769 0.14569026 0.55819876 0.16274588 0.55547284 0.16629712 0.55684078 0.16771463 0.56048522 0.19898411 0.55548756 0.20253534 0.55685545
0 0.13645334 0.55773959 0.13361832 0.55045071 0.09666388 0.55635697 0.09737263 0.55817919 0.10092387 0.55954711 0.12650766 0.55545817 0.13005890 0.55682611 0.13076765 0.55864831 0.13645334 0.55773959
0 1.00000000 0.51923077 0.91192222 0.51923077 0.91247956 0.52146617 0.91072818 0.52438011 0.90373131 0.52612463 0.90431281 0.52845692 0.90256217 0.53137132 0.89556470 0.53311599 0.89614620 0.53544828 0.89439482 0.53836222 0.88973024 0.53952524 0.89205641 0.54885500 0.89672099 0.54769199 0.89963539 0.54944263 0.90138006 0.55644010 0.90837753 0.55469544 0.91129148 0.55644682 0.91478066 0.57044117 0.92877501 0.56695199 0.93168941 0.56870263 0.93750491 0.59202734 0.94216950 0.59086433 0.94508329 0.59261512 0.94682796 0.59961259 0.95382544 0.59786792 0.95673923 0.59961871 0.95964691 0.61128077 0.96664438 0.60953610 0.96955818 0.61128689 0.97188450 0.62061725 0.97654969 0.61945409 0.97946348 0.62120488 0.98237116 0.63286694 0.99636551 0.62937775 0.99927991 0.63112839 1.00000000 0.63401652 1.00000000 0.51923077
