0 0.31199415 0.29882812 0.31192893 0.29854563 0.31339254 0.29620336 0.31295321 0.29430041 0.31441672 0.29195765 0.31397739 0.29005471 0.31544149 0.28771232 0.31500205 0.28580889 0.31646566 0.28346661 0.31558701 0.27966072 0.31705062 0.27731845 0.31661118 0.27541502 0.31807479 0.27307274 0.31763546 0.27116980 0.31909897 0.26882704 0.31865964 0.26692409 0.31675669 0.26736342 0.31441442 0.26589981 0.31060853 0.26677846 0.30826577 0.26531496 0.30445988 0.26619362 0.30299578 0.26853601 0.30387444 0.27234190 0.30241093 0.27468466 0.30285026 0.27658760 0.30138665 0.27892988 0.30182609 0.28083331 0.30036247 0.28317558 0.30080180 0.28507853 0.29933819 0.28742080 0.29977752 0.28932375 0.29831353 0.29166662 0.29875286 0.29356957 0.29728924 0.29591184 0.29772868 0.29781527 0.29709578 0.29882812 0.31199415 0.29882812
0 0.38658519 0.25725587 0.38702452 0.25915882 0.38556102 0.26150158 0.38600035 0.26340452 0.38790329 0.26296519 0.39024605 0.26442870 0.39214900 0.26398937 0.39449127 0.26545298 0.39639421 0.26501365 0.39873649 0.26647727 0.40020059 0.26413488 0.40254287 0.26559850 0.40298231 0.26750193 0.40488525 0.26706260 0.40722801 0.26852610 0.40913096 0.26808677 0.41147323 0.26955039 0.41337618 0.26911106 0.41571856 0.27057516 0.41762200 0.27013572 0.41718255 0.26823229 0.41864617 0.26589001 0.41776740 0.26208364 0.41923101 0.25974136 0.41879168 0.25783842 0.42025579 0.25549603 0.41981646 0.25359309 0.42127996 0.25125032 0.42084063 0.24934738 0.41893769 0.24978671 0.41659492 0.24832321 0.41469198 0.24876254 0.41234959 0.24729843 0.40854322 0.24817721 0.40620094 0.24671359 0.40429800 0.24715292 0.40195572 0.24568930 0.40005229 0.24612875 0.39771002 0.24466513 0.39580707 0.24510446 0.39346431 0.24364096 0.38965842 0.24451962 0.39009775 0.24642256 0.38863414 0.24876483 0.38907346 0.25066778 0.38760985 0.25301005 0.38804929 0.25491349 0.38658519 0.25725587
0 0.36535801 0.25213418 0.36579734 0.25403712 0.36433323 0.25637951 0.36477256 0.25828246 0.36711544 0.25974645 0.36901838 0.25930712 0.37136066 0.26077073 0.37326409 0.26033129 0.37560636 0.26179491 0.37750931 0.26135558 0.37897292 0.25901330 0.37809415 0.25520693 0.37955777 0.25286465 0.37911844 0.25096171 0.38058254 0.24861932 0.38014321 0.24671637 0.38160671 0.24437361 0.38072805 0.24056772 0.37882511 0.24100705 0.37648224 0.23954306 0.37457929 0.23998239 0.37223702 0.23851878 0.36843113 0.23939744 0.36887046 0.24130038 0.36740647 0.24364326 0.36784580 0.24554620 0.36638218 0.24788847 0.36682162 0.24979191 0.36535801 0.25213418
0 0.31689761 0.20719614 0.31543400 0.20953841 0.31631277 0.21334479 0.31484915 0.21568706 0.31528848 0.21759001 0.31382438 0.21993239 0.31426371 0.22183534 0.31280021 0.22417810 0.31323954 0.22608104 0.31177592 0.22842332 0.31221536 0.23032675 0.31075126 0.23266914 0.31119059 0.23457208 0.30972697 0.23691436 0.31016630 0.23881730 0.30870280 0.24116006 0.30958146 0.24496595 0.30811796 0.24730871 0.30855729 0.24921166 0.30709367 0.25155393 0.30753300 0.25345688 0.30606890 0.25579926 0.30650834 0.25770270 0.30504472 0.26004497 0.30885110 0.25916620 0.31119337 0.26062981 0.31309632 0.26019048 0.31543871 0.26165459 0.31734165 0.26121526 0.31968441 0.26267876 0.32114803 0.26033649 0.32070858 0.25843305 0.32217220 0.25609078 0.32173287 0.25418784 0.32319686 0.25184496 0.32275753 0.24994202 0.32422115 0.24759974 0.32334249 0.24379385 0.32480599 0.24145109 0.32436666 0.23954815 0.32583028 0.23720587 0.32539083 0.23530244 0.32685445 0.23296017 0.32641512 0.23105722 0.32787922 0.22871484 0.32743989 0.22681189 0.32890340 0.22446913 0.32846407 0.22256619 0.32992768 0.22022391 0.32948824 0.21832048 0.33095234 0.21597809 0.33051301 0.21407515 0.33197663 0.21173287 0.33153730 0.20982993 0.32919491 0.20836583 0.32831625 0.20455994 0.32977976 0.20221718 0.32802244 0.19460540 0.32611949 0.19504473 0.32377662 0.19358074 0.31997073 0.19445939 0.31850674 0.19680227 0.31894607 0.19870521 0.31748246 0.20104749 0.31792179 0.20295043 0.31645817 0.20529271 0.31689761 0.20719614
0 0.40546309 0.18273993 0.40590242 0.18464288 0.40443892 0.18698564 0.40487824 0.18888858 0.40341414 0.19123097 0.40385358 0.19313440 0.40238997 0.19547667 0.40282930 0.19737962 0.40136568 0.19972189 0.40180501 0.20162484 0.40034102 0.20396771 0.40078035 0.20587066 0.39931674 0.20821293 0.39975618 0.21011636 0.39829256 0.21245864 0.39873189 0.21436158 0.39726828 0.21670386 0.39770761 0.21860680 0.39624410 0.22094956 0.39712276 0.22475545 0.39902571 0.22431612 0.40136809 0.22578022 0.40327104 0.22534089 0.40561331 0.22680451 0.40941969 0.22592574 0.41410472 0.22885286 0.41600767 0.22841353 0.41834994 0.22987714 0.42025289 0.22943781 0.42259528 0.23090192 0.42405927 0.22855904 0.42361994 0.22665610 0.42508355 0.22431382 0.42464422 0.22241088 0.42610784 0.22006860 0.42566839 0.21816517 0.42713250 0.21582279 0.42669317 0.21391984 0.42815667 0.21157708 0.42727801 0.20777119 0.42874163 0.20542892 0.42830230 0.20352597 0.42976580 0.20118321 0.42932647 0.19928026 0.43079009 0.19693799 0.43035064 0.19503456 0.43181475 0.19269217 0.43137542 0.19078923 0.43283903 0.18844695 0.43239971 0.18654401 0.43386321 0.18420125 0.43342388 0.18229830 0.43488798 0.17995592 0.43444854 0.17805248 0.43591215 0.17571021 0.43547282 0.17380727 0.43313055 0.17234365 0.43122712 0.17278309 0.42888484 0.17131948 0.42507847 0.17219825 0.42273608 0.17073414 0.42083314 0.17117347 0.41849086 0.16970986 0.41658792 0.17014919 0.41424516 0.16868569 0.41234221 0.16912502 0.40999982 0.16766091 0.40809639 0.16810035 0.40897516 0.17190673 0.40751155 0.17424901 0.40795099 0.17615244 0.40648737 0.17849471 0.40692671 0.18039766 0.40546309 0.18273993
0 0.28243874 0.29882812 0.28352832 0.29708443 0.28308899 0.29518148 0.28455298 0.29283861 0.28411365 0.29093566 0.28557727 0.28859339 0.28513794 0.28669044 0.28660156 0.28434817 0.28616212 0.28244474 0.28762573 0.28010246 0.28674696 0.27629609 0.28821057 0.27395381 0.28777124 0.27205087 0.28923535 0.26970848 0.28879602 0.26780554 0.29025952 0.26546278 0.28938086 0.26165689 0.28747792 0.26209621 0.28513504 0.26063222 0.28323210 0.26107155 0.28088982 0.25960794 0.28045049 0.25770499 0.28191411 0.25536272 0.28381705 0.25492339 0.28615982 0.25638689 0.28806276 0.25594756 0.29040504 0.25741118 0.29230847 0.25697174 0.29377208 0.25462946 0.29289342 0.25082357 0.29435693 0.24848081 0.29391760 0.24657787 0.29538121 0.24423559 0.29494177 0.24233216 0.29640538 0.23998989 0.29596606 0.23808694 0.29743016 0.23574456 0.29699083 0.23384161 0.29845433 0.23149885 0.29757567 0.22769296 0.29903918 0.22535020 0.29859985 0.22344726 0.30006395 0.22110487 0.29962462 0.21920192 0.30108823 0.21685965 0.30064879 0.21495622 0.30211241 0.21261394 0.30167308 0.21071100 0.30313658 0.20836824 0.30225792 0.20456235 0.30372154 0.20222007 0.30328221 0.20031713 0.30474620 0.19797426 0.30430687 0.19607131 0.30577048 0.19372904 0.30489171 0.18992266 0.30298877 0.19036199 0.30064601 0.18889849 0.29684012 0.18977714 0.29727945 0.19168009 0.29581583 0.19402236 0.29625527 0.19592580 0.29479166 0.19826807 0.29523099 0.20017102 0.29376700 0.20251389 0.29142461 0.20104979 0.29054595 0.19724390 0.28820357 0.19577979 0.28630013 0.19621924 0.28483663 0.19856200 0.28527596 0.20046494 0.28381235 0.20280722 0.28425179 0.20471065 0.28278817 0.20705292 0.28322750 0.20895587 0.28176389 0.21129814 0.28220321 0.21320109 0.28073923 0.21554396 0.28117855 0.21744690 0.27971494 0.21978918 0.28059371 0.22359555 0.27913010 0.22593783 0.27956943 0.22784077 0.27810532 0.23018316 0.27854476 0.23208659 0.27708115 0.23442887 0.27752048 0.23633181 0.27605698 0.23867457 0.27649630 0.24057752 0.27503269 0.24291979 0.27547202 0.24482274 0.27400840 0.24716501 0.27444785 0.24906844 0.27298374 0.25141083 0.27386251 0.25521721 0.27239890 0.25755948 0.27283823 0.25946242 0.27137461 0.26180470 0.27181394 0.26370764 0.27034995 0.26605052 0.27078928 0.26795346 0.26932567 0.27029574 0.26976511 0.27219917 0.26830149 0.27454144 0.26874082 0.27644439 0.26727721 0.27878666 0.26815598 0.28259304 0.26669236 0.28493531 0.26713169 0.28683826 0.26566770 0.28918113 0.26610703 0.29108408 0.26464342 0.29342635 0.26508275 0.29532929 0.26361913 0.29767157 0.26388614 0.29882812 0.28243874 0.29882812
0 0.24985451 0.29882812 0.24941888 0.29694121 0.25088250 0.29459894 0.25044317 0.29269599 0.25190716 0.29035312 0.25146783 0.28845017 0.25293145 0.28610790 0.25249200 0.28420447 0.25395562 0.28186219 0.25351629 0.27995925 0.25497991 0.27761697 0.25410113 0.27381060 0.25556475 0.27146832 0.25512542 0.26956538 0.25658941 0.26722250 0.25615008 0.26531956 0.25761370 0.26297729 0.25717437 0.26107434 0.25863798 0.25873207 0.25819854 0.25682863 0.25966264 0.25448625 0.25922331 0.25258330 0.26068682 0.25024054 0.26024749 0.24833760 0.26171110 0.24599532 0.26127177 0.24409238 0.26273539 0.24175010 0.26229595 0.23984667 0.26375956 0.23750440 0.26288079 0.23369802 0.26434489 0.23135563 0.26390556 0.22945269 0.26536918 0.22711042 0.26492985 0.22520747 0.26639335 0.22286471 0.26595402 0.22096177 0.26741813 0.21861938 0.26697868 0.21671595 0.26844230 0.21437367 0.26800297 0.21247073 0.26946658 0.21012845 0.26902726 0.20822551 0.27049076 0.20588275 0.27005143 0.20397980 0.27151504 0.20163753 0.27107560 0.19973410 0.27253971 0.19739171 0.27122172 0.19168288 0.26741534 0.19256165 0.26785467 0.19446459 0.26639105 0.19680687 0.26726971 0.20061276 0.26580621 0.20295552 0.26624554 0.20485846 0.26478192 0.20720073 0.26522137 0.20910417 0.26375726 0.21144655 0.26419659 0.21334950 0.26273298 0.21569177 0.26317231 0.21759472 0.26170880 0.21993748 0.26214813 0.22184042 0.26068403 0.22418281 0.26112347 0.22608624 0.25965986 0.22842852 0.26009919 0.23033146 0.25863557 0.23267373 0.25951434 0.23648011 0.25805073 0.23882239 0.25849006 0.24072533 0.25702655 0.24306809 0.25746588 0.24497104 0.25600178 0.24731342 0.25644111 0.24921637 0.25497749 0.25155864 0.25541694 0.25346207 0.25395332 0.25580435 0.25439265 0.25770729 0.25292866 0.26005017 0.25336799 0.26195311 0.25190438 0.26429538 0.25234371 0.26619833 0.25088009 0.26854061 0.25175886 0.27234698 0.25029524 0.27468926 0.25073469 0.27659269 0.24927107 0.27893496 0.24971040 0.28083791 0.24824630 0.28318029 0.24868563 0.28508324 0.24722212 0.28742600 0.24766146 0.28932894 0.24619784 0.29167122 0.24663728 0.29357465 0.24517318 0.29591704 0.24561251 0.29781998 0.24498255 0.29882812 0.24985451 0.29882812
0 0.22544066 0.29882812 0.22570343 0.29840761 0.22526399 0.29650418 0.22672760 0.29416190 0.22628827 0.29225896 0.22775177 0.28991620 0.22731245 0.28801325 0.22877655 0.28567087 0.22789789 0.28186498 0.22936139 0.27952222 0.22892206 0.27761927 0.23038568 0.27527700 0.22994624 0.27337357 0.23141034 0.27103118 0.23097101 0.26912823 0.23243462 0.26678596 0.23199529 0.26488302 0.23345880 0.26254025 0.23301947 0.26063731 0.23448308 0.25829504 0.23404364 0.25639160 0.23550726 0.25404933 0.23462860 0.25024344 0.23609270 0.24790105 0.23565326 0.24599762 0.23711687 0.24365535 0.23667754 0.24175240 0.23814105 0.23940964 0.23770172 0.23750670 0.23916582 0.23516431 0.23872649 0.23326137 0.24019011 0.23091909 0.23975066 0.22901566 0.24121428 0.22667338 0.24077495 0.22477044 0.24223845 0.22242768 0.24135979 0.21862179 0.24282341 0.21627952 0.24238408 0.21437657 0.24384807 0.21203370 0.24340874 0.21013075 0.24487236 0.20778848 0.24443291 0.20588504 0.24589653 0.20354277 0.24545720 0.20163983 0.24692130 0.19929744 0.24648197 0.19739450 0.24794548 0.19505173 0.24750615 0.19314879 0.24896976 0.19080652 0.24809099 0.18700014 0.24955461 0.18465786 0.24911528 0.18275492 0.24721233 0.18319425 0.24487006 0.18173063 0.23916074 0.18304873 0.23960007 0.18495168 0.23813645 0.18729395 0.23901511 0.19109984 0.23755112 0.19344272 0.23799045 0.19534566 0.23652683 0.19768794 0.23696628 0.19959137 0.23550266 0.20193364 0.23594199 0.20383659 0.23447837 0.20617886 0.23491770 0.20808180 0.23345420 0.21042457 0.23389353 0.21232751 0.23242943 0.21466990 0.23330820 0.21847627 0.23184458 0.22081855 0.23228391 0.22272149 0.23082030 0.22506377 0.23125974 0.22696720 0.22979564 0.22930959 0.23023497 0.23121253 0.22877146 0.23355529 0.22921079 0.23545824 0.22774718 0.23780051 0.22862584 0.24160640 0.22716233 0.24394916 0.22760166 0.24585211 0.22613805 0.24819438 0.22657749 0.25009781 0.22511339 0.25244020 0.22555272 0.25434314 0.22408910 0.25668542 0.22452843 0.25858836 0.22306493 0.26093112 0.22394359 0.26473701 0.22247960 0.26707989 0.22291893 0.26898283 0.22145531 0.27132511 0.22189464 0.27322805 0.22043103 0.27557032 0.22087047 0.27747376 0.21940685 0.27981603 0.21984618 0.28171898 0.21838268 0.28406174 0.21882201 0.28596468 0.21735790 0.28830707 0.21823656 0.29211296 0.21677306 0.29445572 0.21721239 0.29635866 0.21574878 0.29870094 0.21577814 0.29882812 0.22544066 0.29882812
0 0.13359324 0.29882812 0.13332916 0.29768426 0.13479315 0.29534138 0.13435382 0.29343844 0.13581744 0.29109617 0.13537811 0.28919322 0.13303583 0.28772961 0.13596295 0.28304457 0.13508418 0.27923820 0.13654828 0.27689581 0.13845123 0.27645648 0.13801190 0.27455353 0.13947552 0.27221126 0.13815741 0.26650194 0.13962103 0.26415966 0.14152397 0.26372033 0.14064520 0.25991396 0.14210930 0.25757157 0.14166998 0.25566863 0.14459709 0.25098359 0.14371844 0.24717770 0.14518243 0.24483483 0.14474310 0.24293188 0.14620671 0.24058961 0.14576738 0.23868666 0.14723100 0.23634439 0.14679155 0.23444096 0.14825517 0.23209868 0.14737640 0.22829231 0.14884001 0.22595003 0.14840069 0.22404709 0.14986479 0.22170470 0.14942546 0.21980176 0.15088896 0.21745900 0.15044963 0.21555605 0.15191325 0.21321378 0.15001030 0.21365311 0.14766792 0.21218900 0.14576448 0.21262845 0.14342221 0.21116483 0.14151927 0.21160416 0.13917699 0.21014054 0.13537061 0.21101932 0.13302834 0.20955570 0.13112539 0.20999503 0.12878263 0.20853153 0.12687969 0.20897086 0.12775835 0.21277675 0.12629473 0.21511902 0.12673406 0.21702196 0.12527056 0.21936473 0.12570989 0.22126767 0.12424627 0.22360995 0.12468571 0.22551338 0.12322161 0.22785576 0.12366094 0.22975871 0.12219733 0.23210098 0.12263666 0.23400393 0.12117315 0.23634669 0.12161248 0.23824963 0.12351543 0.23781030 0.12585770 0.23927392 0.12439420 0.24161668 0.12058782 0.24249545 0.12102715 0.24439840 0.11956354 0.24674067 0.12000287 0.24864362 0.11853925 0.25098589 0.11897869 0.25288932 0.11751508 0.25523160 0.11795441 0.25713454 0.11649090 0.25947730 0.11883318 0.26094092 0.11736956 0.26328319 0.11546613 0.26372263 0.11590546 0.26562558 0.11444184 0.26796785 0.11532062 0.27177423 0.11385700 0.27411650 0.11429644 0.27601994 0.11283234 0.27836232 0.11371100 0.28216821 0.11078388 0.28685325 0.11122321 0.28875619 0.10975959 0.29109846 0.11019904 0.29300190 0.10873542 0.29534417 0.10917475 0.29724712 0.10818654 0.29882812 0.13359324 0.29882812
0 0.20915520 0.29882812 0.20960012 0.29811609 0.20916079 0.29621315 0.21062430 0.29387039 0.21018497 0.29196744 0.21164858 0.28962517 0.21120925 0.28772222 0.21267336 0.28537984 0.21223391 0.28347641 0.21369753 0.28113413 0.21325820 0.27923119 0.21472170 0.27688843 0.21384304 0.27308254 0.21530715 0.27074015 0.21486782 0.26883721 0.21633132 0.26649444 0.21589199 0.26459150 0.21735561 0.26224922 0.21691616 0.26034579 0.21837978 0.25800352 0.21794045 0.25610057 0.21940407 0.25375830 0.21896474 0.25185536 0.22042873 0.24951248 0.21998940 0.24760954 0.22145301 0.24526726 0.22057424 0.24146088 0.22203786 0.23911861 0.22159853 0.23721567 0.22306263 0.23487328 0.22262319 0.23296985 0.22408680 0.23062757 0.22364747 0.22872463 0.22511098 0.22638187 0.22467165 0.22447892 0.22613526 0.22213665 0.22569593 0.22023371 0.22715955 0.21789143 0.22672011 0.21598800 0.22818421 0.21364561 0.22774488 0.21174267 0.22920838 0.20939991 0.22876905 0.20749696 0.23023267 0.20515469 0.22979334 0.20325174 0.23125744 0.20090936 0.23081800 0.19900592 0.23228162 0.19666365 0.23140284 0.19285727 0.23286646 0.19051500 0.23242713 0.18861205 0.23389074 0.18626978 0.23345141 0.18436683 0.23491492 0.18202407 0.23447559 0.18012113 0.23257264 0.18056046 0.23023037 0.17909684 0.22832743 0.17953617 0.22876675 0.18143912 0.22730314 0.18378139 0.22774258 0.18568482 0.22627848 0.18802721 0.22671781 0.18993015 0.22525419 0.19227243 0.22569352 0.19417537 0.22423002 0.19651813 0.22466935 0.19842108 0.22320525 0.20076347 0.22364469 0.20266690 0.22218107 0.20500917 0.22305973 0.20881506 0.22159612 0.21115734 0.22203556 0.21306077 0.22057194 0.21540304 0.22101127 0.21730599 0.21954777 0.21964875 0.21998710 0.22155169 0.21852300 0.22389408 0.21896233 0.22579702 0.21749871 0.22813930 0.21793815 0.23004273 0.21647454 0.23238500 0.21691387 0.23428795 0.21544988 0.23663082 0.21588921 0.23853377 0.21442559 0.24087604 0.21530425 0.24468193 0.21384075 0.24702469 0.21428008 0.24892764 0.21281646 0.25126991 0.21325590 0.25317334 0.21179229 0.25551562 0.21223162 0.25741856 0.21076751 0.25976095 0.21120684 0.26166389 0.20974334 0.26400665 0.21018267 0.26590960 0.20871905 0.26825187 0.20959783 0.27205825 0.20813372 0.27440064 0.20857305 0.27630358 0.20710944 0.27864586 0.20754888 0.28054929 0.20608526 0.28289156 0.20652459 0.28479451 0.20506109 0.28713727 0.20550042 0.28904021 0.20403680 0.29138249 0.20447613 0.29328543 0.20301203 0.29562782 0.20345147 0.29753125 0.20264110 0.29882812 0.20915520 0.29882812
0 0.09751250 0.29882812 0.09731678 0.29798037 0.09878039 0.29563810 0.09790162 0.29183172 0.09936524 0.28948945 0.09892579 0.28758602 0.10038990 0.28524363 0.09951124 0.28143774 0.10243836 0.27675271 0.10199903 0.27484976 0.10346313 0.27250737 0.10302369 0.27060394 0.10448730 0.26826167 0.10404797 0.26635872 0.10551159 0.26401645 0.10463282 0.26021007 0.10756005 0.25552552 0.10712061 0.25362209 0.10858471 0.25127971 0.10814538 0.24937676 0.10624195 0.24981620 0.10389967 0.24835259 0.10536329 0.24601031 0.10916967 0.24513154 0.10873022 0.24322811 0.11019384 0.24088583 0.10975451 0.23898289 0.11121850 0.23664002 0.11077917 0.23473707 0.11224279 0.23239480 0.11180346 0.23049185 0.11326707 0.22814958 0.11092469 0.22668548 0.11385192 0.22200093 0.11341247 0.22009750 0.11487609 0.21775522 0.11253382 0.21629161 0.11399743 0.21394933 0.11590086 0.21350989 0.11502209 0.20970351 0.11648571 0.20736124 0.11604638 0.20545829 0.11414343 0.20589762 0.11180056 0.20443363 0.10989762 0.20487296 0.10755534 0.20340935 0.10565239 0.20384868 0.10331012 0.20238506 0.09950374 0.20326383 0.09716147 0.20180022 0.09525804 0.20223966 0.09291576 0.20077604 0.09379442 0.20458193 0.09233081 0.20692421 0.09277014 0.20882715 0.09511252 0.21029126 0.09364891 0.21263353 0.09174596 0.21307286 0.09218529 0.21497580 0.09072179 0.21731856 0.09160045 0.22112446 0.08867273 0.22580912 0.08911217 0.22771255 0.08764856 0.23005482 0.08999083 0.23151844 0.08852733 0.23386120 0.08662390 0.23430064 0.08706323 0.23620358 0.08559961 0.23854586 0.08603894 0.24044880 0.08838121 0.24191242 0.08691771 0.24425518 0.08501477 0.24469451 0.08355115 0.24703678 0.08399048 0.24893973 0.08252698 0.25128249 0.08340564 0.25508838 0.08194154 0.25743077 0.08238087 0.25933371 0.08091736 0.26167647 0.08135669 0.26357942 0.07989308 0.26592169 0.08033252 0.26782512 0.07886841 0.27016751 0.07974707 0.27397340 0.07828346 0.27631567 0.07872290 0.27821911 0.07725929 0.28056138 0.07769862 0.28246432 0.07623511 0.28480709 0.07813806 0.28436776 0.08048033 0.28583137 0.07901671 0.28817364 0.07521083 0.28905230 0.07565015 0.29095525 0.07418605 0.29329763 0.07462549 0.29520107 0.07652893 0.29476163 0.07887120 0.29622524 0.08077414 0.29578591 0.08311642 0.29724953 0.08213028 0.29882812 0.09751250 0.29882812
0 0.18170125 0.29882812 0.18163885 0.29855783 0.18310295 0.29621545 0.18266362 0.29431250 0.18412724 0.29197023 0.18368779 0.29006680 0.18515141 0.28772452 0.18471208 0.28582158 0.18617607 0.28347871 0.18529741 0.27967281 0.18676103 0.27733054 0.18632170 0.27542760 0.18778520 0.27308483 0.18734587 0.27118189 0.18880949 0.26883962 0.18837004 0.26693618 0.18983366 0.26459391 0.18939433 0.26269096 0.19085843 0.26034858 0.19041910 0.25844563 0.19188261 0.25610287 0.19144328 0.25419993 0.19290689 0.25185765 0.19246745 0.24995422 0.19393155 0.24761183 0.19305289 0.24380595 0.19451651 0.24146367 0.19407707 0.23956024 0.19554068 0.23721796 0.19510135 0.23531502 0.19656486 0.23297226 0.19612553 0.23106931 0.19758914 0.22872704 0.19671048 0.22492115 0.19817447 0.22257828 0.19773514 0.22067533 0.19919876 0.21833306 0.19875932 0.21642963 0.20022293 0.21408735 0.19978360 0.21218441 0.20124771 0.20984202 0.20036894 0.20603564 0.20183255 0.20369337 0.20139322 0.20179043 0.20285672 0.19944766 0.20241739 0.19754472 0.20388101 0.19520245 0.20344168 0.19329950 0.20490529 0.19095723 0.20402652 0.18715085 0.20549063 0.18480846 0.20505118 0.18290503 0.20651480 0.18056276 0.20607547 0.17865981 0.20753909 0.17631754 0.20709976 0.17441459 0.20519681 0.17485392 0.20285443 0.17338982 0.20095099 0.17382926 0.20182976 0.17763564 0.20036615 0.17997791 0.20080548 0.18188086 0.19934186 0.18422313 0.19978130 0.18612656 0.19831769 0.18846884 0.19875702 0.19037178 0.19729352 0.19271454 0.19773285 0.19461749 0.19626874 0.19695988 0.19670807 0.19886282 0.19524446 0.20120509 0.19568390 0.20310853 0.19422028 0.20545080 0.19509905 0.20925718 0.19363495 0.21159956 0.19407428 0.21350251 0.19261067 0.21584478 0.19305000 0.21774773 0.19158649 0.22009049 0.19202582 0.22199343 0.19056221 0.22433571 0.19100165 0.22623914 0.18953803 0.22858141 0.18997736 0.23048436 0.18851326 0.23282674 0.18939203 0.23663312 0.18792842 0.23897539 0.18836775 0.24087834 0.18690424 0.24322110 0.18734357 0.24512405 0.18587947 0.24746643 0.18631880 0.24936938 0.18485518 0.25171165 0.18529463 0.25361508 0.18383101 0.25595736 0.18427034 0.25786030 0.18280684 0.26020306 0.18368550 0.26400895 0.18222188 0.26635123 0.18266121 0.26825417 0.18119722 0.27059704 0.18163655 0.27249999 0.18017293 0.27484227 0.18061238 0.27674570 0.17914876 0.27908797 0.17958809 0.28099092 0.17812399 0.28333330 0.17856332 0.28523625 0.17709981 0.28757901 0.17797847 0.29138490 0.17651497 0.29372766 0.17695430 0.29563060 0.17549068 0.29797288 0.17568813 0.29882812 0.18170125 0.29882812
0 0.38013330 0.14248414 0.38101208 0.14629052 0.38291502 0.14585119 0.38525729 0.14731480 0.38716024 0.14687547 0.38950312 0.14833946 0.39140606 0.14790013 0.39374833 0.14936375 0.39565177 0.14892430 0.39799404 0.15038792 0.39989698 0.14994859 0.40223926 0.15141221 0.40604563 0.15053344 0.40750925 0.14819116 0.40663059 0.14438527 0.40809409 0.14204251 0.40765477 0.14013957 0.40911887 0.13779718 0.40824010 0.13399080 0.40633666 0.13443024 0.40399439 0.13296663 0.40209145 0.13340596 0.39974868 0.13194246 0.39594279 0.13282112 0.39360052 0.13135750 0.39169758 0.13179683 0.38935470 0.13033284 0.38745176 0.13077217 0.38510948 0.12930855 0.38320605 0.12974799 0.38364538 0.13165094 0.38218188 0.13399370 0.38262121 0.13589664 0.38115759 0.13823892 0.38159692 0.14014186 0.38013330 0.14248414
0 0.16967451 0.29882812 0.16934203 0.29738803 0.17080565 0.29504576 0.17036621 0.29314233 0.17183031 0.29079994 0.17139098 0.28889700 0.17285448 0.28655423 0.17197582 0.28274835 0.17343944 0.28040607 0.17300011 0.27850313 0.17446361 0.27616037 0.17402428 0.27425742 0.17548790 0.27191515 0.17504846 0.27001171 0.17651256 0.26766933 0.17607323 0.26576638 0.17753685 0.26342411 0.17709752 0.26152116 0.17856102 0.25917840 0.17812169 0.25727546 0.17958579 0.25493307 0.17870702 0.25112670 0.18017064 0.24878442 0.17973131 0.24688148 0.18119492 0.24453920 0.18075548 0.24263577 0.18221910 0.24029350 0.18177977 0.23839055 0.18324327 0.23604779 0.18280394 0.23414485 0.18426804 0.23180246 0.18382871 0.22989951 0.18529233 0.22755724 0.18485289 0.22565381 0.18631650 0.22331153 0.18543773 0.21950516 0.18690183 0.21716277 0.18646250 0.21525983 0.18792612 0.21291755 0.18748679 0.21101461 0.18895029 0.20867185 0.18851096 0.20676890 0.18997458 0.20442663 0.18953514 0.20252320 0.19099875 0.20018092 0.19055942 0.19827798 0.19202352 0.19593559 0.19158420 0.19403264 0.19304770 0.19168988 0.19216904 0.18788399 0.19363254 0.18554123 0.19319321 0.18363829 0.19465731 0.18129590 0.19421799 0.17939296 0.19568160 0.17705068 0.19524216 0.17514725 0.19670577 0.17280498 0.19436350 0.17134136 0.18675123 0.17309879 0.18719056 0.17500174 0.18572646 0.17734412 0.18616590 0.17924755 0.18470229 0.18158983 0.18558095 0.18539572 0.18411733 0.18773799 0.18455677 0.18964142 0.18309316 0.19198370 0.18353249 0.19388664 0.18206898 0.19622940 0.18250831 0.19813235 0.18104421 0.20047473 0.18148354 0.20237768 0.18001993 0.20471995 0.18045937 0.20662339 0.17899575 0.20896566 0.17987452 0.21277204 0.17841042 0.21511442 0.17884975 0.21701737 0.17738613 0.21935964 0.17782546 0.22126259 0.17636196 0.22360535 0.17680129 0.22550829 0.17533768 0.22785057 0.17577712 0.22975400 0.17431350 0.23209627 0.17519216 0.23590216 0.17372806 0.23824455 0.17416750 0.24014798 0.17270388 0.24249026 0.17314321 0.24439320 0.17167971 0.24673596 0.17211904 0.24863891 0.17065494 0.25098129 0.17109427 0.25288424 0.16963065 0.25522651 0.17007009 0.25712994 0.16860648 0.25947222 0.16948525 0.26327859 0.16802163 0.26562087 0.16846096 0.26752381 0.16699735 0.26986609 0.16743668 0.27176903 0.16597269 0.27411191 0.16641202 0.27601485 0.16494840 0.27835712 0.16538784 0.28026056 0.16392423 0.28260283 0.16436356 0.28450578 0.16289946 0.28684816 0.16377823 0.29065454 0.16231461 0.29299681 0.16275394 0.29489976 0.16129044 0.29724252 0.16165650 0.29882812 0.16967451 0.29882812
0 0.43945312 0.08403951 0.43897789 0.08480005 0.43941722 0.08670299 0.43795323 0.08904587 0.43839256 0.09094881 0.43692895 0.09329108 0.43780760 0.09709697 0.43634410 0.09943973 0.43678343 0.10134268 0.43531981 0.10368496 0.43575926 0.10558839 0.43429564 0.10793066 0.43473497 0.10983361 0.43327087 0.11217599 0.43371020 0.11407894 0.43224670 0.11642170 0.43268602 0.11832464 0.43122241 0.12066692 0.43166185 0.12257035 0.43019775 0.12491273 0.43063708 0.12681568 0.42917346 0.12915795 0.42961279 0.13106090 0.42814929 0.13340366 0.42858862 0.13530661 0.42712500 0.13764888 0.42756445 0.13955231 0.42610083 0.14189459 0.42654016 0.14379753 0.42507606 0.14613992 0.42551539 0.14804286 0.42405188 0.15038562 0.42493054 0.15419151 0.42683349 0.15375218 0.42917636 0.15521617 0.43107930 0.15477684 0.43342158 0.15624046 0.43532452 0.15580113 0.43766680 0.15726474 0.43945312 0.15685234 0.43945312 0.08403951
0 0.03757395 0.14339507 0.03611033 0.14573735 0.03420690 0.14617679 0.03508567 0.14998317 0.03362215 0.15232542 0.03406148 0.15422836 0.03259777 0.15657066 0.03303710 0.15847361 0.03157350 0.16081639 0.03201283 0.16271933 0.03054907 0.16506164 0.03142784 0.16886802 0.02850037 0.17355262 0.02937913 0.17735900 0.02791542 0.17970129 0.02835475 0.18160424 0.03069724 0.18306832 0.03260028 0.18262897 0.03494270 0.18409255 0.03684579 0.18365319 0.03918816 0.18511678 0.04299405 0.18423812 0.04533681 0.18570162 0.04723976 0.18526229 0.04958203 0.18672591 0.05148546 0.18628647 0.05382785 0.18775057 0.05573079 0.18731124 0.05807307 0.18877486 0.05997601 0.18833553 0.06231878 0.18979903 0.06187945 0.18789608 0.06334306 0.18555381 0.06290362 0.18365038 0.06436723 0.18130811 0.06392790 0.17940516 0.06158563 0.17794154 0.06304925 0.17559927 0.06495268 0.17515983 0.06451324 0.17325640 0.06597685 0.17091412 0.06553752 0.16901118 0.06700102 0.16666842 0.06656170 0.16476547 0.06802531 0.16242320 0.06758598 0.16052025 0.06904960 0.15817798 0.06861015 0.15627455 0.07007426 0.15393216 0.06773150 0.15246866 0.07065910 0.14778351 0.07021977 0.14588056 0.07168339 0.14353829 0.07124406 0.14163535 0.07270805 0.13929247 0.07036529 0.13782897 0.06846234 0.13826830 0.06612007 0.13680468 0.06421663 0.13724412 0.06187425 0.13578002 0.05997130 0.13621935 0.05762903 0.13475574 0.05572609 0.13519507 0.05338332 0.13373156 0.04957743 0.13461022 0.04723467 0.13314672 0.04533173 0.13358605 0.04298945 0.13212243 0.04108651 0.13256176 0.03874412 0.13109766 0.03728013 0.13344053 0.03771946 0.13534348 0.03625585 0.13768575 0.03669518 0.13958870 0.03523156 0.14193097 0.03757395 0.14339507
0 0.33225557 0.06534009 0.33079195 0.06768236 0.33123128 0.06958531 0.32976767 0.07192758 0.33020700 0.07383053 0.32874301 0.07617340 0.32918233 0.07807635 0.32771872 0.08041862 0.32815816 0.08232205 0.32669454 0.08466433 0.32757321 0.08847021 0.32610910 0.09081260 0.32654854 0.09271603 0.32508493 0.09505831 0.32552426 0.09696125 0.32406076 0.09930401 0.32450008 0.10120696 0.32303647 0.10354923 0.32347580 0.10545218 0.32201218 0.10779445 0.32289096 0.11160083 0.32142685 0.11394321 0.32186629 0.11584665 0.32040268 0.11818892 0.32084201 0.12009187 0.31937839 0.12243414 0.31981772 0.12433708 0.31835373 0.12667996 0.31879306 0.12858290 0.31732945 0.13092518 0.31776889 0.13282861 0.31630527 0.13517088 0.31718393 0.13897677 0.31572032 0.14131905 0.31615976 0.14322248 0.31469614 0.14556475 0.31659909 0.14512542 0.31894136 0.14658904 0.32084431 0.14614971 0.32318669 0.14761381 0.32509013 0.14717437 0.32743240 0.14863798 0.33123878 0.14775921 0.33358105 0.14922283 0.33548399 0.14878350 0.33782627 0.15024712 0.33972921 0.14980779 0.34207197 0.15127129 0.34397492 0.15083196 0.34353559 0.14892901 0.34499921 0.14658674 0.34455988 0.14468379 0.34602398 0.14234141 0.34558454 0.14043798 0.34704815 0.13809570 0.34660882 0.13619276 0.34807233 0.13385000 0.34763300 0.13194705 0.34909661 0.12960478 0.34865728 0.12770183 0.35012090 0.12535956 0.34968146 0.12345613 0.35114556 0.12111374 0.35070623 0.11921080 0.35216973 0.11686804 0.35129107 0.11306214 0.35275469 0.11071987 0.35231536 0.10881693 0.35377935 0.10647405 0.35334002 0.10457111 0.35480363 0.10222883 0.35436419 0.10032540 0.35582781 0.09798313 0.35538848 0.09608018 0.35685209 0.09373791 0.35641276 0.09183496 0.35787627 0.08949220 0.35743694 0.08758926 0.35890104 0.08524687 0.35846160 0.08334344 0.35992521 0.08100117 0.35904655 0.07719528 0.36051017 0.07485300 0.36007073 0.07294957 0.36153483 0.07060718 0.36109550 0.06870424 0.36255900 0.06636148 0.36211968 0.06445853 0.36358329 0.06211626 0.36270463 0.05831037 0.36080169 0.05874970 0.35845930 0.05728560 0.35655587 0.05772504 0.35421359 0.05626142 0.35231065 0.05670075 0.34996789 0.05523725 0.34806494 0.05567658 0.34572256 0.05421247 0.34191667 0.05509113 0.33957391 0.05362763 0.33767096 0.05406696 0.33532869 0.05260335 0.33386458 0.05494573 0.33430391 0.05684868 0.33284041 0.05919144 0.33327974 0.06109438 0.33181613 0.06343666 0.33225557 0.06534009
0 0.20196827 0.09141002 0.20240760 0.09331297 0.20094410 0.09565573 0.20138343 0.09755868 0.19991932 0.09990106 0.20035865 0.10180401 0.19889504 0.10414628 0.19933448 0.10604971 0.19787087 0.10839199 0.19831020 0.11029493 0.19684669 0.11263769 0.19728602 0.11454064 0.19582241 0.11688291 0.19626174 0.11878586 0.19479763 0.12112824 0.19523707 0.12303168 0.19377346 0.12537395 0.19421279 0.12727689 0.19274929 0.12961965 0.19318862 0.13152260 0.19553089 0.13298621 0.19743383 0.13254688 0.19977660 0.13401039 0.20167954 0.13357106 0.20402181 0.13503467 0.20592476 0.13459535 0.20826715 0.13605945 0.21017058 0.13562001 0.21251285 0.13708362 0.21631923 0.13620485 0.21544046 0.13239847 0.21690407 0.13005620 0.21646474 0.12815325 0.21792836 0.12581098 0.21748903 0.12390804 0.21895253 0.12156527 0.21851320 0.11966233 0.21997682 0.11732005 0.21953738 0.11541662 0.22100148 0.11307424 0.22012282 0.10926835 0.22158644 0.10692607 0.22114699 0.10502264 0.22261061 0.10268037 0.22217128 0.10077742 0.22363527 0.09843455 0.22319594 0.09653160 0.22465955 0.09418933 0.22422023 0.09228638 0.22568384 0.08994411 0.22524440 0.08804068 0.22670801 0.08569840 0.22582924 0.08189203 0.22392630 0.08233136 0.22158403 0.08086774 0.21968108 0.08130707 0.21733832 0.07984357 0.21543537 0.08028290 0.21309310 0.07881928 0.21118967 0.07925872 0.20884739 0.07779511 0.20504150 0.07867377 0.20548083 0.08057671 0.20401722 0.08291899 0.20445655 0.08482193 0.20299245 0.08716432 0.20343189 0.08906775 0.20196827 0.09141002
0 0.25203309 0.07383802 0.25056947 0.07618029 0.25144824 0.07998667 0.24998414 0.08232906 0.25042358 0.08423249 0.24895997 0.08657477 0.24939930 0.08847771 0.24793568 0.09081998 0.24837501 0.09272293 0.24691102 0.09506580 0.24735035 0.09696875 0.24588674 0.09931102 0.24632618 0.10121445 0.24486256 0.10355673 0.24574122 0.10736262 0.24427761 0.10970489 0.24471705 0.11160832 0.24325343 0.11395060 0.24369276 0.11585354 0.24222877 0.11819642 0.24266810 0.12009936 0.24120449 0.12244163 0.24164382 0.12434458 0.24018020 0.12668685 0.24105897 0.13049323 0.23959487 0.13283562 0.24003431 0.13473905 0.23857070 0.13708132 0.23901003 0.13898427 0.23754641 0.14132654 0.23798574 0.14322949 0.24032813 0.14469359 0.24413450 0.14381482 0.24647678 0.14527843 0.24837972 0.14483910 0.25072248 0.14630261 0.25262543 0.14586328 0.25496781 0.14732738 0.26067713 0.14600928 0.26023769 0.14410585 0.26170131 0.14176357 0.26126198 0.13986063 0.26272548 0.13751787 0.26184682 0.13371198 0.26331093 0.13136959 0.26287160 0.12946665 0.26433510 0.12712388 0.26389577 0.12522094 0.26535938 0.12287867 0.26491994 0.12097523 0.26638356 0.11863296 0.26594423 0.11673002 0.26740785 0.11438774 0.26696852 0.11248479 0.26843251 0.11014192 0.26799318 0.10823898 0.26945679 0.10589670 0.26901735 0.10399327 0.27048096 0.10165100 0.27004163 0.09974805 0.27150574 0.09740567 0.27106641 0.09550272 0.27252991 0.09315996 0.27209058 0.09125702 0.27355420 0.08891474 0.27311476 0.08701131 0.27457837 0.08466904 0.27413904 0.08276609 0.27560266 0.08042382 0.27516333 0.07852087 0.27662732 0.07617800 0.27618799 0.07427505 0.27765160 0.07193278 0.27633350 0.06622346 0.27443056 0.06666279 0.27208780 0.06519928 0.27018485 0.06563861 0.26784258 0.06417500 0.26593963 0.06461433 0.26359725 0.06315022 0.26169381 0.06358967 0.25935154 0.06212605 0.25744860 0.06256538 0.25510583 0.06110188 0.25364222 0.06344415 0.25408155 0.06534710 0.25261804 0.06768986 0.25305737 0.06959280 0.25159376 0.07193508 0.25203309 0.07383802
0 0.29638870 0.05758461 0.29492508 0.05992688 0.29580374 0.06373277 0.29433964 0.06607516 0.29477908 0.06797859 0.29331546 0.07032086 0.29375479 0.07222381 0.29229129 0.07456657 0.29273062 0.07646951 0.29126652 0.07881190 0.29170585 0.08071485 0.29024223 0.08305712 0.29068167 0.08496055 0.28921806 0.08730283 0.29009683 0.09110920 0.28863321 0.09345148 0.28907254 0.09535442 0.28760893 0.09769670 0.28804826 0.09959964 0.28658427 0.10194251 0.28702360 0.10384546 0.28555998 0.10618773 0.28599942 0.10809116 0.28453581 0.11043344 0.28541447 0.11423933 0.28395037 0.11658171 0.28438981 0.11848515 0.28292619 0.12082742 0.28336552 0.12273037 0.28190202 0.12507313 0.28234135 0.12697607 0.28087773 0.12931835 0.28131706 0.13122129 0.27985345 0.13356356 0.28117155 0.13927289 0.28497744 0.13839423 0.28731982 0.13985833 0.28922277 0.13941900 0.29156553 0.14088250 0.29346847 0.14044317 0.29581075 0.14190679 0.29771418 0.14146735 0.30005646 0.14293096 0.30195940 0.14249163 0.30430167 0.14395525 0.31001099 0.14263715 0.30913234 0.13883126 0.31059595 0.13648898 0.31015662 0.13458604 0.31162061 0.13224317 0.31118128 0.13034022 0.31264490 0.12799795 0.31220546 0.12609451 0.31366907 0.12375224 0.31322974 0.12184929 0.31469336 0.11950702 0.31425403 0.11760408 0.31571753 0.11526132 0.31483887 0.11145543 0.31630286 0.10911255 0.31586353 0.10720961 0.31732715 0.10486733 0.31688782 0.10296439 0.31835143 0.10062212 0.31791199 0.09871868 0.31937609 0.09637629 0.31893677 0.09447335 0.32040027 0.09213059 0.31996094 0.09022764 0.32142455 0.08788537 0.32054589 0.08407948 0.32200940 0.08173672 0.32157007 0.07983378 0.32303368 0.07749150 0.32259424 0.07558807 0.32405834 0.07324568 0.32361902 0.07134274 0.32508263 0.06900046 0.32464330 0.06709752 0.32610680 0.06475476 0.32566747 0.06285181 0.32713158 0.06050943 0.32669213 0.05860599 0.32815575 0.05626372 0.32771642 0.05436078 0.32918004 0.05201850 0.32874071 0.05011556 0.32683776 0.05055489 0.32449537 0.04909078 0.32259194 0.04953022 0.32024967 0.04806661 0.31834672 0.04850594 0.31600396 0.04704244 0.31219807 0.04792110 0.30985569 0.04645699 0.30795274 0.04689632 0.30560998 0.04543282 0.30370704 0.04587215 0.30136476 0.04440853 0.29946133 0.04484797 0.29799771 0.04719025 0.29843704 0.04909320 0.29697354 0.05143596 0.29741287 0.05333890 0.29594926 0.05568117 0.29638870 0.05758461
0 0.16214721 0.06652706 0.16068311 0.06886945 0.16112244 0.07077240 0.15965894 0.07311516 0.16009827 0.07501810 0.15863465 0.07736038 0.15907398 0.07926332 0.15761037 0.08160560 0.15804981 0.08350903 0.15658619 0.08585130 0.15702552 0.08775425 0.15556153 0.09009712 0.15600086 0.09200006 0.15453724 0.09434234 0.15497657 0.09624528 0.15351296 0.09858756 0.15439173 0.10239393 0.15292763 0.10473632 0.15336707 0.10663975 0.15190345 0.10898203 0.15234278 0.11088497 0.15087917 0.11322725 0.15131850 0.11513019 0.14985499 0.11747295 0.15073365 0.12127884 0.15263660 0.12083951 0.15497898 0.12230362 0.15878536 0.12142484 0.16112763 0.12288846 0.16303058 0.12244913 0.16537334 0.12391263 0.16917923 0.12303397 0.17152151 0.12449759 0.17342445 0.12405826 0.17576721 0.12552176 0.17532788 0.12361882 0.17679150 0.12127654 0.17635217 0.11937360 0.17781578 0.11703132 0.17737634 0.11512789 0.17884044 0.11278551 0.17840112 0.11088256 0.17986462 0.10853980 0.17942529 0.10663686 0.18088890 0.10429458 0.18044957 0.10239164 0.18191319 0.10004936 0.18147375 0.09814593 0.18293736 0.09580366 0.18249803 0.09390071 0.18396202 0.09155784 0.18308337 0.08775195 0.18454698 0.08540967 0.18410765 0.08350673 0.18557115 0.08116397 0.18513182 0.07926102 0.18659593 0.07691864 0.18615648 0.07501521 0.18762010 0.07267293 0.18718077 0.07076998 0.18864438 0.06842771 0.18820506 0.06652477 0.18966856 0.06418201 0.18922923 0.06227906 0.19069285 0.05993679 0.18878990 0.06037612 0.18644751 0.05891201 0.18454457 0.05935134 0.18220229 0.05788773 0.18029886 0.05832717 0.17795659 0.05686355 0.17605364 0.05730288 0.17371088 0.05583938 0.17180794 0.05627871 0.16946566 0.05481509 0.16756272 0.05525442 0.16522033 0.05379032 0.16565977 0.05569375 0.16419567 0.05803614 0.16229273 0.05847547 0.16273206 0.06037841 0.16126844 0.06272069 0.16214721 0.06652706
0 0.12057102 0.06008968 0.11910741 0.06243196 0.11954674 0.06433490 0.11808275 0.06667778 0.11852207 0.06858072 0.11705846 0.07092299 0.11749779 0.07282594 0.11603417 0.07516821 0.11647362 0.07707164 0.11500951 0.07941403 0.11588829 0.08322041 0.11442467 0.08556268 0.11486400 0.08746563 0.11340038 0.08980790 0.11383971 0.09171085 0.11237621 0.09405361 0.11281554 0.09595655 0.11135192 0.09829883 0.11179137 0.10020226 0.11032726 0.10254464 0.11076659 0.10444759 0.10930298 0.10678986 0.10974231 0.10869281 0.10827880 0.11103557 0.10871813 0.11293852 0.11252402 0.11205986 0.11486678 0.11352336 0.11676973 0.11308403 0.11911212 0.11454813 0.12101506 0.11410880 0.12335733 0.11557242 0.12526077 0.11513298 0.12760304 0.11659659 0.12950598 0.11615726 0.13184875 0.11762077 0.13565464 0.11674211 0.13521531 0.11483916 0.13667892 0.11249689 0.13623959 0.11059394 0.13770310 0.10825118 0.13726377 0.10634824 0.13872787 0.10400585 0.13784910 0.10019947 0.13931271 0.09785720 0.13887338 0.09595425 0.14033700 0.09361198 0.13989756 0.09170855 0.14136166 0.08936616 0.14092233 0.08746322 0.14238583 0.08512046 0.14194650 0.08321751 0.14341012 0.08087524 0.14297079 0.07897229 0.14443440 0.07663002 0.14399496 0.07472659 0.14545858 0.07238431 0.14501925 0.07048137 0.14648324 0.06813849 0.14560458 0.06433260 0.14706820 0.06199033 0.14662887 0.06008738 0.14809237 0.05774462 0.14633494 0.05013236 0.14443199 0.05057169 0.14208972 0.04910807 0.14018629 0.04954751 0.13784401 0.04808390 0.13594107 0.04852323 0.13359879 0.04705961 0.12979242 0.04793838 0.12745003 0.04647428 0.12554709 0.04691361 0.12320432 0.04545011 0.12174071 0.04779238 0.12218015 0.04969581 0.12071654 0.05203809 0.12159520 0.05584398 0.12013158 0.05818625 0.12057102 0.06008968
0 1.00000000 0.22154122 0.98971688 0.22280682 0.98807603 0.22420670 0.97740859 0.22551961 0.97576786 0.22691977 0.96936718 0.22770754 0.97035224 0.22998215 0.97297827 0.23085719 0.97396333 0.23313180 0.97609671 0.23286923 0.97872317 0.23374390 0.97708177 0.23514384 0.97494839 0.23540641 0.97741129 0.24109353 0.98003720 0.24196827 0.98200744 0.24651779 0.98463390 0.24739246 0.98660414 0.25194198 0.98923005 0.25281671 0.99120042 0.25736653 0.99382633 0.25824126 0.99628910 0.26392809 0.99891556 0.26480276 0.99990074 0.26707766 1.00000000 0.26706545 1.00000000 0.22154122
0 1.00000000 0.18132471 0.99906514 0.18212228 0.99053053 0.18317269 0.98888968 0.18457256 0.97822223 0.18588547 0.97658138 0.18728535 0.96804732 0.18833569 0.96640660 0.18973585 0.95573861 0.19104883 0.95409776 0.19244870 0.94343031 0.19376161 0.94178892 0.19516155 0.94441550 0.19603651 0.94687827 0.20172334 0.94950418 0.20259808 0.95147443 0.20714760 0.95410033 0.20802233 0.95459286 0.20915964 0.95886017 0.20863444 0.96050102 0.20723456 0.96476778 0.20670943 0.96805002 0.20390961 0.97231733 0.20338441 0.97395818 0.20198453 0.98462562 0.20067162 0.98626635 0.19927146 0.99693379 0.19795855 0.99857519 0.19655861 1.00000000 0.19638325 1.00000000 0.18132471
0 0.32361431 0.58323135 0.31278091 0.57971894 0.23841567 0.60490551 0.20533291 0.62657477 0.21207136 0.67312708 0.33650131 0.63036866 0.32361431 0.58323135
0 0.43945312 0.61229163 0.44728418 0.61003013 0.44892506 0.60674473 0.45319204 0.60551248 0.43945312 0.53107341 0.43945312 0.61229163
