0 0.25843399 0.37764122 0.25966425 0.37523218 0.25827504 0.36275372 0.25658168 0.36100291 0.25588710 0.35476395 0.24857742 0.35641104 0.25112431 0.37928831 0.25258609 0.37895893 0.25427984 0.38070965 0.25474288 0.38486896 0.25912862 0.38388072 0.25843399 0.37764122
0 0.28374896 0.37620118 0.28497922 0.37379214 0.28644101 0.37346275 0.28597790 0.36930291 0.28428459 0.36755264 0.28150612 0.34259519 0.27981281 0.34084491 0.27911818 0.33460542 0.27180850 0.33625251 0.27057824 0.33866155 0.26473072 0.33997918 0.26727766 0.36285698 0.26897135 0.36460716 0.27059214 0.37916581 0.28374896 0.37620118
0 0.31106129 0.36578269 0.31036672 0.35954372 0.30867341 0.35779345 0.30520031 0.32659650 0.28911991 0.33021990 0.29166680 0.35309717 0.29336017 0.35484797 0.29521248 0.37148628 0.29667427 0.37115689 0.29790447 0.36874732 0.31106129 0.36578269
0 0.31890666 0.35548759 0.31960124 0.36172655 0.33421985 0.35843253 0.33545049 0.35602341 0.33429281 0.34562460 0.33259906 0.34387388 0.32982065 0.31891696 0.32812728 0.31716616 0.32689708 0.31957573 0.31227847 0.32286975 0.31274152 0.32702906 0.31443483 0.32877933 0.31721329 0.35373678 0.31890666 0.35548759
0 0.34814427 0.34889946 0.34837579 0.35097912 0.36445656 0.34735563 0.36353041 0.33903648 0.36183704 0.33728568 0.35882704 0.31024856 0.35713336 0.30849838 0.34543832 0.31113363 0.34420806 0.31354267 0.34128411 0.31420152 0.34244179 0.32460033 0.34413554 0.32635105 0.34645090 0.34714866 0.34814427 0.34889946
0 0.37890625 0.29932809 0.37567460 0.30005628 0.37444439 0.30246585 0.36859687 0.30378348 0.36952303 0.31210263 0.37121672 0.31385281 0.37422671 0.34088993 0.37592008 0.34264073 0.37738187 0.34231134 0.37861207 0.33990177 0.37890625 0.33983548 0.37890625 0.29932809
0 0.24756522 0.32039592 0.25048879 0.31973715 0.24886801 0.30517851 0.24717470 0.30342823 0.24532238 0.28678993 0.23655129 0.28876632 0.23909817 0.31164359 0.24079148 0.31339387 0.24125459 0.31755371 0.24563995 0.31656555 0.24733364 0.31831574 0.24756522 0.32039592
0 0.27464640 0.30789769 0.27209946 0.28501989 0.27040577 0.28326971 0.26994267 0.27910986 0.25678584 0.28207450 0.25555563 0.28448407 0.25409347 0.28481354 0.25525116 0.29521234 0.25694484 0.29696253 0.25856563 0.31152118 0.27464640 0.30789769
0 0.29049522 0.30219410 0.29172548 0.29978506 0.29903516 0.29813797 0.29602517 0.27110086 0.29433186 0.26935058 0.29286970 0.26968005 0.29163944 0.27208909 0.27848261 0.27505373 0.27940877 0.28337288 0.28110207 0.28512315 0.28318591 0.30384111 0.29049522 0.30219410
0 0.31342225 0.29276429 0.32365550 0.29045843 0.32041393 0.26134113 0.31310462 0.26298814 0.31187404 0.26539780 0.30456474 0.26704480 0.30757473 0.29408192 0.30926842 0.29583210 0.31219199 0.29517333 0.31342225 0.29276429
0 0.34934748 0.26548173 0.34795822 0.25300274 0.33187744 0.25662623 0.33419287 0.27742437 0.33588617 0.27917464 0.33681233 0.28749379 0.35289311 0.28387031 0.35104079 0.26723200 0.34934748 0.26548173
0 0.37890625 0.26177848 0.37812197 0.25473377 0.37642866 0.25298350 0.37527098 0.24258469 0.36649952 0.24456117 0.36526925 0.24697021 0.35942173 0.24828784 0.36104252 0.26284649 0.36273583 0.26459676 0.36435662 0.27915540 0.36728057 0.27849655 0.36851083 0.27608751 0.37890625 0.27374511 0.37890625 0.26177848
0 0.69838565 0.53906250 0.92456381 0.50797075 0.92342518 0.50173126 0.92544180 0.49932221 0.96857449 0.49339295 0.94883877 0.38524397 0.95085538 0.38283493 0.94212610 0.33499967 0.93014486 0.33664668 0.92736923 0.33489641 0.84110324 0.34675503 0.83832751 0.34500423 0.75925050 0.35587461 0.76076863 0.36419376 0.75875141 0.36660288 0.75597577 0.36485261 0.69127613 0.37374660 0.69317387 0.38414594 0.69115725 0.38655498 0.68838162 0.38480471 0.64524831 0.39073406 0.64638684 0.39697302 0.64437022 0.39938206 0.55331198 0.41189945 0.55520972 0.42229879 0.55319249 0.42470791 0.53162615 0.42767255 0.52885051 0.42592228 0.48571721 0.43185163 0.48761485 0.44225044 0.48559824 0.44465948 0.47122027 0.44663596 0.46844476 0.44488567 0.41572671 0.45213259 0.42331737 0.49372835 0.42130057 0.49613742 0.42913381 0.53906250 0.69838565 0.53906250
0 1.00000000 0.26177849 0.98125596 0.15906379 0.97885984 0.15939317 0.97608359 0.15764298 0.93295090 0.16357225 0.93750520 0.18852918 0.93548807 0.19093883 0.93776522 0.20341729 0.96891729 0.19913495 0.97169292 0.20088522 0.98367416 0.19923821 0.98645050 0.20098893 0.99100490 0.22594639 0.98898767 0.22835551 0.94345824 0.23461425 0.95256703 0.28452916 0.95055042 0.28693820 0.96611125 0.37220938 0.96409473 0.37461895 0.96523336 0.38085845 1.00000000 0.37607923 1.00000000 0.26177849
0 0.91940659 0.07589150 0.93269027 0.14868422 0.94467150 0.14703721 0.94744714 0.14878748 0.97859921 0.14450513 0.96493601 0.06963276 0.91940659 0.07589150
0 0.90801365 0.00000000 0.91800733 0.05476397 0.96114063 0.04883462 0.95222898 0.00000000 0.90801365 0.00000000
0 0.66501256 0.00000000 0.65525086 0.00134190 0.65828713 0.01798020 0.65626992 0.02038944 0.65387379 0.02071882 0.65109814 0.01896844 0.63672017 0.02094492 0.63747924 0.02510450 0.63546265 0.02751370 0.63811938 0.04207219 0.63610279 0.04448139 0.61453583 0.04744610 0.61491536 0.04952587 0.61289876 0.05193501 0.61403737 0.05817440 0.61202077 0.06058355 0.59285055 0.06321880 0.59626630 0.08193665 0.59424979 0.08434622 0.57028671 0.08764033 0.57370248 0.10635829 0.56966935 0.11117690 0.55049912 0.11381215 0.55239677 0.12421095 0.55037954 0.12662008 0.52641707 0.12991410 0.52831471 0.14031290 0.52629809 0.14272194 0.50712787 0.14535719 0.50826650 0.15159669 0.50624998 0.15400626 0.50776801 0.16232488 0.52693823 0.15968963 0.52971396 0.16144044 0.53426836 0.18639789 0.53225174 0.18880693 0.48432558 0.19539514 0.48154995 0.19364487 0.43602113 0.19990352 0.44019592 0.22278079 0.43817879 0.22519045 0.41900870 0.22782568 0.42128584 0.24030414 0.41926911 0.24271320 0.42230537 0.25935150 0.42028873 0.26176109 0.39872220 0.26472575 0.39670540 0.26713482 0.40201882 0.29625158 0.40000218 0.29866117 0.38083196 0.30129642 0.40436296 0.43024301 0.43072204 0.42661954 0.43349780 0.42836979 0.49340458 0.42013467 0.49542181 0.41772554 0.49264557 0.41597536 0.49150694 0.40973586 0.49352417 0.40732673 0.56541219 0.39744459 0.56465308 0.39328475 0.56666969 0.39087571 0.56515156 0.38255656 0.56716879 0.38014744 0.58633901 0.37751219 0.58178461 0.35255473 0.58380123 0.35014569 0.62933004 0.34388704 0.63210629 0.34563722 0.63817882 0.37891383 0.64536780 0.37792559 0.64814344 0.37967586 0.66012467 0.37802885 0.65898614 0.37178989 0.66100266 0.36938032 0.66062315 0.36730066 0.66264038 0.36489154 0.69618796 0.36027989 0.69896359 0.36203016 0.73490791 0.35708905 0.73301027 0.34669025 0.73502689 0.34428121 0.79253755 0.33637546 0.79531379 0.33812564 0.88637203 0.32560826 0.88914767 0.32735853 0.93946934 0.32044102 0.92808330 0.25804711 0.93010053 0.25563799 0.92554613 0.23068053 0.87043160 0.23825689 0.86765596 0.23650662 0.86525922 0.23683609 0.86248359 0.23508582 0.85944733 0.21844752 0.85667160 0.21669671 0.85591258 0.21253740 0.85792920 0.21012836 0.92023272 0.20156376 0.92300835 0.20331403 0.91579720 0.16379793 0.91781381 0.16138889 0.90415062 0.08651652 0.90616785 0.08410739 0.89250464 0.00923492 0.89452123 0.00682572 0.89327563 0.00000000 0.66501256 0.00000000
0 0.10545603 0.53906250 0.09483020 0.57548798 0.07652046 0.57363807 0.00000000 0.87840091 0.00000000 1.00000000 0.17336287 1.00000000 0.25551464 0.71177145 0.23113152 0.69655868 0.25952233 0.59250821 0.21914878 0.58153661 0.22971267 0.55320912 0.16613768 0.53906250 0.10545603 0.53906250
0 0.37890625 0.77733137 0.54606912 0.74503517 0.53180479 0.64248846 0.37890625 0.66338164 0.37890625 0.77733137
