0 0.48631833 0.70546363 0.44276826 0.71049912 0.44078139 0.71362850 0.44116243 0.71938447 0.48471250 0.71434897 0.48452201 0.71147135 0.48650883 0.70834124 0.48631833 0.70546363
0 0.27945533 0.72938226 0.27746846 0.73251163 0.27765900 0.73538998 0.27567214 0.73851936 0.42809712 0.72089515 0.42752559 0.71226157 0.27945533 0.72938226
0 0.26692295 0.73953099 0.26696212 0.73952646 0.26677163 0.73664885 0.26875845 0.73351873 0.26856795 0.73064111 0.26639059 0.73089288 0.26402273 0.72826702 0.20740735 0.73481320 0.20542048 0.73794257 0.19168287 0.73953099 0.26692295 0.73953099
0 0.35945341 0.47944656 0.35746654 0.48257594 0.34440124 0.48408662 0.34241442 0.48721673 0.34260492 0.49009435 0.34061805 0.49322372 0.34099908 0.49897969 0.33901221 0.50210907 0.33920271 0.50498668 0.34791272 0.50397958 0.35028058 0.50660544 0.35047113 0.50948379 0.34848426 0.51261317 0.34886530 0.51836914 0.34687787 0.52149857 0.34706836 0.52437619 0.34508149 0.52750556 0.33201675 0.52901618 0.33002932 0.53214562 0.33041036 0.53790159 0.32842349 0.54103097 0.32861403 0.54390932 0.32662717 0.54703869 0.32681766 0.54991631 0.33117239 0.54941279 0.33354081 0.55203858 0.33571817 0.55178682 0.33808603 0.55441268 0.33827657 0.55729104 0.33628970 0.56042041 0.33648020 0.56329803 0.33449337 0.56642814 0.33487436 0.57218337 0.33288694 0.57531281 0.31982219 0.57682342 0.31783532 0.57995280 0.31802587 0.58283115 0.31603844 0.58596059 0.31622893 0.58883821 0.31424211 0.59196832 0.31443261 0.59484594 0.31244574 0.59797531 0.32333312 0.59671645 0.32570154 0.59934224 0.32608257 0.60509821 0.32409515 0.60822765 0.32447618 0.61398362 0.32050245 0.62024237 0.30743714 0.62175305 0.30545027 0.62488243 0.30583131 0.63063840 0.30384444 0.63376777 0.30403494 0.63664539 0.30204756 0.63977556 0.30223805 0.64265318 0.30025118 0.64578255 0.30044168 0.64866017 0.29845481 0.65178955 0.29883585 0.65754551 0.29684898 0.66067489 0.29703952 0.66355324 0.29505265 0.66668262 0.29524314 0.66956023 0.29325572 0.67268967 0.30632102 0.67117899 0.30868888 0.67380485 0.30670206 0.67693496 0.30689255 0.67981258 0.30490512 0.68294201 0.30528616 0.68869798 0.30329929 0.69182736 0.30348979 0.69470497 0.30150292 0.69783435 0.29714819 0.69833786 0.29477977 0.69571207 0.28824712 0.69646741 0.28626025 0.69959679 0.28664129 0.70535276 0.28465442 0.70848213 0.28503546 0.71423810 0.28304859 0.71736748 0.48991159 0.69344885 0.49189846 0.69031947 0.49170797 0.68744185 0.49568166 0.68118237 0.50874696 0.67967169 0.50855646 0.67679407 0.51054329 0.67366396 0.51035279 0.67078634 0.51233966 0.66765697 0.51214917 0.66477935 0.51413604 0.66164998 0.51375500 0.65589401 0.51574242 0.65276457 0.51555188 0.64988621 0.51753875 0.64675684 0.51734826 0.64387922 0.51933513 0.64074985 0.51914463 0.63787223 0.52113201 0.63474206 0.52075102 0.62898683 0.52273784 0.62585672 0.52254735 0.62297910 0.52453422 0.61984972 0.52434372 0.61697211 0.52633059 0.61384273 0.52594955 0.60808676 0.52793642 0.60495739 0.52774588 0.60207904 0.52973331 0.59894960 0.52954281 0.59607198 0.53152968 0.59294261 0.53133919 0.59006499 0.53332601 0.58693488 0.53294502 0.58117965 0.53493240 0.57804947 0.53474190 0.57517186 0.53672877 0.57204248 0.53653828 0.56916486 0.53852515 0.56603549 0.53833460 0.56315714 0.54032147 0.56002776 0.53994044 0.55427179 0.54192731 0.55114242 0.54173681 0.54826480 0.54372424 0.54513536 0.54353374 0.54225775 0.54552056 0.53912763 0.54533007 0.53625002 0.54731694 0.53312064 0.54693590 0.52736468 0.54892333 0.52423524 0.54873283 0.52135762 0.55071970 0.51822825 0.55052916 0.51534989 0.55251603 0.51222052 0.55232553 0.50934290 0.55431236 0.50621279 0.55393137 0.50045756 0.55591824 0.49732819 0.54503085 0.49858704 0.54266300 0.49596119 0.54247245 0.49308283 0.54445932 0.48995346 0.54407828 0.48419749 0.54606571 0.48106805 0.54587522 0.47819043 0.54786209 0.47506106 0.54767159 0.47218344 0.54965841 0.46905333 0.54927742 0.46329810 0.55126425 0.46016799 0.55107375 0.45729037 0.55306062 0.45416100 0.55287012 0.45128338 0.55485755 0.44815394 0.55466701 0.44527559 0.55665388 0.44214621 0.55627284 0.43639025 0.36465250 0.45854643 0.36266568 0.46167655 0.36285618 0.46455416 0.36086875 0.46768360 0.36124979 0.47343957 0.35926292 0.47656895 0.35945341 0.47944656
0 0.11644281 0.73953099 0.27017378 0.72175577 0.27216065 0.71862640 0.27433857 0.71837458 0.27414808 0.71549696 0.27613495 0.71236758 0.27575391 0.70661162 0.27774078 0.70348224 0.27755024 0.70060389 0.27953766 0.69747445 0.27915668 0.69171922 0.28114354 0.68858984 0.28095300 0.68571149 0.28293987 0.68258211 0.28274938 0.67970450 0.28473620 0.67657439 0.28435521 0.67081915 0.28634208 0.66768978 0.28615158 0.66481216 0.28813896 0.66168199 0.28794847 0.65880437 0.28993534 0.65567500 0.28974479 0.65279664 0.29173166 0.64966727 0.29135067 0.64391204 0.29333810 0.64078260 0.29314756 0.63790424 0.29513443 0.63477487 0.29494393 0.63189725 0.29693075 0.62876714 0.29674026 0.62588953 0.29872713 0.62276015 0.29834614 0.61700492 0.30033296 0.61387481 0.30014246 0.61099719 0.30212989 0.60786775 0.30193935 0.60498940 0.30392622 0.60186003 0.30373572 0.59898241 0.30572259 0.59585304 0.30534155 0.59009707 0.30732898 0.58696763 0.30713849 0.58409001 0.30912531 0.58095990 0.30893481 0.57808228 0.31092168 0.57495291 0.31054069 0.56919768 0.31252751 0.56606756 0.31233702 0.56318995 0.31432389 0.56006057 0.31413335 0.55718222 0.31612077 0.55405278 0.31573979 0.54829755 0.31772666 0.54516818 0.31753611 0.54228982 0.31952298 0.53916045 0.31933249 0.53628283 0.32131986 0.53315265 0.32112937 0.53027504 0.32311624 0.52714566 0.32292575 0.52426805 0.32491261 0.52113867 0.32472207 0.51826032 0.32670894 0.51513095 0.32651845 0.51225333 0.32850527 0.50912322 0.32812428 0.50336799 0.33011171 0.50023855 0.32992121 0.49736093 0.33190803 0.49423082 0.33171754 0.49135321 0.33370441 0.48822383 0.33351386 0.48534548 0.33550129 0.48221604 0.33531080 0.47933842 0.33729766 0.47620905 0.33691663 0.47045308 0.33890350 0.46732370 0.33852246 0.46156773 0.32110243 0.46358193 0.31873457 0.46095608 0.22292440 0.47203417 0.22093697 0.47516361 0.15996742 0.48221324 0.15798005 0.48534342 0.15817054 0.48822104 0.15618367 0.49135041 0.15656471 0.49710638 0.15457784 0.50023576 0.15476833 0.50311337 0.15278091 0.50624281 0.15297145 0.50912116 0.15098458 0.51225054 0.15117507 0.51512815 0.14918825 0.51825826 0.14937875 0.52113588 0.14739188 0.52426525 0.14777287 0.53002049 0.14578605 0.53315060 0.14597654 0.53602821 0.14398911 0.53915766 0.14417966 0.54203601 0.14219279 0.54516538 0.14238328 0.54804300 0.14039641 0.55117237 0.14077745 0.55692834 0.13879002 0.56005778 0.13898052 0.56293540 0.13699370 0.56606551 0.13718419 0.56894312 0.13519732 0.57207250 0.13538782 0.57495011 0.13340095 0.57807949 0.13378198 0.58383546 0.13179512 0.58696483 0.13198566 0.58984319 0.12999823 0.59297263 0.13018873 0.59585024 0.12820186 0.59897962 0.12839235 0.60185723 0.12640553 0.60498734 0.12678652 0.61074258 0.12479914 0.61387275 0.12498964 0.61675037 0.12300277 0.61987974 0.12319326 0.62275736 0.12120639 0.62588673 0.12139693 0.62876509 0.11941007 0.63189446 0.11960056 0.63477208 0.11761374 0.63790219 0.11799473 0.64365742 0.11600730 0.64678686 0.11619780 0.64966448 0.11421098 0.65279459 0.11440147 0.65567220 0.11241460 0.65880158 0.11260514 0.66167993 0.11061772 0.66480937 0.11080821 0.66768699 0.10882134 0.67081636 0.10920238 0.67657233 0.10721551 0.67970170 0.10740600 0.68257932 0.10541918 0.68570943 0.10560968 0.68858705 0.10362281 0.69171642 0.10381330 0.69459404 0.10182588 0.69772348 0.10220691 0.70347945 0.10022004 0.70660882 0.10041059 0.70948718 0.09842372 0.71261655 0.09861421 0.71549417 0.09662679 0.71862360 0.09700782 0.72437957 0.09502095 0.72750895 0.09521145 0.73038656 0.09322463 0.73351667 0.09360562 0.73927191 0.10013827 0.73851657 0.10105302 0.73953099 0.11644281 0.73953099
0 0.08019045 0.33774682 0.09028730 0.49027004 0.09464203 0.48976652 0.09330852 0.46962247 0.09529534 0.46649236 0.09965063 0.46598878 0.09926964 0.46023355 0.10125651 0.45710417 0.10011344 0.43983701 0.10210031 0.43670763 0.10645560 0.43620405 0.10588406 0.42757046 0.10787093 0.42444109 0.11222566 0.42393757 0.11051111 0.39803755 0.11249849 0.39490738 0.11685322 0.39440386 0.11628174 0.38577101 0.11826916 0.38264157 0.12480126 0.38188629 0.12346770 0.36174151 0.12545456 0.35861214 0.12980985 0.35810855 0.12847629 0.33796377 0.13046316 0.33483439 0.13481845 0.33433081 0.13386588 0.31994126 0.13585275 0.31681188 0.14238540 0.31605654 0.14105184 0.29591176 0.14303871 0.29278238 0.14739399 0.29227880 0.14606043 0.27213401 0.14804730 0.26900464 0.15022467 0.26875288 0.15221154 0.26562351 0.15144951 0.25411231 0.14056213 0.25537116 0.13819422 0.25274457 0.13800373 0.24986695 0.12493842 0.25137764 0.12257057 0.24875178 0.11603791 0.24950712 0.11367006 0.24688126 0.11347956 0.24400364 0.10259218 0.24526250 0.10022372 0.24263597 0.09369162 0.24339125 0.09132376 0.24076539 0.08914584 0.24101722 0.08677798 0.23839136 0.07371324 0.23990197 0.07847590 0.31184680 0.08936328 0.31058794 0.09173114 0.31321380 0.09306470 0.33335858 0.09107783 0.33648796 0.08019045 0.33774682
0 0.55957031 0.38676424 0.55156562 0.26584524 0.54721034 0.26634883 0.54484247 0.26372297 0.54682930 0.26059286 0.54644831 0.25483763 0.54843569 0.25170745 0.54824519 0.24882984 0.53735725 0.25008876 0.53498939 0.24746290 0.53479890 0.24458529 0.53678577 0.24145591 0.53659523 0.23857756 0.52570785 0.23983642 0.52333999 0.23721056 0.52532686 0.23408118 0.52494582 0.22832522 0.52693269 0.22519584 0.52655170 0.21944061 0.52219697 0.21994412 0.51982851 0.21731760 0.51547378 0.21782111 0.51310592 0.21519526 0.51509279 0.21206588 0.51471175 0.20630991 0.50600173 0.20731701 0.50363387 0.20469115 0.50325288 0.19893592 0.50523971 0.19580581 0.50504921 0.19292819 0.50703608 0.18979882 0.53316613 0.18677752 0.53553398 0.18940338 0.53591502 0.19515935 0.53392815 0.19828872 0.53411865 0.20116634 0.54500659 0.19990742 0.54737444 0.20253327 0.54538757 0.20566265 0.54557812 0.20854100 0.54775548 0.20828924 0.54585039 0.17951087 0.54149510 0.18001445 0.53912724 0.17738860 0.41936439 0.19123623 0.41737752 0.19436561 0.41756802 0.19724322 0.41558120 0.20037333 0.42864594 0.19886272 0.43101380 0.20148857 0.43120430 0.20436619 0.42921748 0.20749630 0.42959847 0.21325153 0.42761160 0.21638091 0.42799263 0.22213688 0.42600576 0.22526625 0.40858573 0.22728045 0.40877623 0.23015807 0.40678941 0.23328818 0.40697990 0.23616579 0.40499247 0.23929523 0.40537346 0.24505047 0.40338664 0.24818058 0.40357714 0.25105819 0.40159027 0.25418757 0.40178081 0.25706592 0.39979338 0.26019536 0.39998388 0.26307298 0.40216180 0.26282115 0.40452966 0.26544701 0.41106231 0.26469167 0.41343017 0.26731753 0.41362071 0.27019588 0.41163384 0.27332525 0.41201488 0.27908122 0.41002801 0.28221060 0.39478535 0.28397304 0.39497584 0.28685065 0.39298897 0.28998003 0.39337001 0.29573600 0.39138258 0.29886544 0.39157308 0.30174305 0.38958625 0.30487316 0.38996724 0.31062840 0.39867726 0.30962130 0.40104512 0.31224715 0.40142616 0.31800312 0.39943929 0.32113250 0.39982033 0.32688847 0.39783346 0.33001784 0.38912344 0.33102494 0.38713601 0.33415438 0.38278129 0.33465790 0.38079442 0.33778727 0.38117545 0.34354324 0.37918858 0.34667262 0.37937908 0.34955023 0.37739170 0.35268041 0.37758219 0.35555802 0.38846957 0.35429917 0.39083799 0.35692496 0.38885056 0.36005440 0.38904106 0.36293201 0.38705424 0.36606212 0.38724473 0.36893974 0.38525786 0.37206912 0.38544841 0.37494747 0.38147467 0.38120622 0.37058673 0.38246514 0.36859986 0.38559452 0.36879035 0.38847213 0.36680353 0.39160224 0.36718452 0.39735748 0.36519770 0.40048759 0.36538820 0.40336520 0.37409765 0.40235817 0.37646607 0.40498396 0.37665657 0.40786158 0.37466914 0.41099102 0.37505018 0.41674698 0.37306331 0.41987636 0.37344435 0.42563233 0.37145748 0.42876170 0.35621481 0.43052414 0.35640530 0.43340176 0.35441843 0.43653113 0.35479947 0.44228710 0.35281260 0.44541648 0.35300315 0.44829483 0.50978342 0.43016704 0.51215128 0.43279290 0.55957031 0.42731005 0.55957031 0.38676424
0 0.22453239 0.23116311 0.22254497 0.23429255 0.22292596 0.24004778 0.22093909 0.24317716 0.22112963 0.24605551 0.21914276 0.24918488 0.21933326 0.25206250 0.21734643 0.25519261 0.21772742 0.26094784 0.21574055 0.26407722 0.21593105 0.26695483 0.21394367 0.27008501 0.21413417 0.27296263 0.21214730 0.27609200 0.21252833 0.28184797 0.21054146 0.28497735 0.21073196 0.28785496 0.20874453 0.29098440 0.20893508 0.29386275 0.20694821 0.29699213 0.20713870 0.29986974 0.20515188 0.30299985 0.20553287 0.30875509 0.20354600 0.31188446 0.20373649 0.31476208 0.20174967 0.31789219 0.20194017 0.32076980 0.19995274 0.32389924 0.20014328 0.32677760 0.19815641 0.32990697 0.19853740 0.33566220 0.19655053 0.33879158 0.19674108 0.34166993 0.19475365 0.34479937 0.19494414 0.34767699 0.19295732 0.35080710 0.19314782 0.35368471 0.19116095 0.35681409 0.19135144 0.35969170 0.18936457 0.36282108 0.18974561 0.36857705 0.18775874 0.37170642 0.18794929 0.37458477 0.18596186 0.37771422 0.18615235 0.38059183 0.18416548 0.38372121 0.18435598 0.38659882 0.18236916 0.38972893 0.18275015 0.39548417 0.18076277 0.39861434 0.18095326 0.40149196 0.17896639 0.40462133 0.17915689 0.40749895 0.17717002 0.41062832 0.17736056 0.41350668 0.17537369 0.41663605 0.17575473 0.42239202 0.17376786 0.42552139 0.17395835 0.42839901 0.17197093 0.43152845 0.17216142 0.43440607 0.17017460 0.43753618 0.17055559 0.44329141 0.16856877 0.44642152 0.16875926 0.44929914 0.16677184 0.45242858 0.16696233 0.45530619 0.16497546 0.45843557 0.16535650 0.46419154 0.16336963 0.46732091 0.16356017 0.47019926 0.17227019 0.46919216 0.17463805 0.47181802 0.34230570 0.45243137 0.34429313 0.44930193 0.34410259 0.44642358 0.34608946 0.44329420 0.34570842 0.43753823 0.34769529 0.43440886 0.34750479 0.43153124 0.34949222 0.42840180 0.34911118 0.42264583 0.35109805 0.41951646 0.35090756 0.41663884 0.35289438 0.41350873 0.35270388 0.41063112 0.35469075 0.40750174 0.35450026 0.40462412 0.35648713 0.40149475 0.35610609 0.39573878 0.35809352 0.39260934 0.35790297 0.38973099 0.35988984 0.38660162 0.35969935 0.38372400 0.36168622 0.38059463 0.36149572 0.37771701 0.36348310 0.37458683 0.36329261 0.37170922 0.36527948 0.36857984 0.36489844 0.36282387 0.36688531 0.35969450 0.36669481 0.35681688 0.36868169 0.35368751 0.36849114 0.35080915 0.37047801 0.34767978 0.37028752 0.34480216 0.37227489 0.34167199 0.37208440 0.33879437 0.37407127 0.33566500 0.37369028 0.32990977 0.37567710 0.32677965 0.37548661 0.32390204 0.37747403 0.32077260 0.37728349 0.31789424 0.37927036 0.31476487 0.37907987 0.31188725 0.38106673 0.30875788 0.38068570 0.30300191 0.38267257 0.29987254 0.38248207 0.29699492 0.38446889 0.29386481 0.38427840 0.29098719 0.38626583 0.28785775 0.38607533 0.28498014 0.38806220 0.28185076 0.38768116 0.27609479 0.38966803 0.27296542 0.38947749 0.27008707 0.39146492 0.26695763 0.39127442 0.26408001 0.39326129 0.26095064 0.39307080 0.25807302 0.39505762 0.25494291 0.39467663 0.24918768 0.39666345 0.24605757 0.39647295 0.24317995 0.39845982 0.24005057 0.39826933 0.23717296 0.40025676 0.23404352 0.40006621 0.23116517 0.40205308 0.22803579 0.40167204 0.22227982 0.40365891 0.21915045 0.40346842 0.21627283 0.40545585 0.21314339 0.40526535 0.21026578 0.40725217 0.20713566 0.40706168 0.20425805 0.40904855 0.20112867 0.40866751 0.19537271 0.41065438 0.19224333 0.22992198 0.21314060 0.22793455 0.21627004 0.22812505 0.21914765 0.22613823 0.22227777 0.22632872 0.22515538 0.22434185 0.22828476 0.22453239 0.23116311
0 0.00000000 0.38590981 0.02030585 0.69265032 0.02248336 0.69239854 0.02485140 0.69502512 0.02504190 0.69790273 0.03592944 0.69664386 0.03791643 0.69351447 0.03315372 0.62156891 0.03514070 0.61843953 0.04602825 0.61718065 0.04469468 0.59703586 0.04668172 0.59390647 0.05974669 0.59239582 0.05803214 0.56649581 0.04496717 0.56800645 0.04259910 0.56537988 0.04458613 0.56225048 0.05765110 0.56073984 0.05688907 0.54922864 0.05887611 0.54609924 0.06976377 0.54484035 0.06957327 0.54196274 0.07156009 0.53883263 0.07809275 0.53807728 0.07752126 0.52944444 0.07950813 0.52631506 0.08604078 0.52555972 0.08356416 0.48814777 0.07049885 0.48965845 0.06813100 0.48703259 0.06679743 0.46688780 0.06878430 0.46375843 0.07967168 0.46249957 0.07890966 0.45098837 0.08089708 0.44785893 0.07670591 0.38454696 0.06146324 0.38630940 0.05909538 0.38368354 0.05890489 0.38080593 0.06089171 0.37767581 0.05993919 0.36328700 0.06192606 0.36015762 0.07499136 0.35864694 0.07289577 0.32699096 0.07052735 0.32436516 0.06805078 0.28695394 0.05498603 0.28846456 0.05261812 0.28583797 0.05128461 0.26569392 0.05327143 0.26256381 0.06633618 0.26105319 0.06500266 0.24090914 0.06699004 0.23777896 0.06679955 0.23490135 0.05591217 0.23616021 0.05354375 0.23353441 0.05136639 0.23378617 0.04899853 0.23116031 0.03811087 0.23241921 0.03574284 0.22979337 0.03555230 0.22691502 0.02684228 0.22792212 0.02447431 0.22529627 0.02229684 0.22554804 0.01992881 0.22292220 0.00033125 0.22518818 0.00000000 0.22482076 0.00000000 0.38590981
0 0.46594754 0.00000000 0.47739511 0.17292709 0.54489787 0.16512205 0.53396698 0.00000000 0.46594754 0.00000000
0 0.28602580 0.00000000 0.28645713 0.00651563 0.28446971 0.00964521 0.27358233 0.01090407 0.27377284 0.01378183 0.27178598 0.01691143 0.27350055 0.04281167 0.27586841 0.04543767 0.27701146 0.06270447 0.27502460 0.06583407 0.26195930 0.06734475 0.25997244 0.07047427 0.26225852 0.10500788 0.26027165 0.10813725 0.24720635 0.10964793 0.25006397 0.15281512 0.24807710 0.15594449 0.24372237 0.15644801 0.24173499 0.15957819 0.23738026 0.16008171 0.23909481 0.18598172 0.45466783 0.16105599 0.44400611 0.00000000 0.28602580 0.00000000
0 0.11432336 0.22360710 0.11451386 0.22648472 0.16459659 0.22069388 0.16326303 0.20054909 0.16524990 0.19741972 0.16960518 0.19691614 0.16598554 0.14223775 0.16995928 0.13597900 0.18084666 0.13472014 0.18027513 0.12608656 0.18226255 0.12295712 0.18661728 0.12245360 0.18623624 0.11669763 0.19021054 0.11043882 0.19238790 0.11018706 0.18953029 0.06701987 0.19151715 0.06389035 0.19804980 0.06313501 0.20041767 0.06576101 0.20259559 0.06550919 0.20145255 0.04824239 0.20343940 0.04511279 0.20997150 0.04435751 0.20863795 0.02421295 0.21062537 0.02108329 0.21498009 0.02057977 0.21402756 0.00619081 0.05724729 0.02431860 0.07020175 0.22000901 0.09633180 0.21698771 0.09869966 0.21961357 0.09889020 0.22249192 0.11195551 0.22098125 0.11432336 0.22360710
0 0.00000000 0.19912748 0.01821421 0.19702145 0.02058229 0.19964802 0.02077278 0.20252564 0.02948280 0.20151854 0.03185077 0.20414439 0.03402824 0.20389261 0.03639632 0.20651919 0.04728398 0.20526030 0.05201970 0.21051201 0.05400712 0.20738257 0.06271658 0.20637554 0.05966847 0.16033073 0.04660373 0.16184135 0.04423587 0.15921550 0.04290231 0.13907071 0.04488918 0.13594133 0.04924446 0.13543775 0.05123129 0.13230764 0.05776338 0.13155237 0.05261970 0.05385194 0.04173232 0.05511080 0.03936445 0.05248472 0.03822141 0.03521800 0.04020827 0.03208840 0.05109565 0.03082954 0.05071464 0.02507394 0.00000000 0.03093785 0.00000000 0.19912748
0 0.70485207 0.09125462 0.71803163 0.14623168 0.73653302 0.13361723 0.72837935 0.09027368 0.71693558 0.09690307 0.71483288 0.08484014 0.70485207 0.09125462
0 0.67814299 0.08775471 0.66097670 0.09770006 0.67625908 0.16474235 0.69342536 0.15479700 0.67814299 0.08775471
0 0.14665875 0.80786102 0.17903873 0.92414906 0.23759504 0.92452509 0.20299187 0.80845628 0.14665875 0.80786102
0 0.09467533 0.82936924 0.10555132 0.87000374 0.13230218 0.87061997 0.12250873 0.83005986 0.09467533 0.82936924
0 0.23000184 0.76723385 0.23192460 0.74098260 0.14298446 0.74460462 0.14136181 0.75924936 0.23000184 0.76723385
0 0.06241381 0.76333771 0.05883482 0.74803155 0.01735120 0.74972094 0.01530269 0.76336066 0.06241381 0.76333771
0 0.95635944 1.00000000 0.95676062 0.89449930 0.92102747 0.89973630 0.91970766 1.00000000 0.95635944 1.00000000
0 0.56360670 0.73953099 0.55957031 0.74580456 0.55957031 0.81226842 0.56263601 0.80676785 0.56702928 0.81134374 0.57210048 0.80257319 0.57665497 0.80849358 0.58267703 0.79854037 0.58706018 0.80260074 0.60175333 0.78357469 0.60364335 0.78447817 0.63191796 0.73953099 0.56742418 0.73953099 0.56654402 0.74176121 0.56493156 0.73953099 0.56360670 0.73953099
