0 0.55081138 0.35817308 0.53408293 0.35580109 0.53348764 0.35715891 0.54064008 0.35817308 0.55081138 0.35817308
0 0.55973988 0.35511315 0.56033501 0.35375568 0.53646362 0.35037088 0.53586849 0.35172834 0.55973988 0.35511315
0 0.56509639 0.34289525 0.56569153 0.34153778 0.54182014 0.33815298 0.54122501 0.33951045 0.56509639 0.34289525
0 0.56747709 0.33746504 0.56807222 0.33610757 0.54420083 0.33272276 0.54360570 0.33408023 0.56747709 0.33746504
0 0.52797234 0.35817308 0.53347512 0.34562157 0.53645736 0.34460221 0.54361884 0.34561766 0.54541050 0.34731393 0.56212041 0.34968328 0.56331084 0.34696800 0.53705249 0.34324474 0.53526067 0.34154882 0.54121248 0.32797311 0.54419457 0.32695409 0.54598639 0.32865001 0.56985778 0.33203482 0.57104805 0.32931989 0.54478970 0.32559662 0.54299788 0.32390070 0.54478344 0.31982796 0.49704127 0.31305843 0.49347031 0.32120358 0.49048822 0.32222259 0.48691711 0.33036809 0.48393441 0.33138702 0.47976816 0.34088998 0.47678607 0.34190900 0.47321495 0.35005449 0.47023287 0.35107350 0.46712030 0.35817308 0.52797234 0.35817308
0 0.45444296 0.35817308 0.45532165 0.35616883 0.45830374 0.35514981 0.46246999 0.34564685 0.46545208 0.34462784 0.46961833 0.33512487 0.47260042 0.33410586 0.47736180 0.32324543 0.48034389 0.32222642 0.48629570 0.30865070 0.46242492 0.30526599 0.46004423 0.31069620 0.45706199 0.31171556 0.45349102 0.31986071 0.45050893 0.32087972 0.44693782 0.32902522 0.44395512 0.33004415 0.44038416 0.33818930 0.44217644 0.33988565 0.44039088 0.34395840 0.43740818 0.34497733 0.43383722 0.35312248 0.43085498 0.35414184 0.43264680 0.35583776 0.44911667 0.35817308 0.45444296 0.35817308
0 1.00000000 0.14515596 0.97843976 0.12230804 0.95201108 0.13400582 1.00000000 0.18515987 1.00000000 0.14515596
0 1.00000000 0.22248495 0.94403570 0.16075434 0.92099304 0.17982749 1.00000000 0.26398186 1.00000000 0.22248495
0 1.00000000 0.29858118 0.90348273 0.19766755 0.88289963 0.21735393 1.00000000 0.34198462 1.00000000 0.29858118
0 0.97919931 0.35817308 0.86261985 0.23058480 0.84510955 0.24842486 0.94425283 0.35817308 0.97919931 0.35817308
0 0.90898691 0.35817308 0.82391321 0.27057080 0.80855585 0.29025388 0.87307369 0.35817308 0.90898691 0.35817308
0 0.62980769 0.35817308 0.52308800 0.35817308 0.44554525 0.42497319 0.59780066 0.57396408 0.62980769 0.54286842 0.62980769 0.35817308
0 0.31177038 0.82006205 0.45340574 0.70254707 0.31713084 0.54709075 0.18041130 0.66060647 0.31177038 0.82006205
