0 0.25275653 0.70937500 0.25226968 0.70885292 0.25336028 0.67762236 0.25659303 0.67460854 0.25801084 0.63400769 0.19867181 0.63193553 0.19565797 0.62870358 0.19253507 0.62859453 0.19133540 0.66294878 0.18810265 0.66596260 0.18679392 0.70343975 0.18356197 0.70645360 0.18345995 0.70937500 0.25275653 0.70937500
0 0.31003114 0.70937500 0.31171777 0.70780219 0.31182682 0.70467929 0.31505957 0.70166548 0.31527771 0.69541889 0.31850966 0.69240505 0.31872780 0.68615845 0.32195975 0.68314461 0.32217785 0.67689882 0.32540980 0.67388497 0.32551889 0.67076128 0.32875084 0.66774744 0.32896897 0.66150084 0.33220172 0.65848703 0.33241983 0.65224124 0.33565178 0.64922739 0.33586992 0.64298080 0.33910187 0.63996696 0.33921095 0.63684326 0.34244370 0.63382945 0.34266181 0.62758366 0.34589376 0.62456981 0.34611189 0.61832322 0.34934384 0.61530938 0.34956198 0.60906278 0.35279393 0.60604894 0.35290298 0.60292605 0.35613493 0.59991220 0.35635307 0.59366561 0.35958582 0.59065180 0.35980396 0.58440521 0.36303591 0.58139136 0.36325401 0.57514557 0.36648599 0.57213093 0.36659505 0.56900803 0.36982780 0.56599422 0.37004593 0.55974762 0.37327788 0.55673378 0.37349599 0.55048799 0.37672797 0.54747335 0.37694607 0.54122755 0.38017805 0.53821291 0.38061427 0.52572133 0.38384625 0.52270668 0.38450060 0.50396851 0.38773335 0.50095469 0.39085625 0.50106374 0.39151063 0.48232477 0.39474258 0.47931092 0.39496071 0.47306433 0.38559122 0.47273714 0.38257738 0.46950519 0.26077642 0.46525181 0.25776258 0.46201986 0.19842435 0.45994772 0.19519160 0.46296154 0.19170165 0.56290062 0.19794824 0.56311876 0.20096209 0.56635071 0.20074395 0.57259730 0.19751200 0.57561114 0.18814251 0.57528395 0.18650659 0.62213060 0.24896852 0.62431181 0.25198236 0.62754377 0.27384423 0.62830720 0.27685807 0.63153915 0.27674902 0.63466204 0.27351704 0.63767669 0.26727125 0.63745858 0.26694406 0.64682807 0.26371131 0.64984188 0.26360226 0.65296478 0.26984885 0.65318292 0.27286269 0.65641487 0.27275364 0.65953776 0.27576745 0.66277051 0.27253550 0.66578435 0.26628971 0.66556625 0.26475987 0.70937500 0.31003114 0.70937500
0 0.32862219 0.22372286 0.33004001 0.18312201 0.29256285 0.18181327 0.28954901 0.17858132 0.28965806 0.17545843 0.23344273 0.17349535 0.23020998 0.17650916 0.21459469 0.17596386 0.21317691 0.21656392 0.27563884 0.21874513 0.27865265 0.22197788 0.32862219 0.22372286
0 0.43750000 0.12987615 0.43517492 0.12738281 0.43528400 0.12425911 0.41719938 0.10486655 0.41730843 0.10174366 0.39018233 0.07265365 0.39040044 0.06640786 0.38437198 0.05994313 0.38124909 0.05983408 0.37823524 0.05660213 0.37511155 0.05649304 0.36908387 0.05002914 0.36930200 0.04378255 0.36025970 0.03408587 0.34776732 0.03364963 0.34744012 0.04301912 0.34420818 0.04603296 0.34050009 0.15221863 0.33726814 0.15523247 0.33345100 0.26454105 0.33021905 0.26755489 0.32709535 0.26744581 0.32408151 0.26421386 0.32506308 0.23610539 0.30320121 0.23534196 0.30018736 0.23211001 0.30029642 0.22898711 0.25969637 0.22756932 0.25668252 0.22433738 0.22857406 0.22335581 0.22846500 0.22647870 0.22523305 0.22949254 0.21274067 0.22905630 0.21575451 0.23228825 0.21542732 0.24165774 0.21219534 0.24467238 0.20907244 0.24456333 0.20776374 0.28203968 0.22962562 0.28280312 0.23263943 0.28603587 0.33257851 0.28952582 0.33559236 0.29275777 0.34808474 0.29319401 0.34884817 0.27133214 0.34572528 0.27122308 0.34271063 0.26799111 0.34594338 0.26497729 0.35531287 0.26530448 0.35832672 0.26853643 0.35767237 0.28727461 0.37016475 0.28771085 0.37317857 0.29094360 0.37296046 0.29718940 0.36972848 0.30020404 0.32288183 0.29856812 0.31986802 0.29533537 0.22929843 0.29217261 0.22628378 0.28894063 0.20754561 0.28828628 0.20590968 0.33513292 0.20267773 0.33814677 0.19966309 0.33491479 0.20315304 0.23497570 0.20638582 0.23196109 0.20998482 0.12889911 0.21321677 0.12588527 0.21441645 0.09153101 0.20504696 0.09120382 0.18242165 0.11230226 0.17929876 0.11219321 0.15667345 0.13329165 0.15355055 0.13318259 0.13738997 0.14825257 0.13695373 0.16074496 0.13372178 0.16375880 0.12747519 0.16354067 0.12725705 0.16978726 0.12402510 0.17280110 0.12090141 0.17269202 0.12046516 0.18518441 0.11723321 0.18819825 0.10786452 0.18787109 0.10764639 0.19411768 0.10441364 0.19713149 0.10129074 0.19702244 0.10074544 0.21263772 0.09751346 0.21565237 0.09438977 0.21554328 0.09137595 0.21231053 0.09104876 0.22168002 0.08781681 0.22469387 0.08157102 0.22447576 0.08135288 0.23072235 0.07812013 0.23373616 0.07499724 0.23362711 0.07176529 0.23664095 0.07154715 0.24288754 0.06831440 0.24590136 0.06519151 0.24579231 0.06497340 0.25203810 0.05850947 0.25806658 0.05538657 0.25795753 0.05495033 0.27044991 0.05171758 0.27346373 0.04547178 0.27324562 0.04514460 0.28261511 0.04191185 0.28562893 0.03566605 0.28541082 0.03446638 0.31976508 0.04071217 0.31998318 0.04372681 0.32321516 0.04049406 0.32622897 0.04016687 0.33559847 0.04318148 0.33883124 0.04942728 0.33904935 0.04953636 0.33592566 0.05276911 0.33291184 0.05589201 0.33302089 0.05611014 0.32677430 0.05934209 0.32376046 0.06558788 0.32397857 0.06569694 0.32085567 0.06892969 0.31784186 0.07205258 0.31795091 0.07506643 0.32118286 0.07484832 0.32742865 0.07161634 0.33044330 0.06849345 0.33033424 0.06827534 0.33658003 0.06504256 0.33959465 0.07128915 0.33981278 0.07430299 0.34304473 0.07397583 0.35241343 0.07074386 0.35542807 0.04888198 0.35466463 0.04844574 0.36715702 0.05469233 0.36737515 0.05770617 0.37060710 0.05447422 0.37362095 0.05414703 0.38299043 0.06039283 0.38320854 0.06340667 0.38644049 0.06297042 0.39893288 0.07546361 0.39936915 0.07847745 0.40260110 0.07825932 0.40884769 0.07502737 0.41186154 0.06878077 0.41164340 0.06834453 0.42413578 0.06511258 0.42714963 0.05886598 0.42693149 0.05240206 0.43295998 0.05196581 0.44545236 0.04873386 0.44846621 0.04248727 0.44824807 0.04183289 0.46698705 0.02890426 0.47904319 0.02578137 0.47893413 0.00638803 0.49701793 0.00584271 0.51263402 0.00261076 0.51564786 0.00000000 0.51555669 0.00000000 0.54995204 0.00453401 0.55011037 0.00507931 0.53449509 0.00831126 0.53148125 0.00874750 0.51898886 0.01198025 0.51597505 0.03384132 0.51673845 0.03416851 0.50736896 0.03740126 0.50435515 0.04677075 0.50468234 0.04978459 0.50791429 0.09663124 0.50955021 0.09964508 0.51278216 0.09953600 0.51590586 0.09630405 0.51891970 0.08693456 0.51859251 0.08682551 0.52171541 0.08359276 0.52472922 0.06797747 0.52418392 0.06474552 0.52719777 0.06162263 0.52708871 0.04869397 0.53914565 0.04244738 0.53892752 0.03275073 0.54796902 0.02962783 0.54785996 0.02951878 0.55098286 0.02305485 0.55701134 0.02294579 0.56013424 0.01648107 0.56616270 0.01637201 0.56928559 0.01314006 0.57229943 0.01292193 0.57854603 0.01593577 0.58177798 0.01582672 0.58490087 0.01259474 0.58791552 0.00322525 0.58758833 0.00300714 0.59383412 0.00000000 0.59663832 0.00000000 0.70937500 0.17407903 0.70937500 0.17604651 0.65303397 0.17927846 0.65002013 0.18211403 0.56882002 0.14463767 0.56751132 0.14162306 0.56427854 0.14314989 0.52055559 0.14961462 0.51452713 0.17459939 0.51539962 0.17761321 0.51863237 0.18698270 0.51895956 0.18949111 0.44712815 0.19272306 0.44411430 0.19621301 0.34417522 0.19944498 0.34116058 0.20245960 0.34439336 0.20169619 0.36625443 0.25166573 0.36799941 0.25467955 0.37123216 0.36086443 0.37494022 0.36387827 0.37817217 0.42009440 0.38013527 0.42020345 0.37701238 0.41395686 0.37679424 0.41094305 0.37356149 0.41116116 0.36731570 0.41439313 0.36430106 0.42688632 0.36473733 0.42721348 0.35536864 0.43044543 0.35235480 0.43055451 0.34923110 0.43378646 0.34621726 0.43690936 0.34632631 0.43750000 0.32941262 0.43750000 0.30569737 0.39772709 0.30430847 0.39471325 0.30107652 0.39794523 0.29806188 0.43750000 0.29944317 0.43750000 0.12987615
0 0.29736153 0.04439704 0.29111574 0.04417893 0.29100666 0.04730263 0.28777471 0.05031647 0.28152811 0.05009833 0.28141906 0.05322123 0.27495436 0.05924888 0.26558567 0.05892173 0.26235369 0.06193637 0.25922999 0.06182728 0.25599804 0.06484112 0.25287515 0.06473207 0.24964240 0.06774589 0.24651950 0.06763683 0.24641042 0.07076053 0.24317847 0.07377437 0.23068608 0.07333813 0.22745413 0.07635197 0.22433044 0.07624289 0.22109849 0.07925673 0.21924446 0.13234917 0.21601248 0.13536381 0.21503094 0.16347148 0.28686235 0.16597989 0.29009431 0.16296604 0.33069436 0.16438383 0.33222123 0.12066008 0.33545397 0.11764627 0.33839863 0.03332247 0.32590544 0.03288619 0.32267349 0.03590003 0.31642770 0.03568193 0.31631862 0.03880562 0.31308667 0.04181947 0.30059348 0.04138319 0.29736153 0.04439704
0 0.48848281 0.42582806 0.51659128 0.42680963 0.51702752 0.41431724 0.49204275 0.41344475 0.49193370 0.41656765 0.48870092 0.41958226 0.47933223 0.41925510 0.47922318 0.42237800 0.48546897 0.42259611 0.48848281 0.42582806
0 0.58562619 0.41983946 0.58885814 0.41682562 0.59198184 0.41693470 0.59499568 0.42016665 0.59412319 0.44515142 0.62847745 0.44635110 0.62858650 0.44322821 0.63181846 0.44021436 0.67554220 0.44174123 0.67619658 0.42300225 0.66994999 0.42278412 0.66693615 0.41955217 0.66704520 0.41642927 0.64518333 0.41566583 0.64216948 0.41243388 0.64227854 0.40931099 0.61729377 0.40843850 0.61427915 0.40520572 0.60803336 0.40498762 0.60759712 0.41748000 0.60436517 0.42049384 0.59811857 0.42027571 0.59510473 0.41704376 0.59543189 0.40767507 0.58606241 0.40734788 0.58304859 0.40411513 0.58315764 0.40099223 0.56129577 0.40022880 0.56085953 0.41272118 0.55762757 0.41573503 0.52639701 0.41464443 0.52574263 0.43338341 0.58508087 0.43545554 0.58562619 0.41983946
0 0.43750000 0.43409235 0.43818608 0.43345257 0.44130978 0.43356165 0.44163697 0.42419216 0.44486892 0.42117832 0.45423841 0.42150551 0.45434746 0.41838262 0.46081139 0.41235413 0.46705798 0.41257227 0.47028993 0.40955843 0.47653653 0.40977656 0.47686372 0.40040707 0.48009567 0.39739323 0.49883384 0.39804758 0.50486230 0.40451231 0.50475325 0.40763520 0.54847620 0.40916204 0.54858525 0.40603915 0.55181803 0.40302453 0.55214522 0.39365504 0.54913058 0.39042307 0.54288478 0.39020496 0.53987014 0.38697298 0.54019733 0.37760349 0.50584387 0.37640384 0.50573479 0.37952754 0.50250284 0.38254138 0.49313335 0.38221419 0.48990060 0.38522800 0.46803953 0.38446460 0.46793047 0.38758749 0.46469772 0.39060131 0.46157483 0.39049226 0.45834285 0.39350690 0.45521995 0.39339784 0.45198800 0.39641169 0.44574141 0.39619355 0.43927668 0.40222201 0.43750000 0.40215996 0.43750000 0.43409235
0 0.43750000 0.38652484 0.45543808 0.38715125 0.45576525 0.37778256 0.45899722 0.37476792 0.48085910 0.37553135 0.49055498 0.36648903 0.49367867 0.36659811 0.50014258 0.36057043 0.51263496 0.36100667 0.51586691 0.35799283 0.51597597 0.35486993 0.51920874 0.35185532 0.52857823 0.35218250 0.52868728 0.34905961 0.53191923 0.34604577 0.54128793 0.34637293 0.54216041 0.32138816 0.53279172 0.32106099 0.52977791 0.31782824 0.52999602 0.31158245 0.52062653 0.31125526 0.51761188 0.30802328 0.51815721 0.29240720 0.51191142 0.29218909 0.50889757 0.28895714 0.50911568 0.28271135 0.49974619 0.28238416 0.49673235 0.27915221 0.49793203 0.24479795 0.49168544 0.24457982 0.48867162 0.24134707 0.48954411 0.21636229 0.48642121 0.21625324 0.48340737 0.21302129 0.48362548 0.20677550 0.48685743 0.20376166 0.50559561 0.20441601 0.50581374 0.19816942 0.50904649 0.19515560 0.52153808 0.19559182 0.52164716 0.19246812 0.52487991 0.18945431 0.52800281 0.18956336 0.52822092 0.18331757 0.53145287 0.18030372 0.53156195 0.17718003 0.53479470 0.17416621 0.53512189 0.16479673 0.52887529 0.16457859 0.52586145 0.16134664 0.52618864 0.15197715 0.52942059 0.14896331 0.53879008 0.14929050 0.53955352 0.12742862 0.54278547 0.12441478 0.55215495 0.12474197 0.55237309 0.11849538 0.55560504 0.11548153 0.56497453 0.11580872 0.56519264 0.10956293 0.56842459 0.10654909 0.58403987 0.10709439 0.58414895 0.10397069 0.58738170 0.10095687 0.58749076 0.09783398 0.59072273 0.09481934 0.59148614 0.07295826 0.58836324 0.07284921 0.58534863 0.06961643 0.58556674 0.06337064 0.58255289 0.06013869 0.58298914 0.04764630 0.56737386 0.04710100 0.56436004 0.04386825 0.52688208 0.04255949 0.52666395 0.04880609 0.52343200 0.05181993 0.50157012 0.05105650 0.50135199 0.05730309 0.49812004 0.06031693 0.49187425 0.06009883 0.49176519 0.06322172 0.48853324 0.06623556 0.48540955 0.06612648 0.48519141 0.07237307 0.48195946 0.07538692 0.47258997 0.07505972 0.47237183 0.08130632 0.47861843 0.08152445 0.48163227 0.08475640 0.48141416 0.09100220 0.47818218 0.09401684 0.47807313 0.09713974 0.47484038 0.10015355 0.47171748 0.10004450 0.47117218 0.11565978 0.46794021 0.11867442 0.46674053 0.15302868 0.46350858 0.15604252 0.46038568 0.15593347 0.45715293 0.15894728 0.43750000 0.15826099 0.43750000 0.38652484
0 0.54058612 0.70937500 0.43750000 0.75589456 0.43750000 0.77208950 0.57470140 0.70937500 0.54058612 0.70937500
