0 0.07685216 0.50976562 0.07526625 0.49294877 0.07721718 0.49079167 0.07254036 0.44119893 0.01694652 0.44571123 0.02298714 0.50976562 0.07685216 0.50976562
0 0.24275681 0.50976562 0.24028479 0.48355247 0.24223583 0.48139536 0.23774612 0.43378669 0.23969715 0.43162959 0.23520744 0.38402092 0.09836039 0.39512817 0.09948279 0.40703008 0.10375899 0.40668300 0.10608474 0.40849349 0.12960546 0.40658442 0.13193062 0.40839445 0.13305302 0.42029637 0.12915045 0.42461113 0.10135353 0.42686728 0.10415961 0.45662283 0.12126549 0.45523442 0.12359065 0.45704445 0.13214359 0.45635024 0.13446930 0.45816023 0.13577881 0.47204622 0.13382722 0.47420337 0.10389220 0.47663306 0.10669828 0.50638860 0.13449520 0.50413245 0.13682036 0.50594248 0.13718090 0.50976562 0.24275681 0.50976562
0 0.76438398 0.50976562 0.84330716 0.50195273 0.84490683 0.49979562 0.83938508 0.42838211 0.84098519 0.42622496 0.83883788 0.39845349 0.83693099 0.39664300 0.79836190 0.40046109 0.79645549 0.39865106 0.74210773 0.40403115 0.74226110 0.40601472 0.74066147 0.40817233 0.74219526 0.42800902 0.76498610 0.42575287 0.76689255 0.42756341 0.76735266 0.43351411 0.76575299 0.43567122 0.76399951 0.43584480 0.76209310 0.43403478 0.74982093 0.43524964 0.74997430 0.43723321 0.74837467 0.43939083 0.74311556 0.43991144 0.74587640 0.47561769 0.74762943 0.47544415 0.74953588 0.47725469 0.76706716 0.47551920 0.76897402 0.47732919 0.76928076 0.48129632 0.76768064 0.48345347 0.75190240 0.48501542 0.75030278 0.48717304 0.74679670 0.48752011 0.74519658 0.48967727 0.74674983 0.50976562 0.76438398 0.50976562
0 0.85904246 0.40844637 0.85744280 0.41060348 0.85043020 0.41129769 0.85395796 0.45692279 0.87674880 0.45466664 0.87865521 0.45647667 0.87896200 0.46044431 0.87736233 0.46260142 0.86158409 0.46416336 0.86173750 0.46614744 0.86013783 0.46830455 0.85487827 0.46882521 0.85733236 0.50056432 0.94148357 0.49223388 0.93810918 0.44859235 0.93970884 0.44643524 0.93694801 0.41072899 0.93854809 0.40857134 0.94906676 0.40753005 0.94768635 0.38967693 0.94928601 0.38751982 0.96155818 0.38630496 0.95956424 0.36051705 0.96116386 0.35835944 0.97168299 0.35731811 0.96922890 0.32557900 0.92014069 0.33043842 0.92060084 0.33638963 0.91900118 0.33854674 0.89620989 0.34080293 0.89430348 0.33899290 0.89415011 0.33700933 0.89574977 0.33485223 0.89544299 0.33088458 0.84635479 0.33574401 0.85126297 0.39922223 0.87230077 0.39713962 0.87611408 0.40076014 0.87642082 0.40472728 0.87482070 0.40688443 0.85904246 0.40844637
0 0.73438418 0.50976562 0.73108430 0.46708775 0.73268397 0.46493065 0.73207044 0.45699587 0.72505784 0.45769007 0.72315095 0.45587958 0.72299757 0.45389601 0.70897237 0.45528442 0.70706596 0.45347439 0.70675922 0.44950726 0.70835885 0.44734964 0.73115014 0.44509345 0.72762241 0.39946885 0.70483112 0.40172505 0.70292467 0.39991451 0.70246452 0.39396330 0.70406419 0.39180619 0.72860851 0.38937646 0.72845514 0.38739289 0.72654874 0.38558286 0.71778265 0.38645065 0.71587624 0.38464062 0.71403563 0.36083578 0.71212922 0.35902575 0.70336358 0.35989349 0.70145672 0.35808351 0.70114998 0.35411637 0.69924353 0.35230584 0.69047790 0.35317358 0.68666463 0.34955357 0.67263943 0.35094198 0.67073298 0.34913144 0.66021430 0.35017272 0.65861422 0.35233038 0.65160207 0.35302454 0.65328927 0.37484531 0.65008949 0.37915957 0.64132385 0.38002731 0.64377794 0.41176643 0.64217827 0.41392353 0.64417225 0.43971194 0.65469093 0.43867066 0.65659734 0.44048069 0.66089200 0.49602414 0.66965764 0.49515639 0.67156450 0.49696638 0.67248476 0.50886829 0.67181932 0.50976562 0.73438418 0.50976562
0 0.69484184 0.06690237 0.70536052 0.06586108 0.70726693 0.06767111 0.70742030 0.06965468 0.71969246 0.06843981 0.72159887 0.07024984 0.72221239 0.07818462 0.72061276 0.08034223 0.72251917 0.08215226 0.73128526 0.08128447 0.73319167 0.08309450 0.73365182 0.08904571 0.74417095 0.08800439 0.74607736 0.08981441 0.74623073 0.09179798 0.75674941 0.09075670 0.75865630 0.09256719 0.76065024 0.11835509 0.77116892 0.11731381 0.77307533 0.11912384 0.77476253 0.14094461 0.77316286 0.14310171 0.76264418 0.14414299 0.76371786 0.15802898 0.76211774 0.16018613 0.74984603 0.16140096 0.75091970 0.17528695 0.74931959 0.17744410 0.74055395 0.17831184 0.73895428 0.18046895 0.74401584 0.24593074 0.75453451 0.24488946 0.75644141 0.24669995 0.75782183 0.26455308 0.75622171 0.26671023 0.76542456 0.38573190 0.76382489 0.38788901 0.76397830 0.38987309 0.76588471 0.39168311 0.77815687 0.39046825 0.77975654 0.38831114 0.79202871 0.38709627 0.79393511 0.38890630 0.83776421 0.38456750 0.83531012 0.35282838 0.81251883 0.35508458 0.81061242 0.35327455 0.81015226 0.34732334 0.81175193 0.34516623 0.82402410 0.34395137 0.82593050 0.34576139 0.83469659 0.34489361 0.83316280 0.32505692 0.83476243 0.32289930 0.83200160 0.28719305 0.81972943 0.28840792 0.81591658 0.28478736 0.80890353 0.28548160 0.80699712 0.28367157 0.80669038 0.27970444 0.80829000 0.27754682 0.83108129 0.27529063 0.82724678 0.22569839 0.81672766 0.22673972 0.81482125 0.22492969 0.81131517 0.22527677 0.80940828 0.22346628 0.80414871 0.22398694 0.80224230 0.22217692 0.80193556 0.21820978 0.80353523 0.21605267 0.82632652 0.21379648 0.82525284 0.19991049 0.82685251 0.19775338 0.82409164 0.16204663 0.81707904 0.16274083 0.81517263 0.16093080 0.81501922 0.15894673 0.80099402 0.16033513 0.79908716 0.15852515 0.79878042 0.15455801 0.80038053 0.15240086 0.82317137 0.15014471 0.81887667 0.09460076 0.82047634 0.09244365 0.81924929 0.07657409 0.80697713 0.07778896 0.80507072 0.07597893 0.79630508 0.07684667 0.79439867 0.07503665 0.79393852 0.06908544 0.79553819 0.06692833 0.80781035 0.06571346 0.80971676 0.06752349 0.81848240 0.06665575 0.81464788 0.01706341 0.73049667 0.02539385 0.73095681 0.03134490 0.72935715 0.03350216 0.72234455 0.03419637 0.72043813 0.03238619 0.70641293 0.03377459 0.70450606 0.03196446 0.70404592 0.02601340 0.67774900 0.02861662 0.67584213 0.02680649 0.66882998 0.02750065 0.66959689 0.03741915 0.66799678 0.03957645 0.66999073 0.06536446 0.69278157 0.06310831 0.69468843 0.06491829 0.69484184 0.06690237
0 0.83452736 0.00000000 0.83461202 0.00109491 0.83301236 0.00325212 0.82599976 0.00394632 0.83290187 0.09321235 0.85393968 0.09112974 0.85584613 0.09294028 0.85615287 0.09690741 0.85455324 0.09906503 0.83877500 0.10062697 0.84068141 0.10243700 0.83908174 0.10459411 0.83206914 0.10528831 0.83789763 0.18066896 0.85016979 0.17945409 0.85207620 0.18126412 0.86084184 0.18039638 0.86274825 0.18220641 0.86305499 0.18617354 0.86145536 0.18833116 0.84918320 0.18954602 0.84758353 0.19170313 0.83706486 0.19274441 0.84120615 0.24630429 0.86399699 0.24404814 0.86590340 0.24585817 0.86636355 0.25180938 0.86476388 0.25396649 0.86125736 0.25431361 0.85935095 0.25250359 0.85058531 0.25337133 0.84738553 0.25768559 0.84212641 0.25820621 0.84580755 0.30581488 0.84420747 0.30797254 0.84528111 0.32185802 0.84718801 0.32366851 0.89452273 0.31898267 0.89406257 0.31303146 0.89566220 0.31087384 0.91845349 0.30861765 0.92035994 0.31042819 0.92082009 0.31637940 0.94361093 0.31412325 0.94551779 0.31593323 0.96830863 0.31367708 0.96677480 0.29383988 0.95800917 0.29470763 0.95610231 0.29289764 0.95364822 0.26115853 0.95174181 0.25934850 0.94823528 0.25969562 0.94632883 0.25788509 0.94282276 0.25823217 0.94091635 0.25642214 0.93953593 0.23856902 0.92901680 0.23961034 0.92711040 0.23780032 0.92665025 0.23184911 0.91613112 0.23289043 0.91422471 0.23108040 0.91207736 0.20330843 0.90155823 0.20434975 0.89965182 0.20253972 0.89612406 0.15691462 0.89772372 0.15475751 0.89342906 0.09921407 0.88291039 0.10025535 0.88100398 0.09844532 0.87916341 0.07464099 0.88076303 0.07248337 0.87984277 0.06058146 0.87793636 0.05877143 0.86741723 0.05981276 0.86551079 0.05800222 0.86290333 0.02427964 0.86450299 0.02212243 0.88904732 0.01969270 0.88752466 0.00000000 0.83452736 0.00000000
0 0.15225924 0.67389111 0.12292802 0.66401623 0.00488815 0.83635380 0.00404496 0.84430680 0.01944821 0.86189124 0.05701614 0.87852753 0.17291569 0.71431318 0.17555875 0.69239988 0.15225924 0.67389111
0 1.00000000 0.84108624 0.90955573 0.84969661 0.90764932 0.84795593 0.90703579 0.84032517 0.80885938 0.84967164 0.80695293 0.84793048 0.80618604 0.83839214 0.70450310 0.84807244 0.71554651 0.98542619 0.71394688 0.98750114 0.71495181 1.00000000 0.76438397 1.00000000 0.97829961 0.97963506 0.97707257 0.96437353 0.97867224 0.96229907 0.97621814 0.93177601 0.97781822 0.92970103 0.97705133 0.92016269 0.97865099 0.91808823 0.98055740 0.91982891 1.00000000 0.91797796 1.00000000 0.84108624
0 0.68668670 1.00000000 0.67884095 0.90241753 0.68044061 0.90034307 0.67522565 0.83548134 0.65769392 0.83715037 0.65609429 0.83922532 0.61051261 0.84356473 0.60860616 0.84182357 0.60799264 0.83419280 0.57292941 0.83753085 0.57102287 0.83579018 0.55524454 0.83729229 0.56832644 1.00000000 0.68668670 1.00000000
0 0.76490450 0.50976562 0.65868347 0.51987795 0.66006389 0.53704715 0.65846424 0.53912175 0.62690776 0.54212596 0.63457680 0.63751050 0.63297668 0.63958501 0.63122364 0.63975190 0.62931723 0.63801122 0.60827943 0.64001404 0.60637302 0.63827336 0.60111346 0.63877407 0.60540812 0.69218942 0.60380800 0.69426392 0.57400465 0.69710122 0.57446480 0.70282442 0.57286505 0.70489889 0.57577929 0.74114514 0.57417954 0.74321961 0.57540658 0.75848113 0.64202616 0.75213890 0.64393301 0.75387953 0.64454654 0.76151029 0.66383085 0.75967441 0.66573730 0.76141558 0.71131943 0.75707612 0.71322584 0.75881680 0.71399274 0.76835513 0.79639091 0.76051076 0.79829732 0.76225144 0.81056948 0.76108312 0.81247593 0.76282429 0.81293604 0.76854699 0.90059378 0.76020190 0.90250019 0.76194258 0.99892357 0.75276300 0.99646947 0.72223994 0.97543167 0.72424276 0.97352481 0.72250212 0.97137750 0.69579470 0.97297758 0.69371970 0.97205731 0.68227380 0.97365698 0.68019934 0.99294174 0.67836342 0.98972076 0.63830203 0.97218903 0.63997106 0.97058936 0.64204552 0.96868296 0.64030485 0.96760928 0.62695089 0.96920895 0.62487643 0.96690823 0.59626094 0.96850789 0.59418648 0.98603962 0.59251745 0.98113142 0.53147109 0.96359969 0.53314013 0.96169327 0.53139930 0.96153989 0.52949163 0.96313955 0.52741708 0.96172035 0.50976562 0.76490450 0.50976562
