0 0.31644476 0.00000000 0.31794862 0.02172459 0.36947895 0.01602676 0.36929861 0.01342166 0.37117989 0.01058860 0.37044690 0.00000000 0.31644476 0.00000000
0 0.82031803 0.51156030 0.82937211 0.50336606 0.83715692 0.49451599 0.84609057 0.47950801 0.85170470 0.46708995 0.85750017 0.44716989 0.86500751 0.41910450 0.87253259 0.39383219 0.87977924 0.36706677 0.87890884 0.35699758 0.88160277 0.33775417 0.88147977 0.31570692 0.87972978 0.30303076 0.87650776 0.27917254 0.87208508 0.26832300 0.86676155 0.25456215 0.85689000 0.24585856 0.84716562 0.27220815 0.83893018 0.29732420 0.83043456 0.32374014 0.82290944 0.34901153 0.81529698 0.37554663 0.80817988 0.40166172 0.80155565 0.42984535 0.79525764 0.45516011 0.78859124 0.48273127 0.78152859 0.51723001 0.78975138 0.51978697 0.79797727 0.51985713 0.81049265 0.51619290 0.82031803 0.51156030
0 0.76135838 0.14667760 0.74030682 0.20910102 0.83129369 0.29059664 0.85299508 0.22492127 0.83632634 0.20897293 0.81739897 0.19071854 0.80279473 0.17680714 0.79219033 0.16761804 0.76135838 0.14667760
0 0.69701847 0.36996299 0.68296268 0.43490184 0.69225507 0.44282181 0.69121858 0.44553626 0.69431097 0.45232275 0.70721611 0.46442944 0.72248856 0.47788465 0.74051499 0.49322587 0.75314217 0.50383846 0.76429428 0.50575670 0.77470862 0.51218884 0.78775246 0.45032496 0.69701847 0.36996299
0 0.66445301 0.41002792 0.66928977 0.41674480 0.66956467 0.42072661 0.67651467 0.42511646 0.68925240 0.36388483 0.70251863 0.31031156 0.71668928 0.25716181 0.73189041 0.20627489 0.75013685 0.14881983 0.74462513 0.14753189 0.73754197 0.14627925 0.72772317 0.14593541 0.71583025 0.15101878 0.70382255 0.16203510 0.69098252 0.18380279 0.68223640 0.20405538 0.66999808 0.24465799 0.66101573 0.28175108 0.65380162 0.31659311 0.65425700 0.36623832 0.65876663 0.39354720 0.66445301 0.41002792
0 0.09693100 1.00000000 0.09180233 0.96341711 0.08149637 0.96397979 0.07925496 0.96280609 0.06276495 0.96370641 0.06052334 0.96253238 0.04609483 0.96332015 0.04385327 0.96214645 0.02942477 0.96293422 0.02718320 0.96176052 0.01687713 0.96232321 0.02215917 1.00000000 0.09693100 1.00000000
0 0.64883566 0.74723569 0.64899577 0.74852192 0.64732583 0.74992069 0.64183521 0.75025831 0.64471737 0.77341222 0.64837747 0.77318716 0.65036810 0.77436084 0.66029545 0.85411246 0.66578560 0.85377486 0.66777580 0.85494890 0.66825617 0.85880794 0.67740736 0.85824523 0.67939751 0.85941893 0.68854823 0.85885625 0.68838813 0.85757001 0.69005849 0.85617088 0.69371859 0.85594582 0.69355849 0.85465959 0.69522843 0.85326082 0.70803972 0.85247304 0.70970962 0.85107394 0.71153967 0.85096141 0.71321008 0.84956262 0.71504013 0.84945009 0.71671007 0.84805132 0.72769131 0.84737607 0.71328063 0.73160752 0.70046934 0.73239529 0.70062945 0.73368153 0.69895951 0.73508030 0.69346889 0.73541792 0.69442962 0.74313600 0.69275968 0.74453477 0.64883566 0.74723569
0 0.71646036 0.72752342 0.72046332 0.75968131 0.72245395 0.76085499 0.73270156 0.84317941 0.74368233 0.84250420 0.74352222 0.84121796 0.74519216 0.83981919 0.74885273 0.83959410 0.74869258 0.83830753 0.75036252 0.83690877 0.76317381 0.83612099 0.76301370 0.83483475 0.76468364 0.83343599 0.77566488 0.83276074 0.77733482 0.83136197 0.78099492 0.83113691 0.78083477 0.82985034 0.78250471 0.82845158 0.79165590 0.82788886 0.79332584 0.82649010 0.79698594 0.82626503 0.79865631 0.82486591 0.78456585 0.71166983 0.77358461 0.71234507 0.77374476 0.71363164 0.77207482 0.71503040 0.76109405 0.71570562 0.76205474 0.72342337 0.76038437 0.72482250 0.71646036 0.72752342
0 0.83883020 0.70314874 0.83716026 0.70454751 0.79323624 0.70724843 0.80764692 0.82301699 0.81496759 0.82256683 0.81297743 0.82139313 0.81464737 0.81999436 0.82013799 0.81965674 0.81997788 0.81837050 0.82164778 0.81697140 0.83079850 0.81640872 0.83413886 0.81361115 0.83779896 0.81338609 0.83946886 0.81198699 0.84129937 0.81187443 0.84296932 0.81047567 0.85028999 0.81002551 0.85195993 0.80862675 0.86294116 0.80795150 0.86461111 0.80655273 0.86827121 0.80632767 0.86795095 0.80375487 0.86962136 0.80235607 0.87511198 0.80201845 0.86134175 0.69139501 0.84670041 0.69229531 0.84686053 0.69358165 0.84519013 0.69498051 0.83603941 0.69554320 0.83635963 0.69811567 0.83834983 0.69928970 0.83883020 0.70314874
0 0.87001212 0.68697338 0.86818160 0.68708594 0.86651166 0.68848477 0.86468161 0.68859730 0.87540959 0.77478077 0.87739975 0.77595447 0.88012176 0.79782181 0.89293305 0.79703404 0.89277294 0.79574780 0.89444288 0.79434904 0.89627293 0.79423650 0.90025372 0.79658389 0.90391429 0.79635880 0.90558423 0.79496003 0.90741428 0.79484750 0.90908422 0.79344873 0.91274479 0.79322364 0.91441473 0.79182487 0.91624478 0.79171234 0.91791515 0.79031321 0.92157525 0.79008815 0.92324519 0.78868938 0.92690576 0.78846429 0.92857570 0.78706552 0.92665427 0.77162969 0.92832422 0.77023093 0.95028622 0.76888047 0.93987847 0.68526954 0.94154841 0.68387071 0.93994722 0.67100752 0.91981573 0.67224542 0.91814580 0.67364428 0.91448523 0.67386938 0.91528582 0.68030095 0.91194549 0.68309868 0.87168205 0.68557451 0.87001212 0.68697338
0 0.94528529 0.66944444 0.95728663 0.76585751 0.99022988 0.76383180 0.97848070 0.66944444 0.94528529 0.66944444
0 0.83832333 0.66944444 0.83992884 0.68234238 0.86006080 0.68110445 0.85974056 0.67853181 0.86141050 0.67713298 0.87422179 0.67634520 0.87589171 0.67494634 0.87772176 0.67483381 0.87939169 0.67343494 0.88488231 0.67309732 0.88472220 0.67181102 0.88639213 0.67041218 0.89920342 0.66962441 0.89918102 0.66944444 0.83832333 0.66944444
0 0.75457661 0.66944444 0.72970719 0.67097368 0.73290957 0.69670007 0.73489974 0.69787384 0.73682116 0.71330960 0.74597235 0.71274689 0.74565213 0.71017441 0.74732207 0.70877565 0.76562351 0.70765028 0.76546336 0.70636371 0.76713330 0.70496494 0.77811454 0.70428970 0.77779428 0.70171689 0.77946423 0.70031819 0.79593562 0.69930535 0.79577550 0.69801905 0.79744590 0.69662019 0.80842667 0.69594498 0.80810643 0.69337230 0.80977636 0.69197347 0.81526698 0.69163585 0.81510686 0.69034954 0.81677726 0.68895065 0.82226741 0.68861305 0.82425758 0.68978686 0.82974820 0.68944924 0.82958808 0.68816290 0.83125848 0.68676401 0.83308853 0.68665147 0.83094663 0.66944444 0.75457661 0.66944444
0 0.63689369 0.74019285 0.64970498 0.73940508 0.64938476 0.73683260 0.65105471 0.73543384 0.66935661 0.73430844 0.66919646 0.73302187 0.67086640 0.73162310 0.68001712 0.73106042 0.67985701 0.72977418 0.68152692 0.72837509 0.68884805 0.72792490 0.69051799 0.72652614 0.70149876 0.72585092 0.70133865 0.72456468 0.69934850 0.72339098 0.70101844 0.72199221 0.71749029 0.72097934 0.71717004 0.71840654 0.71883998 0.71700777 0.72799070 0.71644509 0.72510854 0.69329125 0.72677848 0.69189241 0.72421657 0.67131130 0.62355773 0.67750089 0.62643987 0.70065464 0.63193002 0.70031704 0.63392019 0.70149085 0.63552137 0.71435394 0.63385147 0.71575304 0.63689369 0.74019285
