0 0.62812500 0.36416807 0.62470283 0.36446747 0.62131758 0.36162690 0.61820467 0.36189925 0.61481862 0.35905875 0.61170571 0.35933110 0.60832046 0.35649053 0.60520675 0.35676295 0.60236618 0.36014820 0.60291087 0.36637402 0.60007031 0.36975927 0.60034272 0.37287298 0.59750216 0.37625823 0.59777450 0.37937114 0.59493401 0.38275719 0.59182030 0.38302961 0.58843498 0.38018824 0.58532207 0.38046059 0.58193602 0.37762009 0.57571020 0.37816478 0.57232495 0.37532422 0.56921204 0.37559656 0.56582592 0.37275527 0.56271301 0.37302761 0.55932775 0.37018705 0.55310114 0.37073181 0.54971588 0.36789124 0.54660297 0.36816358 0.54321772 0.36532302 0.54010402 0.36559543 0.53671876 0.36275487 0.53590166 0.35341534 0.53874216 0.35002929 0.53846981 0.34691638 0.54131117 0.34353106 0.54103883 0.34041815 0.54387939 0.33703290 0.54360698 0.33391919 0.53738037 0.33446395 0.53399511 0.33162339 0.53088220 0.33189573 0.52749615 0.32905523 0.52438324 0.32932758 0.52099792 0.32648622 0.51788501 0.32675856 0.51449976 0.32391800 0.51138605 0.32419041 0.50800080 0.32134985 0.50177418 0.32189460 0.49838893 0.31905404 0.49527602 0.31932638 0.49189077 0.31648582 0.48877786 0.31675816 0.48539174 0.31391687 0.48227883 0.31418922 0.47889358 0.31134865 0.47577987 0.31162107 0.47239462 0.30878050 0.46616880 0.30932519 0.46048687 0.31609577 0.45737396 0.31636811 0.45398871 0.31352754 0.45087500 0.31379996 0.44410442 0.30811803 0.44355973 0.30189221 0.44017448 0.29905165 0.43706157 0.29932399 0.43367552 0.29648350 0.42744970 0.29702818 0.42406358 0.29418689 0.42095067 0.29445924 0.41756542 0.29161867 0.41445251 0.29189102 0.41106726 0.28905045 0.40484064 0.28959521 0.40145532 0.28675385 0.39834161 0.28702626 0.39495636 0.28418570 0.39184345 0.28445804 0.38845820 0.28161748 0.38223158 0.28216223 0.37884633 0.27932167 0.37573342 0.27959402 0.37234737 0.27675352 0.36923446 0.27702586 0.36584914 0.27418450 0.35962332 0.27472919 0.35623727 0.27188869 0.35312436 0.27216104 0.34973911 0.26932048 0.34662540 0.26959289 0.34324007 0.26675152 0.33701426 0.26729622 0.33362900 0.26445565 0.33051530 0.26472806 0.32713004 0.26188750 0.32401713 0.26215984 0.32063108 0.25931935 0.31751818 0.25959169 0.31413292 0.25675113 0.30790710 0.25729582 0.30452098 0.25445452 0.30140807 0.25472687 0.29802282 0.25188630 0.29490912 0.25215872 0.29152386 0.24931815 0.28529804 0.24986284 0.28191272 0.24702148 0.27879901 0.24729389 0.27541376 0.24445333 0.27230085 0.24472567 0.26891480 0.24188518 0.26268898 0.24242987 0.25930373 0.23958930 0.25619082 0.23986164 0.25280477 0.23702115 0.24969186 0.23729349 0.24630654 0.23445213 0.24007992 0.23499689 0.23669467 0.23215632 0.23358176 0.23242867 0.23074119 0.23581392 0.23101361 0.23892763 0.22817225 0.24231295 0.22478699 0.23947239 0.22167408 0.23974473 0.21828796 0.23690344 0.21517505 0.23717578 0.20840455 0.23149465 0.21124504 0.22810860 0.21097270 0.22499569 0.20758744 0.22215513 0.20447453 0.22242748 0.20108848 0.21958698 0.19486267 0.22013167 0.19147662 0.21729117 0.18836371 0.21756352 0.18497838 0.21472215 0.18186547 0.21499450 0.17848022 0.21215393 0.17225361 0.21269869 0.16886835 0.20985813 0.16575465 0.21013054 0.16236932 0.20728918 0.15925641 0.20756152 0.15587116 0.20472096 0.14964454 0.20526572 0.14625929 0.20242515 0.14314638 0.20269750 0.13976033 0.19985700 0.13664742 0.20012934 0.13326217 0.19728878 0.12703635 0.19783347 0.12365023 0.19499217 0.12053732 0.19526452 0.11715207 0.19242396 0.11431071 0.19580928 0.11485547 0.20203589 0.11201490 0.20542115 0.11255959 0.21164697 0.10971909 0.21503302 0.10660618 0.21530536 0.10322086 0.21246400 0.10010715 0.21273641 0.09672190 0.20989585 0.09049528 0.21044061 0.08711003 0.20760004 0.08088421 0.20814473 0.07749896 0.20530417 0.07438525 0.20557658 0.07100000 0.20273601 0.06477338 0.20328077 0.06138822 0.20043940 0.06029878 0.18798696 0.06313918 0.18460172 0.06232208 0.17526220 0.05893698 0.17242162 0.05582392 0.17269398 0.04905294 0.16701209 0.04593979 0.16728445 0.04255438 0.16444390 0.03944131 0.16471626 0.03971365 0.16782917 0.03687292 0.17121524 0.03714527 0.17432815 0.03430446 0.17771342 0.03484922 0.18394004 0.03200849 0.18732531 0.03255318 0.19355112 0.02971253 0.19693719 0.02998487 0.20005010 0.02714407 0.20343537 0.02768883 0.20966199 0.02484802 0.21304726 0.02539271 0.21927308 0.02255206 0.22265914 0.02282440 0.22577205 0.01998368 0.22915732 0.02025609 0.23227103 0.02336916 0.23199867 0.02675457 0.23483922 0.02986772 0.23456685 0.03325321 0.23740740 0.03947935 0.23686268 0.04286484 0.23970323 0.04597799 0.23943086 0.04936340 0.24227141 0.05558962 0.24172669 0.05897518 0.24456803 0.06208825 0.24429567 0.06547367 0.24713622 0.07170012 0.24659148 0.07508537 0.24943204 0.07819828 0.24915970 0.08158440 0.25200099 0.08469731 0.25172865 0.08808257 0.25456921 0.09430838 0.25402452 0.09769443 0.25686502 0.10080734 0.25659267 0.10419260 0.25943324 0.11041921 0.25888848 0.11380447 0.26172904 0.11691737 0.26145670 0.12030270 0.26429806 0.12652931 0.26375330 0.12991457 0.26659387 0.13302827 0.26632146 0.13641353 0.26916202 0.14263934 0.26861733 0.14602467 0.27145869 0.14913837 0.27118628 0.15252363 0.27402684 0.15875024 0.27348209 0.16213550 0.27632265 0.16524841 0.27605031 0.16863366 0.27889087 0.17174657 0.27861853 0.17513262 0.28145902 0.18135844 0.28091433 0.18474456 0.28375563 0.18785747 0.28348328 0.19124272 0.28632385 0.19746854 0.28577916 0.20085459 0.28861965 0.20396750 0.28834731 0.20735282 0.29118867 0.21357944 0.29064391 0.21696469 0.29348448 0.22007760 0.29321213 0.22346285 0.29605270 0.22968947 0.29550794 0.23307472 0.29834851 0.23361948 0.30457512 0.23984609 0.30403036 0.24323135 0.30687093 0.24634426 0.30659858 0.24972951 0.30943915 0.25595612 0.30889439 0.25934145 0.31173575 0.26556807 0.31119099 0.26895332 0.31403156 0.27206623 0.31375922 0.27545148 0.31659978 0.28167810 0.31605502 0.28506335 0.31889559 0.29128997 0.31835083 0.29467522 0.32119139 0.29778813 0.32091905 0.30117345 0.32376041 0.30740007 0.32321565 0.31078532 0.32605622 0.31701193 0.32551146 0.32039719 0.32835202 0.32351010 0.32807968 0.32689542 0.33092104 0.33312204 0.33037628 0.33650729 0.33321685 0.33962100 0.33294443 0.34300625 0.33578500 0.34611916 0.33551265 0.34950441 0.33835322 0.34977676 0.34146613 0.35316208 0.34430749 0.35627578 0.34403508 0.35966104 0.34687564 0.36588765 0.34633088 0.36927291 0.34917145 0.37238582 0.34889910 0.37577114 0.35174047 0.38199776 0.35119571 0.38538301 0.35403627 0.39160962 0.35349152 0.39499488 0.35633208 0.39810779 0.35605973 0.40149304 0.35890030 0.40771966 0.35835554 0.41110491 0.36119611 0.41733152 0.36065135 0.42071685 0.36349271 0.42382976 0.36322037 0.42721501 0.36606093 0.43344163 0.36551617 0.43682688 0.36835674 0.44305349 0.36781198 0.44643882 0.37065334 0.44955173 0.37038100 0.45293698 0.37322156 0.45916360 0.37267680 0.46254885 0.37551737 0.46309354 0.38174319 0.46932015 0.38119843 0.47270547 0.38403979 0.47581838 0.38376745 0.47920364 0.38660801 0.48543025 0.38606325 0.48881551 0.38890382 0.49192842 0.38863148 0.49531454 0.39147277 0.50154036 0.39092808 0.50492561 0.39376864 0.51115223 0.39322388 0.51453748 0.39606445 0.51765039 0.39579210 0.52103644 0.39863260 0.52726226 0.39808791 0.53064751 0.40092848 0.53376042 0.40065613 0.53714654 0.40349743 0.54337236 0.40295273 0.54675841 0.40579323 0.55298422 0.40524854 0.55636948 0.40808911 0.55948239 0.40781676 0.56286851 0.41065806 0.56909433 0.41011337 0.57248038 0.41295386 0.57559329 0.41268152 0.58236379 0.41836265 0.58263614 0.42147556 0.58886275 0.42093080 0.59224807 0.42377216 0.59536098 0.42349982 0.59874703 0.42634031 0.60497285 0.42579562 0.60835811 0.42863619 0.61458472 0.42809143 0.61797005 0.43093279 0.62108296 0.43066045 0.62446901 0.43350094 0.62812500 0.43318108 0.62812500 0.36416807
0 0.74512576 0.53192425 0.75446528 0.53110714 0.75392059 0.52488133 0.75053454 0.52204083 0.74672144 0.47845692 0.74333619 0.47561635 0.74279150 0.46939053 0.73940618 0.46654917 0.73629247 0.46682158 0.73345198 0.47020763 0.73535846 0.49199880 0.73874378 0.49484016 0.74146736 0.52597084 0.74485341 0.52881134 0.74512576 0.53192425
0 0.95681713 0.51340365 0.95028045 0.43868905 0.94094092 0.43950615 0.94747761 0.51422076 0.95681713 0.51340365
0 0.94993177 0.57812500 0.94681600 0.54251167 0.94342988 0.53967038 0.93471431 0.44005091 0.90669653 0.44250215 0.90101547 0.44927345 0.89790257 0.44954580 0.89222071 0.45631717 0.88599409 0.45686193 0.88315353 0.46024718 0.87692771 0.46079187 0.87408714 0.46417712 0.87463183 0.47040294 0.87179054 0.47378906 0.83443324 0.47705740 0.83104792 0.47421604 0.82914143 0.45242488 0.82575611 0.44958352 0.82194308 0.40600040 0.80326403 0.40763460 0.80353638 0.41074751 0.80069588 0.41413356 0.78201683 0.41576777 0.78283387 0.42510650 0.77999330 0.42849175 0.77376748 0.42903644 0.77458459 0.43837596 0.77174409 0.44176201 0.76240457 0.44257912 0.76267691 0.44569202 0.75983555 0.44907735 0.75360973 0.44962203 0.75551628 0.47141399 0.75890153 0.47425456 0.78380640 0.47207567 0.79057771 0.47775672 0.79112246 0.48398334 0.79734828 0.48343865 0.80073433 0.48627915 0.80100675 0.48939285 0.80723257 0.48884817 0.81061782 0.49168873 0.81170727 0.50414116 0.81509252 0.50698173 0.82131913 0.50643697 0.82470439 0.50927753 0.82797273 0.54663484 0.82513216 0.55002009 0.81579264 0.55083719 0.81715450 0.56640333 0.83894646 0.56449678 0.84233171 0.56733735 0.84327551 0.57812500 0.94993177 0.57812500
0 1.00000000 0.36791134 0.99721117 0.36557093 0.99666641 0.35934432 0.98732689 0.36016142 0.98787165 0.36638803 0.98503108 0.36977329 0.98191817 0.37004563 0.98409707 0.39495050 0.98125577 0.39833662 0.96880414 0.39942600 0.96596278 0.40281132 0.96759691 0.42148957 0.97098303 0.42433086 0.97125537 0.42744377 0.97409594 0.42405852 0.98032176 0.42351383 0.97923224 0.41106060 0.98491417 0.40429002 0.98802708 0.40401768 0.99086764 0.40063242 1.00000000 0.39983345 1.00000000 0.39744740 0.99993482 0.39670242 1.00000000 0.39662473 1.00000000 0.36791134
0 0.92346910 0.41907678 0.92630960 0.41569073 0.93564912 0.41487363 0.92938486 0.34327273 0.93222535 0.33988668 0.93086356 0.32432134 0.93370412 0.32093609 0.93288702 0.31159656 0.89241681 0.31513725 0.89296157 0.32136386 0.89012101 0.32474912 0.89121045 0.33720155 0.88836989 0.34058680 0.89545133 0.42152802 0.92346910 0.41907678
0 0.27447339 0.74697849 0.19158220 0.71742485 0.16937583 0.76955865 0.24894534 0.79940290 0.27447339 0.74697849
0 0.00000000 0.70582278 0.10727982 0.74822073 0.12977679 0.69940862 0.01554698 0.65586433 0.00000000 0.69520777 0.00000000 0.70582278
0 1.00000000 0.63617842 0.71813920 0.65281968 0.72336855 0.71259136 1.00000000 0.69887424 1.00000000 0.63617842
0 0.85673415 0.89834337 0.86042754 0.78760006 0.89724709 0.78772274 0.90156329 0.76057764 0.64628764 0.74944966 0.63495664 0.88763179 0.85673415 0.89834337
0 1.00000000 0.76270529 0.99541405 0.76240496 0.99109474 0.78955033 0.95398769 0.78610569 0.95228617 0.84313664 1.00000000 0.84476438 1.00000000 0.76270529
