0 0.33491276 0.32659223 0.33249893 0.32559909 0.28612799 0.33351353 0.28901844 0.34144947 0.32379640 0.33551368 0.32621060 0.33650639 0.37064905 0.32892179 0.36775872 0.32098619 0.33491276 0.32659223
0 0.35424932 0.30643339 0.35473114 0.30775627 0.35328084 0.30940856 0.35472607 0.31337653 0.36631905 0.31139788 0.36391030 0.30478448 0.35424932 0.30643339
0 0.33879234 0.30907153 0.33492834 0.30973103 0.33251464 0.30873823 0.28227920 0.31731224 0.28082890 0.31896454 0.28275596 0.32425539 0.30787343 0.31996842 0.31028713 0.32096122 0.34120109 0.31568493 0.33879234 0.30907153
0 0.29919711 0.30178121 0.29678341 0.30078841 0.27746194 0.30408613 0.28035227 0.31202173 0.31126623 0.30674544 0.31368006 0.30773858 0.34266202 0.30279203 0.33977157 0.29485610 0.29919711 0.30178121
0 1.00000000 0.16359818 0.94761187 0.16414139 0.94910310 0.19108938 1.00000000 0.19017151 1.00000000 0.16359818
0 0.38305298 0.34895833 0.40795268 0.42532046 0.44574788 0.53176155 0.50976562 0.52227558 0.50976562 0.47398914 0.46865219 0.35618549 0.48957280 0.34895833 0.38305298 0.34895833
0 0.77868199 0.69721366 0.81938206 0.67183163 0.80839935 0.63379812 0.81427784 0.63100127 0.78763970 0.55733186 0.74226852 0.58170934 0.74437454 0.58951609 0.71799490 0.60590441 0.72250921 0.61971702 0.69778465 0.64151018 0.70741614 0.66893577 0.70319436 0.67373530 0.72245249 0.73879301 0.77988613 0.70021659 0.77868199 0.69721366
0 0.65911483 0.51739846 0.62912277 0.52477800 0.64401366 0.58362808 0.67204839 0.57264460 0.65911483 0.51739846
0 0.58818040 0.42608060 0.58013208 0.39685518 0.55481112 0.40523927 0.56105081 0.43506356 0.58818040 0.42608060
0 0.57477444 0.72986333 0.51824917 0.75963488 0.54545616 0.90455026 0.62580248 0.85158389 0.57477444 0.72986333
0 0.92691535 0.34895833 0.93134027 0.37453577 0.94957861 0.36594560 0.94638935 0.34895833 0.92691535 0.34895833
0 0.97102786 0.89290010 0.99981254 0.88932198 0.99500895 0.85009290 0.97059474 0.85307431 0.97102786 0.89290010
