0 0.58799077 0.16581762 0.58479394 0.16413990 0.51098533 0.17682189 0.50778850 0.17514417 0.50515263 0.17559707 0.50739372 0.18412005 0.55484288 0.17596720 0.55803918 0.17764559 0.59230761 0.17175750 0.59062664 0.16536472 0.58799077 0.16581762
0 0.51029695 0.23707291 0.50245269 0.20724086 0.50452830 0.20465721 0.49780459 0.17908664 0.45562785 0.18633356 0.45243170 0.18465573 0.44979583 0.18510863 0.44772022 0.18769228 0.44884077 0.19195376 0.44676449 0.19453753 0.41776781 0.19951982 0.41137551 0.19616414 0.41025497 0.19190265 0.38389484 0.19643192 0.38069788 0.19475365 0.36224606 0.19792409 0.36840949 0.22136391 0.36633321 0.22394767 0.37529815 0.25804176 0.42274732 0.24988891 0.42594347 0.25156675 0.51029695 0.23707291
0 0.36475397 0.25985349 0.35634930 0.22789015 0.35842491 0.22530650 0.35170120 0.19973593 0.32006932 0.20517101 0.32231056 0.21369453 0.32023428 0.21627829 0.33256114 0.26315794 0.34574120 0.26089330 0.34893803 0.26257103 0.36475397 0.25985349
0 0.33657282 0.14220202 0.32602931 0.14401364 0.32283249 0.14233592 0.30438067 0.14550636 0.31838836 0.19877823 0.35002024 0.19334316 0.34273626 0.16564185 0.34481254 0.16305808 0.33976979 0.14388030 0.33657282 0.14220202
0 0.53661940 0.15905417 0.53830037 0.16544694 0.56202461 0.16137058 0.56522144 0.16304831 0.58894568 0.15897194 0.58726472 0.15257916 0.58934032 0.14999552 0.62097288 0.14456032 0.61144766 0.10833549 0.61352326 0.10575184 0.62933988 0.10303419 0.62653823 0.09237938 0.61335817 0.09464401 0.61016134 0.09296629 0.52844442 0.10700711 0.52524759 0.10532939 0.49097917 0.11121748 0.50330603 0.15809713 0.50123043 0.16068077 0.50913873 0.15932195 0.51233488 0.16099979 0.53342325 0.15737633 0.53661940 0.15905417
0 0.40857400 0.18550987 0.41064946 0.18292568 0.40840837 0.17440270 0.41048383 0.17181851 0.43948051 0.16683622 0.44267748 0.16851449 0.44547899 0.17916875 0.46393080 0.17599831 0.46712763 0.17767604 0.49612363 0.17269387 0.48771896 0.14073052 0.48979456 0.13814688 0.48307086 0.11257631 0.44353067 0.11937021 0.44033385 0.11769249 0.35861692 0.13173331 0.35542010 0.13005559 0.34751247 0.13141430 0.35031398 0.14206856 0.34823837 0.14465221 0.36056510 0.19153131 0.38692522 0.18700204 0.39012151 0.18868043 0.40857400 0.18550987
0 0.58531655 0.09278117 0.62485741 0.08598715 0.61645274 0.05402381 0.61852834 0.05144016 0.61180464 0.02586959 0.56962790 0.03311651 0.56643161 0.03143813 0.56115985 0.03234394 0.56452178 0.04512949 0.56244550 0.04771325 0.53081294 0.05314844 0.52761679 0.05147060 0.52425487 0.03868505 0.47680638 0.04683778 0.48969352 0.09584817 0.48761724 0.09843193 0.48929820 0.10482471 0.49249517 0.10650298 0.58212040 0.09110332 0.58531655 0.09278117
0 0.48138989 0.10618353 0.47018372 0.06356592 0.47226000 0.06098216 0.46889807 0.04819661 0.42935721 0.05499062 0.42616106 0.05331278 0.41825275 0.05467161 0.42049399 0.06319513 0.41841853 0.06577932 0.38678598 0.07121452 0.38358901 0.06953625 0.38134777 0.06101272 0.33126340 0.06961836 0.34583150 0.12502152 0.35373914 0.12366281 0.35693596 0.12534054 0.43601701 0.11175262 0.43921316 0.11343045 0.48138989 0.10618353
0 0.33377131 0.13154776 0.33696828 0.13322603 0.33360636 0.12044047 0.33568196 0.11785682 0.32503606 0.07736996 0.29603938 0.08235225 0.28964694 0.07899602 0.28796612 0.07260379 0.22206514 0.08392708 0.23103008 0.11802116 0.22895380 0.12060493 0.23567750 0.14617549 0.25676588 0.14255203 0.25996270 0.14422976 0.33377131 0.13154776
0 0.46724549 0.00000000 0.47215831 0.01868368 0.47008274 0.02126749 0.47456529 0.03831480 0.47776144 0.03999264 0.52520993 0.03183991 0.52296869 0.02331639 0.52504415 0.02073220 0.55667738 0.01529689 0.55987368 0.01697528 0.56267518 0.02762954 0.60485192 0.02038262 0.60804807 0.02206046 0.61068395 0.02160756 0.60500230 0.00000000 0.46724549 0.00000000
0 0.33461987 0.00000000 0.31652974 0.00310830 0.32829624 0.04785681 0.32622066 0.05044057 0.32902217 0.06109483 0.34483811 0.05837730 0.34803507 0.06005557 0.37966695 0.05462049 0.37686533 0.04396579 0.37894158 0.04138192 0.41057413 0.03594673 0.41377031 0.03762468 0.41713221 0.05041012 0.46721725 0.04180437 0.45622491 0.00000000 0.33461987 0.00000000
0 0.32111386 0.06245366 0.31775205 0.04966854 0.31982761 0.04708473 0.30806112 0.00233624 0.20789171 0.01954762 0.21013294 0.02807112 0.20805738 0.03065493 0.22038418 0.07753430 0.25728848 0.07119330 0.26048463 0.07287114 0.32111386 0.06245366
0 1.00000000 0.19971247 0.93044231 0.18483170 0.92360878 0.19535441 0.91139715 0.19276710 0.89621466 0.27373877 0.91417575 0.27899122 0.90390435 0.33429990 1.00000000 0.35615734 1.00000000 0.19971247
0 0.68990385 0.92613869 0.64646633 0.93205806 0.64326937 0.93072701 0.63990758 0.92058718 0.63727170 0.92094638 0.63407556 0.91961568 0.58926294 0.92572244 0.58606665 0.92439130 0.58214459 0.91256156 0.53469543 0.91902762 0.53149913 0.91769648 0.53093886 0.91600658 0.52774203 0.91467597 0.52494052 0.90622604 0.51176046 0.90802213 0.50856417 0.90669099 0.47165986 0.91172006 0.48678824 0.95735040 0.50260418 0.95519511 0.50580033 0.95652581 0.53743288 0.95221514 0.54062903 0.95354585 0.54455123 0.96537601 0.57882033 0.96070605 0.58201648 0.96203675 0.61628491 0.95736689 0.61948188 0.95869793 0.62172312 0.96545796 0.68990385 0.95616676 0.68990385 0.92613869
0 0.16762272 0.93372206 0.17081969 0.93505310 0.18927150 0.93253861 0.19246833 0.93386922 0.19358902 0.93724946 0.19678517 0.93858016 0.19902640 0.94534019 0.22802240 0.94138881 0.23121923 0.94271942 0.27339597 0.93697186 0.27659212 0.93830256 0.27995404 0.94844283 0.33003909 0.94161758 0.33323524 0.94294829 0.35695948 0.93971531 0.36015563 0.94104601 0.36183659 0.94611614 0.36503342 0.94744675 0.36671438 0.95251688 0.41152700 0.94641012 0.41472315 0.94774083 0.41528356 0.94943116 0.41848039 0.95076177 0.42128190 0.95921170 0.46873039 0.95274575 0.46536861 0.94260591 0.46744407 0.94055638 0.47007994 0.94019718 0.45887377 0.90639701 0.44833026 0.90783381 0.44513343 0.90650320 0.40559325 0.91189146 0.40239642 0.91056085 0.39903450 0.90042059 0.36213019 0.90544965 0.35893404 0.90411895 0.35366161 0.90483744 0.35046546 0.90350674 0.34710353 0.89336647 0.31019855 0.89839563 0.30700240 0.89706494 0.29645822 0.89850182 0.29326207 0.89717112 0.28990014 0.88703085 0.27671941 0.88882704 0.27352326 0.88749633 0.21289403 0.89575847 0.20969788 0.89442777 0.20801691 0.88935764 0.21009252 0.88730854 0.20841156 0.88223840 0.16887137 0.88762667 0.16567455 0.88629606 0.15513104 0.88773286 0.15193421 0.88640225 0.14857229 0.87626198 0.11166798 0.88129105 0.10847183 0.87996035 0.09792697 0.88139733 0.09585150 0.88344641 0.11041946 0.92738642 0.12096351 0.92594955 0.12416048 0.92728059 0.12808253 0.93911033 0.16762272 0.93372206
0 1.00000000 1.00000000 1.00000000 0.94568642 0.91262975 0.81620584 0.84846080 0.86345974 0.94291337 1.00000000 1.00000000 1.00000000
