0 0.61914062 0.25703613 0.61104904 0.21336129 0.57282916 0.21853631 0.59779953 0.35331536 0.61213168 0.35137477 0.61489929 0.35309377 0.61914062 0.37598665 0.61914062 0.25703613
0 0.61914062 0.74654076 0.69403624 0.75422478 0.69381343 0.73949627 0.61914062 0.73291564 0.61914062 0.74654076
0 0.61914062 0.82019773 0.68659796 0.82711982 0.68637485 0.81238938 0.61914062 0.80646429 0.61914062 0.82019773
0 0.61914062 0.72927180 0.69554382 0.73711224 0.69532071 0.72238180 0.61914062 0.71566835 0.61914062 0.72927180
0 0.61914062 0.70997955 0.69672733 0.71794107 0.69650229 0.70321094 0.61914062 0.69639335 0.61914062 0.70997955
0 0.61914062 0.67288299 0.70147482 0.68133166 0.70125171 0.66660122 0.61914062 0.65936509 0.61914062 0.67288299
0 0.61914062 0.80293016 0.68810554 0.81000729 0.68788243 0.79527685 0.61914062 0.78921890 0.61914062 0.80293016
0 0.61914062 0.76583285 0.69285466 0.77339564 0.69262993 0.75866744 0.61914062 0.75219111 0.61914062 0.76583285
0 0.61914062 0.78310081 0.69134545 0.79051041 0.69112234 0.77577998 0.61914062 0.76943651 0.61914062 0.78310081
0 0.61914062 0.69217510 0.70029324 0.70050252 0.70006821 0.68577239 0.61914062 0.67864056 0.61914062 0.69217510
