0 0.45898438 0.27343737 0.44726575 0.27343737 0.44726575 0.27539087 0.44531225 0.27734388 0.43945325 0.27734388 0.43945325 0.27929688 0.43750025 0.28124987 0.43359375 0.28124987 0.43359375 0.28320288 0.43164075 0.28515638 0.42968725 0.28515638 0.42968725 0.28710938 0.42773425 0.28906237 0.41796875 0.28906237 0.41796875 0.29101587 0.41601575 0.29296888 0.41210925 0.29296888 0.41210925 0.29492188 0.41015625 0.29687487 0.40039075 0.29687487 0.40039075 0.29882788 0.39843725 0.30078138 0.39648425 0.30078138 0.39648425 0.30273438 0.40039075 0.30664087 0.40039075 0.30859388 0.40234375 0.31054688 0.40234375 0.31249987 0.40429675 0.31445288 0.40429675 0.31640638 0.40625025 0.31835938 0.40625025 0.32031237 0.40820325 0.32226587 0.40820325 0.32421888 0.41015625 0.32617188 0.41015625 0.32812487 0.41210925 0.33007788 0.41210925 0.33203138 0.41406225 0.33398438 0.41406225 0.33593737 0.41796875 0.33984388 0.41796875 0.34179688 0.41992175 0.34374987 0.41992175 0.34570288 0.43750025 0.34570288 0.44531225 0.35351587 0.44531225 0.35546888 0.45312525 0.36328138 0.45898438 0.36328138 0.45898438 0.27343737
0 0.45898438 0.15039088 0.45898425 0.15039088 0.45703125 0.14843738 0.45703125 0.13476588 0.45507825 0.13476588 0.45312525 0.13281238 0.45312525 0.13085938 0.44140625 0.13085938 0.44140625 0.13281238 0.43945325 0.13476588 0.43554675 0.13476588 0.43554675 0.13671887 0.43359375 0.13867188 0.42773425 0.13867188 0.42773425 0.14062488 0.42578125 0.14257787 0.42187525 0.14257787 0.42187525 0.14453137 0.41992175 0.14648438 0.41601575 0.14648438 0.41601575 0.14843738 0.41406225 0.15039088 0.40820325 0.15039088 0.40625025 0.15234387 0.40625025 0.15429688 0.40820325 0.15624988 0.40820325 0.15820287 0.41210925 0.16210938 0.41210925 0.16406238 0.41406225 0.16601588 0.41406225 0.16796887 0.41796875 0.17187488 0.41796875 0.17382787 0.42187525 0.17773438 0.42187525 0.17968738 0.42578125 0.18359387 0.42578125 0.18554688 0.42968725 0.18945287 0.42968725 0.19140637 0.43359375 0.19531238 0.43359375 0.19726588 0.43750025 0.20117188 0.43750025 0.20312488 0.44140625 0.20703137 0.44140625 0.20898438 0.44335925 0.21093738 0.44335925 0.21289088 0.44726575 0.21679688 0.44726575 0.21874988 0.45117175 0.22265637 0.45117175 0.22460938 0.45507825 0.22851588 0.45507825 0.23046887 0.45898425 0.23437488 0.45898425 0.23632787 0.45898438 0.23632800 0.45898438 0.15039088
0 0.29687507 0.00000000 0.29882825 0.00195312 0.29882825 0.00390628 0.30273425 0.00781247 0.30273425 0.00976562 0.30859375 0.01562497 0.30859375 0.01757812 0.31250025 0.02148438 0.31250025 0.02343747 0.31640625 0.02734378 0.31640625 0.02929688 0.32226575 0.03515637 0.32226575 0.03710938 0.32812525 0.04296887 0.32812525 0.04492188 0.33398425 0.05078137 0.33398425 0.05273438 0.33789075 0.05664088 0.33789075 0.05859387 0.34375025 0.06445288 0.34375025 0.06640638 0.34960925 0.07226587 0.34960925 0.07421888 0.35546875 0.08007788 0.35546875 0.08203138 0.35937525 0.08593737 0.35937525 0.08789087 0.36523425 0.09374987 0.36523425 0.09570288 0.37109375 0.10156237 0.37109375 0.10351587 0.37500025 0.10742188 0.37500025 0.10937487 0.38085925 0.11523438 0.38085925 0.11718737 0.38671875 0.12304688 0.38671875 0.12499987 0.39257825 0.13085938 0.39257825 0.13281238 0.39648425 0.13671887 0.39648425 0.13867188 0.40039075 0.14257787 0.40429675 0.14257787 0.40625025 0.14062488 0.41015625 0.14062488 0.41015625 0.13867188 0.41210925 0.13671887 0.41992175 0.13671887 0.41992175 0.13476588 0.41796875 0.13281238 0.41796875 0.13085938 0.41992175 0.12890637 0.42382825 0.12890637 0.42382825 0.12695287 0.42578125 0.12499987 0.43945325 0.12499987 0.44140625 0.12304688 0.44140625 0.11914087 0.44335925 0.11718737 0.44726575 0.11718737 0.44726575 0.11523438 0.44531225 0.11328138 0.44531225 0.11132788 0.44140625 0.10742188 0.44140625 0.10546888 0.43750025 0.10156237 0.43750025 0.09960938 0.43359375 0.09570288 0.43359375 0.09374987 0.42968725 0.08984388 0.42968725 0.08789087 0.42773425 0.08593737 0.42773425 0.08398438 0.42382825 0.08007788 0.42382825 0.07812487 0.41992175 0.07812487 0.41796875 0.07617188 0.41796875 0.07421888 0.41406225 0.07031237 0.41406225 0.06835938 0.41015625 0.06445288 0.41015625 0.06249988 0.40625025 0.05859387 0.40625025 0.05664088 0.40429675 0.05468738 0.40429675 0.05273438 0.40234375 0.05078137 0.40429675 0.04882787 0.40625025 0.04882787 0.40625025 0.04687488 0.40429675 0.04492188 0.40429675 0.04296887 0.40039075 0.03906238 0.40039075 0.03710938 0.39648425 0.03320287 0.39648425 0.03124997 0.39453125 0.02929688 0.39257825 0.02929688 0.39062525 0.02734378 0.39257825 0.02539062 0.39453125 0.02539062 0.39453125 0.02148438 0.39062525 0.01757812 0.39062525 0.01562497 0.38671875 0.01171878 0.38671875 0.00976562 0.38476575 0.00781247 0.38281225 0.00781247 0.38085925 0.00585938 0.38281225 0.00390628 0.38476575 0.00390628 0.38476575 0.00000000 0.29687507 0.00000000
0 0.23046878 0.00000000 0.23632825 0.00585938 0.23632825 0.00781247 0.24218725 0.01367188 0.24218725 0.01562497 0.24804675 0.02148438 0.24804675 0.02343747 0.25390625 0.02929688 0.25390625 0.03124997 0.25976575 0.03710938 0.25976575 0.03906238 0.26562525 0.04492188 0.26562525 0.04687488 0.26953125 0.05078137 0.26953125 0.05273438 0.27148425 0.05468738 0.27148425 0.05664088 0.27343725 0.05859387 0.27343725 0.06054688 0.27539075 0.06249988 0.27539075 0.06445288 0.27734375 0.06640638 0.27734375 0.06835938 0.27929675 0.07031237 0.27929675 0.07226587 0.28320325 0.07617188 0.28320325 0.07812487 0.28515625 0.08007788 0.28515625 0.08203138 0.28710925 0.08398438 0.28710925 0.08593737 0.28906225 0.08789087 0.28906225 0.08984388 0.29101575 0.09179688 0.29101575 0.09374987 0.29296875 0.09570288 0.29296875 0.09765638 0.29492175 0.09960938 0.29492175 0.10156237 0.29687525 0.10351587 0.29687525 0.10546888 0.29882825 0.10742188 0.29882825 0.10937487 0.30078125 0.11132788 0.30078125 0.11328138 0.30273425 0.11523438 0.30273425 0.11718737 0.30468725 0.11914087 0.30468725 0.12109388 0.30664075 0.12304688 0.30664075 0.12499987 0.30859375 0.12695287 0.30859375 0.12890637 0.31054675 0.13085938 0.31054675 0.13281238 0.31250025 0.13476588 0.31250025 0.13671887 0.31445325 0.13867188 0.31445325 0.14062488 0.31640625 0.14257787 0.31640625 0.14453137 0.31835925 0.14648438 0.31835925 0.14843738 0.32031225 0.15039088 0.32031225 0.15234387 0.32226575 0.15429688 0.32226575 0.15624988 0.32421875 0.15820287 0.32421875 0.16015637 0.32617175 0.16210938 0.32617175 0.16406238 0.33007825 0.16796887 0.33007825 0.16992188 0.33203125 0.17187488 0.33203125 0.17382787 0.33398425 0.17578137 0.33398425 0.17773438 0.33593725 0.17968738 0.33593725 0.18164088 0.33789075 0.18359387 0.33789075 0.18554688 0.33984375 0.18749988 0.33984375 0.18945287 0.34179675 0.19140637 0.34179675 0.19335938 0.34375025 0.19531238 0.34375025 0.19726588 0.34570325 0.19921887 0.34570325 0.20117188 0.34765625 0.20312488 0.34765625 0.20507787 0.34960925 0.20703137 0.34960925 0.20898438 0.35156225 0.21093738 0.35156225 0.21289088 0.35351575 0.21484387 0.35351575 0.21679688 0.35742175 0.22070287 0.35742175 0.22265637 0.35937525 0.22460938 0.35937525 0.22656238 0.36132825 0.22851588 0.36132825 0.23046887 0.36328125 0.23242188 0.36328125 0.23437488 0.36523425 0.23632787 0.36523425 0.23828137 0.36718725 0.24023438 0.36718725 0.24218738 0.37109375 0.24609387 0.37109375 0.24804688 0.37304675 0.24999988 0.37304675 0.25195288 0.37500025 0.25390638 0.37500025 0.25585938 0.37695325 0.25781237 0.37695325 0.25976587 0.37890625 0.26171888 0.37890625 0.26367188 0.38085925 0.26562487 0.38085925 0.26757788 0.38281225 0.26953138 0.38281225 0.27148438 0.38671875 0.27539087 0.38671875 0.27734388 0.38867175 0.27929688 0.38867175 0.28124987 0.39062525 0.28320288 0.39648425 0.28320288 0.39843725 0.28124987 0.40234375 0.28124987 0.41406225 0.26953138 0.42578125 0.26953138 0.42968725 0.26562487 0.42968725 0.26367188 0.44140625 0.25195288 0.44140625 0.24804688 0.43945325 0.24609387 0.43945325 0.24414088 0.43750025 0.24218738 0.43750025 0.24023438 0.43554675 0.23828137 0.43554675 0.23632787 0.43164075 0.23242188 0.43164075 0.23046887 0.42968725 0.22851588 0.42968725 0.22656238 0.42773425 0.22460938 0.42773425 0.22265637 0.42382825 0.21874988 0.42382825 0.21679688 0.42187525 0.21484387 0.42187525 0.21289088 0.41992175 0.21093738 0.41992175 0.20898438 0.41796875 0.20703137 0.41796875 0.20507787 0.41601575 0.20312488 0.41601575 0.20117188 0.41210925 0.19726588 0.41210925 0.19531238 0.41015625 0.19335938 0.41015625 0.19140637 0.40820325 0.18945287 0.40820325 0.18749988 0.40625025 0.18554688 0.40039075 0.18554688 0.39648425 0.18164088 0.39648425 0.17968738 0.39453125 0.17773438 0.39453125 0.17578137 0.39062525 0.17187488 0.39062525 0.16992188 0.38867175 0.16796887 0.38867175 0.16601588 0.38671875 0.16406238 0.38671875 0.16210938 0.38476575 0.16015637 0.38476575 0.15820287 0.38281225 0.15624988 0.38281225 0.15429688 0.38085925 0.15234387 0.38085925 0.15039088 0.37890625 0.14843738 0.37890625 0.14648438 0.37695325 0.14453137 0.37695325 0.14257787 0.37500025 0.14062488 0.37500025 0.13867188 0.37304675 0.13671887 0.37304675 0.13476588 0.37109375 0.13281238 0.37109375 0.13085938 0.36914075 0.12890637 0.36914075 0.12695287 0.36523425 0.12695287 0.36132825 0.12304688 0.36132825 0.12109388 0.35937525 0.11914087 0.35937525 0.11718737 0.35546875 0.11328138 0.35546875 0.11132788 0.35351575 0.10937487 0.35351575 0.10742188 0.34960925 0.10351587 0.34960925 0.10156237 0.34765625 0.09960938 0.34765625 0.09765638 0.34570325 0.09570288 0.34375025 0.09570288 0.34179675 0.09374987 0.33789075 0.09374987 0.33593725 0.09179688 0.33593725 0.08984388 0.33398425 0.08789087 0.33398425 0.08593737 0.33203125 0.08398438 0.33203125 0.08203138 0.33007825 0.08007788 0.33007825 0.07812487 0.32812525 0.07617188 0.32812525 0.07421888 0.32617175 0.07226587 0.32617175 0.07031237 0.32421875 0.06835938 0.32421875 0.06640638 0.32226575 0.06445288 0.32226575 0.06249988 0.31835925 0.06249988 0.31250025 0.05664088 0.31250025 0.05468738 0.30859375 0.05078137 0.30859375 0.04882787 0.30468725 0.04492188 0.30468725 0.04296887 0.29882825 0.03710938 0.29882825 0.03515637 0.29492175 0.03124997 0.29492175 0.02929688 0.28906225 0.02343747 0.28906225 0.02148438 0.28320325 0.01562497 0.28320325 0.01367188 0.27734375 0.00781247 0.27734375 0.00585938 0.27148428 0.00000000 0.23046878 0.00000000
0 0.45898438 0.22285473 0.46743774 0.22285473 0.46955106 0.22460938 0.46955106 0.23513816 0.47166443 0.23689281 0.51604475 0.23689281 0.51815796 0.23864746 0.54140486 0.23864746 0.54351807 0.24040211 0.54351807 0.25093090 0.60691861 0.25093090 0.60691861 0.21408059 0.60903181 0.21232594 0.61959839 0.21232594 0.61959839 0.15090965 0.56887817 0.15090965 0.56676497 0.14915455 0.56676497 0.13862621 0.54563127 0.13862621 0.54351807 0.13687156 0.51815796 0.13687156 0.51604475 0.13511646 0.51604475 0.12458812 0.50547791 0.12458812 0.50336454 0.12283348 0.46532443 0.12283348 0.46321106 0.12107838 0.46321106 0.11405934 0.46532443 0.11230469 0.46532443 0.11055004 0.46321106 0.10879539 0.45898438 0.10879539 0.45898438 0.22285473
0 0.89644636 0.12809742 0.90278598 0.12809742 0.90489973 0.12985207 0.90489973 0.13687156 0.90701294 0.13862621 0.93237305 0.13862621 0.93448625 0.14038086 0.94505337 0.14038086 0.94716658 0.14213551 0.94716658 0.15441895 0.97675310 0.15441895 0.97886685 0.15617359 0.97886685 0.16845703 0.99788679 0.16845703 0.99788679 0.13336182 0.98309326 0.13336182 0.98098005 0.13160717 0.98098005 0.12107838 0.97463989 0.12107838 0.97252669 0.11932373 0.93871321 0.11932373 0.93659946 0.11756908 0.93659946 0.11581398 0.93871321 0.11405934 0.93871321 0.10528564 0.91335310 0.10528564 0.91123989 0.10353100 0.88587925 0.10353100 0.88376604 0.10177590 0.88376604 0.08949291 0.86263289 0.08949291 0.86051968 0.08773781 0.82247925 0.08773781 0.82247925 0.11230469 0.86263289 0.11230469 0.86474609 0.11405934 0.86474609 0.12634277 0.89433316 0.12634277 0.89644636 0.12809742
0 0.73794556 0.09124756 0.76964583 0.09124756 0.77175903 0.09300221 0.77175903 0.10353100 0.77809920 0.10353100 0.78021240 0.10528564 0.81191267 0.10528564 0.81191267 0.08247387 0.79500593 0.08247387 0.79289273 0.08071922 0.79289273 0.07019043 0.79077898 0.06843578 0.76119246 0.06843578 0.75907925 0.06668113 0.75062534 0.06668113 0.74851213 0.06492604 0.74851213 0.05615234 0.74217251 0.05615234 0.74005876 0.05439770 0.70835904 0.05439770 0.70835904 0.07720947 0.72526577 0.07720947 0.72737898 0.07896412 0.72737898 0.08949291 0.73583235 0.08949291 0.73794556 0.09124756
0 0.51815796 0.00000000 0.51815796 0.03509521 0.55619839 0.03509521 0.55831160 0.03684995 0.55831160 0.04913330 0.59423828 0.04913330 0.59635149 0.05088795 0.61959839 0.05088795 0.62171160 0.05264305 0.62171160 0.05439770 0.62382534 0.05615234 0.62382534 0.06492604 0.66609165 0.06492604 0.66609165 0.02983091 0.63016496 0.02983091 0.62805176 0.02807617 0.62593855 0.02807617 0.62382534 0.02632143 0.62382534 0.01754761 0.62171160 0.01579282 0.57521834 0.01579282 0.57310513 0.01403809 0.56253801 0.01403809 0.56042480 0.01228335 0.56042480 0.00175476 0.55408464 0.00175476 0.55197144 0.00000000 0.51815796 0.00000000
0 0.45898438 0.00000000 0.45898438 0.01930239 0.47800443 0.01930239 0.48011780 0.02105713 0.48011780 0.03158569 0.50336454 0.03158569 0.50336454 0.00000000 0.45898438 0.00000000
0 0.00000000 0.64070116 0.04661537 0.64070116 0.04840862 0.63854980 0.06992352 0.63854980 0.06992352 0.63424710 0.07350910 0.62994385 0.09681725 0.62994385 0.09861004 0.62779250 0.11295330 0.62779250 0.11295330 0.61918654 0.11474609 0.61703519 0.12191772 0.61703519 0.12191772 0.61058058 0.12371052 0.60842868 0.12908936 0.60842868 0.12908936 0.59767137 0.13088215 0.59552002 0.13984703 0.59552002 0.13984703 0.58476271 0.14163982 0.58261136 0.14701820 0.58261136 0.14701820 0.57400485 0.14881146 0.57185350 0.15419029 0.57185350 0.15419029 0.56109619 0.15598309 0.55894484 0.16315472 0.55894484 0.16315472 0.55033888 0.16494751 0.54818753 0.17032635 0.54818753 0.17032635 0.53958102 0.17211914 0.53742967 0.17749798 0.53742967 0.17929077 0.53527832 0.17929077 0.52667236 0.18108356 0.52452101 0.18825520 0.52452101 0.18825520 0.51376370 0.19004799 0.51161180 0.19542683 0.51161180 0.19542683 0.50300595 0.19722008 0.50085449 0.20439125 0.50085449 0.20439125 0.49224854 0.20618450 0.49009707 0.21694172 0.49009707 0.21694172 0.48149112 0.21873451 0.47933960 0.22232056 0.47933960 0.22232056 0.46858213 0.22411335 0.46643066 0.22949219 0.46643066 0.22949219 0.45782471 0.20080566 0.45782471 0.19901287 0.45997617 0.02510071 0.45997617 0.02510071 0.46643066 0.02330778 0.46858213 0.01613615 0.46858213 0.01613615 0.47933960 0.01434326 0.48149112 0.00717163 0.48149112 0.00717163 0.49009707 0.00537875 0.49224854 0.00000000 0.49224854 0.00000000 0.52667236 0.00896452 0.52667236 0.01075745 0.52882371 0.01075745 0.53742967 0.00896452 0.53958102 0.00000000 0.53958102 0.00000000 0.54818753 0.02689364 0.54818753 0.03047941 0.55249023 0.03047941 0.56109619 0.02868652 0.56324754 0.00000000 0.56324754 0.00000000 0.64070116
0 0.28148640 0.44921875 0.27072918 0.46212769 0.27072918 0.46427920 0.25997150 0.47718808 0.25997150 0.47933960 0.24921429 0.49224854 0.24921429 0.49440000 0.23845661 0.50730910 0.23845661 0.50946045 0.22949219 0.52021776 0.22949219 0.52236911 0.22052776 0.53312697 0.22052776 0.53527832 0.20977009 0.54818753 0.20977009 0.55033888 0.19901287 0.56324754 0.19901287 0.56539945 0.18825520 0.57830811 0.18825520 0.58045946 0.18646240 0.58261136 0.32272339 0.58261136 0.33168781 0.57185350 0.33168781 0.56970215 0.34244549 0.55679294 0.34244549 0.55464159 0.35140991 0.54388428 0.35140991 0.54173293 0.36216713 0.52882371 0.36216713 0.52667236 0.37292480 0.51376370 0.37292480 0.51161180 0.38368248 0.49870303 0.38368248 0.49655151 0.39443970 0.48364258 0.39443970 0.48149112 0.40340412 0.47073364 0.37651039 0.47073364 0.37471760 0.46858213 0.37471760 0.45782471 0.37651039 0.45567325 0.38368248 0.45567325 0.38368248 0.44921875 0.28148640 0.44921875
0 1.00000000 0.62382557 0.88085938 0.62304688 0.89843750 0.74023438 1.00000000 0.74163524 1.00000000 0.62382557
