0 0.65162411 0.17748472 0.64935130 0.17935609 0.65745291 0.17858848 0.66058186 0.17994804 0.66328240 0.17969217 0.66641066 0.18105180 0.66683838 0.18266730 0.69384583 0.18010840 0.68914065 0.16233708 0.68601240 0.16097745 0.68558456 0.15936153 0.65587657 0.16217630 0.65360318 0.16404815 0.65445863 0.16727915 0.65218581 0.16915052 0.65304137 0.17238193 0.65076855 0.17425330 0.65162411 0.17748472
0 0.30048146 0.14782150 0.29820864 0.14969287 0.29906420 0.15292428 0.29679069 0.15479572 0.29721842 0.15641122 0.29494571 0.15828300 0.29537343 0.15989850 0.29310062 0.16176987 0.30120292 0.16100220 0.30745944 0.16372145 0.30788728 0.16533737 0.32679242 0.16354615 0.32992068 0.16490578 0.33034840 0.16652128 0.34115125 0.16549773 0.34427962 0.16685778 0.34968138 0.16634597 0.35280964 0.16770560 0.35323737 0.16932110 0.37214251 0.16752988 0.37527077 0.16888951 0.37569850 0.17050501 0.44051554 0.16436373 0.44677286 0.16708334 0.47918139 0.16401270 0.48230965 0.16537233 0.48273748 0.16698825 0.50164263 0.16519703 0.50477089 0.16655666 0.50519861 0.16817216 0.52950483 0.16586919 0.52907711 0.16425370 0.52367603 0.16476543 0.52054708 0.16340587 0.51969153 0.16017446 0.51656326 0.15881483 0.51570771 0.15558341 0.51798052 0.15371204 0.51712508 0.15048104 0.51939847 0.14860919 0.51854303 0.14537819 0.49423612 0.14768122 0.49110775 0.14632118 0.49068002 0.14470568 0.46907434 0.14675277 0.46594608 0.14539314 0.46551836 0.14377764 0.44391267 0.14582473 0.44078441 0.14446510 0.44035658 0.14284919 0.42685251 0.14412867 0.42372425 0.14276904 0.42102371 0.14302491 0.41476708 0.14030523 0.39856247 0.14184058 0.39543421 0.14048096 0.39500649 0.13886546 0.36799904 0.14142435 0.36487078 0.14006472 0.36444306 0.13844922 0.34553791 0.14024045 0.34240954 0.13888040 0.34198182 0.13726490 0.32307667 0.13905612 0.31994841 0.13769649 0.31952058 0.13608058 0.31639232 0.13472095 0.30558948 0.13574449 0.30331667 0.13761587 0.30374450 0.13923178 0.30147099 0.14110321 0.30189872 0.14271871 0.29962601 0.14459050 0.30048146 0.14782150
0 0.53818987 0.00000000 0.53847119 0.00106257 0.53619841 0.00293407 0.53662617 0.00454969 0.53435338 0.00642114 0.53520888 0.00965235 0.53293540 0.01152391 0.53336315 0.01313949 0.53109036 0.01501094 0.53194587 0.01824219 0.52967308 0.02011365 0.53010082 0.02172923 0.52782730 0.02360058 0.52868285 0.02683200 0.52641004 0.02870336 0.52683787 0.03031928 0.52456505 0.03219065 0.52542050 0.03542165 0.52314769 0.03729302 0.52357552 0.03890893 0.52130270 0.04078030 0.52173043 0.04239580 0.51945703 0.04426765 0.52031248 0.04749865 0.51803966 0.04937002 0.51846739 0.05098552 0.51619468 0.05285731 0.51705013 0.05608831 0.51477673 0.05796016 0.51520445 0.05957566 0.51293164 0.06144703 0.51378709 0.06467803 0.51151438 0.06654981 0.51194210 0.06816531 0.50966929 0.07003668 0.51052485 0.07326809 0.50825203 0.07513946 0.50867975 0.07675496 0.50640625 0.07862640 0.50683408 0.08024231 0.50456127 0.08211368 0.50541682 0.08534510 0.50314401 0.08721647 0.50357173 0.08883197 0.50129823 0.09070340 0.50215378 0.09393482 0.49988097 0.09580619 0.50030869 0.09742169 0.49803599 0.09929347 0.49889143 0.10252447 0.49661862 0.10439584 0.49704634 0.10601134 0.49477364 0.10788312 0.49562908 0.11111413 0.49335568 0.11298598 0.49378341 0.11460147 0.49151059 0.11647285 0.49236604 0.11970385 0.49009334 0.12157563 0.49322160 0.12293526 0.49592213 0.12267939 0.49905109 0.12403895 0.51255446 0.12275954 0.51568284 0.12411958 0.51838337 0.12386371 0.52151232 0.12522328 0.53231447 0.12419980 0.53544342 0.12555936 0.53814396 0.12530349 0.54127222 0.12666312 0.56017737 0.12487190 0.56330563 0.12623153 0.56373346 0.12784744 0.58533914 0.12580035 0.58846810 0.12715992 0.58889582 0.12877542 0.60509974 0.12724013 0.60467201 0.12562463 0.60694483 0.12375326 0.60608927 0.12052185 0.60836278 0.11865041 0.60793505 0.11703491 0.61020787 0.11516354 0.60935231 0.11193213 0.61162513 0.11006076 0.61119730 0.10844484 0.61347011 0.10657347 0.61304239 0.10495797 0.61531520 0.10308660 0.61445964 0.09985519 0.61673315 0.09798375 0.61630543 0.09636825 0.61857813 0.09449647 0.61772269 0.09126547 0.61999550 0.08939410 0.61956778 0.08777860 0.62184117 0.08590675 0.62098573 0.08267575 0.62325843 0.08080396 0.62283071 0.07918846 0.62510352 0.07731709 0.62424808 0.07408609 0.62652078 0.07221431 0.62609306 0.07059881 0.62836587 0.06872744 0.62751032 0.06549603 0.62978382 0.06362459 0.62935610 0.06200909 0.63162891 0.06013772 0.63120108 0.05852181 0.63347390 0.05665044 0.63261834 0.05341902 0.63489185 0.05154759 0.63446412 0.04993209 0.63673694 0.04806072 0.63588138 0.04482930 0.63815420 0.04295793 0.63772647 0.04134243 0.63999918 0.03947065 0.63914373 0.03623965 0.64141655 0.03436828 0.64098882 0.03275278 0.64326222 0.03088093 0.64240677 0.02764993 0.64467948 0.02577815 0.64425175 0.02416265 0.64652457 0.02229127 0.64566912 0.01906027 0.64794252 0.01718843 0.64751480 0.01557293 0.64978761 0.01370156 0.64615996 0.00000000 0.53818987 0.00000000
0 0.38315615 0.00000000 0.38466493 0.00569863 0.38779321 0.00705835 0.38864871 0.01028955 0.38637593 0.01216105 0.38680367 0.01377663 0.38453088 0.01564808 0.38495864 0.01726371 0.38765917 0.01700784 0.39078747 0.01836759 0.39164296 0.02159875 0.38937018 0.02347025 0.39065342 0.02831704 0.39378172 0.02967679 0.39420947 0.03129242 0.39193668 0.03316387 0.39236442 0.03477945 0.39009159 0.03665074 0.39051942 0.03826665 0.38824660 0.04013803 0.38867433 0.04175352 0.39137487 0.04149766 0.39450324 0.04285770 0.39578641 0.04770420 0.39351359 0.04957557 0.39479687 0.05442248 0.39792524 0.05578253 0.39878069 0.05901353 0.39650787 0.06088490 0.39736343 0.06411631 0.40049169 0.06547594 0.40177497 0.07032285 0.39950215 0.07219422 0.39992988 0.07380972 0.39765706 0.07568110 0.40078543 0.07704114 0.39851262 0.07891251 0.39581139 0.07916845 0.39623911 0.08078395 0.39894034 0.08052801 0.40206871 0.08188805 0.40377960 0.08835005 0.40150690 0.09022184 0.39880567 0.09047777 0.40193462 0.09183734 0.40279018 0.09506875 0.40051667 0.09694019 0.37080868 0.09975495 0.37166413 0.10298595 0.36939132 0.10485733 0.35588794 0.10613674 0.35631577 0.10775265 0.35404296 0.10962402 0.33783835 0.11115937 0.33869391 0.11439079 0.35219728 0.11311137 0.35532623 0.11447094 0.35575396 0.11608644 0.38006018 0.11378348 0.38318844 0.11514310 0.38404399 0.11837452 0.38631739 0.11650267 0.39441900 0.11573506 0.39754737 0.11709510 0.39797510 0.11871060 0.42498255 0.11615171 0.42811081 0.11751134 0.42853864 0.11912725 0.45284555 0.11682422 0.45597381 0.11818385 0.45682926 0.12141485 0.47033264 0.12013544 0.47260545 0.11826407 0.47217773 0.11664857 0.47445123 0.11477713 0.47402340 0.11316122 0.47629622 0.11128985 0.47544066 0.10805843 0.47771347 0.10618706 0.47728575 0.10457156 0.47955857 0.10270019 0.47870301 0.09946878 0.48097582 0.09759741 0.48054810 0.09598191 0.48282149 0.09411006 0.48196605 0.09087906 0.48423886 0.08900769 0.48381114 0.08739219 0.48608384 0.08552041 0.48480057 0.08067349 0.48167230 0.07931386 0.48081686 0.07608286 0.48308967 0.07421149 0.48266184 0.07259558 0.48493535 0.07072414 0.49033642 0.07021240 0.49260924 0.06834103 0.49218140 0.06672512 0.49445422 0.06485375 0.49359877 0.06162275 0.49587228 0.05975131 0.49544444 0.05813540 0.49771726 0.05626403 0.49686170 0.05303262 0.49913452 0.05116124 0.49870679 0.04954574 0.50098030 0.04767431 0.50012475 0.04444289 0.50239756 0.04257152 0.50196984 0.04095603 0.50424254 0.03908424 0.50381482 0.03746874 0.50608763 0.03559737 0.50523219 0.03236637 0.50750489 0.03049459 0.50707717 0.02887909 0.50935067 0.02700765 0.50664945 0.02726359 0.50352107 0.02590354 0.50223788 0.02105696 0.50905693 0.01544245 0.51445870 0.01493065 0.51360320 0.01169944 0.51587598 0.00982795 0.51502049 0.00659678 0.51729327 0.00472529 0.51686551 0.00310966 0.51913830 0.00123821 0.51881047 0.00000000 0.38315615 0.00000000
0 1.00000000 0.10928149 0.90649075 0.13430987 0.90666968 0.13543954 0.91233548 0.16345121 0.92865395 0.16086662 1.00000000 0.14045312 1.00000000 0.10928149
0 1.00000000 0.16764941 0.91836328 0.18929361 0.92132233 0.20797635 0.92362112 0.21861490 0.94941830 0.21452903 1.00000000 0.19964201 1.00000000 0.16764941
0 1.00000000 0.21918224 0.93363447 0.24187389 0.94167613 0.27418875 0.94727659 0.27286193 1.00000000 0.25213183 1.00000000 0.21918224
0 0.70000000 0.88282113 0.69851695 0.88192666 0.67421073 0.88512331 0.67977146 0.91427637 0.67749865 0.91687394 0.64238959 0.92149133 0.64324514 0.92597673 0.64637340 0.92786397 0.64979541 0.94580441 0.64752259 0.94840198 0.63401921 0.95017789 0.63174571 0.95277555 0.56692866 0.96130001 0.56863977 0.97027080 0.57176872 0.97215796 0.70000000 0.95529354 0.70000000 0.88282113
0 0.70000000 0.70101550 0.67759137 0.58353445 0.66408729 0.58531045 0.66579830 0.59428066 0.66352548 0.59687824 0.62571588 0.60185079 0.62657144 0.60633619 0.62969970 0.60822343 0.63397726 0.63064926 0.63170445 0.63324683 0.62360214 0.63431241 0.62047388 0.63242517 0.59346643 0.63597707 0.59560515 0.64718970 0.59333234 0.64978727 0.59376006 0.65202968 0.59148736 0.65462783 0.58338506 0.65569341 0.58025669 0.65380559 0.56675262 0.65558158 0.56447991 0.65817973 0.56747408 0.67387718 0.56520138 0.67647533 0.55980030 0.67718565 0.55667124 0.67529792 0.52966449 0.67884973 0.52653553 0.67696257 0.52383500 0.67731774 0.52469055 0.68180313 0.52781881 0.68369038 0.52995754 0.69490301 0.53308649 0.69679016 0.53394204 0.70127556 0.53166854 0.70387322 0.49385894 0.70884578 0.49514222 0.71557358 0.49286940 0.71817116 0.49372496 0.72265655 0.49145145 0.72525422 0.45364185 0.73022677 0.45578058 0.74143940 0.45350777 0.74403697 0.45080654 0.74439223 0.44767828 0.74250498 0.41526975 0.74676720 0.41740848 0.75797983 0.41513566 0.76057741 0.38002660 0.76519480 0.38259316 0.77865041 0.38032035 0.78124798 0.32900668 0.78799653 0.32943440 0.79023894 0.32716100 0.79283718 0.32844428 0.79956499 0.32617147 0.80216256 0.30996755 0.80429363 0.31167855 0.81326385 0.30940505 0.81586151 0.27699722 0.82012365 0.27472371 0.82272131 0.26662141 0.82378689 0.26876013 0.83499952 0.27188919 0.83688725 0.27458973 0.83653209 0.27771799 0.83841933 0.27985672 0.84963196 0.27758390 0.85222953 0.23977430 0.85720209 0.24191314 0.86841529 0.29052558 0.86202199 0.29365384 0.86390924 0.29707584 0.88184967 0.29480303 0.88444725 0.24348936 0.89119580 0.24520036 0.90016601 0.30191510 0.89270714 0.30504417 0.89459487 0.34015323 0.88997748 0.34328149 0.89186472 0.34499249 0.90083494 0.43141522 0.88946900 0.43368792 0.88687085 0.44449146 0.88545002 0.44761983 0.88733784 0.45489156 0.92546112 0.45261875 0.92805869 0.42020953 0.93232101 0.41793682 0.93491916 0.41523629 0.93527432 0.41836455 0.93716157 0.42007555 0.94613178 0.42320381 0.94801903 0.42491481 0.95698925 0.42804376 0.95887640 0.42932704 0.96560421 0.44283042 0.96382830 0.44595868 0.96571555 0.47296613 0.96216365 0.47609450 0.96405147 0.50310195 0.96049957 0.50623021 0.96238682 0.50850303 0.95978924 0.51120356 0.95943408 0.51347627 0.95683593 0.51617750 0.95648068 0.51845031 0.95388310 0.52115085 0.95352794 0.52569706 0.94833213 0.52839760 0.94797697 0.53067041 0.94537940 0.53337095 0.94502423 0.53564445 0.94242657 0.53834499 0.94207140 0.54061780 0.93947383 0.54331903 0.93911858 0.54559185 0.93652100 0.54829239 0.93616584 0.55056509 0.93356769 0.55326563 0.93321253 0.55781195 0.92801729 0.56051248 0.92766213 0.56278588 0.92506389 0.56548642 0.92470873 0.56775923 0.92211115 0.57045977 0.92175599 0.57273258 0.91915842 0.57543381 0.91880316 0.57770663 0.91620559 0.58040717 0.91585043 0.58495337 0.91065461 0.58765391 0.91029945 0.58992673 0.90770188 0.59262727 0.90734672 0.59490077 0.90474905 0.59760131 0.90439389 0.59987402 0.90179574 0.60257524 0.90144049 0.60484806 0.89884291 0.60754859 0.89848775 0.61209422 0.89329260 0.61479545 0.89293735 0.61706827 0.89033977 0.61976880 0.88998461 0.62204220 0.88738637 0.62474274 0.88703121 0.62701555 0.88443364 0.62971609 0.88407848 0.63198890 0.88148090 0.63469013 0.88112565 0.63696284 0.87852750 0.63966338 0.87817234 0.64420969 0.87297710 0.64691023 0.87262193 0.64918305 0.87002436 0.65188358 0.86966920 0.65415709 0.86707154 0.65685763 0.86671637 0.65913033 0.86411823 0.66183156 0.86376297 0.66140384 0.86152056 0.65827489 0.85963340 0.65699161 0.85290560 0.65386335 0.85101835 0.65258007 0.84429054 0.64945181 0.84240330 0.64816853 0.83567549 0.64503958 0.83378833 0.64375630 0.82706053 0.64062804 0.82517328 0.63934476 0.81844548 0.63621650 0.81655823 0.63493322 0.80983042 0.63180496 0.80794317 0.63052168 0.80121537 0.62739342 0.79932812 0.62525459 0.78811492 0.62752740 0.78551735 0.62709968 0.78327493 0.62937249 0.78067736 0.64827763 0.77819104 0.65055045 0.77559347 0.65595152 0.77488314 0.65908048 0.77677030 0.65993592 0.78125512 0.66306418 0.78314236 0.66434746 0.78987017 0.66747583 0.79175799 0.66875900 0.79848522 0.67188795 0.80037238 0.67231578 0.80261537 0.68851970 0.80048430 0.69164796 0.80237154 0.70000000 0.80127312 0.70000000 0.70101550
0 0.74558882 0.75290955 0.74424814 0.75102230 0.73730360 0.75315337 0.73864428 0.75504062 0.74558882 0.75290955
0 0.72621064 0.73356907 0.72547740 0.72459943 0.71158803 0.72886166 0.71232127 0.73783130 0.72621064 0.73356907
0 0.74101650 0.74052009 0.74680396 0.73874409 0.74814464 0.74063134 0.74887793 0.74960155 0.75235034 0.74853598 0.75369103 0.75042322 0.75442431 0.75939344 0.76021147 0.75761754 0.76155216 0.75950478 0.76246880 0.77071798 0.77635846 0.76645566 0.77379194 0.73505962 0.77476600 0.73246205 0.77610668 0.73434929 0.77683997 0.74331951 0.78031239 0.74225393 0.77902917 0.72655648 0.77768814 0.72466875 0.77530497 0.69551569 0.76257328 0.69942267 0.76123259 0.69753542 0.75313039 0.70002174 0.75368032 0.70674897 0.75715244 0.70568348 0.75849346 0.70757122 0.75751910 0.71016888 0.73899995 0.71585185 0.74101650 0.74052009
0 0.71798274 0.72000274 0.71724945 0.71103252 0.70336008 0.71529475 0.70409337 0.72426496 0.71798274 0.72000274
0 0.71669947 0.70430471 0.71596619 0.69533450 0.70091939 0.69995191 0.70165267 0.70892212 0.71669947 0.70430471
0 0.76232150 0.66731630 0.76433805 0.69198453 0.77359763 0.68914305 0.77493835 0.69103087 0.77841077 0.68996529 0.77621086 0.66305407 0.76232150 0.66731630
0 0.71559957 0.69084968 0.71468292 0.67963648 0.70079355 0.68389870 0.70171020 0.69511190 0.71559957 0.69084968
0 0.70000000 0.67419123 0.70042693 0.67941388 0.71431630 0.67515165 0.71339966 0.66393845 0.70000000 0.66805040 0.70000000 0.67419123
0 0.70000000 0.66345308 0.71303304 0.65945363 0.71229975 0.65048342 0.70000000 0.65425784 0.70000000 0.66345308
0 0.72021859 0.64575470 0.71924444 0.64835230 0.71790367 0.64646508 0.71443134 0.64753063 0.71681451 0.67668369 0.72028683 0.67561814 0.72126099 0.67302054 0.72473331 0.67195499 0.72253345 0.64504434 0.72021859 0.64575470
0 0.70000000 0.64736126 0.71174978 0.64375561 0.71101649 0.63478539 0.70000000 0.63816602 0.70000000 0.64736126
