0 0.67812500 0.32187540 0.67187520 0.32187540 0.66562480 0.31562500 0.65000000 0.31562500 0.64687520 0.31250020 0.64687520 0.30000020 0.63124960 0.30000020 0.62812480 0.29687540 0.62812480 0.29374980 0.60937520 0.29374980 0.60937520 0.31874980 0.60624960 0.32187540 0.57187520 0.32187540 0.57187520 0.34062500 0.56875040 0.34374980 0.53437520 0.34374980 0.53437520 0.35312500 0.53124960 0.35624980 0.51562480 0.35624980 0.51250000 0.35937460 0.51250000 0.36250020 0.50937520 0.36562500 0.49375040 0.36562500 0.49375040 0.37500020 0.49062480 0.37812500 0.47500000 0.37812500 0.47500000 0.38437460 0.47187520 0.38750020 0.45312480 0.38750020 0.45312480 0.39062500 0.45000000 0.39374980 0.43437520 0.39374980 0.43437520 0.39687540 0.43124960 0.40000020 0.41562480 0.40000020 0.41562480 0.40624980 0.41250000 0.40937460 0.37500000 0.40937460 0.37500000 0.41250020 0.37187520 0.41562500 0.35624960 0.41562500 0.35624960 0.41874980 0.35312480 0.42187540 0.33437520 0.42187540 0.33124960 0.42500020 0.30312480 0.42500020 0.30312480 0.42812500 0.30000000 0.43124980 0.29687520 0.43124980 0.29687520 0.43437460 0.29375040 0.43750020 0.27812480 0.43750020 0.27812480 0.44062500 0.27500000 0.44374980 0.25937520 0.44374980 0.25937520 0.45624980 0.25624960 0.45937460 0.23750000 0.45937460 0.23750000 0.46874980 0.23124960 0.47500020 0.21875040 0.47500020 0.21875040 0.48437460 0.21562480 0.48750020 0.20000000 0.48750020 0.20000000 0.50000020 0.19687520 0.50312500 0.17812480 0.50312500 0.17812480 0.56875000 0.47187520 0.56875000 0.47187520 0.56874980 0.47500000 0.56562500 0.49375040 0.56562500 0.49375040 0.56250020 0.49687520 0.55937460 0.53124960 0.55937460 0.53124960 0.55624980 0.53437520 0.55312500 0.55000000 0.55312500 0.55000000 0.54062500 0.55312480 0.53750020 0.57187520 0.53750020 0.57187520 0.53437460 0.57500000 0.53124980 0.57812480 0.53124980 0.58124960 0.52812500 0.59062480 0.52812500 0.59062480 0.46562500 0.59375040 0.46250020 0.60937520 0.46250020 0.60937520 0.44687540 0.61250000 0.44374980 0.62187520 0.44374980 0.62500000 0.44062500 0.62812480 0.44062500 0.62812480 0.42500020 0.63124960 0.42187540 0.65000000 0.42187540 0.65000000 0.40937460 0.65312480 0.40624980 0.66562480 0.40624980 0.66875040 0.40312500 0.66875040 0.39374980 0.67187520 0.39062500 0.67812500 0.39062500 0.67812500 0.32187540
0 0.23437500 1.00000000 0.23437500 0.99687540 0.16249980 0.99687540 0.15937500 0.99374980 0.15937500 0.96874980 0.11249980 0.96874980 0.10937500 0.96562500 0.10937500 0.95937460 0.09375020 0.95937460 0.09062540 0.96250020 0.08437500 0.96250020 0.08437500 0.98124980 0.08125020 0.98437460 0.08125020 1.00000000 0.23437500 1.00000000
0 0.00000000 1.00000000 0.07187500 1.00000000 0.07187500 0.99374980 0.07499996 0.99062500 0.07499996 0.92812500 0.07187500 0.92500020 0.06249996 0.92500020 0.05937500 0.92187540 0.02499996 0.92187540 0.01875004 0.92812500 0.01875004 0.93124980 0.01562500 0.93437460 0.01562500 0.93750020 0.01249996 0.94062500 0.01249996 0.94687540 0.00937500 0.95000020 0.00937500 0.95624980 0.00625004 0.95937460 0.00625004 0.96250020 0.00312500 0.96562500 0.00312500 0.97187540 0.00000000 0.97500020 0.00000000 0.98124980 0.00000000 1.00000000
0 0.16875020 0.98750020 0.21875020 0.98750020 0.22187500 0.99062500 0.23437500 0.99062500 0.23749980 0.98750020 0.23749980 0.96250020 0.24062540 0.95937460 0.24375020 0.96250020 0.24687500 0.95937460 0.24687500 0.77187540 0.11249980 0.77187540 0.10937500 0.76874980 0.08749980 0.76874980 0.08749980 0.94374980 0.11875020 0.94374980 0.12187500 0.94062500 0.16562540 0.94062500 0.16875020 0.94374980 0.16875020 0.98750020
0 0.10937500 0.75937460 0.11249980 0.76250020 0.24687500 0.76250020 0.24687500 0.70312500 0.09999980 0.70312500 0.09999980 0.70624980 0.09687500 0.70937460 0.09687500 0.71562500 0.09375020 0.71874980 0.09375020 0.75937460 0.10937500 0.75937460
0 0.77166563 0.91812500 0.82500000 0.90479063 0.82500000 0.88479062 0.77166563 0.89812500 0.77166563 0.91812500
0 0.75833438 0.86812500 0.81166563 0.85479063 0.81166563 0.83479062 0.75833438 0.84812500 0.75833438 0.86812500
0 0.76500000 0.89479062 0.81833438 0.88145938 0.81833438 0.86145938 0.76500000 0.87479062 0.76500000 0.89479062
0 0.74500000 0.80812500 0.82500000 0.78479062 0.82500000 0.76812500 0.74500000 0.79145937 0.74500000 0.80812500
0 0.72500000 0.73479063 0.80500000 0.71145938 0.80500000 0.69479062 0.72500000 0.71812500 0.72500000 0.73479063
0 0.71833437 0.70812500 0.79833437 0.68479062 0.79833437 0.66812500 0.71833437 0.69145937 0.71833437 0.70812500
0 0.71166562 0.68479062 0.79166563 0.66145937 0.79166563 0.64479062 0.71166562 0.66812500 0.71166562 0.68479062
0 0.73833437 0.78145938 0.81833438 0.75812500 0.81833438 0.74145938 0.73833437 0.76479063 0.73833437 0.78145938
0 0.78166563 0.74479063 0.81166563 0.73812500 0.81166563 0.72145938 0.78166563 0.72812500 0.78166563 0.74479063
