0 0.35025846 0.25258544 0.34988474 0.24791852 0.34756233 0.24578948 0.34363850 0.19679010 0.34131610 0.19466106 0.33739222 0.14566108 0.33506927 0.14353209 0.33207968 0.10619911 0.32780854 0.10660736 0.32949018 0.12760701 0.33181258 0.12973605 0.33667070 0.19040244 0.33899310 0.19253148 0.34385122 0.25319787 0.35025846 0.25258544
0 0.33474840 0.24701429 0.33530896 0.25401437 0.33958009 0.25360612 0.33725769 0.25147708 0.33296013 0.19781078 0.33063773 0.19568174 0.32615334 0.13968227 0.32383034 0.13755269 0.32140130 0.10721979 0.31713017 0.10762804 0.31843813 0.12396137 0.32076054 0.12609041 0.32543177 0.18442304 0.32775417 0.18655207 0.33242545 0.24488530 0.33474840 0.24701429
0 0.32118651 0.23890590 0.32350892 0.24103494 0.32463004 0.25503510 0.32676561 0.25483098 0.32246805 0.20116467 0.32014565 0.19903563 0.31566125 0.14303616 0.31333885 0.14090712 0.31072293 0.10824047 0.30858737 0.10844459 0.30663864 0.11098188 0.30850716 0.13431529 0.31082956 0.13644433 0.31494023 0.18777688 0.31726268 0.18990651 0.32118651 0.23890590
0 0.38974376 0.10068736 0.38955692 0.09835420 0.34897845 0.10223284 0.35215488 0.14189898 0.37351218 0.13985758 0.37583458 0.14198661 0.37602142 0.14431977 0.37212401 0.14939495 0.35290228 0.15123223 0.35682612 0.20023162 0.35914906 0.20236060 0.36344662 0.25602691 0.36558219 0.25582279 0.36753091 0.25328550 0.44228061 0.24614064 0.44422934 0.24360336 0.45917939 0.24217438 0.45843199 0.23284113 0.45610954 0.23071150 0.45031724 0.15837930 0.44799479 0.15624966 0.44631315 0.13525001 0.44204147 0.13565831 0.43739612 0.13140029 0.43421969 0.09173415 0.41927018 0.09316308 0.41945702 0.09549624 0.41750775 0.09803358 0.40896549 0.09885008 0.40701621 0.10138742 0.39206671 0.10281635 0.38974376 0.10068736
0 0.43171040 0.08727136 0.42797341 0.04060513 0.42565099 0.03847597 0.42396934 0.01747614 0.33854127 0.02564167 0.34134400 0.06064119 0.34366645 0.06277083 0.34646916 0.09777005 0.40199768 0.09246243 0.40394641 0.08992514 0.43171040 0.08727136
0 0.43763435 0.00000000 0.43910625 0.01838050 0.44142866 0.02050966 0.44703417 0.09050929 0.44935658 0.09263833 0.45458837 0.15797104 0.45691077 0.16010008 0.46307680 0.23709921 0.46539979 0.23922879 0.46558663 0.24156195 0.46790904 0.24369098 0.47858741 0.24267031 0.47840057 0.24033714 0.48034930 0.23779986 0.50384215 0.23555432 0.50616510 0.23768331 0.52111461 0.23625438 0.52092777 0.23392122 0.52287699 0.23138328 0.53569093 0.23015848 0.53801338 0.23228811 0.54014950 0.23208393 0.54209818 0.22954605 0.54172450 0.22487972 0.53104558 0.22590046 0.52872313 0.22377082 0.52853629 0.22143766 0.52621389 0.21930862 0.52194276 0.21971687 0.51999348 0.22225421 0.51785792 0.22245834 0.51553552 0.22032930 0.51460128 0.20866290 0.51654996 0.20612501 0.53790725 0.20408360 0.53360974 0.15041789 0.53555842 0.14788001 0.53537159 0.14554684 0.53304918 0.14341781 0.53174122 0.12708448 0.52941827 0.12495549 0.52792348 0.10628900 0.52560107 0.10415997 0.52754980 0.10162268 0.52530755 0.07362235 0.51890031 0.07423478 0.51695163 0.07677266 0.48918765 0.07942645 0.48686520 0.07729681 0.48611785 0.06796417 0.48806653 0.06542628 0.49660933 0.06460973 0.49855806 0.06207244 0.52418648 0.05962278 0.52381276 0.05495586 0.52576203 0.05241852 0.52808444 0.05454756 0.52509487 0.01721488 0.52295930 0.01741900 0.52501463 0.04308527 0.52306541 0.04562321 0.52074296 0.04349358 0.51726002 0.00000000 0.43763435 0.00000000
0 0.33648791 0.00000000 0.33816757 0.02097505 0.39369554 0.01566748 0.39564481 0.01313002 0.42340880 0.01047624 0.42256987 0.00000000 0.33648791 0.00000000
0 0.31496769 0.00000000 0.31587658 0.01134988 0.31819899 0.01347904 0.32212282 0.06247843 0.32444528 0.06460806 0.32724798 0.09960728 0.32957044 0.10173691 0.33151912 0.09919903 0.32919671 0.09706999 0.32545972 0.05040377 0.32313730 0.04827461 0.31958716 0.00394167 0.31726475 0.00181251 0.31711960 0.00000000 0.31496769 0.00000000
0 0.30420703 0.00000000 0.30519766 0.01237061 0.30752007 0.01449977 0.31125707 0.06116599 0.31358002 0.06329498 0.31675650 0.10296172 0.32102763 0.10255346 0.31971967 0.08622014 0.31739727 0.08409110 0.31403395 0.04209120 0.31171154 0.03996204 0.30853509 0.00029572 0.30821244 0.00000000 0.30420703 0.00000000
0 0.29344692 0.00000000 0.29507983 0.02039120 0.29740225 0.02252041 0.30226033 0.08318632 0.30458333 0.08531590 0.30607812 0.10398240 0.31034926 0.10357414 0.30978869 0.09657406 0.30746624 0.09444443 0.30335557 0.04311188 0.30103316 0.04098272 0.29775130 0.00000000 0.29344692 0.00000000
0 0.82706309 0.17940752 0.82529666 0.12574136 0.81288630 0.09806211 0.81001163 0.03760016 0.77928716 0.04474500 0.78608944 0.27828026 0.80460092 0.27632667 0.80489738 0.23158548 0.81424644 0.22000671 0.81492690 0.18693208 0.82706309 0.17940752
0 0.82324372 0.35898470 0.82126837 0.40646747 0.86187950 0.40407705 0.86666346 0.46879735 0.94990484 0.44473759 0.94430909 0.32848030 0.82324372 0.35898470
0 0.54882812 0.77963647 0.37587351 0.71337048 0.37434413 0.71977816 0.54882812 0.78595132 0.54882812 0.77963647
0 0.54882812 0.85945790 0.35055275 0.78250643 0.34694731 0.78909574 0.54882812 0.86746762 0.54882812 0.85945790
0 0.68763299 1.00000000 0.68666329 0.98746066 0.67586486 0.84855780 0.58035568 0.85495319 0.59134786 1.00000000 0.68763299 1.00000000
