0 0.18750000 0.29117549 0.18477596 0.29354346 0.18087948 0.29327099 0.17671052 0.29689500 0.17281404 0.29662254 0.16864509 0.30024655 0.16474760 0.29997402 0.15640962 0.30722304 0.15251214 0.30695050 0.14834319 0.31057452 0.14444670 0.31030205 0.14027775 0.31392607 0.13638126 0.31365360 0.13221131 0.31727755 0.12831483 0.31700508 0.12414580 0.32063009 0.12024832 0.32035755 0.11997585 0.32425404 0.12360087 0.32842306 0.12332833 0.33232055 0.12695234 0.33648950 0.13084883 0.33676197 0.13501878 0.33313802 0.13891527 0.33341049 0.14308429 0.32978548 0.14698077 0.33005795 0.15531968 0.32280998 0.15921616 0.32308245 0.16338519 0.31945744 0.16728267 0.31972998 0.17145162 0.31610596 0.17534811 0.31637843 0.17951707 0.31275441 0.18341355 0.31302688 0.18750000 0.30947550 0.18750000 0.29117549
0 0.18750000 0.25457462 0.18387684 0.25040666 0.18414931 0.24651017 0.18052530 0.24234122 0.18079784 0.23844374 0.17717382 0.23427478 0.17744629 0.23037830 0.17382234 0.22620835 0.17409481 0.22231186 0.17046980 0.21814284 0.17074227 0.21424635 0.16684578 0.21397388 0.16267682 0.21759790 0.15877934 0.21732536 0.15461039 0.22094938 0.15071390 0.22067691 0.14654495 0.22430093 0.14264846 0.22402846 0.13847844 0.22765340 0.13458196 0.22738093 0.13041300 0.23100495 0.12651552 0.23073241 0.12234657 0.23435643 0.11845008 0.23408396 0.11428106 0.23770897 0.11038457 0.23743650 0.10204567 0.24468446 0.09814918 0.24441200 0.09397923 0.24803595 0.09008275 0.24776348 0.08591379 0.25138749 0.08953774 0.25555744 0.08926527 0.25945393 0.09288929 0.26362288 0.09261675 0.26752036 0.09624176 0.27168939 0.09596929 0.27558587 0.10321732 0.28392378 0.10294479 0.28782127 0.10656980 0.29199029 0.10629733 0.29588677 0.10992128 0.30005672 0.10964881 0.30395321 0.11327282 0.30812216 0.11716931 0.30839463 0.12133827 0.30477062 0.12523575 0.30504316 0.12940470 0.30141914 0.13330119 0.30169161 0.13747121 0.29806666 0.14136770 0.29833913 0.14553665 0.29471511 0.14943313 0.29498758 0.15360209 0.29136357 0.15749957 0.29163611 0.16166859 0.28801109 0.16556508 0.28828356 0.16973503 0.28465961 0.17363152 0.28493208 0.17780047 0.28130807 0.18169695 0.28158054 0.18586591 0.27795652 0.18750000 0.27807079 0.18750000 0.25878455 0.18722839 0.25847210 0.18750000 0.25458790 0.18750000 0.25457462
0 0.07588469 0.05881279 0.07171574 0.06243681 0.06781925 0.06216434 0.06365023 0.06578936 0.05975375 0.06551689 0.05558379 0.06914083 0.05168731 0.06886836 0.04751836 0.07249238 0.05114230 0.07666233 0.05086983 0.08055882 0.05449385 0.08472777 0.05422138 0.08862426 0.05784639 0.09279328 0.05757386 0.09669076 0.06119787 0.10085972 0.06092540 0.10475620 0.06454935 0.10892615 0.06427688 0.11282264 0.06790090 0.11699159 0.06762843 0.12088808 0.07125245 0.12505703 0.07097991 0.12895452 0.07460492 0.13312354 0.06209699 0.14399652 0.05820050 0.14372405 0.05792804 0.14762053 0.06155205 0.15178949 0.06127959 0.15568597 0.06490353 0.15985592 0.06463106 0.16375241 0.06825508 0.16792136 0.06798254 0.17181884 0.07160755 0.17598787 0.07133509 0.17988436 0.07495910 0.18405331 0.07468663 0.18794979 0.07831058 0.19211975 0.07803811 0.19601623 0.08166313 0.20018525 0.08139059 0.20408273 0.08528707 0.20435520 0.08945609 0.20073019 0.09335258 0.20100266 0.09752154 0.19737864 0.10141902 0.19765118 0.10975700 0.19040215 0.11365448 0.19067469 0.11782343 0.18705067 0.12171992 0.18732314 0.12588887 0.18369912 0.12978536 0.18397159 0.13395531 0.18034765 0.13785179 0.18062012 0.14619077 0.17337116 0.15008725 0.17364362 0.15425621 0.17001961 0.15815269 0.17029208 0.16232164 0.16666806 0.15869770 0.16249811 0.15897017 0.15860162 0.15534615 0.15443267 0.15561862 0.15053618 0.15199461 0.14636723 0.15226714 0.14246975 0.14864312 0.13830079 0.14891559 0.13440431 0.14529065 0.13023429 0.14556312 0.12633780 0.14193910 0.12216885 0.14221157 0.11827236 0.13496261 0.10993339 0.13523508 0.10603690 0.13161106 0.10186795 0.13188360 0.09797047 0.12825959 0.09380151 0.12853205 0.08990503 0.12490804 0.08573607 0.12518051 0.08183959 0.12155656 0.07766964 0.12182903 0.07377315 0.11820402 0.06960413 0.11847655 0.06570664 0.11122852 0.05736874 0.11150099 0.05347225 0.10787598 0.04930323 0.10814852 0.04540575 0.10425203 0.04513328 0.10008300 0.04875829 0.09618652 0.04848582 0.09201757 0.05210984 0.08812008 0.05183730 0.07978218 0.05908533 0.07588469 0.05881279
0 0.18750000 0.03564394 0.18354913 0.03109958 0.18382160 0.02720309 0.18019759 0.02303414 0.18047013 0.01913666 0.17684611 0.01496770 0.17711858 0.01107122 0.17349363 0.00690120 0.17376610 0.00300471 0.16959715 0.00662873 0.16570066 0.00635626 0.16153164 0.00998127 0.15763515 0.00970880 0.14929625 0.01695677 0.14539976 0.01668430 0.14122974 0.02030924 0.13733326 0.02003677 0.13678832 0.02782974 0.14041234 0.03199870 0.14013987 0.03589518 0.14376481 0.04006520 0.14349234 0.04396169 0.14711636 0.04813064 0.14684382 0.05202813 0.15046784 0.05619708 0.15019537 0.06009357 0.15382038 0.06426259 0.15354791 0.06815907 0.15717186 0.07232902 0.15689939 0.07622551 0.16052341 0.08039446 0.16025087 0.08429195 0.16387489 0.08846090 0.16360242 0.09235739 0.16722643 0.09652634 0.16695396 0.10042282 0.17057891 0.10459285 0.17030644 0.10848933 0.17393046 0.11265829 0.17365792 0.11655577 0.17728193 0.12072472 0.17700946 0.12462121 0.18063448 0.12879023 0.18036201 0.13268671 0.18398596 0.13685667 0.18371349 0.14075315 0.18733750 0.14492211 0.18706496 0.14881959 0.18750000 0.14932004 0.18750000 0.03564394
0 0.60503711 0.35937500 0.60470144 0.35898886 0.60497391 0.35509238 0.60134897 0.35092236 0.60162144 0.34702587 0.59799742 0.34285692 0.59826996 0.33895943 0.59102093 0.33062146 0.59129339 0.32672497 0.58766938 0.32255602 0.58794192 0.31865854 0.58431790 0.31448958 0.58459037 0.31059310 0.58096643 0.30642314 0.58123889 0.30252666 0.57734241 0.30225419 0.57317246 0.30587814 0.56927597 0.30560567 0.56093700 0.31285463 0.55704051 0.31258216 0.55287156 0.31620618 0.54897507 0.31593371 0.54480605 0.31955872 0.54090857 0.31928618 0.53673961 0.32291020 0.53284312 0.32263773 0.52867318 0.32626168 0.52477669 0.32598921 0.51643878 0.33323724 0.51254230 0.33296477 0.50837227 0.33658972 0.50447579 0.33631725 0.50030684 0.33994127 0.50393085 0.34411022 0.50365831 0.34800770 0.50728233 0.35217666 0.50700986 0.35607314 0.50988087 0.35937500 0.60503711 0.35937500
0 0.43425243 0.27658521 0.43008340 0.28021022 0.42618692 0.27993775 0.42201796 0.28356177 0.41812048 0.28328923 0.41395153 0.28691325 0.41005504 0.28664078 0.40588509 0.29026473 0.40561262 0.29416121 0.40923757 0.29833123 0.40896510 0.30222772 0.41258911 0.30639667 0.41231657 0.31029416 0.41594059 0.31446311 0.41566812 0.31835959 0.42291715 0.32669757 0.42264461 0.33059505 0.43043758 0.33113999 0.43460661 0.32751498 0.43850409 0.32778752 0.44684200 0.32053948 0.45073948 0.32081202 0.45490843 0.31718801 0.45880492 0.31746048 0.46297387 0.31383646 0.46687036 0.31410893 0.47104038 0.31048398 0.47493687 0.31075645 0.47910582 0.30713244 0.48300330 0.30740497 0.48327577 0.30350849 0.47965083 0.29933847 0.47992330 0.29544198 0.47629928 0.29127303 0.47657175 0.28737654 0.47294773 0.28320759 0.47322027 0.27931011 0.46959526 0.27514108 0.46986773 0.27124460 0.46624378 0.26707464 0.46651625 0.26317816 0.46261976 0.26290569 0.45845081 0.26652971 0.45455432 0.26625724 0.45038430 0.26988218 0.44648782 0.26960971 0.43814891 0.27685768 0.43425243 0.27658521
0 0.85575381 0.18467076 0.85158386 0.18829471 0.84768737 0.18802224 0.84351842 0.19164625 0.83962193 0.19137379 0.83128303 0.19862175 0.82738654 0.19834928 0.82684154 0.20614325 0.83046555 0.21031220 0.83019301 0.21420968 0.83381803 0.21837871 0.83354556 0.22227520 0.83716957 0.22644415 0.83689711 0.23034063 0.84052105 0.23451059 0.84024859 0.23840707 0.84387260 0.24257602 0.84360006 0.24647351 0.84722408 0.25064246 0.84695161 0.25453895 0.85057662 0.25870797 0.85030416 0.26260445 0.85392810 0.26677441 0.85365563 0.27067089 0.85727965 0.27483984 0.85700711 0.27873733 0.86063212 0.28290635 0.86035966 0.28680284 0.86398367 0.29097179 0.86371120 0.29486828 0.86733515 0.29903823 0.86706268 0.30293471 0.87431064 0.31127362 0.87403818 0.31517011 0.87820813 0.31154616 0.88210461 0.31181863 0.88627364 0.30819361 0.89017112 0.30846615 0.89434007 0.30484213 0.89823656 0.30511460 0.90240551 0.30149059 0.90630200 0.30176305 0.91047202 0.29813811 0.91436850 0.29841058 0.91853746 0.29478656 0.92243494 0.29505910 0.93077285 0.28781107 0.93466933 0.28808354 0.93494180 0.28418705 0.92769384 0.27584815 0.92796631 0.27195166 0.92434236 0.26778171 0.92461483 0.26388523 0.92098982 0.25971620 0.92126229 0.25581971 0.91763827 0.25165076 0.91791081 0.24775328 0.91428679 0.24358432 0.91455926 0.23968784 0.91093432 0.23551782 0.91120679 0.23162134 0.90758277 0.22745238 0.90785523 0.22355589 0.90423122 0.21938694 0.90450376 0.21548946 0.89725573 0.20715155 0.89752827 0.20325407 0.89390325 0.19908504 0.89417572 0.19518856 0.89055170 0.19101961 0.89082417 0.18712312 0.88720022 0.18295317 0.88747269 0.17905668 0.88384768 0.17488766 0.88412022 0.17099018 0.87995120 0.17461519 0.87605471 0.17434272 0.86771680 0.18159075 0.86381932 0.18131821 0.85965029 0.18494323 0.85575381 0.18467076
0 0.48665379 0.14319662 0.48248477 0.14682163 0.47858729 0.14654909 0.47441833 0.15017311 0.47052184 0.14990064 0.46635289 0.15352466 0.46245641 0.15325219 0.45411743 0.16050115 0.45022095 0.16022868 0.44605099 0.16385263 0.44215451 0.16358016 0.43798555 0.16720417 0.43408907 0.16693170 0.43771309 0.17110066 0.43744055 0.17499814 0.44106456 0.17916709 0.44079209 0.18306358 0.44441604 0.18723353 0.44414357 0.19113002 0.44776859 0.19529904 0.44749612 0.19919553 0.45112013 0.20336448 0.45084759 0.20726196 0.45447161 0.21143092 0.45419914 0.21532740 0.45782409 0.21949742 0.45755162 0.22339391 0.46479965 0.23173182 0.46452718 0.23562830 0.46815113 0.23979825 0.46787866 0.24369474 0.47150268 0.24786369 0.47123014 0.25176118 0.47485515 0.25593020 0.47458268 0.25982668 0.47820670 0.26399564 0.47793423 0.26789212 0.48155818 0.27206207 0.48128571 0.27595856 0.48491072 0.28012758 0.48463818 0.28402507 0.48826220 0.28819402 0.48798973 0.29209050 0.49161375 0.29625946 0.49134128 0.30015595 0.49496523 0.30432589 0.49469276 0.30822238 0.50248673 0.30876739 0.50665568 0.30514337 0.51055216 0.30541584 0.51472219 0.30179089 0.51861867 0.30206336 0.52278762 0.29843935 0.52668411 0.29871182 0.53085306 0.29508780 0.53475055 0.29536034 0.53891950 0.29173632 0.54281598 0.29200879 0.54698594 0.28838484 0.55088242 0.28865731 0.55922040 0.28140829 0.56311689 0.28168075 0.56728684 0.27805680 0.57118332 0.27832927 0.57535235 0.27470426 0.57562482 0.27080778 0.57200080 0.26663882 0.57227327 0.26274234 0.56864925 0.25857338 0.56892179 0.25467590 0.56529678 0.25050688 0.56556925 0.24661039 0.56194530 0.24244044 0.56221777 0.23854395 0.55859375 0.23437500 0.55886622 0.23047852 0.55524220 0.22630956 0.55578721 0.21851559 0.54853825 0.21017662 0.54881072 0.20628013 0.54518670 0.20211118 0.54545917 0.19821469 0.54183515 0.19404574 0.54210769 0.19014826 0.53848268 0.18597923 0.53875515 0.18208275 0.53513120 0.17791280 0.53540367 0.17401631 0.53177965 0.16984736 0.53205212 0.16595087 0.52842811 0.16178192 0.52870064 0.15788443 0.52507663 0.15371548 0.52534910 0.14981900 0.52172415 0.14564898 0.52199662 0.14175249 0.51837261 0.13758354 0.51864507 0.13368705 0.51502106 0.12951810 0.51085111 0.13314204 0.50695462 0.13286957 0.50278567 0.13649359 0.49888918 0.13622112 0.49055028 0.14346909 0.48665379 0.14319662
0 0.90831853 0.16093567 0.90414958 0.16455969 0.90025309 0.16428722 0.89608314 0.16791117 0.89581067 0.17180765 0.89943561 0.17597767 0.89916314 0.17987416 0.90278716 0.18404311 0.90251463 0.18794059 0.90613864 0.19210955 0.90586617 0.19600604 0.91311420 0.20434394 0.91284167 0.20824143 0.91646668 0.21241045 0.91619421 0.21630693 0.91981816 0.22047689 0.91954569 0.22437337 0.92316971 0.22854232 0.92289724 0.23243881 0.92652225 0.23660783 0.92624971 0.24050532 0.92987373 0.24467427 0.92960126 0.24857075 0.93322521 0.25274071 0.93295274 0.25663719 0.93657675 0.26080614 0.93630429 0.26470263 0.93992830 0.26887159 0.93965576 0.27276907 0.94690479 0.28110705 0.95080128 0.28137952 0.95497123 0.27775557 0.95886771 0.27802804 0.96303667 0.27440402 0.96693316 0.27467649 0.97110218 0.27105148 0.97499966 0.27132402 0.97916861 0.26770000 0.98306510 0.26797246 0.98361004 0.26017950 0.97998602 0.25601054 0.98025856 0.25211306 0.97663454 0.24794411 0.97690701 0.24404762 0.97328207 0.23987760 0.97355454 0.23598111 0.96993052 0.23181216 0.97020299 0.22791568 0.96295503 0.21957677 0.96322750 0.21568029 0.95960348 0.21151133 0.95987602 0.20761385 0.95625100 0.20344482 0.95652347 0.19954834 0.95289946 0.19537938 0.95317193 0.19148290 0.94954798 0.18731295 0.94982045 0.18341646 0.94619543 0.17924744 0.94646797 0.17534996 0.93921994 0.16701205 0.93949241 0.16311556 0.93586839 0.15894661 0.93614093 0.15504913 0.93251691 0.15088017 0.92834696 0.15450412 0.92445048 0.15423165 0.92028145 0.15785666 0.91638397 0.15758412 0.91221502 0.16120814 0.90831853 0.16093567
0 1.00000000 0.12149695 0.99704455 0.12406607 0.99314707 0.12379354 0.98897812 0.12741755 0.98508163 0.12714509 0.98091161 0.13077003 0.97701513 0.13049756 0.97284617 0.13412157 0.96894969 0.13384911 0.96478073 0.13747313 0.96088325 0.13720059 0.96061078 0.14109707 0.96423580 0.14526609 0.96396326 0.14916358 0.96758727 0.15333253 0.96731480 0.15722902 0.97093875 0.16139897 0.97066629 0.16529545 0.97429030 0.16946441 0.97401783 0.17336089 0.97764185 0.17752984 0.97736931 0.18142733 0.98099432 0.18559635 0.98072186 0.18949284 0.98434580 0.19366279 0.98407333 0.19755927 0.99132236 0.20589725 0.99104989 0.20979374 0.99467384 0.21396369 0.99440137 0.21786017 0.99802539 0.22202913 0.99775285 0.22592661 1.00000000 0.22851166 1.00000000 0.12149695
0 0.79596660 0.03168956 0.79179764 0.03531358 0.78790116 0.03504111 0.78373221 0.03866513 0.77983472 0.03839259 0.77566570 0.04201760 0.77176921 0.04174513 0.76759926 0.04536908 0.76370278 0.04509661 0.76315777 0.05289058 0.76678179 0.05705953 0.76650932 0.06095602 0.77013433 0.06512504 0.76986186 0.06902153 0.77348581 0.07319148 0.77321334 0.07708796 0.77683736 0.08125692 0.77656482 0.08515440 0.78018983 0.08932342 0.77991736 0.09321991 0.78716540 0.10155782 0.78689286 0.10545530 0.79051688 0.10962425 0.79024441 0.11352074 0.79386835 0.11769069 0.79359588 0.12158718 0.79722090 0.12575620 0.79694843 0.12965268 0.80057245 0.13382164 0.80029991 0.13771912 0.80392392 0.14188807 0.80365145 0.14578456 0.80727640 0.14995458 0.80700393 0.15385107 0.81062795 0.15802002 0.81035548 0.16191650 0.81397950 0.16608546 0.81370696 0.16998294 0.81733097 0.17415189 0.82122746 0.17442436 0.82539741 0.17080042 0.82929389 0.17107289 0.83346292 0.16744787 0.83736040 0.16772041 0.84569831 0.16047238 0.84959479 0.16074485 0.85376375 0.15712083 0.85766123 0.15739337 0.86183018 0.15376935 0.86572667 0.15404182 0.86989669 0.15041688 0.87379318 0.15068935 0.87796213 0.14706533 0.87850714 0.13927136 0.87125911 0.13093345 0.87153157 0.12703697 0.86790656 0.12286795 0.86817910 0.11897046 0.86455508 0.11480151 0.86482755 0.11090502 0.86120361 0.10673507 0.86147607 0.10283859 0.85422704 0.09450061 0.85449951 0.09060412 0.85087556 0.08643417 0.85114803 0.08253769 0.84752402 0.07836873 0.84779655 0.07447125 0.84417254 0.07030230 0.84444501 0.06640581 0.84081999 0.06223679 0.84109246 0.05834030 0.83384450 0.05000140 0.83411697 0.04610491 0.83049202 0.04193489 0.83076449 0.03803841 0.82714048 0.03386945 0.82741295 0.02997296 0.82378893 0.02580401 0.82406147 0.02190653 0.82016498 0.02163406 0.81599596 0.02525907 0.81209848 0.02498654 0.80792952 0.02861055 0.80403304 0.02833808 0.79986309 0.03196203 0.79596660 0.03168956
0 0.87452375 0.00000000 0.87245716 0.00179646 0.86856068 0.00152399 0.86439073 0.00514793 0.86049424 0.00487546 0.85632529 0.00849948 0.85242880 0.00822701 0.84825985 0.01185103 0.84436237 0.01157849 0.84019334 0.01520350 0.83629686 0.01493104 0.83575192 0.02272400 0.83937587 0.02689396 0.83910340 0.03079044 0.84272741 0.03495939 0.84245495 0.03885588 0.84607996 0.04302491 0.84580742 0.04692239 0.84943144 0.05109134 0.84915897 0.05498783 0.85640693 0.06332673 0.85613446 0.06722322 0.85975848 0.07139217 0.85948601 0.07528866 0.86311095 0.07945868 0.86283848 0.08335516 0.86646250 0.08752412 0.86618996 0.09142160 0.86981398 0.09559055 0.86954151 0.09948704 0.87316653 0.10365606 0.87289406 0.10755255 0.87651800 0.11172250 0.87624554 0.11561898 0.88349350 0.12395789 0.88322103 0.12785437 0.88684505 0.13202333 0.88657258 0.13591982 0.89019759 0.14008884 0.89409407 0.14036131 0.89826303 0.13673729 0.90216051 0.13700983 0.90632946 0.13338581 0.91022595 0.13365828 0.91439491 0.13003427 0.91829139 0.13030673 0.92246134 0.12668279 0.92635783 0.12695526 0.93052685 0.12333024 0.92690284 0.11916129 0.92717530 0.11526480 0.92355136 0.11109485 0.92382382 0.10719837 0.92019881 0.10302934 0.92047128 0.09913286 0.91684727 0.09496390 0.91711980 0.09106642 0.90987177 0.08272851 0.91014431 0.07883103 0.90652029 0.07466207 0.90679276 0.07076559 0.90316775 0.06659657 0.90344021 0.06270008 0.89981627 0.05853013 0.90008874 0.05463364 0.89646472 0.05046469 0.89700973 0.04267072 0.90117868 0.03904671 0.90507517 0.03931918 0.90924512 0.03569523 0.91314161 0.03596770 0.91341407 0.03207121 0.90979013 0.02790126 0.91006259 0.02400478 0.90643758 0.01983575 0.90671012 0.01593827 0.90308611 0.01176932 0.90335857 0.00787283 0.89973455 0.00370388 0.89999355 0.00000000 0.87452375 0.00000000
0 0.92213351 0.00000000 0.92338693 0.00144227 0.92311446 0.00533876 0.92673848 0.00950771 0.92646601 0.01340420 0.93009103 0.01757322 0.92981849 0.02147070 0.93344250 0.02563966 0.93317004 0.02953614 0.93679398 0.03370609 0.93652151 0.03760258 0.94014653 0.04177161 0.93987406 0.04566809 0.94349807 0.04983704 0.94322554 0.05373453 0.95047357 0.06207243 0.95020103 0.06596992 0.95382505 0.07013887 0.95355258 0.07403536 0.95717759 0.07820438 0.95690513 0.08210086 0.96052907 0.08627082 0.96025660 0.09016730 0.96388062 0.09433625 0.96360808 0.09823374 0.96723309 0.10240276 0.96696063 0.10629925 0.97085711 0.10657171 0.97502606 0.10294770 0.97892255 0.10322017 0.98309150 0.09959615 0.98698898 0.09986869 0.99115801 0.09624368 0.99505449 0.09651614 0.99922445 0.09289220 1.00000000 0.09294643 1.00000000 0.00958141 0.99380119 0.00244958 0.99397248 0.00000000 0.92213351 0.00000000
