0 0.15388788 0.08925666 0.15400360 0.09076942 0.15279691 0.09241411 0.14618468 0.09307572 0.14630038 0.09458810 0.14509372 0.09623318 0.13980387 0.09676247 0.13991956 0.09827485 0.13750585 0.10156427 0.13353838 0.10196125 0.13376979 0.10498638 0.13520820 0.10636641 0.13400118 0.10801113 0.11813196 0.10959899 0.11824768 0.11111175 0.11704066 0.11275648 0.11307319 0.11315346 0.11065982 0.11644284 0.10536996 0.11697214 0.10560138 0.11999728 0.10439470 0.12164197 0.09778246 0.12230358 0.09789816 0.12381596 0.09669116 0.12546107 0.09140131 0.12599036 0.09151700 0.12750274 0.09031032 0.12914743 0.08502047 0.12967673 0.08513616 0.13118910 0.08657423 0.13256916 0.08680565 0.13559430 0.08824406 0.13697432 0.08835978 0.13848709 0.08979785 0.13986715 0.08991354 0.14137952 0.09135162 0.14275958 0.09146731 0.14427196 0.09290541 0.14565240 0.09313680 0.14867715 0.09457490 0.15005760 0.09469059 0.15156998 0.09612900 0.15295000 0.09624469 0.15446238 0.09768277 0.15584244 0.09791418 0.15886757 0.09935225 0.16024763 0.09946798 0.16176040 0.10090639 0.16314042 0.10751862 0.16247881 0.10993196 0.15918904 0.11522181 0.15865974 0.11499042 0.15563499 0.11619708 0.15398992 0.11751980 0.15385756 0.11895790 0.15523801 0.12292537 0.15484103 0.12269395 0.15181589 0.12390064 0.15017120 0.12522302 0.15003889 0.12666109 0.15141895 0.12930619 0.15115428 0.12907480 0.14812953 0.13028148 0.14648484 0.13557134 0.14595554 0.13545561 0.14444278 0.13666230 0.14279809 0.14327487 0.14213644 0.14315918 0.14062407 0.14436583 0.13897899 0.14965568 0.13844969 0.14930860 0.13391257 0.15051529 0.13226788 0.15448276 0.13187089 0.15568942 0.13022582 0.15557373 0.12871344 0.15678041 0.12706875 0.15821882 0.12844878 0.16218629 0.12805180 0.16195488 0.12502666 0.16316157 0.12338197 0.16845142 0.12285267 0.16833572 0.12134029 0.16954241 0.11969561 0.17615464 0.11903399 0.17603895 0.11752162 0.17724560 0.11587654 0.18253579 0.11534721 0.18242010 0.11383483 0.18098169 0.11245481 0.18075027 0.10942967 0.17931220 0.10804961 0.17919651 0.10653723 0.17775844 0.10515717 0.17764271 0.10364441 0.17620430 0.10226439 0.17608861 0.10075201 0.17465051 0.09937156 0.17441912 0.09634681 0.17298105 0.09496675 0.17286536 0.09345438 0.17142726 0.09207393 0.17131157 0.09056156 0.17251825 0.08891687 0.17913048 0.08825525 0.17769238 0.08687481 0.17757669 0.08536243 0.17613862 0.08398237 0.17602292 0.08247000 0.17458451 0.08108997 0.16797228 0.08175158 0.16808797 0.08326396 0.16688129 0.08490865 0.16026906 0.08557026 0.16038475 0.08708264 0.15917807 0.08872733 0.15388788 0.08925666
0 0.00000000 0.16104461 0.00344079 0.16070033 0.00332510 0.15918795 0.00453186 0.15754286 0.01114419 0.15688124 0.01102849 0.15536887 0.01223525 0.15372417 0.01752510 0.15319487 0.01717799 0.14865736 0.01573985 0.14727731 0.01550844 0.14425217 0.01671519 0.14260747 0.04051936 0.14022565 0.04040366 0.13871328 0.04161066 0.13706817 0.04822289 0.13640655 0.04810719 0.13489418 0.04931388 0.13324949 0.05460373 0.13272019 0.05448804 0.13120781 0.05569506 0.12956309 0.06230729 0.12890148 0.06086885 0.12752106 0.06029036 0.11995880 0.05885229 0.11857874 0.05873659 0.11706637 0.05729849 0.11568592 0.05706711 0.11266117 0.05562901 0.11128072 0.04769406 0.11207468 0.04625599 0.11069463 0.04590891 0.10615750 0.04447080 0.10477705 0.04423942 0.10175230 0.04280132 0.10037185 0.04256993 0.09734710 0.04113152 0.09596708 0.04090011 0.09294194 0.03946203 0.09156188 0.03923062 0.08853674 0.03261839 0.08919836 0.03141173 0.09084343 0.02215434 0.09176972 0.02227003 0.09328209 0.02106324 0.09492679 0.00651617 0.09638236 0.00663189 0.09789512 0.00542510 0.09953982 0.00000000 0.10008265 0.00000000 0.16104461
0 0.00000000 0.03454845 0.00177245 0.03437110 0.00165675 0.03285864 0.00286350 0.03121383 0.00947580 0.03055221 0.00936010 0.02903972 0.01056688 0.02739494 0.02511389 0.02593938 0.02476678 0.02140195 0.02332870 0.02002181 0.02309730 0.01699687 0.02165922 0.01561671 0.02154352 0.01410424 0.00000000 0.01625986 0.00000000 0.03454845
0 0.63501310 0.16752219 0.70105053 0.15111622 0.69570786 0.14488800 0.62966856 0.16129528 0.63501310 0.16752219
0 0.62079066 0.14614632 0.68682997 0.12973903 0.68148748 0.12351202 0.61544817 0.13991930 0.62079066 0.14614632
0 0.62671057 0.15624515 0.69274800 0.13983919 0.68740533 0.13361096 0.62136602 0.15001825 0.62671057 0.15624515
0 0.38033914 0.17803971 0.46572426 0.15803529 0.46057344 0.15309811 0.37738115 0.17298958 0.38033914 0.17803971
0 0.37548879 0.18999424 0.47164211 0.16813423 0.46629962 0.16190722 0.37033797 0.18505706 0.37548879 0.18999424
0 0.33984375 1.00000000 0.33984375 0.80041053 0.29434740 0.80397566 0.30578067 1.00000000 0.33984375 1.00000000
0 0.33984375 0.59354496 0.43708265 0.58527121 0.44650301 0.58991671 0.45159391 0.63238150 0.45983062 0.63914291 0.51938505 0.62936682 0.51666143 0.58267019 0.52150949 0.57615221 0.64095880 0.56243711 0.63575441 0.51802662 0.62515041 0.51549705 0.33984375 0.54155001 0.33984375 0.59354496
