0 0.44292520 0.40820312 0.44132213 0.40672847 0.44135346 0.40513427 0.43958973 0.40351225 0.43965241 0.40032344 0.43788868 0.39870142 0.43792001 0.39710722 0.43615582 0.39548518 0.43618716 0.39389058 0.43442343 0.39226855 0.43445477 0.39067435 0.43269104 0.38905192 0.43275371 0.38586352 0.43098952 0.38424149 0.43102085 0.38264729 0.42925713 0.38102486 0.42928847 0.37943066 0.42752474 0.37780863 0.42758741 0.37461983 0.42582368 0.37299780 0.42585501 0.37140361 0.42409128 0.36978158 0.42412263 0.36818697 0.42235843 0.36656494 0.42238977 0.36497074 0.42062605 0.36334831 0.42068871 0.36015991 0.41892498 0.35853789 0.41895632 0.35694369 0.41719213 0.35532125 0.41722347 0.35372705 0.41545974 0.35210502 0.41549108 0.35051042 0.41372735 0.34888839 0.41379002 0.34569999 0.41202629 0.34407797 0.41205763 0.34248336 0.41029390 0.34086134 0.41032523 0.33926714 0.40856105 0.33764470 0.40859238 0.33605050 0.40682865 0.33442847 0.40689132 0.33124008 0.40512760 0.32961764 0.40515893 0.32802344 0.40339474 0.32640141 0.40342608 0.32480680 0.40166235 0.32318478 0.40172502 0.31999638 0.39996129 0.31837436 0.39999263 0.31677975 0.39822890 0.31515772 0.39826023 0.31356353 0.39649651 0.31194109 0.39652784 0.31034689 0.39476365 0.30872486 0.39482632 0.30553646 0.39306260 0.30391403 0.39309393 0.30231983 0.39133020 0.30069781 0.39136154 0.29910320 0.38959736 0.29748117 0.38962869 0.29588697 0.38786496 0.29426494 0.38789629 0.29267074 0.38613257 0.29104831 0.38619523 0.28785991 0.38443151 0.28623748 0.38446285 0.28464328 0.38269912 0.28302126 0.38273045 0.28142706 0.38096626 0.27980503 0.38099760 0.27821042 0.37923387 0.27658839 0.37926521 0.27499420 0.36310872 0.27474374 0.36307739 0.27633794 0.36125054 0.27790430 0.35948681 0.27628228 0.35951814 0.27468808 0.35054237 0.27454894 0.35230610 0.27617096 0.35224342 0.27935977 0.35400761 0.28098180 0.35397628 0.28257600 0.35574001 0.28419802 0.35570867 0.28579222 0.35747240 0.28741466 0.35740973 0.29060305 0.35917345 0.29222549 0.35914212 0.29381969 0.36090585 0.29544171 0.36087452 0.29703591 0.36263871 0.29865794 0.36260736 0.30025255 0.36437109 0.30187457 0.36433976 0.30346877 0.36610348 0.30509121 0.36604082 0.30827960 0.36780501 0.30990163 0.36777367 0.31149583 0.36953739 0.31311827 0.36950606 0.31471246 0.37126979 0.31633449 0.37123845 0.31792910 0.37300218 0.31955112 0.37293951 0.32273952 0.37470324 0.32436155 0.37467190 0.32595615 0.37643609 0.32757819 0.37640476 0.32917238 0.37816848 0.33079482 0.37813715 0.33238902 0.37990088 0.33401104 0.37983821 0.33719944 0.38160239 0.33882188 0.38157106 0.34041608 0.38333479 0.34203810 0.38330345 0.34363271 0.38506718 0.34525473 0.38503584 0.34684893 0.38679957 0.34847096 0.38673690 0.35165976 0.38850063 0.35328179 0.39029615 0.35330962 0.39212255 0.35174325 0.39571313 0.35179891 0.39577580 0.34861011 0.39760220 0.34704374 0.39936593 0.34866576 0.39930326 0.35185457 0.40106699 0.35347659 0.40103565 0.35507079 0.40279938 0.35669322 0.40276804 0.35828742 0.40453223 0.35990946 0.40450090 0.36150365 0.40626463 0.36312568 0.40620195 0.36631448 0.40437556 0.36788086 0.40261137 0.36625882 0.40264270 0.36466463 0.40087898 0.36304219 0.40091031 0.36144799 0.39552513 0.36136451 0.39369827 0.36293088 0.39363560 0.36611968 0.39539979 0.36774171 0.39536845 0.36933632 0.39713217 0.37095835 0.39710084 0.37255254 0.39886457 0.37417457 0.39880190 0.37736338 0.40056563 0.37898540 0.40053429 0.38057960 0.40229802 0.38220203 0.40223535 0.38539043 0.40399954 0.38701246 0.40396821 0.38860666 0.40573193 0.39022910 0.40570059 0.39182329 0.41467637 0.39196244 0.41470770 0.39036824 0.41294398 0.38874580 0.41300664 0.38555741 0.41483304 0.38399104 0.41659677 0.38561306 0.41656544 0.38720726 0.41832962 0.38882929 0.41829829 0.39042390 0.42006201 0.39204592 0.41999934 0.39523473 0.42176307 0.39685675 0.42173174 0.39845095 0.41990534 0.40001732 0.41814161 0.39839530 0.40916584 0.39825616 0.41092957 0.39987818 0.41086689 0.40306699 0.41263063 0.40468901 0.41259929 0.40628321 0.41436301 0.40790564 0.41435717 0.40820312 0.42333613 0.40820312 0.42337059 0.40645019 0.42519698 0.40488381 0.42696071 0.40650584 0.42692735 0.40820312 0.44292520 0.40820312
0 0.19075330 0.53906731 0.18898957 0.53671577 0.13872460 0.53558611 0.13856793 0.54714273 0.15472441 0.54750584 0.15648859 0.54985798 0.23906652 0.55171384 0.23922320 0.54015663 0.19075330 0.53906731
0 0.24479685 0.52640983 0.24492219 0.51716442 0.24674859 0.51489355 0.24781398 0.43630721 0.20293466 0.43529859 0.20117093 0.43294692 0.18321893 0.43254346 0.18268623 0.47183646 0.18085984 0.47410733 0.18020181 0.52264562 0.22508113 0.52365424 0.22684485 0.52600638 0.24479685 0.52640983
0 0.17481616 0.52252458 0.17603822 0.43238208 0.12218267 0.43117173 0.12041894 0.42882001 0.07733468 0.42785173 0.07639463 0.49719237 0.07456824 0.49946323 0.07431756 0.51795407 0.11022111 0.51876096 0.11198484 0.52111251 0.17481616 0.52252458
0 0.00285514 0.49091582 0.07107211 0.49244893 0.07194949 0.42773071 0.07018531 0.42537897 0.00376386 0.42388621 0.00285514 0.49091582
0 0.45963542 0.41332298 0.31461145 0.41006371 0.31404742 0.45166809 0.34277026 0.45231360 0.34453444 0.45466534 0.34403308 0.49164713 0.34220623 0.49391799 0.34189288 0.51703183 0.34006648 0.51930269 0.31852435 0.51881855 0.31676062 0.51646700 0.28624272 0.51578114 0.28592937 0.53889439 0.28410252 0.54116524 0.27871687 0.54104421 0.27768282 0.61731876 0.27585642 0.61959021 0.26149500 0.61926746 0.26058629 0.68629659 0.25875989 0.68856745 0.25810185 0.73710634 0.28861975 0.73779220 0.29038348 0.74014375 0.40527484 0.74272582 0.40703902 0.74507737 0.45730399 0.74620703 0.45963542 0.57423455 0.45963542 0.41332298
0 0.09914975 0.40820312 0.09906482 0.41446774 0.16728179 0.41600085 0.16904552 0.41835252 0.19956342 0.41903838 0.19971031 0.40820312 0.09914975 0.40820312
0 0.00397648 0.40820312 0.00395187 0.41001814 0.06678319 0.41143022 0.06854692 0.41378188 0.09547470 0.41438706 0.09555853 0.40820312 0.00397648 0.40820312
0 1.00000000 0.40820312 0.53077800 0.40820312 0.52951418 0.44817304 0.59868274 0.45350412 0.59690062 0.53804846 0.63256807 0.54863224 0.62963902 0.63515858 0.85972138 0.64922107 0.86163696 0.56171297 0.98311703 0.57016396 0.97851451 0.65434341 1.00000000 0.65628336 1.00000000 0.40820312
0 0.99609728 1.00000000 0.99944604 0.71712944 0.98045119 0.71565540 0.97983288 0.81131589 0.85411939 0.80306269 0.85367985 0.68371074 0.70907326 0.67117128 0.70468101 0.76973537 0.75707796 0.77323454 0.75490571 0.87351130 0.78132408 0.87516604 0.77866607 0.96637793 0.85607450 0.96865862 0.85580922 0.99145593 0.88079499 0.99211013 0.88052459 1.00000000 0.99609728 1.00000000
