0 0.37890625 0.40505054 0.35133161 0.40978011 0.34875402 0.41438813 0.33700146 0.41640392 0.33571290 0.41870842 0.32249136 0.42097616 0.32267173 0.42302819 0.32138312 0.42533217 0.31403748 0.42659208 0.31421785 0.42864410 0.37890625 0.41754884 0.37890625 0.40505054
0 0.35470851 0.36337260 0.35341994 0.36567710 0.35048199 0.36618102 0.35066236 0.36823304 0.35800761 0.36697319 0.35965696 0.36877326 0.36001769 0.37287730 0.35872913 0.37518181 0.35138387 0.37644166 0.35156424 0.37849368 0.37213104 0.37496609 0.37195067 0.37291407 0.37323923 0.37060957 0.37617756 0.37010559 0.37401305 0.34548026 0.36079152 0.34774800 0.35950253 0.35005204 0.34921932 0.35181580 0.34939969 0.35386783 0.35233764 0.35336391 0.35398699 0.35516398 0.35470851 0.36337260
0 0.31633250 0.36787184 0.31741476 0.38018450 0.32182168 0.37942863 0.32347145 0.38122916 0.32419296 0.38943778 0.33153822 0.38817793 0.33081671 0.37996931 0.33210527 0.37766480 0.33504360 0.37716083 0.33468286 0.37305678 0.33597147 0.37075280 0.33561069 0.36664823 0.33396134 0.36484816 0.33269868 0.35048295 0.32094612 0.35249873 0.32130690 0.35660330 0.32277587 0.35635135 0.32442522 0.35815141 0.32496637 0.36430801 0.32367776 0.36661199 0.31633250 0.36787184
0 0.37890625 0.33422512 0.36576549 0.33647900 0.36447688 0.33878298 0.35419330 0.34054681 0.35437371 0.34259936 0.36612627 0.34058358 0.36741521 0.33827900 0.37890625 0.33630808 0.37890625 0.33422512
0 0.27357514 0.35645782 0.27447702 0.36671846 0.27612637 0.36851853 0.27702830 0.37877970 0.27867764 0.38057976 0.27957953 0.39084040 0.28122925 0.39264040 0.28213113 0.40290104 0.28378052 0.40470164 0.28468240 0.41496228 0.28633175 0.41676235 0.28723368 0.42702351 0.28888302 0.42882358 0.28906339 0.43087560 0.29035200 0.42857162 0.29475930 0.42781569 0.29604829 0.42551164 0.29568750 0.42140707 0.29403779 0.41960707 0.29313590 0.40934643 0.29148651 0.40754584 0.29112578 0.40344179 0.29241434 0.40113728 0.29076499 0.39933722 0.29004348 0.39112860 0.28839413 0.38932853 0.28749225 0.37906789 0.28584253 0.37726789 0.28494060 0.36700672 0.28329126 0.36520666 0.28256974 0.35699804 0.28092040 0.35519797 0.28001851 0.34493733 0.27836912 0.34313674 0.27800839 0.33903269 0.27671978 0.34133667 0.27084312 0.34234463 0.26955451 0.34464861 0.27120390 0.34644920 0.27192537 0.35465729 0.27357514 0.35645782
0 0.37890625 0.26542619 0.36754729 0.13619646 0.34404217 0.14022803 0.34476368 0.14843665 0.34347512 0.15074115 0.32878423 0.15326092 0.32713484 0.15146032 0.32641333 0.14325171 0.31025346 0.14602342 0.31043383 0.14807545 0.30914527 0.15037995 0.28857810 0.15390761 0.29020150 0.17237687 0.28891289 0.17468085 0.28156763 0.17594069 0.28192841 0.18004527 0.28063943 0.18234931 0.26301096 0.18537292 0.26319133 0.18742495 0.26484068 0.18922501 0.26520146 0.19332958 0.26262391 0.19793813 0.24940237 0.20020587 0.25120614 0.22072716 0.24862855 0.22533518 0.24715957 0.22558714 0.25112794 0.27073480 0.25406627 0.27023082 0.25571561 0.27203089 0.25679791 0.28434408 0.25973623 0.28384010 0.26138558 0.28564017 0.26336976 0.30821400 0.27806027 0.30569430 0.27970962 0.30749437 0.28025077 0.31365096 0.27896216 0.31595495 0.26427164 0.31847464 0.26445201 0.32052667 0.26316340 0.32283065 0.26388497 0.33103979 0.27269920 0.32952798 0.27215805 0.32337139 0.27344661 0.32106688 0.28813750 0.31854712 0.28777677 0.31444307 0.28906538 0.31213910 0.30669421 0.30911542 0.30834356 0.31091549 0.30870429 0.31501953 0.32339518 0.31249977 0.32303445 0.30839573 0.32432306 0.30609175 0.34782818 0.30206018 0.34764781 0.30000816 0.34893637 0.29770365 0.36509624 0.29493193 0.36674563 0.29673252 0.36692600 0.29878455 0.37890625 0.29672971 0.37890625 0.26542619
0 0.33350200 0.07121097 0.33512540 0.08968023 0.33383679 0.09198421 0.32502218 0.09349608 0.32862976 0.13453918 0.36388744 0.12849183 0.36370708 0.12643980 0.36205773 0.12463974 0.36169695 0.12053516 0.36298556 0.11823118 0.36592389 0.11772721 0.35600303 0.00485868 0.32809061 0.00964618 0.33061593 0.03837650 0.33796119 0.03711665 0.33961053 0.03891672 0.34213586 0.06764714 0.34084725 0.06995113 0.33350200 0.07121097
0 0.25680146 0.04687061 0.25551289 0.04917511 0.25623437 0.05738320 0.25494580 0.05968771 0.25548695 0.06584430 0.25419834 0.06814828 0.25564138 0.08456552 0.25435277 0.08686950 0.25288342 0.08712152 0.25504796 0.11174738 0.25375936 0.11405136 0.25082103 0.11455534 0.25280521 0.13712917 0.28071764 0.13234167 0.28236736 0.13414167 0.28290850 0.14029826 0.31082055 0.13551083 0.31246990 0.13731089 0.32569181 0.13504309 0.32190386 0.09194797 0.28811515 0.09774337 0.28646581 0.09594330 0.28376011 0.06516085 0.28504872 0.06285687 0.29386295 0.06134506 0.29368259 0.05929304 0.29497152 0.05698847 0.30231678 0.05572862 0.30159526 0.04752000 0.30288387 0.04521603 0.30435285 0.04496407 0.30564183 0.04266002 0.32620862 0.03913244 0.32404407 0.01450647 0.32239471 0.01270625 0.32221433 0.01065407 0.29870921 0.01468563 0.29943072 0.02289425 0.29814213 0.02519839 0.28198226 0.02797011 0.28033291 0.02616989 0.27979177 0.02001345 0.28108037 0.01770931 0.25904422 0.02148892 0.25976574 0.02969754 0.25847714 0.03200168 0.25700817 0.03225363 0.25754930 0.03841007 0.25626031 0.04071401 0.25680146 0.04687061
0 0.83579913 0.52929688 0.80206484 0.23544302 0.71241472 0.24251508 0.70707507 0.24710629 0.74285646 0.52929688 0.83579913 0.52929688
0 0.28316138 0.64348344 0.29912289 0.67091062 0.34174773 0.67617119 0.34490441 0.65059585 0.22504561 0.63172835 0.22007446 0.65962611 0.26037904 0.66307390 0.28316138 0.64348344
0 0.59231061 0.71628215 0.60563175 0.77791302 0.65248556 0.77322270 0.63359819 0.64893400 0.65164713 0.64175706 0.64127547 0.59810584 0.57624631 0.58185902 0.54621002 0.59016148 0.57342234 0.72285767 0.59231061 0.71628215
0 0.76771195 0.52929688 0.75096562 0.53434867 0.75145496 0.54923201 0.73400170 0.55308698 0.75289147 0.63053405 0.77028924 0.62302186 0.77679972 0.64263045 0.79228199 0.63632948 0.77027843 0.52929688 0.76771195 0.52929688
