0 0.57942708 0.53634795 0.56776819 0.53655512 0.56546578 0.53429116 0.56526827 0.52277267 0.54942683 0.52305416 0.54712444 0.52079079 0.54692693 0.50927231 0.53108549 0.50955379 0.53112499 0.51185737 0.52890159 0.51420115 0.51306015 0.51448264 0.51337616 0.53291245 0.51115276 0.53525624 0.50210060 0.53541708 0.49987721 0.53776146 0.49535083 0.53784189 0.49566685 0.55627170 0.49344345 0.55861549 0.47760200 0.55889697 0.47791802 0.57732678 0.47569462 0.57967057 0.46211607 0.57991185 0.46219508 0.58451959 0.57942708 0.58243652 0.57942708 0.53634795
0 0.57942708 0.47412824 0.54633440 0.47471626 0.54661092 0.49084249 0.56245236 0.49056101 0.56475476 0.49282438 0.56487326 0.49973571 0.57845181 0.49949443 0.57942708 0.50045318 0.57942708 0.47412824
0 0.57942708 0.45338854 0.56408323 0.45366118 0.56432024 0.46748324 0.57942708 0.46721481 0.57942708 0.45338854
0 0.74557545 0.24094131 0.70308416 0.20658549 0.69359124 0.23238229 0.73608252 0.26673810 0.74557545 0.24094131
0 0.78787839 0.00000000 0.78043631 0.00018218 0.77908442 0.00414756 0.82290313 0.03257154 0.83099525 0.00681088 0.81953454 0.00000000 0.78787839 0.00000000
0 0.24477517 0.62021163 0.18354113 0.61790805 0.17840176 0.62390288 0.17759981 0.66689918 0.18470008 0.71750226 0.25114166 0.71966949 0.24477517 0.62021163
0 0.57942708 0.62479923 0.52088842 0.62274938 0.51721001 0.64237992 0.52350832 0.73597929 0.57942708 0.73451520 0.57942708 0.62479923
0 0.33894266 0.65486111 0.30388266 0.66359276 0.31328468 0.80008617 0.46697529 0.80192242 0.45483315 0.65378022 0.33894266 0.65486111
0 1.00000000 0.88492870 0.99726461 0.73209946 0.97591032 0.73246297 0.97423914 0.73088870 0.93481643 0.73155978 0.93556191 0.77321013 0.93394807 0.77483992 0.93480823 0.82289799 0.93319439 0.82452778 0.93408322 0.87418767 0.93246939 0.87581746 0.93335822 0.92547736 0.93174396 0.92710715 0.93246076 0.96715527 0.94888709 0.96687564 0.95055828 0.96844992 0.98669597 0.96783476 0.98655261 0.95982481 0.98816644 0.95819502 1.00000000 0.95799358 1.00000000 0.88492870
0 0.57942708 0.79671155 0.58292841 0.99233427 0.61249544 0.99183096 0.61238075 0.98542324 0.61399472 0.98379345 0.65998796 0.98301052 0.66165913 0.98458439 0.73557660 0.98332611 0.73724821 0.98490038 0.81116568 0.98364210 0.81283685 0.98521597 0.84568911 0.98465673 0.84531637 0.96383135 0.84693021 0.96220156 0.84584068 0.90132847 0.84745451 0.89969828 0.84636498 0.83882519 0.84797924 0.83719539 0.84691838 0.77792413 0.84853221 0.77629393 0.84784408 0.73784764 0.80677887 0.73854668 0.80510727 0.73697282 0.75747161 0.73778371 0.75580043 0.73620985 0.70816476 0.73702074 0.70649358 0.73544646 0.65885749 0.73625736 0.65718632 0.73468349 0.60955057 0.73549438 0.60787926 0.73392052 0.57942708 0.73440485 0.57942708 0.79671155
