0 0.56267683 0.35922330 0.56991773 0.32389239 0.56730775 0.32511406 0.56702233 0.32650673 0.55919171 0.33017205 0.55890621 0.33156507 0.55368565 0.33400837 0.55340023 0.33540104 0.54557021 0.33906640 0.54528479 0.34045907 0.54006415 0.34290272 0.53977873 0.34429539 0.53455817 0.34673868 0.53427268 0.34813171 0.55984466 0.35001282 0.56188439 0.35157653 0.56159897 0.35296919 0.55637834 0.35541285 0.53313092 0.35370273 0.53052094 0.35492440 0.52122209 0.35424037 0.52093667 0.35563304 0.51571663 0.35807673 0.51548165 0.35922330 0.56267683 0.35922330
0 0.30383808 0.25201040 0.29600746 0.25567572 0.29572204 0.25706839 0.29050207 0.25951173 0.29021665 0.26090440 0.28238603 0.26456972 0.28210054 0.26596274 0.27426999 0.26962771 0.27398457 0.27102037 0.26615395 0.27468569 0.26586846 0.27607872 0.27749247 0.27693380 0.27953161 0.27849746 0.27431164 0.28094080 0.27402622 0.28233347 0.26880558 0.28477712 0.25253245 0.28358005 0.24992247 0.28480172 0.24963697 0.28619474 0.24441641 0.28863804 0.24413099 0.29003070 0.23630097 0.29369607 0.23601555 0.29508873 0.22818493 0.29875406 0.22789951 0.30014672 0.22006889 0.30381204 0.21978347 0.30520471 0.21717341 0.30642674 0.24506995 0.30847885 0.24710910 0.31004251 0.24449911 0.31126418 0.24421369 0.31265685 0.24160371 0.31387852 0.21835629 0.31216841 0.21313625 0.31461210 0.20848653 0.31427006 0.20644739 0.31270640 0.19078682 0.32003673 0.19050140 0.32142939 0.18528076 0.32387305 0.18499534 0.32526571 0.17716472 0.32893103 0.17687930 0.33032370 0.17165926 0.33276740 0.17137384 0.33416006 0.16354322 0.33782539 0.16325780 0.33921805 0.19115435 0.34127016 0.19319349 0.34283383 0.19058350 0.34405550 0.19029801 0.34544852 0.18507804 0.34789186 0.17810376 0.34737882 0.17606402 0.34581511 0.16444061 0.34496008 0.16415519 0.34635275 0.16154513 0.34757477 0.14992172 0.34671974 0.14731174 0.34794141 0.27982017 0.35768891 0.28243015 0.35646724 0.28271565 0.35507422 0.29054627 0.35140889 0.29083169 0.35001623 0.29866223 0.34635126 0.29894773 0.34495824 0.30677775 0.34129287 0.30706317 0.33990021 0.31489372 0.33623524 0.31517921 0.33484222 0.32300983 0.33117690 0.32329525 0.32978423 0.33112520 0.32611922 0.33141069 0.32472620 0.33924131 0.32106088 0.33952673 0.31966821 0.34735728 0.31600324 0.34764277 0.31461022 0.35547339 0.31094490 0.35575881 0.30955223 0.36097878 0.30710889 0.37957648 0.30847696 0.38479711 0.30603331 0.38508253 0.30464064 0.39291256 0.30097528 0.39319798 0.29958261 0.39841854 0.29713932 0.39870403 0.29574629 0.40653465 0.29208097 0.40682007 0.29068830 0.41204004 0.28824497 0.41232546 0.28685230 0.41493552 0.28563027 0.43353321 0.28699834 0.43381863 0.28560568 0.44164925 0.28194036 0.44193467 0.28054769 0.45237527 0.27566070 0.45266069 0.27426803 0.46049131 0.27060271 0.46077673 0.26921004 0.46860735 0.26554472 0.46889277 0.26415205 0.47933338 0.25926506 0.47961880 0.25787239 0.48222885 0.25665037 0.48279969 0.25386503 0.41770776 0.24907678 0.41742234 0.25046945 0.41481236 0.25169112 0.41452686 0.25308414 0.41191688 0.25430581 0.38634490 0.25242470 0.38226609 0.24929697 0.38255151 0.24790430 0.38516150 0.24668263 0.38051237 0.24634064 0.37847330 0.24477661 0.32035565 0.24050140 0.31774500 0.24172338 0.31745958 0.24311605 0.31223954 0.24555975 0.31195412 0.24695241 0.30412357 0.25061738 0.30383808 0.25201040
0 0.00000000 0.33710495 0.09616778 0.34417919 0.09645320 0.34278652 0.10167324 0.34034282 0.13421950 0.34273697 0.13682949 0.34151530 0.13711498 0.34012228 0.14494553 0.33645731 0.14523095 0.33506465 0.15306157 0.33139932 0.15334706 0.33000630 0.16117701 0.32634129 0.16146243 0.32494862 0.16929305 0.32128330 0.16957854 0.31989028 0.17479911 0.31744698 0.17508453 0.31605432 0.17043481 0.31571228 0.16839566 0.31414861 0.14979797 0.31278054 0.14775890 0.31121652 0.15558952 0.30755120 0.18813519 0.30994530 0.18842061 0.30855263 0.19625115 0.30488767 0.19653665 0.30349464 0.20697725 0.29860765 0.20726267 0.29721499 0.21509329 0.29354967 0.21537871 0.29215700 0.22320873 0.28849163 0.22349415 0.28709896 0.22610414 0.28587730 0.21913045 0.28536430 0.21709131 0.28380064 0.19849361 0.28243256 0.19645395 0.28086850 0.20689455 0.27598151 0.21154427 0.27632355 0.21358341 0.27788721 0.23683083 0.27959733 0.23944081 0.27837566 0.23972623 0.27698299 0.25016683 0.27209600 0.25045226 0.27070333 0.25828288 0.26703801 0.25885372 0.26425267 0.26146377 0.26303065 0.26378834 0.26320165 0.26407376 0.26180898 0.26929380 0.25936528 0.26464467 0.25902329 0.26260553 0.25745962 0.26289095 0.25606695 0.24429325 0.25469888 0.24225411 0.25313522 0.24747415 0.25069152 0.24775957 0.24929885 0.25036955 0.24807718 0.27129181 0.24961625 0.27333155 0.25117996 0.28263040 0.25186400 0.28524038 0.25064233 0.28552587 0.24924931 0.29335642 0.24558434 0.29364184 0.24419167 0.29886188 0.24174798 0.29943280 0.23896229 0.25526312 0.23571310 0.25265306 0.23693513 0.23637993 0.23573806 0.23434086 0.23417403 0.21806773 0.23297696 0.21602859 0.23141329 0.18813204 0.22936119 0.18552206 0.23058286 0.18495115 0.23336855 0.18234116 0.23459022 0.16374347 0.23322214 0.16345797 0.23461517 0.15562743 0.23828013 0.15534201 0.23967280 0.14751139 0.24333812 0.14722589 0.24473115 0.14461591 0.24595281 0.12601821 0.24458474 0.12340823 0.24580641 0.12312281 0.24719908 0.11529219 0.25086440 0.11500677 0.25225707 0.10717615 0.25592239 0.10689073 0.25731506 0.10167069 0.25975875 0.10138527 0.26115142 0.09355465 0.26481674 0.09326923 0.26620941 0.08543861 0.26987473 0.08515319 0.27126740 0.07732257 0.27493272 0.07703715 0.27632539 0.06920713 0.27999075 0.06892171 0.28138342 0.06109109 0.28504874 0.06080567 0.28644141 0.05819569 0.28766308 0.06981910 0.28851811 0.07185824 0.29008178 0.06402821 0.29374714 0.06374272 0.29514017 0.05591217 0.29880513 0.05562675 0.30019780 0.04779614 0.30386312 0.04751064 0.30525614 0.03968010 0.30892111 0.03939468 0.31031377 0.03156406 0.31397910 0.03127856 0.31537212 0.02344849 0.31903712 0.02316307 0.32042979 0.01533257 0.32409512 0.01504708 0.32548814 0.00460655 0.33037478 0.00432106 0.33176780 0.00000000 0.33379042 0.00000000 0.33710495
0 0.47364588 0.35922330 0.45906721 0.35815087 0.45702754 0.35658681 0.45963812 0.35536518 0.46196269 0.35553618 0.46224810 0.35414351 0.46485816 0.35292149 0.49972899 0.35548663 0.50233897 0.35426496 0.50262439 0.35287230 0.50784496 0.35042900 0.50813045 0.34903598 0.51596047 0.34537061 0.51624590 0.34397794 0.52407644 0.34031298 0.52436193 0.33891995 0.52958250 0.33647666 0.52986799 0.33508364 0.53769794 0.33141863 0.53798336 0.33002596 0.54320400 0.32758231 0.54348942 0.32618964 0.54609947 0.32496762 0.54145035 0.32462562 0.53941061 0.32306191 0.52546264 0.32203588 0.52342349 0.32047221 0.51877377 0.32013017 0.51673463 0.31856651 0.51934461 0.31734484 0.52166918 0.31751584 0.52195467 0.31612281 0.52456525 0.31490119 0.54781207 0.31661125 0.54985181 0.31817496 0.55682550 0.31868796 0.55943548 0.31746629 0.55972090 0.31607362 0.56233155 0.31485164 0.56261697 0.31345897 0.56783694 0.31101563 0.56812236 0.30962296 0.57334300 0.30717931 0.58418963 0.25425474 0.57896907 0.25669803 0.57868365 0.25809070 0.57607367 0.25931237 0.55980053 0.25811530 0.55196992 0.26178062 0.55168442 0.26317364 0.54646446 0.26561698 0.54617903 0.26700965 0.53834841 0.27067497 0.53806299 0.27206764 0.53023238 0.27573296 0.52994695 0.27712562 0.52211693 0.28079099 0.52183151 0.28218366 0.51661087 0.28462731 0.51632545 0.28601998 0.50849483 0.28968530 0.50820941 0.29107796 0.50037939 0.29474333 0.50009397 0.29613600 0.49226335 0.29980132 0.49197793 0.30119399 0.48675729 0.30363764 0.48471822 0.30207362 0.47077025 0.30104758 0.46815960 0.30226956 0.46787418 0.30366223 0.46265421 0.30610557 0.46236879 0.30749824 0.45714875 0.30994193 0.45686333 0.31133460 0.45164270 0.31377825 0.45135727 0.31517092 0.44613671 0.31761422 0.44585122 0.31900724 0.44063125 0.32145058 0.44034576 0.32284360 0.43512579 0.32528694 0.41652809 0.32391887 0.41624267 0.32531154 0.41102204 0.32775519 0.41073662 0.32914786 0.40290600 0.33281318 0.40262058 0.33420585 0.39740061 0.33664919 0.39711512 0.33804221 0.39189456 0.34048550 0.39160906 0.34187853 0.38899908 0.34310020 0.37040138 0.34173212 0.37011596 0.34312479 0.36489540 0.34556809 0.36460991 0.34696111 0.35677988 0.35062648 0.35649446 0.35201914 0.35127390 0.35446244 0.35098848 0.35585511 0.34576844 0.35829880 0.34557897 0.35922330 0.47364588 0.35922330
0 0.59959555 0.16208008 0.59140462 0.16147754 0.58732641 0.15834985 0.52455903 0.15373260 0.51513950 0.19969384 0.54303605 0.20174594 0.54507519 0.20330961 0.54450427 0.20609530 0.54189429 0.20731697 0.51167319 0.20509387 0.50282456 0.24826941 0.50747429 0.24861145 0.51008434 0.24738943 0.51705803 0.24790242 0.51905605 0.23815339 0.52166670 0.23693141 0.53561467 0.23795744 0.53761269 0.22820841 0.54022275 0.22698638 0.55417132 0.22801246 0.55616934 0.21826343 0.55877939 0.21704141 0.55906481 0.21564874 0.56167480 0.21442707 0.57562337 0.21545314 0.57762145 0.20570376 0.58023144 0.20448209 0.59418001 0.20550817 0.59959555 0.17908380 0.59959555 0.16208008
0 0.45889619 0.15173004 0.45661268 0.16287209 0.45400269 0.16409376 0.44237928 0.16323873 0.43976863 0.16446071 0.43948321 0.16585338 0.43687323 0.16707505 0.40897668 0.16502294 0.40636670 0.16624461 0.40608128 0.16763728 0.40347122 0.16885930 0.38952265 0.16783322 0.38748358 0.16626920 0.35726248 0.16404610 0.35697698 0.16543912 0.35436700 0.16666079 0.34274299 0.16580571 0.34013301 0.16702738 0.33315873 0.16651434 0.33054867 0.16773637 0.32357439 0.16722333 0.31643844 0.20204216 0.31382845 0.20326383 0.30811968 0.23111896 0.31044424 0.23128996 0.31305422 0.23006829 0.32235367 0.23075237 0.32292458 0.22796668 0.32553456 0.22674501 0.35808023 0.22913911 0.36011997 0.23070282 0.35926364 0.23488118 0.41738129 0.23915640 0.41942043 0.24072006 0.48683693 0.24567931 0.48969128 0.23175192 0.47341874 0.23055489 0.47137908 0.22899083 0.47166450 0.22759816 0.46004108 0.22674313 0.45800194 0.22517946 0.45857278 0.22239413 0.46118284 0.22117210 0.49140395 0.22339521 0.49625639 0.19971843 0.49886697 0.19849681 0.50000872 0.19292578 0.49768356 0.19275474 0.49564442 0.19119107 0.48867013 0.19067803 0.48663107 0.18911401 0.48691649 0.18772135 0.47994220 0.18720831 0.47733222 0.18842998 0.47035793 0.18791694 0.46831879 0.18635327 0.46917512 0.18217491 0.47178511 0.18095324 0.50200681 0.18317639 0.50800100 0.15392859 0.49637700 0.15307352 0.49433793 0.15150949 0.47806480 0.15031242 0.47777930 0.15170544 0.47516932 0.15292711 0.46587047 0.15224308 0.46383133 0.15067941 0.46150617 0.15050837 0.45889619 0.15173004
0 0.59959555 0.02070469 0.57345485 0.01878174 0.57084425 0.02000345 0.55689628 0.01897742 0.55518364 0.02733398 0.55257364 0.02855572 0.53830174 0.09819338 0.53569109 0.09941536 0.52684254 0.14259055 0.58960992 0.14720780 0.59164899 0.14877182 0.59959555 0.14935638 0.59959555 0.02070469
0 0.71094534 0.35922330 0.72527281 0.14562373 0.70242556 0.14044557 0.68832075 0.35922330 0.71094534 0.35922330
0 0.68082873 0.35922330 0.69599585 0.13845506 0.67036024 0.13151933 0.65441304 0.35922330 0.68082873 0.35922330
0 0.39668880 0.47984914 0.38593256 0.40454575 0.27966353 0.41914386 0.28792247 0.49690832 0.39668880 0.47984914
0 0.39806141 0.48683587 0.28825521 0.50095121 0.30307954 0.64807787 0.41411788 0.63597872 0.39806141 0.48683587
0 0.42933204 0.76598634 0.41538320 0.64602257 0.30785252 0.65955658 0.32025662 0.77920127 0.42981844 0.76605017 0.42933204 0.76598634
0 0.46510748 0.84734438 0.45282657 0.84906328 0.44263466 0.77512977 0.32255595 0.78887798 0.33075206 0.89164611 0.46783474 0.87415122 0.46510748 0.84734438
0 0.34313968 0.95515189 0.47693258 0.93855995 0.47524618 0.92962787 0.48398148 0.92872560 0.47976938 0.88137391 0.33532717 0.89850214 0.34313968 0.95515189
0 0.23843099 0.35922330 0.24227046 0.39335957 0.12566309 0.40730411 0.13986118 0.51065185 0.27892358 0.49733682 0.27868038 0.49730491 0.27843718 0.49727300 0.26030765 0.35922330 0.23843099 0.35922330
0 0.20477512 0.53122018 0.20587242 0.54539331 0.28451865 0.53582397 0.27907867 0.50123226 0.18866041 0.51142799 0.18954139 0.53224899 0.20477512 0.53122018
0 0.28461625 0.55376894 0.20774516 0.56091901 0.21748569 0.65229247 0.29435284 0.64242141 0.28461625 0.55376894
0 0.17057955 0.79793319 0.31184553 0.78251428 0.29663402 0.66518599 0.22346248 0.67162034 0.22505060 0.67925921 0.15753790 0.68405239 0.17057955 0.79793319
0 0.32229081 0.89271626 0.31332741 0.78925773 0.18363295 0.80225631 0.19693052 0.90655359 0.32229081 0.89271626
0 0.33195774 0.95075620 0.32463016 0.90080598 0.19874424 0.91681683 0.20590951 0.96231509 0.33195774 0.95075620
0 1.00000000 0.53290889 0.99224003 0.53417703 0.99003422 0.54649723 0.99316657 0.56035733 1.00000000 0.56072848 1.00000000 0.53290889
0 1.00000000 0.48862623 0.98895733 0.49423832 0.98967951 0.51534818 0.99579389 0.51698975 1.00000000 0.51521211 1.00000000 0.48862623
0 0.67380798 0.73371868 0.69546033 0.74412056 0.70477486 0.74534073 0.70864216 0.73912245 0.72869784 0.58539614 0.72675043 0.58177859 0.71985984 0.58003534 0.70590180 0.58493177 0.69581107 0.58360991 0.68961514 0.58952315 0.67224180 0.72678863 0.67380798 0.73371868
