0 0.24209733 0.59184805 0.23872146 0.61019992 0.24498779 0.61201559 0.24659434 0.61524232 0.24080717 0.64670238 0.23823616 0.64871867 0.22361364 0.64448180 0.22216682 0.65234699 0.21959568 0.65436394 0.21670216 0.67009364 0.22296904 0.67190946 0.22457558 0.67513619 0.22409322 0.67775836 0.23036010 0.67957418 0.23196664 0.68280091 0.24867795 0.68764300 0.25124896 0.68562671 0.25542705 0.68683731 0.25799819 0.68482036 0.25992724 0.67433367 0.26249879 0.67231754 0.27310865 0.61464042 0.27567966 0.61262413 0.28194600 0.61443980 0.28451754 0.61242367 0.28596437 0.60455849 0.28435729 0.60133160 0.28483952 0.59871010 0.28741119 0.59669330 0.28949997 0.59729852 0.29110639 0.60052592 0.29319570 0.60113130 0.29367806 0.59850912 0.29624907 0.59649284 0.29721354 0.59124983 0.28050223 0.58640774 0.27905554 0.59427226 0.27648440 0.59628921 0.27021753 0.59447339 0.26973530 0.59709489 0.26716375 0.59911102 0.24209733 0.59184805
0 0.43548659 0.68880208 0.44890236 0.61587151 0.45147337 0.61385522 0.46642357 0.53258321 0.46899458 0.53056693 0.47671080 0.48862017 0.43493254 0.47651496 0.43332600 0.47328823 0.42497035 0.47086719 0.41918331 0.50232659 0.42962774 0.50535285 0.43123416 0.50858025 0.42930511 0.51906694 0.42673409 0.52108322 0.41628966 0.51805696 0.41194932 0.54165184 0.40937831 0.54366812 0.40407338 0.57250668 0.40616216 0.57311191 0.40776858 0.57633931 0.41403546 0.57815513 0.41564200 0.58138185 0.41371295 0.59186854 0.41114194 0.59388483 0.40069751 0.59085856 0.38815859 0.65902238 0.39651371 0.66144327 0.39812079 0.66467015 0.39619174 0.67515684 0.39362019 0.67717296 0.38526507 0.67475208 0.38269353 0.67676820 0.38047986 0.68880208 0.43548659 0.68880208
0 0.37387896 0.68880208 0.37835571 0.66446569 0.38092725 0.66244957 0.39684192 0.57593454 0.39941293 0.57391826 0.41484537 0.49002474 0.41741650 0.48800779 0.41982779 0.47489960 0.41661470 0.46844614 0.36230269 0.45270929 0.36069627 0.44948189 0.31682923 0.43677145 0.31248877 0.46036701 0.32293320 0.46339327 0.32453974 0.46662000 0.32261069 0.47710669 0.32003968 0.47912297 0.30750594 0.47549133 0.30702370 0.47811283 0.30863066 0.48134039 0.30766620 0.48658340 0.33064437 0.49324130 0.33225092 0.49646803 0.32791058 0.52006291 0.33835500 0.52308918 0.33996143 0.52631658 0.35040586 0.52934284 0.35201294 0.53256972 0.34911942 0.54829942 0.35956385 0.55132569 0.36117027 0.55455308 0.36020581 0.55979609 0.37065077 0.56282251 0.37225720 0.56604991 0.36020064 0.63159155 0.35762963 0.63360783 0.34747650 0.68880208 0.37387896 0.68880208
0 0.20514681 0.48173098 0.20257580 0.48374727 0.19213137 0.48072100 0.18296833 0.53053295 0.23310224 0.54505920 0.23503130 0.53457251 0.23760231 0.53255623 0.26057995 0.53921398 0.26154441 0.53397097 0.26411609 0.53195418 0.26556291 0.52408899 0.26813392 0.52207271 0.27857835 0.52509897 0.28147187 0.50936927 0.28404300 0.50735232 0.29657675 0.51098396 0.31056236 0.43495563 0.27296220 0.42406102 0.27135511 0.42083413 0.20868799 0.40267639 0.20193637 0.43937947 0.19936523 0.44139642 0.19550713 0.46236980 0.20595155 0.46539606 0.20755810 0.46862279 0.20514681 0.48173098
0 0.19518714 0.44018582 0.20242112 0.40086057 0.19615425 0.39904475 0.19454770 0.39581802 0.17783640 0.39097593 0.17060254 0.43030052 0.16803141 0.43231747 0.18474271 0.43715956 0.18634926 0.44038628 0.19261613 0.44220210 0.19518714 0.44018582
0 0.18764140 0.34963440 0.18507038 0.35165068 0.17928322 0.38311075 0.20435018 0.39037388 0.21110193 0.35367013 0.21367294 0.35165385 0.22572950 0.28611220 0.22830104 0.28409608 0.23360597 0.25525751 0.19600528 0.24436274 0.19504069 0.24960642 0.19246967 0.25162271 0.18716487 0.28046060 0.19760930 0.28348686 0.19921572 0.28671426 0.18764140 0.34963440
0 0.24308329 0.29942485 0.24051175 0.30144098 0.23006732 0.29841471 0.21897522 0.35871335 0.21640421 0.36072963 0.21592198 0.36335114 0.21752840 0.36657853 0.22797283 0.36960480 0.22957991 0.37283168 0.22765086 0.38331837 0.22507931 0.38533450 0.21254610 0.38170301 0.21109928 0.38956819 0.21527684 0.39077864 0.21688339 0.39400537 0.27746226 0.41155804 0.27906881 0.41478477 0.31249141 0.42446894 0.31683176 0.40087406 0.31940277 0.39885777 0.33145932 0.33331613 0.33403046 0.33129918 0.34367573 0.27886573 0.29354182 0.26433947 0.29097081 0.26635576 0.24083690 0.25182950 0.23553197 0.28066806 0.24388762 0.28308911 0.24549458 0.28631666 0.24308329 0.29942485
0 0.35235389 0.26757336 0.34801355 0.29116824 0.35845798 0.29419451 0.36006494 0.29742206 0.35813601 0.30790808 0.35556434 0.30992488 0.34511990 0.30689861 0.34319085 0.31738530 0.34061984 0.31940158 0.33290362 0.36134834 0.34334805 0.36437461 0.34495460 0.36760134 0.34254319 0.38071020 0.33997218 0.38272648 0.33161653 0.38030544 0.33000998 0.37707871 0.32615187 0.39805209 0.32358086 0.40006837 0.31875829 0.42628476 0.33755837 0.43173207 0.33916491 0.43495880 0.38929882 0.44948506 0.39090578 0.45271261 0.42223907 0.46179140 0.42899082 0.42508765 0.43156237 0.42307153 0.45037068 0.32082614 0.45294169 0.31880985 0.46692730 0.24278152 0.46483852 0.24217630 0.46323144 0.23894942 0.41727563 0.22563376 0.40811271 0.27544503 0.40554170 0.27746132 0.37838543 0.26959281 0.37790308 0.27221498 0.37533207 0.27423127 0.35235389 0.26757336
0 0.47399334 0.30005706 0.47206428 0.31054374 0.46949327 0.31256003 0.46113708 0.31013883 0.45856607 0.31215511 0.45133209 0.35148037 0.46177705 0.35450679 0.46338360 0.35773351 0.46145455 0.36822020 0.45888341 0.37023716 0.44843845 0.36721074 0.43927553 0.41702201 0.44763118 0.41944305 0.44923826 0.42266993 0.44682685 0.43577880 0.44425531 0.43779492 0.43381087 0.43476866 0.42850595 0.46360722 0.45775099 0.47208095 0.45935754 0.47530768 0.47815762 0.48075499 0.48973195 0.41783485 0.49230296 0.41581857 0.50773539 0.33192505 0.51030653 0.32990810 0.52573896 0.24601458 0.52831051 0.24399845 0.53843801 0.18894350 0.50083731 0.17804873 0.48588711 0.25932074 0.48331610 0.26133702 0.47078235 0.25770538 0.46403073 0.29440846 0.47238691 0.29682966 0.47399334 0.30005706
0 0.85741671 0.52731573 0.84548799 0.60273686 0.84932266 0.60459237 0.86155335 0.53035291 0.85741671 0.52731573
0 0.87935051 0.53757609 0.86495337 0.53144408 0.85333388 0.60488311 0.86746215 0.60868746 0.87935051 0.53757609
0 0.88388762 0.53778824 0.87133938 0.60938403 0.88528940 0.61262035 0.89794602 0.54369889 0.88388762 0.53778824
0 0.90279490 0.54733176 0.89006899 0.61397385 0.90403621 0.61961107 0.91755947 0.55051010 0.90279490 0.54733176
0 0.92173422 0.55284695 0.90854335 0.62034604 0.92369097 0.63000236 0.93687464 0.55991926 0.92173422 0.55284695
0 0.94462813 0.56421256 0.94117876 0.56060275 0.92847483 0.63144284 0.93196262 0.63309174 0.94462813 0.56421256
0 0.87052941 0.50943412 0.87687644 0.51213102 0.88339730 0.47345532 0.88055123 0.47287955 0.88000598 0.47668679 0.87590184 0.47489054 0.87052941 0.50943412
0 0.88488440 0.51451961 0.89038554 0.47958566 0.88664359 0.47837937 0.88748762 0.47378438 0.88467834 0.47313160 0.87805739 0.51124504 0.88488440 0.51451961
0 0.88947216 0.51586472 0.89642786 0.51837542 0.90238380 0.47970036 0.89964272 0.47898194 0.89908418 0.48288202 0.89535804 0.48153378 0.88947216 0.51586472
0 0.90993738 0.48848362 0.90643277 0.48667607 0.90713058 0.48180359 0.90426220 0.48038003 0.89776454 0.51861741 0.90387078 0.52213037 0.90993738 0.48848362
0 0.90901320 0.52239707 0.91538406 0.52546631 0.92165949 0.48823722 0.91888555 0.48721276 0.91839680 0.49062547 0.91455018 0.48961688 0.90901320 0.52239707
0 0.92925713 0.49524470 0.92590365 0.49431446 0.92648912 0.49022640 0.92322824 0.48849239 0.91649974 0.52582728 0.92288877 0.52950359 0.92925713 0.49524470
0 0.94120904 0.49509365 0.93803073 0.49353963 0.93735020 0.49829143 0.93366092 0.49648052 0.92792975 0.53090284 0.93470523 0.53449685 0.94120904 0.49509365
0 0.94794371 0.50249434 0.94459533 0.50128278 0.94519409 0.49710189 0.94248185 0.49545899 0.93613624 0.53481081 0.94219241 0.53838376 0.94794371 0.50249434
0 0.94305795 0.45464245 0.95632454 0.45969258 0.96688936 0.38332425 0.95266558 0.37891096 0.94305795 0.45464245
0 0.92614745 0.44803890 0.93749551 0.45311328 0.94810042 0.37811429 0.93705118 0.37369495 0.92614745 0.44803890
0 0.90946459 0.36332787 0.89502414 0.35627319 0.88457838 0.43148638 0.89936149 0.43825860 0.90946459 0.36332787
0 0.89018068 0.35539198 0.88398142 0.35259576 0.87327993 0.42729506 0.88033918 0.42999103 0.89018068 0.35539198
0 0.89834845 0.23910614 0.90252625 0.24089499 0.91101393 0.16378254 0.90785048 0.16263790 0.89834845 0.23910614
0 0.93000579 0.17160779 0.91526691 0.16663274 0.90709630 0.24064934 0.92106929 0.24704018 0.93000579 0.17160779
0 0.94925938 0.17416310 0.93456794 0.16884352 0.92589421 0.25059699 0.94022310 0.25639196 0.94925938 0.17416310
0 0.95316535 0.17684548 0.95088844 0.19900650 0.94497462 0.25716284 0.95890591 0.26221607 0.96841968 0.18190262 0.95316535 0.17684548
0 0.98639513 0.18859940 0.97258640 0.18267320 0.96432101 0.26332525 0.97874800 0.26768777 0.98639513 0.18859940
0 0.99433596 0.19066349 0.99116252 0.18900314 0.98296140 0.26877356 0.98614736 0.26967527 0.99433596 0.19066349
0 0.90393336 0.30942655 0.90341507 0.31348871 0.91033190 0.31787081 0.91138373 0.31052638 0.91460474 0.31442015 0.91926458 0.27711323 0.90472573 0.27165620 0.89972601 0.30790419 0.90393336 0.30942655
0 0.92303335 0.31765883 0.92257737 0.32105866 0.92994607 0.32516674 0.93073422 0.31966344 0.93377091 0.32370929 0.93863052 0.28578232 0.92401294 0.27886242 0.91986863 0.31643045 0.92303335 0.31765883
0 0.94213369 0.32489812 0.94142697 0.32910589 0.94906654 0.33164143 0.94969273 0.32726905 0.95305671 0.32996910 0.95768737 0.29201895 0.94349568 0.28725806 0.93874997 0.32278506 0.94213369 0.32489812
0 0.96069309 0.33069250 0.96003214 0.33524745 0.96732545 0.33873163 0.96813746 0.33306171 0.97183433 0.33411969 0.97636774 0.29900187 0.96220719 0.29348533 0.95771171 0.32961373 0.96069309 0.33069250
0 0.36223496 0.82412094 0.32241865 0.80596573 0.35155699 0.76234247 0.30808018 0.74896919 0.16518252 0.87798119 0.15522538 0.89515734 0.23676107 0.93176067 0.24715512 0.93068777 0.33851455 0.85788742 0.36047753 0.82919579 0.36223496 0.82412094
0 0.17997206 0.68880208 0.13680419 0.72260774 0.13343496 0.73812518 0.16593273 0.74847231 0.14924204 0.76193941 0.14763025 0.77238201 0.16929461 0.78507075 0.18451914 0.78741399 0.26650888 0.71851686 0.29781201 0.68880208 0.17997206 0.68880208
0 0.83041275 0.95143749 0.82206493 0.97554308 0.84299878 0.97876505 0.84343811 0.97749642 0.84578038 0.97652068 0.85719854 0.97827807 0.85895608 0.97320290 0.86129884 0.97222723 0.87081405 0.97369174 0.87432892 0.96354205 0.87667119 0.96256631 0.87974672 0.95368525 0.87213446 0.95251363 0.87067084 0.95095211 0.86876789 0.95065923 0.86730379 0.94909764 0.86906122 0.94402279 0.87140410 0.94304680 0.87330704 0.94333968 0.87477054 0.94490153 0.88238281 0.94607315 0.89073063 0.92196756 0.89307290 0.92099181 0.89790587 0.90703591 0.89600292 0.90674302 0.89453930 0.90518151 0.88692704 0.90400989 0.88546354 0.90244805 0.88722085 0.89737353 0.88956324 0.89639746 0.90098140 0.89815485 0.91020788 0.87151200 0.90069267 0.87004749 0.89922905 0.86848598 0.90098648 0.86341113 0.90332887 0.86243507 0.91474751 0.86419253 0.91870170 0.85277422 0.89015558 0.84838062 0.88869196 0.84681911 0.87346743 0.84447587 0.87171000 0.84955071 0.86936724 0.85052638 0.85223227 0.90000619 0.84988999 0.90098193 0.83275502 0.95046174 0.83041275 0.95143749
0 1.00000000 0.85994168 0.97374451 0.85590064 0.97330506 0.85716959 0.97096279 0.85814534 0.92528919 0.85111561 0.91782014 0.87268362 0.91547787 0.87365936 0.90053966 0.91679570 0.89819738 0.91777145 0.88325917 0.96090778 0.88091690 0.96188353 0.88003824 0.96442079 0.88150185 0.96598230 0.90243522 0.96920420 0.90375321 0.96539831 0.90609597 0.96442264 0.91751412 0.96618004 0.91971100 0.95983624 0.92205327 0.95886049 0.92351737 0.96042208 0.93112964 0.96159370 0.93288707 0.95651886 0.93522934 0.95554312 0.95806614 0.95905798 0.95982357 0.95398313 0.96216585 0.95300739 0.97168106 0.95447190 0.97299916 0.95066568 0.97534192 0.94969001 0.98295418 0.95086163 1.00000000 0.90163927 1.00000000 0.90003185 0.99481916 0.89923446 0.99335566 0.89767262 0.99423432 0.89513536 0.99657659 0.89415961 0.99701592 0.89289098 0.99935831 0.89191492 1.00000000 0.89201368 1.00000000 0.85994168
0 0.81813733 0.79586972 0.81667372 0.79430820 0.80906145 0.79313658 0.80378916 0.80836111 0.81901369 0.81070435 0.82033179 0.80689814 0.82267455 0.80592247 0.84931724 0.81002310 0.85165952 0.80904736 0.87830269 0.81314807 0.87962079 0.80934185 0.88196307 0.80836611 0.88723536 0.79314158 0.84346471 0.78640474 0.84214660 0.79021096 0.83980433 0.79118670 0.82648274 0.78913635 0.82428598 0.79547982 0.82194371 0.79645556 0.81813733 0.79586972
0 0.76338544 0.80347908 0.79193156 0.80787267 0.79588587 0.79645403 0.76733974 0.79206044 0.76587613 0.79049892 0.76719423 0.78669271 0.75577559 0.78493524 0.75284836 0.78181221 0.75416646 0.77800599 0.75650873 0.77703025 0.76134169 0.76307435 0.74802011 0.76102399 0.74450524 0.77117368 0.74216297 0.77214943 0.73205772 0.80132986 0.76060384 0.80572345 0.76104317 0.80445482 0.76338544 0.80347908
0 0.80599341 0.74990170 0.82121795 0.75224494 0.82165728 0.75097631 0.82019366 0.74941480 0.82063299 0.74814617 0.82297538 0.74717010 0.82429348 0.74336388 0.82663575 0.74238814 0.83234507 0.74326687 0.83366306 0.73946098 0.82985717 0.73887521 0.82839318 0.73731330 0.82883251 0.73604467 0.82692957 0.73575178 0.82458729 0.73672752 0.81887797 0.73584879 0.81843853 0.73711774 0.81609625 0.73809349 0.81038693 0.73721475 0.80599341 0.74990170
0 0.78104872 0.68880208 0.77935768 0.69368522 0.79267927 0.69573557 0.79414285 0.69729719 0.79150671 0.70490942 0.79531309 0.70549527 0.79824025 0.70861849 0.79648282 0.71369334 0.80219214 0.71457207 0.80365574 0.71613365 0.80233764 0.71993987 0.79999536 0.72091561 0.79867726 0.72472183 0.80438658 0.72560056 0.80585020 0.72716208 0.83629926 0.73184856 0.83849602 0.72550508 0.84083841 0.72452901 0.84845067 0.72570063 0.85460162 0.70793884 0.84889230 0.70706011 0.84655001 0.70803592 0.84567128 0.71057337 0.84332898 0.71154918 0.83761966 0.71067045 0.83718031 0.71193914 0.83483800 0.71291498 0.82151641 0.71086463 0.82005283 0.70930301 0.82444640 0.69661594 0.79590028 0.69222234 0.79443670 0.69066073 0.79508035 0.68880208 0.78104872 0.68880208
0 0.88051393 0.70257271 0.88007457 0.70384143 0.87773226 0.70481728 0.87202294 0.70393854 0.86982616 0.71028208 0.86748386 0.71125789 0.85987159 0.71008627 0.85416000 0.72657937 0.86177226 0.72775099 0.86323577 0.72931283 0.90890936 0.73634255 0.91154554 0.72873018 0.91388832 0.72775445 0.92223612 0.70364894 0.89939883 0.70013401 0.89895947 0.70140272 0.89661717 0.70237856 0.89090833 0.70149990 0.89046898 0.70276860 0.88812620 0.70374433 0.88051393 0.70257271
0 1.00000000 0.71428141 0.95693043 0.70765248 0.95121879 0.72414571 0.96073400 0.72561022 0.96219807 0.72717191 0.96000127 0.73351548 0.95765849 0.73449121 0.94814328 0.73302670 0.93847747 0.76093818 0.93613508 0.76191425 0.93262022 0.77206394 0.93832906 0.77294260 0.93979316 0.77450419 0.94169610 0.77479708 0.94315972 0.77635859 0.94140229 0.78143344 0.93906002 0.78240918 0.92954480 0.78094467 0.92251508 0.80124405 0.92017270 0.80222012 0.91841527 0.80729496 0.93744569 0.81022398 0.93890930 0.81178549 0.96555248 0.81588620 0.97741516 0.78163092 0.97975743 0.78065518 0.99601366 0.73371289 0.99835596 0.73273704 1.00000000 0.72798965 1.00000000 0.71428141
0 0.89089343 0.80573152 0.91182729 0.80895349 0.91666013 0.79499791 0.91900252 0.79402184 0.93569805 0.74581099 0.93804033 0.74483524 0.95122111 0.70677375 0.92838431 0.70325889 0.91344621 0.74639490 0.91110382 0.74737097 0.89440829 0.79558183 0.89206602 0.79655757 0.88942982 0.80417000 0.89089343 0.80573152
0 0.85094357 0.69534884 0.85226165 0.69154269 0.83703712 0.68919945 0.83571904 0.69300560 0.85094357 0.69534884
