0 0.14917977 0.35028621 0.14903746 0.35510514 0.14815313 0.35730353 0.14801084 0.36212185 0.14712651 0.36432024 0.14698420 0.36913917 0.14609966 0.37133751 0.14595736 0.37615645 0.14507302 0.37835483 0.14493073 0.38317315 0.14404638 0.38537216 0.14390410 0.39019048 0.14301954 0.39238943 0.14287725 0.39720775 0.14199292 0.39940613 0.14185061 0.40422507 0.14096628 0.40642346 0.14082397 0.41124240 0.13993964 0.41344078 0.13979735 0.41825911 0.13891302 0.42045749 0.13877071 0.42527643 0.13788617 0.42747476 0.13774387 0.43229370 0.13685953 0.43449209 0.13671724 0.43931041 0.13583289 0.44150941 0.13569061 0.44632773 0.13480605 0.44852668 0.13466376 0.45334500 0.13377943 0.45554339 0.13363712 0.46036233 0.13275279 0.46256071 0.13763232 0.46382547 0.13837437 0.46644540 0.13823206 0.47126434 0.14229820 0.47231827 0.14304024 0.47493820 0.14296910 0.47734736 0.15354115 0.48008759 0.15428340 0.48270758 0.15414109 0.48752652 0.15820724 0.48858044 0.15894928 0.49120038 0.15887812 0.49361015 0.16375765 0.49487491 0.16449969 0.49749484 0.16442855 0.49990400 0.17418741 0.50243346 0.17492946 0.50505339 0.17478715 0.50987233 0.17885329 0.51092625 0.17959554 0.51354624 0.17952440 0.51595540 0.18359054 0.51700933 0.18433256 0.51962988 0.18921210 0.52089463 0.19069618 0.52613450 0.19638891 0.52761003 0.19653120 0.52279171 0.19741554 0.52059271 0.19755783 0.51577438 0.19844218 0.51357538 0.19858447 0.50875706 0.19946901 0.50655873 0.19961132 0.50173979 0.20049565 0.49954140 0.20063796 0.49472247 0.20152229 0.49252408 0.20166458 0.48770576 0.20254912 0.48550743 0.20269143 0.48068849 0.20357576 0.47849010 0.19869622 0.47722535 0.19795420 0.47460479 0.19809649 0.46978647 0.19898082 0.46758809 0.19912313 0.46276915 0.20089200 0.45837243 0.20414495 0.45921558 0.20592370 0.39898225 0.20429711 0.39856064 0.20355507 0.39594071 0.20362621 0.39353155 0.20288417 0.39091162 0.20044440 0.39027924 0.19956007 0.39247762 0.19874689 0.39226685 0.19800464 0.38964686 0.19807578 0.38723770 0.19563601 0.38660532 0.19489399 0.38398477 0.18838808 0.38229847 0.18764604 0.37967854 0.18778834 0.37485960 0.18704630 0.37223966 0.18541972 0.37181806 0.18467768 0.36919812 0.18305110 0.36877652 0.18230905 0.36615659 0.18068268 0.36573504 0.17994064 0.36311510 0.17750087 0.36248273 0.17675864 0.35986212 0.17513227 0.35944057 0.17439022 0.35682064 0.17276364 0.35639904 0.17202160 0.35377910 0.17039502 0.35335750 0.16965299 0.35073695 0.16721343 0.35010463 0.16647118 0.34748463 0.16484481 0.34706309 0.16410256 0.34444310 0.16247619 0.34402155 0.16173414 0.34140161 0.16010756 0.34098001 0.15936552 0.33836008 0.15773894 0.33793847 0.15699691 0.33531792 0.15455736 0.33468560 0.15381510 0.33206561 0.15218873 0.33164406 0.15211759 0.33405322 0.15123303 0.33625217 0.15109074 0.34107049 0.15020641 0.34326888 0.15006410 0.34808782 0.14917977 0.35028621
0 0.20898438 0.17156677 0.20773217 0.17124221 0.20699013 0.16862227 0.20706129 0.16621249 0.20218175 0.16494774 0.20143971 0.16232780 0.20158200 0.15750948 0.19182314 0.15498003 0.19108110 0.15236009 0.19115226 0.14995032 0.18627293 0.14868562 0.18553068 0.14606563 0.18560182 0.14365647 0.18478864 0.14344569 0.18404661 0.14082514 0.17591412 0.13871724 0.17517208 0.13609730 0.17605641 0.13389892 0.17612755 0.13148976 0.17206141 0.13043583 0.17057714 0.12519529 0.16895077 0.12477374 0.16820872 0.12215381 0.16576896 0.12152143 0.16488462 0.12371982 0.16481346 0.12612959 0.16392892 0.12832793 0.16378663 0.13314625 0.16290230 0.13534463 0.16275999 0.14016357 0.16187566 0.14236196 0.16166221 0.14959006 0.16077788 0.15178844 0.16063557 0.15660738 0.15975124 0.15880577 0.15960893 0.16362471 0.15872439 0.16582304 0.15858210 0.17064136 0.15769777 0.17283975 0.16257710 0.17410445 0.16331933 0.17672505 0.16324819 0.17913421 0.16236365 0.18133254 0.16073728 0.18091100 0.15999523 0.17829106 0.15755546 0.17765869 0.15667113 0.17985707 0.15652883 0.18467601 0.15564429 0.18687434 0.15550200 0.19169266 0.15461765 0.19389167 0.15447536 0.19870999 0.15359101 0.20090899 0.15344872 0.20572731 0.15256439 0.20792570 0.15242208 0.21274464 0.15153775 0.21494302 0.15132430 0.22217112 0.15043976 0.22436946 0.15029747 0.22918778 0.14941312 0.23138678 0.14927083 0.23620510 0.14838648 0.23840410 0.14824419 0.24322242 0.14735965 0.24542076 0.14721734 0.25023969 0.14633301 0.25243808 0.14619071 0.25725702 0.14530637 0.25945541 0.14516408 0.26427373 0.14427975 0.26647212 0.14413745 0.27129105 0.14325311 0.27348944 0.14311081 0.27830838 0.14717695 0.27936230 0.14791899 0.28198224 0.14784785 0.28439140 0.15191399 0.28544532 0.15265603 0.28806526 0.15251372 0.29288420 0.15658007 0.29393818 0.15806414 0.29917866 0.15799299 0.30158782 0.16205934 0.30264180 0.16280138 0.30526174 0.16273024 0.30767090 0.16760957 0.30893560 0.16835182 0.31155558 0.16828066 0.31396536 0.17234680 0.31501929 0.17308884 0.31763922 0.17301770 0.32004838 0.17708384 0.32110231 0.17782586 0.32372286 0.17768357 0.32854118 0.18256311 0.32980594 0.18330515 0.33242587 0.18323401 0.33483503 0.18811354 0.33609979 0.18885557 0.33872034 0.18871328 0.34353866 0.19277942 0.34459258 0.19366396 0.34239425 0.19440600 0.34501419 0.19433484 0.34742396 0.19840098 0.34847789 0.19914302 0.35109782 0.19900073 0.35591614 0.20306688 0.35697007 0.20380913 0.35959006 0.20373796 0.36199983 0.20699092 0.36284299 0.20898438 0.29533884 0.20898438 0.23468875 0.20425591 0.23346315 0.20351388 0.23084260 0.20365618 0.22602428 0.19389710 0.22349477 0.19315508 0.22087422 0.19329737 0.21605590 0.18923122 0.21500197 0.18774693 0.20976205 0.18368079 0.20870812 0.18293877 0.20608757 0.18470764 0.20169085 0.19446629 0.20422025 0.19520854 0.20684024 0.19513740 0.20924940 0.19676378 0.20967095 0.19750601 0.21229155 0.19913238 0.21271310 0.19987442 0.21533304 0.19980328 0.21774220 0.20468281 0.21900695 0.20616690 0.22424682 0.20609574 0.22665660 0.20898438 0.22740532 0.20898438 0.17156677
0 0.63008098 0.36165165 0.31894037 0.33246979 0.28146153 0.33507257 0.28652244 0.52373157 0.64418946 0.55894455 0.63985884 0.42916702 0.63008098 0.36165165
0 0.85971148 0.94128772 0.85636425 0.94264004 0.84097371 0.94199172 0.83908857 0.95236631 0.85755706 0.95314429 0.86036651 0.95475595 0.93424203 0.95786789 0.93962802 0.92822686 0.93654928 0.92809717 0.93374069 0.92648516 0.89680293 0.92492919 0.89399426 0.92331756 0.89426355 0.92183558 0.86348169 0.92053892 0.86067309 0.91892691 0.84528256 0.91827860 0.84339742 0.92865319 0.86186591 0.92943115 0.86467536 0.93104282 0.86332879 0.93845346 0.85998077 0.93980574 0.85971148 0.94128772
0 0.68841247 0.92809823 0.74997620 0.93069155 0.75278479 0.93230356 0.74928387 0.95157039 0.80776807 0.95403398 0.80803742 0.95255163 0.81138545 0.95119934 0.82677598 0.95184766 0.83108483 0.92813453 0.83443206 0.92678221 0.83658649 0.91492564 0.81196132 0.91388833 0.80915265 0.91227670 0.70141732 0.90773843 0.69860865 0.90612680 0.66167089 0.90457083 0.65897790 0.91939135 0.67436843 0.92003966 0.67717789 0.92165132 0.67636996 0.92609763 0.68560381 0.92648660 0.68841247 0.92809823
0 0.60638031 0.91866904 0.60972755 0.91731671 0.64666531 0.91887269 0.64855045 0.90849810 0.65189768 0.90714578 0.65216697 0.90566380 0.64935831 0.90405217 0.57548278 0.90094023 0.57359771 0.91131444 0.57025041 0.91266713 0.56944255 0.91711306 0.57225121 0.91872469 0.60611103 0.92015101 0.60638031 0.91866904
0 0.69760682 0.84336099 0.69425959 0.84471331 0.69264374 0.85360592 0.68929650 0.85495824 0.67390518 0.85430989 0.67255868 0.86172015 0.66921145 0.86307247 0.66651838 0.87789337 0.68498766 0.87867137 0.68779632 0.88028300 0.68698839 0.88472931 0.68364116 0.88608163 0.68256395 0.89200991 0.67921585 0.89336258 0.66998121 0.89297357 0.66717262 0.89136156 0.66409467 0.89123191 0.66247882 0.90012452 0.67786936 0.90077284 0.68067881 0.90238450 0.80688263 0.90770073 0.80969129 0.90931236 0.83739442 0.91047933 0.84358833 0.87639199 0.84693564 0.87503929 0.85393748 0.83650565 0.78929659 0.83378270 0.78648800 0.83217069 0.70029989 0.82854009 0.69695259 0.82989279 0.67848331 0.82911479 0.67659824 0.83948900 0.69506752 0.84026700 0.69787611 0.84187901 0.69760682 0.84336099
0 0.65324418 0.89973552 0.66293909 0.84638098 0.66628711 0.84502869 0.66924946 0.82872582 0.64462429 0.82768850 0.64181490 0.82607646 0.59256455 0.82400183 0.58313893 0.87587440 0.57979163 0.87722710 0.57656006 0.89501156 0.60118524 0.89604888 0.60399383 0.89766089 0.65324418 0.89973552
0 0.86436578 0.84739855 0.87975632 0.84804686 0.88256492 0.84965887 0.88041049 0.86151544 0.87706326 0.86286776 0.85859398 0.86208976 0.85428514 0.88580288 0.86967567 0.88645120 0.87248512 0.88806287 0.87059999 0.89843745 0.86725196 0.89978974 0.85186143 0.89914143 0.84970700 0.91099799 0.86817628 0.91177600 0.87098487 0.91338801 0.94486040 0.91649995 0.95240095 0.87500159 0.95574818 0.87364928 0.96221145 0.83807958 0.91296111 0.83600495 0.91015244 0.83439332 0.88860521 0.83348566 0.88833593 0.83496763 0.88164139 0.83767265 0.87856265 0.83754296 0.87575406 0.83593095 0.86652021 0.83554198 0.86436578 0.84739855
0 0.76386129 0.71771842 0.76547714 0.70882580 0.76882438 0.70747348 0.80576214 0.70902946 0.80764728 0.69865487 0.81099451 0.69730255 0.84485433 0.69872886 0.84673946 0.68835427 0.84393080 0.68674264 0.75158600 0.68285269 0.74877734 0.68124106 0.65335459 0.67722146 0.65054600 0.67560945 0.62592082 0.67457213 0.62538218 0.67753646 0.62203495 0.67888878 0.61637960 0.71001217 0.65639531 0.71169780 0.65920391 0.71330981 0.76386129 0.71771842
0 0.87017183 0.67888734 0.96559378 0.68290691 0.96840324 0.68451858 0.98071504 0.68503720 0.98406306 0.68368492 0.99295004 0.63477668 0.76516679 0.62518150 0.76058864 0.65037668 0.85601138 0.65439629 0.85882003 0.65600803 0.87113262 0.65652669 0.87394205 0.65813847 0.87017183 0.67888734
0 0.62048399 0.61914062 0.61887787 0.62797969 0.61553062 0.62933212 0.61122177 0.65304525 0.60787452 0.65439765 0.60706659 0.65884396 0.60987526 0.66045559 0.64373507 0.66188190 0.64654373 0.66349354 0.68348149 0.66504951 0.68629009 0.66666152 0.72014990 0.66808784 0.72445878 0.64437452 0.72780683 0.64302212 0.73130776 0.62375521 0.62176043 0.61914062 0.62048399 0.61914062
0 0.35994134 0.61914062 0.35708270 0.63487276 0.35373465 0.63622516 0.34350116 0.69254373 0.34015393 0.69389605 0.33288273 0.73391206 0.33569132 0.73552407 0.39725426 0.73811736 0.40006292 0.73972899 0.40621961 0.73998833 0.40902828 0.74159996 0.40741242 0.75049258 0.42895965 0.75140024 0.43176831 0.75301187 0.55181623 0.75806879 0.55462490 0.75968042 0.60387524 0.76175505 0.61141573 0.72025707 0.61476375 0.71890479 0.61503310 0.71742243 0.61222365 0.71581076 0.57836384 0.71438445 0.57555518 0.71277282 0.57986402 0.68905969 0.58321126 0.68770737 0.59209827 0.63879894 0.59544632 0.63744654 0.59877264 0.61914062 0.35994134 0.61914062
