0 0.00000000 0.34630615 0.00403022 0.38465116 0.00617679 0.38638931 0.00658513 0.39027441 0.00873170 0.39201255 0.00914004 0.39589765 0.01128664 0.39763579 0.01149078 0.39957809 0.01363733 0.40131624 0.01404567 0.40520134 0.01619221 0.40693949 0.01639636 0.40888179 0.01854300 0.41062043 0.01895129 0.41450503 0.02109789 0.41624317 0.02130203 0.41818547 0.02304029 0.41603902 0.02498269 0.41583486 0.03019756 0.40939548 0.03213996 0.40919133 0.03735478 0.40275145 0.03929718 0.40254730 0.04277374 0.39825388 0.04471614 0.39804972 0.04993101 0.39161035 0.05187341 0.39140619 0.05361161 0.38925924 0.05299913 0.38343184 0.05085258 0.38169369 0.05044429 0.37780909 0.04829775 0.37607094 0.04809355 0.37412814 0.04594696 0.37239000 0.04553862 0.36850490 0.04339202 0.36676676 0.04298373 0.36288216 0.04083719 0.36114401 0.04042885 0.35725891 0.03828230 0.35552077 0.03807811 0.35357797 0.03593151 0.35183983 0.03552322 0.34795522 0.03337663 0.34621708 0.03296829 0.34233198 0.03082175 0.34059383 0.03061755 0.33865104 0.02847100 0.33691289 0.02806272 0.33302829 0.02591612 0.33129014 0.02550778 0.32740504 0.02336119 0.32566690 0.02315699 0.32372411 0.02101045 0.32198596 0.02060216 0.31810136 0.01845561 0.31636321 0.01804727 0.31247811 0.01590068 0.31073997 0.01549234 0.30685487 0.01334574 0.30511673 0.01314160 0.30317443 0.01099505 0.30143628 0.01058671 0.29755118 0.00844017 0.29581303 0.00803183 0.29192793 0.00588523 0.29018979 0.00568109 0.28824749 0.00353449 0.28650935 0.00312615 0.28262425 0.00097961 0.28088610 0.00057127 0.27700100 0.00000000 0.27653842 0.00000000 0.34630615
0 0.00000000 0.24277363 0.00098546 0.24357158 0.00139375 0.24745618 0.00354040 0.24919482 0.00394869 0.25307942 0.00609528 0.25481806 0.00629943 0.25676037 0.00844597 0.25849851 0.00885426 0.26238312 0.01100091 0.26412175 0.01140919 0.26800636 0.01355584 0.26974500 0.01396413 0.27362960 0.01611067 0.27536774 0.01631482 0.27731005 0.01846142 0.27904869 0.01886970 0.28293329 0.02101635 0.28467193 0.02142464 0.28855653 0.02357123 0.29029468 0.02377538 0.29223698 0.02592197 0.29397562 0.02633026 0.29786022 0.02847686 0.29959887 0.02888515 0.30348347 0.03103174 0.30522161 0.03144008 0.30910671 0.03358668 0.31084485 0.03379082 0.31278715 0.03593742 0.31452580 0.03634571 0.31841040 0.03849225 0.32014855 0.03890059 0.32403365 0.04104719 0.32577179 0.04145553 0.32965689 0.04360212 0.33139503 0.04380627 0.33333733 0.04595281 0.33507548 0.04636115 0.33896058 0.04850770 0.34069872 0.04891604 0.34458382 0.05106238 0.34632199 0.05126653 0.34826429 0.05341347 0.35000240 0.05382181 0.35388750 0.05596825 0.35562565 0.05637659 0.35951075 0.05852304 0.36124891 0.05893133 0.36513351 0.06107827 0.36687162 0.06128247 0.36881442 0.06516707 0.36840613 0.06690517 0.36625919 0.07079027 0.36585085 0.07252843 0.36370440 0.07447073 0.36350026 0.07620939 0.36135376 0.07600524 0.35941146 0.07948150 0.35511807 0.08336611 0.35470978 0.08510476 0.35256329 0.08898937 0.35215500 0.09072802 0.35000850 0.09031968 0.34612340 0.09205784 0.34397695 0.09400014 0.34377281 0.09573829 0.34162636 0.09532995 0.33774126 0.09318351 0.33600311 0.09297936 0.33406081 0.09083287 0.33232215 0.09042458 0.32843755 0.08827813 0.32669939 0.08786979 0.32281429 0.08572285 0.32107619 0.08551871 0.31913388 0.08337221 0.31739523 0.08296392 0.31351063 0.08081747 0.31177247 0.08040913 0.30788737 0.07826219 0.30614927 0.07805805 0.30420696 0.07591155 0.30246831 0.07550326 0.29858371 0.07335682 0.29684555 0.07294848 0.29296045 0.07080203 0.29122229 0.07059789 0.28927999 0.06845139 0.28754134 0.06804310 0.28365674 0.06589616 0.28191863 0.06548782 0.27803353 0.06334137 0.27629538 0.06293303 0.27241028 0.06078659 0.27067212 0.06058244 0.26872982 0.05843550 0.26699171 0.05823136 0.26504941 0.05628905 0.26525355 0.05455090 0.26740000 0.05066629 0.26780829 0.04851935 0.26607018 0.04831516 0.26412738 0.04616871 0.26238923 0.04790687 0.26024278 0.04984967 0.26003859 0.05158777 0.25789164 0.05353007 0.25768750 0.05291764 0.25186060 0.05077120 0.25012244 0.05056700 0.24817964 0.04842055 0.24644148 0.04801221 0.24255638 0.04586527 0.24081828 0.04566112 0.23887598 0.04351468 0.23713782 0.04310634 0.23325272 0.04095989 0.23151456 0.04075575 0.22957226 0.03860876 0.22783366 0.03820047 0.22394906 0.03605412 0.22221089 0.03584998 0.22026859 0.03370338 0.21852994 0.03329509 0.21464534 0.03114850 0.21290670 0.03094435 0.21096439 0.02879776 0.20922625 0.02838947 0.20534165 0.02624282 0.20360301 0.02603868 0.20166071 0.02389213 0.19992256 0.02215388 0.20206902 0.01826897 0.20247734 0.01653072 0.20462379 0.01264587 0.20503211 0.01090761 0.20717907 0.00896521 0.20738322 0.00722696 0.20952968 0.00334205 0.20993800 0.00160380 0.21208445 0.00180794 0.21402676 0.00395449 0.21576490 0.00221628 0.21791186 0.00027388 0.21811601 0.00000000 0.21845420 0.00000000 0.24277363
0 0.05906579 0.16087551 0.05732763 0.16302196 0.05344253 0.16343030 0.05170443 0.16557724 0.04781933 0.16598558 0.04608117 0.16813203 0.04219657 0.16854031 0.04045841 0.17068676 0.03851561 0.17089096 0.03677751 0.17303790 0.03698165 0.17498020 0.03912810 0.17671836 0.03953638 0.18060296 0.04168338 0.18234156 0.04209167 0.18622616 0.04423817 0.18796482 0.04444231 0.18990712 0.04658876 0.19164528 0.04699704 0.19552988 0.04873520 0.19338344 0.05262030 0.19297509 0.05435846 0.19082865 0.05865185 0.19430491 0.05906019 0.19819001 0.05558343 0.20248345 0.05364112 0.20268760 0.05190247 0.20483409 0.05404941 0.20657220 0.05445770 0.21045680 0.05660420 0.21219546 0.05680834 0.21413776 0.05895479 0.21587591 0.05936313 0.21976101 0.06151007 0.22149912 0.06171421 0.22344142 0.06386066 0.22517958 0.06406486 0.22712237 0.06621130 0.22886053 0.06661964 0.23274563 0.06876609 0.23448379 0.06897023 0.23642609 0.07111668 0.23816425 0.07152502 0.24204935 0.07367196 0.24378745 0.07448859 0.25155715 0.07663504 0.25329531 0.07704337 0.25718041 0.07918982 0.25891857 0.07939396 0.26086087 0.08154096 0.26259947 0.08194925 0.26648407 0.08409569 0.26822223 0.08450403 0.27210733 0.08665048 0.27384549 0.08685462 0.27578779 0.08900112 0.27752644 0.08940941 0.28141105 0.09155585 0.28314920 0.09196420 0.28703430 0.09411114 0.28877241 0.09431528 0.29071471 0.09646178 0.29245337 0.09687007 0.29633797 0.09901651 0.29807612 0.09942485 0.30196122 0.10157179 0.30369933 0.10177594 0.30564163 0.10392244 0.30738029 0.10433073 0.31126489 0.10647717 0.31300304 0.10688551 0.31688814 0.10903196 0.31862630 0.10923610 0.32056860 0.11138260 0.32230726 0.11158674 0.32424956 0.11332540 0.32210306 0.11526770 0.32189892 0.11700580 0.31975197 0.12089090 0.31934363 0.12262906 0.31719719 0.12651366 0.31678890 0.12825232 0.31464240 0.13019462 0.31443826 0.13193272 0.31229131 0.13172858 0.31034901 0.13520539 0.30605607 0.13908999 0.30564778 0.14082815 0.30350134 0.14277095 0.30329714 0.14450905 0.30115020 0.14430491 0.29920790 0.14604307 0.29706145 0.14583887 0.29511865 0.14369243 0.29338050 0.14328414 0.28949589 0.14113769 0.28775774 0.14093350 0.28581494 0.13878655 0.28407683 0.13837821 0.28019173 0.13623177 0.27845358 0.13582348 0.27456897 0.13367703 0.27283082 0.13347284 0.27088802 0.13132639 0.26914986 0.13091805 0.26526476 0.12877161 0.26352660 0.12836332 0.25964200 0.12621637 0.25790390 0.12601218 0.25596110 0.12386573 0.25422294 0.12345739 0.25033784 0.12131095 0.24859968 0.12090266 0.24471508 0.11875572 0.24297698 0.11855152 0.24103418 0.11640508 0.23929602 0.11599673 0.23541092 0.11385029 0.23367276 0.11303366 0.22590306 0.11088721 0.22416490 0.11068307 0.22222260 0.10853657 0.22048395 0.10812829 0.21659935 0.10598134 0.21486124 0.10577720 0.21291894 0.10363070 0.21118029 0.10322241 0.20729568 0.10107592 0.20555703 0.10066763 0.20167243 0.09852069 0.19993432 0.09831654 0.19799202 0.09617004 0.19625337 0.09576175 0.19236876 0.09361526 0.19063011 0.09320697 0.18674551 0.09106052 0.18500735 0.09085638 0.18306505 0.08870988 0.18132639 0.08830159 0.17744179 0.08615460 0.17570319 0.08574631 0.17181859 0.08359987 0.17008043 0.08339572 0.16813813 0.08124922 0.16639947 0.08084094 0.16251487 0.07869394 0.16077627 0.07848980 0.15883397 0.07634335 0.15709581 0.07593506 0.15321121 0.07399276 0.15341535 0.07225461 0.15556180 0.06836950 0.15597014 0.06663135 0.15811658 0.06468905 0.15832073 0.06295039 0.16046722 0.05906579 0.16087551
0 0.06213376 0.15269752 0.06601886 0.15228918 0.06775702 0.15014274 0.07164212 0.14973440 0.07338028 0.14758795 0.07123378 0.14584930 0.07102963 0.14390699 0.06929148 0.14605344 0.06540638 0.14646178 0.06366827 0.14860872 0.05978317 0.14901706 0.05998732 0.15095937 0.06213376 0.15269752
0 0.10078423 0.10935753 0.09884193 0.10956167 0.09710377 0.11170812 0.09321867 0.11211646 0.09383116 0.11794386 0.09209305 0.12009080 0.08820795 0.12049914 0.08646980 0.12264559 0.08452749 0.12284973 0.08278934 0.12499618 0.07890424 0.12540452 0.07716608 0.12755096 0.07737022 0.12949326 0.07951672 0.13123192 0.07992501 0.13511652 0.08207151 0.13685517 0.08227565 0.13879747 0.08442260 0.14053558 0.08483088 0.14442018 0.08697738 0.14615884 0.08718153 0.14810114 0.08932797 0.14983929 0.08973631 0.15372439 0.09188276 0.15546255 0.09229104 0.15934715 0.09443754 0.16108581 0.09464169 0.16302811 0.09678863 0.16476621 0.09719697 0.16865132 0.09934341 0.17038947 0.09975170 0.17427408 0.10189820 0.17601273 0.10210234 0.17795503 0.10424929 0.17969314 0.10465763 0.18357824 0.10680407 0.18531639 0.10700822 0.18725869 0.10915466 0.18899685 0.10956300 0.19288195 0.11170945 0.19462011 0.11211779 0.19850521 0.11426423 0.20024337 0.11600289 0.19809687 0.11988749 0.19768858 0.12162614 0.19554208 0.12356845 0.19533794 0.12571489 0.19707610 0.12591904 0.19901840 0.12244272 0.20331129 0.12049992 0.20351548 0.11876182 0.20566243 0.11681952 0.20586657 0.11702366 0.20780887 0.11917011 0.20954703 0.11937430 0.21148983 0.12152075 0.21322798 0.12192904 0.21711259 0.12407598 0.21885069 0.12448432 0.22273579 0.12663076 0.22447395 0.12683496 0.22641675 0.12898141 0.22815490 0.12938969 0.23203951 0.13153614 0.23377766 0.13194448 0.23766276 0.13409093 0.23940092 0.13429512 0.24134372 0.13644206 0.24308182 0.13685035 0.24696643 0.13899680 0.24870458 0.13940514 0.25258968 0.14155158 0.25432784 0.14175578 0.25627064 0.14369858 0.25606644 0.14543668 0.25391950 0.14737898 0.25371536 0.14911714 0.25156891 0.15105944 0.25136477 0.15320638 0.25310287 0.15361473 0.25698797 0.15187607 0.25913447 0.14993377 0.25933861 0.14819561 0.26148506 0.14431101 0.26189335 0.14645746 0.26363150 0.14686580 0.26751660 0.14901224 0.26925476 0.14921644 0.27119756 0.15136288 0.27293572 0.15177117 0.27682032 0.15391762 0.27855848 0.15432596 0.28244358 0.15647290 0.28418168 0.15667710 0.28612448 0.16056170 0.28571619 0.16230030 0.28356920 0.16618490 0.28316091 0.16792306 0.28101446 0.16771892 0.27907216 0.16557242 0.27733351 0.16731058 0.27518706 0.17119568 0.27477872 0.17293383 0.27263228 0.17681893 0.27222394 0.17855709 0.27007749 0.18049939 0.26987335 0.18029525 0.26793104 0.17814875 0.26619239 0.18162506 0.26189950 0.18551016 0.26149116 0.18724827 0.25934422 0.19113337 0.25893588 0.19052094 0.25310897 0.18837399 0.25137087 0.18796565 0.24748577 0.18581921 0.24574761 0.18561501 0.24380481 0.18346857 0.24206665 0.18306028 0.23818205 0.18091334 0.23644395 0.18050499 0.23255885 0.17835855 0.23082069 0.17795021 0.22693559 0.17580376 0.22519743 0.17559962 0.22325513 0.17345317 0.22151697 0.17304483 0.21763188 0.17089839 0.21589372 0.17049005 0.21200862 0.16834311 0.21027051 0.16813896 0.20832821 0.16599252 0.20659005 0.16558418 0.20270496 0.16343773 0.20096680 0.16323353 0.19902400 0.16108659 0.19728589 0.16067830 0.19340129 0.15853186 0.19166313 0.15812352 0.18777804 0.15597707 0.18603988 0.15577288 0.18409708 0.15362643 0.18235892 0.15321814 0.17847432 0.15107170 0.17673616 0.15066336 0.17285106 0.14851641 0.17111296 0.14831222 0.16917016 0.14616577 0.16743200 0.14575748 0.16354740 0.14361104 0.16180924 0.14320270 0.15792414 0.14105576 0.15618604 0.14064741 0.15230094 0.13850097 0.15056278 0.13829683 0.14862048 0.13615038 0.14688232 0.13574204 0.14299722 0.13359559 0.14125907 0.13318725 0.13737396 0.13104081 0.13563581 0.13083666 0.13369351 0.12868972 0.13195540 0.12828138 0.12807030 0.12613494 0.12633214 0.12572660 0.12244704 0.12358015 0.12070889 0.12337601 0.11876659 0.12122906 0.11702848 0.12082072 0.11314338 0.11867428 0.11140522 0.11826594 0.10752012 0.11611949 0.10578197 0.11591535 0.10383967 0.11376890 0.10210151 0.11336056 0.09821641 0.11141826 0.09842055 0.10967961 0.10056705 0.10579500 0.10097534 0.10405640 0.10312233 0.10211410 0.10332648 0.10252239 0.10721108 0.10078423 0.10935753
0 0.15394723 0.09198682 0.15220907 0.09413327 0.14832397 0.09454161 0.14658582 0.09668805 0.14464352 0.09689220 0.14290541 0.09903914 0.13902031 0.09944748 0.13728215 0.10159393 0.13533936 0.10179812 0.13360120 0.10394457 0.13165890 0.10414871 0.13206719 0.10803331 0.13421368 0.10977197 0.13441783 0.11171427 0.13656427 0.11345243 0.13697261 0.11733753 0.13911955 0.11907563 0.13952784 0.12296023 0.14535524 0.12234775 0.14709340 0.12020130 0.15097800 0.11979302 0.15312445 0.12153117 0.15353279 0.12541627 0.15179463 0.12756272 0.14985233 0.12776686 0.14811423 0.12991380 0.14617193 0.13011795 0.14443327 0.13226445 0.14658021 0.13400255 0.14678436 0.13594485 0.14893080 0.13768301 0.14933914 0.14156811 0.15148559 0.14330627 0.15189393 0.14719137 0.15404038 0.14892952 0.15424452 0.15087182 0.15639096 0.15260998 0.15679930 0.15649508 0.15894625 0.15823319 0.15935459 0.16211829 0.16150103 0.16385644 0.16170518 0.16579874 0.16385162 0.16753690 0.16425996 0.17142200 0.16640690 0.17316011 0.16681525 0.17704521 0.16896169 0.17878336 0.16936998 0.18266797 0.17151648 0.18440662 0.17172062 0.18634892 0.17386707 0.18808708 0.17427541 0.19197218 0.17642185 0.19371034 0.17683014 0.19759494 0.18071524 0.19718660 0.18245340 0.19504015 0.18439620 0.19483596 0.18654264 0.19657411 0.18674684 0.19851691 0.18889328 0.20025507 0.18541702 0.20454846 0.18153192 0.20495680 0.18173606 0.20689910 0.18388251 0.20863726 0.18429080 0.21252186 0.18643779 0.21426046 0.18664194 0.21620276 0.18878838 0.21794092 0.18919672 0.22182602 0.19134317 0.22356418 0.19154731 0.22550648 0.19369376 0.22724463 0.19410210 0.23112973 0.19624854 0.23286789 0.19645274 0.23481069 0.19859968 0.23654879 0.19900797 0.24043340 0.20115442 0.24217155 0.20135861 0.24411435 0.20350506 0.24585251 0.20524371 0.24370601 0.20912831 0.24329772 0.21086642 0.24115078 0.21280872 0.24094664 0.21240043 0.23706204 0.21587724 0.23276909 0.21976234 0.23236075 0.22150045 0.23021381 0.22344275 0.23000967 0.22518091 0.22786322 0.22303446 0.22612506 0.22651072 0.22183168 0.23039582 0.22142333 0.23213398 0.21927689 0.23407678 0.21907269 0.23581494 0.21692625 0.23775724 0.21672210 0.23561079 0.21498395 0.23520245 0.21109885 0.23305601 0.20936069 0.23285181 0.20741789 0.23070487 0.20567979 0.23029658 0.20179518 0.22815013 0.20005703 0.22774179 0.19617193 0.22559535 0.19443377 0.22539115 0.19249097 0.22324421 0.19075287 0.22283592 0.18686826 0.22068948 0.18513011 0.22048528 0.18318731 0.21833883 0.18144915 0.21793049 0.17756405 0.21578405 0.17582589 0.21537576 0.17194129 0.21322931 0.17020313 0.21302512 0.16826034 0.21087818 0.16652223 0.21046984 0.16263713 0.20832339 0.16089897 0.20791510 0.15701437 0.20576866 0.15527621 0.20556446 0.15333342 0.20341752 0.15159531 0.20300918 0.14771021 0.20086273 0.14597205 0.20045444 0.14208745 0.19830800 0.14034929 0.19810380 0.13840649 0.19595736 0.13666834 0.19554902 0.13278324 0.19340257 0.13104508 0.19299428 0.12716048 0.19084734 0.12542237 0.19064314 0.12347957 0.18849670 0.12174142 0.18808836 0.11785632 0.18594191 0.11611816 0.18553363 0.11223356 0.18338668 0.11049545 0.18318249 0.10855265 0.18103604 0.10681450 0.18062770 0.10292940 0.17848125 0.10119124 0.17807297 0.09730664 0.17592652 0.09556848 0.17572232 0.09362568 0.17357588 0.09188753 0.17316754 0.08800243 0.17102060 0.08626432 0.17081645 0.08432202 0.16887415 0.08452616 0.16713599 0.08667261 0.16325089 0.08708095 0.16151274 0.08922739 0.15957044 0.08943154 0.15783233 0.09157848 0.15394723 0.09198682
0 0.65368816 0.00000000 0.63791250 0.08286820 0.78532758 0.11604073 0.80515818 0.00000000 0.65368816 0.00000000
0 0.56255028 0.13427828 0.58378664 0.13929445 0.57774323 0.18031246 0.59558424 0.18257912 0.56894105 0.28374783 0.58969147 0.29399236 0.57690654 0.35953443 0.72049570 0.38586088 0.76672999 0.12627907 0.63030984 0.09919913 0.63241658 0.06998491 0.57765415 0.06124428 0.56255028 0.13427828
0 0.58554427 0.00000000 0.57792480 0.05396763 0.62724359 0.06017404 0.63737556 0.00000000 0.58554427 0.00000000
0 0.21746501 0.44921875 0.00000000 0.47664654 0.00000000 0.73904198 0.02285649 1.00000000 0.13292199 1.00000000 0.45898438 0.83706646 0.45898438 0.71017676 0.43612788 0.44921875 0.21746501 0.44921875
0 0.75906525 0.44921875 0.61269059 0.70505095 0.61176895 0.71496723 0.63517720 0.73214576 0.64918249 0.73460151 0.65807799 0.72581102 0.81218314 0.45430908 0.81164813 0.44921875 0.75906525 0.44921875
0 1.00000000 0.44921875 0.89021062 0.44921875 0.87658649 0.46914273 0.84539680 0.52740963 0.84467932 0.53926834 0.85326565 0.54622142 0.88577356 0.55655188 0.89599901 0.54172996 0.90571114 0.54070918 0.94936028 0.56361583 0.96715128 0.54603486 1.00000000 0.48119867 1.00000000 0.44921875
0 0.66091860 0.86494818 0.62717988 0.88027756 0.62083928 0.89469117 0.62441496 0.91002642 0.70527349 0.95062493 0.72797012 0.94234776 0.85671286 0.72850025 0.83289629 0.70743688 0.80488571 0.70252537 0.81019966 0.71571404 0.78044494 0.75026352 0.72963857 0.73400077 0.66255772 0.84317318 0.66091860 0.86494818
0 1.00000000 0.64367189 0.94924940 0.61861622 0.83543360 0.82500320 0.78236390 0.89931696 0.75587570 0.96494525 0.74289119 0.97220163 0.75208999 0.98498198 0.80074978 0.99950646 0.80125739 1.00000000 0.84538253 1.00000000 0.89042225 0.89974287 1.00000000 0.73212238 1.00000000 0.64367189
