0 0.70000000 0.16669074 0.62977160 0.17222794 0.62649225 0.17152792 0.58386356 0.17488900 0.60662225 0.20855538 0.62793659 0.20687484 0.63121593 0.20757486 0.70000000 0.20215154 0.70000000 0.16669074
0 0.28487625 0.23906250 0.25758934 0.19869761 0.11371751 0.21004127 0.11740803 0.21550058 0.13072967 0.21445023 0.13400885 0.21515002 0.13646941 0.21878987 0.13974859 0.21948966 0.14036366 0.22039950 0.13831459 0.22151940 0.11966451 0.22298988 0.12397025 0.22935926 0.13995621 0.22809884 0.14323540 0.22879863 0.14631102 0.23334832 0.14426196 0.23446822 0.12827600 0.23572865 0.13052970 0.23906250 0.28487625 0.23906250
0 0.12211083 0.23906250 0.10306033 0.21088154 0.05510306 0.21466277 0.07159743 0.23906250 0.12211083 0.23906250
0 0.70000000 0.11877053 0.55638780 0.13009372 0.58468235 0.17194918 0.62731103 0.16858809 0.62936010 0.16746819 0.70000000 0.16189855 0.70000000 0.13971785 0.69719094 0.13911839 0.69411548 0.13456893 0.69616454 0.13344903 0.70000000 0.13314662 0.70000000 0.12835467 0.69308908 0.12889957 0.68980974 0.12819954 0.68734933 0.12455993 0.68939840 0.12344003 0.70000000 0.12260414 0.70000000 0.11877053
0 0.40493392 0.14682715 0.40821379 0.14752688 0.41128940 0.15207657 0.40923966 0.15319653 0.39591837 0.15424685 0.39386931 0.15536675 0.39755999 0.16082629 0.41354540 0.15956591 0.41682527 0.16026565 0.42051595 0.16572519 0.41846621 0.16684514 0.40248079 0.16810552 0.40617132 0.17356483 0.41416368 0.17293467 0.41744371 0.17363464 0.42277195 0.17321453 0.42605182 0.17391426 0.42912728 0.17846373 0.42707754 0.17958368 0.41109212 0.18084406 0.41293746 0.18357383 0.42359463 0.18273356 0.42687382 0.18343335 0.54410272 0.17419036 0.51334777 0.12869530 0.45473298 0.13331681 0.45145380 0.13261702 0.40349686 0.13639822 0.40534204 0.13912775 0.40329298 0.14024765 0.38730688 0.14150809 0.39099756 0.14696762 0.38894850 0.14808752 0.40493392 0.14682715
0 0.24630339 0.14879223 0.25368444 0.15971084 0.25163554 0.16083098 0.27439422 0.19449735 0.40494441 0.18420404 0.37418946 0.13870898 0.24630339 0.14879223
0 0.24856973 0.19365824 0.24529054 0.19295844 0.23996230 0.19337855 0.23668311 0.19267876 0.23360765 0.18812930 0.23565656 0.18700917 0.25430678 0.18553868 0.24138971 0.16643076 0.22273948 0.16790125 0.21946030 0.16720146 0.21638468 0.16265177 0.21843374 0.16153187 0.23708396 0.16006138 0.23031797 0.15005261 0.21166775 0.15152310 0.20838841 0.15082308 0.02188755 0.16552785 0.05202759 0.21011330 0.07334194 0.20843276 0.07662126 0.20913254 0.26045786 0.19463783 0.25922758 0.19281791 0.24856973 0.19365824
0 0.38114952 0.10749135 0.38422498 0.11204081 0.38217524 0.11316077 0.36885394 0.11421109 0.36680488 0.11533099 0.37049556 0.12079053 0.38914579 0.11932004 0.39242497 0.12001983 0.39550043 0.12456929 0.39345137 0.12568919 0.37480115 0.12715968 0.37910689 0.13352907 0.39509231 0.13226869 0.39837218 0.13296842 0.39898740 0.13387850 0.42829411 0.13156780 0.43157329 0.13226759 0.51150243 0.12596552 0.48628334 0.08865953 0.44631878 0.09181056 0.44303944 0.09111054 0.37643228 0.09636222 0.37889284 0.10000207 0.37479403 0.10224192 0.35880861 0.10350230 0.36188408 0.10805176 0.37786949 0.10679138 0.38114952 0.10749135
0 0.70000000 0.11493693 0.68447759 0.11616080 0.68119841 0.11546101 0.67812278 0.11091132 0.68017185 0.10979142 0.69615795 0.10853098 0.69308248 0.10398152 0.67976051 0.10503190 0.67648132 0.10433211 0.67340586 0.09978265 0.67545476 0.09866252 0.69144086 0.09740208 0.68836540 0.09285262 0.66971518 0.09432311 0.66643599 0.09362332 0.66459065 0.09089355 0.66663971 0.08977365 0.66602450 0.08886357 0.66807356 0.08774367 0.68405966 0.08648324 0.68098419 0.08193378 0.66499809 0.08319421 0.66171891 0.08249442 0.65864345 0.07794496 0.66069235 0.07682483 0.67667845 0.07556440 0.67483311 0.07283463 0.53096094 0.08417832 0.52768175 0.08347852 0.52501763 0.08368858 0.55023671 0.12099457 0.54818781 0.12211470 0.55126327 0.12666416 0.55454246 0.12736395 0.67976441 0.11749075 0.68304359 0.11819055 0.70000000 0.11685361 0.70000000 0.11493693
0 0.26453162 0.10518510 0.26125244 0.10448531 0.21862375 0.10784639 0.24445805 0.14606246 0.37234412 0.13597921 0.35143062 0.10504236 0.35347969 0.10392247 0.34978900 0.09846293 0.26453162 0.10518510
0 0.16370676 0.14284521 0.20899957 0.13927407 0.20100330 0.12744538 0.18501789 0.12870576 0.18173802 0.12800602 0.17866256 0.12345656 0.18071214 0.12233638 0.19669756 0.12107599 0.17701434 0.09195908 0.17906340 0.09083918 0.17783312 0.08901925 0.17455394 0.08831946 0.16123265 0.08936979 0.15795346 0.08867000 0.15487800 0.08412054 0.15692690 0.08300040 0.17024820 0.08195008 0.17229726 0.08083018 0.16245565 0.06627172 0.09851262 0.07131335 0.09523343 0.07061356 0.00997619 0.07733572 0.06164463 0.15376763 0.11759517 0.14935617 0.11574982 0.14662640 0.11779888 0.14550650 0.16042757 0.14214542 0.16370676 0.14284521
0 0.67298793 0.07010509 0.67237287 0.06919525 0.65638677 0.07045568 0.65310742 0.06975565 0.65003196 0.06520619 0.65208102 0.06408629 0.66806712 0.06282586 0.66499150 0.05827617 0.64900540 0.05953660 0.64572622 0.05883681 0.64203569 0.05337750 0.64408460 0.05225737 0.66007070 0.05099694 0.65699523 0.04644748 0.64100913 0.04770791 0.63772995 0.04700812 0.63465449 0.04245866 0.63670355 0.04133876 0.65268965 0.04007833 0.64961403 0.03552863 0.63362793 0.03678907 0.63034874 0.03608927 0.62727328 0.03153982 0.62932218 0.03041968 0.64530828 0.02915925 0.64346310 0.02642971 0.49692681 0.03798346 0.51107416 0.05891130 0.50902510 0.06003120 0.52317245 0.08095904 0.62175112 0.07318655 0.62503031 0.07388634 0.67298793 0.07010509
0 0.33256297 0.06052672 0.33686871 0.06689610 0.35285482 0.06563567 0.35613400 0.06633546 0.35920962 0.07088515 0.35716056 0.07200505 0.33851034 0.07347554 0.34281608 0.07984492 0.36146630 0.07837443 0.36474549 0.07907423 0.36782095 0.08362369 0.36577189 0.08474359 0.34978579 0.08600402 0.34773688 0.08712415 0.35327275 0.09531323 0.48382294 0.08501992 0.47090571 0.06591177 0.47295477 0.06479187 0.45696224 0.04113449 0.32641205 0.05142780 0.32825723 0.05415733 0.34424333 0.05289690 0.34752267 0.05359692 0.35059813 0.05814638 0.34854907 0.05926628 0.33256297 0.06052672
0 0.24648291 0.05772986 0.24320373 0.05703007 0.18991786 0.06123142 0.20037453 0.07669973 0.19832547 0.07781963 0.21677857 0.10511685 0.34732876 0.09482355 0.31841899 0.05205801 0.24648291 0.05772986
0 0.00000000 0.13315011 0.01881209 0.16097839 0.05344786 0.15824751 0.04914212 0.15187813 0.03315643 0.15313853 0.02987704 0.15243875 0.02434117 0.14424968 0.02639044 0.14312976 0.04237613 0.14186936 0.03437971 0.13004044 0.01839402 0.13130084 0.01511463 0.13060107 0.01203916 0.12605160 0.01408827 0.12493146 0.02208112 0.12430125 0.02413038 0.12318134 0.02945890 0.12276121 0.01961730 0.10820275 0.01428878 0.10862288 0.01100939 0.10792310 0.00568080 0.10834324 0.00240148 0.10764346 0.00000000 0.10409100 0.00000000 0.13315011
0 0.61437125 0.00000000 0.62603978 0.01726098 0.63669695 0.01642071 0.62559645 0.00000000 0.61437125 0.00000000
0 0.46844363 0.00000000 0.47211903 0.00543693 0.48810445 0.00417655 0.49138435 0.00487634 0.49445984 0.00942584 0.49241007 0.01054575 0.47642465 0.01180613 0.48688148 0.02727467 0.57746710 0.02013239 0.57193108 0.01194308 0.57398014 0.01082318 0.58996624 0.00956275 0.58350177 0.00000000 0.46844363 0.00000000
0 1.00000000 0.03801029 0.85874655 0.10234407 0.86158409 0.11463483 0.89601785 0.19852656 0.91401781 0.19437094 1.00000000 0.15101250 1.00000000 0.03801029
0 0.00000000 0.48416836 0.50122113 0.80556906 0.53624517 0.79748312 0.58753807 0.71014533 0.58721687 0.70803859 0.01099339 0.33260874 0.00000000 0.35150388 0.00000000 0.48416836
0 0.79033942 0.68570587 0.81170107 0.68361028 0.81110102 0.66573861 0.79071405 0.66726344 0.79033942 0.68570587
0 0.92922512 0.59917060 0.96392761 0.59706987 0.96325164 0.55581649 0.92952270 0.55734468 0.92922512 0.59917060
