0 0.07194037 0.23242330 0.07382402 0.22992359 0.11286273 0.22823655 0.11279457 0.22582119 0.11467820 0.22332086 0.12834187 0.22273039 0.12632140 0.22039940 0.12523079 0.18175108 0.12132717 0.18191977 0.11930720 0.17958875 0.00804677 0.18439681 0.00825127 0.19164352 0.01410705 0.19139047 0.01612717 0.19372148 0.01735411 0.23720115 0.07200855 0.23483929 0.07194037 0.23242330
0 0.13787201 0.14492766 0.13950793 0.20290013 0.13762430 0.20540047 0.13789695 0.21506254 0.17303153 0.21354422 0.17105479 0.14349368 0.13787201 0.14492766
0 0.10133092 0.16585448 0.11889822 0.16509532 0.11814844 0.13852507 0.11612847 0.13619405 0.10636842 0.13661583 0.10434843 0.13428419 0.10428027 0.13186882 0.08476117 0.13271233 0.08274070 0.13038133 0.08267252 0.12796535 0.06510523 0.12872451 0.06308526 0.12639349 0.06301710 0.12397813 0.04154569 0.12490600 0.04229549 0.15147688 0.04619911 0.15130818 0.04821958 0.15363918 0.04856039 0.16571663 0.09931045 0.16352349 0.10133092 0.16585448
0 0.00000000 0.24520603 0.00975084 0.24478465 0.00941003 0.23270721 0.00550616 0.23287591 0.00348609 0.23054490 0.00191834 0.17498779 0.00380209 0.17248807 0.02136948 0.17172890 0.02338960 0.17405992 0.03705312 0.17346946 0.03555354 0.12032833 0.03164972 0.12049703 0.02962959 0.11816540 0.02956143 0.11575003 0.01004208 0.11659355 0.00802201 0.11426254 0.00795383 0.11184655 0.00593371 0.10951554 0.00000000 0.10977196 0.00000000 0.24520603
0 0.90067556 0.31101822 0.87462710 0.34407671 0.90512937 0.36774145 0.93041200 0.33635835 0.90067556 0.31101822
0 0.75645500 0.19405370 0.73199570 0.22540805 0.72114871 0.22166518 0.64862287 0.31652277 0.71647276 0.37103216 0.78976442 0.27449916 0.79902226 0.27994618 0.82348157 0.24859184 0.75645500 0.19405370
0 0.63615010 0.10098393 0.60987164 0.12745582 0.60399335 0.12436377 0.52820296 0.22015970 0.59343912 0.27063870 0.66366750 0.18080732 0.66352374 0.17669069 0.68783929 0.14121972 0.63615010 0.10098393
0 0.52439473 0.01668322 0.50155332 0.04715674 0.53892970 0.07882472 0.56333151 0.04582372 0.52439473 0.01668322
0 0.70499413 0.00000000 0.69956186 0.00479594 0.73855614 0.03558310 0.76539917 0.00167253 0.76334742 0.00000000 0.70499413 0.00000000
0 0.85874866 0.19625184 0.88226963 0.16163295 0.85080029 0.13388034 0.82319143 0.16946631 0.85874866 0.19625184
0 0.50000000 0.89159081 0.42351015 0.89281788 0.41085417 0.88856948 0.20640042 0.89883607 0.20571136 0.92387537 0.40397345 0.91538845 0.50000000 0.91704220 0.50000000 0.89159081
0 0.50000000 0.93522290 0.48286881 0.93608515 0.42481888 0.93029504 0.20787275 0.94099787 0.20879976 0.96754419 0.24638598 0.96935855 0.48842595 0.96090633 0.50000000 0.96124810 0.50000000 0.93522290
0 0.50000000 0.84398682 0.28892452 0.84436033 0.20476451 0.85198962 0.20580059 0.88165904 0.25900229 0.88292810 0.50000000 0.87451228 0.50000000 0.84398682
0 0.88002911 0.90156723 0.94760120 0.90984060 0.94981880 0.90972408 0.96558936 0.83249383 0.96517176 0.82053550 0.89197481 0.80506655 0.89085206 0.80510576 0.88002911 0.90156723
