0 0.35581214 0.18154885 0.35541886 0.18354749 0.41562851 0.19306076 0.42191986 0.16108870 0.34610005 0.14910898 0.34426347 0.14675802 0.26621323 0.13442589 0.26188790 0.15640681 0.25926428 0.15805252 0.24588455 0.15593849 0.24470490 0.16193338 0.35397490 0.17919831 0.35581214 0.18154885
0 0.22725806 0.15711648 0.22843771 0.15112159 0.21505798 0.14900756 0.21322073 0.14665702 0.21361392 0.14465890 0.19800432 0.14219254 0.19616718 0.13984149 0.19734683 0.13384660 0.19997045 0.13220089 0.21558004 0.13466725 0.21872572 0.11868122 0.18973582 0.11410074 0.18711278 0.11574654 0.15589245 0.11081366 0.15405578 0.10846321 0.15444896 0.10646508 0.14552895 0.10505570 0.14369227 0.10270525 0.10801223 0.09706771 0.10211406 0.12704164 0.10395073 0.12939209 0.16416095 0.13890546 0.16599763 0.14125590 0.16481798 0.14725079 0.22725806 0.15711648
0 0.09319405 0.12563226 0.09909221 0.09565833 0.06787200 0.09072545 0.06197383 0.12069939 0.09319405 0.12563226
0 0.04452709 0.11588198 0.05042516 0.08590856 0.03035517 0.08273745 0.02445710 0.11271087 0.04452709 0.11588198
0 0.33389446 0.10597231 0.33428764 0.10397418 0.27184699 0.09410840 0.27145380 0.09610653 0.33389446 0.10597231
0 0.04452165 0.08085476 0.05002654 0.05287947 0.03664652 0.05076539 0.03114164 0.07874069 0.04452165 0.08085476
0 0.28902999 0.08858184 0.29020965 0.08258695 0.27459948 0.08012050 0.27341983 0.08611539 0.28902999 0.08858184
0 0.17044670 0.07190615 0.17228337 0.07425660 0.24364346 0.08553168 0.24626708 0.08388596 0.25072680 0.08459061 0.25334994 0.08294430 0.26673025 0.08505842 0.26830309 0.07706540 0.22147260 0.06966607 0.21963592 0.06731562 0.22002911 0.06531750 0.22265215 0.06367169 0.23157273 0.06508117 0.23340941 0.06743162 0.26462916 0.07236442 0.26541563 0.06836765 0.22527587 0.06202547 0.22343862 0.05967493 0.22422509 0.05567817 0.22684871 0.05403246 0.26698847 0.06037464 0.27013413 0.04438871 0.22999436 0.03804653 0.22960120 0.04004455 0.22697748 0.04169078 0.14000780 0.02794935 0.13817065 0.02559830 0.13856382 0.02360027 0.08504403 0.01514401 0.07914588 0.04511784 0.08098273 0.04746832 0.07980307 0.05346321 0.16900331 0.06755707 0.17083998 0.06990752 0.17044670 0.07190615
0 0.03861264 0.04077374 0.06314271 0.04464955 0.06943404 0.01267760 0.06759721 0.01032702 0.04529718 0.00680356 0.03861264 0.04077374
0 0.93784393 0.51944444 0.94137991 0.49466125 0.94004820 0.49231080 0.94090345 0.48631642 0.87299334 0.47151784 0.87270826 0.47351597 0.87080637 0.47516177 0.84816954 0.47022888 0.84788445 0.47222701 0.84598257 0.47387281 0.80232610 0.46435945 0.79947503 0.48434224 0.80080674 0.48669269 0.79710041 0.51266985 0.79843247 0.51502091 0.79780133 0.51944444 0.93784393 0.51944444
0 0.96451871 0.51944444 0.97124176 0.47232349 0.96154014 0.47020937 0.96096990 0.47420613 0.96230161 0.47655658 0.95888037 0.50053562 0.96021249 0.50288616 0.95785002 0.51944444 0.96451871 0.51944444
0 0.53075220 1.00000000 0.53888844 0.96174795 0.53409448 0.96266607 0.52443064 0.95404909 0.50369662 0.94342689 0.48594802 0.94038936 0.47333352 0.93483451 0.43963340 0.92718185 0.41191712 0.95292993 0.40713834 0.97129268 0.40869978 0.97926155 0.43276132 0.98504977 0.45135757 0.99491234 0.48023719 0.99966904 0.48082893 1.00000000 0.53075220 1.00000000
0 0.79822474 1.00000000 0.79963209 0.93988157 0.79497841 0.93904614 0.78354932 0.93725173 0.77356807 0.93507535 0.76267058 0.93467174 0.75262342 0.93134173 0.74162681 0.92999129 0.73074750 0.92713285 0.72197997 0.92602328 0.71860905 1.00000000 0.79822474 1.00000000
