0 0.31835938 0.34289460 0.29855529 0.34820109 0.29616288 0.34682024 0.26220479 0.35591928 0.26523777 0.36723848 0.28599020 0.36167788 0.28838212 0.36305886 0.31835938 0.35502648 0.31835938 0.34289460
0 0.31835938 0.14878031 0.28964465 0.15647440 0.28826367 0.15886633 0.21091427 0.17959204 0.24781617 0.31731181 0.25020809 0.31869279 0.25121917 0.32246618 0.27574451 0.31589464 0.27813644 0.31727562 0.28420251 0.33991450 0.31835938 0.33076220 0.31835938 0.14878031
0 0.06657654 0.04841722 0.06896849 0.04979829 0.07048501 0.05545804 0.07614485 0.05394149 0.07853681 0.05532257 0.07904232 0.05720917 0.07766138 0.05960124 0.08709413 0.05707374 0.08948608 0.05845482 0.09201360 0.06788766 0.09578699 0.06687658 0.09817896 0.06825771 0.10020098 0.07580400 0.10397437 0.07479293 0.10636634 0.07617405 0.10687184 0.07806060 0.20120029 0.05278537 0.20258172 0.05039322 0.21578738 0.04685477 0.21325984 0.03742188 0.20948694 0.03843283 0.20709497 0.03705170 0.20557846 0.03139200 0.20180507 0.03240308 0.19941311 0.03102196 0.19840211 0.02724886 0.19651565 0.02775433 0.19412321 0.02637334 0.19260669 0.02071364 0.18694733 0.02223006 0.18455537 0.02084893 0.18404986 0.01896234 0.18027647 0.01997341 0.17788451 0.01859234 0.17586249 0.01104604 0.05512176 0.04339842 0.05562727 0.04528500 0.05801923 0.04666610 0.05990568 0.04616062 0.06229813 0.04754162 0.06280363 0.04942817 0.06657654 0.04841722
0 0.74394479 0.47075069 0.74670137 0.47812012 0.90358899 0.44800701 0.90152150 0.44247981 0.77035287 0.46765641 0.76709200 0.46630780 0.74394479 0.47075069
0 1.00000000 0.41962827 0.91814680 0.43533923 0.92159267 0.44455137 1.00000000 0.42950181 1.00000000 0.41962827
0 1.00000000 0.38013612 0.89921985 0.39947993 0.90404375 0.41237608 1.00000000 0.39395817 1.00000000 0.38013612
0 1.00000000 0.35446552 0.94941538 0.36417476 0.94615452 0.36282615 0.88957171 0.37368669 0.89439578 0.38658331 1.00000000 0.36631357 1.00000000 0.35446552
0 1.00000000 0.32484590 0.87992356 0.34789346 0.88543674 0.36263231 1.00000000 0.34064296 1.00000000 0.32484590
0 0.00000000 0.71349655 0.04859948 0.70047436 0.05274269 0.69329812 0.04522296 0.61241005 0.00648047 0.61874702 0.00000000 0.62219196 0.00000000 0.71349655
0 0.31835938 0.77782515 0.33272913 0.81808507 0.35587648 0.81342889 0.33244540 0.74778177 0.33432826 0.74533374 0.33758932 0.74674705 0.36102040 0.81239417 0.40474320 0.80359916 0.36546187 0.69354423 0.36220083 0.69213039 0.35599855 0.67475340 0.31835938 0.68232466 0.31835938 0.70059353 0.32536940 0.72023359 0.32348654 0.72268161 0.32022553 0.72126829 0.31835938 0.71603986 0.31835938 0.77782515
0 0.31835938 0.67818610 0.32632894 0.67658299 0.32821174 0.67413497 0.35135882 0.66947885 0.35066954 0.66754769 0.35255286 0.66509957 0.34566130 0.64579142 0.31835938 0.65128330 0.31835938 0.67818610
