0 0.39113505 0.00000000 0.40500494 0.05562909 0.40347142 0.05818203 0.41926328 0.12151973 0.41772924 0.12407280 0.43301172 0.18536746 0.43147807 0.18791988 0.43504403 0.20222216 0.44934631 0.19865620 0.45087996 0.19610379 0.45496655 0.19508488 0.45650006 0.19253194 0.45854310 0.19202256 0.45141131 0.16341852 0.45294496 0.16086610 0.46520420 0.15780953 0.45858180 0.13124852 0.46011532 0.12869558 0.47033101 0.12614852 0.46319922 0.09754449 0.46473339 0.09499194 0.45097907 0.03982637 0.45404624 0.03472101 0.47652118 0.02911738 0.47448350 0.02094472 0.47601715 0.01839230 0.48214678 0.01686402 0.47794211 0.00000000 0.39113505 0.00000000
0 0.28262595 0.00000000 0.29520529 0.05045298 0.29367164 0.05300540 0.31048241 0.12042969 0.30894876 0.12298211 0.32525014 0.18836337 0.32371597 0.19091591 0.32728192 0.20521819 0.36201611 0.19655799 0.36456853 0.19809164 0.36966277 0.21852354 0.42891440 0.20375045 0.42585796 0.19149173 0.42739148 0.18893879 0.42382565 0.17463703 0.40339427 0.17973114 0.40084172 0.17819697 0.39676638 0.16185166 0.39830002 0.15929924 0.41873140 0.15420512 0.41822202 0.15216209 0.41975606 0.14960902 0.40702064 0.09853004 0.39067533 0.10260539 0.38812238 0.10107187 0.38403632 0.10209064 0.38148390 0.10055699 0.37944623 0.09238434 0.38097975 0.08983139 0.40345468 0.08422776 0.40294530 0.08218473 0.40447895 0.07963231 0.39479997 0.04081206 0.39633362 0.03825964 0.39378656 0.02804395 0.38765694 0.02957224 0.38510452 0.02803859 0.36875920 0.03211393 0.36620665 0.03057976 0.36365960 0.02036407 0.36519322 0.01781155 0.38766815 0.01220792 0.38664931 0.00812154 0.38818293 0.00556901 0.38679442 0.00000000 0.28262595 0.00000000
0 0.23643698 0.00000000 0.15324676 0.02074165 0.15630327 0.03300063 0.15476966 0.03555321 0.14455345 0.03810040 0.14760995 0.05035933 0.14607634 0.05291191 0.14913285 0.06517089 0.15730550 0.06313322 0.16241093 0.06620065 0.16292035 0.06824384 0.17313604 0.06569678 0.17568849 0.06723053 0.17823555 0.07744622 0.17670203 0.07999916 0.15422709 0.08560280 0.16543422 0.13055215 0.17360688 0.12851447 0.17615930 0.13004812 0.18125355 0.15048003 0.20372848 0.14487639 0.20628090 0.14641004 0.20984686 0.16071232 0.23027876 0.15561808 0.23283118 0.15715173 0.23639714 0.17145401 0.25682904 0.16635976 0.25938146 0.16789341 0.28594247 0.16127101 0.28849489 0.16280465 0.29053256 0.17097731 0.28899904 0.17353025 0.29256487 0.18783201 0.29511742 0.18936618 0.31759236 0.18376255 0.30180036 0.12042433 0.28136898 0.12551844 0.27881604 0.12398493 0.27626885 0.11376871 0.27780302 0.11121616 0.29823441 0.10612205 0.29976805 0.10356963 0.28652312 0.05044710 0.27017780 0.05452244 0.26762539 0.05298879 0.26558235 0.05349818 0.26302993 0.05196453 0.26099223 0.04379177 0.26252584 0.04123920 0.28500026 0.03563570 0.27611528 0.00000000 0.23643698 0.00000000
0 0.70637591 0.53906250 0.69648267 0.49265753 0.67551803 0.49877055 0.67813162 0.51102979 0.67681979 0.51358234 0.66633770 0.51663879 0.66851561 0.52685448 0.67069812 0.52838813 0.66938685 0.53094107 0.66065169 0.53348813 0.66184011 0.53906250 0.70637591 0.53906250
0 0.97248894 0.46426193 0.97205338 0.46221890 0.97336476 0.45966648 0.97292908 0.45762292 0.97424046 0.45507050 0.97380490 0.45302747 0.97511628 0.45047505 0.96727562 0.41369783 0.84498210 0.44935703 0.84279960 0.44782338 0.81484674 0.45597407 0.83009240 0.52748495 0.96461540 0.48825979 0.96113069 0.47191448 0.96244207 0.46936206 0.97117767 0.46681487 0.97248894 0.46426193
0 0.76390143 0.53906250 0.76196682 0.52998807 0.76327820 0.52743565 0.77026641 0.52539798 0.76242575 0.48862076 0.76024280 0.48708725 0.75719364 0.47278496 0.74845849 0.47533202 0.74714711 0.47788444 0.70347088 0.49061986 0.70215917 0.49317293 0.70041222 0.49368232 0.71008698 0.53906250 0.76390143 0.53906250
0 0.75240213 0.45031003 0.74499714 0.41557637 0.69083882 0.43136823 0.69606589 0.45588620 0.69475406 0.45843875 0.69693198 0.46865444 0.72313790 0.46101313 0.72444928 0.45846072 0.75240213 0.45031003
0 0.63402211 0.53906250 0.63532157 0.53653343 0.64405709 0.53398627 0.64536847 0.53143385 0.64319055 0.52121816 0.64450182 0.51866521 0.64799570 0.51764644 0.64930753 0.51509389 0.65105447 0.51458451 0.64800532 0.50028223 0.64931670 0.49772981 0.65805185 0.49518275 0.65674517 0.48905365 0.65805688 0.48650058 0.65718576 0.48241451 0.65849703 0.47986157 0.66548524 0.47782390 0.66287176 0.46556518 0.66418314 0.46301276 0.67291875 0.46046557 0.67161195 0.45433595 0.66942900 0.45280243 0.66855777 0.44871584 0.66986959 0.44616329 0.67860475 0.44361623 0.67512003 0.42727092 0.57204377 0.45732661 0.58946933 0.53906250 0.63402211 0.53906250
0 0.97516347 0.36365423 0.98215168 0.36161656 0.98346306 0.35906414 0.98215627 0.35293452 0.97997365 0.35140035 0.96864838 0.29827834 0.90750140 0.31610801 0.92623177 0.40396420 0.94719641 0.39785118 0.94937892 0.39938483 0.97907916 0.39072462 0.97385209 0.36620665 0.97516347 0.36365423
0 1.00000000 0.24514052 0.98966479 0.19666247 0.93899991 0.21143569 0.94901849 0.25842860 0.96823619 0.25282497 0.97041914 0.25435848 1.00000000 0.24573309 1.00000000 0.24514052
0 0.38244188 0.53906250 0.34061316 0.61680098 0.34250317 0.62817163 0.36175907 0.64713800 0.38923900 0.63484781 0.40281127 0.65191398 0.41576034 0.64908405 0.48217459 0.53906250 0.38244188 0.53906250
0 0.63100322 0.92097675 0.63230990 0.92621757 0.63099863 0.92840052 0.62750475 0.92927164 0.62924711 0.93625986 0.62793528 0.93844247 0.61570602 0.94149157 0.61701281 0.94673284 0.62924208 0.94368375 0.63142502 0.94499501 0.63403850 0.95547711 0.63753239 0.95460599 0.63971500 0.95591782 0.64102180 0.96115909 0.64320430 0.96247047 0.64669863 0.96159923 0.64888114 0.96291061 0.65062349 0.96989883 0.65280644 0.97121010 0.65630033 0.97033897 0.65848294 0.97165080 0.65978963 0.97689162 0.66328396 0.97602039 0.66546646 0.97733177 0.66633770 0.98082610 0.66852020 0.98213748 0.67201453 0.98126625 0.67419714 0.98257807 0.67550383 0.98781890 0.68074510 0.98651211 0.68292760 0.98782348 0.68467454 0.98738792 0.68685761 0.98869964 0.68729317 0.99044658 0.69078705 0.98957546 0.69296955 0.99088684 0.69646388 0.99001560 0.69864650 0.99132743 0.69951762 0.99482131 0.70301195 0.99395008 0.70519446 0.99526146 0.71043528 0.99395477 0.71261823 0.99526604 0.71305390 0.99701343 0.72528294 0.99396439 0.72310502 0.98522923 0.72441674 0.98304617 0.72791062 0.98217505 0.72616826 0.97518684 0.72879147 0.97082172 0.73228536 0.96995060 0.72836508 0.95422723 0.72312426 0.95553391 0.72094119 0.95422220 0.72050563 0.95247525 0.71526436 0.95378205 0.71308186 0.95247067 0.71177506 0.94722940 0.70828118 0.94810052 0.70609867 0.94678914 0.70566311 0.94504220 0.70042184 0.94634899 0.69823878 0.94503728 0.69606086 0.93630212 0.69256698 0.93717324 0.69038447 0.93586187 0.68907768 0.93062059 0.68383641 0.93192739 0.68165390 0.93061601 0.68034711 0.92537474 0.67685278 0.92624597 0.67467027 0.92493459 0.67336348 0.91969332 0.66637526 0.92143568 0.66419276 0.92012429 0.66070804 0.90614787 0.65721371 0.90701910 0.65503110 0.90570728 0.65415998 0.90221339 0.65197747 0.90090201 0.64673620 0.90220881 0.64804289 0.90744963 0.64673162 0.90963258 0.63624907 0.91224618 0.63755587 0.91748745 0.63624449 0.91966995 0.63100322 0.92097675
0 0.53906250 0.79782925 0.55026424 0.84275700 0.55201130 0.84232141 0.55419402 0.84363321 0.56159902 0.87333300 0.56509312 0.87246183 0.56727572 0.87377318 0.57032487 0.88600267 0.57556605 0.88469590 0.57774864 0.88600725 0.58123336 0.89998368 0.58647454 0.89867691 0.58865724 0.89998871 0.59170629 0.91221775 0.59694747 0.91091098 0.59913017 0.91222279 0.60217922 0.92445182 0.61440861 0.92140269 0.61703137 0.91703769 0.62052570 0.91616645 0.62009003 0.91441906 0.62140141 0.91223656 0.62489574 0.91136533 0.62446018 0.90961838 0.62577156 0.90743588 0.63101283 0.90612908 0.62970604 0.90088781 0.63101742 0.89870531 0.63451175 0.89783407 0.63320495 0.89259280 0.63451633 0.89041030 0.63975716 0.88910361 0.63714357 0.87862107 0.63190274 0.87992775 0.62972024 0.87861638 0.62449316 0.85765173 0.62099883 0.85852297 0.61881633 0.85721159 0.61358926 0.83624695 0.60834799 0.83755374 0.60616548 0.83624236 0.58003001 0.73141871 0.53906250 0.74163305 0.53906250 0.79782925
0 0.53906250 0.72493225 0.58135056 0.71438865 0.58091500 0.71264171 0.57217984 0.71481963 0.56999734 0.71350825 0.56956178 0.71176131 0.57087305 0.70957836 0.58135559 0.70696477 0.57307936 0.67377064 0.57570212 0.66940563 0.57744951 0.66896996 0.57004452 0.63927016 0.55956198 0.64188375 0.55737948 0.64057237 0.55388514 0.64144361 0.55170253 0.64013178 0.54646135 0.64143855 0.54427876 0.64012720 0.53906250 0.61920594 0.53906250 0.72493225
