0 0.17723072 0.20690906 0.17723072 0.21057141 0.17547607 0.21240234 0.17196633 0.21240234 0.17021168 0.21423328 0.17021168 0.21789563 0.16845703 0.21972656 0.15792824 0.21972656 0.15792824 0.22155750 0.15617359 0.22338844 0.15266430 0.22338844 0.15090965 0.22521984 0.15090965 0.22705078 0.14915455 0.22888172 0.14564525 0.22888172 0.14389016 0.23071312 0.14213551 0.23071312 0.13862621 0.23437500 0.13862621 0.23803688 0.13687156 0.23986828 0.13336182 0.23986828 0.13336182 0.24719250 0.13160717 0.24902344 0.11405934 0.24902344 0.11230469 0.24719250 0.04386900 0.24719250 0.04386900 0.26001000 0.04211426 0.26184094 0.04035952 0.26184094 0.03509521 0.26733375 0.03158569 0.26733375 0.03158569 0.27648937 0.02983091 0.27832031 0.02632143 0.27832031 0.02632143 0.28930688 0.02456665 0.29113781 0.01930239 0.29113781 0.01930239 0.30395531 0.01754761 0.30578625 0.01403809 0.30578625 0.01403809 0.30761719 0.01052857 0.31127906 0.00701904 0.31127906 0.00701904 0.32043469 0.00526430 0.32226562 0.00175476 0.32226562 0.00175476 0.33508312 0.00701904 0.34057594 0.00701904 0.34423828 0.01052857 0.34423828 0.01228335 0.34606922 0.01228335 0.35522437 0.01403809 0.35522437 0.01579282 0.35705578 0.01754761 0.35705578 0.01930239 0.35888672 0.01930239 0.36621094 0.02281187 0.36621094 0.02632143 0.36987281 0.02807617 0.36987281 0.02983091 0.37170422 0.02983091 0.38452125 0.03509521 0.38452125 0.03684995 0.38635266 0.03684995 0.39184594 0.03860474 0.39367687 0.03860474 0.39733875 0.04211426 0.39733875 0.04386900 0.39916969 0.04386900 0.40466297 0.04737865 0.40466297 0.04913330 0.40649438 0.04913330 0.41381812 0.05264305 0.41381812 0.05439770 0.41564953 0.05439770 0.41931141 0.05966164 0.42480469 0.05966164 0.43029797 0.06141674 0.43029797 0.06317139 0.43212891 0.06317139 0.43395984 0.06668113 0.43395984 0.06668113 0.43212891 0.06843578 0.43029797 0.07019043 0.43029797 0.07019043 0.42480469 0.07194508 0.42297375 0.07369973 0.42297375 0.07369973 0.41931141 0.07545482 0.41748047 0.07720947 0.41748047 0.07720947 0.41198719 0.07896412 0.41015625 0.08071922 0.41015625 0.08071922 0.40283203 0.08247387 0.40100109 0.08598316 0.40100109 0.08598316 0.39733875 0.08773781 0.39550781 0.08949291 0.39550781 0.08949291 0.39367687 0.09124756 0.39184594 0.09300221 0.39184594 0.09300221 0.37902844 0.09475730 0.37719750 0.10002125 0.37719750 0.10002125 0.37170422 0.10177590 0.36987281 0.10528564 0.36987281 0.10528564 0.36071766 0.10704029 0.35888672 0.11405934 0.35888672 0.11405934 0.35522437 0.10879539 0.35522437 0.10704029 0.35339344 0.10879539 0.35156250 0.11932373 0.35156250 0.11932373 0.34057594 0.12107838 0.33874500 0.12458812 0.33874500 0.12458812 0.32775891 0.12634277 0.32592750 0.13160717 0.32592750 0.13160717 0.31860375 0.13336182 0.31677234 0.13862621 0.31677234 0.13862621 0.30944813 0.14213551 0.30578625 0.14389016 0.30578625 0.14389016 0.29663062 0.14739990 0.29296875 0.14915455 0.29296875 0.14915455 0.28930688 0.15266430 0.28564453 0.15617359 0.28564453 0.15617359 0.27648937 0.15792824 0.27465844 0.16319264 0.27465844 0.16319264 0.26733375 0.16494773 0.26550281 0.17021168 0.26550281 0.16845703 0.26367188 0.16845703 0.25817859 0.17021168 0.25634766 0.17196633 0.25634766 0.17372143 0.25451672 0.17547607 0.25451672 0.17547607 0.24902344 0.17723072 0.24719250 0.17723072 0.24353016 0.17898582 0.24169922 0.18249512 0.24169922 0.18249512 0.23620594 0.18424977 0.23437500 0.18775951 0.23437500 0.18951416 0.23254406 0.18951416 0.22521984 0.19126881 0.22338844 0.19477855 0.22338844 0.19477855 0.21240234 0.19653320 0.21057141 0.20179760 0.21057141 0.20179760 0.19958484 0.18951416 0.19958484 0.18951416 0.20141625 0.19126881 0.20324719 0.19126881 0.20690906 0.18951416 0.20874000 0.18775951 0.20690906 0.17723072 0.20690906
0 0.42816162 0.04028320 0.42816162 0.04211428 0.42640697 0.04394531 0.42289723 0.04394531 0.42289723 0.04760719 0.42114258 0.04943859 0.41587818 0.04943859 0.41587818 0.05126953 0.41412354 0.05310047 0.41061379 0.05310047 0.41061379 0.05493187 0.40885914 0.05676281 0.40359520 0.05676281 0.40359520 0.05859375 0.40184010 0.06042469 0.39833080 0.06042469 0.39833080 0.06225563 0.39657570 0.06408703 0.39131176 0.06408703 0.39131176 0.06591797 0.38955711 0.06774891 0.38604736 0.06774891 0.38604736 0.07507313 0.38429271 0.07690406 0.37902832 0.07690406 0.37902832 0.07873547 0.37727367 0.08056641 0.37200928 0.08056641 0.37200928 0.08605969 0.37025463 0.08789062 0.35972584 0.08789062 0.35972584 0.08972156 0.35797119 0.09155250 0.35446145 0.09155250 0.34919750 0.09704578 0.34744285 0.09704578 0.34744285 0.09887719 0.34568775 0.10070812 0.34217846 0.10070812 0.34217846 0.10253906 0.34042336 0.10437000 0.33515941 0.10437000 0.33515941 0.10620094 0.33340477 0.10803234 0.32814037 0.10803234 0.32814037 0.10986328 0.32638527 0.11169422 0.32287598 0.11169422 0.32287598 0.11901844 0.32638527 0.11901844 0.32814037 0.12084937 0.32814037 0.12634266 0.33340477 0.12634266 0.33515941 0.12817406 0.33515941 0.13916016 0.34568775 0.13916016 0.34744285 0.14099109 0.34744285 0.15930188 0.35095215 0.15930188 0.35270680 0.16113281 0.35270680 0.16662609 0.35797119 0.16662609 0.35972584 0.16845703 0.35972584 0.17761219 0.36499023 0.17761219 0.36674488 0.17944313 0.36674488 0.18676781 0.37025463 0.18676781 0.37200928 0.18859875 0.37200928 0.19775391 0.38253762 0.19775391 0.38429271 0.19958484 0.38429271 0.21972656 0.38955711 0.21972656 0.39131176 0.22155750 0.39131176 0.22705078 0.39482105 0.22705078 0.39657570 0.22888172 0.39657570 0.23803688 0.40885914 0.23803688 0.40885914 0.23620594 0.41061379 0.23437500 0.41587818 0.23437500 0.41763328 0.23254406 0.42114258 0.23254406 0.42114258 0.23071312 0.42289723 0.22888172 0.42465187 0.22888172 0.42640697 0.22705078 0.42816162 0.22705078 0.42816162 0.22521984 0.42991627 0.22338844 0.43342602 0.22338844 0.43342602 0.22155750 0.43518066 0.21972656 0.44044506 0.21972656 0.44044506 0.21789563 0.44219971 0.21606469 0.44746410 0.21606469 0.44746410 0.02929688 0.44219971 0.02929688 0.44219971 0.03112791 0.44044506 0.03295898 0.43693531 0.03295898 0.43693531 0.03845212 0.43518066 0.04028320 0.42816162 0.04028320
0 0.20004250 0.00000000 0.20004250 0.00183105 0.19828785 0.00366211 0.19302391 0.00366211 0.19302391 0.00915525 0.18951416 0.01281741 0.18775951 0.01281741 0.18775951 0.02563477 0.18600441 0.02746584 0.18074047 0.02746584 0.18074047 0.03479006 0.17898582 0.03662109 0.17547607 0.03662109 0.17547607 0.04577634 0.17372143 0.04760719 0.16845703 0.04760719 0.16845703 0.05310047 0.16670238 0.05493187 0.16319264 0.05493187 0.16319264 0.06774891 0.15968334 0.07141125 0.15090965 0.07141125 0.15090965 0.07324219 0.15441895 0.07324219 0.15617359 0.07507313 0.15617359 0.07690406 0.15441895 0.07873547 0.15090965 0.07873547 0.14915455 0.08056641 0.14915455 0.08972156 0.14739990 0.09155250 0.14389016 0.09155250 0.14389016 0.09887719 0.14213551 0.10070812 0.13687156 0.10070812 0.13687156 0.11352563 0.13511646 0.11535656 0.13160717 0.11535656 0.13160717 0.12084937 0.12985207 0.12268078 0.12634277 0.12268078 0.12458812 0.12451172 0.12458812 0.13366687 0.12283348 0.13549781 0.11756908 0.13549781 0.11756908 0.14099109 0.11581398 0.14282250 0.11230469 0.14282250 0.11230469 0.15380859 0.11055004 0.15563953 0.10704029 0.15563953 0.10704029 0.16113281 0.10528564 0.16296375 0.10002125 0.16296375 0.10002125 0.17761219 0.09826660 0.17944313 0.09300221 0.17944313 0.09300221 0.18493641 0.09124756 0.18676781 0.08773781 0.18676781 0.08598316 0.18859875 0.08598316 0.19775391 0.08422852 0.19958484 0.08071922 0.19958484 0.08071922 0.20507812 0.07896412 0.20690906 0.07369973 0.20690906 0.07369973 0.21789563 0.07194508 0.21972656 0.06668113 0.21972656 0.06668113 0.22521984 0.06492604 0.22705078 0.06141674 0.22705078 0.06141674 0.23620594 0.06843578 0.23620594 0.07019043 0.23803688 0.11055004 0.23803688 0.11055004 0.23620594 0.11230469 0.23437500 0.11756908 0.23437500 0.11756908 0.23254406 0.11932373 0.23071312 0.12283348 0.23071312 0.12634277 0.22705078 0.12985207 0.22705078 0.12985207 0.22338844 0.13160717 0.22155750 0.13687156 0.22155750 0.13687156 0.21972656 0.13862621 0.21789563 0.14213551 0.21789563 0.14213551 0.21606469 0.14389016 0.21423328 0.14915455 0.21423328 0.14915455 0.21240234 0.15090965 0.21057141 0.15441895 0.21057141 0.15441895 0.20874000 0.15617359 0.20690906 0.16143799 0.20690906 0.16143799 0.20141625 0.16319264 0.19958484 0.16670238 0.19958484 0.16845703 0.19775391 0.16845703 0.19592297 0.17021168 0.19409156 0.17372143 0.19409156 0.17372143 0.19226062 0.17547607 0.19042969 0.18074047 0.19042969 0.18074047 0.18859875 0.18249512 0.18676781 0.18600441 0.18676781 0.18600441 0.18493641 0.18775951 0.18310547 0.19302391 0.18310547 0.19302391 0.18127453 0.19477855 0.17944313 0.20004250 0.17944313 0.20004250 0.17761219 0.20355225 0.17395031 0.20881664 0.17395031 0.21057129 0.17211937 0.21232594 0.17211937 0.21232594 0.16845703 0.21408059 0.16662609 0.21934498 0.16662609 0.21934498 0.16479469 0.22110008 0.16296375 0.22636402 0.16296375 0.22636402 0.16113281 0.22811867 0.15930188 0.23162842 0.15930188 0.23162842 0.15747094 0.23338307 0.15563953 0.23689281 0.15563953 0.23689281 0.14831531 0.23864746 0.14648438 0.24391186 0.14648438 0.24391186 0.14465344 0.24566650 0.14282250 0.24917625 0.14282250 0.25268555 0.13916016 0.25619484 0.13916016 0.25619484 0.13549781 0.25794994 0.13366687 0.25970459 0.13549781 0.26145924 0.13549781 0.26145924 0.13183594 0.26321434 0.13000500 0.26847828 0.13000500 0.26847828 0.12817406 0.27023293 0.12634266 0.27198803 0.12817406 0.27374268 0.12817406 0.27549732 0.12634266 0.27549732 0.12451172 0.27725242 0.12268078 0.28076172 0.12268078 0.28076172 0.12084937 0.28251637 0.11901844 0.28602611 0.11901844 0.28953541 0.11535656 0.29304516 0.11535656 0.29304516 0.10986328 0.28778076 0.10986328 0.28602611 0.10803234 0.28602611 0.10620094 0.28778076 0.10437000 0.28778076 0.09338391 0.28251637 0.09338391 0.28076172 0.09155250 0.28076172 0.08422875 0.27549732 0.08422875 0.27374268 0.08239734 0.27374268 0.07324219 0.27023293 0.07324219 0.26847828 0.07141125 0.26847828 0.06408703 0.26321434 0.06408703 0.26145924 0.06225563 0.26145924 0.05493187 0.26321434 0.05310047 0.25794994 0.05310047 0.25619484 0.05126953 0.25619484 0.04394531 0.25268555 0.04394531 0.25093090 0.04211428 0.25093090 0.03295898 0.24566650 0.03295898 0.24391186 0.03112791 0.24391186 0.02380369 0.24040211 0.02380369 0.23864746 0.02197266 0.23864746 0.01281741 0.23338307 0.01281741 0.23162842 0.01098633 0.23162842 0.00366211 0.22636402 0.00366211 0.22460938 0.00183105 0.22460938 0.00000000 0.20004250 0.00000000
0 0.44921875 0.20625000 0.58203125 0.17968750 0.58203125 0.14843750 0.58854167 0.14257812 0.58723958 0.11132812 0.60156250 0.10742188 0.59895833 0.07617188 0.59244792 0.07421875 0.44921875 0.10844165 0.44921875 0.20625000
0 0.31761158 0.93774388 0.31761158 0.94189453 0.31585693 0.94396959 0.30357350 0.94396959 0.30357350 0.98754856 0.30883789 0.98754856 0.31059254 0.98962416 0.35270680 0.98962416 0.35446145 0.99169922 0.38078297 0.99169922 0.38078297 0.98132337 0.38253762 0.97924831 0.38253762 0.92736803 0.38429271 0.92529297 0.38780201 0.92529297 0.38955711 0.92321791 0.38955711 0.88378906 0.39131176 0.88171400 0.39131176 0.85681166 0.34744285 0.85681166 0.34568775 0.85473606 0.30532859 0.85473606 0.30532859 0.93151869 0.30883789 0.93151869 0.31059254 0.93359375 0.31059254 0.93566881 0.31585693 0.93566881 0.31761158 0.93774388
0 0.23513816 0.76135241 0.23338307 0.76342800 0.23162842 0.76135241 0.22285473 0.76135241 0.22285473 0.76342800 0.22110008 0.76550306 0.19653320 0.76550306 0.19653320 0.76757812 0.19477855 0.76965319 0.17723072 0.76965319 0.17723072 0.77172825 0.17547607 0.77380384 0.15792824 0.77380384 0.15792824 0.79040541 0.15617359 0.79248047 0.15617359 0.82775866 0.15792824 0.82983425 0.16670238 0.82983425 0.16845703 0.83190931 0.16845703 0.83813450 0.16670238 0.84021009 0.15792824 0.84021009 0.15617359 0.83813450 0.15617359 0.84436022 0.15441895 0.84643581 0.15441895 0.84851087 0.15617359 0.85058594 0.15968334 0.85058594 0.16143799 0.85266100 0.16143799 0.90661634 0.15968334 0.90869141 0.15968334 0.91076647 0.16143799 0.91284206 0.17723072 0.91284206 0.17898582 0.91491712 0.17898582 0.91699219 0.17723072 0.91906725 0.17372143 0.91906725 0.17372143 0.92114231 0.17196633 0.92321791 0.16670238 0.92321791 0.16670238 0.95642103 0.17021168 0.95642103 0.17196633 0.95849609 0.17196633 0.97094700 0.21408059 0.97094700 0.21583568 0.97302259 0.21583568 0.97717272 0.24566650 0.97717272 0.24917625 0.98132337 0.24917625 0.98339844 0.28427102 0.98339844 0.28602611 0.98547350 0.29830910 0.98547350 0.29830910 0.97094700 0.30006420 0.96887194 0.30006420 0.93359375 0.28251637 0.93359375 0.28076172 0.93151869 0.28076172 0.92529297 0.28251637 0.92321791 0.28427102 0.92529297 0.28778076 0.92529297 0.28778076 0.92321791 0.28953541 0.92114231 0.30006420 0.92114231 0.30006420 0.87963894 0.30181885 0.87756334 0.30181885 0.82775866 0.30006420 0.82775866 0.29830910 0.82568359 0.29129051 0.82568359 0.28953541 0.82360853 0.28953541 0.81738281 0.29129051 0.81530775 0.30357350 0.81530775 0.30357350 0.75720228 0.29830910 0.75720228 0.29655445 0.75512669 0.25444020 0.75512669 0.25444020 0.75720228 0.25268555 0.75927734 0.24215676 0.75927734 0.24040211 0.75720228 0.23513816 0.75720228 0.23513816 0.76135241
0 0.32287598 0.71777344 0.32112133 0.71984850 0.30883789 0.71984850 0.30883789 0.77380384 0.31936668 0.77380384 0.32112133 0.77587891 0.32112133 0.78625475 0.31936668 0.78832981 0.30883789 0.78832981 0.30883789 0.79040541 0.30708324 0.79248047 0.30708324 0.84021009 0.31761158 0.84021009 0.31936668 0.84228516 0.31936668 0.84851087 0.32112133 0.85058594 0.36323559 0.85058594 0.36499023 0.85266100 0.39306641 0.85266100 0.39306641 0.84643581 0.39482105 0.84436022 0.41061379 0.84436022 0.41236889 0.84643581 0.41236889 0.84851087 0.42465187 0.84851087 0.42640697 0.85058594 0.44746410 0.85058594 0.44746410 0.69909681 0.43868996 0.69909681 0.43693531 0.69702175 0.37551902 0.69702175 0.37376393 0.69494616 0.31059254 0.69494616 0.31059254 0.70739759 0.31761158 0.70739759 0.31936668 0.70947266 0.32112133 0.70947266 0.32287598 0.71154772 0.32287598 0.71777344
0 0.33164967 0.56835938 0.32989502 0.57043444 0.31234719 0.57043444 0.31234719 0.64099134 0.31059254 0.64306641 0.31059254 0.65136719 0.31234719 0.65344225 0.32287598 0.65344225 0.32463063 0.65551731 0.32463063 0.65966797 0.32287598 0.66174303 0.31059254 0.66174303 0.31059254 0.68872044 0.36148094 0.68872044 0.36323559 0.69079603 0.42465187 0.69079603 0.42640697 0.69287109 0.44746410 0.69287109 0.44746410 0.57458509 0.44570945 0.57250950 0.44044506 0.57250950 0.43868996 0.57043444 0.43868996 0.56835938 0.43167137 0.56835938 0.42991627 0.56628431 0.42816162 0.56628431 0.42465187 0.56213366 0.41587818 0.56213366 0.41412354 0.56005859 0.41412354 0.55798353 0.40184010 0.55798353 0.40008545 0.55590794 0.40008545 0.55175781 0.36323559 0.55175781 0.36148094 0.54968275 0.31410229 0.54968275 0.31410229 0.55590794 0.31585693 0.55590794 0.31761158 0.55798353 0.32989502 0.55798353 0.33164967 0.56005859 0.33164967 0.56835938
0 0.27725242 0.56835938 0.27549732 0.57043444 0.27198803 0.57043444 0.27198803 0.57250950 0.27023293 0.57458509 0.27023293 0.59118666 0.26847828 0.59326172 0.26672363 0.59326172 0.26496898 0.59118666 0.26496898 0.59948744 0.26321434 0.60156250 0.25794994 0.60156250 0.25794994 0.60778822 0.25619484 0.60986328 0.25093090 0.60986328 0.25093090 0.61608900 0.24917625 0.61816406 0.24391186 0.61816406 0.24391186 0.62438978 0.24215676 0.62646484 0.23864746 0.62646484 0.23689281 0.62853991 0.23689281 0.63476562 0.23513816 0.63684069 0.23338307 0.63476562 0.22987377 0.63476562 0.22987377 0.63891575 0.22811867 0.64099134 0.22636402 0.64099134 0.22460938 0.63891575 0.22460938 0.64514147 0.22285473 0.64721706 0.21759033 0.64721706 0.21583568 0.64929212 0.21583568 0.65344225 0.21408059 0.65551731 0.21057129 0.65551731 0.21057129 0.65966797 0.20881664 0.66174303 0.20355225 0.66174303 0.20355225 0.66381862 0.20179760 0.66589369 0.19653320 0.66589369 0.19653320 0.67211888 0.20004250 0.67211888 0.20179760 0.67419447 0.20179760 0.68042019 0.20004250 0.68249525 0.17547607 0.68249525 0.17547607 0.68872044 0.17372143 0.69079603 0.16845703 0.69079603 0.16845703 0.70117188 0.16670238 0.70324694 0.16143799 0.70324694 0.16143799 0.71362331 0.15968334 0.71569837 0.15617359 0.71569837 0.15617359 0.72192356 0.15441895 0.72399916 0.15441895 0.76342800 0.17898582 0.76342800 0.17898582 0.76135241 0.18074047 0.75927734 0.20004250 0.75927734 0.20004250 0.75512669 0.20179760 0.75305163 0.20706199 0.75305163 0.20706199 0.74682644 0.20881664 0.74475084 0.21232594 0.74475084 0.21408059 0.74267578 0.21934498 0.74267578 0.22110008 0.74475084 0.22110008 0.75720228 0.22636402 0.75720228 0.22636402 0.75512669 0.22811867 0.75305163 0.24742115 0.75305163 0.24742115 0.75097656 0.24917625 0.74890150 0.28251637 0.74890150 0.28427102 0.75097656 0.30357350 0.75097656 0.30357350 0.71777344 0.28953541 0.71777344 0.28778076 0.71569837 0.28778076 0.70947266 0.28602611 0.70739759 0.28778076 0.70532200 0.28953541 0.70532200 0.29129051 0.70739759 0.30532859 0.70739759 0.30532859 0.65551731 0.30708324 0.65344225 0.30708324 0.62023913 0.29129051 0.62023913 0.28953541 0.61816406 0.28953541 0.61608900 0.29129051 0.61401394 0.29479980 0.61401394 0.29479980 0.61193834 0.29655445 0.60986328 0.30708324 0.60986328 0.30708324 0.59118666 0.30883789 0.58911106 0.30883789 0.54968275 0.28427102 0.54968275 0.28427102 0.55175781 0.28251637 0.55383288 0.27900707 0.55383288 0.27900707 0.56213366 0.27725242 0.56420925 0.27725242 0.56835938
0 0.28602611 0.52685547 0.28427102 0.52893053 0.28427102 0.54138197 0.29830910 0.54138197 0.30006420 0.54345703 0.32112133 0.54345703 0.32112133 0.52270481 0.31761158 0.52270481 0.31585693 0.52062986 0.31585693 0.50610352 0.31234719 0.50610352 0.31059254 0.50402829 0.31059254 0.50195312 0.29304516 0.50195312 0.29304516 0.51232907 0.29129051 0.51440430 0.29129051 0.52062986 0.28953541 0.52270481 0.28602611 0.52270481 0.28602611 0.52685547
0 0.63249194 0.79040527 0.63209534 0.65697780 0.56109619 0.65963758 0.54388428 0.66740029 0.52882385 0.66786207 0.51591492 0.67571649 0.48100119 0.67834473 0.48329965 0.81530762 0.54603577 0.81535688 0.56539917 0.80756329 0.58045960 0.80716328 0.58906555 0.80123508 0.61273193 0.79878311 0.63249194 0.79040527
0 0.69126129 0.74475098 0.68803406 0.64514160 0.68373108 0.63684082 0.63317108 0.64721680 0.64070129 0.78417969 0.67082214 0.78002930 0.67189789 0.74890137 0.69126129 0.74475098
