0 0.10294785 0.43560033 0.10353649 0.43745753 0.13923365 0.43145442 0.14237194 0.43288285 0.14296057 0.43474005 0.17610861 0.42916562 0.17924689 0.43059405 0.17983568 0.43245173 0.21553337 0.42644853 0.21867165 0.42787696 0.21926028 0.42973416 0.25240767 0.42415984 0.25554611 0.42558875 0.25613474 0.42744595 0.25927367 0.42887427 0.27457222 0.42630155 0.27104012 0.41515739 0.26339052 0.41644381 0.26025224 0.41501538 0.25848634 0.40944377 0.25083674 0.41073019 0.24769831 0.40930128 0.24652104 0.40558688 0.24142109 0.40644453 0.23828266 0.40501562 0.23651676 0.39944401 0.22886782 0.40073032 0.22572888 0.39930200 0.22396284 0.39372992 0.20866429 0.39630264 0.20552586 0.39487373 0.20375996 0.38930213 0.18846076 0.39187496 0.18532248 0.39044653 0.18473370 0.38858885 0.16943450 0.39116169 0.16629622 0.38973325 0.12294958 0.39702276 0.11981130 0.39559433 0.04331662 0.40845826 0.05273535 0.43817538 0.06038482 0.43688899 0.06352323 0.43831740 0.06411186 0.44017460 0.09980923 0.43417145 0.10294785 0.43560033
0 1.00000000 0.19668535 0.88558961 0.22929960 0.90830865 0.34160144 0.96241620 0.33084099 1.00000000 0.32022787 1.00000000 0.19668535
0 0.32393676 0.48798077 0.02322129 0.67160822 0.00000000 0.68597134 0.00000000 0.71337544 0.10135581 0.96038419 0.21128622 0.90121325 0.18689157 0.82985219 0.29390401 0.76787390 0.32659577 0.83157563 0.66041828 0.61838319 0.63595734 0.48798077 0.32393676 0.48798077
0 0.66992188 0.66904731 0.66220031 0.62788330 0.33069390 0.83741520 0.35469530 0.89672038 0.24257253 0.96567206 0.21339297 0.90512445 0.10517804 0.97258581 0.11693639 1.00000000 0.57194201 1.00000000 0.66992188 0.93787899 0.66992188 0.66904731
0 0.84567431 0.73713164 0.84699230 0.74415790 0.88885952 0.73226152 0.88842019 0.72991944 0.88988429 0.72703650 0.88944496 0.72469441 0.84567431 0.73713164
0 0.83469499 0.74271829 0.83381634 0.73803412 0.79194912 0.74993050 0.79282777 0.75461467 0.83469499 0.74271829
0 0.71816873 0.77336178 0.72051100 0.77516315 0.78331256 0.75731837 0.78243390 0.75263420 0.71772940 0.77101969 0.71816873 0.77336178
0 0.69108671 0.77859009 0.71202008 0.77264197 0.71158063 0.77029928 0.70923836 0.76849791 0.69020794 0.77390532 0.69108671 0.77859009
0 0.88724809 0.71298278 0.84347744 0.72542002 0.84435621 0.73010479 0.87099889 0.72253439 0.87334166 0.72433562 0.88666276 0.72055049 0.88578410 0.71586632 0.88724809 0.71298278
0 0.83249823 0.73100726 0.83161946 0.72632249 0.78975224 0.73821887 0.79063102 0.74290364 0.83249823 0.73100726
0 0.71641130 0.76399283 0.78111580 0.74560734 0.78023703 0.74092257 0.77789427 0.73912134 0.71509320 0.75696598 0.71641130 0.76399283
0 0.70982321 0.76093034 0.70894455 0.75624617 0.68801118 0.76219429 0.68888984 0.76687846 0.70982321 0.76093034
0 0.93643376 0.68667167 0.93687320 0.68901436 0.95590411 0.68360681 0.95824638 0.68540818 0.97918024 0.67945992 0.97830147 0.67477515 0.93643376 0.68667167
0 0.88402667 0.70649738 0.88314790 0.70181261 0.84128068 0.71370899 0.84215945 0.71839376 0.88402667 0.70649738
0 0.83030147 0.71929623 0.82942271 0.71461146 0.78755548 0.72650784 0.78843426 0.73119261 0.83030147 0.71929623
0 0.71289644 0.74525495 0.71421454 0.75228181 0.77701561 0.73443717 0.77847960 0.73155363 0.77804027 0.72921154 0.77569751 0.72741031 0.71289644 0.74525495
0 0.70762645 0.74921931 0.70674767 0.74453454 0.68581431 0.75048266 0.68669308 0.75516743 0.70762645 0.74921931
0 0.97566538 0.66072204 0.93570062 0.67207784 0.93657927 0.67676201 0.94419203 0.67459888 0.94653430 0.67640026 0.97888631 0.66720758 0.97800765 0.66252341 0.97566538 0.66072204
0 0.83337460 0.70362024 0.83381393 0.70596232 0.89851843 0.68757683 0.89763977 0.68289266 0.83483821 0.70073744 0.83337460 0.70362024
0 0.82810460 0.70758460 0.82722595 0.70290043 0.78535872 0.71479681 0.78623738 0.71948098 0.82810460 0.70758460
0 0.71026024 0.73120123 0.71113901 0.73588600 0.77203714 0.71858208 0.77437941 0.72038345 0.77584351 0.71750051 0.77496474 0.71281574 0.71026024 0.73120123
0 1.00000000 0.64393915 0.98532610 0.64810868 0.98664420 0.65513553 1.00000000 0.65134055 1.00000000 0.64393915
0 0.93350374 0.66036621 0.93482184 0.66739307 0.97668955 0.65549655 0.97581089 0.65081238 0.94536183 0.65946434 0.94301944 0.65766237 0.93350374 0.66036621
0 0.89632167 0.67586580 0.89544290 0.67118103 0.83073839 0.68956652 0.83161717 0.69425129 0.89632167 0.67586580
0 0.80555932 0.69425412 0.78462547 0.70020238 0.78316185 0.70308518 0.78404062 0.70776995 0.82590784 0.69587357 0.82502907 0.69118880 0.80790160 0.69605550 0.80555932 0.69425412
0 0.68317822 0.73642955 0.70411159 0.73048143 0.70323281 0.72579665 0.70089054 0.72399528 0.68186012 0.72940269 0.68317822 0.73642955
0 0.71523641 0.71498513 0.70762415 0.71714812 0.70894214 0.72417438 0.77364664 0.70578888 0.77320731 0.70344680 0.77086455 0.70164556 0.71757869 0.71678650 0.71523641 0.71498513
0 1.00000000 0.63160393 0.98312934 0.63639765 0.98400800 0.64108182 1.00000000 0.63653777 1.00000000 0.63160393
0 0.95311961 0.64739170 0.95224084 0.64270693 0.93321042 0.64811433 0.93408919 0.65279911 0.95311961 0.64739170
0 0.85225721 0.67605129 0.85093910 0.66902444 0.82810230 0.67551341 0.82942041 0.68254026 0.85225721 0.67605129
0 0.82371108 0.68416254 0.82239298 0.67713569 0.78052576 0.68903207 0.78184387 0.69605892 0.82371108 0.68416254
0 0.69913311 0.71462634 0.69679084 0.71282497 0.67966336 0.71769166 0.68054213 0.72237643 0.68434802 0.72129501 0.68669029 0.72309638 0.70191483 0.71877040 0.70103605 0.71408562 0.69913311 0.71462634
0 0.70542728 0.70543649 0.70674538 0.71246335 0.77144988 0.69407786 0.77057122 0.68939369 0.75534669 0.69371967 0.75300382 0.69191783 0.70542728 0.70543649
0 1.00000000 0.61926807 0.98093247 0.62468602 0.98181124 0.62937079 1.00000000 0.62420254 1.00000000 0.61926807
0 0.95282617 0.63513922 0.95194751 0.63045505 0.93101366 0.63640331 0.93189231 0.64108748 0.95282617 0.63513922
0 0.69883929 0.70237460 0.69649702 0.70057322 0.67746660 0.70598063 0.67834526 0.71066481 0.68405409 0.70904267 0.68639637 0.71084404 0.69781501 0.70759948 0.69927863 0.70471668 0.69883929 0.70237460
0 1.00000000 0.60693284 0.97873571 0.61297499 0.97961448 0.61765976 1.00000000 0.61186731 1.00000000 0.60693284
0 0.77891385 0.66975347 0.78125612 0.67155484 0.82122040 0.66019917 0.82034174 0.65551500 0.77847452 0.66741138 0.77891385 0.66975347
0 0.82517229 0.64920795 0.82605106 0.65389272 0.84508197 0.64848518 0.84742424 0.65028655 0.87026104 0.64379758 0.86894294 0.63677072 0.82517229 0.64920795
0 0.76617759 0.66597103 0.76529893 0.66128686 0.70059443 0.67967235 0.70147309 0.68435652 0.76617759 0.66597103
0 0.80628738 0.64470570 0.80482388 0.64758910 0.77627776 0.65570035 0.77715642 0.66038452 0.81902364 0.64848814 0.81770554 0.64146129 0.80628738 0.64470570
0 0.88855881 0.62379620 0.88768004 0.61911143 0.82297553 0.63749692 0.82385430 0.64218169 0.88855881 0.62379620
0 0.76207740 0.65480085 0.76119863 0.65011608 0.69839755 0.66796072 0.69927633 0.67264549 0.76207740 0.65480085
0 0.66992188 0.68098643 0.69546995 0.67372706 0.69459118 0.66904228 0.66992188 0.67605195 0.66992188 0.68098643
0 0.81682688 0.63677712 0.81550878 0.62975026 0.78315677 0.63894294 0.78169315 0.64182573 0.77408089 0.64398872 0.77452022 0.64633081 0.78784180 0.64254554 0.79018419 0.64434751 0.81682688 0.63677712
0 0.88636193 0.61208457 0.88548328 0.60740040 0.82268220 0.62524504 0.82356086 0.62992921 0.88636193 0.61208457
0 0.69707957 0.66093446 0.76178407 0.64254897 0.76134474 0.64020688 0.75900187 0.63840505 0.69620079 0.65624969 0.69707957 0.66093446
0 0.66992188 0.66865120 0.69327319 0.66201603 0.69239442 0.65733125 0.66992188 0.66371673 0.66992188 0.66865120
0 0.77100536 0.62759293 0.77232346 0.63461978 0.81419068 0.62272340 0.81331202 0.61803923 0.80379681 0.62074293 0.80145442 0.61894096 0.77100536 0.62759293
0 0.96746077 0.57423856 0.96658200 0.56955379 0.94755109 0.57496133 0.94842986 0.57964611 0.96746077 0.57423856
0 0.69356471 0.64219658 0.69488270 0.64922283 0.73674992 0.63732645 0.73587126 0.63264228 0.73016242 0.63426442 0.72782015 0.63246305 0.69356471 0.64219658
0 0.66992188 0.65631534 0.69107632 0.65030440 0.68975833 0.64327814 0.66992188 0.64891458 0.66992188 0.65631534
0 1.00000000 0.54772299 0.97199751 0.55567977 0.97287628 0.56036454 1.00000000 0.55265746 1.00000000 0.54772299
0 0.96526401 0.56252753 0.96438524 0.55784276 0.94535433 0.56325031 0.94623310 0.56793508 0.96526401 0.56252753
0 0.88255326 0.58109495 0.88167449 0.57641018 0.81697047 0.59479553 0.81784924 0.59948030 0.88255326 0.58109495
0 0.76749050 0.60885504 0.76836927 0.61353981 0.77071154 0.61534118 0.81067582 0.60398551 0.81213992 0.60110258 0.81126115 0.59641781 0.76749050 0.60885504
0 1.00000000 0.53292084 0.97126436 0.54108594 0.97214302 0.54577011 0.98165823 0.54306641 0.98400099 0.54486764 1.00000000 0.54032160 1.00000000 0.53292084
0 0.96365210 0.54324893 0.94271824 0.54919719 0.94359690 0.55388136 0.95501554 0.55063681 0.95735782 0.55243818 0.96306714 0.55081590 0.96453076 0.54793310 0.96365210 0.54324893
0 0.80803973 0.58993240 0.80716096 0.58524763 0.76529374 0.59714401 0.76617251 0.60182878 0.80803973 0.58993240
0 0.68917108 0.61877392 0.69048918 0.62580078 0.75329025 0.60795613 0.75241159 0.60327196 0.72576890 0.61084236 0.72342652 0.60904039 0.68917108 0.61877392
0 0.66992188 0.63164488 0.68287691 0.62796377 0.68155881 0.62093691 0.66992188 0.62424349 0.66992188 0.63164488
0 0.83951345 0.57605481 0.83717069 0.57425358 0.81433438 0.58074241 0.81521315 0.58542719 0.82282493 0.58326433 0.82516769 0.58506557 0.87845355 0.56992463 0.87757478 0.56523986 0.83951345 0.57605481
0 0.80584286 0.57822077 0.80496420 0.57353660 0.76309698 0.58543298 0.76397564 0.59011715 0.80584286 0.57822077
0 0.75109349 0.59624511 0.74977539 0.58921825 0.68697432 0.60706289 0.68829242 0.61408975 0.75109349 0.59624511
0 0.66992188 0.61930965 0.68068015 0.61625274 0.67936205 0.60922588 0.66992188 0.61190826 0.66992188 0.61930965
0 0.87728097 0.55298812 0.87157165 0.55461039 0.86922937 0.55280902 0.81213762 0.56903138 0.81301628 0.57371556 0.83394965 0.56776744 0.83629192 0.56956881 0.87625668 0.55821300 0.87581735 0.55587092 0.87728097 0.55298812
0 1.00000000 0.51318422 0.96965245 0.52180734 0.96818883 0.52469014 0.96862816 0.52703223 1.00000000 0.51811806 1.00000000 0.51318422
0 0.92017296 0.53586671 0.92149095 0.54289297 0.92719979 0.54127083 0.92866389 0.53838789 0.96291884 0.52865450 0.96204018 0.52397033 0.92017296 0.53586671
0 0.74845729 0.58219139 0.74757863 0.57750722 0.68287461 0.59589257 0.68375327 0.60057675 0.74845729 0.58219139
0 0.87362059 0.54415989 0.87274182 0.53947512 0.80994075 0.55731976 0.81081952 0.56200453 0.87362059 0.54415989
0 0.79281279 0.56218659 0.76046078 0.57137927 0.76133955 0.57606404 0.76368182 0.57786541 0.80364610 0.56650974 0.80276744 0.56182557 0.79515566 0.56398842 0.79281279 0.56218659
0 1.00000000 0.50084836 0.96745558 0.51009571 0.96833435 0.51478049 1.00000000 0.50578283 1.00000000 0.50084836
0 0.96072208 0.51694348 0.95984331 0.51225870 0.91797609 0.52415508 0.91885486 0.52883986 0.96072208 0.51694348
0 0.68258080 0.58364083 0.68345946 0.58832500 0.74245464 0.57156179 0.74479691 0.57336316 0.74669986 0.57282245 0.74538187 0.56579619 0.68258080 0.58364083
0 0.87142383 0.53244886 0.87054506 0.52776409 0.80774399 0.54560873 0.80862276 0.55029350 0.87142383 0.53244886
0 0.76016696 0.55912752 0.75870346 0.56201092 0.75914279 0.56435301 0.80291344 0.55191578 0.80247411 0.54957369 0.80013124 0.54777186 0.76016696 0.55912752
0 1.00000000 0.48851313 0.96525882 0.49838469 0.96613759 0.50306946 1.00000000 0.49344761 1.00000000 0.48851313
0 0.91856105 0.51658812 0.96042875 0.50469160 0.95954998 0.50000682 0.91958522 0.51136263 0.91724295 0.50956126 0.91856105 0.51658812
0 0.68082325 0.57427129 0.68126270 0.57661398 0.74406377 0.55876933 0.74318500 0.55408456 0.67848098 0.57246992 0.68082325 0.57427129
0 0.80071657 0.54020415 0.79983791 0.53551998 0.75606726 0.54795721 0.75694592 0.55264138 0.80071657 0.54020415
0 0.80510790 0.53155561 0.80642589 0.53858187 0.87112991 0.52019652 0.87025125 0.51551235 0.81315901 0.53173485 0.81081673 0.52993347 0.80510790 0.53155561
0 0.91504619 0.49785023 0.91636417 0.50487649 0.95823188 0.49297997 0.95735322 0.48829580 0.92690416 0.49694776 0.92456140 0.49514652 0.91504619 0.49785023
0 0.74377044 0.54651745 0.74289167 0.54183268 0.67818717 0.56021818 0.67906594 0.56490295 0.74377044 0.54651745
0 0.85107253 0.49875836 0.84960891 0.50164115 0.85004824 0.50398324 0.85239052 0.50578461 0.87142094 0.50037720 0.87010295 0.49335095 0.85107253 0.49875836
0 0.84558846 0.48798077 0.80510500 0.49948396 0.80598377 0.50416873 0.86295446 0.48798077 0.84558846 0.48798077
0 0.79837151 0.50633172 0.79749274 0.50164695 0.75562552 0.51354333 0.75650429 0.51822810 0.79837151 0.50633172
0 0.74127976 0.52255408 0.73996165 0.51552723 0.69809395 0.52742375 0.69941205 0.53445060 0.74127976 0.52255408
0 0.79617475 0.49462069 0.79529598 0.48993592 0.75342876 0.50183230 0.75430753 0.50651707 0.79617475 0.49462069
0 0.73908300 0.51084306 0.73776489 0.50381620 0.69589719 0.51571272 0.69721529 0.52273957 0.73908300 0.51084306
0 0.69370041 0.50400157 0.69457911 0.50868598 0.70409481 0.50598214 0.70643706 0.50778339 0.73688612 0.49913143 0.73556811 0.49210505 0.69370041 0.50400157
