0 0.41778128 0.18753025 0.41948447 0.18960024 0.42135148 0.18976678 0.42305471 0.19183628 0.42289141 0.19373929 0.42475794 0.19390578 0.42678777 0.19216926 0.42865430 0.19233575 0.43035800 0.19440530 0.43019466 0.19630879 0.43766126 0.19697480 0.43782460 0.19507131 0.43612137 0.19300181 0.43644801 0.18919530 0.43474430 0.18712576 0.43490760 0.18522275 0.43320438 0.18315325 0.43336768 0.18125024 0.43166449 0.17918025 0.43182779 0.17727724 0.42249466 0.17644474 0.42046436 0.17818122 0.41486429 0.17768170 0.41656795 0.17975173 0.41640465 0.18165474 0.41810788 0.18372424 0.41778128 0.18753025
0 0.39087709 0.10650495 0.39258079 0.10857450 0.39225415 0.11238100 0.39395738 0.11445050 0.39379404 0.11635400 0.39549727 0.11842350 0.39533397 0.12032651 0.39703767 0.12239605 0.39687438 0.12429906 0.39857756 0.12636905 0.39841426 0.12827206 0.40011749 0.13034156 0.39979085 0.13414806 0.40149408 0.13621756 0.40133078 0.13812057 0.40303401 0.14019007 0.40287067 0.14209357 0.40457437 0.14416311 0.41017444 0.14466263 0.41220427 0.14292611 0.41967087 0.14359212 0.41983421 0.14168862 0.41813050 0.13961908 0.41845710 0.13581307 0.41675387 0.13374356 0.41691721 0.13184007 0.41521398 0.12977057 0.41537728 0.12786756 0.41367410 0.12579757 0.41383740 0.12389456 0.41213417 0.12182506 0.41229747 0.11992205 0.41059376 0.11785251 0.41092040 0.11404600 0.40921717 0.11197650 0.40954382 0.10817000 0.40784059 0.10610050 0.40800389 0.10419749 0.40630018 0.10212795 0.40646352 0.10022445 0.40476029 0.09815495 0.40492359 0.09625194 0.38625734 0.09458694 0.38796057 0.09665644 0.38779727 0.09855945 0.38950046 0.10062943 0.38933716 0.10253244 0.39104039 0.10460195 0.39087709 0.10650495
0 0.97619293 0.48906250 0.97749983 0.47502169 0.97345010 0.47468866 0.97160267 0.47261867 0.97213410 0.46690916 0.97028663 0.46483966 0.96016307 0.46400716 0.95831508 0.46193761 0.95884652 0.45622810 0.94669836 0.45522911 0.94485088 0.45315961 0.94538232 0.44745009 0.92108496 0.44545202 0.91923748 0.44338252 0.91941461 0.44147951 0.90524133 0.44031398 0.90339385 0.43824448 0.90357103 0.43634099 0.88939774 0.43517546 0.88851204 0.44469099 0.88631026 0.44642800 0.88577882 0.45213751 0.89792750 0.45313655 0.89977498 0.45520605 0.89729502 0.48184963 0.90944370 0.48284867 0.91129113 0.48491866 0.91090543 0.48906250 0.97619293 0.48906250
0 0.86397990 0.48906250 0.86436780 0.48489511 0.86656954 0.48315859 0.87871822 0.48415763 0.87960396 0.47464161 0.86745528 0.47364257 0.86560780 0.47157307 0.86826494 0.44302599 0.87046667 0.44128947 0.85629339 0.44012395 0.85444591 0.43805445 0.85533161 0.42853891 0.84925779 0.42803944 0.84705553 0.42977591 0.84098119 0.42927639 0.83920975 0.44830795 0.83700802 0.45004446 0.82485986 0.44904547 0.82308847 0.46807653 0.82088621 0.46981301 0.80873805 0.46881402 0.80732092 0.48403906 0.80511914 0.48577607 0.79297046 0.48477703 0.79257157 0.48906250 0.86397990 0.48906250
0 0.61175575 0.39316709 0.61157862 0.39507010 0.60937688 0.39680662 0.60532715 0.39647359 0.60479571 0.40218310 0.60259398 0.40391962 0.59854424 0.40358660 0.59669677 0.40151710 0.59581107 0.41103263 0.59360929 0.41276963 0.58753495 0.41227011 0.58682643 0.41988215 0.58462465 0.42161915 0.58277721 0.41954917 0.57872748 0.41921614 0.57784174 0.42873216 0.57564000 0.43046868 0.57379253 0.42839918 0.56771819 0.42789966 0.55891068 0.43484617 0.55873355 0.43674918 0.52350350 0.46453523 0.52332637 0.46643824 0.52112458 0.46817525 0.51909998 0.46800876 0.51892285 0.46991177 0.63028297 0.47906936 0.63046010 0.47716635 0.63266240 0.47542939 0.63671161 0.47576238 0.63688874 0.47385937 0.63909048 0.47212285 0.63944479 0.46831635 0.64384878 0.46484335 0.64587339 0.46500985 0.64622769 0.46120334 0.64842943 0.45946682 0.65450377 0.45996634 0.65574377 0.44664430 0.65794551 0.44490779 0.66401985 0.44540730 0.66472841 0.43779478 0.66693015 0.43605826 0.67300449 0.43655778 0.67424449 0.42323574 0.67644623 0.42149923 0.68252057 0.42199874 0.68305200 0.41628923 0.67697766 0.41578971 0.67513019 0.41372021 0.67310558 0.41355372 0.67125815 0.41148373 0.66923302 0.41131720 0.66738555 0.40924770 0.66756267 0.40734469 0.66571520 0.40527519 0.66166547 0.40494216 0.65797056 0.40080267 0.65392082 0.40046965 0.65207335 0.39840015 0.65260478 0.39269063 0.64450584 0.39202462 0.64081089 0.38788562 0.63878576 0.38771909 0.63324286 0.38151006 0.62716904 0.38101058 0.62496730 0.38274710 0.62479012 0.38465059 0.61818439 0.38986010 0.61413466 0.38952708 0.61395753 0.39143009 0.61175575 0.39316709
0 0.47968750 0.63833935 0.46815911 0.63131834 0.40884286 0.71948565 0.47084677 0.75375443 0.47544172 0.75415643 0.47968750 0.74698150 0.47968750 0.63833935
0 0.35765879 0.80220663 0.41568008 0.83050872 0.41820397 0.83052406 0.46221905 0.75032536 0.46309374 0.74032761 0.41439171 0.71430894 0.40495588 0.71348341 0.35765879 0.80220663
0 0.29383491 0.87981277 0.35382309 0.91761618 0.35781409 0.91796535 0.40144565 0.83542745 0.40197621 0.82936311 0.34623685 0.79417904 0.29383491 0.87981277
0 0.34720988 0.95168507 0.34763674 0.94820434 0.26481290 0.88905287 0.22298111 0.93909742 0.22290988 0.93991150 0.29827681 0.99431688 0.31566664 0.99583829 0.34720988 0.95168507
0 0.45393903 1.00000000 0.45601043 0.99750139 0.45652552 0.99367547 0.40888274 0.96164499 0.40336476 0.96116223 0.37332656 1.00000000 0.45393903 1.00000000
0 0.47968750 0.89012008 0.46409781 0.87851127 0.40036592 0.95533494 0.40026650 0.95647122 0.45150231 0.99517462 0.45677592 0.99563600 0.47968750 0.96693010 0.47968750 0.89012008
0 0.96656466 0.85616940 0.96603327 0.86213378 0.96972869 0.86645847 0.96752644 0.86827261 0.96550183 0.86809867 0.96532470 0.87008680 0.96717213 0.87224937 0.96646361 0.88020188 0.96831156 0.88236450 0.96778013 0.88832940 0.96962760 0.89049146 0.96909621 0.89645585 0.97094364 0.89861842 0.97058938 0.90259467 0.97666372 0.90311653 0.97886546 0.90130235 0.98493980 0.90182421 0.98989976 0.84615307 0.98382542 0.84563121 0.98162368 0.84744540 0.97352474 0.84674960 0.97132300 0.84856379 0.96524866 0.84804193 0.96471723 0.85400682 0.96656466 0.85616940
