0 0.33608013 0.45519718 0.33605155 0.45340314 0.27873799 0.45449924 0.27876657 0.45629328 0.33608013 0.45519718
0 0.27661464 0.42402949 0.27828066 0.42579267 0.27836640 0.43117481 0.28003240 0.43293754 0.28006099 0.43473205 0.27845215 0.43655741 0.27353946 0.43665136 0.27356805 0.43844540 0.27523448 0.44020859 0.27532022 0.44559072 0.33590862 0.44443199 0.33757463 0.44619472 0.33760322 0.44798922 0.37199118 0.44733157 0.37365719 0.44909430 0.39658278 0.44865585 0.39646845 0.44147921 0.39480244 0.43971648 0.39465952 0.43074533 0.39299352 0.42898260 0.39285060 0.42001192 0.39118418 0.41824920 0.39104127 0.40927851 0.38937526 0.40751532 0.38928951 0.40213272 0.33033852 0.40326014 0.32867252 0.40149741 0.32861536 0.39790932 0.32694935 0.39614659 0.26799795 0.39727402 0.26814087 0.40624470 0.26980729 0.40800742 0.27000737 0.42056666 0.27167338 0.42232939 0.27170196 0.42412344 0.27661464 0.42402949
0 0.20577213 0.39846407 0.20255403 0.40211479 0.20091660 0.40214611 0.19930776 0.40397147 0.19767034 0.40400279 0.19445225 0.40765397 0.19281482 0.40768529 0.18959672 0.41133602 0.18795930 0.41136733 0.18635047 0.41319315 0.18471304 0.41322447 0.18477020 0.41681256 0.18643621 0.41857529 0.18649338 0.42216384 0.18488454 0.42398920 0.16523421 0.42436501 0.16362495 0.42619038 0.16365354 0.42798488 0.16204470 0.42981024 0.16040728 0.42984156 0.15879843 0.43166692 0.15061048 0.43182351 0.15069623 0.43720611 0.14908739 0.43903147 0.14089986 0.43918805 0.13929102 0.44101341 0.13940535 0.44819005 0.13779609 0.45001542 0.12797114 0.45020332 0.12799973 0.45199783 0.12966573 0.45376055 0.12969431 0.45555460 0.12808548 0.45738042 0.11989795 0.45753700 0.11992653 0.45933105 0.26239151 0.45660645 0.26227717 0.44942981 0.26061074 0.44766663 0.26043925 0.43690190 0.25877324 0.43513917 0.25860174 0.42437397 0.25693574 0.42261125 0.25676424 0.41184651 0.25509781 0.41008333 0.25492632 0.39931860 0.25326031 0.39755587 0.25314597 0.39037877 0.21712058 0.39106774 0.21551133 0.39289357 0.21387391 0.39292489 0.21065623 0.39657561 0.20901880 0.39660692 0.20740955 0.39843275 0.20577213 0.39846407
0 0.55211513 0.00000000 0.55137392 0.02432564 0.51629119 0.02974870 0.51802485 0.05940441 0.53634213 0.06527169 0.54218596 0.10890595 0.66205028 0.11264621 0.66591048 0.10943988 0.66531965 0.06882107 0.66913440 0.06249021 0.72504729 0.05663084 0.72856663 0.02999058 0.72766728 0.00000000 0.55211513 0.00000000
0 0.61993448 0.11224827 0.56469255 0.11340538 0.56616528 0.14590939 0.64304467 0.14898728 0.64260589 0.11058916 0.61993448 0.11224827
0 0.03975602 0.45937500 0.05044446 0.52984124 0.06583664 0.52951884 0.25255079 0.47048545 0.25257489 0.46793456 0.25091413 0.45937500 0.03975602 0.45937500
0 0.07028268 0.57106330 0.08186278 0.63544934 0.08701173 0.63534149 0.27855756 0.57990433 0.27847341 0.57411928 0.26775195 0.51665694 0.07028268 0.57106330
0 0.23719166 0.80013076 0.23730413 0.79819373 0.19586248 0.56037386 0.14434451 0.57453933 0.14439860 0.57825751 0.17965714 0.80686485 0.20159000 0.80640544 0.23719166 0.80013076
0 0.16938422 0.68444260 0.16942433 0.68719999 0.20297719 0.91690259 0.26193296 0.89587562 0.26212523 0.89190380 0.22147244 0.66534256 0.21404389 0.66549816 0.16938422 0.68444260
0 0.68103628 0.81410235 0.68489572 0.82363394 0.70322949 0.81990949 0.70643008 0.83356362 0.80365229 0.79703313 0.78302457 0.75693520 0.81150706 0.74482215 0.79237687 0.70607050 0.62797671 0.77179020 0.64492483 0.81194792 0.65952762 0.80554287 0.66420004 0.81917309 0.68103628 0.81410235
