0 0.20534486 0.06883368 0.20284495 0.06967609 0.20068694 0.06951761 0.19818657 0.07035972 0.19387053 0.07004275 0.19137071 0.07088491 0.18921270 0.07072642 0.18671224 0.07156880 0.18239620 0.07125183 0.17989583 0.07209394 0.17773782 0.07193546 0.17705422 0.07393675 0.17887045 0.07509588 0.17818677 0.07709743 0.18000354 0.07825660 0.17931986 0.08025815 0.18113608 0.08141728 0.18079428 0.08241793 0.18261051 0.08357706 0.18192682 0.08557860 0.18374360 0.08673778 0.18340172 0.08773868 0.18771775 0.08805565 0.19021766 0.08721324 0.19453425 0.08753025 0.19703406 0.08668809 0.19919208 0.08684658 0.20169245 0.08600446 0.20600849 0.08632143 0.20850839 0.08547902 0.21066641 0.08563751 0.21316678 0.08479539 0.21748281 0.08511236 0.21998318 0.08427024 0.22214120 0.08442873 0.22464101 0.08358657 0.22895705 0.08390354 0.23145742 0.08306143 0.23361544 0.08321991 0.23611534 0.08237750 0.23645714 0.08137685 0.23464092 0.08021772 0.23532460 0.07821617 0.23350837 0.07705704 0.23385017 0.07605639 0.23203340 0.07489722 0.23271708 0.07289567 0.23090086 0.07173654 0.23158454 0.06973500 0.22976831 0.06857586 0.23011011 0.06757522 0.22363550 0.06709972 0.22113569 0.06794187 0.21897767 0.06778339 0.21647730 0.06862551 0.21216126 0.06830853 0.20966145 0.06915069 0.20534486 0.06883368
0 0.12198777 0.04732487 0.11948796 0.04816703 0.11517137 0.04785001 0.11267155 0.04869217 0.10835552 0.04837520 0.10585506 0.04921757 0.10153902 0.04890060 0.09903865 0.04974272 0.09688064 0.04958423 0.09438082 0.05042639 0.09369723 0.05242768 0.09551336 0.05358707 0.09517156 0.05458771 0.09698779 0.05574685 0.09630411 0.05774839 0.09812088 0.05890757 0.09777908 0.05990821 0.09959531 0.06106734 0.09891163 0.06306889 0.10072785 0.06422802 0.10038596 0.06522893 0.10220274 0.06638810 0.10151915 0.06838939 0.10333537 0.06954852 0.10265169 0.07155007 0.10446791 0.07270920 0.10412603 0.07371010 0.10594225 0.07486923 0.10525865 0.07687053 0.10707488 0.07802966 0.10673299 0.07903056 0.10854977 0.08018973 0.10786609 0.08219128 0.10968231 0.08335041 0.10899872 0.08535170 0.11081494 0.08651084 0.11047305 0.08751174 0.11228983 0.08867091 0.11160615 0.09067246 0.11342237 0.09183159 0.11273877 0.09383288 0.11455500 0.09499201 0.11421312 0.09599292 0.11602934 0.09715205 0.11534565 0.09915360 0.11716188 0.10031273 0.11682008 0.10131337 0.11863686 0.10247255 0.11795317 0.10447409 0.11976940 0.10563323 0.11908572 0.10763477 0.12124374 0.10779326 0.12374419 0.10695088 0.12590221 0.10710937 0.12840203 0.10626721 0.13271806 0.10658419 0.13305986 0.10558354 0.13124373 0.10442415 0.13374354 0.10358199 0.13590211 0.10374052 0.13840193 0.10289836 0.14055994 0.10305685 0.14306031 0.10221473 0.14737635 0.10253170 0.14987617 0.10168954 0.15203419 0.10184803 0.15453464 0.10100566 0.15669266 0.10116414 0.15919247 0.10032198 0.15953427 0.09932134 0.16203473 0.09847896 0.16419275 0.09863745 0.16669256 0.09779529 0.16885058 0.09795378 0.17135039 0.09711162 0.16953417 0.09595249 0.17021785 0.09395094 0.16840163 0.09279181 0.16908531 0.09079026 0.16726909 0.08963113 0.16795268 0.08762984 0.16613646 0.08647070 0.16647835 0.08546980 0.16466157 0.08431063 0.16534525 0.08230908 0.16352903 0.08114995 0.16421262 0.07914866 0.16239640 0.07798953 0.16273828 0.07698863 0.16092151 0.07582945 0.16160519 0.07382790 0.15978897 0.07266877 0.16047256 0.07066748 0.15865634 0.06950835 0.15899822 0.06850745 0.15718200 0.06734832 0.15786568 0.06534677 0.15604946 0.06418764 0.15673305 0.06218635 0.15491628 0.06102717 0.15525816 0.06002627 0.15344194 0.05886714 0.15412562 0.05686559 0.15230940 0.05570646 0.15299299 0.05370517 0.15117622 0.05254599 0.15151810 0.05154509 0.14970188 0.05038596 0.15038556 0.04838441 0.14606952 0.04806744 0.14356962 0.04890985 0.13993671 0.04659129 0.14027851 0.04559065 0.13777869 0.04643281 0.13346210 0.04611579 0.13096228 0.04695795 0.12664625 0.04664098 0.12414579 0.04748335 0.12198777 0.04732487
0 0.20036510 0.05102920 0.19786529 0.05187136 0.19570727 0.05171288 0.19320681 0.05255525 0.18889078 0.05223828 0.18639041 0.05308040 0.18423239 0.05292191 0.18173257 0.05376407 0.17741654 0.05344710 0.17491608 0.05428947 0.17275806 0.05413098 0.17025825 0.05497314 0.16809968 0.05481461 0.16991645 0.05597379 0.16923286 0.05797508 0.17104899 0.05913447 0.17070719 0.06013511 0.17252342 0.06129425 0.17183974 0.06329579 0.17365651 0.06445497 0.17331471 0.06545561 0.17513094 0.06661474 0.17444726 0.06861629 0.17626348 0.06977542 0.17842150 0.06993391 0.18092131 0.06909175 0.18523790 0.06940876 0.18773772 0.06856660 0.18989629 0.06872513 0.19239619 0.06788272 0.19671223 0.06819969 0.19921204 0.06735753 0.20137061 0.06751606 0.20387043 0.06667390 0.20818702 0.06699091 0.21068684 0.06614876 0.21284485 0.06630724 0.21534467 0.06546508 0.21966126 0.06578210 0.22216116 0.06493968 0.22431918 0.06509817 0.22681955 0.06425605 0.22750323 0.06225450 0.22568646 0.06109533 0.22637005 0.05909404 0.22455383 0.05793491 0.22489571 0.05693400 0.22307949 0.05577487 0.22376317 0.05377333 0.22194640 0.05261415 0.22228819 0.05161351 0.22047197 0.05045437 0.22081377 0.04945373 0.21865575 0.04929524 0.21615593 0.05013740 0.21183934 0.04982039 0.20933952 0.05066255 0.20718151 0.05050406 0.20468114 0.05134618 0.20036510 0.05102920
0 0.27510944 0.05241524 0.27260953 0.05325765 0.26829349 0.05294068 0.26579368 0.05378284 0.26147709 0.05346583 0.25897728 0.05430798 0.25681870 0.05414946 0.25431889 0.05499162 0.25000285 0.05467464 0.24750303 0.05551680 0.24534446 0.05535827 0.24284456 0.05620069 0.24250276 0.05720133 0.24431899 0.05836047 0.24363530 0.06036201 0.24545208 0.06152119 0.24476848 0.06352248 0.24658462 0.06468187 0.24624282 0.06568251 0.24805905 0.06684165 0.24737536 0.06884319 0.24919159 0.07000232 0.24850799 0.07200361 0.25100781 0.07116146 0.25532440 0.07147847 0.25782421 0.07063631 0.25998279 0.07079484 0.26248260 0.06995268 0.26679864 0.07026965 0.26929845 0.06942749 0.27361505 0.06974451 0.27611495 0.06890209 0.27827352 0.06906062 0.28077333 0.06821846 0.28508937 0.06853543 0.28758919 0.06769328 0.29190578 0.06801029 0.29440568 0.06716788 0.29656425 0.06732640 0.29906407 0.06648424 0.30122208 0.06664273 0.30156388 0.06564208 0.29974766 0.06448295 0.30043134 0.06248140 0.29861512 0.06132227 0.29929880 0.05932072 0.29748202 0.05816155 0.29782382 0.05716091 0.29600760 0.05600177 0.29669128 0.05400023 0.29487506 0.05284110 0.29555874 0.05083955 0.29124215 0.05052253 0.28874225 0.05136495 0.28658423 0.05120646 0.28408441 0.05204862 0.27976782 0.05173161 0.27726801 0.05257377 0.27510944 0.05241524
0 0.26581364 0.03429379 0.26331327 0.03513591 0.25899724 0.03481894 0.25649734 0.03566135 0.25433931 0.03550287 0.25183895 0.03634498 0.24752291 0.03602801 0.24502254 0.03687013 0.24286452 0.03671164 0.24036471 0.03755380 0.23604867 0.03723683 0.23354830 0.03807895 0.23536499 0.03923837 0.23502319 0.04023902 0.23683942 0.04139815 0.23615574 0.04339970 0.23797196 0.04455883 0.23763016 0.04555948 0.23944638 0.04671861 0.23876270 0.04872016 0.24057892 0.04987929 0.24023704 0.05088019 0.24205381 0.05203936 0.24171202 0.05304001 0.24602806 0.05335698 0.24852842 0.05251486 0.25068644 0.05267335 0.25318626 0.05183119 0.25750229 0.05214817 0.26000275 0.05130579 0.26216077 0.05146428 0.26466059 0.05062212 0.26897717 0.05093913 0.27147699 0.05009698 0.27579303 0.05041395 0.27829348 0.04957157 0.28045150 0.04973006 0.28295132 0.04888790 0.28726791 0.04920491 0.28976772 0.04836276 0.29408376 0.04867973 0.29226754 0.04752060 0.29295122 0.04551905 0.29113500 0.04435992 0.29147679 0.04335927 0.28966066 0.04219988 0.29034425 0.04019859 0.28852803 0.03903946 0.28886983 0.03803881 0.28705314 0.03687939 0.28773673 0.03487809 0.28592060 0.03371870 0.28626239 0.03271806 0.28194580 0.03240105 0.27944599 0.03324320 0.27728797 0.03308472 0.27478807 0.03392713 0.27047148 0.03361012 0.26797166 0.03445228 0.26581364 0.03429379
0 0.18925254 0.03174858 0.19106876 0.03290772 0.18856894 0.03374988 0.18641092 0.03359139 0.18391111 0.03443355 0.18175254 0.03427502 0.17993632 0.03311589 0.18243613 0.03227373 0.18061991 0.03111460 0.17846189 0.03095611 0.17596152 0.03179823 0.17164548 0.03148126 0.16914567 0.03232341 0.16880387 0.03332406 0.17096189 0.03348255 0.17277803 0.03464194 0.17027821 0.03548410 0.16812019 0.03532561 0.16562038 0.03616777 0.16130378 0.03585075 0.16062010 0.03785230 0.16243633 0.03901143 0.16209453 0.04001208 0.16391130 0.04117125 0.16322763 0.04317280 0.16504385 0.04433193 0.16470196 0.04533283 0.16651818 0.04649196 0.16583459 0.04849326 0.16765081 0.04965239 0.16696713 0.05165394 0.17128372 0.05197095 0.17378354 0.05112879 0.17810013 0.05144580 0.18060003 0.05060339 0.18275805 0.05076188 0.18525787 0.04991972 0.18957446 0.05023673 0.19207427 0.04939457 0.19423229 0.04955306 0.19673266 0.04871094 0.20104870 0.04902791 0.20354851 0.04818575 0.20786510 0.04850277 0.21036500 0.04766035 0.21252302 0.04781884 0.21502339 0.04697672 0.21933943 0.04729370 0.22002311 0.04529215 0.21820689 0.04413302 0.21889048 0.04213172 0.21707426 0.04097259 0.21741614 0.03997169 0.21559937 0.03881252 0.21628305 0.03681097 0.21446682 0.03565184 0.21480862 0.03465119 0.21299240 0.03349206 0.21367608 0.03149051 0.20935949 0.03117350 0.20685959 0.03201591 0.20470157 0.03185743 0.20106866 0.02953887 0.20175234 0.02753732 0.19993612 0.02637819 0.19561953 0.02606117 0.19311971 0.02690333 0.19096170 0.02674485 0.18846179 0.02758726 0.18812000 0.02858790 0.18993622 0.02974704 0.18925254 0.03174858
0 0.11657908 0.00486925 0.11407868 0.00571144 0.11192067 0.00555295 0.10942083 0.00639517 0.10510480 0.00607819 0.10407934 0.00908033 0.10157895 0.00992250 0.09726291 0.00960553 0.09476253 0.01044770 0.09044649 0.01013073 0.09010471 0.01113132 0.09192095 0.01229072 0.08692110 0.01397502 0.08044660 0.01349953 0.07976292 0.01550107 0.08157926 0.01666021 0.08123746 0.01766086 0.08305385 0.01882000 0.08237017 0.02082155 0.08418656 0.02198070 0.08350288 0.02398224 0.08531921 0.02514138 0.08463562 0.02714267 0.08645186 0.02830207 0.08611006 0.02930272 0.08792617 0.03046184 0.08724249 0.03246339 0.08905927 0.03362256 0.08837568 0.03562385 0.09019181 0.03678324 0.08985001 0.03778389 0.09166624 0.03894302 0.09098256 0.04094456 0.09279933 0.04210374 0.09211574 0.04410503 0.09393187 0.04526442 0.09359007 0.04626506 0.09790611 0.04658204 0.10040593 0.04573988 0.10256450 0.04589840 0.10506440 0.04505599 0.10722242 0.04521448 0.10756422 0.04421383 0.10574800 0.04305470 0.10643159 0.04105341 0.11143186 0.03936887 0.11358988 0.03952736 0.11608969 0.03868520 0.12040573 0.03900218 0.12290619 0.03815980 0.12506421 0.03831829 0.12756402 0.03747613 0.13188061 0.03779314 0.13256420 0.03579185 0.13506402 0.03494969 0.13722204 0.03510818 0.13972194 0.03426576 0.14403853 0.03458278 0.14438033 0.03358213 0.14256411 0.03242300 0.14324778 0.03042145 0.14143101 0.02926228 0.14177281 0.02826163 0.13995659 0.02710250 0.14064027 0.02510095 0.13882404 0.02394182 0.13950772 0.02194028 0.13769150 0.02078114 0.13803330 0.01978050 0.13621708 0.01862137 0.13690076 0.01661982 0.13508398 0.01546065 0.13576765 0.01345915 0.13395144 0.01229997 0.13463508 0.01029855 0.13281888 0.00913934 0.13316070 0.00813864 0.13134394 0.00697942 0.13202759 0.00497797 0.13021138 0.00381879 0.13089502 0.00181737 0.12657898 0.00150040 0.12407914 0.00234263 0.11976255 0.00202562 0.11726272 0.00286783 0.11510415 0.00270930 0.11692090 0.00386852 0.11657908 0.00486925
0 0.25925186 0.00816658 0.25675203 0.00900879 0.25243544 0.00869177 0.24993561 0.00953398 0.24925196 0.01153543 0.25106817 0.01269461 0.25038453 0.01469603 0.25470112 0.01501304 0.25651732 0.01617225 0.25401748 0.01701446 0.25185891 0.01685594 0.24935908 0.01769815 0.24504304 0.01738117 0.24254320 0.01822341 0.23822661 0.01790639 0.23572677 0.01874863 0.23356820 0.01859010 0.23106836 0.01943231 0.22675233 0.01911534 0.22606873 0.02111663 0.22788487 0.02227602 0.22720127 0.02427731 0.22901741 0.02543670 0.22867561 0.02643734 0.23049183 0.02759648 0.22980824 0.02959777 0.23162493 0.03075720 0.23094134 0.03275849 0.23275747 0.03391788 0.23241567 0.03491852 0.23889028 0.03539402 0.24139010 0.03455186 0.24354812 0.03471035 0.24604802 0.03386794 0.24820659 0.03402646 0.25070641 0.03318430 0.25502300 0.03350132 0.25752281 0.03265916 0.25968083 0.03281765 0.26218073 0.03197523 0.26649732 0.03229224 0.26899714 0.03145008 0.27115516 0.03160857 0.27365553 0.03076645 0.27797156 0.03108343 0.28047138 0.03024127 0.28262940 0.03039975 0.28512976 0.02955764 0.28547165 0.02855673 0.28365487 0.02739756 0.28399667 0.02639692 0.28218054 0.02523753 0.28286413 0.02323624 0.28104792 0.02207705 0.28138975 0.02107633 0.27957355 0.01991712 0.28025718 0.01791573 0.27844098 0.01675652 0.27912462 0.01475510 0.27480803 0.01443809 0.27230820 0.01528030 0.27014963 0.01512177 0.26764978 0.01596400 0.26333375 0.01564703 0.26151755 0.01448782 0.26401738 0.01364561 0.26617540 0.01380410 0.26867524 0.01296189 0.27083326 0.01312038 0.27333365 0.01227818 0.27764969 0.01259515 0.27799151 0.01159443 0.27617530 0.01043525 0.27651712 0.00943455 0.27470092 0.00827534 0.27538456 0.00627392 0.27288417 0.00711609 0.26856814 0.00679912 0.26606830 0.00764135 0.26391028 0.00748287 0.26140988 0.00832506 0.25925186 0.00816658
0 0.43940448 0.01831968 0.43872085 0.02032110 0.44053704 0.02148031 0.44019523 0.02248101 0.44201143 0.02364019 0.44166961 0.02464091 0.44348581 0.02580012 0.44280218 0.02780152 0.44461893 0.02896077 0.44427710 0.02996149 0.44859314 0.03027846 0.45109354 0.02943627 0.45325155 0.02959475 0.45575140 0.02875252 0.45790942 0.02891100 0.46040925 0.02806879 0.46472584 0.02838581 0.46540947 0.02638439 0.47040970 0.02469998 0.47472574 0.02501696 0.47722557 0.02417475 0.47938359 0.02433323 0.48188399 0.02349104 0.48256762 0.02148962 0.48506745 0.02064741 0.48722547 0.02080589 0.48972587 0.01996370 0.49404190 0.02028067 0.49654175 0.01943844 0.49869977 0.01959692 0.49904158 0.01859623 0.49722538 0.01743704 0.49756720 0.01643632 0.49575100 0.01527712 0.49609282 0.01427642 0.43566442 0.00983850 0.43498079 0.01183992 0.43679698 0.01299913 0.43611335 0.01500053 0.43793010 0.01615978 0.43758828 0.01716050 0.43940448 0.01831968
0 0.21589896 0.00000000 0.21745600 0.00099380 0.21677237 0.00299520 0.21858857 0.00415440 0.21790493 0.00615582 0.21972113 0.00731501 0.21937931 0.00831573 0.22369590 0.00863274 0.22619575 0.00779051 0.23051233 0.00810752 0.23301217 0.00726531 0.23517018 0.00742380 0.23335398 0.00626461 0.23835366 0.00458014 0.24267025 0.00489716 0.24517009 0.00405495 0.24585372 0.00205353 0.24835412 0.00121133 0.25051214 0.00136982 0.25301197 0.00052761 0.25732801 0.00084458 0.25761650 0.00000000 0.21589896 0.00000000
0 0.14478984 0.00000000 0.14418606 0.00176765 0.14600225 0.00292686 0.14566043 0.00392758 0.14747664 0.00508676 0.14679300 0.00708818 0.14860920 0.00824739 0.14792557 0.01024878 0.14974231 0.01140803 0.14940049 0.01240876 0.15121670 0.01356794 0.15053310 0.01556923 0.15234924 0.01672862 0.15166565 0.01872991 0.15348233 0.01988934 0.15314053 0.02088999 0.15495676 0.02204912 0.15427316 0.02405041 0.15608930 0.02520980 0.15540571 0.02721109 0.15722184 0.02837048 0.15972174 0.02752806 0.16188032 0.02768659 0.16438013 0.02684443 0.16869672 0.02716144 0.16972220 0.02415925 0.16790542 0.02300008 0.16824722 0.02199943 0.17074759 0.02115731 0.17506363 0.02147429 0.17756353 0.02063187 0.18188012 0.02094889 0.18437993 0.02010673 0.18869652 0.02042374 0.19119634 0.01958158 0.19335436 0.01974007 0.19403802 0.01773857 0.19653785 0.01689636 0.19869587 0.01705485 0.20119626 0.01621268 0.20335428 0.01637117 0.20585412 0.01552893 0.20801269 0.01568746 0.20619594 0.01452821 0.20687957 0.01252682 0.20506337 0.01136761 0.20574701 0.00936619 0.20393081 0.00820700 0.20427263 0.00720628 0.20245588 0.00604703 0.20313951 0.00404564 0.20132331 0.00288643 0.20200695 0.00088501 0.20062032 0.00000000 0.14478984 0.00000000
0 0.55937500 0.23942534 0.64009201 0.24695086 0.64063055 0.24494932 0.63919990 0.24379018 0.63973844 0.24178864 0.62783832 0.24067915 0.62640767 0.23952002 0.62748468 0.23551718 0.61898479 0.23472470 0.61701559 0.23556712 0.60341558 0.23429914 0.60144602 0.23514126 0.58954634 0.23403181 0.58757678 0.23487393 0.57397677 0.23360596 0.57200773 0.23444812 0.55937500 0.23327033 0.55937500 0.23942534
0 0.55937500 0.21788307 0.56584659 0.21848644 0.56781581 0.21764429 0.57801560 0.21859525 0.57998516 0.21775313 0.59018495 0.21870409 0.59215408 0.21786193 0.60235430 0.21881293 0.60432343 0.21797078 0.61282375 0.21876329 0.61479295 0.21792087 0.62499274 0.21887183 0.62696230 0.21802972 0.63036208 0.21834669 0.63116986 0.21534450 0.62973921 0.21418537 0.63162400 0.20718033 0.63359313 0.20633818 0.64549324 0.20744766 0.64603172 0.20544637 0.64460113 0.20428698 0.64540891 0.20128479 0.64397782 0.20012562 0.64505483 0.19612278 0.64362418 0.19496365 0.64443195 0.19196145 0.64300130 0.19080232 0.64407831 0.18679948 0.64264722 0.18564031 0.64372424 0.18163747 0.64229358 0.18047834 0.64310136 0.17747615 0.64167077 0.17631676 0.64274772 0.17231417 0.64131713 0.17115479 0.64239415 0.16715195 0.64096349 0.16599282 0.64177127 0.16299062 0.64034018 0.16183145 0.64141719 0.15782861 0.63998654 0.15666948 0.64106355 0.15266664 0.63963297 0.15150725 0.64044068 0.14850532 0.63900958 0.14734614 0.64008667 0.14334305 0.63865601 0.14218392 0.63973303 0.13818108 0.63830237 0.13702195 0.63911015 0.13401975 0.62721004 0.13291026 0.62577938 0.13175113 0.56967938 0.12652074 0.56824859 0.12536160 0.56654857 0.12520310 0.56368716 0.12288456 0.56476417 0.11888172 0.56279491 0.11972387 0.55939491 0.11940687 0.55937500 0.11948087 0.55937500 0.21788307
0 0.78844177 0.00000000 0.78784408 0.00222135 0.78587494 0.00306356 0.76207472 0.00084458 0.76099770 0.00484742 0.76242878 0.00600664 0.76108250 0.01101020 0.76251314 0.01216941 0.76089762 0.01817365 0.76232826 0.01933285 0.76071274 0.02533711 0.76214383 0.02649629 0.76052827 0.03250067 0.76195893 0.03365980 0.76061268 0.03866329 0.76204333 0.03982242 0.76042778 0.04582681 0.76185843 0.04698594 0.76024287 0.05299033 0.76167353 0.05414946 0.76005797 0.06015384 0.76148906 0.06131302 0.76014281 0.06631650 0.76157347 0.06747563 0.75995791 0.07348002 0.76138857 0.07463915 0.75977308 0.08064328 0.76120410 0.08180271 0.75985785 0.08680619 0.76128851 0.08796533 0.75967295 0.09396971 0.76110360 0.09512884 0.75948805 0.10113323 0.76091870 0.10229236 0.75930322 0.10829649 0.76073380 0.10945588 0.75938755 0.11445936 0.76081864 0.11561854 0.75920316 0.12162267 0.76063374 0.12278205 0.75901825 0.12878618 0.76044891 0.12994532 0.75883335 0.13594970 0.76026445 0.13710887 0.75891812 0.14211262 0.76034878 0.14327175 0.75873329 0.14927588 0.76016388 0.15043527 0.75854839 0.15643940 0.75997905 0.15759853 0.75863280 0.16260201 0.76006338 0.16376140 0.75844790 0.16976553 0.75987899 0.17092470 0.75960968 0.17192560 0.80890959 0.17652200 0.81177090 0.17884027 0.81069389 0.18284310 0.80872476 0.18368526 0.78662486 0.18162481 0.78527854 0.18662856 0.78670920 0.18778769 0.78536294 0.19279117 0.78679397 0.19395060 0.78544772 0.19895408 0.78687837 0.20011322 0.77099239 0.25915515 0.77335047 0.25937500 0.96610962 0.25937500 0.99585693 0.14881596 0.97715682 0.14707249 0.97572616 0.14591335 0.97384144 0.15291813 0.97187180 0.15376050 0.94977190 0.15170005 0.94834132 0.15054067 0.94664143 0.15038218 0.94367962 0.16139005 0.94511027 0.16254918 0.94484104 0.16354983 0.94287184 0.16439224 0.94117151 0.16423372 0.93974092 0.16307433 0.89554113 0.15895343 0.89411047 0.15779430 0.89437971 0.15679365 0.89294862 0.15563448 0.89429494 0.15063074 0.89286428 0.14947161 0.89447977 0.14346748 0.89304918 0.14230809 0.89439543 0.13730460 0.89296434 0.13614543 0.89457983 0.13014130 0.89314924 0.12898191 0.89449549 0.12397843 0.89306484 0.12281930 0.89468040 0.11681491 0.89324974 0.11565578 0.89459599 0.11065230 0.89316540 0.10949291 0.89478089 0.10348878 0.89334980 0.10232960 0.89496536 0.09632522 0.89353470 0.09516609 0.89488095 0.09016260 0.89345030 0.08900347 0.89479662 0.08399973 0.88119661 0.08273176 0.87976552 0.08157258 0.88084254 0.07756974 0.87941188 0.07641061 0.88102744 0.07040623 0.87959678 0.06924709 0.88121227 0.06324296 0.87978168 0.06208358 0.88139717 0.05607945 0.87996651 0.05492031 0.88131284 0.04991657 0.87988174 0.04875740 0.88149730 0.04275301 0.88006664 0.04159388 0.88168213 0.03558975 0.88025155 0.03443036 0.88159778 0.02942693 0.88016671 0.02826771 0.88178223 0.02226345 0.88035159 0.02110424 0.88223636 0.01409929 0.88080573 0.01294008 0.88215200 0.00793654 0.79702647 0.00000000 0.78844177 0.00000000
0 0.55937500 0.57843347 0.12253576 0.59534382 0.13430367 0.78840855 0.55937500 0.76714057 0.55937500 0.57843347
0 0.90163137 1.00000000 0.90764677 0.93616170 0.90961633 0.93375709 0.91301612 0.93466219 0.91498568 0.93225758 0.92010152 0.87796589 0.92207065 0.87556117 0.92530169 0.84127179 0.88280178 0.82995744 0.88137076 0.82664678 0.84227107 0.81623764 0.83230863 0.92196376 0.83570842 0.92286885 0.83713907 0.92617866 0.83686984 0.92903593 0.84196995 0.93039368 0.84340060 0.93370350 0.84286206 0.93941876 0.84089293 0.94182347 0.82899282 0.93865542 0.82333851 0.99866164 0.82836576 1.00000000 0.90163137 1.00000000
0 0.78638744 0.66954965 0.78441781 0.67195499 0.78298722 0.66864444 0.77448733 0.66638160 0.77421802 0.66923959 0.77224890 0.67164431 0.74844867 0.66530820 0.74817943 0.66816546 0.74621030 0.67057018 0.72921008 0.66604437 0.72894084 0.66890163 0.72697165 0.67130709 0.70997142 0.66678128 0.70781739 0.68964086 0.70584826 0.69204558 0.70127097 0.74062201 0.70270155 0.74393255 0.71120188 0.74619552 0.71263254 0.74950533 0.71182483 0.75807712 0.70985563 0.76048257 0.70135530 0.75821961 0.69992472 0.75490907 0.69911694 0.76348159 0.69714774 0.76588704 0.69687850 0.76874431 0.69830916 0.77205412 0.70170938 0.77295933 0.70314003 0.77626914 0.69613940 0.85056315 0.69417028 0.85296787 0.69390104 0.85582514 0.69533163 0.85913568 0.71063152 0.86320883 0.71206261 0.86651876 0.71179338 0.86937602 0.70982381 0.87178062 0.70642403 0.87087553 0.70615480 0.87373280 0.70418516 0.87613813 0.69908549 0.87478049 0.69477743 0.92049966 0.69817721 0.92140475 0.69960787 0.92471456 0.69799238 0.94185888 0.73879240 0.95272069 0.74022342 0.95603135 0.73968495 0.96174588 0.76858485 0.96943963 0.77144652 0.97606010 0.77117729 0.97891737 0.80517687 0.98796876 0.80660796 0.99127868 0.81850764 0.99444663 0.82039243 0.97444431 0.82236199 0.97203970 0.82693929 0.92346327 0.80993906 0.91893746 0.80850841 0.91562765 0.80931619 0.90705512 0.81128531 0.90465040 0.81271597 0.90796021 0.81611619 0.90886542 0.81638542 0.90600816 0.81835462 0.90360271 0.82855484 0.90631822 0.83393985 0.84916999 0.83590905 0.84676454 0.84237113 0.77818579 0.84067124 0.77773324 0.83924015 0.77442331 0.83244058 0.77261313 0.83100949 0.76930320 0.83181727 0.76073068 0.83378683 0.75832607 0.84568651 0.76149401 0.85322561 0.68148547 0.84812550 0.68012771 0.84669492 0.67681717 0.80589490 0.66595537 0.80562560 0.66881336 0.80365647 0.67121808 0.79345625 0.66850257 0.79202559 0.66519276 0.78692591 0.66383512 0.78638744 0.66954965
0 1.00000000 0.63854423 0.99166466 0.63632520 0.99023400 0.63301539 0.93073431 0.61717533 0.92930329 0.61386468 0.86810326 0.59757197 0.86648771 0.61471702 0.87328771 0.61652732 0.87471880 0.61983725 0.87641869 0.62028980 0.87784935 0.62359961 0.87704157 0.63217213 0.87507244 0.63457685 0.86317233 0.63140880 0.85617170 0.70570281 0.86637192 0.70841832 0.86780257 0.71172813 0.86645632 0.72601519 0.86448719 0.72841991 0.85428697 0.72570440 0.85401767 0.72856239 0.85204854 0.73096711 0.84585569 0.79668860 0.85605547 0.79940399 0.85748657 0.80271392 0.85667879 0.81128644 0.85810944 0.81459626 0.89890946 0.82545806 0.90034011 0.82876787 0.92754012 0.83600908 0.92834783 0.82743728 0.93031703 0.82503183 0.94561693 0.82910498 0.94704795 0.83241564 0.94677871 0.83527291 0.95867839 0.83844085 0.96010948 0.84175078 0.98050949 0.84718168 1.00000000 0.64033911 1.00000000 0.63854423
0 1.00000000 0.45107999 0.99869711 0.45073313 0.99583543 0.44411266 0.98733554 0.44184981 0.98590488 0.43854000 0.98617412 0.43568274 0.97427400 0.43251468 0.97284342 0.42920414 0.97338189 0.42348961 0.93768198 0.41398556 0.93625133 0.41067575 0.89035120 0.39845618 0.88954349 0.40702798 0.89124338 0.40748052 0.89267397 0.41079107 0.90457408 0.41395912 0.90600474 0.41726894 0.90492773 0.42869873 0.90295860 0.43110345 0.88595837 0.42657763 0.87680371 0.52373123 0.87483459 0.52613595 0.87375757 0.53756574 0.87518823 0.54087555 0.88538845 0.54359106 0.88681910 0.54690088 0.88628056 0.55261614 0.88431143 0.55502085 0.87241132 0.55185280 0.86891104 0.58899944 0.91821139 0.60212421 0.91964197 0.60543475 0.97914167 0.62127480 0.98057276 0.62458473 1.00000000 0.62975666 1.00000000 0.45107999
0 0.85222803 0.41466898 0.85025847 0.41707358 0.84685868 0.41616849 0.84658945 0.41902576 0.84461981 0.42143109 0.84246579 0.44429067 0.84049666 0.44669539 0.83879677 0.44624285 0.83736611 0.44293303 0.83628910 0.45436283 0.83431997 0.45676754 0.82921985 0.45540979 0.82841208 0.46398232 0.82644251 0.46638692 0.82134284 0.46502928 0.82053506 0.47360181 0.81856593 0.47600653 0.81346582 0.47464877 0.81265804 0.48322130 0.81068848 0.48562590 0.80728870 0.48472081 0.80531957 0.48712553 0.80451179 0.49569805 0.80254266 0.49810277 0.80111157 0.49479285 0.79771179 0.49388775 0.79717331 0.49960228 0.79520368 0.50200762 0.79350379 0.50155507 0.79207320 0.49824453 0.79126542 0.50681705 0.78929623 0.50922251 0.78419612 0.50786475 0.78222699 0.51026947 0.78168852 0.51598400 0.77971895 0.51838860 0.77631917 0.51748351 0.77578063 0.52319877 0.77381150 0.52560349 0.76871139 0.52424573 0.76844208 0.52710373 0.76647295 0.52950845 0.76137284 0.52815070 0.76056513 0.53672249 0.76396492 0.53762758 0.76539594 0.54093824 0.76458816 0.54951077 0.76261860 0.55191537 0.73881880 0.54557938 0.73801110 0.55415117 0.73604190 0.55655662 0.73094179 0.55519887 0.72959554 0.56948592 0.72762641 0.57189064 0.72252630 0.57053289 0.72117998 0.58482068 0.71921085 0.58722539 0.71581063 0.58632019 0.71500292 0.59489198 0.71303373 0.59729743 0.70791789 0.65158913 0.73171811 0.65792524 0.73198742 0.65506724 0.73395655 0.65266252 0.75265623 0.65764076 0.75319477 0.65192550 0.75516433 0.64952090 0.76026445 0.65087865 0.76107215 0.64230686 0.76304135 0.63990141 0.76644114 0.64080650 0.76841026 0.63840178 0.77351038 0.63975954 0.77494146 0.64306947 0.77332591 0.66021452 0.77842558 0.66157216 0.77869489 0.65871416 0.78066402 0.65630944 0.79936413 0.66128780 0.79963337 0.65843053 0.80160293 0.65602593 0.83390262 0.66462477 0.83533327 0.66793459 0.85403339 0.67291294 0.85834145 0.62719378 0.84474145 0.62357317 0.84331079 0.62026336 0.84411857 0.61169084 0.84268791 0.60838102 0.84465711 0.60597557 0.84635700 0.60642812 0.84778802 0.60973878 0.86138803 0.61335938 0.86811942 0.54192263 0.87008855 0.53951791 0.87439661 0.49379875 0.85909671 0.48972560 0.85766562 0.48641567 0.85793486 0.48355841 0.85990442 0.48115380 0.86330421 0.48205890 0.86357351 0.47920090 0.86554264 0.47679618 0.87574286 0.47951169 0.87816612 0.45379484 0.88013532 0.45138939 0.88525109 0.39709843 0.86145086 0.39076232 0.86118163 0.39361958 0.85921250 0.39602430 0.85581272 0.39511921 0.85473570 0.40654900 0.85276650 0.40895445 0.85222803 0.41466898
0 0.86611300 0.35978287 0.86414343 0.36218747 0.86252788 0.37933252 0.87612788 0.38295313 0.87755898 0.38626306 0.89795898 0.39169396 0.90065155 0.36311911 0.89725133 0.36221390 0.89582067 0.35890424 0.89770544 0.33890214 0.89430522 0.33799693 0.89287458 0.33468690 0.89314383 0.33182949 0.87614405 0.32730379 0.87479778 0.34159100 0.87282863 0.34399594 0.87202087 0.35256824 0.87005133 0.35497270 0.86665154 0.35406761 0.86611300 0.35978287
