0 0.00000000 0.36778846 0.10906981 0.36778846 0.10915024 0.36744011 0.09978129 0.36527712 0.09797932 0.36239418 0.09852003 0.36005209 0.00014643 0.33734075 0.00000000 0.33797503 0.00000000 0.36778846
0 0.21765151 0.36778846 0.22626515 0.36240637 0.22680587 0.36006428 0.23833720 0.35285819 0.23887791 0.35051611 0.25329338 0.34150832 0.25383410 0.33916624 0.26536603 0.33196028 0.26590674 0.32961820 0.21906203 0.31880324 0.21852131 0.32114533 0.21563838 0.32294730 0.19690049 0.31862132 0.19581906 0.32330549 0.19293567 0.32510672 0.19113429 0.32222393 0.17942326 0.31952022 0.17762189 0.31663742 0.17816261 0.31429534 0.16879306 0.31213221 0.16699183 0.30924881 0.16753254 0.30690672 0.06915894 0.28419539 0.06807738 0.28888016 0.06519458 0.29068153 0.06285189 0.29014068 0.06105052 0.28725788 0.04933949 0.28455418 0.04645669 0.28635555 0.04591598 0.28869763 0.04303258 0.29049887 0.04123121 0.28761607 0.03186226 0.28545308 0.02825952 0.27968748 0.01888998 0.27752435 0.01708874 0.27464095 0.01762945 0.27229887 0.00000000 0.26822879 0.00000000 0.32990556 0.05564028 0.34275113 0.06140588 0.33914838 0.06248744 0.33446362 0.06537025 0.33266224 0.06771293 0.33320309 0.06825364 0.33086101 0.07113644 0.32905963 0.07347853 0.32960035 0.07401938 0.32725766 0.07690278 0.32545643 0.09329798 0.32924156 0.09509995 0.33212450 0.08933362 0.33572770 0.08879290 0.33806979 0.08302670 0.34167239 0.08068462 0.34113168 0.08014377 0.34347437 0.07726097 0.34527574 0.07491888 0.34473503 0.07437817 0.34707711 0.16408887 0.36778846 0.21765151 0.36778846
0 0.51923077 0.36778846 0.51923077 0.32149142 0.49130788 0.31504491 0.49076717 0.31738700 0.48788423 0.31918897 0.46914635 0.31486299 0.46860563 0.31720507 0.46572283 0.31900644 0.45166912 0.31576189 0.44986775 0.31287909 0.45040846 0.31053700 0.44103952 0.30837401 0.43923828 0.30549061 0.43977900 0.30314853 0.42806737 0.30044469 0.42626600 0.29756189 0.39347500 0.28999149 0.39059160 0.29179272 0.39005088 0.29413481 0.37275321 0.30494410 0.37221250 0.30728619 0.35779763 0.31629412 0.35725692 0.31863620 0.34284158 0.32764339 0.34230087 0.32998547 0.36806561 0.33593373 0.36986745 0.33881727 0.36932673 0.34115936 0.36644333 0.34296059 0.36590262 0.34530268 0.46329927 0.36778846 0.48388406 0.36778846 0.48409613 0.36765596 0.48463685 0.36531387 0.48751978 0.36351190 0.48986187 0.36405261 0.49094330 0.35936844 0.49382623 0.35756647 0.49616892 0.35810732 0.49670963 0.35576524 0.49959243 0.35396386 0.51598823 0.35774913 0.51778960 0.36063193 0.50633676 0.36778846 0.51923077 0.36778846
0 0.00000000 0.26082740 0.12699488 0.29014648 0.13276047 0.28654373 0.13330119 0.28420164 0.14195032 0.27879706 0.14303189 0.27411229 0.14591469 0.27231092 0.15996840 0.27555548 0.16176977 0.27843828 0.16068821 0.28312305 0.15780541 0.28492442 0.15546272 0.28438357 0.15492201 0.28672565 0.15203907 0.28852763 0.15149836 0.29086971 0.14861556 0.29267108 0.14627348 0.29213037 0.14573276 0.29447246 0.27689796 0.32475433 0.27743868 0.32241225 0.29185341 0.31340492 0.29239426 0.31106224 0.30392606 0.30385688 0.30446691 0.30151420 0.31599884 0.29430825 0.31653956 0.29196616 0.32807149 0.28476021 0.32861220 0.28241812 0.33726134 0.27701354 0.29041662 0.26619859 0.28753382 0.26799996 0.28699311 0.27034205 0.28410957 0.27214388 0.26537169 0.26781790 0.26483097 0.27015998 0.26194818 0.27196136 0.24789506 0.26871694 0.24609309 0.26583400 0.24663380 0.26349192 0.24429172 0.26295120 0.24249048 0.26006781 0.23780571 0.25898624 0.23600434 0.25610344 0.23654505 0.25376136 0.14051354 0.23159073 0.13943211 0.23627490 0.13654917 0.23807688 0.11781129 0.23375089 0.11727057 0.23609298 0.11438717 0.23789421 0.10033406 0.23464980 0.09853269 0.23176700 0.09907340 0.22942491 0.08970386 0.22726178 0.08790262 0.22437838 0.08844334 0.22203630 0.08664196 0.21915350 0.04213933 0.20887926 0.03349020 0.21428384 0.03294949 0.21662592 0.01853475 0.22563325 0.01799404 0.22797533 0.00357917 0.23698326 0.00303846 0.23932534 0.01240740 0.24148834 0.01420877 0.24437113 0.01132597 0.24617251 0.01078512 0.24851519 0.00000000 0.25525448 0.00000000 0.26082740
0 0.51923077 0.25241325 0.46194619 0.23918807 0.44753146 0.24819539 0.44699061 0.25053808 0.42969307 0.26134677 0.42915236 0.26368886 0.42338602 0.26729207 0.43041288 0.26891434 0.43401549 0.27468054 0.43113269 0.27648191 0.43059198 0.27882400 0.42194344 0.28422872 0.42140273 0.28657080 0.41851933 0.28837204 0.51923077 0.31162311 0.51923077 0.25241325
0 0.07205096 0.18617998 0.07385234 0.18906278 0.08087919 0.19068505 0.08268043 0.19356845 0.07691423 0.19717106 0.07637352 0.19951314 0.06484218 0.20671924 0.19834947 0.23754182 0.19654810 0.23465902 0.19943090 0.23285765 0.20177298 0.23339836 0.20231383 0.23105568 0.20519663 0.22925431 0.20753872 0.22979502 0.20807943 0.22745293 0.21096283 0.22565170 0.21330492 0.22619241 0.21438648 0.22150764 0.21726928 0.21970627 0.23366508 0.22349154 0.23546645 0.22637433 0.22393452 0.23358029 0.22339381 0.23592237 0.21474527 0.24132709 0.34591047 0.27160896 0.35455901 0.26620425 0.35509972 0.26386216 0.36951505 0.25485497 0.37005576 0.25251289 0.38158710 0.24530680 0.38212781 0.24296471 0.39366049 0.23575830 0.39420120 0.23341621 0.40573253 0.22621012 0.40627325 0.22386804 0.35942913 0.21305322 0.35834756 0.21773799 0.35546417 0.21953922 0.33438419 0.21467253 0.33618557 0.21755533 0.33330277 0.21935670 0.31924965 0.21611228 0.31744768 0.21322935 0.31798839 0.21088726 0.30861945 0.20872427 0.30681808 0.20584147 0.30735893 0.20349879 0.30555756 0.20061599 0.28916176 0.19683072 0.28627896 0.19863209 0.20898533 0.18078745 0.20844448 0.18313013 0.20556108 0.18493137 0.18682319 0.18060539 0.18628248 0.18294747 0.18339968 0.18474885 0.16934657 0.18150443 0.16754460 0.17862149 0.16808531 0.17627941 0.15871637 0.17411642 0.15691499 0.17123362 0.15745584 0.16889093 0.12700693 0.16186125 0.12520496 0.15897831 0.11115184 0.15573389 0.11061113 0.15807598 0.09619640 0.16708330 0.09565555 0.16942599 0.08124021 0.17843317 0.08069950 0.18077526 0.07205096 0.18617998
0 0.51923077 0.11425693 0.51096595 0.11234885 0.50808301 0.11415082 0.49871407 0.11198783 0.49583127 0.11378920 0.49348918 0.11324849 0.49060578 0.11504972 0.47655267 0.11180531 0.47601196 0.11414739 0.47312916 0.11594876 0.45907544 0.11270421 0.45727407 0.10982141 0.45781478 0.10747932 0.45547270 0.10693861 0.45367073 0.10405567 0.44898656 0.10297425 0.44538395 0.09720805 0.34935183 0.07503729 0.34881098 0.07737997 0.34592818 0.07918135 0.34358610 0.07864063 0.34070270 0.08044187 0.32664958 0.07719745 0.32376678 0.07899882 0.30971307 0.07575427 0.30791170 0.07287147 0.30845241 0.07052938 0.30556961 0.07233075 0.29854275 0.07070848 0.29674138 0.06782568 0.29782295 0.06314091 0.25097823 0.05232595 0.24809469 0.05412779 0.24755398 0.05646987 0.23313925 0.06547720 0.23259854 0.06781928 0.21818380 0.07682661 0.21764295 0.07916929 0.21187735 0.08277204 0.22124570 0.08493489 0.22304753 0.08781843 0.22196610 0.09250260 0.21908271 0.09430383 0.21674062 0.09376312 0.21619991 0.09610521 0.21331697 0.09790718 0.21097488 0.09736647 0.21043417 0.09970855 0.20755137 0.10150993 0.20701052 0.10385261 0.33583304 0.13359363 0.33637389 0.13125095 0.33925729 0.12944971 0.34159937 0.12999043 0.34214008 0.12764834 0.34502302 0.12584637 0.34736511 0.12638708 0.34844653 0.12170291 0.35132933 0.11990154 0.35367202 0.12044239 0.35421273 0.11810030 0.35709567 0.11629833 0.37114878 0.11954275 0.37295062 0.12242628 0.37186919 0.12711045 0.36898579 0.12891169 0.36664371 0.12837098 0.36610299 0.13071306 0.36322006 0.13251503 0.36087797 0.13197432 0.36033726 0.13431641 0.35745446 0.13611778 0.35511177 0.13557693 0.35457092 0.13791961 0.48573612 0.16820149 0.48861966 0.16639965 0.48916037 0.16405757 0.50357511 0.15505024 0.50411582 0.15270816 0.51564789 0.14550160 0.51618860 0.14315952 0.51923077 0.14125856 0.51923077 0.11425693
0 0.32188681 0.00000000 0.31080089 0.00692725 0.31026004 0.00926994 0.29584471 0.01827712 0.29530400 0.02061921 0.28088926 0.02962653 0.29260029 0.03233024 0.29440226 0.03521317 0.28863593 0.03881638 0.28809521 0.04115847 0.27944668 0.04656319 0.27890597 0.04890527 0.27602257 0.05070650 0.40718777 0.08098838 0.40772848 0.07864629 0.41061188 0.07684506 0.41295397 0.07738577 0.41349468 0.07504369 0.42214321 0.06963897 0.42322478 0.06495419 0.42610818 0.06315296 0.44016129 0.06639738 0.44196266 0.06928018 0.44088110 0.07396495 0.43799830 0.07576632 0.43565621 0.07522561 0.43511536 0.07756829 0.43223256 0.07936967 0.42989048 0.07882895 0.42934976 0.08117104 0.42358357 0.08477365 0.51923077 0.10685554 0.51923077 0.05011324 0.51799906 0.04982888 0.51619783 0.04694548 0.42016571 0.02477472 0.41962486 0.02711740 0.41674206 0.02891878 0.39800418 0.02459280 0.39746346 0.02693488 0.39458053 0.02873685 0.38052681 0.02549230 0.37872558 0.02260890 0.37926629 0.02026681 0.36755526 0.01756311 0.36575389 0.01468031 0.36683545 0.00999554 0.32354001 0.00000000 0.32188681 0.00000000
0 0.51923077 0.00000000 0.35559622 0.00000000 0.47854222 0.02838432 0.47908307 0.02604164 0.48484927 0.02243903 0.48539013 0.02009634 0.49692192 0.01289099 0.51097503 0.01613541 0.51277641 0.01901821 0.50412801 0.02442232 0.50358716 0.02676501 0.49493802 0.03216959 0.51923077 0.03777801 0.51923077 0.00000000
0 0.51923077 0.00000000 0.51923077 0.17975123 0.59549077 0.21309956 0.69423785 0.00000000 0.51923077 0.00000000
0 0.21409172 0.68325301 0.22422716 0.60589925 0.01650996 0.57070785 0.01279194 0.58041420 0.00015730 0.64704894 0.21409172 0.68325301
0 0.51923077 0.65784213 0.23014006 0.60652983 0.22006628 0.68664329 0.51649745 0.73432538 0.51923077 0.71990994 0.51923077 0.65784213
0 0.00000000 0.76099836 0.20299493 0.79548295 0.21380887 0.71783328 0.00000000 0.67951954 0.00000000 0.76099836
0 0.21724025 0.71910200 0.20706949 0.79507212 0.48517803 0.84288816 0.50643883 0.78737426 0.50974258 0.76995038 0.21724025 0.71910200
0 0.51923077 0.54342465 0.41324363 0.52724413 0.40219628 0.60544408 0.51923077 0.62398198 0.51923077 0.54342465
0 0.00000000 0.87340168 0.19005980 0.90667147 0.20066315 0.82958357 0.00000000 0.79523081 0.00000000 0.87340168
0 0.19349163 0.90793778 0.44464666 0.94872203 0.47271355 0.87543813 0.20544256 0.83025289 0.19349163 0.90793778
0 0.42500766 1.00000000 0.43712637 0.96835944 0.19355066 0.92704704 0.18725331 0.96366238 0.40546242 1.00000000 0.42500766 1.00000000
0 0.18923171 0.92663895 0.02114686 0.89728355 0.11544179 0.95082100 0.18247587 0.96299362 0.18923171 0.92663895
0 0.64538526 0.44138543 0.62030907 0.43600320 0.61749359 0.45001504 0.58862043 0.44774301 0.57672647 0.55908212 0.62774053 0.56719357 0.64538526 0.44138543
0 0.73705760 0.45372492 0.71575774 0.44799333 0.71316199 0.46287003 0.68681146 0.46085967 0.67494412 0.57454125 0.72802652 0.58159076 0.73705760 0.45372492
0 0.83189332 0.46938517 0.80879670 0.46812357 0.80850511 0.48027569 0.77837582 0.47551549 0.76951906 0.58719560 0.82081928 0.59481556 0.83189332 0.46938517
0 0.93354431 0.48580964 0.90655751 0.47876512 0.90639644 0.49216856 0.87863631 0.48901864 0.86556331 0.59613576 0.91965721 0.60710707 0.93354431 0.48580964
0 1.00000000 0.50749993 0.98141199 0.50707940 0.96297163 0.61530356 1.00000000 0.62512418 1.00000000 0.50749993
