0 0.27343800 0.18750000 0.27343800 0.22656200 0.29687500 0.22656200 0.30078100 0.23046900 0.31640600 0.23046900 0.31640600 0.19531200 0.30468800 0.19531200 0.30078100 0.19140600 0.30078100 0.18750000
0 0.38281200 0.17578100 0.37890600 0.17968800 0.32421900 0.17968800 0.32421900 0.23828100 0.54296900 0.23828100 0.54296900 0.18359400 0.53906200 0.17968800 0.53906200 0.17578100
0 0.99609400 0.14062500 0.99609400 0.14843800 0.99218800 0.15234400 0.99218800 0.26562500 0.99609400 0.26562500
0 0.91406200 0.12890600 0.91406200 0.18750000 0.91015600 0.19140600 0.77734400 0.19140600 0.76953100 0.18359400 0.55468800 0.18359400 0.55468800 0.24609400 0.57812500 0.24609400 0.58203100 0.25000000 0.58203100 0.25390600 0.76953100 0.25390600 0.77343800 0.25781200 0.77343800 0.26171900 0.92578100 0.26171900 0.92968800 0.25781200 0.96875000 0.25781200 0.96875000 0.15625000 0.96484400 0.15234400 0.96484400 0.12890600
0 0.85156200 0.12500000 0.84765600 0.12890600 0.78906200 0.12890600 0.78906200 0.18359400 0.83984400 0.18359400 0.84375000 0.17968800 0.84765600 0.18359400 0.90234400 0.18359400 0.90234400 0.13671900 0.90625000 0.13281200 0.90625000 0.12890600 0.90234400 0.12500000
0 0.73046900 0.11718800 0.73046900 0.16015600 0.74609400 0.16015600 0.75000000 0.16406200 0.74609400 0.16796900 0.73046900 0.16796900 0.73046900 0.17187500 0.73437500 0.17187500 0.73828100 0.17578100 0.78125000 0.17578100 0.78125000 0.12109400 0.77343800 0.12109400 0.76953100 0.11718800
0 0.60937500 0.11718800 0.60937500 0.17578100 0.66015600 0.17578100 0.66406200 0.17187500 0.66796900 0.17578100 0.70312500 0.17578100 0.70703100 0.17187500 0.72265600 0.17187500 0.72265600 0.11718800
0 0.55078100 0.11718800 0.55078100 0.17578100 0.60156200 0.17578100 0.60156200 0.11718800
0 0.48828100 0.10937500 0.48828100 0.15234400 0.50390600 0.15234400 0.50781200 0.15625000 0.50390600 0.16015600 0.48828100 0.16015600 0.48828100 0.16796900 0.53906200 0.16796900 0.54296900 0.16406200 0.54296900 0.16015600 0.53906200 0.15625000 0.54296900 0.15234400 0.54296900 0.10937500
0 0.42968800 0.10937500 0.42968800 0.16406200 0.48046900 0.16406200 0.48046900 0.11328100 0.47656200 0.10937500
0 0.37109400 0.10937500 0.37109400 0.15625000 0.36718800 0.16015600 0.30859400 0.16015600 0.30859400 0.16796900 0.35937500 0.16796900 0.36328100 0.16406200 0.37500000 0.16406200 0.37890600 0.16796900 0.42187500 0.16796900 0.42187500 0.10937500
0 0.31250000 0.10937500 0.30859400 0.11328100 0.30859400 0.15234400 0.36328100 0.15234400 0.36328100 0.11328100 0.35937500 0.10937500
0 0.05078120 0.10546900 0.05078120 0.14843800 0.08984380 0.14843800 0.09375000 0.15234400 0.08984380 0.15625000 0.05078120 0.15625000 0.05078120 0.16015600 0.16796900 0.16015600 0.17187500 0.16406200 0.16796900 0.16796900 0.09765620 0.16796900 0.09765620 0.23046900 0.20312500 0.23046900 0.20703100 0.22656200 0.25781200 0.22656200 0.25781200 0.21093800 0.25390600 0.20703100 0.25390600 0.18750000 0.23046900 0.18750000 0.22656200 0.18359400 0.22656200 0.16796900 0.22265600 0.16796900 0.21875000 0.16406200 0.22265600 0.16015600 0.22265600 0.11718800 0.22656200 0.11328100 0.22656200 0.10546900 0.11328100 0.10546900 0.11328100 0.10937500 0.10937500 0.11328100 0.10546900 0.10937500 0.10546900 0.10546900
0 0.00000000 0.10546900 0.00000000 0.19921900 0.03125000 0.19921900 0.03125000 0.10546900
0 0.92187500 0.01562500 0.92187500 0.11328100 0.97656200 0.11328100 0.97656200 0.01562500
0 0.42578100 0.00000000 0.42578100 0.08593750 0.47656200 0.08593750 0.48046900 0.08984380 0.48046900 0.09375000 0.64453100 0.09375000 0.64843800 0.09765620 0.64843800 0.10156200 0.73046900 0.10156200 0.73437500 0.09765620 0.80468800 0.09765620 0.80859400 0.10156200 0.80859400 0.10546900 0.85546900 0.10546900 0.85937500 0.10937500 0.91015600 0.10937500 0.91015600 0.03515620 0.87109400 0.03515620 0.86718800 0.03125000 0.86718800 0.02734380 0.70312500 0.02734380 0.69921900 0.02343750 0.69921900 0.01953120 0.62109400 0.01953120 0.61718800 0.01562500 0.61718800 0.01171880 0.51171900 0.01171880 0.50781200 0.00781250 0.50781200 0.00390625 0.50390600 0.00000000
0 0.25781200 0.00000000 0.25781200 0.00390625 0.25390600 0.00781250 0.00000000 0.00781250 0.00000000 0.08593750 0.02734380 0.08593750 0.03125000 0.08203120 0.40625000 0.08203120 0.41015600 0.07812500 0.41015600 0.00000000
