0 0.56875000 0.20959643 0.56726576 0.20936931 0.56100995 0.24752863 0.56875000 0.24871300 0.56875000 0.20959643
0 0.53411270 0.21950799 0.53630688 0.21984374 0.53665441 0.21772390 0.53919612 0.21593981 0.54058631 0.20745990 0.54312858 0.20567589 0.54532277 0.20601164 0.54949343 0.18057137 0.52754987 0.17721361 0.52570321 0.17475802 0.52639826 0.17051834 0.51762095 0.16917526 0.50962734 0.21793487 0.50708563 0.21971896 0.50604306 0.22607848 0.53018023 0.22977190 0.53157033 0.22129254 0.53411270 0.21950799
0 0.46424175 0.20664346 0.48399056 0.20966538 0.48768435 0.21457720 0.48733683 0.21669704 0.48918349 0.21915263 0.50234917 0.22116721 0.50651974 0.19572749 0.50906201 0.19394348 0.51288506 0.17062360 0.49971881 0.16860892 0.49787215 0.16615333 0.49856729 0.16191311 0.49637310 0.16157736 0.49452588 0.15912168 0.48136020 0.15710710 0.47951354 0.15465150 0.47986115 0.15253112 0.47801393 0.15007544 0.46265406 0.14772511 0.45896017 0.14281384 0.45930770 0.14069400 0.45491876 0.14002241 0.45237705 0.14180650 0.45018287 0.14147075 0.44114668 0.19658989 0.46308967 0.19994756 0.46493689 0.20240324 0.46424175 0.20664346
0 0.39276225 0.17614753 0.41470581 0.17950529 0.41655247 0.18196088 0.41874665 0.18229663 0.42059388 0.18475231 0.42024626 0.18687269 0.42902301 0.18821569 0.43087023 0.19067137 0.43525861 0.19134287 0.44255717 0.14682294 0.44509944 0.14503893 0.44579449 0.14079925 0.44394727 0.13834358 0.43516996 0.13700049 0.43332339 0.13454435 0.43367091 0.13242451 0.43182425 0.12996892 0.40768651 0.12627541 0.40583994 0.12381928 0.40653499 0.11957960 0.38459144 0.11622184 0.38274478 0.11376625 0.38343992 0.10952602 0.37685679 0.10851869 0.37372880 0.12759889 0.37118709 0.12938298 0.36527881 0.16542246 0.39161073 0.16945172 0.39345739 0.17190731 0.39276225 0.17614753
0 0.31065888 0.14185238 0.33260243 0.14521014 0.33444909 0.14766573 0.33375395 0.15190596 0.35569750 0.15526371 0.35754416 0.15771931 0.35684902 0.16195953 0.35869568 0.16441512 0.36088987 0.16475087 0.37062119 0.10539151 0.34867821 0.10203384 0.34683154 0.09957825 0.34752668 0.09533802 0.32997207 0.09265185 0.32812540 0.09019626 0.32882045 0.08595658 0.30248797 0.08192723 0.30144539 0.08828676 0.29890368 0.09007085 0.29195265 0.13247094 0.30950726 0.13515711 0.31135392 0.13761270 0.31065888 0.14185238
0 0.56875000 0.11580378 0.56719750 0.11373935 0.56061494 0.11273210 0.55876828 0.11027651 0.55911580 0.10815667 0.55472687 0.10748508 0.55288021 0.10502949 0.54190871 0.10335066 0.53739062 0.13091022 0.55055630 0.13292481 0.55240296 0.13538040 0.55170782 0.13962063 0.56706825 0.14197105 0.56875000 0.13171269 0.56875000 0.11580378
0 0.16470225 0.07170920 0.16654891 0.07416479 0.16585377 0.07840502 0.19218570 0.08243427 0.19403236 0.08488986 0.19333731 0.08912955 0.21308668 0.09215156 0.21864743 0.05823192 0.22118915 0.05644783 0.22303581 0.05890342 0.21643238 0.09918312 0.23398700 0.10186930 0.23583423 0.10432497 0.23513909 0.10856520 0.23698575 0.11102079 0.26112293 0.11471421 0.26297015 0.11716989 0.26227501 0.12141011 0.28641275 0.12510362 0.29475388 0.07422417 0.28158764 0.07220950 0.27974107 0.06975336 0.27754688 0.06941761 0.27569966 0.06696193 0.27604718 0.06484209 0.25410419 0.06148442 0.25225697 0.05902874 0.25295211 0.05478852 0.22442600 0.05042351 0.22257933 0.04796792 0.22038515 0.04763217 0.21853792 0.04517649 0.21888554 0.04305611 0.21703886 0.04060063 0.20167843 0.03825020 0.19983178 0.03579451 0.20017933 0.03367455 0.19833269 0.03121880 0.17638970 0.02786113 0.17454251 0.02540529 0.17523759 0.02116539 0.15329460 0.01780772 0.14947154 0.04112771 0.14692927 0.04291172 0.14310631 0.06623106 0.14749525 0.06690264 0.14934182 0.06935878 0.16470225 0.07170920
0 0.47030005 0.10108588 0.46960500 0.10532556 0.49154800 0.10868323 0.49339457 0.11113937 0.49269952 0.11537905 0.51464307 0.11873681 0.51648973 0.12119240 0.51579459 0.12543262 0.51764125 0.12788822 0.53080750 0.12990289 0.53334921 0.12811880 0.53751978 0.10267907 0.53093665 0.10167173 0.52908999 0.09921614 0.52470162 0.09854464 0.52285449 0.09608842 0.52320201 0.09396858 0.51442470 0.09262549 0.51257804 0.09016990 0.50160654 0.08849107 0.49975941 0.08603485 0.50010692 0.08391511 0.49133017 0.08257212 0.48948296 0.08011633 0.48509459 0.07944483 0.48324739 0.07698904 0.48394249 0.07274904 0.46199950 0.06939136 0.46015285 0.06693567 0.46084795 0.06269571 0.43671021 0.05900220 0.43486357 0.05654645 0.43555866 0.05230655 0.42897554 0.05129921 0.42341476 0.08521896 0.44096938 0.08790513 0.44281604 0.09036072 0.44212099 0.09460040 0.46845292 0.09862966 0.47030005 0.10108588
0 0.07298703 0.00000000 0.06723872 0.03506367 0.08479334 0.03774984 0.08664017 0.04020546 0.08594503 0.04444569 0.09691664 0.04612454 0.09876330 0.04858013 0.11192954 0.05059480 0.11377611 0.05305094 0.11308107 0.05729062 0.13721880 0.06098413 0.14104185 0.03766424 0.14358356 0.03588015 0.14671148 0.01680038 0.14451729 0.01646463 0.14267066 0.01400888 0.14336575 0.00976892 0.13019951 0.00775425 0.12835286 0.00529855 0.12904797 0.00105854 0.12213019 0.00000000 0.07298703 0.00000000
0 0.04149580 0.00000000 0.03860338 0.01764328 0.04045018 0.02009889 0.03975504 0.02433912 0.05950399 0.02736106 0.06135082 0.02981668 0.06354512 0.03015245 0.06848828 0.00000000 0.04149580 0.00000000
0 0.36510155 0.05673743 0.36440646 0.06097738 0.36625310 0.06343308 0.39258503 0.06746234 0.39443171 0.06991782 0.39373657 0.07415805 0.41568012 0.07751580 0.41741785 0.06691594 0.41995959 0.06513169 0.42239242 0.05029188 0.42019823 0.04995613 0.41835160 0.04750037 0.41904669 0.04326042 0.39929732 0.04023841 0.39745068 0.03778271 0.39779823 0.03566271 0.39595160 0.03320695 0.36961967 0.02917770 0.36777303 0.02672200 0.36846812 0.02248204 0.35091351 0.01979587 0.34906631 0.01734003 0.34976140 0.01310013 0.33440152 0.01074979 0.33255433 0.00829395 0.32816596 0.00762245 0.32631932 0.00516673 0.32666686 0.00304675 0.32227793 0.00237516 0.31602208 0.04053475 0.34015982 0.04422826 0.34200645 0.04668402 0.34131137 0.05092392 0.36325492 0.05428167 0.36510155 0.05673743
0 0.23116817 0.00000000 0.23241956 0.00166417 0.23172447 0.00590413 0.25586220 0.00959763 0.25770885 0.01205333 0.25701375 0.01629334 0.28115148 0.01998685 0.28484533 0.02489833 0.28449778 0.02701834 0.29985765 0.02936867 0.30170485 0.03182452 0.31048159 0.03316751 0.31117670 0.02892751 0.31371899 0.02714339 0.31788956 0.00170366 0.30675580 0.00000000 0.23116817 0.00000000
0 0.56875000 0.28817206 0.58089610 0.29066229 0.61279280 0.30595623 0.80032409 0.33473576 0.80936515 0.32398360 0.82050229 0.26612942 0.81817012 0.25748661 0.75496035 0.24047498 0.56875000 0.21692786 0.56875000 0.28817206
0 0.56875000 0.17861016 0.64258096 0.19916807 0.83389742 0.22467910 0.84234268 0.21364289 0.85411753 0.15191794 0.81690427 0.13097070 0.57241197 0.09891669 0.56875000 0.11714589 0.56875000 0.17861016
0 0.28151350 0.90476840 0.40617491 0.91052793 0.40758575 0.86259436 0.27877335 0.85842394 0.28151350 0.90476840
0 0.82162591 0.71705158 0.93927161 0.72562848 0.94228374 0.70100314 0.92562342 0.70088943 0.92433467 0.70767014 0.82390523 0.70067048 0.82162591 0.71705158
0 0.81981409 0.73975010 0.93095031 0.74746783 0.93476855 0.73615542 0.82140860 0.72258354 0.81981409 0.73975010
0 0.81663265 0.76087769 0.93050811 0.77173729 0.93364154 0.75963941 0.81891197 0.74449659 0.81663265 0.76087769
0 0.81023690 0.78575152 0.92573973 0.79682591 0.92844611 0.78258642 0.81345878 0.76879975 0.81023690 0.78575152
0 0.80705546 0.80687911 0.91985948 0.81898745 0.92406436 0.80564083 0.81057552 0.79274702 0.80705546 0.80687911
0 0.80297190 0.83275319 0.91967503 0.84190077 0.92049629 0.82880263 0.80456640 0.81558663 0.80297190 0.83275319
0 0.79829196 0.85298792 0.91623584 0.86438450 0.91842672 0.85285730 0.79949984 0.83785557 0.79829196 0.85298792
0 0.79189621 0.87786175 0.91116928 0.88665344 0.91267535 0.87434077 0.79661658 0.86180284 0.79189621 0.87786175
0 0.78888408 0.90248709 0.90516016 0.90949305 0.90880910 0.89468289 0.79360445 0.88642818 0.78888408 0.90248709
0 0.78647589 0.91954625 0.90321946 0.93286965 0.90284041 0.92169833 0.78729715 0.90644812 0.78647589 0.91954625
0 0.90797661 1.00000000 0.90819260 0.99886362 0.61119759 0.95966413 0.59786121 1.00000000 0.90797661 1.00000000
