0 0.18713341 0.11144007 0.18485521 0.11280392 0.18288858 0.11254733 0.18060996 0.11391070 0.17667671 0.11339753 0.17439859 0.11476096 0.17243196 0.11450438 0.17015326 0.11586816 0.16622000 0.11535499 0.16394138 0.11671836 0.16197476 0.11646177 0.16135179 0.11970181 0.16300694 0.12157842 0.16238389 0.12481888 0.16403954 0.12669555 0.16341649 0.12993601 0.16507164 0.13181261 0.16476015 0.13343263 0.16641530 0.13530924 0.16579225 0.13854970 0.16744790 0.14042637 0.16713634 0.14204681 0.17106960 0.14255998 0.17334779 0.14119613 0.17728156 0.14170937 0.17955967 0.14034593 0.18152630 0.14060252 0.18380492 0.13923915 0.18773818 0.13975232 0.19001637 0.13838847 0.19198300 0.13864506 0.19426162 0.13728169 0.19819488 0.13779486 0.20047350 0.13643149 0.20244013 0.13668808 0.20471824 0.13532464 0.20865150 0.13583782 0.21093012 0.13447445 0.21289675 0.13473103 0.21517495 0.13336718 0.21548643 0.13174716 0.21383128 0.12987055 0.21445433 0.12663010 0.21279918 0.12475349 0.21311067 0.12313347 0.21145502 0.12125680 0.21207806 0.11801634 0.21042292 0.11613973 0.21104596 0.11289928 0.20939082 0.11102267 0.20970230 0.10940265 0.20380191 0.10863282 0.20152379 0.10999626 0.19955716 0.10973967 0.19727854 0.11110304 0.19334529 0.11058987 0.19106717 0.11195330 0.18713341 0.11144007
0 0.11116902 0.07661782 0.10889091 0.07798125 0.10495715 0.07746801 0.10267903 0.07883145 0.09874577 0.07831828 0.09646707 0.07968206 0.09253381 0.07916889 0.09025520 0.08053226 0.08828857 0.08027567 0.08601045 0.08163911 0.08538749 0.08487915 0.08704255 0.08675617 0.08673107 0.08837619 0.08838622 0.09025280 0.08776317 0.09349326 0.08941882 0.09536993 0.08910734 0.09698995 0.09076248 0.09886656 0.09013944 0.10210702 0.09179458 0.10398362 0.09148302 0.10560406 0.09313867 0.10748073 0.09251570 0.11072077 0.09417085 0.11259738 0.09354780 0.11583784 0.09520295 0.11771444 0.09489138 0.11933488 0.09654653 0.12121149 0.09592356 0.12445153 0.09757871 0.12632814 0.09726715 0.12794857 0.09892280 0.12982524 0.09829975 0.13306570 0.09995490 0.13494231 0.09933193 0.13818235 0.10098708 0.14005896 0.10067551 0.14167939 0.10233116 0.14355607 0.10170812 0.14679652 0.10336326 0.14867313 0.10274029 0.15191317 0.10439544 0.15378978 0.10408388 0.15541022 0.10573903 0.15728682 0.10511598 0.16052728 0.10677112 0.16240389 0.10645964 0.16402391 0.10811529 0.16590058 0.10749224 0.16914104 0.10914739 0.17101765 0.10852434 0.17425810 0.11049097 0.17451469 0.11276967 0.17315091 0.11473630 0.17340749 0.11701442 0.17204406 0.12094768 0.17255723 0.12125916 0.17093721 0.11960409 0.16906019 0.12188221 0.16769675 0.12384934 0.16795340 0.12612745 0.16658997 0.12809408 0.16684655 0.13037270 0.16548319 0.13430596 0.16599636 0.13658408 0.16463292 0.13855071 0.16488951 0.14082940 0.16352572 0.14279603 0.16378231 0.14507415 0.16241887 0.14538563 0.16079886 0.14766433 0.15943507 0.14963096 0.15969166 0.15190907 0.15832822 0.15387570 0.15858481 0.15615382 0.15722137 0.15449867 0.15534477 0.15512172 0.15210431 0.15346657 0.15022770 0.15408962 0.14698724 0.15243447 0.14511064 0.15305744 0.14187059 0.15140229 0.13999399 0.15171386 0.13837355 0.15005820 0.13649688 0.15068125 0.13325642 0.14902611 0.13137981 0.14964907 0.12813977 0.14799393 0.12626317 0.14830549 0.12464273 0.14664984 0.12276606 0.14727289 0.11952560 0.14561774 0.11764899 0.14624071 0.11440895 0.14458556 0.11253234 0.14489712 0.11091191 0.14324198 0.10903530 0.14386502 0.10579484 0.14220988 0.10391824 0.14283284 0.10067819 0.14117720 0.09880152 0.14148876 0.09718109 0.13983361 0.09530448 0.14045666 0.09206402 0.13880151 0.09018741 0.13942448 0.08694737 0.13776883 0.08507070 0.13808039 0.08345026 0.13642524 0.08157366 0.13704829 0.07833320 0.13311503 0.07782003 0.13083684 0.07918388 0.12752612 0.07543018 0.12783761 0.07381016 0.12555949 0.07517360 0.12162573 0.07466036 0.11934761 0.07602379 0.11541435 0.07551062 0.11313566 0.07687440 0.11116902 0.07661782
0 0.18259529 0.08261505 0.18031718 0.08397849 0.17835055 0.08372190 0.17607185 0.08508569 0.17213859 0.08457251 0.16985997 0.08593588 0.16789334 0.08567930 0.16561523 0.08704273 0.16168197 0.08652956 0.15940327 0.08789334 0.15743664 0.08763676 0.15515853 0.08900019 0.15319139 0.08874354 0.15484704 0.09062021 0.15422408 0.09386026 0.15587914 0.09573728 0.15556766 0.09735730 0.15722281 0.09923390 0.15659976 0.10247436 0.15825541 0.10435104 0.15794393 0.10597106 0.15959907 0.10784766 0.15897603 0.11108812 0.16063117 0.11296473 0.16259780 0.11322131 0.16487592 0.11185788 0.16880968 0.11237112 0.17108779 0.11100768 0.17305493 0.11126433 0.17533312 0.10990048 0.17926638 0.11041366 0.18154449 0.10905022 0.18351163 0.10930687 0.18578974 0.10794344 0.18972351 0.10845668 0.19200162 0.10709324 0.19396825 0.10734983 0.19624637 0.10598639 0.20018013 0.10649963 0.20245832 0.10513578 0.20442495 0.10539237 0.20670357 0.10402900 0.20732662 0.10078854 0.20567097 0.09891187 0.20629393 0.09567183 0.20463879 0.09379522 0.20495035 0.09217478 0.20329521 0.09029818 0.20391825 0.08705772 0.20226260 0.08518104 0.20257409 0.08356103 0.20091894 0.08168442 0.20123042 0.08006440 0.19926379 0.07980781 0.19698568 0.08117124 0.19305191 0.08065801 0.19077380 0.08202144 0.18880717 0.08176486 0.18652855 0.08312822 0.18259529 0.08261505
0 0.25071076 0.08485901 0.24843257 0.08622286 0.24449931 0.08570969 0.24222119 0.08707312 0.23828743 0.08655988 0.23600932 0.08792332 0.23404218 0.08766666 0.23176407 0.08903010 0.22783081 0.08851693 0.22555270 0.08988036 0.22358556 0.08962371 0.22130737 0.09098756 0.22099588 0.09260758 0.22265103 0.09448419 0.22202798 0.09772465 0.22368363 0.09960132 0.22306067 0.10284136 0.22471573 0.10471838 0.22440425 0.10633840 0.22605940 0.10821501 0.22543635 0.11145547 0.22709150 0.11333207 0.22646853 0.11657212 0.22874664 0.11520868 0.23268041 0.11572192 0.23495852 0.11435849 0.23692565 0.11461514 0.23920377 0.11325170 0.24313703 0.11376488 0.24541514 0.11240144 0.24934891 0.11291468 0.25162710 0.11155083 0.25359423 0.11180748 0.25587235 0.11044404 0.25980561 0.11095722 0.26208372 0.10959378 0.26601749 0.11010702 0.26829568 0.10874317 0.27026281 0.10899982 0.27254093 0.10763639 0.27450756 0.10789297 0.27481904 0.10627295 0.27316389 0.10439635 0.27378694 0.10115589 0.27213179 0.09927928 0.27275484 0.09603882 0.27109919 0.09416215 0.27141067 0.09254213 0.26975553 0.09066552 0.27037858 0.08742507 0.26872343 0.08554846 0.26934648 0.08230800 0.26541271 0.08179476 0.26313452 0.08315861 0.26116789 0.08290203 0.25888977 0.08426546 0.25495601 0.08375222 0.25267790 0.08511566 0.25071076 0.08485901
0 0.24223939 0.05552082 0.23996077 0.05688419 0.23602751 0.05637102 0.23374932 0.05773487 0.23178269 0.05747828 0.22950407 0.05884165 0.22557081 0.05832848 0.22329219 0.05969185 0.22132556 0.05943526 0.21904745 0.06079870 0.21511419 0.06028553 0.21283557 0.06164889 0.21449114 0.06352598 0.21417966 0.06514600 0.21583480 0.06702261 0.21521176 0.07026307 0.21686690 0.07213967 0.21655542 0.07375970 0.21821057 0.07563630 0.21758752 0.07887676 0.21924266 0.08075337 0.21893110 0.08237380 0.22058675 0.08425048 0.22027527 0.08587050 0.22420853 0.08638367 0.22648715 0.08502030 0.22845378 0.08527689 0.23073189 0.08391345 0.23466515 0.08442662 0.23694385 0.08306284 0.23891048 0.08331943 0.24118859 0.08195599 0.24512236 0.08246923 0.24740047 0.08110579 0.25133373 0.08161896 0.25361243 0.08025518 0.25557906 0.08051177 0.25785717 0.07914833 0.26179094 0.07966157 0.26406905 0.07829814 0.26800231 0.07881131 0.26634716 0.07693470 0.26697021 0.07369424 0.26531506 0.07181764 0.26562655 0.07019762 0.26397148 0.06832059 0.26459445 0.06508055 0.26293930 0.06320394 0.26325079 0.06158392 0.26159521 0.05970684 0.26221818 0.05646679 0.26056312 0.05458977 0.26087460 0.05296975 0.25694083 0.05245651 0.25466272 0.05381995 0.25269609 0.05356336 0.25041790 0.05492721 0.24648413 0.05441397 0.24420602 0.05577741 0.24223939 0.05552082
0 0.17246827 0.05140019 0.17412341 0.05327680 0.17184530 0.05464024 0.16987867 0.05438365 0.16760056 0.05574708 0.16563342 0.05549043 0.16397828 0.05361383 0.16625639 0.05225039 0.16460124 0.05037378 0.16263461 0.05011720 0.16035599 0.05148057 0.15642273 0.05096739 0.15414462 0.05233083 0.15383314 0.05395085 0.15579977 0.05420744 0.15745484 0.05608446 0.15517672 0.05744789 0.15321009 0.05719131 0.15093198 0.05855474 0.14699821 0.05804150 0.14637516 0.06128196 0.14803031 0.06315857 0.14771883 0.06477859 0.14937448 0.06665526 0.14875143 0.06989572 0.15040658 0.07177233 0.15009501 0.07339276 0.15175016 0.07526937 0.15112719 0.07850941 0.15278234 0.08038602 0.15215929 0.08362648 0.15609306 0.08413971 0.15837117 0.08277628 0.16230494 0.08328952 0.16458313 0.08192567 0.16654976 0.08218225 0.16882787 0.08081882 0.17276164 0.08133206 0.17503975 0.07996862 0.17700638 0.08022521 0.17928500 0.07886184 0.18321826 0.07937501 0.18549637 0.07801158 0.18943014 0.07852481 0.19170833 0.07716096 0.19367496 0.07741755 0.19595358 0.07605418 0.19988684 0.07656735 0.20050989 0.07332690 0.19885474 0.07145029 0.19947771 0.06821025 0.19782256 0.06633364 0.19813412 0.06471320 0.19647847 0.06283653 0.19710152 0.05959607 0.19544637 0.05771947 0.19575786 0.05609945 0.19410271 0.05422284 0.19472576 0.05098238 0.19079199 0.05046914 0.18851380 0.05183299 0.18654717 0.05157641 0.18323645 0.04782271 0.18385950 0.04458226 0.18220435 0.04270565 0.17827059 0.04219241 0.17599248 0.04355585 0.17402585 0.04329926 0.17174765 0.04466311 0.17143617 0.04628313 0.17309131 0.04815974 0.17246827 0.05140019
0 0.10624001 0.00788319 0.10396137 0.00924669 0.10199474 0.00899010 0.09971661 0.01035362 0.09578335 0.00984045 0.09484884 0.01470084 0.09257020 0.01606429 0.08863694 0.01555112 0.08635831 0.01691457 0.08242505 0.01640140 0.08211358 0.01802134 0.08376875 0.01989837 0.07921232 0.02262522 0.07331203 0.02185541 0.07268898 0.02509586 0.07434423 0.02697248 0.07403274 0.02859251 0.07568804 0.03046913 0.07506499 0.03370959 0.07672029 0.03558621 0.07609724 0.03882667 0.07775249 0.04070329 0.07712952 0.04394333 0.07878469 0.04582037 0.07847321 0.04744039 0.08012825 0.04931698 0.07950521 0.05255744 0.08116086 0.05443412 0.08053789 0.05767416 0.08219296 0.05955118 0.08188147 0.06117120 0.08353662 0.06304781 0.08291357 0.06628826 0.08456922 0.06816494 0.08394626 0.07140498 0.08560132 0.07328200 0.08528984 0.07490202 0.08922310 0.07541520 0.09150121 0.07405176 0.09346835 0.07430841 0.09574654 0.07294456 0.09771317 0.07320115 0.09802465 0.07158113 0.09636951 0.06970452 0.09699247 0.06646448 0.10154929 0.06373726 0.10351592 0.06399385 0.10579403 0.06263041 0.10972729 0.06314358 0.11200599 0.06177980 0.11397262 0.06203638 0.11625073 0.06067295 0.12018449 0.06118619 0.12080746 0.05794614 0.12308558 0.05658271 0.12505221 0.05683930 0.12733040 0.05547545 0.13126416 0.05598868 0.13157565 0.05436866 0.12992050 0.05249205 0.13054355 0.04925160 0.12888790 0.04737493 0.12919938 0.04575491 0.12754424 0.04387830 0.12816728 0.04063784 0.12651213 0.03876123 0.12713518 0.03552078 0.12548004 0.03364417 0.12579152 0.03202415 0.12413637 0.03014754 0.12475942 0.02690708 0.12310377 0.02503041 0.12372680 0.02179004 0.12207167 0.01991335 0.12269468 0.01667310 0.12103955 0.01479637 0.12135105 0.01317626 0.11969542 0.01129951 0.12031844 0.00805922 0.11866330 0.00618253 0.11928631 0.00294228 0.11535305 0.00242910 0.11307491 0.00379266 0.10914115 0.00327942 0.10686302 0.00464294 0.10489589 0.00438629 0.10655152 0.00626305 0.10624001 0.00788319
0 0.23625955 0.01322149 0.23398142 0.01458501 0.23004766 0.01407177 0.22776953 0.01543529 0.22714652 0.01867558 0.22880165 0.02055227 0.22817864 0.02379252 0.23211240 0.02430576 0.23376753 0.02618249 0.23148940 0.02754601 0.22952226 0.02728935 0.22724413 0.02865287 0.22331087 0.02813970 0.22103273 0.02950326 0.21709897 0.02899002 0.21482083 0.03035358 0.21285370 0.03009693 0.21057557 0.03146045 0.20664231 0.03094727 0.20601934 0.03418732 0.20767441 0.03606434 0.20705144 0.03930438 0.20870651 0.04118140 0.20839503 0.04280142 0.21005017 0.04467803 0.20942720 0.04791807 0.21108277 0.04979516 0.21045981 0.05303520 0.21211488 0.05491222 0.21180339 0.05653224 0.21770378 0.05730207 0.21998190 0.05593863 0.22194853 0.05619522 0.22422672 0.05483137 0.22619386 0.05508802 0.22847197 0.05372459 0.23240573 0.05423783 0.23468385 0.05287439 0.23665048 0.05313098 0.23892867 0.05176713 0.24286244 0.05228037 0.24514055 0.05091693 0.24710718 0.05117352 0.24938580 0.04981015 0.25331906 0.05032332 0.25559717 0.04895988 0.25756380 0.04921647 0.25984242 0.04785310 0.26015398 0.04623267 0.25849833 0.04435599 0.25880982 0.04273597 0.25715475 0.04085895 0.25777771 0.03761891 0.25612258 0.03574222 0.25643409 0.03412207 0.25477897 0.03224534 0.25540197 0.02900513 0.25374685 0.02712840 0.25436985 0.02388815 0.25043609 0.02337491 0.24815796 0.02473843 0.24619083 0.02448178 0.24391269 0.02584534 0.23997943 0.02533217 0.23832430 0.02345543 0.24060244 0.02209192 0.24256906 0.02234850 0.24484720 0.02098498 0.24681383 0.02124157 0.24909247 0.01987808 0.25302573 0.02039125 0.25333723 0.01877110 0.25168210 0.01689441 0.25199360 0.01527431 0.25033848 0.01339758 0.25096149 0.01015733 0.24868285 0.01152078 0.24474959 0.01100761 0.24247146 0.01237117 0.24050483 0.01211458 0.23822619 0.01347807 0.23625955 0.01322149
0 0.40043495 0.02965912 0.39981195 0.03289937 0.40146707 0.03477610 0.40115557 0.03639621 0.40281070 0.03827290 0.40249919 0.03989304 0.40415431 0.04176978 0.40353131 0.04500998 0.40518694 0.04688678 0.40487543 0.04850693 0.40880869 0.04902010 0.41108734 0.04765660 0.41305397 0.04791319 0.41533210 0.04654963 0.41729873 0.04680622 0.41957686 0.04544270 0.42351063 0.04595594 0.42413363 0.04271569 0.42869040 0.03998868 0.43262367 0.04050185 0.43490179 0.03913833 0.43686843 0.03939492 0.43914707 0.03803142 0.43977008 0.03479117 0.44204820 0.03342766 0.44401483 0.03368424 0.44629348 0.03232075 0.45022674 0.03283392 0.45250487 0.03147036 0.45447151 0.03172695 0.45478300 0.03010684 0.45312788 0.02823015 0.45343938 0.02661001 0.45178425 0.02473330 0.45209576 0.02311317 0.39702659 0.01592830 0.39640358 0.01916855 0.39805870 0.02104528 0.39743570 0.02428549 0.39909133 0.02616229 0.39877982 0.02778243 0.40043495 0.02965912
0 0.19675149 0.00000000 0.19817045 0.00160894 0.19754745 0.00484915 0.19920257 0.00672588 0.19857956 0.00996613 0.20023469 0.01184282 0.19992319 0.01346296 0.20385695 0.01397620 0.20613509 0.01261264 0.21006885 0.01312588 0.21234698 0.01176236 0.21431361 0.01201895 0.21265848 0.01014226 0.21721476 0.00741514 0.22114852 0.00792838 0.22342665 0.00656486 0.22404966 0.00332461 0.22632830 0.00196112 0.22829493 0.00221770 0.23057306 0.00085419 0.23450632 0.00136736 0.23476922 0.00000000 0.19675149 0.00000000
0 0.13194885 0.00000000 0.13139861 0.00286178 0.13305373 0.00473851 0.13274222 0.00635866 0.13439735 0.00823535 0.13377435 0.01147560 0.13542947 0.01335233 0.13480647 0.01659254 0.13646210 0.01846933 0.13615059 0.02008948 0.13780572 0.02196617 0.13718275 0.02520621 0.13883782 0.02708323 0.13821485 0.03032327 0.13987042 0.03220036 0.13955894 0.03382038 0.14121408 0.03569699 0.14059112 0.03893703 0.14224619 0.04081405 0.14162322 0.04405410 0.14327828 0.04593112 0.14555648 0.04456727 0.14752361 0.04482392 0.14980173 0.04346048 0.15373549 0.04397372 0.15467002 0.03911325 0.15301437 0.03723657 0.15332585 0.03561655 0.15560447 0.03425318 0.15953773 0.03476635 0.16181592 0.03340251 0.16574969 0.03391574 0.16802780 0.03255231 0.17196157 0.03306554 0.17423968 0.03170211 0.17620631 0.03195870 0.17682934 0.02871832 0.17910747 0.02735480 0.18107410 0.02761139 0.18335273 0.02624794 0.18531937 0.02650453 0.18759750 0.02514096 0.18956464 0.02539762 0.18790901 0.02352082 0.18853201 0.02028061 0.18687689 0.01840388 0.18749989 0.01516363 0.18584476 0.01328694 0.18615627 0.01166680 0.18450065 0.00979000 0.18512364 0.00654979 0.18346852 0.00467306 0.18409153 0.00143281 0.18282788 0.00000000 0.13194885 0.00000000
0 1.00000000 0.26065720 0.97836244 0.25723014 0.97408497 0.28423700 0.97185050 0.28586044 0.95779580 0.37459831 0.95556133 0.37622175 0.94863991 0.41992188 0.98027945 0.41992188 1.00000000 0.29541119 1.00000000 0.26065720
0 0.11027383 1.00000000 0.13894406 0.99092451 0.34569693 0.94654958 0.35010619 0.85628428 0.33914279 0.85059290 0.12020438 0.89699277 0.04577311 0.90497872 0.02130616 0.89714860 0.00870126 0.92679171 0.01233180 0.97878098 0.02036880 1.00000000 0.11027383 1.00000000
0 0.66985704 0.74003412 0.67913896 0.59600611 0.61653073 0.57547960 0.60083922 0.57817993 0.58756608 0.57371538 0.57565075 0.57793248 0.54476794 0.56926250 0.53690279 0.71773003 0.59205135 0.73845540 0.60963649 0.73643071 0.62290517 0.74096188 0.63089867 0.73740427 0.65188106 0.74255822 0.66985704 0.74003412
0 0.72481717 0.71016254 0.72916971 0.60167356 0.72598604 0.59130355 0.68078919 0.58583364 0.67752333 0.73602510 0.70430252 0.74147418 0.70749499 0.70825816 0.72481717 0.71016254
