0 0.43906250 0.52139622 0.39367240 0.52352279 0.39468994 0.56261625 0.43906250 0.56053735 0.43906250 0.52139622
0 0.26749183 0.55476074 0.26755169 0.55706081 0.38582056 0.55151979 0.38510229 0.52392431 0.35596367 0.52528948 0.35418988 0.52307031 0.30619667 0.52531884 0.30643608 0.53451674 0.30478202 0.53689711 0.28764137 0.53770016 0.28586757 0.53548040 0.28562816 0.52628249 0.24106282 0.52837042 0.23928902 0.52615066 0.19643805 0.52815827 0.19691690 0.54655525 0.22434158 0.54527038 0.22611538 0.54749015 0.22623509 0.55208910 0.26394426 0.55032239 0.26749183 0.55476074
0 0.43906250 0.46153280 0.40582849 0.46308985 0.40618763 0.47688788 0.40453355 0.47926766 0.40549124 0.51606164 0.43906250 0.51448879 0.43906250 0.46153280
0 0.40034944 0.51630254 0.39681795 0.38062459 0.39847203 0.37824482 0.39667635 0.30925581 0.35553931 0.31118312 0.35376553 0.30896394 0.35033722 0.30912456 0.35207305 0.37581409 0.35041897 0.37819387 0.35401031 0.51617129 0.35743818 0.51601069 0.35921240 0.51822984 0.40034944 0.51630254
0 0.33521558 0.51935412 0.33491630 0.50785615 0.31434779 0.50881981 0.31257400 0.50660063 0.31209516 0.48820364 0.31374922 0.48582327 0.33431774 0.48485962 0.33597182 0.48247984 0.33567255 0.47098187 0.33053075 0.47122277 0.32875652 0.46900361 0.31333024 0.46972635 0.31155644 0.46750658 0.31107760 0.44910960 0.31273168 0.44672982 0.31787392 0.44648890 0.31964770 0.44870808 0.33336005 0.44806564 0.33501413 0.44568586 0.33483456 0.43878685 0.33306077 0.43656767 0.31249226 0.43753132 0.31071847 0.43531215 0.31023963 0.41691516 0.31189371 0.41453538 0.33417616 0.41349143 0.33381702 0.39969339 0.31153457 0.40073735 0.30976078 0.39851817 0.30928193 0.38012118 0.31093602 0.37774140 0.33321847 0.37669745 0.33297903 0.36749836 0.31069658 0.36854232 0.30892279 0.36632314 0.30844395 0.34792615 0.31009803 0.34554638 0.33238048 0.34450242 0.33202134 0.33070439 0.31316719 0.33158772 0.31139297 0.32936857 0.30967903 0.32944886 0.30790525 0.32722969 0.30748625 0.31113218 0.19264526 0.31651259 0.19390224 0.36480513 0.19224816 0.36718490 0.19631835 0.52355931 0.27687848 0.51978499 0.27865227 0.52200417 0.33521558 0.51935412
0 0.43625714 0.24753858 0.43476075 0.19004813 0.42619021 0.19044967 0.42441642 0.18823050 0.42423685 0.18133148 0.37967195 0.18341939 0.37985152 0.19031841 0.37819744 0.19269818 0.35591455 0.19374216 0.35414077 0.19152298 0.35396120 0.18462396 0.33167874 0.18566792 0.32990450 0.18344817 0.32984465 0.18114870 0.30756220 0.18219265 0.30774177 0.18909167 0.30608769 0.19147145 0.28551918 0.19243510 0.28374539 0.19021592 0.28356582 0.18331691 0.28179203 0.18109773 0.24922510 0.18262352 0.25000322 0.21251848 0.24834872 0.21489887 0.24936626 0.25399232 0.32135629 0.25061952 0.32313008 0.25283870 0.43625714 0.24753858
0 0.25173369 0.08119916 0.24995947 0.07898000 0.19682446 0.08146943 0.19760258 0.11136439 0.19594806 0.11374419 0.19750432 0.17353470 0.25578200 0.17080433 0.25344763 0.08111886 0.25173369 0.08119916
0 0.40407198 0.00000000 0.40761346 0.13606174 0.40595938 0.13844152 0.40679737 0.17063654 0.43422206 0.16935167 0.42981409 0.00000000 0.40407198 0.00000000
0 0.33027814 0.00000000 0.33223354 0.07512538 0.33057946 0.07750516 0.26030380 0.08079764 0.26054322 0.08999614 0.28282567 0.08895218 0.28459946 0.09117136 0.28495860 0.10496940 0.28330452 0.10734917 0.26102207 0.10839313 0.26174034 0.13598861 0.26688258 0.13574769 0.26865636 0.13796687 0.28408264 0.13724413 0.28585644 0.13946390 0.28615571 0.15096187 0.28450163 0.15334165 0.26221918 0.15438560 0.26269803 0.17278259 0.27983824 0.17197955 0.28161246 0.17419871 0.32617736 0.17211080 0.32795116 0.17433057 0.37423044 0.17216234 0.37600422 0.17438151 0.40171498 0.17317694 0.40336906 0.17079716 0.40259093 0.14090161 0.38030847 0.14194557 0.37853469 0.13972639 0.37817555 0.12592835 0.37982963 0.12354858 0.40211208 0.12250462 0.40151353 0.09950868 0.39122949 0.09999050 0.38945571 0.09777132 0.37917123 0.09825316 0.37739743 0.09603339 0.37709815 0.08453542 0.37875223 0.08215565 0.40103468 0.08111169 0.40037627 0.05581568 0.37980775 0.05677934 0.37803397 0.05456016 0.37773468 0.04306190 0.37938876 0.04068195 0.39995728 0.03971829 0.39929887 0.01442246 0.37873035 0.01538611 0.37695656 0.01316676 0.37661385 0.00000000 0.33027814 0.00000000
0 0.25820076 0.00000000 0.25916654 0.03710476 0.26945058 0.03662295 0.27122437 0.03884230 0.27140394 0.04574114 0.26974986 0.04812109 0.25946582 0.04860291 0.26012423 0.07389862 0.32525765 0.07084706 0.32341361 0.00000000 0.25820076 0.00000000
0 0.21569930 0.00000000 0.19644344 0.00090216 0.19656315 0.00550140 0.19490908 0.00788136 0.19670474 0.07686989 0.25326806 0.07421984 0.25133623 0.00000000 0.21569930 0.00000000
0 0.79227891 0.31076666 0.83716145 0.26386077 0.81176525 0.24731044 0.77229024 0.29339742 0.79227891 0.31076666
0 0.79637379 0.22857212 0.68549227 0.33835402 0.70549454 0.35727685 0.81177347 0.24848587 0.79637379 0.22857212
0 0.78377696 0.23765790 0.77087799 0.22891368 0.67212682 0.33156320 0.68516108 0.33988369 0.78377696 0.23765790
0 0.72138638 0.27675912 0.70959305 0.27057475 0.66262908 0.32100386 0.67325924 0.32889080 0.72138638 0.27675912
0 0.75143119 0.33276656 0.74517575 0.32466119 0.70351072 0.36090923 0.71871055 0.37044395 0.75143119 0.33276656
0 0.79045269 0.35584848 0.83545299 0.31473263 0.82660690 0.30734311 0.78170620 0.34866967 0.79045269 0.35584848
0 0.84965404 0.33049819 0.83844942 0.32133833 0.80139506 0.36090093 0.80667571 0.36768639 0.84965404 0.33049819
0 0.86164321 0.34591729 0.85016413 0.33650905 0.81384378 0.37573488 0.82845126 0.38348450 0.86164321 0.34591729
0 0.43906250 1.00000000 0.43906250 0.77051493 0.07350991 0.89713048 0.10263871 1.00000000 0.43906250 1.00000000
0 0.43906250 1.00000000 1.00000000 1.00000000 1.00000000 0.76862221 0.59552921 0.77975696 0.59640795 0.79735420 0.48928957 0.79717528 0.48347365 0.78477695 0.43906250 0.78584173 0.43906250 1.00000000
0 1.00000000 0.58906250 0.43906250 0.58906250 0.43906250 0.76851979 0.48539279 0.76993531 0.48531370 0.75249307 0.59680189 0.75056664 0.59514506 0.72116436 0.68554936 0.72114210 0.68674241 0.76461913 0.79709713 0.75991807 0.79818745 0.71552172 0.82647475 0.71887249 0.82761134 0.74380895 0.93780938 0.74456043 0.93991877 0.71582556 0.98063674 0.71737578 0.97914117 0.75858433 1.00000000 0.75785592 1.00000000 0.58906250
