0 0.00000000 0.45398486 0.00471500 0.45021657 0.00662543 0.45071635 0.00894200 0.44886437 0.01016026 0.44181027 0.00865589 0.43895932 0.00946799 0.43425699 0.00796363 0.43140604 0.00836978 0.42905427 0.00686536 0.42620331 0.00767757 0.42150038 0.00617315 0.41864942 0.00698526 0.41394709 0.00548089 0.41109614 0.00629309 0.40639321 0.00478872 0.40354226 0.00519488 0.40119049 0.00369046 0.39833953 0.00450257 0.39363720 0.00299815 0.39078624 0.00381036 0.38608331 0.00230599 0.38323236 0.00271214 0.38088059 0.00120778 0.37802964 0.00201988 0.37332731 0.00051546 0.37047635 0.00132767 0.36577342 0.00000000 0.36325741 0.00000000 0.45398486
0 0.00000000 0.23529959 0.00142883 0.23800731 0.00061673 0.24270964 0.00212099 0.24556119 0.00171494 0.24791236 0.00321931 0.25076331 0.00240710 0.25546624 0.00391152 0.25831720 0.00309942 0.26301953 0.00460373 0.26587109 0.00379163 0.27057342 0.00529589 0.27342497 0.00488984 0.27577614 0.00639421 0.27862709 0.00558211 0.28332942 0.00708642 0.28618098 0.00627432 0.29088331 0.00777863 0.29373487 0.00696653 0.29843720 0.00847090 0.30128815 0.00806485 0.30363932 0.00956911 0.30649087 0.00875701 0.31119320 0.01026132 0.31404476 0.00944922 0.31874709 0.01095363 0.32159805 0.01054758 0.32394922 0.01205185 0.32680077 0.01123974 0.33150310 0.01274401 0.33435465 0.01193191 0.33905698 0.01343632 0.34190794 0.01262412 0.34661087 0.01412854 0.34946183 0.01372248 0.35181300 0.01522675 0.35466455 0.01441464 0.35936688 0.01591901 0.36221783 0.01510681 0.36692076 0.01661122 0.36977172 0.01579902 0.37447465 0.01730343 0.37732562 0.01689738 0.37967678 0.01840175 0.38252773 0.01758954 0.38723066 0.01909391 0.39008161 0.01828171 0.39478454 0.01978588 0.39763544 0.01937983 0.39998660 0.02088459 0.40283765 0.02007238 0.40754059 0.02157665 0.41039151 0.02076444 0.41509444 0.02226871 0.41794537 0.02145661 0.42264770 0.02296137 0.42549875 0.02255521 0.42785051 0.02637586 0.42885002 0.02869234 0.42699801 0.03251347 0.42799765 0.03482985 0.42614624 0.03674017 0.42664600 0.03905703 0.42479472 0.03946308 0.42244355 0.04409593 0.41874013 0.04791658 0.41973964 0.05023344 0.41788836 0.05405409 0.41888787 0.05637095 0.41703659 0.05718315 0.41233365 0.05949953 0.41048224 0.06140985 0.41098200 0.06372622 0.40913059 0.06453843 0.40442765 0.06303416 0.40157673 0.06344021 0.39922557 0.06193604 0.39637404 0.06274815 0.39167171 0.06124388 0.38882079 0.06205609 0.38411786 0.06055133 0.38126681 0.06095738 0.37891564 0.05945321 0.37606412 0.06026531 0.37136179 0.05876104 0.36851086 0.05957325 0.36380793 0.05806849 0.36095688 0.05847454 0.35860571 0.05697037 0.35575419 0.05778248 0.35105186 0.05627821 0.34820094 0.05709041 0.34349800 0.05558614 0.34064708 0.05599220 0.33829592 0.05448803 0.33544439 0.05530013 0.33074206 0.05379537 0.32789101 0.05460758 0.32318808 0.05310331 0.32033716 0.05391551 0.31563422 0.05241124 0.31278330 0.05281729 0.31043213 0.05131254 0.30758109 0.05171859 0.30522992 0.04980827 0.30473016 0.04749189 0.30658157 0.04367125 0.30558206 0.04216649 0.30273101 0.04257264 0.30037925 0.04106837 0.29752832 0.04338474 0.29567691 0.04529556 0.29617680 0.04761204 0.29432479 0.04952236 0.29482454 0.05074051 0.28777104 0.04923624 0.28492012 0.04964240 0.28256836 0.04813812 0.27971743 0.04895033 0.27501450 0.04744557 0.27216345 0.04785162 0.26981228 0.04634735 0.26696136 0.04715956 0.26225843 0.04565529 0.25940751 0.04606134 0.25705634 0.04455669 0.25420469 0.04536879 0.24950236 0.04386462 0.24665146 0.04427067 0.24430030 0.04276640 0.24144875 0.04357851 0.23674642 0.04207424 0.23389487 0.04248029 0.23154370 0.04097588 0.22869274 0.04178798 0.22399041 0.04028366 0.22113885 0.04068971 0.21878768 0.03918535 0.21593673 0.03686888 0.21778812 0.03304794 0.21678853 0.03073147 0.21863991 0.02691058 0.21764034 0.02459395 0.21949231 0.02268353 0.21899253 0.02036706 0.22084392 0.01654612 0.21984433 0.01422965 0.22169571 0.01382360 0.22404688 0.01532797 0.22689782 0.01301139 0.22874981 0.01110097 0.22825003 0.00878445 0.23010140 0.00687398 0.22960161 0.00455751 0.23145299 0.00264709 0.23095321 0.00033047 0.23280519 0.00000000 0.23471869 0.00000000 0.23529959
0 0.08470369 0.18360849 0.08238731 0.18545990 0.07856618 0.18446026 0.07624970 0.18631228 0.07242857 0.18531264 0.07011219 0.18716405 0.06629155 0.18616453 0.06397517 0.18801594 0.06206436 0.18751606 0.05974788 0.18936807 0.05934183 0.19171924 0.06084611 0.19457016 0.06003400 0.19927249 0.06153866 0.20212414 0.06072655 0.20682648 0.06223072 0.20967800 0.06182467 0.21202917 0.06332894 0.21488009 0.06251684 0.21958242 0.06483321 0.21773101 0.06865434 0.21873065 0.07097072 0.21687924 0.07397975 0.22258121 0.07316754 0.22728414 0.06853420 0.23098744 0.06662388 0.23048768 0.06430702 0.23233896 0.06581178 0.23519001 0.06499967 0.23989234 0.06650384 0.24274387 0.06609779 0.24509503 0.06760206 0.24794595 0.06678985 0.25264889 0.06829461 0.25549994 0.06788856 0.25785110 0.06939283 0.26070203 0.06898668 0.26305379 0.07049095 0.26590472 0.06967874 0.27060765 0.07118301 0.27345857 0.07077696 0.27580974 0.07228123 0.27866066 0.07146902 0.28336359 0.07297378 0.28621464 0.07134947 0.29561991 0.07285374 0.29847083 0.07204154 0.30317376 0.07354581 0.30602468 0.07313975 0.30837585 0.07464441 0.31122750 0.07383231 0.31592983 0.07533658 0.31878075 0.07452437 0.32348369 0.07602864 0.32633461 0.07562259 0.32868578 0.07712676 0.33153730 0.07631465 0.33623963 0.07781892 0.33909055 0.07700672 0.34379349 0.07851148 0.34664454 0.07810543 0.34899570 0.07960959 0.35184723 0.07879749 0.35654956 0.08030176 0.35940048 0.07948955 0.36410341 0.08099431 0.36695446 0.08058826 0.36930563 0.08209243 0.37215715 0.08128033 0.37685948 0.08278460 0.37971040 0.08197239 0.38441334 0.08347666 0.38726426 0.08307061 0.38961543 0.08457478 0.39246695 0.08416872 0.39481812 0.08648559 0.39296683 0.08839591 0.39346659 0.09071239 0.39161458 0.09453352 0.39261422 0.09684989 0.39076281 0.10067054 0.39176232 0.10298740 0.38991103 0.10489772 0.39041079 0.10721420 0.38855878 0.10762025 0.38620761 0.11225349 0.38250492 0.11607413 0.38350443 0.11839051 0.38165302 0.12030132 0.38215291 0.12261780 0.38030089 0.12302385 0.37794973 0.12534022 0.37609832 0.12574638 0.37374655 0.12424211 0.37089563 0.12505421 0.36619330 0.12354994 0.36334237 0.12395610 0.36099061 0.12245133 0.35813956 0.12326354 0.35343662 0.12175927 0.35058570 0.12257137 0.34588337 0.12106710 0.34303245 0.12147326 0.34068068 0.11996899 0.33782976 0.12078120 0.33312682 0.11927692 0.33027590 0.12008903 0.32557357 0.11858427 0.32272252 0.11899042 0.32037075 0.11748615 0.31751983 0.11829836 0.31281690 0.11679409 0.30996598 0.11760619 0.30526365 0.11610143 0.30241260 0.11650759 0.30006083 0.11500332 0.29720991 0.11581552 0.29250697 0.11431125 0.28965605 0.11593556 0.28025079 0.11443129 0.27739987 0.11483734 0.27504870 0.11333318 0.27219718 0.11414528 0.26749484 0.11264052 0.26464379 0.11304657 0.26229263 0.11154241 0.25944111 0.11235451 0.25473877 0.11085034 0.25188725 0.11166245 0.24718492 0.11015769 0.24433387 0.11056374 0.24198270 0.10905957 0.23913118 0.10987167 0.23442885 0.10836751 0.23157732 0.10917961 0.22687499 0.10767534 0.22402407 0.10808139 0.22167290 0.10657722 0.21882138 0.10738933 0.21411905 0.10588467 0.21126740 0.10669677 0.20656506 0.10519250 0.20371414 0.10559855 0.20136298 0.10409439 0.19851145 0.10490649 0.19380912 0.10340183 0.19095747 0.10380789 0.18860631 0.10230362 0.18575538 0.10311572 0.18105305 0.10120540 0.18055330 0.09888902 0.18240471 0.09506789 0.18140507 0.09275152 0.18325648 0.09084119 0.18275672 0.08852433 0.18460800 0.08470369 0.18360849
0 0.09014864 0.17520274 0.09396977 0.17620238 0.09628615 0.17435097 0.10010728 0.17535061 0.10242365 0.17349920 0.10091949 0.17064767 0.10132554 0.16829651 0.09900917 0.17014792 0.09518803 0.16914828 0.09287155 0.17100029 0.08905042 0.17000065 0.08864437 0.17235182 0.09014864 0.17520274
0 0.14030021 0.13917181 0.13838989 0.13867205 0.13607352 0.14052346 0.13225238 0.13952382 0.13103413 0.14657792 0.12871765 0.14842993 0.12489652 0.14743029 0.12258014 0.14928170 0.12066982 0.14878195 0.11835345 0.15063336 0.11453231 0.14963372 0.11221594 0.15148513 0.11180989 0.15383629 0.11331405 0.15668782 0.11250195 0.16139015 0.11400612 0.16424167 0.11360006 0.16659284 0.11510482 0.16944389 0.11429272 0.17414622 0.11579689 0.17699774 0.11539084 0.17934891 0.11689511 0.18219983 0.11608290 0.18690276 0.11758717 0.18975369 0.11677507 0.19445602 0.11827923 0.19730754 0.11787318 0.19965871 0.11937794 0.20250976 0.11856574 0.20721269 0.12007001 0.21006361 0.11925790 0.21476594 0.12076207 0.21761747 0.12035602 0.21996863 0.12186078 0.22281968 0.12104857 0.22752262 0.12255284 0.23037354 0.12214679 0.23272470 0.12365106 0.23557563 0.12283886 0.24027856 0.12434312 0.24312948 0.12353092 0.24783241 0.12503519 0.25068334 0.12735205 0.24883205 0.13117270 0.24983156 0.13348956 0.24798028 0.13539988 0.24848004 0.13690415 0.25133096 0.13649810 0.25368213 0.13186535 0.25738495 0.12995454 0.25688506 0.12763806 0.25873707 0.12572774 0.25823732 0.12532169 0.26058849 0.12682596 0.26343941 0.12641981 0.26579118 0.12792408 0.26864210 0.12711197 0.27334443 0.12861673 0.27619548 0.12780453 0.28089841 0.12930880 0.28374933 0.12890264 0.28610110 0.13040691 0.28895202 0.12959481 0.29365435 0.13109908 0.29650528 0.13028687 0.30120821 0.13179114 0.30405913 0.13138499 0.30641090 0.13288975 0.30926195 0.13207764 0.31396428 0.13358192 0.31681520 0.13276971 0.32151813 0.13427398 0.32436906 0.13386782 0.32672082 0.13577863 0.32722071 0.13809511 0.32536869 0.14000544 0.32586845 0.14232181 0.32401704 0.14423213 0.32451680 0.14573689 0.32736785 0.14492468 0.33207078 0.14260782 0.33392206 0.14069750 0.33342231 0.13838112 0.33527372 0.13456048 0.33427420 0.13606475 0.33712513 0.13525254 0.34182806 0.13675681 0.34467898 0.13635066 0.34703075 0.13785493 0.34988167 0.13704283 0.35458400 0.13854710 0.35743493 0.13773489 0.36213786 0.13923965 0.36498891 0.13883350 0.36734068 0.14265414 0.36834019 0.14497111 0.36648830 0.14879175 0.36748781 0.15110813 0.36563640 0.15151418 0.36328524 0.15001001 0.36043372 0.15232638 0.35858231 0.15614752 0.35958194 0.15846389 0.35773053 0.16228503 0.35873017 0.16460140 0.35687876 0.16651172 0.35737852 0.16691777 0.35502735 0.16541361 0.35217583 0.17004635 0.34847301 0.17386749 0.34947265 0.17618396 0.34762064 0.18000510 0.34862028 0.18122325 0.34156678 0.17971849 0.33871573 0.18053070 0.33401280 0.17902643 0.33116187 0.17943258 0.32881011 0.17792831 0.32595919 0.17874042 0.32125685 0.17723566 0.31840580 0.17804786 0.31370287 0.17654359 0.31085195 0.17735580 0.30614901 0.17585153 0.30329809 0.17625758 0.30094693 0.17475331 0.29809600 0.17556552 0.29339307 0.17406125 0.29054215 0.17487345 0.28583922 0.17336869 0.28298817 0.17377475 0.28063700 0.17227047 0.27778608 0.17308268 0.27308315 0.17157841 0.27023222 0.17198457 0.26788046 0.17047981 0.26502941 0.17129191 0.26032707 0.16978764 0.25747615 0.17059985 0.25277322 0.16909558 0.24992230 0.16950173 0.24757053 0.16799746 0.24471961 0.16880956 0.24001728 0.16730529 0.23716636 0.16811750 0.23246342 0.16661274 0.22961237 0.16701889 0.22726061 0.16551462 0.22440968 0.16632673 0.21970735 0.16482246 0.21685643 0.16563466 0.21215350 0.16412990 0.20930245 0.16494211 0.20459951 0.16343784 0.20174859 0.16384389 0.19939743 0.16233962 0.19654650 0.16315183 0.19184357 0.16164756 0.18899265 0.16245976 0.18428971 0.16095549 0.18143879 0.16136154 0.17908763 0.15985679 0.17623658 0.16066899 0.17153364 0.15916472 0.16868272 0.15997693 0.16397979 0.15847266 0.16112887 0.15887871 0.15877770 0.15737395 0.15592665 0.15818616 0.15122372 0.15668189 0.14837280 0.15749409 0.14366986 0.15598982 0.14081894 0.15639587 0.13846778 0.15489160 0.13561685 0.15570381 0.13091392 0.15379349 0.13041417 0.15147663 0.13226545 0.14765598 0.13126594 0.14533901 0.13311782 0.14342869 0.13261806 0.14261659 0.13732040 0.14030021 0.13917181
0 0.19622907 0.13905826 0.19391270 0.14090968 0.19009157 0.13991004 0.18777519 0.14176144 0.18586487 0.14126169 0.18354839 0.14311370 0.17972726 0.14211406 0.17741089 0.14396547 0.17550007 0.14346559 0.17318370 0.14531700 0.17127338 0.14481724 0.17046128 0.14951957 0.17196544 0.15237110 0.17155939 0.15472226 0.17306366 0.15757319 0.17225146 0.16227612 0.17375621 0.16512717 0.17294411 0.16982950 0.17867557 0.17132890 0.18099194 0.16947749 0.18481259 0.17047700 0.18631686 0.17332792 0.18550465 0.17803085 0.18318828 0.17988226 0.18127795 0.17938251 0.17896147 0.18123452 0.17705115 0.18073476 0.17473429 0.18258605 0.17623905 0.18543710 0.17583300 0.18778826 0.17733727 0.19063918 0.17652506 0.19534212 0.17802933 0.19819304 0.17721713 0.20289597 0.17872140 0.20574689 0.17831535 0.20809806 0.17981962 0.21094898 0.17900741 0.21565191 0.18051217 0.21850296 0.17969996 0.22320590 0.18120423 0.22605682 0.18079818 0.22840799 0.18230245 0.23125891 0.18149024 0.23596184 0.18299500 0.23881289 0.18218280 0.24351582 0.18368707 0.24636675 0.18287496 0.25106908 0.18437913 0.25392060 0.18397308 0.25627177 0.18547735 0.25912269 0.18466514 0.26382562 0.18616941 0.26667654 0.18535731 0.27137888 0.18917845 0.27237851 0.19149482 0.27052710 0.19340563 0.27102699 0.19490990 0.27387791 0.19450375 0.27622968 0.19600802 0.27908060 0.19137516 0.28278402 0.18755403 0.28178438 0.18714798 0.28413555 0.18865225 0.28698647 0.18784015 0.29168880 0.18934480 0.29454045 0.18893875 0.29689162 0.19044302 0.29974254 0.18963081 0.30444547 0.19113509 0.30729639 0.19072904 0.30964756 0.19223330 0.31249848 0.19142110 0.31720142 0.19292537 0.32005234 0.19251921 0.32240411 0.19402397 0.32525515 0.19321187 0.32995749 0.19471614 0.33280841 0.19430999 0.33516018 0.19581426 0.33801110 0.19813112 0.33615981 0.20195176 0.33715933 0.20426824 0.33530731 0.20617856 0.33580707 0.20699067 0.33110474 0.21162390 0.32740205 0.21544504 0.32840169 0.21776152 0.32654967 0.21967184 0.32704943 0.22198821 0.32519802 0.22048394 0.32234710 0.22511679 0.31864368 0.22893793 0.31964331 0.23125430 0.31779190 0.23316511 0.31829179 0.23548148 0.31644038 0.23739181 0.31694013 0.23588754 0.31408921 0.23669974 0.30938628 0.23519547 0.30653536 0.23560163 0.30418359 0.23409687 0.30133254 0.23490897 0.29663021 0.23340470 0.29377929 0.23421691 0.28907635 0.23271264 0.28622543 0.23311879 0.28387366 0.23161403 0.28102261 0.23242613 0.27632028 0.23092186 0.27346936 0.23132802 0.27111759 0.22982375 0.26826667 0.23063596 0.26356374 0.22913169 0.26071281 0.22994379 0.25601048 0.22843952 0.25315956 0.22884567 0.25080780 0.22734091 0.24795675 0.22815312 0.24325381 0.22664885 0.24040289 0.22746095 0.23570056 0.22595668 0.23284964 0.22636284 0.23049787 0.22485808 0.22764682 0.22567029 0.22294388 0.22416601 0.22009296 0.22497812 0.21539063 0.22347385 0.21253971 0.22388000 0.21018794 0.22237573 0.20733702 0.22318794 0.20263409 0.22168367 0.19978317 0.22249577 0.19508083 0.22099101 0.19222979 0.22139717 0.18987802 0.21989289 0.18702710 0.22070510 0.18232416 0.21920083 0.17947324 0.22001294 0.17477091 0.21850818 0.17191986 0.21891433 0.16956809 0.21741006 0.16671717 0.21822227 0.16201424 0.21671800 0.15916331 0.21753010 0.15446098 0.21602583 0.15161006 0.21643198 0.14925829 0.21492771 0.14640737 0.21573992 0.14170444 0.21423516 0.13885339 0.21464121 0.13650222 0.21273089 0.13600247 0.21041452 0.13785388 0.20659338 0.13685424 0.20427701 0.13870565 0.20236669 0.13820589 0.20005021 0.14005790 0.19622907 0.13905826
0 0.46875000 0.31628340 0.53776359 0.33753279 0.60393694 0.34747162 0.61287064 0.29574266 0.61034168 0.24101497 0.55083177 0.21561650 0.46875000 0.19147267 0.46875000 0.31628340
0 0.46875000 0.60401874 0.43667693 0.60448613 0.44330694 0.73104936 0.46875000 0.73380281 0.46875000 0.60401874
0 0.16890919 0.54807692 0.16884736 0.56782522 0.18378094 0.56801123 0.17983344 0.59501918 0.19682137 0.59955429 0.19404147 0.61928122 0.23451000 0.61808908 0.23416821 0.54807692 0.16890919 0.54807692
0 0.55586243 0.54807692 0.53971821 0.57325326 0.58140545 0.60529264 0.61691942 0.54807692 0.55586243 0.54807692
0 0.65911049 0.54807692 0.59838497 0.63747254 0.73330306 0.75730283 0.80712329 0.64056689 0.70397691 0.54807692 0.65911049 0.54807692
