0 0.19781718 0.52884615 0.19581466 0.51459752 0.18629286 0.51593572 0.18357803 0.51388995 0.17881682 0.51455910 0.17610190 0.51251272 0.17576737 0.51013242 0.16862587 0.51113609 0.17111485 0.52884615 0.19781718 0.52884615
0 0.15412241 0.52884615 0.15296622 0.52061947 0.15501260 0.51790456 0.15400893 0.51076305 0.15129349 0.50871737 0.14177229 0.51005548 0.13634194 0.50596342 0.12682013 0.50730162 0.12916200 0.52396494 0.12711623 0.52667977 0.12742070 0.52884615 0.15412241 0.52884615
0 0.10557362 0.52884615 0.10535779 0.52731040 0.10740356 0.52459557 0.10639988 0.51745406 0.10844566 0.51473924 0.10677284 0.50283652 0.09725103 0.50417472 0.09453620 0.50212895 0.09420167 0.49974865 0.08467986 0.50108686 0.08196503 0.49904108 0.08263409 0.50380169 0.08058771 0.50651660 0.08159139 0.51365811 0.07954570 0.51637355 0.08021476 0.52113414 0.07816899 0.52384897 0.07887130 0.52884615 0.10557362 0.52884615
0 0.05702360 0.52884615 0.05674446 0.52686000 0.05879084 0.52414508 0.05745264 0.51462327 0.05949841 0.51190844 0.05816021 0.50238663 0.06020598 0.49967181 0.05987136 0.49729090 0.04796925 0.49896363 0.04592345 0.50167908 0.04726157 0.51120028 0.04521570 0.51391575 0.04655390 0.52343756 0.04450795 0.52615241 0.04488653 0.52884615 0.05702360 0.52884615
0 0.03274921 0.52884615 0.03260572 0.52782516 0.03465161 0.52511031 0.03331341 0.51558850 0.03535928 0.51287304 0.03435569 0.50573214 0.03640164 0.50301729 0.03573250 0.49825608 0.03335201 0.49859063 0.03063700 0.49654489 0.02349568 0.49754854 0.02144972 0.50026339 0.02278793 0.50978520 0.02074203 0.51250005 0.02174571 0.51964156 0.01969981 0.52235640 0.02061189 0.52884615 0.03274921 0.52884615
0 0.02520701 0.49245277 0.03710925 0.49078002 0.03982419 0.49282578 0.05172618 0.49115306 0.05105712 0.48639246 0.05310350 0.48367755 0.05548380 0.48334302 0.05819863 0.48538879 0.05853316 0.48776909 0.07043527 0.48609636 0.07010074 0.48371606 0.07214712 0.48100114 0.07147798 0.47623993 0.07352375 0.47352510 0.07318922 0.47114480 0.07047430 0.46909842 0.06913619 0.45957723 0.05485317 0.46158457 0.05518770 0.46396487 0.05314193 0.46667970 0.04362012 0.46801790 0.04090517 0.46597215 0.04057064 0.46359185 0.01200521 0.46760646 0.01401247 0.48188887 0.01196652 0.48460372 0.01263567 0.48936493 0.02453796 0.48769217 0.02725291 0.48973793 0.02520701 0.49245277
0 0.24528933 0.43482051 0.24495472 0.43243961 0.23067231 0.43444687 0.23100693 0.43682778 0.24528933 0.43482051
0 0.03990149 0.45883064 0.03956696 0.45645034 0.02766467 0.45812310 0.02799920 0.46050340 0.03990149 0.45883064
0 0.24157075 0.42563263 0.22490743 0.42797450 0.22219260 0.42592873 0.22185807 0.42354843 0.16710752 0.43124312 0.16982296 0.43328881 0.20076868 0.42893967 0.20348351 0.43098544 0.20143783 0.43370088 0.24190536 0.42801354 0.24157075 0.42563263
0 0.08646795 0.46199603 0.08747162 0.46913754 0.08542585 0.47185237 0.08642953 0.47899388 0.08438376 0.48170871 0.08505281 0.48646931 0.09457462 0.48513111 0.09728954 0.48717749 0.09762407 0.48955779 0.10476558 0.48855411 0.10748041 0.49059988 0.12414372 0.48825800 0.12685864 0.49030438 0.12719317 0.49268469 0.15099799 0.48933913 0.15371282 0.49138491 0.15438188 0.49614550 0.18294731 0.49213090 0.18566222 0.49417728 0.18599675 0.49655758 0.20980157 0.49321203 0.21251640 0.49525780 0.21318555 0.50001900 0.23699037 0.49667345 0.23903614 0.49395862 0.23803247 0.48681712 0.24007815 0.48410168 0.23874004 0.47458048 0.24078572 0.47186504 0.24045119 0.46948474 0.24249696 0.46676991 0.25201938 0.46543162 0.25135024 0.46067042 0.24420873 0.46167409 0.24149329 0.45962840 0.24082423 0.45486781 0.24287053 0.45215228 0.24220147 0.44739168 0.23982056 0.44772630 0.23710564 0.44567992 0.21568173 0.44869085 0.21296690 0.44664508 0.21263237 0.44426478 0.19358875 0.44694119 0.19087392 0.44489542 0.17421061 0.44723729 0.17149578 0.44519152 0.17116116 0.44281061 0.14735634 0.44615616 0.14464151 0.44411039 0.14430698 0.44173009 0.14159145 0.43968380 0.10588513 0.44470200 0.10316969 0.44265631 0.10250063 0.43789571 0.09059852 0.43956844 0.09093305 0.44194874 0.08888728 0.44466357 0.08989096 0.45180508 0.08784519 0.45451991 0.08851433 0.45928112 0.08646795 0.46199603
0 0.02435773 0.41732040 0.02231186 0.42003587 0.01993138 0.42037042 0.02060044 0.42513102 0.03012225 0.42379282 0.03283734 0.42583917 0.03317187 0.42821947 0.03112592 0.43093433 0.02398459 0.43193798 0.02193864 0.43465283 0.02227317 0.43703313 0.02022736 0.43974858 0.02156556 0.44927039 0.03108737 0.44793219 0.03380232 0.44997794 0.03413685 0.45235824 0.05556126 0.44934724 0.05827609 0.45139301 0.05861070 0.45377392 0.06132553 0.45581969 0.06337130 0.45310486 0.07289311 0.45176666 0.07255850 0.44938575 0.07460488 0.44667083 0.07360129 0.43952994 0.07564697 0.43681450 0.07497791 0.43205390 0.07702360 0.42933846 0.07635454 0.42457786 0.07363971 0.42253209 0.07330518 0.42015179 0.07535087 0.41743635 0.07773117 0.41710182 0.07706211 0.41234122 0.07910779 0.40962578 0.07776968 0.40010458 0.05872606 0.40278099 0.05601114 0.40073461 0.05567661 0.39835431 0.02711131 0.40236890 0.02744584 0.40474920 0.02540003 0.40746466 0.02606909 0.41222526 0.02402320 0.41494010 0.02164272 0.41527466 0.02435773 0.41732040
0 0.07643139 0.39058217 0.07609686 0.38820187 0.03562944 0.39388919 0.03596397 0.39626949 0.07643139 0.39058217
0 0.02960757 0.35104136 0.05103137 0.34803044 0.05646164 0.35212189 0.05679617 0.35450219 0.05475048 0.35721763 0.04998927 0.35788678 0.04727436 0.35584040 0.04693983 0.35346010 0.02075482 0.35714016 0.02108936 0.35952046 0.03299134 0.35784775 0.03570687 0.35989404 0.03637592 0.36465464 0.03432963 0.36737016 0.02004722 0.36937742 0.02071628 0.37413802 0.02309670 0.37380348 0.02581171 0.37584922 0.02648086 0.38061043 0.02443490 0.38332529 0.02681539 0.38299073 0.02953040 0.38503648 0.02748453 0.38775194 0.02034321 0.38875559 0.02101226 0.39351619 0.02815359 0.39251254 0.03019954 0.38979768 0.03496039 0.38912859 0.03462586 0.38674829 0.03667142 0.38403287 0.03938694 0.38607916 0.03972147 0.38845946 0.08018901 0.38277212 0.07885080 0.37325031 0.08089649 0.37053487 0.08056196 0.36815458 0.06865985 0.36982731 0.06594502 0.36778154 0.06356472 0.36811607 0.05813445 0.36402461 0.06018014 0.36130917 0.07684346 0.35896730 0.07617440 0.35420670 0.07822008 0.35149126 0.08298129 0.35082212 0.08231223 0.34606151 0.08435800 0.34334669 0.08301980 0.33382488 0.06159588 0.33683581 0.05888097 0.33478943 0.05854644 0.33240913 0.01807842 0.33809654 0.01841295 0.34047684 0.02793476 0.33913864 0.03064955 0.34118504 0.03131861 0.34594564 0.02927305 0.34866106 0.02960757 0.35104136
0 0.01949392 0.31362322 0.01744797 0.31633807 0.01811703 0.32109867 0.05144336 0.31641496 0.05415827 0.31846134 0.05211250 0.32117617 0.01402527 0.32652898 0.01435980 0.32890928 0.03102311 0.32656740 0.03373803 0.32861378 0.03407256 0.33099408 0.08882311 0.32329940 0.08815396 0.31853819 0.09019973 0.31582336 0.08819247 0.30154095 0.09023816 0.29882551 0.08990363 0.29644521 0.08514303 0.29711427 0.08242759 0.29506859 0.08447388 0.29235306 0.09161539 0.29134939 0.09128086 0.28896909 0.03653031 0.29666378 0.03686484 0.29904408 0.03481916 0.30175951 0.01577524 0.30443596 0.01644429 0.30919656 0.01915939 0.31124292 0.01949392 0.31362322
0 0.05966547 0.28855771 0.05933094 0.28617741 0.00458069 0.29387206 0.00491522 0.29625236 0.05966547 0.28855771
0 0.20762676 0.25319798 0.19572465 0.25487071 0.19639379 0.25963192 0.19910862 0.26167769 0.20111588 0.27596010 0.21301799 0.27428737 0.21034158 0.25524375 0.20762676 0.25319798
0 0.00000000 0.27024082 0.02741996 0.26638720 0.03013540 0.26843288 0.03080455 0.27319409 0.02875817 0.27590900 0.00019287 0.27992360 0.00086192 0.28468419 0.00562289 0.28401509 0.00833793 0.28606145 0.00867245 0.28844175 0.06342300 0.28074706 0.06613783 0.28279283 0.06680698 0.28755404 0.09299210 0.28387396 0.09165390 0.27435215 0.07261028 0.27702856 0.06989537 0.27498218 0.06922631 0.27022158 0.07127208 0.26750675 0.08555449 0.26549949 0.08521996 0.26311919 0.08250505 0.26107281 0.08455081 0.25835798 0.08421629 0.25597768 0.08626258 0.25326215 0.09340348 0.25225857 0.09306895 0.24987827 0.09511472 0.24716344 0.09749563 0.24682882 0.09716110 0.24444852 0.09444566 0.24240284 0.07540205 0.24507925 0.07268713 0.24303287 0.07235260 0.24065256 0.01522187 0.24868176 0.01250692 0.24663601 0.00000000 0.24839375 0.00000000 0.27024082
0 0.51923077 0.00000000 0.51923077 0.05857943 0.60537496 0.07099413 0.59600147 0.00605599 0.55847550 0.00000000 0.51923077 0.00000000
0 0.40994506 0.69200648 0.25331388 0.68294794 0.25109110 0.70397393 0.40772228 0.71303247 0.40994506 0.69200648
0 0.51923077 0.99586129 0.62578128 0.98834515 0.62204474 0.96607635 0.51923077 0.97369384 0.51923077 0.99586129
0 0.51923077 0.88794375 0.59213810 0.88030042 0.60211284 0.85391018 0.59909576 0.83772788 0.51923077 0.84532765 0.51923077 0.88794375
0 0.51923077 0.82933997 0.59414782 0.82480273 0.59469894 0.79618308 0.51923077 0.80063253 0.51923077 0.82933997
0 0.51923077 0.72119061 0.58106169 0.72068765 0.57201374 0.67249227 0.51923077 0.67502366 0.51923077 0.72119061
0 0.51923077 0.65503020 0.58453014 0.65696702 0.58501487 0.62884220 0.51923077 0.63356848 0.51923077 0.65503020
0 0.51923077 0.52884615 0.51923077 0.55494062 0.57216568 0.54988611 0.56946928 0.52884615 0.51923077 0.52884615
