0 0.34158568 0.07583943 0.35022958 0.12472895 0.37936462 0.11850271 0.37608587 0.09995826 0.37425451 0.09860019 0.36918740 0.06994086 0.34158568 0.07583943
0 0.33438908 0.04413585 0.33315381 0.04614927 0.33524029 0.05795032 0.33400502 0.05996374 0.33247130 0.06029150 0.33425974 0.07040681 0.33886009 0.06942370 0.34069146 0.07078177 0.36829318 0.06488320 0.36952845 0.06286978 0.36833619 0.05612638 0.36650482 0.05476832 0.36024537 0.01936516 0.33571068 0.02460829 0.33447502 0.02662179 0.33507119 0.02999371 0.33383592 0.03200712 0.33473013 0.03706478 0.33349486 0.03907820 0.33438908 0.04413585
0 0.18911667 0.70686179 0.26281943 0.72079160 0.26941665 0.60830096 0.22133636 0.60041524 0.22247123 0.56393170 0.19972328 0.55999864 0.18911667 0.70686179
0 0.15437081 0.74671193 0.16499849 0.74888172 0.16379487 0.77742561 0.17263980 0.77791050 0.16391609 0.84901798 0.17452978 0.85480903 0.17107270 0.90060693 0.24260588 0.91006324 0.25413996 0.72894351 0.18608952 0.71853862 0.18586929 0.69834091 0.15864352 0.69562746 0.15437081 0.74671193
0 0.15846408 0.69061191 0.18291204 0.69191148 0.19027011 0.56257337 0.17150244 0.55755621 0.16664832 0.63050370 0.16067790 0.63212984 0.15846408 0.69061191
0 0.99287097 0.94538826 0.99331834 0.94753730 0.99146467 0.95010342 0.98916317 0.95052116 0.99836742 0.94885055 0.99747280 0.94455301 0.99287097 0.94538826
0 0.95656575 0.94305854 0.94506058 0.94514677 0.94231182 0.94341601 0.94141732 0.93911902 0.91840698 0.94329548 0.91565870 0.94156406 0.91521144 0.93941557 0.91246327 0.93768470 0.89865660 0.94019066 0.90089298 0.95093368 0.89903932 0.95349980 0.90172306 0.96639187 0.96155041 0.95553298 0.95931392 0.94478940 0.95656575 0.94305854
0 0.88440256 0.94054758 0.88395531 0.93839909 0.86784831 0.94132257 0.86509955 0.93959181 0.86420504 0.93529482 0.86145676 0.93356340 0.84304826 0.93690461 0.84030009 0.93517374 0.83985283 0.93302525 0.83710455 0.93129383 0.81179271 0.93588802 0.82118570 0.98100970 0.89712064 0.96722722 0.89220052 0.94359214 0.88945235 0.94186127 0.88715143 0.94227889 0.88440256 0.94054758
0 0.75771498 0.98584029 0.78072590 0.98166372 0.78347407 0.98339459 0.78436869 0.98769213 0.81428237 0.98226268 0.80488937 0.93714101 0.79568512 0.93881161 0.79293695 0.93708074 0.79204244 0.93278376 0.76442969 0.93779558 0.76168152 0.93606471 0.76078690 0.93176717 0.74698023 0.93427313 0.74423206 0.93254226 0.74333744 0.92824472 0.72492893 0.93158594 0.73521643 0.98100460 0.73981826 0.98016935 0.74256702 0.98190012 0.75407219 0.97981188 0.75682036 0.98154275 0.75771498 0.98584029
0 0.51999455 1.00000000 0.52639645 0.99883803 0.52237095 0.97950048 0.52422450 0.97693381 0.52652541 0.97651619 0.52837908 0.97395007 0.52793182 0.97180158 0.52978596 0.96923480 0.54129113 0.96714657 0.54403941 0.96887799 0.54448667 0.97102648 0.54723483 0.97275735 0.55643968 0.97108664 0.55554517 0.96678965 0.55739872 0.96422298 0.55516234 0.95347996 0.49533452 0.96433893 0.49936014 0.98367703 0.49750636 0.98624317 0.50037012 1.00000000 0.51999455 1.00000000
0 0.49320608 1.00000000 0.48568302 0.96386105 0.44656497 0.97096112 0.45261000 1.00000000 0.49320608 1.00000000
0 1.00000000 0.86159130 0.98552584 0.86421842 0.99357685 0.90289351 1.00000000 0.90172769 1.00000000 0.86159130
0 0.69616304 0.97694401 0.70076487 0.97610876 0.70351363 0.97783952 0.70440825 0.98213706 0.72741859 0.97796060 0.72562935 0.96936552 0.72748360 0.96679929 0.72032710 0.93242119 0.71342376 0.93367417 0.71067500 0.93194341 0.70377226 0.93319628 0.70102409 0.93146541 0.70057683 0.92931692 0.68907108 0.93140526 0.68632279 0.92967384 0.68587554 0.92752534 0.68312737 0.92579447 0.68268000 0.92364543 0.65966908 0.92782200 0.65692091 0.92609113 0.65602641 0.92179414 0.63991882 0.92471773 0.65065357 0.97628489 0.67366449 0.97210832 0.67641267 0.97383919 0.67730717 0.97813618 0.69341476 0.97521259 0.69616304 0.97694401
0 0.62540674 0.96971778 0.62674861 0.97616382 0.64285561 0.97324033 0.63212086 0.92167317 0.62751903 0.92250843 0.62477086 0.92077756 0.60866327 0.92370114 0.60591510 0.92197028 0.60502048 0.91767274 0.57740772 0.92268456 0.57465896 0.92095379 0.57376446 0.91665681 0.55305504 0.92041564 0.56378979 0.97198280 0.59600497 0.96613563 0.59875314 0.96786650 0.59964765 0.97216349 0.62265798 0.96798702 0.62540674 0.96971778
0 0.93017066 0.89656346 0.93291894 0.89829488 0.94672562 0.89578891 0.94947378 0.89751978 0.95036840 0.90181732 0.96417508 0.89931136 0.96372771 0.89716231 0.96558137 0.89459619 0.96066125 0.87096111 0.96251491 0.86839499 0.97171917 0.86672438 0.97082466 0.86242739 0.96807638 0.86069597 0.96718187 0.85639899 0.95337579 0.85890484 0.95062691 0.85717353 0.94973241 0.85287654 0.92211965 0.85788836 0.91937148 0.85615749 0.91847686 0.85185995 0.88856319 0.85728940 0.89661431 0.89596504 0.91732373 0.89220621 0.92007190 0.89393707 0.92051915 0.89608557 0.92326791 0.89781633 0.93017066 0.89656346
0 0.53100374 0.91772845 0.52825546 0.91599703 0.48683615 0.92351479 0.49354540 0.95574441 0.51655620 0.95156786 0.51930437 0.95329873 0.55382047 0.94703392 0.54711133 0.91480486 0.53100374 0.91772845
0 0.43806660 0.93013698 0.44522310 0.96451509 0.48664224 0.95699736 0.47993299 0.92476774 0.45692235 0.92894426 0.45417407 0.92721341 0.43806660 0.93013698
0 0.82950080 0.89476723 0.85021022 0.89100839 0.85295839 0.89273926 0.85756081 0.89190390 0.86030909 0.89363532 0.86075634 0.89578381 0.86350451 0.89751468 0.89111727 0.89250286 0.88261889 0.85167872 0.87341464 0.85334933 0.86791830 0.84988759 0.86747105 0.84773910 0.84676104 0.85149804 0.84401287 0.84976717 0.84311825 0.84546964 0.82240883 0.84922848 0.81966066 0.84749760 0.81876604 0.84320007 0.79345420 0.84779426 0.80284720 0.89291594 0.81895478 0.88999235 0.82170295 0.89172322 0.82630537 0.89088786 0.82905354 0.89261873 0.82950080 0.89476723
0 0.74998761 0.89136065 0.75043486 0.89350915 0.76654186 0.89058567 0.76929073 0.89231698 0.78769924 0.88897576 0.79044741 0.89070663 0.79134203 0.89500417 0.79364294 0.89458655 0.79549649 0.89201988 0.78610361 0.84689875 0.78150178 0.84773400 0.77875361 0.84600313 0.77830636 0.84385464 0.77555749 0.84212332 0.76175140 0.84462918 0.75900323 0.84289831 0.75810861 0.83860077 0.73509769 0.84277734 0.73234952 0.84104647 0.73145501 0.83674949 0.70384225 0.84176131 0.70109409 0.84003044 0.69649167 0.84086579 0.70633180 0.88813542 0.72474030 0.88479420 0.72748847 0.88652507 0.72838309 0.89082261 0.74449068 0.88789902 0.74998761 0.89136065
0 0.53183929 0.85291230 0.52909042 0.85118099 0.48997249 0.85828104 0.48811894 0.86084771 0.49303895 0.88448225 0.49994228 0.88322927 0.50269045 0.88496014 0.53720655 0.87869533 0.53183929 0.85291230
0 0.65072357 0.88484992 0.66683116 0.88192633 0.66957932 0.88365720 0.67002658 0.88580569 0.67277533 0.88753645 0.70038750 0.88252474 0.69099463 0.83740361 0.68824645 0.83567274 0.68134371 0.83692562 0.67859484 0.83519431 0.67770033 0.83089732 0.65929182 0.83423853 0.65654366 0.83250766 0.65564904 0.82821012 0.63263811 0.83238669 0.62988994 0.83065582 0.62899532 0.82635829 0.61058682 0.82969950 0.62132157 0.88126666 0.63512824 0.87876070 0.63787653 0.88049212 0.63877103 0.88478910 0.64797528 0.88311850 0.65072357 0.88484992
0 0.48032098 0.85780316 0.48217476 0.85523702 0.48172740 0.85308797 0.44491039 0.85977040 0.44216210 0.85803955 0.43525888 0.85929251 0.43340510 0.86185865 0.44011435 0.89408827 0.47232923 0.88824114 0.47507758 0.88997198 0.48658286 0.88788373 0.48032098 0.85780316
0 0.42241184 0.85493528 0.43091010 0.89575887 0.43321116 0.89534122 0.42694928 0.86526065 0.42880297 0.86269396 0.42701396 0.85409998 0.42241184 0.85493528
0 0.57536543 0.87845894 0.58456909 0.87678844 0.58731797 0.87851975 0.58821247 0.88281674 0.61352431 0.87822255 0.60278956 0.82665539 0.58898289 0.82916135 0.58623472 0.82743048 0.58534010 0.82313294 0.58303919 0.82355057 0.58029043 0.82181981 0.55267767 0.82683162 0.54992950 0.82510076 0.54903488 0.82080322 0.53292729 0.82372681 0.54366204 0.87529396 0.55286630 0.87362336 0.55561505 0.87535412 0.55650967 0.87965166 0.57261668 0.87672818 0.57536543 0.87845894
0 0.50307815 0.81799561 0.49387390 0.81966621 0.49112573 0.81793534 0.48192148 0.81960595 0.48818336 0.84968652 0.52960279 0.84216873 0.52513004 0.82068269 0.50672153 0.82402391 0.50397277 0.82229314 0.50307815 0.81799561
0 0.42522472 0.84550490 0.41985746 0.81972187 0.41525533 0.82055718 0.42062260 0.84634021 0.42522472 0.84550490
0 0.45341410 0.82032023 0.45066582 0.81858938 0.44146156 0.82025999 0.43871322 0.81852915 0.43781860 0.81423161 0.42631325 0.81631988 0.43346975 0.85069799 0.44727619 0.84819206 0.45002459 0.84992346 0.47993839 0.84449400 0.47412364 0.81656137 0.45341410 0.82032023
