0 0.00000000 0.24526376 0.00134743 0.24733845 0.00516832 0.24815060 0.00667269 0.25046700 0.00858316 0.25087308 0.01008747 0.25318997 0.01199789 0.25359604 0.01350226 0.25591244 0.04406928 0.26240966 0.04447533 0.26049934 0.04679229 0.25899468 0.04760440 0.25517404 0.04992088 0.25366928 0.05032693 0.25175896 0.05264330 0.25025468 0.05345540 0.24643404 0.05577188 0.24492928 0.05617793 0.24301896 0.05849431 0.24151469 0.05890046 0.23960387 0.06121732 0.23809971 0.06202943 0.23427906 0.06434580 0.23277479 0.06475196 0.23086398 0.06706833 0.22935971 0.06788054 0.22553858 0.07019740 0.22403441 0.07060345 0.22212409 0.07291983 0.22061982 0.07332588 0.21870950 0.07564236 0.21720474 0.07645446 0.21338409 0.07877094 0.21187933 0.07917699 0.20996901 0.08149336 0.20846474 0.08230546 0.20464409 0.08462243 0.20313944 0.08502848 0.20122912 0.08734486 0.19972485 0.08775101 0.19781404 0.09006738 0.19630976 0.09087949 0.19248912 0.09319635 0.19098495 0.09360251 0.18907414 0.09591888 0.18756987 0.09673109 0.18374874 0.09904746 0.18224446 0.09945351 0.18033414 0.10176989 0.17882987 0.10258209 0.17500874 0.10489847 0.17350447 0.10530452 0.17159415 0.10762149 0.17008949 0.10802754 0.16817917 0.11034391 0.16667490 0.11115601 0.16285425 0.11347249 0.16134949 0.11387854 0.15943917 0.11619541 0.15793500 0.11700761 0.15411387 0.11932399 0.15260960 0.11973004 0.15069928 0.12204641 0.14919501 0.12245257 0.14728420 0.12476894 0.14577992 0.12558115 0.14195879 0.12789752 0.14045452 0.12830357 0.13854420 0.13062044 0.13704003 0.13143264 0.13321890 0.13374902 0.13171463 0.13415507 0.12980430 0.13647155 0.12829954 0.13687760 0.12638922 0.13919446 0.12488506 0.14000656 0.12106441 0.14232304 0.11955965 0.14272909 0.11764933 0.14504547 0.11614506 0.14545162 0.11423425 0.14776800 0.11272998 0.14858010 0.10890933 0.15089647 0.10740506 0.15130263 0.10549425 0.15361949 0.10399008 0.15443170 0.10016895 0.15674807 0.09866468 0.15715413 0.09675436 0.15947050 0.09525009 0.16028271 0.09142895 0.16259957 0.08992479 0.16300562 0.08801446 0.16532210 0.08650970 0.16572815 0.08459938 0.16804452 0.08309511 0.16885663 0.07927446 0.17117310 0.07776971 0.17157916 0.07585938 0.17389553 0.07435511 0.17470774 0.07053398 0.17702460 0.06902981 0.17743065 0.06711949 0.17974702 0.06561522 0.18015318 0.06370441 0.18246955 0.06220014 0.18328176 0.05837900 0.18559862 0.05687484 0.18600468 0.05496452 0.18832105 0.05346024 0.18913326 0.04963911 0.19144963 0.04813484 0.19185568 0.04622452 0.18803504 0.04541241 0.18653038 0.04309545 0.18270974 0.04228334 0.18120498 0.03996687 0.17738433 0.03915476 0.17588006 0.03683839 0.17205893 0.03602618 0.17055466 0.03370981 0.16673352 0.03289760 0.16522925 0.03058123 0.16140861 0.02976913 0.15990444 0.02745226 0.15608331 0.02664005 0.15457904 0.02432368 0.15075790 0.02351147 0.14925363 0.02119510 0.14734331 0.02078905 0.14583914 0.01847219 0.14201801 0.01765998 0.14051374 0.01534361 0.13669261 0.01453140 0.13588040 0.01835253 0.13356403 0.01985680 0.13315797 0.02176712 0.13084150 0.02327188 0.13043544 0.02518221 0.12811907 0.02668648 0.12730697 0.03050712 0.12499000 0.03201178 0.12458395 0.03392210 0.12226757 0.03542637 0.12145537 0.03924750 0.11913899 0.04075178 0.11873294 0.04266210 0.11641608 0.04416626 0.11600992 0.04607708 0.11369355 0.04758135 0.11288134 0.05140248 0.11056497 0.05290675 0.11015892 0.05481707 0.10784254 0.05632134 0.10703034 0.06014248 0.10471396 0.06164675 0.10430791 0.06355707 0.10199095 0.06506173 0.10158489 0.06697205 0.09926852 0.06847632 0.09845642 0.07229696 0.09613994 0.07380172 0.09573389 0.07571205 0.09341703 0.07721621 0.09260482 0.08103735 0.09028844 0.08254162 0.08988239 0.08445194 0.08756602 0.08595621 0.08715986 0.08786702 0.08484349 0.08937129 0.08403128 0.09319243 0.08171491 0.09469670 0.08130886 0.09660702 0.07899199 0.09811119 0.07817979 0.10193232 0.07586341 0.10343659 0.07545736 0.10534691 0.07314088 0.10685167 0.07273483 0.10876199 0.07041797 0.11026616 0.06960587 0.11408680 0.06728939 0.11559156 0.06688334 0.11750189 0.06456696 0.11900616 0.06416081 0.12091697 0.06184443 0.12242124 0.06103233 0.12624188 0.05871596 0.12774616 0.05830980 0.12965697 0.05599294 0.13116113 0.05518073 0.13498227 0.05286436 0.13648654 0.05245831 0.13839686 0.05014193 0.13990113 0.04973588 0.14181145 0.04741891 0.14331611 0.04660681 0.14713675 0.04429043 0.14864154 0.04388438 0.15055186 0.04156791 0.15205611 0.04075580 0.15587675 0.03843923 0.15738149 0.03803318 0.15929181 0.03571666 0.16079605 0.03490445 0.16461719 0.03258793 0.16612143 0.03218188 0.16803175 0.02986541 0.16953600 0.02945925 0.17144681 0.02714278 0.17295106 0.02633057 0.17677219 0.02401405 0.17827643 0.02360800 0.18018675 0.02129148 0.18169099 0.02047927 0.18551213 0.01816280 0.18701638 0.01775675 0.18892670 0.01544017 0.19043144 0.01462807 0.19425208 0.01231155 0.19575632 0.01190550 0.19766664 0.00958888 0.19917137 0.00918282 0.20108170 0.00686635 0.20258595 0.00605414 0.20640708 0.00373767 0.20791133 0.00333162 0.20982165 0.00101510 0.21132589 0.00020289 0.21514703 0.00000000 0.21527878 0.00000000 0.24526376
0 0.73533129 0.00000000 0.72782394 0.00195063 0.67381563 0.25603975 0.67792265 0.26489976 0.74669866 0.27951855 0.75596474 0.27350109 0.76334783 0.20119033 0.80342957 0.02201462 0.78444506 0.00799554 0.74682898 0.00000000 0.73533129 0.00000000
0 0.45898438 0.49006452 0.45351957 0.48849268 0.45213872 0.48561519 0.45735745 0.45239137 0.45597660 0.44951381 0.45784043 0.43764819 0.44381060 0.43361280 0.43971017 0.45971726 0.44109102 0.46259475 0.43400844 0.50768438 0.43538931 0.51056175 0.44591190 0.51358836 0.44729278 0.51646573 0.44617446 0.52358528 0.44404810 0.52545386 0.43177188 0.52192286 0.43315266 0.52480084 0.42569743 0.57226283 0.42707821 0.57514081 0.41925013 0.62497640 0.42063146 0.62785390 0.41466719 0.66582398 0.44272685 0.67389478 0.44608172 0.65253675 0.44470040 0.64965925 0.45103741 0.60931619 0.44965663 0.60643821 0.45636638 0.56372217 0.45498560 0.56084419 0.45898438 0.53538692 0.45898438 0.49006452
0 0.34079794 0.47095287 0.35132054 0.47397949 0.35270141 0.47685686 0.35009203 0.49346892 0.34796566 0.49533751 0.33919713 0.49281542 0.33248729 0.53553207 0.33386817 0.53840944 0.33274994 0.54552837 0.33450355 0.54603277 0.33588478 0.54891087 0.34289924 0.55092844 0.34428057 0.55380594 0.34241676 0.56567144 0.34028995 0.56753990 0.33152142 0.56501781 0.32939497 0.56688700 0.32343070 0.60485709 0.34973674 0.61242349 0.35111762 0.61530086 0.34776274 0.63665888 0.34563629 0.63852807 0.32108386 0.63146607 0.31922006 0.64333156 0.34727971 0.65140236 0.34940661 0.64953329 0.39324971 0.66214387 0.39537607 0.66027528 0.40940590 0.66431068 0.41462458 0.63108716 0.41324380 0.62820918 0.41995355 0.58549313 0.41857268 0.58261577 0.42528252 0.53989912 0.42390120 0.53702162 0.43061104 0.49430497 0.42923015 0.49142772 0.43593994 0.44871143 0.43455909 0.44583388 0.43679569 0.43159510 0.36138526 0.40990482 0.36101249 0.41227795 0.35888611 0.41414669 0.34836351 0.41112007 0.34128096 0.45620952 0.34266180 0.45908707 0.34079794 0.47095287
0 0.24159858 0.55403574 0.23153386 0.61811041 0.28414549 0.63324308 0.28627194 0.63137388 0.30731713 0.63742711 0.30768988 0.63505413 0.28313745 0.62799212 0.28175658 0.62511475 0.28511145 0.60375673 0.28723781 0.60188814 0.31179023 0.60895015 0.31402688 0.59471106 0.31264556 0.59183356 0.32382860 0.52063935 0.32244773 0.51776198 0.33176688 0.45843375 0.33001327 0.45792936 0.32863197 0.45505168 0.32161751 0.45303411 0.32023621 0.45015643 0.32098174 0.44541023 0.32310857 0.44354159 0.33187711 0.44606368 0.33858690 0.40334733 0.26317647 0.38165705 0.26019434 0.40064209 0.26157519 0.40351958 0.25039217 0.47471368 0.25177304 0.47759104 0.24021726 0.55115824 0.24159858 0.55403574
0 0.08031233 0.37890625 0.07811175 0.39291569 0.08688037 0.39543781 0.08826106 0.39831576 0.08751557 0.40306172 0.08889680 0.40593982 0.08666025 0.42017830 0.08453344 0.42204676 0.07401129 0.41902028 0.07252023 0.42851280 0.07390119 0.43139020 0.07278287 0.43850974 0.07416378 0.44138775 0.07379104 0.44376073 0.07166454 0.44562928 0.06980074 0.45749478 0.06767420 0.45936395 0.06629333 0.45648595 0.06815713 0.44462044 0.03483627 0.43503638 0.01470683 0.56318571 0.04978140 0.57327420 0.05403444 0.56953649 0.05679632 0.57529190 0.07608744 0.58084060 0.07821390 0.57897141 0.14134812 0.59713069 0.14347448 0.59526210 0.17679543 0.60484620 0.17892179 0.60297761 0.18227676 0.58161898 0.17350823 0.57909689 0.17074648 0.57334215 0.17372861 0.55435711 0.17585497 0.55248852 0.17936220 0.55349731 0.18148856 0.55162872 0.18674986 0.55314203 0.18861376 0.54127592 0.19074057 0.53940746 0.19212144 0.54228483 0.18280230 0.60161294 0.21086196 0.60968373 0.21298832 0.60781514 0.21824962 0.60932845 0.22085901 0.59271638 0.21947768 0.58983888 0.23289728 0.50440619 0.23151640 0.50152882 0.24493600 0.41609613 0.24355514 0.41321864 0.24894486 0.37890625 0.21411846 0.37890625 0.20613381 0.42973864 0.21665640 0.43276525 0.21803718 0.43564323 0.21654612 0.44513575 0.21441976 0.44700434 0.20565123 0.44448225 0.20352442 0.44635071 0.20315168 0.44872369 0.20102522 0.45059288 0.19050308 0.44756639 0.18912185 0.44468829 0.19247671 0.42333039 0.19460353 0.42146181 0.20337206 0.42398390 0.20933633 0.38601382 0.19881373 0.38298721 0.19743288 0.38010971 0.19762191 0.37890625 0.08031233 0.37890625
0 0.04365308 0.37890625 0.03558176 0.43029042 0.06714887 0.43937006 0.07664640 0.37890625 0.04365308 0.37890625
0 1.00000000 0.49006452 0.99355851 0.48849268 0.99193086 0.48561519 0.99808230 0.45239137 0.99645467 0.44951381 0.99865161 0.43764819 0.98211432 0.43361280 0.97728104 0.45971726 0.97890869 0.46259475 0.97056028 0.50768438 0.97218794 0.51056175 0.98459117 0.51358836 0.98621884 0.51646573 0.98490065 0.52358528 0.98239426 0.52545386 0.96792400 0.52192286 0.96955156 0.52480084 0.96076390 0.57226283 0.96239145 0.57514081 0.95316432 0.62497640 0.95479252 0.62785390 0.94776230 0.66582398 0.98083687 0.67389478 0.98479134 0.65253675 0.98316314 0.64965925 0.99063272 0.60931619 0.98900517 0.60643821 0.99691410 0.56372217 0.99528655 0.56084419 1.00000000 0.53538692 1.00000000 0.49006452
0 0.86069089 0.47095287 0.87309412 0.47397949 0.87472179 0.47685686 0.87164604 0.49346892 0.86913965 0.49533751 0.85880398 0.49281542 0.85089493 0.53553207 0.85252260 0.53840944 0.85120451 0.54552837 0.85327154 0.54603277 0.85489963 0.54891087 0.86316774 0.55092844 0.86479594 0.55380594 0.86259902 0.56567144 0.86009210 0.56753990 0.84975643 0.56501781 0.84724993 0.56688700 0.84021971 0.60485709 0.87122726 0.61242349 0.87285492 0.61530086 0.86890046 0.63665888 0.86639396 0.63852807 0.83745344 0.63146607 0.83525653 0.64333156 0.86833110 0.65140236 0.87083813 0.64953329 0.92251701 0.66214387 0.92502340 0.66027528 0.94156069 0.66431068 0.94771207 0.63108716 0.94608452 0.62820918 0.95399345 0.58549313 0.95236579 0.58261577 0.96027484 0.53989912 0.95864664 0.53702162 0.96655569 0.49430497 0.96492800 0.49142772 0.97283698 0.44871143 0.97120935 0.44583388 0.97384568 0.43159510 0.88495764 0.40990482 0.88451825 0.41227795 0.88201183 0.41414669 0.86960860 0.41112007 0.86126023 0.45620952 0.86288786 0.45908707 0.86069089 0.47095287
0 0.74376228 0.55403574 0.73189876 0.61811041 0.79391331 0.63324308 0.79641981 0.63137388 0.82122627 0.63742711 0.82166563 0.63505413 0.79272512 0.62799212 0.79109745 0.62511475 0.79505192 0.60375673 0.79755831 0.60188814 0.82649882 0.60895015 0.82913521 0.59471106 0.82750701 0.59183356 0.84068873 0.52063935 0.83906106 0.51776198 0.85004577 0.45843375 0.84797874 0.45792936 0.84635057 0.45505168 0.83808246 0.45303411 0.83645430 0.45015643 0.83733306 0.44541023 0.83984002 0.44354159 0.85017569 0.44606368 0.85808468 0.40334733 0.76919664 0.38165705 0.76568153 0.40064209 0.76730918 0.40351958 0.75412748 0.47471368 0.75575515 0.47759104 0.74213408 0.55115824 0.74376228 0.55403574
0 0.55365039 0.37890625 0.55105652 0.39291569 0.56139230 0.39543781 0.56301975 0.39831576 0.56214103 0.40306172 0.56376911 0.40593982 0.56113284 0.42017830 0.55862592 0.42204676 0.54622322 0.41902028 0.54446567 0.42851280 0.54609344 0.43139020 0.54477525 0.43850974 0.54640296 0.44138775 0.54596360 0.44376073 0.54345705 0.44562928 0.54126014 0.45749478 0.53875353 0.45936395 0.53712587 0.45648595 0.53932278 0.44462044 0.50004671 0.43503638 0.47631967 0.56318571 0.51766288 0.57327420 0.52267604 0.56953649 0.52593152 0.57529190 0.54867042 0.58084060 0.55117692 0.57897141 0.62559471 0.59713069 0.62810110 0.59526210 0.66737728 0.60484620 0.66988367 0.60297761 0.67383825 0.58161898 0.66350258 0.57909689 0.66024725 0.57334215 0.66376235 0.55435711 0.66626874 0.55248852 0.67040280 0.55349731 0.67290919 0.55162872 0.67911080 0.55314203 0.68130783 0.54127592 0.68381475 0.53940746 0.68544242 0.54228483 0.67445773 0.60161294 0.70753230 0.60968373 0.71003869 0.60781514 0.71624030 0.60932845 0.71931605 0.59271638 0.71768786 0.58983888 0.73350585 0.50440619 0.73187818 0.50152882 0.74769616 0.41609613 0.74606852 0.41321864 0.75242151 0.37890625 0.71137081 0.37890625 0.70195912 0.42973864 0.71436235 0.43276525 0.71598991 0.43564323 0.71423235 0.44513575 0.71172596 0.44700434 0.70139029 0.44448225 0.69888337 0.44635071 0.69844401 0.44872369 0.69593751 0.45059288 0.68353481 0.44756639 0.68190673 0.44468829 0.68586117 0.42333039 0.68836812 0.42146181 0.69870379 0.42398390 0.70573400 0.38601382 0.69333077 0.38298721 0.69170313 0.38010971 0.69192595 0.37890625 0.55365039 0.37890625
0 0.51043928 0.37890625 0.50092543 0.43029042 0.53813432 0.43937006 0.54932928 0.37890625 0.51043928 0.37890625
