0 0.00000000 0.19229252 0.05111214 0.33058852 0.19260518 0.30310163 0.16322259 0.22360006 0.16098016 0.22266143 0.15813675 0.21496791 0.13160669 0.22012172 0.12936413 0.21918276 0.10990873 0.22296223 0.10766630 0.22202359 0.08870982 0.17073237 0.00000000 0.18796542 0.00000000 0.19229252
0 0.41593083 0.26109194 0.36190482 0.11491178 0.26993389 0.13277834 0.32395990 0.27895850 0.41593083 0.26109194
0 0.25707971 0.13390118 0.21816890 0.14146012 0.21687423 0.14308588 0.17265777 0.15167551 0.22668377 0.29785567 0.31334815 0.28101998 0.25932214 0.13483981 0.25707971 0.13390118
0 0.46875000 0.15268003 0.44762143 0.09551169 0.38218056 0.10822444 0.43668045 0.25568680 0.46875000 0.24945687 0.46875000 0.15268003
0 0.35596380 0.08857936 0.35372125 0.08764040 0.32718219 0.01583268 0.23874881 0.03301203 0.26765740 0.11123107 0.32602362 0.09989266 0.32826618 0.10083163 0.35656478 0.09533425 0.35785933 0.09370816 0.35596380 0.08857936
0 0.24867600 0.11629307 0.21929341 0.03679150 0.13262903 0.05362720 0.16201162 0.13312876 0.24867600 0.11629307
0 0.33839137 0.00000000 0.37200864 0.09095947 0.44098661 0.07755959 0.41232174 0.00000000 0.33839137 0.00000000
0 0.22654806 0.00000000 0.23543146 0.02403615 0.32386484 0.00685680 0.32133067 0.00000000 0.22654806 0.00000000
0 0.20351895 0.00000000 0.11888562 0.01644114 0.12504647 0.03311077 0.12375183 0.03473663 0.12706921 0.04371258 0.13768142 0.04165102 0.13992388 0.04258975 0.21597605 0.02781562 0.20569582 0.00000000 0.20351895 0.00000000
0 0.00000000 0.07432263 0.03113070 0.15855411 0.13017592 0.13931327 0.13147046 0.13768718 0.08881846 0.02228208 0.00000000 0.03953623 0.00000000 0.07432263
0 0.82647942 0.00000000 0.83461717 0.01942819 0.83314988 0.02105395 0.86645015 0.10055552 0.97068336 0.08268904 0.93604797 0.00000000 0.82647942 0.00000000
0 0.17455314 0.53720417 0.28179600 0.49612274 0.27346120 0.45701019 0.25607569 0.42760142 0.24363074 0.38811881 0.12120499 0.42721452 0.11559042 0.43351519 0.12576664 0.46784358 0.13088780 0.47387336 0.15327999 0.47093948 0.17455314 0.53720417
0 0.76659769 0.33984375 0.53958633 0.42339635 0.51670074 0.43866069 0.53480866 0.53248388 0.67634685 0.47964036 0.67077418 0.43335157 0.72451896 0.40972824 0.74334280 0.45473512 0.86475753 0.40997969 0.86626195 0.40330896 0.85297303 0.33984375 0.76659769 0.33984375
