0 0.71167525 0.01571565 0.71586734 0.07566526 0.75423519 0.07298232 0.75680074 0.07521310 0.76399487 0.07471003 0.75963506 0.01236197 0.71167525 0.01571565
0 0.70448113 0.01621871 0.68289937 0.01772786 0.68033385 0.01549757 0.65395580 0.01734210 0.65697410 0.06050575 0.66656606 0.05983501 0.66913161 0.06206579 0.67030537 0.07885126 0.70867321 0.07616832 0.70448113 0.01621871
0 0.93227019 0.00000000 0.93631479 0.05784051 0.93408463 0.06040602 0.93475537 0.06999798 0.93732087 0.07222815 0.98528069 0.06887447 0.98751085 0.06630896 1.00000000 0.06543563 1.00000000 0.00000000 0.98528363 0.00000000 0.98856721 0.04695736 0.98633705 0.04952287 0.98377154 0.04729271 0.98046451 0.00000000 0.93227019 0.00000000
0 0.81901338 0.00000000 0.82394447 0.07051795 0.87430212 0.06699660 0.87653286 0.06443043 0.87909841 0.06666121 0.92705822 0.06330753 0.92263132 0.00000000 0.87443700 0.00000000 0.87842763 0.05706863 0.87619751 0.05963476 0.87363134 0.05740402 0.86961726 0.00000000 0.81901338 0.00000000
0 0.76358975 0.00000000 0.76879054 0.07437469 0.81675035 0.07102101 0.81440275 0.03744884 0.81663352 0.03488316 0.81419426 0.00000000 0.76358975 0.00000000
0 0.60454868 0.00000000 0.60532513 0.01110383 0.63410114 0.00909161 0.63666666 0.01132190 0.69661627 0.00712981 0.69644859 0.00473185 0.69388306 0.00250150 0.69370814 0.00000000 0.60454868 0.00000000
0 0.14699704 1.00000000 0.14674545 0.99640216 0.14434761 0.99656983 0.14178206 0.99433906 0.13458794 0.99484212 0.13202242 0.99261196 0.13185475 0.99021412 0.13408487 0.98764800 0.13665043 0.98987877 0.14624239 0.98920804 0.14847312 0.98664187 0.14629324 0.95546815 0.13190499 0.95647427 0.12933948 0.95424411 0.12900409 0.94944782 0.11701368 0.95028627 0.11444817 0.94805611 0.11260368 0.92167867 0.11483380 0.91911255 0.12682421 0.91827410 0.12615348 0.90868213 0.05181562 0.91388034 0.04924999 0.91165019 0.04891464 0.90685451 0.00000000 0.91027496 0.00000000 0.99993555 0.00000451 1.00000000 0.14699704 1.00000000
0 0.00000000 0.89099723 0.03078721 0.88884438 0.03335284 0.89107453 0.03352051 0.89347237 0.09107216 0.88944797 0.09363767 0.89167813 0.09380534 0.89407597 0.09637151 0.89630670 0.12514740 0.89429450 0.12028458 0.82475293 0.10349849 0.82592672 0.10093294 0.82369595 0.09134098 0.82436668 0.09301783 0.84834689 0.09078706 0.85091245 0.03323559 0.85493684 0.03066990 0.85270669 0.02983145 0.84071627 0.02726581 0.83848612 0.02592434 0.81930219 0.00000000 0.82111500 0.00000000 0.89099723
0 0.00000000 0.77051112 0.00561703 0.77011834 0.00818272 0.77234849 0.00835044 0.77474694 0.01091613 0.77697709 0.02290606 0.77613867 0.02547169 0.77836883 0.04705333 0.77685969 0.04961945 0.77908981 0.07120121 0.77758067 0.07376672 0.77981083 0.07393444 0.78220928 0.11709857 0.77919095 0.11966408 0.78142112 0.11999947 0.78621741 0.12959144 0.78554667 0.13182156 0.78298055 0.13422001 0.78281283 0.13371694 0.77561871 0.13115082 0.77338858 0.13031241 0.76139879 0.12808225 0.76396430 0.11849029 0.76463503 0.11592478 0.76240487 0.11357722 0.72883331 0.07041309 0.73185164 0.06784754 0.72962086 0.06751219 0.72482519 0.00000000 0.72954610 0.00000000 0.73918496 0.00583517 0.73877693 0.00840087 0.74100708 0.00873621 0.74580275 0.00650591 0.74836889 0.00000000 0.74882383 0.00000000 0.77051112
0 0.09784750 0.71065551 0.09818285 0.71545118 0.11257110 0.71444506 0.11005583 0.67847505 0.08367778 0.68031958 0.07854615 0.67585929 0.02099468 0.67988369 0.01586331 0.67542276 0.00387339 0.67626118 0.00622099 0.70983336 0.03259885 0.70798883 0.03516455 0.71021899 0.03533222 0.71261682 0.09528195 0.70842473 0.09784750 0.71065551
0 0.58894231 0.92761269 0.61049945 0.93058533 0.61859060 0.82836567 0.58894231 0.82511337 0.58894231 0.92761269
0 0.72326397 0.83739612 0.63344656 0.82750516 0.61931838 0.92619986 0.71632361 0.93729186 0.72326397 0.83739612
