0 0.09437966 0.43906250 0.09335804 0.42043084 0.09505599 0.41862846 0.09439859 0.40663919 0.09251282 0.40501631 0.09241892 0.40330369 0.05657897 0.40509892 0.05676678 0.40852418 0.05506892 0.41032656 0.05664458 0.43906250 0.09437966 0.43906250
0 0.03451201 0.39589940 0.03262611 0.39427653 0.00933046 0.39544342 0.01026959 0.41257057 0.02460538 0.41185249 0.02649126 0.41347580 0.03903511 0.41284747 0.03809596 0.39571988 0.03451201 0.39589940
0 0.00000000 0.22527987 0.00848525 0.38002889 0.01027722 0.37993913 0.01216311 0.38156200 0.05696258 0.37931797 0.05884835 0.38094085 0.09647970 0.37905588 0.09385012 0.33109923 0.09554807 0.32929685 0.09235501 0.27106355 0.09405342 0.26926115 0.09095428 0.21274092 0.09265223 0.21093854 0.09039831 0.16983284 0.08143855 0.17028164 0.07955279 0.16865877 0.02579332 0.17135160 0.02390744 0.16972830 0.00000000 0.17092583 0.00000000 0.22527987
0 0.09153277 0.15775382 0.09134496 0.15432856 0.09304334 0.15252572 0.09107117 0.11655834 0.08569513 0.11682763 0.08380890 0.11520478 0.04080152 0.11735904 0.04098933 0.12078429 0.03929147 0.12258667 0.04126367 0.15855448 0.07172703 0.15702856 0.07361326 0.15865141 0.09153277 0.15775382
0 0.07617940 0.07436834 0.07702462 0.08978287 0.07532667 0.09158526 0.06457459 0.09212383 0.06287664 0.09392621 0.06334622 0.10249023 0.06523199 0.10411310 0.09031986 0.10285644 0.09003811 0.09771812 0.09173607 0.09591574 0.10248768 0.09537718 0.10079723 0.06454769 0.10249564 0.06274528 0.10155651 0.04561804 0.10325446 0.04381553 0.11400608 0.04327697 0.11306694 0.02614960 0.11476535 0.02434711 0.11429578 0.01578340 0.11599373 0.01398088 0.12674534 0.01344233 0.12627578 0.00487867 0.06355656 0.00802030 0.06185861 0.00982279 0.06448818 0.05777933 0.06279025 0.05958215 0.06354156 0.07328405 0.07429364 0.07274547 0.07617940 0.07436834
0 0.83724917 0.43906250 0.79206813 0.11355119 0.76989700 0.11471313 0.70426667 0.13728827 0.70425193 0.13817150 0.70450004 0.14290563 0.74653044 0.43906250 0.83724917 0.43906250
0 0.45937500 0.75405146 0.45708055 0.70059128 0.43199267 0.70219677 0.43330745 0.73283072 0.43160950 0.73513340 0.43592953 0.83578901 0.43423158 0.83809170 0.43855158 0.93874674 0.43685365 0.94104999 0.43873192 0.98481317 0.45937500 0.98349213 0.45937500 0.75405146
0 0.60692769 0.43906250 0.70940268 0.45936567 0.71516507 0.44338947 0.72174665 0.44304454 0.72302932 0.43906250 0.60692769 0.43906250
0 0.64912424 0.67866378 0.76633898 0.66427123 0.76314142 0.63474032 0.74681679 0.63807073 0.74724795 0.64629771 0.64726676 0.65896213 0.64912424 0.67866378
0 0.65301516 0.70568349 0.76364831 0.69163587 0.76456074 0.67756376 0.65029186 0.68520225 0.65301516 0.70568349
0 0.65517445 0.73114403 0.76927086 0.72021474 0.76931747 0.70536305 0.65331697 0.71144238 0.65517445 0.73114403
0 0.65512434 0.76167011 0.77086614 0.75065459 0.76996071 0.73337792 0.65404644 0.74110264 0.65512434 0.76167011
0 0.65728362 0.78713065 0.77064357 0.77788987 0.77142665 0.76134967 0.65720089 0.76981086 0.65728362 0.78713065
0 0.65974472 0.81835008 0.77617988 0.80482335 0.77371528 0.78927831 0.65702143 0.79786885 0.65974472 0.81835008
0 0.66021550 0.84307415 0.77842540 0.83192928 0.77769243 0.81794341 0.65762155 0.82506102 0.66021550 0.84307415
0 0.66016538 0.87360023 0.77902552 0.85912146 0.77742674 0.84435600 0.66077600 0.85376924 0.66016538 0.87360023
0 0.66336295 0.90313115 0.77884606 0.88717944 0.77872022 0.86903695 0.66397357 0.88330015 0.66336295 0.90313115
0 0.66526355 0.92365550 0.78278010 0.91502184 0.77962215 0.90198802 0.66279895 0.90811046 0.66526355 0.92365550
