0 0.31901042 0.24944448 0.31447879 0.25030577 0.31590458 0.26110832 0.31901042 0.26051802 0.31901042 0.24944448
0 0.31901042 0.23678867 0.31413523 0.23771525 0.31264553 0.23641611 0.31244185 0.23487294 0.31095187 0.23357425 0.30323572 0.23504080 0.30174608 0.23374205 0.30154240 0.23219888 0.30025610 0.23244336 0.29876640 0.23114421 0.29233622 0.23236634 0.29125398 0.23415431 0.29145766 0.23569748 0.29037503 0.23748512 0.28780309 0.23797394 0.28672080 0.23976152 0.28692448 0.24130468 0.28584224 0.24309266 0.28326997 0.24358155 0.28388105 0.24821143 0.28645332 0.24772255 0.28794297 0.24902130 0.29051491 0.24853247 0.29200456 0.24983122 0.29714910 0.24885344 0.29863875 0.25015219 0.29904615 0.25323892 0.30804860 0.25152790 0.30784488 0.24998434 0.30892717 0.24819676 0.31278508 0.24746352 0.31258140 0.24592036 0.31366402 0.24413272 0.31901042 0.24311658 0.31901042 0.23678867
0 0.31901042 0.19407520 0.29191697 0.19922461 0.29212064 0.20076778 0.29469258 0.20027895 0.29618223 0.20157770 0.29679332 0.20620759 0.29571108 0.20799556 0.29185317 0.20872880 0.29036314 0.20742972 0.28650490 0.20816302 0.28691230 0.21124974 0.28583001 0.21303732 0.28325807 0.21352615 0.28529495 0.22895858 0.28915286 0.22822534 0.29064289 0.22952443 0.30864746 0.22610245 0.31013711 0.22740120 0.31054452 0.23048793 0.31311679 0.22999904 0.31460644 0.23129779 0.31501379 0.23438412 0.31901042 0.23362451 0.31901042 0.19407520
0 0.20898118 0.30000000 0.20781237 0.29114453 0.20889466 0.28935695 0.20869098 0.28781379 0.20720128 0.28651464 0.20618284 0.27879843 0.19332215 0.28124274 0.19183251 0.27994399 0.19061033 0.27068422 0.18675210 0.27141752 0.18526245 0.27011877 0.18485509 0.26703244 0.18099685 0.26776574 0.17950715 0.26646660 0.17848871 0.25875038 0.17591644 0.25923927 0.17442679 0.25794052 0.17340830 0.25022391 0.17449059 0.24843633 0.17834883 0.24770303 0.17773780 0.24307353 0.17882004 0.24128556 0.18267828 0.24055226 0.18186352 0.23437921 0.18294581 0.23259163 0.18551808 0.23210274 0.18449964 0.22438652 0.18558188 0.22259855 0.18815415 0.22210966 0.18964385 0.22340881 0.18862541 0.21569259 0.18476717 0.21642589 0.18327747 0.21512675 0.18307379 0.21358358 0.18415608 0.21179601 0.18293391 0.20253623 0.18401621 0.20074865 0.18787445 0.20001535 0.18685601 0.19229913 0.18793830 0.19051156 0.19179654 0.18977825 0.19159281 0.18823470 0.19267510 0.18644712 0.19653334 0.18571382 0.19612593 0.18262709 0.19720823 0.18083952 0.20106647 0.18010621 0.20065911 0.17701988 0.20174140 0.17523231 0.21202982 0.17327688 0.21351980 0.17457556 0.21392715 0.17766189 0.21541680 0.17896064 0.21582421 0.18204737 0.22354036 0.18058083 0.22503034 0.18187951 0.22564142 0.18650940 0.22821336 0.18602057 0.22970301 0.18731933 0.23011042 0.19040605 0.23139639 0.19016164 0.23288637 0.19146033 0.23329377 0.19454705 0.23586571 0.19405822 0.23803058 0.19048261 0.23931655 0.19023820 0.24039884 0.18845062 0.24019511 0.18690706 0.24236002 0.18333184 0.24493196 0.18284302 0.24642194 0.18414170 0.24662562 0.18568487 0.24554305 0.18747290 0.24574673 0.18901607 0.24466443 0.19080365 0.24337846 0.19104806 0.23904902 0.19819883 0.23776305 0.19844324 0.23837413 0.20307313 0.23966010 0.20282871 0.24114975 0.20412747 0.24135348 0.20567103 0.24521172 0.20493772 0.24670137 0.20623647 0.24609028 0.20160659 0.24825514 0.19803097 0.25211306 0.19729773 0.25150202 0.19266824 0.25258432 0.19088066 0.25515658 0.19039177 0.25413809 0.18267516 0.25522039 0.18088759 0.25481303 0.17780126 0.25589560 0.17601322 0.25975351 0.17527998 0.25934615 0.17219365 0.26042839 0.17040568 0.26300066 0.16991679 0.26746999 0.17381338 0.26638775 0.17560135 0.26381548 0.17609024 0.26483392 0.18380646 0.26375163 0.18559403 0.26246533 0.18583851 0.26287274 0.18892523 0.26673098 0.18819193 0.26971060 0.19078937 0.27052536 0.19696242 0.26944307 0.19875000 0.26687080 0.19923889 0.26707453 0.20078245 0.26964680 0.20029356 0.27262610 0.20289106 0.27323718 0.20752095 0.27107260 0.21109610 0.27127633 0.21263966 0.27276597 0.21393841 0.28048212 0.21247187 0.28264699 0.20889626 0.28244331 0.20735310 0.28460784 0.20377755 0.28440416 0.20223438 0.28656908 0.19865916 0.28595799 0.19402928 0.28446802 0.19273059 0.28385693 0.18810070 0.28236728 0.18680195 0.28195988 0.18371522 0.28047023 0.18241647 0.28006282 0.17932975 0.27857317 0.17803100 0.27796214 0.17340151 0.27647244 0.17210236 0.27606508 0.16901603 0.27457505 0.16771695 0.27416770 0.16463062 0.27267805 0.16333187 0.27206697 0.15870198 0.26820873 0.15943528 0.26881981 0.16406517 0.26773752 0.16585275 0.26516558 0.16634157 0.26367560 0.16504289 0.26245343 0.15578311 0.26116746 0.15602752 0.25818784 0.15343008 0.25798416 0.15188692 0.25649446 0.15058777 0.25263655 0.15132101 0.25114657 0.15002232 0.25222919 0.14823468 0.25202546 0.14669113 0.24816722 0.14742443 0.24667725 0.14612574 0.24626989 0.14303941 0.23726777 0.14475037 0.23577779 0.14345168 0.23475930 0.13573507 0.21675473 0.13915704 0.21695841 0.14070020 0.21587617 0.14248817 0.21201793 0.14322148 0.21242528 0.14630781 0.21134304 0.14809578 0.20234059 0.14980680 0.20274795 0.15289313 0.20166565 0.15468070 0.19780741 0.15541400 0.19862218 0.16158706 0.19753994 0.16337503 0.19496767 0.16386392 0.19388537 0.16565150 0.19531122 0.17645444 0.19422893 0.17824201 0.18522648 0.17995303 0.18563383 0.18303936 0.18455154 0.18482694 0.18069330 0.18556024 0.18089703 0.18710380 0.17981474 0.18889138 0.17724247 0.18938026 0.17764988 0.19246699 0.17656759 0.19425457 0.17270935 0.19498787 0.17352411 0.20116092 0.17244182 0.20294850 0.16858358 0.20368180 0.16899098 0.20676852 0.16790869 0.20855610 0.16405045 0.20928940 0.16445781 0.21237573 0.16337551 0.21416331 0.16080324 0.21465220 0.16161806 0.22082565 0.16053577 0.22261322 0.15667786 0.22334646 0.15708521 0.22643279 0.15600259 0.22822043 0.15214435 0.22895373 0.15397761 0.24284340 0.15289531 0.24463097 0.15493225 0.26006380 0.15750452 0.25957491 0.15899416 0.26087366 0.16415833 0.30000000 0.20898118 0.30000000
0 0.90127208 0.17821746 0.90168819 0.17937483 0.89947642 0.18071556 0.89422203 0.18108218 0.89547046 0.18455460 0.93488043 0.18180481 0.93709209 0.18046378 0.96073821 0.17881390 0.96294930 0.17747322 0.96253319 0.17631584 0.96474495 0.17497511 0.96737215 0.17479180 0.96612372 0.17131939 0.94510480 0.17278596 0.94289371 0.17412664 0.93984973 0.17315263 0.93860131 0.16968021 0.93597411 0.16986352 0.93376302 0.17120420 0.91011623 0.17285413 0.90790524 0.17419512 0.90873746 0.17650986 0.90652648 0.17785084 0.90127208 0.17821746
0 1.00000000 0.16420978 0.99598757 0.16448974 0.99640367 0.16564711 0.99419191 0.16698784 0.98105525 0.16790444 0.98396822 0.17600664 0.99973274 0.17490669 1.00000000 0.17499223 1.00000000 0.16420978
0 0.88894266 0.15890730 0.90207932 0.15799070 0.90429041 0.15665002 0.93844666 0.15426680 0.94065775 0.15292612 0.95642228 0.15182617 0.95558996 0.14951112 0.95254598 0.14853711 0.95212987 0.14737974 0.91797429 0.14976291 0.91576320 0.15110359 0.89737148 0.15238685 0.89516039 0.15372753 0.88990532 0.15409420 0.88769423 0.15543489 0.88894266 0.15890730
0 0.87645870 0.12418403 0.87687481 0.12534140 0.87991811 0.12631547 0.88033422 0.12747284 0.89347088 0.12655625 0.89651496 0.12753056 0.89734718 0.12984530 0.89292443 0.13252701 0.89029723 0.13271032 0.90080669 0.13197704 0.90301778 0.13063635 0.92140951 0.12935309 0.92016108 0.12588067 0.91711767 0.12490631 0.91932876 0.12356563 0.93772048 0.12228237 0.93605595 0.11765258 0.93342808 0.11783594 0.93038477 0.11686187 0.92775758 0.11704518 0.92554649 0.11838587 0.88876304 0.12095239 0.88655205 0.12229337 0.88392486 0.12247668 0.88171377 0.12381736 0.87645870 0.12418403
0 0.87739706 0.09682938 0.86951480 0.09737936 0.86993090 0.09853673 0.87297488 0.09951075 0.87076322 0.10085178 0.86550883 0.10121840 0.86717336 0.10584818 0.86938446 0.10450750 0.88252111 0.10359090 0.88556442 0.10456497 0.88764506 0.11035213 0.90866398 0.10888556 0.90699944 0.10425577 0.90921121 0.10291504 0.92497506 0.10181513 0.92206210 0.09371293 0.91901879 0.09273886 0.91639160 0.09292217 0.91334829 0.09194811 0.91072042 0.09213147 0.90850933 0.09347215 0.90892544 0.09462952 0.90671435 0.09597021 0.90062707 0.09402213 0.87960815 0.09548870 0.87739706 0.09682938
0 0.85635383 0.07575441 0.86160823 0.07538779 0.86465231 0.07636210 0.87253390 0.07581217 0.87557720 0.07678623 0.87599331 0.07794361 0.87903729 0.07891762 0.87986961 0.08123267 0.88775187 0.08068269 0.88996286 0.07934171 0.89259005 0.07915840 0.88954675 0.07818434 0.88829843 0.07471222 0.89050941 0.07337124 0.89313661 0.07318793 0.89618002 0.07416229 0.90931735 0.07324564 0.90682049 0.06630081 0.86740985 0.06905065 0.86519876 0.07039133 0.86257156 0.07057464 0.86340388 0.07288968 0.86119212 0.07423041 0.85593773 0.07459703 0.85635383 0.07575441
0 0.25249996 0.94337006 0.28789836 0.93189626 0.28725139 0.83710062 0.28338126 0.80777862 0.26915881 0.78991606 0.20316275 0.79929541 0.19971198 0.80311522 0.20162107 0.83755587 0.17677869 0.83911349 0.16545985 0.80329732 0.13547326 0.80583266 0.12897909 0.81655881 0.13095209 0.84149545 0.15342605 0.84196994 0.15790725 0.87592173 0.17631936 0.87558625 0.17838020 0.95112945 0.25249996 0.94337006
0 0.00000000 0.96842027 0.02587515 0.96429500 0.03058805 0.90012019 0.05014643 0.88849301 0.05399262 0.85770444 0.07158998 0.85119591 0.07137432 0.81959736 0.06690509 0.81570086 0.00000000 0.82692486 0.00000000 0.96842027
0 0.61644458 0.30000000 0.55797903 0.35130656 0.53933556 0.36630980 0.41008330 0.46026274 0.39799025 0.47253710 0.39854062 0.47670700 0.40827927 0.48841518 0.41074162 0.50943834 0.42350433 0.52042623 0.42916570 0.53610177 0.43926787 0.54614939 0.44440061 0.55732027 0.45804231 0.57581685 0.45962566 0.58933132 0.46830906 0.59815837 0.47290459 0.61561688 0.48850247 0.62904794 0.49026154 0.64406352 0.49486692 0.65072950 0.50266148 0.66284040 0.51595154 0.67833319 0.51788524 0.69485169 0.52905475 0.70311764 0.53400043 0.72357864 0.54587301 0.73785062 0.55083002 0.74752038 0.56163527 0.76357402 0.56712093 0.77774845 0.57526583 0.79286338 0.58288468 0.80347316 0.59528332 0.82225028 0.60289082 0.84365130 0.61776295 0.87265880 0.63653868 0.90232601 0.65053202 0.92382637 0.66487679 0.94832896 0.67356148 0.95715577 0.68242060 0.96748395 0.83758374 0.86613530 0.99877251 0.71960710 0.99821052 0.71480978 0.99015208 0.69909150 0.97704887 0.67430706 0.96606771 0.65675075 0.76005607 0.30000000 0.61644458 0.30000000
