0 0.04882761 0.36213638 0.05769743 0.36254333 0.05795607 0.36099296 0.06117183 0.35957826 0.06143048 0.35802788 0.06464547 0.35661315 0.06760183 0.35674879 0.06786054 0.35519802 0.06194784 0.35492673 0.05924937 0.35324069 0.05873201 0.35634183 0.05551702 0.35775657 0.05256066 0.35762093 0.05230202 0.35917130 0.04908626 0.36058600 0.04882761 0.36213638
0 0.42708518 0.39843750 0.42737665 0.39669042 0.42467819 0.39500437 0.42789394 0.39358967 0.42519555 0.39190322 0.42778215 0.37639868 0.43099791 0.37498398 0.43436059 0.35482753 0.37818612 0.35225019 0.37548841 0.35056417 0.37253206 0.35042853 0.36968674 0.36748384 0.36647099 0.36889854 0.36336702 0.38750423 0.36015202 0.38891897 0.35963466 0.39202011 0.39806951 0.39378354 0.40128451 0.39236880 0.41606778 0.39304707 0.41876548 0.39473309 0.41555048 0.39614782 0.40372432 0.39560523 0.40325181 0.39843750 0.42708518 0.39843750
0 0.13719030 0.31463336 0.13537964 0.32548678 0.13216463 0.32690151 0.12920828 0.32676587 0.12843228 0.33141740 0.14025844 0.33195999 0.14051709 0.33040962 0.14373215 0.32899448 0.14668850 0.32913012 0.14938614 0.33081654 0.14886885 0.33391729 0.15478231 0.33418860 0.15504096 0.33263823 0.15825595 0.33122349 0.16121306 0.33135917 0.16224772 0.32515727 0.16546272 0.32374254 0.17137542 0.32401382 0.17189278 0.32091267 0.17510778 0.31949794 0.17806489 0.31963361 0.17832360 0.31808284 0.18153860 0.31666811 0.18449495 0.31680374 0.18501225 0.31370300 0.18231454 0.31201698 0.17640108 0.31174567 0.17370345 0.31005925 0.17422074 0.30695851 0.16535168 0.30655158 0.16509304 0.30810196 0.15866221 0.31093179 0.15570586 0.31079615 0.15544722 0.31234652 0.14901646 0.31517596 0.13719030 0.31463336
0 0.47475192 0.39843750 0.47493995 0.39731043 0.47815495 0.39589569 0.47841366 0.39434492 0.48162866 0.39293019 0.48188731 0.39137981 0.48510307 0.38996511 0.48562042 0.38686397 0.48883542 0.38544923 0.48935279 0.38234809 0.49256778 0.38093335 0.49308508 0.37783260 0.49630008 0.37641787 0.49655879 0.37486710 0.49977379 0.37345236 0.50029115 0.37035121 0.50350691 0.36893652 0.50402420 0.36583577 0.50723920 0.36442103 0.50775656 0.36131988 0.51097156 0.35990515 0.51123028 0.35835438 0.51444603 0.35693968 0.51496332 0.35383893 0.51817832 0.35242420 0.51869568 0.34932305 0.52191068 0.34790831 0.52242804 0.34480717 0.52564304 0.34339243 0.52590169 0.34184206 0.52911669 0.34042732 0.52963405 0.33732618 0.53284981 0.33591148 0.53336716 0.33281033 0.53658216 0.33139560 0.53709946 0.32829485 0.54031452 0.32687972 0.54057317 0.32532934 0.54378893 0.32391464 0.54430629 0.32081350 0.54752129 0.31939876 0.54803858 0.31629801 0.55125365 0.31488288 0.55177094 0.31178213 0.55498601 0.31036700 0.55602060 0.30416550 0.55923566 0.30275037 0.56078761 0.29344772 0.56400337 0.29203303 0.56695972 0.29216867 0.56851174 0.28286562 0.57172673 0.28145089 0.57224410 0.27834974 0.56337428 0.27794279 0.56067658 0.27625677 0.44537129 0.27096646 0.44267359 0.26928044 0.38649987 0.26670314 0.38328412 0.26811784 0.37500688 0.31773300 0.38092034 0.31800432 0.38361804 0.31969033 0.38310068 0.32279148 0.37988568 0.32420621 0.37101587 0.32379926 0.36713590 0.34705647 0.42626672 0.34976945 0.42896442 0.35145546 0.44966040 0.35240501 0.45235810 0.35409103 0.45209946 0.35564140 0.44888439 0.35705653 0.44297168 0.35678525 0.44219568 0.36143677 0.43897992 0.36285147 0.43872127 0.36440185 0.44463473 0.36467316 0.44733244 0.36635918 0.44707379 0.36790955 0.44977143 0.36959596 0.44655643 0.37101070 0.44064373 0.37073942 0.43650511 0.39554700 0.43328935 0.39696170 0.43304314 0.39843750 0.47475192 0.39843750
0 0.52172150 0.15260703 0.52508418 0.13245057 0.48960569 0.13082278 0.48690799 0.12913677 0.48716663 0.12758639 0.43394928 0.12514473 0.43073352 0.12655943 0.41595100 0.12588119 0.41258839 0.14603726 0.47171921 0.14875023 0.47441685 0.15043664 0.52172150 0.15260703
0 0.52105735 0.17444914 0.51810024 0.17431346 0.51540254 0.17262745 0.51773056 0.15867288 0.49703459 0.15772333 0.49433688 0.15603732 0.49459553 0.15448694 0.45616069 0.15272352 0.45346298 0.15103750 0.42685354 0.14981664 0.42659490 0.15136701 0.42337990 0.15278175 0.41155373 0.15223915 0.41425144 0.15392517 0.41347543 0.15857669 0.41026037 0.15999182 0.40730402 0.15985618 0.40420012 0.17846147 0.42489609 0.17941102 0.42759373 0.18109743 0.52220304 0.18543820 0.52490074 0.18712421 0.53672691 0.18766680 0.53853757 0.17681339 0.53558122 0.17667775 0.53288276 0.17499170 0.53609851 0.17357700 0.54496833 0.17398395 0.54766603 0.17566997 0.54611408 0.18497261 0.55794024 0.18551521 0.56063788 0.18720162 0.56012059 0.19030237 0.55690552 0.19171750 0.51255722 0.18968276 0.50985958 0.18799635 0.42412008 0.18406254 0.42142162 0.18237649 0.40368276 0.18156261 0.39980278 0.20481982 0.39658778 0.20623456 0.39388932 0.20454851 0.40216656 0.15493334 0.40538238 0.15351824 0.41391827 0.10235271 0.41713327 0.10093797 0.41997859 0.08388266 0.41110878 0.08347570 0.38860214 0.09337957 0.38564579 0.09324393 0.36313915 0.10314779 0.36018280 0.10301215 0.34410698 0.11008619 0.34307233 0.11628808 0.33985732 0.11770282 0.33394386 0.11743150 0.33342650 0.12053265 0.33021151 0.12194738 0.32725440 0.12181171 0.32621974 0.12801361 0.32300474 0.12942834 0.31413569 0.12902142 0.31361832 0.13212256 0.31040257 0.13353726 0.30744622 0.13340162 0.30615292 0.14115389 0.30293785 0.14256903 0.29998074 0.14243335 0.29728310 0.14074694 0.29650709 0.14539846 0.29329210 0.14681320 0.28737939 0.14654191 0.28686203 0.14964306 0.28364628 0.15105776 0.28068993 0.15092212 0.27747493 0.15233685 0.27695756 0.15543800 0.27374181 0.15685270 0.27078546 0.15671706 0.27026816 0.15981781 0.26383810 0.16264768 0.26088175 0.16251204 0.25984709 0.16871393 0.25663134 0.17012863 0.25071863 0.16985735 0.24994262 0.17450887 0.24672687 0.17592357 0.24081416 0.17565229 0.23796884 0.19270760 0.24388155 0.19297888 0.24658001 0.19466493 0.24336426 0.19607963 0.24258825 0.20073115 0.24528664 0.20241760 0.25119935 0.20268888 0.25145806 0.20113811 0.25467381 0.19972341 0.25763017 0.19985905 0.25814753 0.19675790 0.26136253 0.19534317 0.26727523 0.19561445 0.26753388 0.19406408 0.27074963 0.19264938 0.27370598 0.19278502 0.27640369 0.19447103 0.27588639 0.19757178 0.27267133 0.19898691 0.26971498 0.19885127 0.26919768 0.20195202 0.26598186 0.20336712 0.27189532 0.20363843 0.27459303 0.20532445 0.27381709 0.20997557 0.27060202 0.21139070 0.24990604 0.21044115 0.24887139 0.21664305 0.25478485 0.21691436 0.25748255 0.21860038 0.25426755 0.22001511 0.25349154 0.22466663 0.25940425 0.22493791 0.26210195 0.22662393 0.26106730 0.23282582 0.27289422 0.23336846 0.27559193 0.23505447 0.27507456 0.23815562 0.27185956 0.23957035 0.26594610 0.23929904 0.26491145 0.24550093 0.26169645 0.24691566 0.25578299 0.24664435 0.24935292 0.24947421 0.24831827 0.25567611 0.24510327 0.25709085 0.23918981 0.25681953 0.23763779 0.26612257 0.22477697 0.27178187 0.22182062 0.27164623 0.20252905 0.28013497 0.20123568 0.28788763 0.19802068 0.28930237 0.19506433 0.28916673 0.19236663 0.28748071 0.19262534 0.28592994 0.18671188 0.28565863 0.18490122 0.29651204 0.19081468 0.29678336 0.19351238 0.29846937 0.19299502 0.30157052 0.18978002 0.30298525 0.18926272 0.30608600 0.19813178 0.30649292 0.19942508 0.29874065 0.20264008 0.29732592 0.20367474 0.29112402 0.20689049 0.28970932 0.22758571 0.29065884 0.22836172 0.28600732 0.23157748 0.28459262 0.24044729 0.28499957 0.24314499 0.28668559 0.28749330 0.28872033 0.29019100 0.29040635 0.28993229 0.29195712 0.28671729 0.29337185 0.27784748 0.29296490 0.27758883 0.29451527 0.27437307 0.29592997 0.25959056 0.29525174 0.25637556 0.29666647 0.25341921 0.29653083 0.24055832 0.30219053 0.23464486 0.30191921 0.22499911 0.30616338 0.22204276 0.30602774 0.22178411 0.30757812 0.21535404 0.31040798 0.21509540 0.31195836 0.20866457 0.31478819 0.20840593 0.31633856 0.20519093 0.31775330 0.20467357 0.32085444 0.20737127 0.32254046 0.20711262 0.32409083 0.20389756 0.32550596 0.19502775 0.32509901 0.19451045 0.32819976 0.17843464 0.33527379 0.17547829 0.33513815 0.17521957 0.33668892 0.17200381 0.33810362 0.17148652 0.34120437 0.16827152 0.34261911 0.15940247 0.34221219 0.15297164 0.34504202 0.15271300 0.34659239 0.14628218 0.34942222 0.14602353 0.35097260 0.15193699 0.35124391 0.15463469 0.35292993 0.15385869 0.35758145 0.15064369 0.35899618 0.15012633 0.36209733 0.14691133 0.36351207 0.14395422 0.36337639 0.14369557 0.36492676 0.14048057 0.36634150 0.12865441 0.36579890 0.12839570 0.36734968 0.12196570 0.37017914 0.12170698 0.37172992 0.11206123 0.37597408 0.11180258 0.37752446 0.10537252 0.38035433 0.10511387 0.38190470 0.10189805 0.38331980 0.10163940 0.38487017 0.27016280 0.39260218 0.27337780 0.39118745 0.27633416 0.39132309 0.27903186 0.39300911 0.34998884 0.39626468 0.35567948 0.36215405 0.35889448 0.36073932 0.36561971 0.32042720 0.33014197 0.31879944 0.32744358 0.31711300 0.33106484 0.29540656 0.33749566 0.29257673 0.36114798 0.29366192 0.36384562 0.29534833 0.37271544 0.29575529 0.37866472 0.26009429 0.38187972 0.25867955 0.39015696 0.20906439 0.39337203 0.20764926 0.39607042 0.20933570 0.39425982 0.22018872 0.44156448 0.22235911 0.44426212 0.22404552 0.54478413 0.22865756 0.54748184 0.23034358 0.60069995 0.23278527 0.60095860 0.23123490 0.59504514 0.23096358 0.59234750 0.22927717 0.59286479 0.22617642 0.59607986 0.22476129 0.60790678 0.22530392 0.60868272 0.22065280 0.61189772 0.21923806 0.61215644 0.21768729 0.61537144 0.21627256 0.61832779 0.21640820 0.61987974 0.20710555 0.62309480 0.20569042 0.62361210 0.20258967 0.62682792 0.20117458 0.62978427 0.20131021 0.63056021 0.19665909 0.58325556 0.19448871 0.58055785 0.19280269 0.58377292 0.19138756 0.63403392 0.19369358 0.63532722 0.18594131 0.62993182 0.18256929 0.63019053 0.18101851 0.63340553 0.17960378 0.63636188 0.17973942 0.64050050 0.15493184 0.64371626 0.15351714 0.64863089 0.12405803 0.64593243 0.12237198 0.64619108 0.12082161 0.63809727 0.11576313 0.63835598 0.11421236 0.62756517 0.10746830 0.62782388 0.10591753 0.61163621 0.09580097 0.61189485 0.09425060 0.58761420 0.07907521 0.58813149 0.07597446 0.58273539 0.07260199 0.57977904 0.07246635 0.57708133 0.07078034 0.57412422 0.07064466 0.56872882 0.06727263 0.56924618 0.06417149 0.56115237 0.05911301 0.54932621 0.05857042 0.54855020 0.06322194 0.54533520 0.06463667 0.53654060 0.11735298 0.53332560 0.11876772 0.52427235 0.17303440 0.52105735 0.17444914
0 0.50098690 0.06260193 0.49507420 0.06233065 0.49481548 0.06388142 0.49160048 0.06529615 0.48568702 0.06502484 0.48542838 0.06657521 0.47899762 0.06940465 0.47012857 0.06899773 0.46691350 0.07041286 0.46395639 0.07027718 0.46074139 0.07169192 0.45778504 0.07155628 0.45456928 0.07297098 0.45161293 0.07283534 0.45135422 0.07438611 0.44813922 0.07580084 0.43631306 0.07525825 0.43309806 0.07667298 0.43014095 0.07653731 0.42692595 0.07795204 0.42252868 0.10431000 0.41931362 0.10572513 0.41698566 0.11967930 0.48498629 0.12279923 0.48820129 0.12138450 0.52663613 0.12314792 0.53025746 0.10144109 0.53347321 0.10002639 0.54045716 0.05816349 0.52863023 0.05762086 0.52541524 0.05903560 0.51950253 0.05876432 0.51924382 0.06031509 0.51602882 0.06172982 0.50420190 0.06118719 0.50098690 0.06260193
0 0.35286500 0.53930546 0.35389966 0.52994181 0.34503060 0.52932744 0.34233214 0.52678184 0.34259079 0.52444108 0.33372098 0.52382665 0.33102327 0.52128110 0.33179928 0.51425822 0.31406041 0.51302943 0.31136202 0.51048322 0.29953661 0.50966406 0.29746730 0.52839136 0.31816252 0.52982494 0.32086091 0.53237114 0.32060227 0.53471190 0.35016729 0.53675991 0.35286500 0.53930546
0 0.48372881 0.54129392 0.48103111 0.53874837 0.47807476 0.53854357 0.47537629 0.53599797 0.47563494 0.53365721 0.45493972 0.53222362 0.45364642 0.54392804 0.45955912 0.54433762 0.46225758 0.54688322 0.46174022 0.55156534 0.45852447 0.55370126 0.44965466 0.55308684 0.44695695 0.55054129 0.42921808 0.54931249 0.42895944 0.55165326 0.42574368 0.55378918 0.39617865 0.55174117 0.39592000 0.55408193 0.39270494 0.55621850 0.38383512 0.55560408 0.38305912 0.56262696 0.38897258 0.56303660 0.39167028 0.56558215 0.42419166 0.56783494 0.42470903 0.56315282 0.42792478 0.56101690 0.43975095 0.56183612 0.44296595 0.55970014 0.46070557 0.56092899 0.46096428 0.55858763 0.46417928 0.55645166 0.47896180 0.55747566 0.48165950 0.56002121 0.48487526 0.55788529 0.48513390 0.55554453 0.48834890 0.55340856 0.49721796 0.55402293 0.49991642 0.55656853 0.50582912 0.55697811 0.50634642 0.55229659 0.50956224 0.55016007 0.51843129 0.55077444 0.52164629 0.54863847 0.54234227 0.55007211 0.54260092 0.54773134 0.54581598 0.54559477 0.57538177 0.54764283 0.57564042 0.54530207 0.57885542 0.54316610 0.58772523 0.54378052 0.59082920 0.51568958 0.58491649 0.51528000 0.58221803 0.51273440 0.58247674 0.51039304 0.57360693 0.50977861 0.57090923 0.50723306 0.55908306 0.50641385 0.55546174 0.53918691 0.55224674 0.54132288 0.51085554 0.53845566 0.51059689 0.54079642 0.50738114 0.54293235 0.48372881 0.54129392
0 0.49108319 0.50170341 0.49004854 0.51106706 0.48683271 0.51320358 0.48476340 0.53193087 0.49658956 0.53275008 0.49928727 0.53529564 0.50520073 0.53570527 0.50841573 0.53356930 0.50970910 0.52186429 0.51292485 0.51972837 0.51883755 0.52013795 0.51909621 0.51779719 0.51318350 0.51738761 0.51048504 0.51484200 0.51126105 0.50781912 0.51447687 0.50568260 0.52038957 0.50609218 0.52064822 0.50375142 0.52386322 0.50161545 0.52412187 0.49927469 0.50342589 0.49784105 0.50072819 0.49529550 0.50098690 0.49295414 0.49211785 0.49233977 0.49185913 0.49468113 0.48864337 0.49681705 0.48273067 0.49640747 0.48247202 0.49874823 0.48838473 0.49915781 0.49108319 0.50170341
0 0.40689488 0.48171891 0.40663623 0.48405967 0.40342124 0.48619564 0.39750853 0.48578606 0.39699117 0.49046819 0.39377542 0.49260411 0.39107771 0.49005855 0.38516425 0.48964892 0.38490561 0.49198968 0.38169061 0.49412565 0.37282155 0.49351128 0.37230419 0.49819341 0.36908843 0.50032933 0.34543611 0.49869090 0.34362544 0.51507743 0.35249525 0.51569185 0.35519296 0.51823741 0.35467560 0.52291953 0.36354541 0.52353395 0.36624311 0.52607950 0.36546717 0.53310179 0.37433699 0.53371621 0.37703462 0.53626236 0.37381962 0.53839834 0.37330226 0.54308046 0.38217208 0.54369488 0.38486978 0.54624043 0.39373959 0.54685485 0.39695459 0.54471888 0.39747195 0.54003676 0.40068695 0.53790079 0.41251311 0.53872000 0.41521158 0.54126561 0.41816793 0.54147039 0.41920258 0.53210675 0.42241758 0.52997078 0.43128739 0.53058520 0.43154604 0.52824444 0.43476111 0.52610787 0.44363092 0.52672229 0.44570023 0.50799500 0.43683042 0.50738057 0.43657170 0.50972194 0.43335671 0.51185791 0.40083457 0.50960506 0.40057592 0.51194582 0.39736092 0.51408179 0.37962129 0.51285295 0.37692359 0.51030739 0.38013859 0.50817142 0.38900840 0.50878585 0.38952576 0.50410372 0.37769960 0.50328451 0.37500189 0.50073896 0.37821689 0.49860299 0.40186922 0.50024141 0.40508429 0.49810484 0.40534293 0.49576408 0.40855793 0.49362811 0.42038485 0.49444737 0.42308256 0.49699293 0.43786507 0.49801693 0.44019303 0.47694887 0.43427957 0.47653924 0.43158187 0.47399369 0.43132322 0.47633445 0.42810822 0.47847042 0.41923841 0.47785600 0.41897976 0.48019676 0.41576469 0.48233333 0.40689488 0.48171891
0 0.46244102 0.46433674 0.46218231 0.46667810 0.45896655 0.46881402 0.45009750 0.46819965 0.44725218 0.49394983 0.45612124 0.49456420 0.45881970 0.49710980 0.46768951 0.49772422 0.46950017 0.48133769 0.47593017 0.47706575 0.48775633 0.47788496 0.48801498 0.47554420 0.49123005 0.47340763 0.50601256 0.47443163 0.50627121 0.47209087 0.50948696 0.46995495 0.51835678 0.47056938 0.51861549 0.46822802 0.50974568 0.46761359 0.50704720 0.46506811 0.50782319 0.45804540 0.48712797 0.45661182 0.48686930 0.45895276 0.48365354 0.46108880 0.47478448 0.46047443 0.47452582 0.46281531 0.47131084 0.46495116 0.46244102 0.46433674
0 0.53650194 0.44116138 0.53598461 0.44584320 0.52955382 0.45011539 0.52364112 0.44970581 0.52260646 0.45906946 0.52851917 0.45947904 0.53121685 0.46202477 0.53044090 0.46904717 0.54226782 0.46986644 0.54252645 0.46752580 0.54574146 0.46538971 0.57530649 0.46743771 0.57556516 0.46509683 0.57878018 0.46296068 0.58764999 0.46357510 0.58790865 0.46123416 0.59112442 0.45909812 0.59999348 0.45971249 0.60076947 0.45268973 0.59190042 0.45207536 0.58920197 0.44952963 0.59023662 0.44016599 0.58432392 0.43975641 0.58162547 0.43721068 0.58240147 0.43018792 0.55874914 0.42854949 0.55797314 0.43557226 0.55475813 0.43770835 0.54884543 0.43729877 0.54858677 0.43963965 0.54537175 0.44177580 0.53650194 0.44116138
0 0.54744106 0.42304851 0.54152760 0.42263888 0.53882992 0.42009314 0.52700375 0.41927393 0.52545176 0.43331946 0.53432082 0.43393383 0.53457948 0.43159289 0.53779526 0.42945679 0.54666507 0.43007121 0.54744106 0.42304851
0 0.46669066 0.45283724 0.47556047 0.45345166 0.47581914 0.45111078 0.47903415 0.44897469 0.48790396 0.44958911 0.48816263 0.44724817 0.49137765 0.44511202 0.50911652 0.44634081 0.51196181 0.42059082 0.50013641 0.41977166 0.49743796 0.41722587 0.49795529 0.41254411 0.50117106 0.41040801 0.50168839 0.40572619 0.46029644 0.40285892 0.45589916 0.44265438 0.45268414 0.44479054 0.45139081 0.45649512 0.46321698 0.45731433 0.46347564 0.45497339 0.46669066 0.45283724
0 0.36247253 0.39843750 0.35781616 0.44057777 0.35460114 0.44271386 0.35190270 0.44016814 0.34894635 0.43996335 0.34573133 0.44209944 0.34262737 0.47019038 0.34854007 0.47059996 0.35123853 0.47314557 0.34942787 0.48953210 0.36125328 0.49035126 0.36446903 0.48821534 0.37038174 0.48862492 0.37064038 0.48628416 0.37385621 0.48414764 0.38272526 0.48476201 0.38915602 0.48049012 0.39506872 0.48089970 0.39532743 0.47855834 0.39854319 0.47642242 0.40445589 0.47683200 0.41088589 0.47256005 0.41679935 0.47296969 0.42323017 0.46869720 0.43209923 0.46931157 0.43235788 0.46697080 0.43557287 0.46483483 0.44444269 0.46544926 0.45142662 0.40224449 0.39646884 0.39843750 0.36247253 0.39843750
0 1.00000000 0.70654632 0.95759160 0.52390745 0.79440265 0.56958591 0.86860169 0.86758601 1.00000000 0.83204269 1.00000000 0.70654632
