0 0.95312500 0.40625000 0.95312500 0.42187500 0.99609400 0.42187500 0.99609400 0.40625000
0 0.90625000 0.37890600 0.90625000 0.39843800 0.99609400 0.39843800 0.99609400 0.37890600
0 0.90625000 0.35156200 0.90625000 0.36718800 0.93359400 0.36718800 0.93750000 0.37109400 0.99609400 0.37109400 0.99609400 0.35156200
0 0.90625000 0.32812500 0.90625000 0.34375000 0.99609400 0.34375000 0.99609400 0.32812500
0 0.72656200 0.32812500 0.72656200 0.37109400 0.77343800 0.37109400 0.77343800 0.32812500
0 0.47656200 0.31640600 0.47656200 0.35156200 0.54687500 0.35156200 0.54687500 0.33984400 0.55078100 0.33593800 0.57031200 0.33593800 0.57421900 0.33203100 0.57421900 0.32031200 0.53125000 0.32031200 0.52734400 0.31640600
0 0.58203100 0.29296900 0.58203100 0.35937500 0.67968800 0.35937500 0.67968800 0.29296900
0 0.52343800 0.29296900 0.52343800 0.30859400 0.53515600 0.30859400 0.53906200 0.31250000 0.57031200 0.31250000 0.57421900 0.30859400 0.57421900 0.29296900
0 0.58203100 0.26562500 0.58203100 0.28515600 0.62890600 0.28515600 0.62890600 0.26562500
0 0.32812500 0.26562500 0.32812500 0.28125000 0.38671900 0.28125000 0.39062500 0.28515600 0.42968800 0.28515600 0.42968800 0.26562500
0 0.30468800 0.26562500 0.30468800 0.26953100 0.30859400 0.26953100 0.31250000 0.27343800 0.31640600 0.26953100 0.31640600 0.26562500
0 0.94140600 0.25781200 0.94140600 0.26171900 0.93750000 0.26562500 0.92187500 0.26562500 0.92187500 0.26953100 0.91796900 0.27343800 0.91796900 0.28515600 0.91406200 0.28906200 0.90234400 0.28906200 0.90234400 0.29296900 0.96093800 0.29296900 0.96484400 0.29687500 0.96093800 0.30078100 0.91796900 0.30078100 0.91796900 0.31250000 0.91406200 0.31640600 0.90625000 0.31640600 0.99609400 0.31640600 0.99609400 0.28125000 0.98437500 0.28125000 0.98046900 0.27734400 0.98046900 0.27343800 0.97265600 0.27343800 0.96875000 0.26953100 0.96875000 0.25781200
0 0.28125000 0.23828100 0.28125000 0.24218800 0.28906200 0.24218800 0.29296900 0.24609400 0.29296900 0.25390600 0.37500000 0.25390600 0.37890600 0.25781200 0.42968800 0.25781200 0.42968800 0.23828100
0 0.33203100 0.21093800 0.33203100 0.23046900 0.37500000 0.23046900 0.37890600 0.22656200 0.37890600 0.22265600 0.37500000 0.21875000 0.37500000 0.21093800
