0 0.00000000 0.26697228 0.00548674 0.26661060 0.00753937 0.26893517 0.01339074 0.26854945 0.01544338 0.27087403 0.02129475 0.27048831 0.02334738 0.27281288 0.02919875 0.27242716 0.03125139 0.27475173 0.03710276 0.27436602 0.03915542 0.27669122 0.04500679 0.27630550 0.04705943 0.27863007 0.05291079 0.27824435 0.05496333 0.28056893 0.06081480 0.28018321 0.06286736 0.28250841 0.06676851 0.28225125 0.06882105 0.28457583 0.07467251 0.28419010 0.07672505 0.28651468 0.08257652 0.28612896 0.08462905 0.28845353 0.09048052 0.28806781 0.09253306 0.29039239 0.09838453 0.29000666 0.10043709 0.29233187 0.10433824 0.29207471 0.10639077 0.29439929 0.11419257 0.29388500 0.11624510 0.29620958 0.12209657 0.29582385 0.12414914 0.29814906 0.13000060 0.29776333 0.13205314 0.30008791 0.13790461 0.29970219 0.13995714 0.30202677 0.14580861 0.30164104 0.14786115 0.30396562 0.15371262 0.30357990 0.15576516 0.30590447 0.16161662 0.30551875 0.16366919 0.30784395 0.16952066 0.30745823 0.17157319 0.30978281 0.17742466 0.30939708 0.17947720 0.31172166 0.18337834 0.31146450 0.18543091 0.31378971 0.19128188 0.31340402 0.19333491 0.31572856 0.19918638 0.31534284 0.20123892 0.31766742 0.20708989 0.31728172 0.20914292 0.31960627 0.21499439 0.31922054 0.21704693 0.32154512 0.22289790 0.32115943 0.22495096 0.32348460 0.22484872 0.32103083 0.22669683 0.31844913 0.22628796 0.30863594 0.22813607 0.30605423 0.22803386 0.30360109 0.22598129 0.30127588 0.22012983 0.30166161 0.21807729 0.29933703 0.21222582 0.29972276 0.21017329 0.29739818 0.20432181 0.29778390 0.20226928 0.29545932 0.19641781 0.29584505 0.19436527 0.29352047 0.19046413 0.29377763 0.18841157 0.29145242 0.18256060 0.29183812 0.18050756 0.28951357 0.17465609 0.28989930 0.17260355 0.28757472 0.16675258 0.28796041 0.16469952 0.28563524 0.15884805 0.28602096 0.15679552 0.28369638 0.15094455 0.28408207 0.14889151 0.28175753 0.14304004 0.28214325 0.14098751 0.27981868 0.13513654 0.28020437 0.13308350 0.27787982 0.12723203 0.27826555 0.12517947 0.27594034 0.11932850 0.27632603 0.11727546 0.27400149 0.11142400 0.27438721 0.10937146 0.27206263 0.10352049 0.27244832 0.10146743 0.27012315 0.09561596 0.27050887 0.09356342 0.26818430 0.08771245 0.26856999 0.08565942 0.26624544 0.07980795 0.26663117 0.07991016 0.26908431 0.07806205 0.27166601 0.07600951 0.26934144 0.07405919 0.26947000 0.07200665 0.26714542 0.06810551 0.26740258 0.06605297 0.26507801 0.06595076 0.26262486 0.06399994 0.26275346 0.06194737 0.26042826 0.05609640 0.26081395 0.05404337 0.25848940 0.05014272 0.25874653 0.04808969 0.25642198 0.04418904 0.25667911 0.04213638 0.25435391 0.03628501 0.25473963 0.03423238 0.25241506 0.02838100 0.25280078 0.02632837 0.25047620 0.02047700 0.25086192 0.01842436 0.24853735 0.01257299 0.24892307 0.01052036 0.24659850 0.00661941 0.24685565 0.00456675 0.24453045 0.00000000 0.24483148 0.00000000 0.26697228
0 0.88112671 0.44002142 0.88449225 0.51074402 0.88895297 0.51086637 0.88615861 0.44106026 0.88112671 0.44002142
0 0.90656651 0.44041216 0.88999607 0.44068357 0.89326864 0.50954922 0.90905965 0.50734476 0.90656651 0.44041216
0 0.91142321 0.43882012 0.91331940 0.50643550 0.92880076 0.50380346 0.92758740 0.43848759 0.91142321 0.43882012
0 0.93350113 0.43976901 0.93415697 0.50311592 0.95016640 0.50257967 0.94983402 0.43676701 0.93350113 0.43976901
0 0.95475761 0.43717763 0.95510233 0.50145722 0.97321708 0.50397808 0.97231598 0.43743842 0.95475761 0.43717763
0 0.98145033 0.43816004 0.97702568 0.43635043 0.97859629 0.50336504 0.98264527 0.50344237 0.98145033 0.43816004
0 0.89123559 0.41922389 0.89853936 0.41909862 0.89724182 0.38267407 0.89410127 0.38328506 0.89433151 0.38683282 0.88959760 0.38686796 0.89123559 0.41922389
0 0.90753909 0.41805253 0.90595471 0.38530430 0.90173018 0.38571418 0.90164951 0.38135948 0.89853162 0.38188862 0.89960362 0.41786000 0.90753909 0.41805253
0 0.91269010 0.41743281 0.92059982 0.41690598 0.91870331 0.38070335 0.91564382 0.38114827 0.91587968 0.38478254 0.91164178 0.38506190 0.91269010 0.41743281
0 0.92857911 0.38543530 0.92447861 0.38522562 0.92418394 0.38068522 0.92083970 0.38056252 0.92206877 0.41659414 0.92929048 0.41727786 0.92857911 0.38543530
0 0.93480070 0.41549640 0.94220880 0.41568786 0.94095818 0.38062632 0.93779884 0.38081612 0.93800522 0.38399624 0.93371167 0.38462024 0.93480070 0.41549640
0 0.95050360 0.38378590 0.94674967 0.38428530 0.94650245 0.38047586 0.94267603 0.38023508 0.94346864 0.41556681 0.95102494 0.41628277 0.95050360 0.38378590
0 0.96314662 0.37897038 0.95944599 0.37885488 0.95973336 0.38328282 0.95543629 0.38314257 0.95666808 0.41553288 0.96461673 0.41602534 0.96314662 0.37897038
0 0.97186036 0.38281246 0.96805209 0.38306349 0.96779926 0.37916755 0.96457402 0.37879158 0.96620100 0.41573956 0.97338236 0.41649544 0.97186036 0.38281246
0 0.95651740 0.34282163 0.97165914 0.34204578 0.96664604 0.27102813 0.95062442 0.27273674 0.95651740 0.34282163
0 0.93718138 0.34366494 0.95029366 0.34366208 0.94561387 0.27382789 0.93295759 0.27428729 0.93718138 0.34366494
0 0.90150030 0.27601810 0.88468799 0.27549847 0.88958206 0.34545788 0.90669777 0.34559588 0.90150030 0.27601810
0 0.87936433 0.27662463 0.87219618 0.27660503 0.87670991 0.34621461 0.88476880 0.34580945 0.87936433 0.27662463
0 0.86333248 0.17158933 0.86814293 0.17151885 0.86076898 0.10066346 0.85717105 0.10090063 0.86333248 0.17158933
0 0.88257174 0.10007446 0.86588455 0.10149297 0.87293734 0.16951299 0.88911292 0.16963445 0.88257174 0.10007446
0 0.90353295 0.09476789 0.88682292 0.09586608 0.89498510 0.17085865 0.91141159 0.17031883 0.90353295 0.09476789
0 0.90824488 0.09558640 0.91053619 0.11588562 0.91661431 0.16913207 0.93246164 0.16809848 0.92549612 0.09403782 0.90824488 0.09558640
0 0.94598131 0.09285887 0.93007859 0.09307995 0.93843993 0.16694797 0.95466626 0.16511527 0.94598131 0.09285887
0 0.95484094 0.09155491 0.95112291 0.09134437 0.95936518 0.16441514 0.96293540 0.16395640 0.95484094 0.09155491
0 0.88418818 0.23098253 0.88450115 0.23474296 0.89276707 0.23587020 0.89232291 0.22902632 0.89656568 0.23117409 0.89358517 0.19667744 0.87700779 0.19759547 0.87940297 0.23129796 0.88418818 0.23098253
0 0.90619203 0.23070762 0.90643043 0.23386362 0.91511737 0.23457383 0.91478455 0.22944560 0.91886415 0.23179876 0.91596383 0.19668084 0.89899229 0.19634865 0.90257498 0.23087196 0.90619203 0.23070762
0 0.92798539 0.22956298 0.92812945 0.23352476 0.93676971 0.23275172 0.93650529 0.22867733 0.94064618 0.22972370 0.93749814 0.19467519 0.92143675 0.19606682 0.92394821 0.22903839 0.92798539 0.22956298
0 0.94889824 0.22736495 0.94916457 0.23161284 0.95763906 0.23180622 0.95729617 0.22652273 0.96144140 0.22600065 0.95879168 0.19347060 0.94260284 0.19418829 0.94550739 0.22758847 0.94889824 0.22736495
0 1.00000000 0.92312246 0.96711699 0.92186242 0.95952516 0.90139837 0.95275108 0.89653790 0.91901146 0.89960999 0.92147023 0.92164693 0.91763748 0.92315166 0.79821442 0.93332197 0.80073582 0.98143303 0.80750989 0.98629349 0.87512544 0.98274991 0.87533540 0.96187699 0.89093899 0.96105924 0.90386830 0.98385130 1.00000000 0.97704282 1.00000000 0.92312246
0 1.00000000 0.71987072 0.95669068 0.72291669 0.95736108 0.78546733 0.99520604 0.78609170 0.99694208 0.80652659 1.00000000 0.80652729 1.00000000 0.71987072
