0 0.02734380 0.55859400 0.02734380 0.56250000 0.03515620 0.56250000 0.03515620 0.55859400
0 0.01953120 0.54687500 0.01953120 0.55078100 0.03906250 0.55078100 0.03906250 0.54687500
0 0.03125000 0.52343800 0.02734380 0.52734400 0.00781250 0.52734400 0.00781250 0.53125000 0.01171880 0.53125000 0.01562500 0.53515600 0.01562500 0.53906200 0.04296880 0.53906200 0.04296880 0.53515600 0.02734380 0.53515600 0.02343750 0.53125000 0.02734380 0.52734400 0.04687500 0.52734400 0.04296880 0.52343800
0 0.00000000 0.50390600 0.00000000 0.50781200 0.02343750 0.50781200 0.02734380 0.51171900 0.02343750 0.51562500 0.00000000 0.51562500 0.00000000 0.51953100 0.01953120 0.51953100 0.02343750 0.51562500 0.05078120 0.51562500 0.05078120 0.51171900 0.04687500 0.51171900 0.04296880 0.50781200 0.04687500 0.50390600
0 0.06640620 0.44531200 0.06640620 0.44921900 0.07031250 0.45312500 0.07031250 0.46093800 0.07421880 0.46484400 0.07421880 0.46875000 0.07812500 0.47265600 0.07812500 0.47656200 0.08984380 0.47656200 0.08984380 0.47265600 0.08593750 0.47265600 0.08203120 0.46875000 0.08203120 0.46484400 0.07421880 0.46484400 0.07031250 0.46093800 0.07421880 0.45703100 0.07812500 0.45703100 0.07812500 0.45312500 0.07421880 0.44921900 0.07421880 0.44531200
0 0.08203120 0.43750000 0.09375000 0.43750000 0.09765620 0.44140600 0.09375000 0.44531200 0.08593750 0.44531200 0.09375000 0.45312500 0.09375000 0.45703100 0.10156200 0.45703100 0.10156200 0.45312500 0.10546900 0.44921900 0.10546900 0.44531200 0.10156200 0.44140600 0.10156200 0.43750000
0 0.00000000 0.42187500 0.00000000 0.42578100 0.00781250 0.42578100 0.01171880 0.42968800 0.01171880 0.43359400 0.00390625 0.44140600 0.00000000 0.44140600 0.00000000 0.45312500 0.03515620 0.45312500 0.03906250 0.45703100 0.03515620 0.46093800 0.00000000 0.46093800 0.00000000 0.46484400 0.02734380 0.46484400 0.03125000 0.46875000 0.02734380 0.47265600 0.00000000 0.47265600 0.00000000 0.47656200 0.02734380 0.47656200 0.03125000 0.48046900 0.02734380 0.48437500 0.00000000 0.48437500 0.00000000 0.48828100 0.00781250 0.48828100 0.01171880 0.49218800 0.00781250 0.49609400 0.00000000 0.49609400 0.03906250 0.49609400 0.03906250 0.49218800 0.02734380 0.49218800 0.02343750 0.48828100 0.02734380 0.48437500 0.04687500 0.48437500 0.04296880 0.48046900 0.03515620 0.48046900 0.03125000 0.47656200 0.03515620 0.47265600 0.03906250 0.47265600 0.03906250 0.46875000 0.03515620 0.46875000 0.03125000 0.46484400 0.03515620 0.46093800 0.04687500 0.46093800 0.03906250 0.45312500 0.03906250 0.44921900 0.01953120 0.44921900 0.01562500 0.44531200 0.01953120 0.44140600 0.03125000 0.44140600 0.03125000 0.43359400 0.02734380 0.42968800 0.02343750 0.42968800 0.01953120 0.42578100 0.01953120 0.42187500
0 0.10156200 0.39843800 0.10156200 0.40234400 0.09765620 0.40625000 0.09765620 0.41015600 0.10156200 0.41406200 0.10156200 0.42187500 0.09765620 0.42578100 0.09375000 0.42578100 0.08984380 0.42187500 0.08984380 0.41796900 0.07421880 0.41796900 0.07421880 0.42187500 0.07812500 0.42578100 0.07812500 0.42968800 0.09765620 0.42968800 0.09765620 0.42578100 0.10156200 0.42187500 0.10546900 0.42578100 0.10546900 0.42968800 0.12109400 0.42968800 0.12109400 0.41796900 0.11718800 0.41796900 0.11328100 0.41406200 0.11328100 0.41015600 0.10156200 0.41015600 0.09765620 0.40625000 0.10156200 0.40234400 0.10937500 0.40234400 0.10937500 0.39843800
0 0.01171880 0.39062500 0.00781250 0.39453100 0.00000000 0.39453100 0.00000000 0.41406200 0.01562500 0.41406200 0.01953120 0.41015600 0.02343750 0.41406200 0.02734380 0.41406200 0.03125000 0.41015600 0.03515620 0.41406200 0.03515620 0.42187500 0.05078120 0.42187500 0.05468750 0.42578100 0.05468750 0.42968800 0.05859380 0.42968800 0.06250000 0.43359400 0.06250000 0.43750000 0.07031250 0.43750000 0.06250000 0.42968800 0.06250000 0.42578100 0.05468750 0.42578100 0.05078120 0.42187500 0.05078120 0.41796900 0.04296880 0.41796900 0.03906250 0.41406200 0.04296880 0.41015600 0.05078120 0.41015600 0.04687500 0.40625000 0.04687500 0.39843800 0.04296880 0.39843800 0.03906250 0.39453100 0.03906250 0.39062500
0 0.04296880 0.36718800 0.04296880 0.37109400 0.04687500 0.37500000 0.04687500 0.37890600 0.05078120 0.38281200 0.05078120 0.38671900 0.06640620 0.38671900 0.07031250 0.39062500 0.06640620 0.39453100 0.05468750 0.39453100 0.05859380 0.39843800 0.05859380 0.40625000 0.07421880 0.40625000 0.07421880 0.39453100 0.07031250 0.39062500 0.07031250 0.38671900 0.06640620 0.38671900 0.06250000 0.38281200 0.06640620 0.37890600 0.06640620 0.37500000 0.06250000 0.37500000 0.05859380 0.37109400 0.06250000 0.36718800
0 0.00000000 0.36328100 0.00390625 0.36718800 0.00390625 0.37109400 0.00000000 0.37500000 0.00000000 0.38671900 0.00390625 0.38671900 0.00781250 0.38281200 0.03906250 0.38281200 0.03515620 0.37890600 0.03515620 0.37109400 0.03125000 0.37109400 0.02734380 0.36718800 0.02734380 0.36328100
0 0.02734380 0.33984400 0.03515620 0.34765600 0.02734380 0.35546900 0.01953120 0.34765600 0.01953120 0.34375000 0.00000000 0.34375000 0.00000000 0.35546900 0.02734380 0.35546900 0.03125000 0.35156200 0.03515620 0.35156200 0.03906250 0.35546900 0.03906250 0.35937500 0.05859380 0.35937500 0.05078120 0.35937500 0.04687500 0.35546900 0.05078120 0.35156200 0.05078120 0.34765600 0.04687500 0.34375000 0.04687500 0.33984400
0 0.02734380 0.32812500 0.02343750 0.33203100 0.04296880 0.33203100 0.04296880 0.32812500
0 0.00000000 0.18359400 0.00000000 0.19531200 0.00390625 0.19140600 0.00000000 0.18750000
0 0.00000000 0.13281200 0.00000000 0.13671900 0.01171880 0.13671900 0.01171880 0.13281200
0 0.00000000 0.10546900 0.00390625 0.10546900 0.00781250 0.10937500 0.00390625 0.11328100 0.00000000 0.11328100 0.00000000 0.12500000 0.01171880 0.12500000 0.01171880 0.12109400 0.00781250 0.11718800 0.00781250 0.10546900
0 0.00000000 0.09375000 0.00000000 0.09765620 0.00390625 0.09765620 0.00390625 0.09375000
0 0.00000000 0.07421880 0.00000000 0.08593750 0.01562500 0.08593750 0.01562500 0.08203120 0.01171880 0.07812500 0.01171880 0.07421880
0 0.00000000 0.04687500 0.00000000 0.06640620 0.00390625 0.06640620 0.00000000 0.06250000 0.00390625 0.05859380 0.00000000 0.05468750 0.00390625 0.05078120 0.00390625 0.04687500
0 0.00000000 0.01953120 0.00000000 0.03125000 0.00390625 0.03125000 0.00390625 0.01953120
0 0.00000000 0.00000000 0.00000000 0.01171880 0.00390625 0.01171880 0.00390625 0.00781250 0.00781250 0.00390625 0.00781250 0.00000000
