0 0.44229285 0.43773052 0.44040864 0.43998350 0.43046605 0.44054449 0.43119556 0.45553108 0.44312657 0.45485789 0.44521970 0.45688646 0.49294473 0.45419363 0.49086046 0.41137574 0.48887153 0.41148797 0.48677888 0.40945883 0.46291637 0.41080524 0.46082374 0.40877665 0.46071953 0.40663586 0.44083385 0.40775789 0.43874120 0.40572875 0.42879861 0.40628975 0.42952812 0.42127634 0.44145913 0.42060314 0.44355226 0.42263171 0.44407335 0.43333673 0.44218864 0.43558973 0.44229285 0.43773052
0 0.33051758 0.43545008 0.37028895 0.43320604 0.37238160 0.43523518 0.37373639 0.46306702 0.41151832 0.46093523 0.41141409 0.45879389 0.41329880 0.45654088 0.42324139 0.45597989 0.42157395 0.42172514 0.42345816 0.41947216 0.42262444 0.40234479 0.40671609 0.40324239 0.40462347 0.40121380 0.33502433 0.40514084 0.33293171 0.40311225 0.30906920 0.40445866 0.31011133 0.42586761 0.32005392 0.42530661 0.32214705 0.42733517 0.32245971 0.43375807 0.32842495 0.43342149 0.33051758 0.43545008
0 0.27641044 0.42991580 0.27829464 0.42766282 0.30215716 0.42631641 0.30142765 0.41132982 0.30331186 0.40907684 0.30320765 0.40693606 0.30111502 0.40490747 0.25338999 0.40760029 0.25411948 0.42258633 0.25223530 0.42483986 0.25254792 0.43126221 0.25464055 0.43329080 0.27651465 0.43205659 0.27641044 0.42991580
0 0.32060049 0.31364207 0.31871628 0.31589504 0.31934159 0.32874085 0.31745738 0.33099383 0.30751428 0.33155486 0.30803535 0.34225933 0.30615115 0.34451230 0.30719331 0.36592180 0.31912482 0.36524858 0.32121745 0.36727717 0.32153010 0.37370007 0.31964589 0.37595305 0.32006275 0.38451674 0.31817806 0.38677029 0.31221230 0.38710690 0.31011966 0.38507776 0.30813124 0.38518996 0.30875654 0.39803576 0.31869913 0.39747476 0.32079226 0.39950333 0.40232240 0.39490309 0.40441502 0.39693169 0.42231178 0.39592188 0.41991486 0.34668109 0.42179904 0.34442757 0.41908946 0.28876388 0.37733018 0.29112009 0.37523753 0.28909095 0.31955833 0.29223258 0.31767414 0.29448610 0.30574263 0.29515932 0.30647212 0.31014536 0.31840363 0.30947214 0.32049628 0.31150128 0.32060049 0.31364207
0 0.30279079 0.39837237 0.29903904 0.32129919 0.30092376 0.31904618 0.29977738 0.29549590 0.28386904 0.29639351 0.28177588 0.29436440 0.24995919 0.29615962 0.25360673 0.37109202 0.25172255 0.37334554 0.25297311 0.39903605 0.26888145 0.39813845 0.27097410 0.40016759 0.30279079 0.39837237
0 0.42777362 0.30330108 0.43771621 0.30274009 0.43980886 0.30476922 0.44064258 0.32189660 0.43875837 0.32414958 0.42682686 0.32482280 0.42849431 0.35907755 0.43843689 0.35851655 0.44053003 0.36054511 0.44125954 0.37553170 0.43937482 0.37778471 0.42943224 0.37834571 0.43026596 0.39547308 0.44219747 0.39479986 0.44429012 0.39682900 0.49201515 0.39413618 0.48909710 0.33418982 0.49098131 0.33193684 0.48848015 0.28055472 0.45666346 0.28234993 0.45457083 0.28032134 0.44065090 0.28110676 0.44075511 0.28324754 0.43698672 0.28775404 0.43499780 0.28786627 0.43290515 0.28583713 0.42693990 0.28617371 0.42777362 0.30330108
0 0.33947786 0.12795224 0.33885256 0.11510644 0.34073676 0.11285346 0.36459928 0.11150705 0.36386977 0.09652046 0.36575397 0.09426748 0.38762808 0.09303326 0.38689856 0.07804667 0.38480594 0.07601808 0.32514939 0.07938412 0.32305677 0.07735553 0.26141181 0.08083377 0.25931916 0.07880463 0.24341081 0.07970224 0.24361926 0.08398436 0.24173505 0.08623733 0.24392356 0.13119655 0.26977449 0.12973795 0.27186714 0.13176709 0.33947786 0.12795224
0 0.32327904 0.00000000 0.32484507 0.03217149 0.38649003 0.02869325 0.38858266 0.03072201 0.39653683 0.03027320 0.39862997 0.03230193 0.40008898 0.06227467 0.46173343 0.05879646 0.46382656 0.06082502 0.47178023 0.06037625 0.47366494 0.05812324 0.47083564 0.00000000 0.32327904 0.00000000
0 0.24820847 0.00000000 0.22961177 0.00104929 0.23023705 0.01389483 0.22835286 0.01614797 0.23002030 0.05040272 0.22813610 0.05265580 0.22844875 0.05907871 0.23054137 0.06110730 0.25241547 0.05987308 0.25450810 0.06190167 0.27837061 0.06055526 0.28046326 0.06258440 0.30233737 0.06135018 0.30066991 0.02709516 0.30255462 0.02484199 0.30134537 0.00000000 0.24820847 0.00000000
0 0.06954825 0.19470592 0.10931911 0.19246190 0.11141173 0.19449049 0.11538908 0.19426607 0.11748170 0.19629466 0.11810700 0.20914047 0.13202693 0.20835505 0.13411955 0.21038364 0.21167286 0.20600780 0.21376548 0.20803639 0.24558217 0.20624118 0.24266415 0.14629537 0.24454887 0.14404236 0.24444463 0.14190103 0.24235150 0.13987246 0.22047740 0.14110668 0.21838477 0.13907809 0.21671733 0.10482334 0.21860154 0.10257036 0.21516243 0.03191981 0.21704714 0.02966664 0.21569235 0.00183468 0.06257466 0.01047415 0.06445053 0.04901074 0.06256582 0.05126391 0.06652599 0.13261877 0.06464178 0.13487175 0.06745560 0.19267678 0.06954825 0.19470592
0 0.68008132 0.29881200 0.62927751 0.28478367 0.62072940 0.32069824 0.66945198 0.33483368 0.68008132 0.29881200
0 0.79855200 0.33015468 0.76669062 0.31930731 0.75989449 0.34886952 0.78956567 0.35774483 0.79855200 0.33015468
0 0.75256269 0.32839119 0.75420775 0.31996151 0.68862191 0.30253614 0.68686788 0.30888664 0.75256269 0.32839119
0 0.75157193 0.34930569 0.67536631 0.32826515 0.67394134 0.34085698 0.74795675 0.35992546 0.75157193 0.34930569
0 0.98158916 0.51874973 0.90407515 0.47274345 0.90045997 0.48336323 0.97589286 0.52947857 0.98158916 0.51874973
0 0.99703300 0.49499289 0.91951899 0.44898661 0.91579475 0.45752526 0.99122763 0.50364060 0.99703300 0.49499289
0 0.20548188 1.00000000 0.24543735 0.86605293 0.10142007 0.82515917 0.04789233 1.00000000 0.20548188 1.00000000
0 0.14485982 0.62795333 0.11527838 0.75931826 0.30148984 0.81345353 0.33629290 0.68062583 0.14485982 0.62795333
0 0.50976562 0.77681490 0.48150060 0.76684949 0.45867196 0.82957357 0.50976562 0.84487697 0.50976562 0.77681490
