0 0.06829334 0.23327605 0.06754798 0.22752421 0.05093197 0.23236895 0.05167734 0.23812079 0.06829334 0.23327605
0 0.10887738 0.16772143 0.11040389 0.16926590 0.11065232 0.17118302 0.11704304 0.16931967 0.11856962 0.17086463 0.11881805 0.17278175 0.12034489 0.17432612 0.12059332 0.17624324 0.12698404 0.17437989 0.12851055 0.17592436 0.12900748 0.17975909 0.13539820 0.17789574 0.13845162 0.18098508 0.14356426 0.17949438 0.14661729 0.18258332 0.15300833 0.18071988 0.15453484 0.18226434 0.15552864 0.18993330 0.16191936 0.18806996 0.16344594 0.18961492 0.16369437 0.19153204 0.17008509 0.18966869 0.17161193 0.19121306 0.17186036 0.19313018 0.17825108 0.19126684 0.17977760 0.19281130 0.18027452 0.19664603 0.19561245 0.19217395 0.19664242 0.18988408 0.19217030 0.15537351 0.19319995 0.15308374 0.19220615 0.14541478 0.19323580 0.14312501 0.19962652 0.14126166 0.19888115 0.13550982 0.19121236 0.13774581 0.18968584 0.13620135 0.14750631 0.14849965 0.14597979 0.14695519 0.10507866 0.15888075 0.10355209 0.15733579 0.09332680 0.16031718 0.09407217 0.16606902 0.09559868 0.16761349 0.10071132 0.16612280 0.10223783 0.16766726 0.10248633 0.16958487 0.10887738 0.16772143
0 0.08267358 0.21117569 0.08906430 0.20931234 0.08409532 0.17096753 0.08512496 0.16867776 0.08437960 0.16292592 0.06904167 0.16739801 0.06929017 0.16931562 0.06826052 0.17160538 0.07472017 0.22145339 0.08238897 0.21921740 0.08164367 0.21346604 0.08267358 0.21117569
0 0.15180492 0.08954517 0.14797036 0.09066322 0.14644352 0.08911885 0.14388736 0.08986414 0.14662032 0.11095391 0.15301104 0.10909057 0.15453788 0.11063494 0.15652547 0.12597287 0.15549556 0.12826322 0.14910484 0.13012656 0.15034707 0.13971265 0.18869205 0.12853238 0.19021856 0.13007685 0.19916576 0.12746811 0.19792353 0.11788203 0.19895318 0.11559226 0.20534390 0.11372892 0.20410161 0.10414235 0.20513125 0.10185258 0.20214986 0.07884569 0.20317983 0.07655583 0.20445791 0.07618318 0.20598442 0.07772765 0.20981899 0.07660960 0.20708603 0.05551983 0.20811567 0.05323006 0.20712188 0.04556110 0.19050587 0.05040584 0.18897936 0.04886137 0.14807823 0.06078693 0.14655133 0.05924207 0.14143868 0.06073276 0.14040910 0.06302302 0.14140290 0.07069198 0.14907203 0.06845589 0.15059854 0.07000036 0.15283457 0.08725540 0.15180492 0.08954517
0 0.11022709 0.14743083 0.11175360 0.14897530 0.14626401 0.13891308 0.13905900 0.08331323 0.14008897 0.08102337 0.13760445 0.06185071 0.10181563 0.07228568 0.10028912 0.07074121 0.05555375 0.08378472 0.05977737 0.11637769 0.05874746 0.11866804 0.06396488 0.15892997 0.06907752 0.15743928 0.07060403 0.15898374 0.11022709 0.14743083
0 0.02181865 0.23289881 0.02334526 0.23444325 0.06680261 0.22177237 0.06481502 0.20643444 0.05970238 0.20792513 0.05817587 0.20638067 0.05689779 0.20675332 0.05537095 0.20520895 0.05462558 0.19945710 0.05565549 0.19716675 0.05466176 0.18949828 0.05569134 0.18720802 0.06208206 0.18534467 0.06183363 0.18342755 0.06286327 0.18113779 0.05913652 0.15237905 0.05146772 0.15461505 0.04994121 0.15307058 0.04969271 0.15115297 0.05072236 0.14886321 0.04923169 0.13736001 0.05026128 0.13506975 0.05665200 0.13320640 0.05516133 0.12170321 0.05619131 0.11941334 0.05420371 0.10407542 0.04653459 0.10631151 0.04500801 0.10476655 0.04302042 0.08942862 0.04405006 0.08713886 0.05171919 0.08490277 0.05019235 0.08335839 0.01951650 0.09230256 0.01798999 0.09075810 0.00265213 0.09523016 0.00538502 0.11631944 0.00435537 0.11860972 0.01429334 0.19529934 0.01326363 0.19758913 0.01798418 0.23401682 0.02181865 0.23289881
0 0.13489489 0.00000000 0.13675398 0.01434634 0.13572440 0.01663660 0.14339353 0.01440051 0.14492004 0.01594497 0.14690763 0.03128290 0.14587799 0.03357267 0.14459991 0.03394532 0.14307307 0.03240095 0.13796043 0.03389164 0.14069339 0.05498141 0.16242203 0.04864598 0.16394887 0.05019035 0.20101544 0.03938283 0.20254195 0.04092730 0.20637651 0.03980926 0.20513428 0.03022318 0.20616393 0.02793341 0.21383305 0.02569732 0.21050302 0.00000000 0.13489489 0.00000000
0 0.04602272 0.00000000 0.05235978 0.04890198 0.05133013 0.05119175 0.05455995 0.07611576 0.08012283 0.06866238 0.08164974 0.07020724 0.12127246 0.05865442 0.12279930 0.06019879 0.13685915 0.05609936 0.13362926 0.03117486 0.13465891 0.02888510 0.13091578 0.00000000 0.04602272 0.00000000
0 0.00000000 0.07476414 0.00190676 0.08947832 0.02619183 0.08239751 0.02771834 0.08394198 0.05072539 0.07723380 0.04799243 0.05614403 0.04160171 0.05800738 0.04007488 0.05646301 0.03808728 0.04112508 0.03911725 0.03883522 0.04678605 0.03659922 0.04355621 0.01167512 0.03716549 0.01353846 0.03563896 0.01199385 0.03439671 0.00240762 0.02800567 0.00427106 0.02647914 0.00272650 0.00000000 0.01044703 0.00000000 0.07476414
0 0.37611512 0.17363016 0.39258062 0.17078229 0.38391518 0.15266083 0.39254695 0.15054665 0.39283742 0.14790799 0.41166037 0.14418646 0.39751866 0.12592504 0.37847861 0.12574972 0.35026252 0.12969815 0.34420530 0.13483551 0.34721406 0.14565241 0.36987749 0.17160292 0.37611512 0.17363016
0 0.64188686 0.10695486 0.68210732 0.10253497 0.69911407 0.12118091 0.72236145 0.11835071 0.72403092 0.10905426 0.71674447 0.08427500 0.70137051 0.05960035 0.69723654 0.05607035 0.68784341 0.05629724 0.65882928 0.06162614 0.66618910 0.07986989 0.63692118 0.08456969 0.62905077 0.08857115 0.64188686 0.10695486
0 0.53991551 0.16318521 0.53186469 0.16002206 0.52263664 0.14554404 0.54376202 0.14585048 0.54811308 0.15327733 0.55951817 0.15971707 0.59661981 0.15428357 0.59696531 0.14674327 0.58916827 0.14420921 0.58249644 0.13438827 0.59662283 0.13078018 0.60338638 0.13243173 0.60878927 0.13910721 0.61081957 0.14413996 0.60585087 0.14525819 0.62146329 0.14869242 0.63818258 0.14647364 0.63591684 0.13917791 0.60027057 0.10791472 0.59506643 0.10676998 0.43044815 0.13198098 0.43013933 0.13625352 0.44769033 0.15288990 0.40717940 0.15994845 0.42055975 0.17632258 0.42783087 0.17923233 0.44036117 0.17838518 0.47068092 0.17293399 0.45575950 0.15441917 0.46881571 0.15319633 0.48130932 0.15561694 0.49184298 0.16997267 0.53991551 0.16318521
0 0.08755630 0.32812500 0.05136534 0.34080539 0.00000000 0.36621678 0.00000000 0.47099689 0.00364244 0.47410084 0.05402350 0.45344216 0.06414104 0.48033740 0.06975058 0.48268119 0.20477460 0.42938441 0.21375764 0.41681681 0.19706665 0.32812500 0.08755630 0.32812500
0 0.44928992 0.71390038 0.46843674 0.71530915 0.45607903 0.78071927 0.80725113 0.80616433 0.83497562 0.54899928 0.56211307 0.52757897 0.55958062 0.55990804 0.50949938 0.55300677 0.50994013 0.52502596 0.46982941 0.51903756 0.44928992 0.71390038
0 1.00000000 0.67603475 0.97466553 0.67347983 0.95627013 0.67666380 0.95156737 0.70712703 1.00000000 0.71275775 1.00000000 0.67603475
0 1.00000000 0.71768536 0.95307761 0.71607913 0.94965553 0.75619989 1.00000000 0.75789545 1.00000000 0.71768536
0 1.00000000 0.77174323 0.94769887 0.76882613 0.94442534 0.79895111 1.00000000 0.81025628 1.00000000 0.77174323
0 1.00000000 0.81129583 0.94585830 0.80735861 0.94321923 0.84315011 1.00000000 0.84550847 1.00000000 0.81129583
