0 0.20141744 0.48906250 0.27566214 0.48492004 0.27481692 0.46775012 0.21568142 0.47104957 0.21379563 0.46924140 0.15286873 0.47264079 0.15098296 0.47083311 0.09184747 0.47413256 0.09014951 0.47614019 0.08656534 0.47634017 0.08665927 0.47824832 0.09561948 0.47774839 0.09750525 0.47955607 0.09769307 0.48337139 0.10486096 0.48297146 0.10863298 0.48658729 0.11042484 0.48648731 0.11231061 0.48829500 0.11589433 0.48809505 0.11690383 0.48906250 0.20141744 0.48906250
0 0.32027354 0.47860467 0.32923330 0.47810477 0.32904548 0.47428945 0.33074341 0.47228132 0.33970363 0.47178139 0.33857669 0.44888849 0.31886486 0.44998831 0.31697907 0.44818013 0.31679125 0.44436481 0.29707942 0.44546463 0.29820638 0.46835802 0.29650843 0.47036565 0.29716583 0.48372025 0.31866952 0.48252046 0.31857561 0.48061280 0.32027354 0.47860467
0 0.03356523 0.45825393 0.03545116 0.46006209 0.04261906 0.45966216 0.04450496 0.46146984 0.04459887 0.46337750 0.04997477 0.46307755 0.05563242 0.46850107 0.07355230 0.46750124 0.07543807 0.46930892 0.13815728 0.46580953 0.14004305 0.46761721 0.20096995 0.46421781 0.20285620 0.46602596 0.26378310 0.46262656 0.26566933 0.46443422 0.27462908 0.46393432 0.27378387 0.44676440 0.27548180 0.44475627 0.27360355 0.40660112 0.25030800 0.40790088 0.24842221 0.40609271 0.15165536 0.41149178 0.14976960 0.40968410 0.05121089 0.41518315 0.04932503 0.41337547 0.02423734 0.41477523 0.02489472 0.42812934 0.02319670 0.43013747 0.02441757 0.45493852 0.03158546 0.45453859 0.03347132 0.45634627 0.03356523 0.45825393
0 0.16872966 0.39332205 0.17061589 0.39512971 0.22258303 0.39223022 0.22446882 0.39403840 0.27464410 0.39123888 0.27323540 0.36262202 0.22485197 0.36532156 0.22296621 0.36351388 0.16203931 0.36691328 0.16015352 0.36510510 0.09922616 0.36850452 0.09734039 0.36669684 0.03641312 0.37009626 0.03452727 0.36828858 0.02198342 0.36898846 0.02339210 0.39760483 0.06460754 0.39530523 0.06649333 0.39711340 0.11666861 0.39431388 0.11855484 0.39612154 0.16872966 0.39332205
0 0.06838705 0.36257309 0.12752209 0.35927367 0.12940786 0.36108136 0.18854336 0.35778191 0.19042915 0.35959008 0.24956419 0.35629066 0.25144996 0.35809835 0.27295365 0.35689856 0.27465206 0.35489090 0.27202249 0.30147299 0.22005489 0.30437251 0.21816912 0.30256482 0.16082594 0.30576427 0.15894015 0.30395609 0.10159697 0.30715554 0.09971120 0.30534785 0.04415979 0.30844733 0.04227388 0.30663965 0.02077019 0.30783944 0.02293018 0.35171807 0.02123212 0.35372620 0.02160777 0.36135733 0.02349367 0.36316501 0.06650083 0.36076544 0.06838705 0.36257309
0 0.10471112 0.29741680 0.10659689 0.29922448 0.16394007 0.29602504 0.16582630 0.29783270 0.22316948 0.29463325 0.22505527 0.29644142 0.27164683 0.29384186 0.27033203 0.26713267 0.26844581 0.26532501 0.21647867 0.26822450 0.21459290 0.26641681 0.16262530 0.26931633 0.16073951 0.26750816 0.10877236 0.27040765 0.10688660 0.26859996 0.05491945 0.27149945 0.05303323 0.26969179 0.02077783 0.27149147 0.02096564 0.27530680 0.01926758 0.27731493 0.02039454 0.30020831 0.04369023 0.29890854 0.04557608 0.30071622 0.10471112 0.29741680
0 0.04955094 0.23545193 0.04785299 0.23745957 0.02276521 0.23885934 0.02295302 0.24267466 0.02125498 0.24468230 0.02134891 0.24659045 0.01965087 0.24859809 0.02002652 0.25622922 0.04690588 0.25472949 0.04879211 0.25653715 0.10075925 0.25363766 0.10264502 0.25544534 0.15282030 0.25264583 0.15470655 0.25445398 0.20667369 0.25155449 0.20855946 0.25336217 0.26052660 0.25046268 0.26241237 0.25227036 0.27137259 0.25177043 0.26996390 0.22315406 0.25921183 0.22375397 0.25732604 0.22194580 0.19639914 0.22534520 0.19451291 0.22353754 0.13358601 0.22693694 0.13169979 0.22512928 0.10302820 0.22672900 0.10321601 0.23054432 0.10151808 0.23255245 0.09255832 0.23305235 0.09067253 0.23124418 0.04945701 0.23354379 0.04955094 0.23545193
0 0.16122455 0.20435149 0.14509643 0.20525135 0.14519034 0.20715901 0.14349241 0.20916713 0.10227689 0.21146674 0.10265254 0.21909787 0.10982090 0.21869791 0.11170667 0.22050560 0.16904985 0.21730615 0.17093561 0.21911384 0.22648693 0.21601437 0.22837270 0.21782205 0.27138009 0.21542247 0.26931400 0.17345151 0.22272290 0.17605104 0.22083667 0.17424338 0.18678904 0.17614306 0.18754035 0.19140532 0.18584240 0.19341295 0.18631196 0.20295174 0.18461401 0.20495938 0.16311032 0.20615917 0.16122455 0.20435149
0 0.00000000 0.25093453 0.00022087 0.25542137 0.01276471 0.25472149 0.01069861 0.21275003 0.01239665 0.21074239 0.01136360 0.18975666 0.00240375 0.19025658 0.00051785 0.18844890 0.00042394 0.18654124 0.00000000 0.18613478 0.00000000 0.25093453
0 0.30167118 0.13721150 0.30525490 0.13701155 0.30714115 0.13881970 0.31968462 0.13811984 0.32157085 0.13992750 0.32213432 0.15137395 0.32043593 0.15338210 0.31326803 0.15378203 0.31138224 0.15197386 0.31128833 0.15006620 0.29157650 0.15116601 0.29176434 0.15498182 0.29006639 0.15698946 0.29147510 0.18560631 0.31118693 0.18450650 0.31307270 0.18631418 0.31344835 0.19394531 0.34211994 0.19234559 0.34400571 0.19415327 0.34447529 0.20369255 0.34277734 0.20570019 0.33023340 0.20640007 0.32834764 0.20459239 0.32297160 0.20489234 0.32315941 0.20870766 0.32146146 0.21071530 0.29278987 0.21231502 0.29297771 0.21613083 0.29127976 0.21813847 0.29240672 0.24103185 0.29419858 0.24093188 0.29608434 0.24273956 0.31400432 0.24173972 0.31315910 0.22456980 0.31485705 0.22256217 0.32740099 0.22186228 0.32928676 0.22366996 0.35258231 0.22237020 0.35446854 0.22417786 0.35475028 0.22990132 0.35135394 0.23391711 0.34418605 0.23431704 0.34559473 0.26293341 0.35276262 0.26253348 0.35464842 0.26434165 0.35530579 0.27769576 0.35360786 0.27970389 0.34643997 0.28010381 0.34474202 0.28211145 0.34502374 0.28783443 0.34332581 0.28984256 0.32719770 0.29074242 0.32531190 0.28893425 0.32474844 0.27748780 0.31578868 0.27798770 0.31390291 0.27618002 0.31296377 0.25710195 0.29325193 0.25820177 0.29569369 0.30780435 0.30286159 0.30740442 0.30474736 0.30921211 0.30521692 0.31875090 0.30351897 0.32075853 0.30172711 0.32085851 0.29984088 0.31905085 0.29446484 0.31935080 0.29662486 0.36322992 0.29492691 0.36523755 0.29821388 0.43201005 0.33763755 0.42981042 0.33716799 0.42027164 0.33886594 0.41826400 0.33745723 0.38964714 0.31774540 0.39074696 0.31585963 0.38893927 0.31510832 0.37367702 0.31850466 0.36966123 0.33642418 0.36866142 0.33614243 0.36293795 0.33784038 0.36093031 0.34680060 0.36043038 0.34595538 0.34326046 0.34765334 0.34125282 0.35661309 0.34075292 0.35831102 0.33874479 0.36727078 0.33824488 0.36633166 0.31916731 0.36453980 0.31926728 0.36265401 0.31745911 0.35727797 0.31775907 0.35793537 0.33111366 0.35623742 0.33312130 0.34548580 0.33372118 0.34359957 0.33191352 0.31851216 0.33331327 0.31662639 0.33150558 0.31634465 0.32578211 0.31445842 0.32397446 0.31427058 0.32015865 0.31596899 0.31815099 0.32672061 0.31755110 0.32653280 0.31373578 0.32823075 0.31172815 0.33539865 0.31132822 0.33530472 0.30942007 0.33700267 0.30741243 0.36029868 0.30611264 0.36218445 0.30792032 0.36576817 0.30772037 0.36464120 0.28482698 0.36633962 0.28281932 0.36361613 0.22749376 0.36172988 0.22568561 0.36163598 0.22377795 0.35626040 0.22407788 0.35437463 0.22227020 0.35381114 0.21082326 0.35550909 0.20881562 0.35325517 0.16302885 0.35495312 0.16102121 0.35853684 0.16082126 0.35740988 0.13792787 0.35382616 0.13812782 0.35194039 0.13632014 0.35109515 0.11914973 0.35279311 0.11714210 0.35269920 0.11523444 0.34194712 0.11583434 0.34006135 0.11402666 0.28988607 0.11682618 0.29101303 0.13971956 0.28931508 0.14172720 0.29120085 0.14353488 0.30016061 0.14303498 0.29997279 0.13921965 0.30167118 0.13721150
0 0.00000000 0.17699990 0.00174637 0.17690247 0.00363223 0.17871015 0.00900818 0.17841020 0.00882034 0.17459439 0.01051838 0.17258675 0.00826446 0.12679997 0.00000000 0.12726108 0.00000000 0.17699990
0 0.00000000 0.07178357 0.00912493 0.07127444 0.00677709 0.02357977 0.00847517 0.02157198 0.00800560 0.01203309 0.00000000 0.01247976 0.00000000 0.07178357
0 0.59016332 0.06793936 0.46042960 0.15198804 0.46119150 0.16652590 0.58639491 0.36644724 0.58960354 0.36611011 0.74345433 0.27047086 0.74348228 0.26885468 0.60566704 0.06712685 0.59016332 0.06793936
0 0.93589918 0.48906250 0.94852439 0.47897876 0.94752289 0.45986905 0.87638377 0.35022160 0.84319650 0.35196087 0.66327617 0.48906250 0.93589918 0.48906250
0 0.27594139 0.54397470 0.27575357 0.53998872 0.27745150 0.53789078 0.28282754 0.53757741 0.28452550 0.53548008 0.28414984 0.52750762 0.28235798 0.52761207 0.28047175 0.52572345 0.28037784 0.52373036 0.27849207 0.52184167 0.28188842 0.51764652 0.28151276 0.50967406 0.24567328 0.51176316 0.24726980 0.54564597 0.24906166 0.54554152 0.25094745 0.54743058 0.26707510 0.54649049 0.26877349 0.54439252 0.27594139 0.54397470
0 0.18106829 0.51353044 0.18163176 0.52548907 0.17993336 0.52758669 0.18106033 0.55150431 0.24377955 0.54784839 0.24199519 0.50997899 0.18106829 0.51353044
0 0.22367292 0.48906250 0.18003524 0.49160615 0.18088046 0.50954416 0.24359968 0.50588823 0.24548545 0.50777693 0.26161310 0.50683684 0.26331105 0.50473925 0.28481474 0.50348580 0.28413513 0.48906250 0.22367292 0.48906250
0 0.14183244 0.51981463 0.14248984 0.53376646 0.14437607 0.53565507 0.14512737 0.55159988 0.17559082 0.54982416 0.17530908 0.54384469 0.17700703 0.54174736 0.17465920 0.49191952 0.14240389 0.49379970 0.14277954 0.50177215 0.14108114 0.50386972 0.14155070 0.51383531 0.13985276 0.51593290 0.13994667 0.51792599 0.14183244 0.51981463
0 0.11174465 0.52956281 0.11146291 0.52358349 0.11316085 0.52148590 0.11278520 0.51351345 0.11448361 0.51141589 0.11373230 0.49547097 0.05997284 0.49860463 0.06175719 0.53647382 0.06892509 0.53605600 0.07062304 0.53395842 0.10646253 0.53186932 0.10816047 0.52977173 0.11174465 0.52956281
0 0.00000000 0.54007367 0.00620597 0.53971192 0.00997778 0.54348918 0.04581736 0.54140009 0.04751531 0.53930255 0.04742140 0.53730946 0.04911935 0.53521187 0.05628724 0.53479405 0.05459680 0.49891800 0.00000000 0.50210046 0.00000000 0.54007367
0 0.49988148 0.48906250 0.49007196 0.50189337 0.69487753 0.65218221 0.72283587 0.61172291 0.55512339 0.48906250 0.49988148 0.48906250
0 0.45937500 0.55421694 0.65737521 0.70088824 0.68565023 0.66145596 0.48188125 0.51291371 0.45937500 0.54475584 0.45937500 0.55421694
0 0.59613576 0.48906250 0.79444205 0.63405906 0.81243528 0.60993274 0.64970944 0.48906250 0.59613576 0.48906250
0 1.00000000 0.74849270 0.83016870 0.62285517 0.81508545 0.64393126 1.00000000 0.78758132 1.00000000 0.74849270
0 0.99842885 0.82700233 0.84658767 0.71044247 0.81368838 0.74654657 0.97248786 0.86747169 0.99842885 0.82700233
0 1.00000000 0.67399879 0.86727044 0.57262583 0.85204198 0.59445430 1.00000000 0.71089736 1.00000000 0.67399879
0 0.67328704 0.48906250 0.82599480 0.60038501 0.85264806 0.55983295 0.75688480 0.48906250 0.67328704 0.48906250
0 0.80442513 0.48906250 0.87290889 0.54007362 0.90512436 0.49874345 0.89196080 0.48906250 0.80442513 0.48906250
0 0.93804626 0.48906250 0.93433299 0.49450117 1.00000000 0.54660999 1.00000000 0.50962320 0.97348788 0.48906250 0.93804626 0.48906250
0 1.00000000 0.57711262 0.91881611 0.51342356 0.89181324 0.55184256 1.00000000 0.63963985 1.00000000 0.57711262
0 0.99663685 0.90091460 0.80697110 0.75319943 0.77735781 0.79184599 0.96649454 0.94349892 0.99663685 0.90091460
0 0.45937500 0.63726275 0.67467560 0.79326253 0.70219171 0.75427683 0.45937500 0.57643306 0.45937500 0.63726275
0 0.45937500 0.71918043 0.62784974 0.84794283 0.65980213 0.80753394 0.45937500 0.65833496 0.45937500 0.71918043
0 0.45937500 0.79966146 0.59067271 0.89885517 0.61695637 0.86143143 0.45937500 0.74236455 0.45937500 0.79966146
0 0.45937500 0.88280188 0.54715070 0.94931303 0.57840649 0.91158489 0.45937500 0.82609607 0.45937500 0.88280188
0 0.45937500 0.92112241 0.52657933 0.97359636 0.53644827 0.95913035 0.45937500 0.90797158 0.45937500 0.92112241
0 0.95429676 0.95356360 0.71578058 0.76588937 0.68581362 0.80731136 0.92690756 0.99389606 0.95429676 0.95356360
0 0.90459286 1.00000000 0.67455005 0.82006520 0.64287572 0.86124184 0.82121740 1.00000000 0.90459286 1.00000000
0 0.79990274 1.00000000 0.63488550 0.86954953 0.60469806 0.90607791 0.72297580 1.00000000 0.79990274 1.00000000
0 0.69121637 1.00000000 0.59270784 0.92222287 0.55908620 0.95974016 0.61195279 1.00000000 0.69121637 1.00000000
