0 0.00000000 0.26255149 0.00172117 0.26259233 0.00175525 0.25993788 0.00079587 0.25858714 0.00081292 0.25725991 0.00000000 0.25611567 0.00000000 0.26255149
0 0.02814750 0.18222873 0.03006636 0.18492953 0.03004932 0.18625709 0.03100863 0.18760749 0.03099158 0.18893471 0.03195089 0.19028511 0.03193385 0.19161234 0.03094045 0.19291674 0.02801115 0.19284723 0.02799411 0.19417446 0.02895367 0.19552486 0.02893662 0.19685243 0.02989593 0.19820282 0.02987889 0.19953005 0.03083820 0.20088044 0.03082115 0.20220767 0.03178046 0.20355840 0.03176342 0.20488563 0.03368228 0.20758677 0.03366524 0.20891399 0.03462455 0.21026439 0.03460750 0.21159162 0.03556681 0.21294201 0.03554977 0.21426958 0.03650933 0.21561998 0.03649228 0.21694720 0.03745159 0.21829794 0.03743454 0.21962517 0.04329290 0.21976417 0.04521177 0.22246497 0.04519473 0.22379220 0.04615403 0.22514293 0.04613699 0.22647016 0.04709630 0.22782055 0.04707925 0.22914812 0.04608586 0.23045218 0.04315656 0.23038267 0.04313951 0.23170990 0.04409907 0.23306030 0.04408203 0.23438753 0.04504133 0.23573826 0.04502429 0.23706549 0.04598360 0.23841588 0.04596655 0.23974345 0.04692586 0.24109385 0.04690882 0.24242107 0.04882769 0.24512187 0.04881064 0.24644944 0.04976995 0.24779983 0.04975291 0.24912706 0.05071221 0.25047779 0.05069517 0.25180502 0.05261404 0.25450581 0.05259700 0.25583304 0.05355630 0.25718378 0.05353926 0.25851100 0.05939787 0.25865002 0.06035718 0.26000041 0.06034013 0.26132798 0.06129944 0.26267837 0.06128240 0.26400560 0.06224171 0.26535599 0.06222466 0.26668322 0.06123127 0.26798762 0.05830196 0.26791812 0.05826788 0.27057257 0.05922743 0.27192331 0.05921039 0.27325054 0.06016970 0.27460093 0.06015266 0.27592816 0.06207127 0.27862929 0.06205423 0.27995652 0.06301354 0.28130691 0.06299649 0.28263448 0.06395605 0.28398488 0.06393901 0.28531210 0.06489832 0.28666250 0.06488127 0.28798973 0.06584058 0.28934046 0.07169919 0.28947947 0.07265849 0.29082987 0.07264145 0.29215710 0.07360076 0.29350783 0.07358371 0.29483506 0.07454327 0.29618546 0.07452623 0.29751269 0.07548554 0.29886308 0.07449214 0.30016748 0.07058624 0.30007480 0.07056920 0.30140203 0.07152875 0.30275243 0.07151171 0.30408000 0.07247102 0.30543039 0.07245397 0.30675762 0.07341328 0.30810801 0.07339624 0.30943524 0.07435580 0.31078598 0.07433875 0.31211321 0.07529806 0.31346360 0.07528102 0.31479117 0.07624032 0.31614156 0.07622328 0.31746879 0.07718259 0.31881918 0.08304120 0.31895820 0.08495981 0.32165933 0.08494277 0.32298655 0.08590208 0.32433695 0.08586799 0.32699174 0.08487460 0.32829580 0.08194554 0.32822630 0.08191146 0.33088076 0.08287076 0.33223149 0.08285372 0.33355872 0.08381303 0.33490912 0.08379598 0.33623668 0.08475529 0.33758708 0.14626942 0.33904668 0.14628646 0.33771945 0.14532716 0.33636872 0.14534420 0.33504149 0.14438489 0.33369110 0.14440194 0.33236353 0.14344238 0.33101313 0.14345942 0.32968590 0.14250011 0.32833551 0.14251716 0.32700828 0.14155785 0.32565755 0.14157489 0.32433032 0.14061533 0.32297992 0.14063238 0.32165235 0.13967307 0.32030196 0.13969011 0.31897473 0.13873081 0.31762434 0.13874785 0.31629711 0.13778854 0.31494638 0.13780559 0.31361915 0.13684628 0.31226875 0.13686332 0.31094119 0.13590376 0.30959079 0.13395106 0.30954445 0.13299150 0.30819405 0.13006245 0.30812455 0.12814358 0.30542376 0.12816063 0.30409619 0.12720132 0.30274579 0.12231931 0.30262995 0.12040045 0.29992882 0.12041749 0.29860159 0.11945818 0.29725120 0.11947522 0.29592397 0.11851592 0.29457358 0.11853296 0.29324601 0.11757340 0.29189561 0.11759045 0.29056838 0.11663114 0.28921765 0.11664818 0.28789042 0.11472957 0.28518963 0.11474661 0.28386240 0.11378730 0.28251167 0.11380435 0.28118444 0.11284479 0.27983404 0.11286183 0.27850647 0.11190252 0.27715608 0.11191957 0.27582885 0.11096026 0.27447846 0.11195365 0.27317440 0.11293000 0.27319756 0.11392365 0.27189317 0.11490000 0.27191634 0.11491704 0.27058911 0.11395773 0.26923871 0.11397478 0.26791115 0.11205591 0.26521035 0.11207295 0.26388312 0.11111365 0.26253273 0.11113069 0.26120516 0.11017113 0.25985476 0.11018818 0.25852754 0.10922887 0.25717680 0.10924591 0.25584957 0.10732730 0.25314879 0.10734434 0.25182156 0.10638503 0.25047082 0.10640208 0.24914360 0.10544252 0.24779320 0.10545956 0.24646563 0.10450025 0.24511523 0.10451730 0.24378801 0.10259843 0.24108721 0.09966937 0.24101771 0.09867598 0.24232177 0.09769938 0.24229860 0.09674007 0.24094820 0.09675712 0.23962064 0.09483825 0.23691984 0.09485530 0.23559228 0.09389599 0.23424188 0.09391303 0.23291465 0.09295372 0.23156426 0.09297076 0.23023703 0.09201146 0.22888630 0.09202850 0.22755907 0.09010964 0.22485794 0.09012668 0.22353071 0.08916737 0.22218031 0.08918441 0.22085309 0.08822510 0.21950269 0.08824215 0.21817512 0.08728259 0.21682472 0.08729963 0.21549750 0.08538102 0.21279637 0.08539806 0.21146914 0.08443875 0.21011875 0.08445579 0.20879152 0.08349649 0.20744078 0.08351353 0.20611356 0.08255397 0.20476316 0.08257102 0.20343559 0.08065240 0.20073480 0.08066944 0.19940757 0.07970989 0.19805717 0.07580448 0.19796451 0.07388562 0.19526337 0.07390266 0.19393614 0.07292631 0.19391298 0.07196675 0.19256224 0.07198380 0.19123501 0.06710179 0.19111917 0.06518317 0.18841838 0.06030117 0.18830254 0.05838230 0.18560141 0.05839934 0.18427418 0.05156438 0.18411200 0.05060508 0.18276160 0.05062212 0.18143404 0.03988151 0.18117918 0.03892220 0.17982879 0.03895628 0.17717433 0.02723932 0.17689631 0.02628001 0.17554592 0.02629706 0.17421835 0.02043850 0.17407934 0.02042145 0.17540691 0.02138084 0.17675730 0.02134675 0.17941176 0.02230614 0.18076216 0.02228909 0.18208972 0.02814750 0.18222873
0 0.78602800 0.25606119 0.77939762 0.23997126 0.62709412 0.23502969 0.62502199 0.24427454 0.62939275 0.28420976 0.63710180 0.29235898 0.78060054 0.29841935 0.78750361 0.29327228 0.78602800 0.25606119
0 0.00000000 0.99170978 0.04374604 0.99372614 0.04376308 0.99114796 0.04184422 0.98590093 0.04186126 0.98332275 0.04090196 0.98069891 0.04091900 0.97812073 0.03995969 0.97549755 0.03997673 0.97291938 0.03805787 0.96767234 0.03807491 0.96509417 0.03711560 0.96247099 0.03713265 0.95989215 0.03617334 0.95726897 0.03619038 0.95469079 0.03523107 0.95206761 0.03524811 0.94948943 0.03332925 0.94424240 0.03334629 0.94166423 0.03238699 0.93904039 0.03240403 0.93646221 0.03144447 0.93383902 0.03146151 0.93126084 0.03050220 0.92863766 0.03051925 0.92605882 0.02860063 0.92081246 0.02861768 0.91823362 0.02765837 0.91561044 0.02767541 0.91303227 0.02671585 0.91040908 0.02673290 0.90783090 0.02577359 0.90520706 0.02579063 0.90262888 0.02387177 0.89738185 0.02388881 0.89480367 0.02292955 0.89218049 0.02294660 0.88960232 0.02198724 0.88697913 0.02200428 0.88440030 0.01614580 0.88413026 0.01612875 0.88670910 0.01513529 0.88924227 0.00634757 0.88883723 0.00633053 0.89141541 0.00533709 0.89394858 0.00000000 0.89370258 0.00000000 0.99170978
0 0.09461669 0.83358564 0.09362329 0.83611882 0.09360625 0.83869699 0.09261285 0.84123083 0.08382519 0.84082579 0.08380815 0.84340396 0.08281476 0.84593714 0.07305049 0.84548708 0.07303345 0.84806592 0.07204005 0.85059910 0.06813440 0.85041907 0.06811736 0.85299725 0.06712396 0.85553043 0.06517101 0.85544041 0.06417762 0.85797359 0.05831901 0.85770355 0.05830196 0.86028239 0.05730857 0.86281556 0.04754431 0.86236551 0.04850386 0.86498870 0.04848682 0.86756754 0.04944613 0.87019071 0.04942908 0.87276889 0.05038839 0.87539207 0.05037135 0.87797025 0.05133091 0.88059410 0.05131386 0.88317228 0.05227317 0.88579546 0.05225613 0.88837430 0.05321543 0.89099748 0.05319839 0.89357565 0.05415770 0.89619883 0.05903996 0.89642387 0.06095857 0.90167089 0.06094153 0.90424907 0.06190084 0.90687225 0.06188379 0.90945108 0.06284310 0.91207426 0.06282606 0.91465244 0.06183267 0.91718562 0.05890361 0.91705061 0.05888657 0.91962879 0.05984587 0.92225263 0.05982883 0.92483080 0.06078814 0.92745398 0.06077109 0.93003282 0.06173040 0.93265600 0.06171336 0.93523418 0.06267267 0.93785736 0.06265563 0.94043554 0.06361518 0.94305939 0.06359814 0.94563756 0.06455745 0.94826074 0.06454040 0.95083958 0.06549971 0.95346276 0.06548267 0.95604094 0.06644223 0.95866413 0.06642519 0.96124231 0.06738449 0.96386615 0.06736745 0.96644433 0.06832676 0.96906751 0.06830971 0.97164634 0.06926902 0.97426952 0.06925198 0.97684770 0.07021129 0.97947088 0.07019424 0.98204906 0.07115380 0.98467291 0.07113676 0.98725109 0.07699511 0.98752111 0.07795442 0.99014429 0.07793738 0.99272313 0.07889693 0.99534632 0.15310438 0.99876671 0.15214507 0.99614353 0.15216212 0.99356469 0.15120256 0.99094150 0.15121960 0.98836333 0.15026030 0.98573949 0.15027734 0.98316131 0.14931803 0.98053813 0.14933507 0.97795995 0.14741621 0.97271292 0.14743325 0.97013474 0.14647394 0.96751156 0.14649099 0.96493272 0.14553168 0.96230954 0.14554872 0.95973137 0.14458941 0.95710819 0.13970716 0.95688315 0.13874785 0.95425997 0.13876489 0.95168113 0.13780559 0.94905796 0.13782263 0.94647978 0.13686332 0.94385594 0.13688037 0.94127776 0.13787376 0.93874459 0.14080281 0.93887959 0.14081986 0.93630142 0.13986055 0.93367824 0.13987759 0.93109940 0.13891828 0.92847622 0.13893533 0.92589804 0.13797602 0.92327420 0.13799306 0.92069602 0.13703376 0.91807284 0.13705080 0.91549467 0.13609124 0.91287147 0.13610828 0.91029264 0.13514898 0.90766946 0.13516602 0.90509128 0.13420671 0.90246744 0.13422376 0.89988926 0.13326420 0.89726607 0.13328124 0.89468789 0.13232193 0.89206471 0.13233898 0.88948587 0.13137967 0.88686270 0.13139671 0.88428452 0.13043740 0.88166068 0.13045445 0.87908250 0.12459584 0.87881246 0.12267722 0.87356610 0.12271131 0.86840909 0.12175200 0.86578591 0.12178609 0.86062889 0.12277948 0.85809572 0.12570854 0.85823072 0.12572558 0.85565255 0.12476627 0.85302937 0.12478331 0.85045119 0.12382401 0.84782735 0.12384105 0.84524917 0.12288174 0.84262599 0.12289879 0.84004716 0.12193948 0.83742398 0.12195652 0.83484580 0.12099696 0.83222260 0.12101401 0.82964443 0.12005470 0.82702059 0.12007174 0.82444241 0.10933113 0.82394735 0.10931409 0.82652553 0.10832069 0.82905937 0.10441503 0.82887934 0.10439799 0.83145752 0.10340460 0.83399070 0.09461669 0.83358564
0 0.00000000 0.86791163 0.00746032 0.86825549 0.00747737 0.86567732 0.00847084 0.86314349 0.01725857 0.86354853 0.01825202 0.86101536 0.01826906 0.85843718 0.01730971 0.85581334 0.01732675 0.85323516 0.01540798 0.84798879 0.01542502 0.84541062 0.01446567 0.84278677 0.01448271 0.84020860 0.01352335 0.83758541 0.01354040 0.83500658 0.01258101 0.83238339 0.01259806 0.82980521 0.01163867 0.82718203 0.01165571 0.82460385 0.01069636 0.82198001 0.01071340 0.81940184 0.00879466 0.81415481 0.00881171 0.81157663 0.00785232 0.80895345 0.00786936 0.80637527 0.00691000 0.80375209 0.00692705 0.80117325 0.00596769 0.79855007 0.00598473 0.79597189 0.00502535 0.79334805 0.00504240 0.79076987 0.00408301 0.78814669 0.00410005 0.78556851 0.00000000 0.78537953 0.00000000 0.86791163
0 0.18387944 0.77580089 0.18288605 0.77833407 0.17995674 0.77819905 0.17896335 0.78073222 0.17603405 0.78059720 0.17504065 0.78313104 0.17211135 0.78299602 0.17111795 0.78552920 0.16818865 0.78539418 0.16719526 0.78792735 0.16426595 0.78779233 0.16327255 0.79032617 0.16131985 0.79023617 0.16032621 0.79276933 0.15739690 0.79263431 0.15640351 0.79516749 0.15347446 0.79503248 0.15248081 0.79756564 0.14955151 0.79743062 0.14855812 0.79996380 0.14562906 0.79982879 0.14463541 0.80236262 0.14170611 0.80222760 0.14071272 0.80476077 0.13778366 0.80462577 0.13679002 0.80715893 0.13386072 0.80702391 0.13286732 0.80955775 0.13091462 0.80946774 0.12992122 0.81200092 0.12699192 0.81186590 0.12599827 0.81439907 0.12306922 0.81426406 0.12303514 0.81942041 0.12399444 0.82204425 0.12397740 0.82462243 0.12493671 0.82724561 0.12491966 0.82982445 0.12587897 0.83244763 0.12586193 0.83502581 0.12682149 0.83764900 0.12680444 0.84022717 0.12776375 0.84285101 0.12774671 0.84542919 0.13262871 0.84565422 0.13358802 0.84827740 0.13456462 0.84832241 0.13552393 0.85094625 0.13550689 0.85352443 0.13646619 0.85614761 0.13643211 0.86130396 0.13739166 0.86392781 0.13737462 0.86650599 0.13638098 0.86903915 0.13247532 0.86885913 0.13245828 0.87143797 0.13341759 0.87406115 0.13340054 0.87663933 0.13436010 0.87926252 0.13434306 0.88184070 0.13626167 0.88708772 0.13624463 0.88966589 0.13720419 0.89228975 0.13718714 0.89486792 0.13814645 0.89749110 0.13812941 0.90006928 0.13908872 0.90269246 0.13907167 0.90527130 0.14003098 0.90789448 0.14001394 0.91047266 0.14097324 0.91309650 0.14095620 0.91567467 0.14191576 0.91829787 0.14189872 0.92087604 0.14285803 0.92349922 0.14284098 0.92607806 0.14380029 0.92870124 0.14378325 0.93127942 0.14474280 0.93390327 0.14472576 0.93648145 0.14568507 0.93910463 0.14566803 0.94168280 0.14662734 0.94430598 0.14661029 0.94688482 0.14756960 0.94950800 0.14755256 0.95208618 0.14851186 0.95471002 0.14849482 0.95728820 0.14945438 0.95991139 0.14943733 0.96248957 0.15039664 0.96511275 0.15037960 0.96769158 0.15229846 0.97293795 0.15228142 0.97551679 0.15324073 0.97813997 0.15322368 0.98071815 0.15418299 0.98334133 0.15416595 0.98591951 0.15512526 0.98854335 0.15510821 0.99112152 0.15606752 0.99374470 0.20977034 0.99621999 0.21076374 0.99368681 0.21369304 0.99382183 0.21465260 0.99644502 0.21463555 0.99902386 0.22537592 0.99951891 0.22541001 0.99436189 0.22640340 0.99182872 0.24104967 0.99250380 0.24106671 0.98992496 0.24010740 0.98730178 0.24012445 0.98472360 0.23916514 0.98210042 0.23918218 0.97952224 0.23822288 0.97689841 0.23823992 0.97432023 0.23728036 0.97169704 0.23729741 0.96911820 0.23633810 0.96649502 0.23635514 0.96391684 0.23539583 0.96129366 0.23541287 0.95871548 0.23445332 0.95609163 0.23447036 0.95351346 0.23255175 0.94826644 0.23256879 0.94568826 0.23160948 0.94306508 0.23162652 0.94048690 0.23066721 0.93786372 0.23068426 0.93528488 0.22972470 0.93266169 0.22974174 0.93008351 0.22878244 0.92745967 0.22879948 0.92488150 0.22294112 0.92461147 0.22102226 0.91936510 0.22105635 0.91420808 0.22009704 0.91158490 0.22011408 0.90900673 0.21915452 0.90638288 0.21917157 0.90380470 0.22016521 0.90127154 0.22309451 0.90140655 0.22311155 0.89882838 0.22215200 0.89620519 0.22216904 0.89362635 0.22120973 0.89100317 0.22122678 0.88842499 0.22026747 0.88580115 0.22028451 0.88322297 0.21932495 0.88059978 0.21934200 0.87802160 0.21838269 0.87539842 0.21839973 0.87281959 0.21744043 0.87019641 0.21745747 0.86761823 0.21649816 0.86499439 0.21651521 0.86241621 0.21555590 0.85979303 0.21557294 0.85721485 0.21461338 0.85459166 0.21463043 0.85201283 0.21367112 0.84938965 0.21368816 0.84681147 0.21272886 0.84418763 0.21274590 0.84160945 0.21178634 0.83898626 0.21180338 0.83640808 0.20988477 0.83116106 0.20500276 0.83093604 0.20404320 0.82831285 0.20406024 0.82573467 0.20310094 0.82311083 0.20311798 0.82053265 0.20215867 0.81790947 0.20217571 0.81533129 0.20121641 0.81270811 0.20320320 0.80764110 0.20710885 0.80782113 0.20519024 0.80257411 0.20520728 0.79999593 0.20424772 0.79737273 0.20426476 0.79479456 0.20330545 0.79217138 0.20332250 0.78959254 0.20236319 0.78696936 0.20238024 0.78439118 0.20142093 0.78176734 0.20143797 0.77918917 0.19951911 0.77394279 0.19953615 0.77136462 0.19857684 0.76874078 0.19564754 0.76860576 0.19465414 0.77113959 0.19172484 0.77100457 0.19073144 0.77353775 0.18780214 0.77340273 0.18680875 0.77593591 0.18387944 0.77580089
0 0.23197956 0.73933084 0.23098591 0.74186401 0.22708026 0.74168399 0.22706321 0.74426283 0.22606982 0.74679600 0.21630580 0.74634596 0.21628876 0.74892413 0.21529511 0.75145796 0.20943676 0.75118793 0.20844336 0.75372111 0.20649041 0.75363109 0.20647337 0.75620927 0.20743268 0.75883245 0.20741564 0.76141063 0.20933450 0.76665766 0.20931746 0.76923583 0.21027676 0.77185968 0.21025972 0.77443785 0.21121903 0.77706103 0.21120199 0.77963921 0.21216130 0.78226239 0.21214425 0.78484123 0.21310381 0.78746442 0.21308676 0.79004260 0.21404607 0.79266644 0.21990443 0.79293646 0.22086399 0.79555965 0.22082990 0.80071601 0.22178921 0.80333919 0.22177216 0.80591803 0.22273147 0.80854121 0.22271443 0.81111938 0.22172103 0.81365322 0.21781538 0.81347320 0.21779833 0.81605138 0.21875764 0.81867456 0.21874060 0.82125273 0.22065947 0.82649976 0.22064242 0.82907794 0.22160173 0.83170112 0.22158468 0.83427996 0.22254399 0.83690314 0.22252695 0.83948132 0.22348651 0.84210451 0.22346947 0.84468269 0.22442877 0.84730653 0.22441173 0.84988470 0.22537104 0.85250788 0.22535399 0.85508672 0.22631330 0.85770990 0.22629626 0.86028808 0.22725557 0.86291126 0.22723853 0.86548944 0.22819808 0.86811329 0.22818104 0.87069146 0.22914035 0.87331464 0.22912330 0.87589348 0.23008261 0.87851666 0.23006557 0.88109484 0.23198444 0.88634121 0.23393714 0.88643122 0.23493053 0.88389804 0.23688349 0.88398805 0.23784279 0.88661124 0.23780870 0.89176825 0.23876826 0.89439144 0.23875122 0.89697028 0.23971053 0.89959346 0.23969348 0.90217164 0.23870009 0.90470481 0.23577079 0.90456980 0.23573670 0.90972681 0.23669601 0.91234999 0.23667896 0.91492817 0.23763827 0.91755201 0.23762123 0.92013018 0.23858079 0.92275338 0.23856374 0.92533155 0.24048236 0.93057858 0.24046532 0.93315675 0.24142462 0.93577993 0.24140758 0.93835877 0.24236689 0.94098195 0.24234985 0.94356013 0.24330940 0.94618332 0.24329236 0.94876150 0.24425167 0.95138534 0.24423462 0.95396351 0.24519393 0.95658669 0.24714689 0.95667671 0.24868079 0.72462621 0.24770443 0.72458120 0.24571740 0.72964754 0.24278809 0.72951252 0.24275401 0.73466954 0.24176061 0.73720271 0.23199660 0.73675267 0.23197956 0.73933084
0 0.04965768 0.54265102 0.04964064 0.54522920 0.04864725 0.54776238 0.04474159 0.54758236 0.04472454 0.55016119 0.04373115 0.55269437 0.03494349 0.55228933 0.03492645 0.55486750 0.03393280 0.55740133 0.03002740 0.55722132 0.02999331 0.56237767 0.03095262 0.56500085 0.03093558 0.56757903 0.03189488 0.57020287 0.03187784 0.57278105 0.03283715 0.57540423 0.03282010 0.57798307 0.03377941 0.58060625 0.03376237 0.58318442 0.03472193 0.58580762 0.03470489 0.58838579 0.03566419 0.59100963 0.03564715 0.59358781 0.03660646 0.59621099 0.03658941 0.59878983 0.03754897 0.60141302 0.03753193 0.60399120 0.03849124 0.60661438 0.03847419 0.60919255 0.03648715 0.61425955 0.03453445 0.61416955 0.03354081 0.61670271 0.03256445 0.61665771 0.03157106 0.61919154 0.03059471 0.61914654 0.02960131 0.62167972 0.02862471 0.62163471 0.02763132 0.62416788 0.02665497 0.62412288 0.02566132 0.62665604 0.02370862 0.62656604 0.02271518 0.62909921 0.02173875 0.62905420 0.02074528 0.63158804 0.01976888 0.63154303 0.01877543 0.63407621 0.01779901 0.63403120 0.01680554 0.63656437 0.01582914 0.63651937 0.01483569 0.63905320 0.01288284 0.63896319 0.01188939 0.64149636 0.01091299 0.64145136 0.00991952 0.64398453 0.00894310 0.64393952 0.00794965 0.64647269 0.00697325 0.64642769 0.00695621 0.64900587 0.00791556 0.65162971 0.00789852 0.65420789 0.00885788 0.65683107 0.00884083 0.65940991 0.00980022 0.66203309 0.00978318 0.66461127 0.01074256 0.66723445 0.01072552 0.66981263 0.01168487 0.67243647 0.01166783 0.67501465 0.01752631 0.67528468 0.01944505 0.68053171 0.01942801 0.68310988 0.02038737 0.68573307 0.02037033 0.68831124 0.02132971 0.69093443 0.02131266 0.69351327 0.02031919 0.69604644 0.01641354 0.69586642 0.01639650 0.69844459 0.01735588 0.70106844 0.01733883 0.70364661 0.01829822 0.70626980 0.01828118 0.70884798 0.01924054 0.71147116 0.01922349 0.71404999 0.02018285 0.71667318 0.02016580 0.71925135 0.02112518 0.72187520 0.02110814 0.72445337 0.02206753 0.72707656 0.02205048 0.72965474 0.02300984 0.73227792 0.02299280 0.73485675 0.02491141 0.74010311 0.02489437 0.74268195 0.02585393 0.74530515 0.02583688 0.74788332 0.02679619 0.75050650 0.02677915 0.75308468 0.02773846 0.75570852 0.02772141 0.75828670 0.02868097 0.76090989 0.02866393 0.76348873 0.02962324 0.76611191 0.02960619 0.76869008 0.03056550 0.77131326 0.03054846 0.77389144 0.03640707 0.77416148 0.03736637 0.77678532 0.03734933 0.77936350 0.03830864 0.78198668 0.03829159 0.78456551 0.03925090 0.78718869 0.03923386 0.78976687 0.03824046 0.79230004 0.03726411 0.79225504 0.03627072 0.79478822 0.03529412 0.79474321 0.03527707 0.79732204 0.03623663 0.79994523 0.03621959 0.80252341 0.03717889 0.80514725 0.03716185 0.80772543 0.03812116 0.81034861 0.03810412 0.81292679 0.03906343 0.81554997 0.03904638 0.81812880 0.04000569 0.82075198 0.03998865 0.82333016 0.04094820 0.82595401 0.04093116 0.82853219 0.04189047 0.83115537 0.04187343 0.83373355 0.04283274 0.83635673 0.04281569 0.83893557 0.04672134 0.83911558 0.04768065 0.84173876 0.04867430 0.83920560 0.04869134 0.83662676 0.04968474 0.83409359 0.05261404 0.83422861 0.05360743 0.83169543 0.05556014 0.83178544 0.05655378 0.82925227 0.06338849 0.82956730 0.06340553 0.82698912 0.06439918 0.82445530 0.06830483 0.82463532 0.06832188 0.82205714 0.06931527 0.81952396 0.07907928 0.81997401 0.07909633 0.81739517 0.08008997 0.81486201 0.08887763 0.81526705 0.08891172 0.81011070 0.08990511 0.80757752 0.09381077 0.80775754 0.09382781 0.80517871 0.09482121 0.80264553 0.10360912 0.80305059 0.10362616 0.80047241 0.10461956 0.79793857 0.11438382 0.79838863 0.11440086 0.79581045 0.11344130 0.79318726 0.11345835 0.79060908 0.11249904 0.78798590 0.11251608 0.78540706 0.11059722 0.78016069 0.11061426 0.77758186 0.10965495 0.77495868 0.10967200 0.77238050 0.10871269 0.76975732 0.10383068 0.76953230 0.10287112 0.76690910 0.10288817 0.76433027 0.10192886 0.76170709 0.10194590 0.75912891 0.10098660 0.75650507 0.10100364 0.75392689 0.10004433 0.75130371 0.10103773 0.74877054 0.10494338 0.74895056 0.10398407 0.74632738 0.10400112 0.74374854 0.10304156 0.74112535 0.10305860 0.73854717 0.10209930 0.73592333 0.10211634 0.73334515 0.10115703 0.73072197 0.10117407 0.72814380 0.10021476 0.72552062 0.10023181 0.72294178 0.09927250 0.72031860 0.09928954 0.71774042 0.09832999 0.71511657 0.09834703 0.71253839 0.09738772 0.70991521 0.09740476 0.70733704 0.09644545 0.70471386 0.09646250 0.70213502 0.09550294 0.69951183 0.09551998 0.69693365 0.09456068 0.69430981 0.09457772 0.69173163 0.09361841 0.68910845 0.09363546 0.68653027 0.09267615 0.68390709 0.09269319 0.68132826 0.09173388 0.67870508 0.08978093 0.67861506 0.08690276 0.67074485 0.08495006 0.67065484 0.08303119 0.66540847 0.08306528 0.66025146 0.08405892 0.65771829 0.08796433 0.65789830 0.08700502 0.65527512 0.08702206 0.65269629 0.08606275 0.65007311 0.08607980 0.64749493 0.08512049 0.64487175 0.08513753 0.64229357 0.08417823 0.63966973 0.08419527 0.63709155 0.08323571 0.63446836 0.08325276 0.63188953 0.08229345 0.62926635 0.08231049 0.62668817 0.08135118 0.62406499 0.08136822 0.62148681 0.08040867 0.61886296 0.08042571 0.61628478 0.07946640 0.61366160 0.07948345 0.61108276 0.07852414 0.60845958 0.07854118 0.60588141 0.07662256 0.60063505 0.07663961 0.59805621 0.07568005 0.59543302 0.07569709 0.59285484 0.07473779 0.59023100 0.07475483 0.58765282 0.07379552 0.58502964 0.06793691 0.58475961 0.06697760 0.58213643 0.06701169 0.57697941 0.06605238 0.57435623 0.06608647 0.56919922 0.06512691 0.56657602 0.06612056 0.56404286 0.07002621 0.56422288 0.06906690 0.56159970 0.06908395 0.55902152 0.06812439 0.55639767 0.06814143 0.55381949 0.06718212 0.55119631 0.06719917 0.54861748 0.06623986 0.54599430 0.06625690 0.54341612 0.06529735 0.54079293 0.06531439 0.53821475 0.06435508 0.53559091 0.06437213 0.53301273 0.06341282 0.53038955 0.05853081 0.53016453 0.05851377 0.53274271 0.05752012 0.53527587 0.05459107 0.53514087 0.05455698 0.54029788 0.05356359 0.54283106 0.04965768 0.54265102
0 0.12535303 0.46876582 0.12533599 0.47134466 0.12434259 0.47387783 0.12043669 0.47369780 0.12040260 0.47885482 0.11940921 0.48138799 0.10964519 0.48093794 0.10962815 0.48351612 0.10863476 0.48604930 0.10570545 0.48591428 0.10568841 0.48849246 0.10469476 0.49102628 0.10078936 0.49084627 0.10075527 0.49600263 0.09976163 0.49853645 0.09585597 0.49835643 0.09583893 0.50093461 0.09484554 0.50346779 0.09093988 0.50328776 0.09092284 0.50586594 0.08992944 0.50839912 0.08700014 0.50826410 0.08696605 0.51342111 0.08597266 0.51595429 0.07718500 0.51554925 0.07716795 0.51812808 0.07617431 0.52066125 0.07226865 0.52048123 0.07225161 0.52305941 0.07321092 0.52568258 0.07319388 0.52826076 0.07415343 0.53088461 0.07413639 0.53346279 0.07509570 0.53608597 0.07507865 0.53866481 0.07603796 0.54128799 0.07602092 0.54386617 0.07698048 0.54648936 0.07696343 0.54906753 0.07792274 0.55169137 0.07790570 0.55426955 0.08376405 0.55453958 0.08568292 0.55978661 0.08566588 0.56236479 0.08662518 0.56498797 0.08659110 0.57014432 0.08755040 0.57276816 0.08655701 0.57530134 0.08265136 0.57512132 0.08263431 0.57769949 0.08359362 0.58032333 0.08357658 0.58290151 0.08453614 0.58552470 0.08451909 0.58810288 0.08547840 0.59072606 0.08546135 0.59330490 0.08642066 0.59592808 0.08640362 0.59850625 0.08736293 0.60113009 0.08734588 0.60370827 0.08830519 0.60633145 0.08828815 0.60890963 0.08924771 0.61153282 0.08923066 0.61411166 0.09018997 0.61673484 0.09017293 0.61931302 0.09113223 0.62193686 0.09111519 0.62451503 0.09207475 0.62713822 0.09205771 0.62971640 0.09301702 0.63233958 0.09299997 0.63491842 0.09395928 0.63754160 0.09394224 0.64011978 0.09490154 0.64274362 0.09488450 0.64532179 0.10074311 0.64559183 0.10266173 0.65083819 0.10264468 0.65341637 0.10360399 0.65604021 0.10358695 0.65861839 0.10454651 0.66124158 0.10452946 0.66382041 0.10353582 0.66635358 0.09963041 0.66617357 0.10058972 0.66879675 0.10057268 0.67137493 0.10153199 0.67399811 0.10151494 0.67657694 0.10247425 0.67920012 0.10245721 0.68177830 0.10341651 0.68440214 0.10339947 0.68698032 0.10435903 0.68960351 0.10434198 0.69218169 0.10530129 0.69480487 0.10528425 0.69738371 0.10624356 0.70000689 0.10622651 0.70258506 0.10718607 0.70520892 0.10716903 0.70778709 0.10812833 0.71041027 0.10811129 0.71298845 0.10907060 0.71561163 0.10905355 0.71819047 0.11001286 0.72081365 0.10999582 0.72339182 0.11095513 0.72601566 0.11093808 0.72859384 0.11189764 0.73121704 0.11188060 0.73379521 0.11283991 0.73641839 0.11869827 0.73668842 0.12061713 0.74193545 0.12058304 0.74709246 0.12154235 0.74971564 0.12152531 0.75229382 0.12248487 0.75491701 0.12149122 0.75745017 0.11758557 0.75727016 0.11756852 0.75984899 0.11852783 0.76247217 0.11851079 0.76505035 0.11947034 0.76767420 0.11945330 0.77025238 0.12041261 0.77287556 0.12039557 0.77545374 0.12135488 0.77807692 0.12133783 0.78065575 0.12229739 0.78327894 0.12228035 0.78585712 0.12813871 0.78612715 0.12815575 0.78354897 0.12914914 0.78101579 0.13793705 0.78142085 0.13797114 0.77626383 0.13896453 0.77373066 0.14287019 0.77391068 0.14288723 0.77133250 0.14388063 0.76879933 0.15364489 0.76924938 0.15366193 0.76667055 0.15465533 0.76413737 0.16344299 0.76454241 0.16346003 0.76196424 0.16445343 0.75943040 0.17421769 0.75988046 0.17425178 0.75472410 0.17524517 0.75219093 0.17817448 0.75232595 0.17819152 0.74974777 0.17918491 0.74721393 0.18894893 0.74766398 0.18896597 0.74508580 0.18995961 0.74255264 0.19288892 0.74268765 0.19290596 0.74010882 0.19194640 0.73748563 0.19196345 0.73490745 0.19100414 0.73228427 0.19102118 0.72970609 0.19006188 0.72708225 0.19007892 0.72450407 0.18911936 0.72188088 0.18913640 0.71930204 0.18817710 0.71667887 0.18819414 0.71410069 0.18723483 0.71147751 0.18725187 0.70889933 0.18629257 0.70627549 0.18630961 0.70369731 0.18535030 0.70107413 0.18536735 0.69849529 0.18440779 0.69587210 0.18245508 0.69578210 0.18149553 0.69315891 0.18151257 0.69058073 0.17760716 0.69040072 0.17664760 0.68777753 0.17666465 0.68519869 0.17765829 0.68266553 0.17668169 0.68262051 0.17572238 0.67999733 0.17573943 0.67741850 0.17673283 0.67488532 0.18063848 0.67506534 0.17967917 0.67244216 0.17969621 0.66986399 0.17777760 0.66461696 0.17779464 0.66203879 0.17683508 0.65941560 0.17685213 0.65683676 0.17589282 0.65421358 0.17590986 0.65163540 0.17495055 0.64901222 0.17496760 0.64643404 0.17400804 0.64381019 0.17402508 0.64123202 0.17306577 0.63860884 0.17308282 0.63603000 0.17212351 0.63340682 0.17214055 0.63082864 0.17118124 0.62820546 0.17119829 0.62562728 0.17023898 0.62300344 0.17025603 0.62042526 0.16929647 0.61780208 0.16931351 0.61522324 0.16835420 0.61260006 0.16837125 0.61002188 0.16741194 0.60739870 0.16742898 0.60482052 0.16646942 0.60219667 0.16547603 0.60473050 0.16157037 0.60455049 0.15965176 0.59930346 0.15968585 0.59414645 0.15872629 0.59152326 0.15874333 0.58894508 0.15778402 0.58632190 0.15877742 0.58378873 0.16268332 0.58396876 0.16270037 0.58138992 0.16174081 0.57876673 0.16175785 0.57618855 0.16079855 0.57356471 0.16081559 0.57098654 0.15985628 0.56836335 0.15987332 0.56578518 0.15891376 0.56316198 0.15893081 0.56058315 0.15797150 0.55795997 0.15798854 0.55538179 0.15702924 0.55275795 0.15704628 0.55017977 0.15608697 0.54755659 0.15610401 0.54497842 0.15514470 0.54235524 0.15516175 0.53977640 0.15420219 0.53715321 0.15421923 0.53457503 0.15325993 0.53195119 0.15327697 0.52937301 0.15231766 0.52674983 0.15233471 0.52417165 0.15137515 0.52154846 0.15139219 0.51896962 0.15043288 0.51634644 0.15044993 0.51376827 0.14361497 0.51345323 0.14265566 0.51082939 0.14267270 0.50825121 0.14171340 0.50562803 0.14174748 0.50047168 0.14078818 0.49784784 0.14082226 0.49269148 0.14181566 0.49015765 0.14474496 0.49029266 0.14476200 0.48771448 0.14380245 0.48509129 0.14381949 0.48251312 0.14286018 0.47988994 0.14287722 0.47731110 0.14191792 0.47468792 0.14193496 0.47210974 0.14097565 0.46948590 0.14099270 0.46690772 0.14003339 0.46428454 0.14005043 0.46170637 0.13909087 0.45908318 0.13420886 0.45885815 0.13419182 0.46143633 0.13319843 0.46396950 0.13026912 0.46383449 0.13025208 0.46641267 0.12925869 0.46894584 0.12535303 0.46876582
0 0.17346994 0.42971759 0.17345289 0.43229643 0.17146611 0.43736278 0.17050655 0.43473958 0.16367184 0.43442456 0.16363775 0.43958157 0.16459706 0.44220475 0.16458002 0.44478293 0.16358662 0.44731610 0.15382236 0.44686605 0.15380532 0.44944423 0.15281192 0.45197806 0.14890626 0.45179804 0.14888922 0.45437622 0.14984853 0.45699940 0.14983148 0.45957824 0.15079079 0.46220142 0.15077375 0.46477959 0.15173306 0.46740277 0.15171602 0.46998095 0.15267557 0.47260480 0.15265853 0.47518298 0.15361784 0.47780616 0.15360079 0.48038500 0.15551966 0.48563137 0.16137802 0.48590139 0.16233733 0.48852457 0.16230324 0.49368159 0.16326280 0.49630478 0.16324576 0.49888296 0.16420506 0.50150680 0.16418802 0.50408497 0.16319462 0.50661815 0.16221802 0.50657313 0.16122463 0.50910631 0.16024828 0.50906131 0.16023124 0.51163949 0.16119054 0.51426333 0.16117350 0.51684150 0.16213281 0.51946468 0.16211576 0.52204352 0.16307532 0.52466671 0.16305828 0.52724489 0.16401759 0.52986807 0.16400054 0.53244625 0.16495985 0.53507009 0.16494281 0.53764827 0.16590211 0.54027145 0.16588507 0.54285028 0.16684438 0.54547346 0.16682733 0.54805164 0.16778689 0.55067483 0.16776985 0.55325301 0.16872916 0.55587685 0.16871211 0.55845503 0.16967142 0.56107821 0.16965438 0.56365704 0.17061394 0.56628023 0.17059689 0.56885841 0.17155620 0.57148159 0.17153916 0.57405977 0.17249846 0.57668361 0.17248142 0.57926179 0.17834003 0.57953182 0.18025864 0.58477884 0.18024160 0.58735702 0.18120091 0.58998020 0.18116683 0.59513656 0.18212613 0.59776040 0.18113274 0.60029357 0.17722708 0.60011355 0.17818664 0.60273674 0.17816959 0.60531558 0.17912890 0.60793876 0.17911186 0.61051694 0.18007117 0.61314012 0.18005413 0.61571829 0.18101343 0.61834213 0.18099639 0.62092031 0.18195570 0.62354349 0.18193865 0.62612233 0.18289821 0.62874552 0.18288117 0.63132370 0.18384048 0.63394688 0.18382344 0.63652506 0.18478274 0.63914890 0.18476570 0.64172707 0.18572526 0.64435027 0.18570821 0.64692910 0.18666752 0.64955228 0.18665048 0.65213046 0.18760979 0.65475364 0.18759274 0.65733182 0.18855205 0.65995566 0.18853501 0.66253384 0.18949431 0.66515702 0.18947727 0.66773585 0.19043683 0.67035905 0.19531883 0.67058407 0.19819701 0.67845362 0.19817996 0.68103246 0.19913927 0.68365564 0.19912223 0.68623381 0.20008154 0.68885765 0.19908814 0.69139083 0.19518249 0.69121081 0.19516544 0.69378899 0.19612475 0.69641217 0.19610771 0.69899034 0.19706702 0.70161418 0.19704997 0.70419236 0.19800953 0.70681555 0.19799249 0.70939439 0.19895180 0.71201757 0.19893475 0.71459575 0.19989406 0.71721893 0.19987702 0.71979711 0.20083657 0.72242096 0.20081953 0.72499913 0.20177884 0.72762231 0.20176179 0.73020115 0.20272110 0.73282433 0.20270406 0.73540251 0.20366337 0.73802569 0.20854563 0.73825072 0.20953902 0.73571755 0.20955606 0.73313937 0.21054945 0.73060619 0.21347876 0.73074121 0.21349581 0.72816238 0.21448920 0.72562920 0.22327686 0.72603424 0.22329390 0.72345607 0.22428755 0.72092224 0.23405156 0.72137229 0.23406861 0.71879411 0.23605539 0.71372776 0.23898470 0.71386278 0.23900174 0.71128460 0.23999539 0.70875078 0.24878305 0.70915582 0.24951591 0.59828692 0.24855660 0.59566374 0.24859069 0.59050739 0.24763113 0.58788420 0.24764818 0.58530536 0.24668887 0.58268218 0.24670591 0.58010400 0.24769931 0.57757017 0.24965226 0.57766018 0.24973748 0.56476863 0.24877817 0.56214545 0.24879521 0.55956728 0.24783565 0.55694343 0.24785270 0.55436525 0.24689339 0.55174207 0.24691043 0.54916389 0.24595112 0.54654071 0.24596817 0.54396187 0.24500861 0.54133868 0.24502565 0.53876050 0.24406635 0.53613667 0.24408339 0.53355849 0.24312408 0.53093531 0.24314112 0.52835713 0.24122251 0.52311011 0.24123955 0.52053193 0.24027999 0.51790874 0.24029704 0.51532990 0.23933773 0.51270672 0.23935477 0.51012855 0.23839546 0.50750537 0.23253686 0.50723533 0.23061824 0.50198831 0.23063528 0.49941013 0.22967573 0.49678694 0.22969277 0.49420810 0.22873346 0.49158492 0.22876755 0.48642857 0.22780824 0.48380539 0.22782529 0.48122655 0.22686598 0.47860337 0.22688302 0.47602519 0.22200076 0.47580016 0.22008215 0.47055314 0.22009919 0.46797496 0.21913988 0.46535178 0.21915692 0.46277360 0.21232196 0.46245856 0.21136266 0.45983472 0.21141379 0.45209953 0.20750814 0.45191951 0.20654858 0.44929632 0.20658266 0.44413996 0.19877135 0.44377992 0.19781204 0.44115674 0.19784613 0.43599973 0.19688682 0.43337655 0.19591047 0.43333154 0.19495117 0.43070771 0.19006891 0.43048267 0.18910960 0.42785949 0.18914369 0.42270314 0.18818438 0.42007996 0.18820142 0.41750112 0.18331917 0.41727609 0.18330212 0.41985492 0.18131533 0.42492127 0.17740968 0.42474125 0.17739264 0.42731943 0.17639924 0.42985261 0.17346994 0.42971759
0 0.08972481 0.33984375 0.09006066 0.34076216 0.09004362 0.34334051 0.09100317 0.34596390 0.09098613 0.34854221 0.09194544 0.35116552 0.09192840 0.35374389 0.09876335 0.35405893 0.09972266 0.35668231 0.09970562 0.35926062 0.10066493 0.36188393 0.10064788 0.36446231 0.10160744 0.36708570 0.10159040 0.36966401 0.10059675 0.37219730 0.09962040 0.37215230 0.09862701 0.37468567 0.09765040 0.37464066 0.09763336 0.37721904 0.09859292 0.37984236 0.09857588 0.38242067 0.09953518 0.38504404 0.09951814 0.38762242 0.10143701 0.39286905 0.10141996 0.39544743 0.10237927 0.39807081 0.10236223 0.40064912 0.10332154 0.40327243 0.10330449 0.40585048 0.10426380 0.40847432 0.10424676 0.41105249 0.10520607 0.41367567 0.11204102 0.41399071 0.11300033 0.41661455 0.11298329 0.41919273 0.11394285 0.42181592 0.11390876 0.42697228 0.11486807 0.42959612 0.11485102 0.43217429 0.11385763 0.43470747 0.11092833 0.43457245 0.11089424 0.43972947 0.12163485 0.44022453 0.12166894 0.43506751 0.12266233 0.43253433 0.12559164 0.43266935 0.12560868 0.43009118 0.12660208 0.42755734 0.13050773 0.42773736 0.13052478 0.42515918 0.13151817 0.42262601 0.13249477 0.42267102 0.13348816 0.42013785 0.13446452 0.42018285 0.13545791 0.41764967 0.14034017 0.41787471 0.14133356 0.41534087 0.14523922 0.41552089 0.14525626 0.41294271 0.14624965 0.41040954 0.15015531 0.41058956 0.15017236 0.40801072 0.15116575 0.40547768 0.15409505 0.40561270 0.15411210 0.40303439 0.15510549 0.40050108 0.16389340 0.40090613 0.16392749 0.39574938 0.16295089 0.39570437 0.16199158 0.39308106 0.16397862 0.38801439 0.16788402 0.38819440 0.16790107 0.38561602 0.16692472 0.38557102 0.16596541 0.38294771 0.16599949 0.37779102 0.16502314 0.37774602 0.16406383 0.37512264 0.16408088 0.37254433 0.15724592 0.37222930 0.15628661 0.36960598 0.15630365 0.36702761 0.15534410 0.36440422 0.15536114 0.36182591 0.15440183 0.35920260 0.15441888 0.35662422 0.15345957 0.35400084 0.15347661 0.35142254 0.15251705 0.34879921 0.15253410 0.34622084 0.15157479 0.34359749 0.15159183 0.34101915 0.12609086 0.33984375 0.08972481 0.33984375
0 0.04172712 0.33984375 0.04219940 0.34113526 0.04218236 0.34371363 0.04314167 0.34633695 0.04312462 0.34891526 0.04504349 0.35416202 0.04502645 0.35674033 0.04598576 0.35936364 0.04596871 0.36194202 0.05182732 0.36221206 0.05278663 0.36483543 0.05275254 0.36999205 0.05371185 0.37261543 0.05369481 0.37519381 0.05467141 0.37523882 0.05563071 0.37786213 0.05561367 0.38044044 0.05462028 0.38297382 0.05071437 0.38279378 0.05069733 0.38537216 0.05165689 0.38799548 0.05163984 0.39057379 0.05259915 0.39319717 0.05258211 0.39577554 0.05450097 0.40102218 0.05448393 0.40360022 0.05544324 0.40622406 0.05542619 0.40880224 0.05638550 0.41142542 0.05636846 0.41400426 0.05828707 0.41925062 0.05827003 0.42182880 0.05922959 0.42445199 0.05921254 0.42703083 0.06017185 0.42965401 0.06015481 0.43223218 0.06207367 0.43747922 0.06205663 0.44005739 0.06301594 0.44268057 0.06299890 0.44525875 0.06395820 0.44788259 0.06394116 0.45046077 0.06585978 0.45570779 0.06584273 0.45828596 0.06680229 0.46090916 0.06678525 0.46348733 0.06774456 0.46611051 0.06772751 0.46868935 0.06964638 0.47393572 0.06962933 0.47651456 0.08134605 0.47705461 0.08136310 0.47447577 0.08235674 0.47194261 0.08626239 0.47212263 0.08627944 0.46954445 0.08727283 0.46701062 0.09020214 0.46714564 0.09023622 0.46198928 0.09122962 0.45945610 0.09415892 0.45959112 0.09417596 0.45701295 0.09516936 0.45447911 0.09809866 0.45461413 0.09811571 0.45203595 0.09910910 0.44950278 0.10301476 0.44968280 0.10303180 0.44710396 0.10402519 0.44457078 0.10793085 0.44475080 0.10796493 0.43959445 0.10698858 0.43954945 0.10602927 0.43692627 0.10604632 0.43434743 0.10412745 0.42910106 0.10414450 0.42652222 0.10318519 0.42389904 0.10320223 0.42132086 0.10224292 0.41869768 0.10225997 0.41611951 0.10034110 0.41087247 0.10035814 0.40829430 0.09939884 0.40567046 0.09941588 0.40309241 0.09845657 0.40046910 0.09847362 0.39789079 0.09751406 0.39526740 0.09753110 0.39268902 0.09561249 0.38744240 0.09562953 0.38486403 0.09467022 0.38224065 0.09468727 0.37966234 0.09372796 0.37703903 0.09374500 0.37446065 0.09182613 0.36921395 0.09184318 0.36663564 0.09088387 0.36401226 0.09090091 0.36143389 0.08994136 0.35881056 0.08995840 0.35623225 0.08803978 0.35098550 0.08805683 0.34840719 0.08709752 0.34578388 0.08711456 0.34320550 0.08615525 0.34058216 0.08616013 0.33984375 0.04172712 0.33984375
0 0.00216284 0.33984375 0.00080304 0.54555713 0.00179649 0.54302396 0.01058421 0.54342900 0.01060126 0.54085083 0.01258817 0.53578448 0.01454100 0.53587449 0.01455804 0.53329565 0.01555151 0.53076248 0.01848074 0.53089749 0.01851483 0.52574048 0.01950830 0.52320731 0.02243753 0.52334232 0.02343100 0.52080915 0.02346508 0.51565279 0.02445853 0.51311896 0.03324619 0.51352400 0.03326323 0.51094583 0.03425662 0.50841265 0.04206793 0.50877269 0.04302749 0.51139589 0.04400385 0.51144089 0.04403793 0.50628387 0.04503133 0.50375070 0.04893698 0.50393072 0.04897107 0.49877436 0.04996446 0.49624119 0.05387037 0.49642122 0.05388741 0.49384238 0.05488081 0.49130921 0.05780986 0.49144421 0.05782690 0.48886603 0.05882055 0.48633221 0.06174985 0.48646723 0.06176690 0.48388905 0.06276029 0.48135588 0.06666595 0.48153590 0.06668299 0.47895772 0.06572343 0.47633453 0.06574048 0.47375569 0.06476412 0.47371069 0.06380481 0.47108751 0.06382186 0.46850933 0.06286255 0.46588549 0.06287960 0.46330731 0.06192029 0.46068413 0.06195437 0.45552778 0.06099482 0.45290393 0.06101186 0.45032575 0.06003551 0.45028075 0.05907620 0.44765757 0.05911029 0.44250055 0.05815073 0.43987736 0.05816777 0.43729918 0.05720846 0.43467600 0.05722551 0.43209717 0.05624916 0.43205216 0.05528985 0.42942898 0.05530689 0.42685081 0.05434758 0.42422697 0.05438167 0.41907061 0.05342211 0.41644742 0.05343915 0.41386924 0.05246280 0.41382424 0.05150350 0.41120040 0.05152054 0.40862222 0.05056098 0.40599903 0.05059507 0.40084215 0.04963576 0.39821883 0.04965280 0.39564053 0.04867645 0.39559552 0.04771714 0.39297215 0.04775123 0.38781546 0.04679192 0.38519215 0.04680897 0.38261377 0.04584941 0.37999038 0.04586645 0.37741207 0.04490714 0.37478876 0.04492419 0.37221039 0.04300532 0.36696369 0.04302236 0.36438538 0.04206306 0.36176200 0.04208010 0.35918362 0.04110375 0.35913862 0.04014444 0.35651531 0.04021261 0.34620194 0.03923626 0.34615694 0.03827671 0.34353361 0.03829375 0.34095524 0.03731740 0.34091024 0.03692740 0.33984375 0.00216284 0.33984375
0 0.49647658 0.55010699 0.49529490 0.60088050 0.55120779 0.60454261 0.55522707 0.59971167 0.55499323 0.55380318 0.49647658 0.55010699
0 0.56217121 0.41325073 0.43339822 0.40668136 0.42809978 0.41051885 0.42596368 0.50230174 0.55471395 0.50984752 0.55871050 0.50599299 0.56217121 0.41325073
