0 0.35609246 0.45086401 0.36073923 0.47337514 0.40655842 0.46498832 0.40423498 0.45373252 0.40583978 0.45149209 0.40390364 0.44211257 0.35609246 0.45086401
0 0.17109851 0.48922586 0.17159865 0.48852744 0.20546529 0.48232843 0.19849517 0.44856198 0.13873093 0.45950132 0.13635162 0.45798966 0.13795642 0.45574923 0.18775961 0.44663317 0.17807885 0.39973510 0.14620473 0.40556940 0.14299513 0.41005025 0.10713649 0.41661388 0.10553179 0.41885479 0.07365766 0.42468908 0.08217670 0.46595924 0.08416881 0.46559460 0.08654818 0.46710576 0.09111423 0.48922586 0.17109851 0.48922586
0 0.23761919 0.42777288 0.21172159 0.43251322 0.22024063 0.47378338 0.25809077 0.46685523 0.25770356 0.46497942 0.25930836 0.46273899 0.29516701 0.45617537 0.29677181 0.45393494 0.29439260 0.45242375 0.29599730 0.45018284 0.32986394 0.44398384 0.32328103 0.41209319 0.32128851 0.41245790 0.31890930 0.41094672 0.31039016 0.36967608 0.28648457 0.37405180 0.28410535 0.37254061 0.23230965 0.38202138 0.23070485 0.38426181 0.19484620 0.39082544 0.20297804 0.43021979 0.23684468 0.42402078 0.23922399 0.42553245 0.23761919 0.42777288
0 0.33761278 0.41141657 0.34458300 0.44518350 0.41829178 0.43169172 0.40628758 0.37353785 0.40031157 0.37463171 0.39793235 0.37312052 0.38515375 0.31121504 0.38277392 0.30970347 0.37890166 0.29094443 0.38050687 0.28870343 0.37934525 0.28307601 0.37336872 0.28416996 0.37098900 0.28265887 0.36102847 0.28448206 0.35864915 0.28297040 0.34669661 0.28515821 0.34431689 0.28364712 0.33435635 0.28547031 0.34093926 0.31736095 0.33933456 0.31960186 0.31144445 0.32470691 0.32925704 0.41099933 0.33523357 0.40990538 0.33761278 0.41141657
0 0.41093909 0.32596307 0.41248801 0.33346678 0.40927852 0.33794811 0.41165773 0.33945930 0.41436837 0.35259091 0.41912679 0.35561328 0.41990121 0.35936490 0.41829651 0.36160581 0.41984543 0.36910952 0.42222465 0.37062070 0.42299906 0.37437232 0.42537888 0.37588389 0.43002566 0.39839502 0.43240487 0.39990621 0.43439687 0.39954159 0.43677660 0.40105268 0.43871283 0.41043268 0.44070483 0.41006806 0.44546326 0.41309043 0.44585046 0.41496624 0.44822968 0.41647743 0.44861698 0.41835371 0.46256204 0.41580119 0.45791526 0.39329006 0.45592326 0.39365468 0.45354404 0.39214349 0.45160781 0.38276350 0.44922860 0.38125231 0.44729247 0.37187279 0.44491265 0.37036122 0.44258931 0.35910589 0.44021010 0.35759471 0.43556332 0.33508358 0.43357132 0.33544820 0.43119159 0.33393710 0.42693202 0.31330178 0.42494002 0.31366640 0.42256071 0.31215474 0.41791403 0.28964409 0.41630923 0.29188451 0.41393002 0.29037333 0.40928314 0.26786172 0.38936156 0.27150820 0.39478285 0.29777142 0.39716206 0.29928261 0.40180884 0.32179374 0.40656787 0.32481650 0.40855988 0.32445188 0.41093909 0.32596307
0 0.54338684 0.37309879 0.55628326 0.37054629 0.55556698 0.36679420 0.55336656 0.36528303 0.55300847 0.36340722 0.55449270 0.36116678 0.56923149 0.35824963 0.56672465 0.34511802 0.56304000 0.34584730 0.56083954 0.34433614 0.54425838 0.34761793 0.54277415 0.34985838 0.53540475 0.35131695 0.53862777 0.36820018 0.54047012 0.36783553 0.54267056 0.36934670 0.54338684 0.37309879
0 0.59364371 0.33589675 0.58627432 0.33735532 0.58479018 0.33959575 0.58514828 0.34147156 0.58734860 0.34298275 0.58806488 0.34673484 0.59727650 0.34491165 0.59947683 0.34642283 0.59799269 0.34866326 0.58878106 0.35048646 0.58913925 0.35236274 0.60387804 0.34944560 0.60607836 0.35095678 0.60679455 0.35470840 0.62337604 0.35142654 0.62486017 0.34918611 0.63591403 0.34699830 0.63555593 0.34512249 0.63335561 0.34361130 0.63299743 0.34173502 0.63448156 0.33949459 0.64737812 0.33694206 0.64886226 0.33470163 0.65070496 0.33433692 0.64784003 0.31932950 0.64231287 0.32042345 0.64011198 0.31891188 0.63274306 0.32037036 0.63125854 0.32261136 0.61467752 0.32589313 0.61319339 0.32813356 0.59476967 0.33178004 0.59512776 0.33365584 0.59364371 0.33589675
0 0.58167041 0.30322377 0.57430111 0.30468233 0.57537549 0.31031023 0.58827195 0.30775772 0.58975608 0.30551729 0.59159831 0.30515267 0.59379911 0.30666377 0.59231450 0.30890429 0.59338887 0.31453219 0.60444320 0.31234428 0.60592725 0.31010337 0.62619320 0.30609227 0.62767733 0.30385185 0.62660305 0.29822443 0.62808757 0.29598343 0.63361426 0.29488956 0.63509840 0.29264914 0.64062556 0.29155518 0.63955119 0.28592728 0.63218180 0.28738586 0.62998147 0.28587467 0.61340045 0.28915643 0.61191632 0.29139686 0.59349260 0.29504334 0.59200846 0.29728377 0.58279684 0.29910696 0.58315502 0.30098325 0.58167041 0.30322377
0 0.58786655 0.24554014 0.58233939 0.24663409 0.58269748 0.24850990 0.58121287 0.25075042 0.57384395 0.25220890 0.57235934 0.25444942 0.57051711 0.25481404 0.56903307 0.25705495 0.55982121 0.25887819 0.56017930 0.26075399 0.57123339 0.25856613 0.57271753 0.25632571 0.58008692 0.25486713 0.58228725 0.25637832 0.58080311 0.25861875 0.57896088 0.25898337 0.58003525 0.26461127 0.59477404 0.26169412 0.59625817 0.25945370 0.61468189 0.25580722 0.61324943 0.24830351 0.61473348 0.24606260 0.62210287 0.24460403 0.62358701 0.24236360 0.62727194 0.24163427 0.62619766 0.23600684 0.62435496 0.23637156 0.62215454 0.23485989 0.61110069 0.23704770 0.61145887 0.23892399 0.60997426 0.24116451 0.59339325 0.24444628 0.59119292 0.24293509 0.58935069 0.24329971 0.58786655 0.24554014
0 0.55675344 0.21276201 0.54754172 0.21458522 0.54825791 0.21833683 0.55045842 0.21984848 0.55117460 0.22360010 0.55670167 0.22250616 0.55890209 0.22401733 0.55741786 0.22625777 0.55189079 0.22735171 0.55224898 0.22922800 0.56698767 0.22631087 0.56918846 0.22782196 0.56990474 0.23157406 0.58095860 0.22938624 0.58244264 0.22714534 0.59902413 0.22386348 0.59794976 0.21823558 0.59943390 0.21599515 0.60496059 0.21490129 0.60644520 0.21266077 0.61934128 0.21010833 0.61898319 0.20823253 0.61714096 0.20859715 0.61494063 0.20708596 0.61642468 0.20484505 0.61463412 0.19546554 0.60542250 0.19728873 0.60322217 0.19577754 0.59401055 0.19760074 0.59252594 0.19984125 0.57410269 0.20348764 0.57261808 0.20572816 0.55787930 0.20864531 0.55823739 0.21052112 0.55675344 0.21276201
0 0.56990855 0.16148776 0.56842451 0.16372867 0.56289734 0.16482262 0.56069693 0.16331095 0.54595814 0.16622810 0.54447400 0.16846903 0.54078926 0.16919832 0.54401228 0.18608155 0.55322381 0.18425837 0.55470842 0.18201785 0.55690874 0.18352904 0.55798311 0.18915694 0.57640683 0.18551046 0.57789097 0.18327004 0.59815645 0.17925903 0.59672389 0.17175484 0.59820850 0.16951432 0.61294729 0.16659717 0.61258919 0.16472136 0.60153487 0.16690927 0.59933455 0.16539808 0.60081868 0.16315766 0.61187301 0.16096975 0.60972426 0.14971395 0.60752347 0.14820285 0.60568124 0.14856747 0.60419710 0.15080790 0.58577385 0.15445428 0.58428924 0.15669481 0.57507762 0.15851800 0.57359348 0.16075843 0.56990855 0.16148776
0 0.17068180 0.72182334 0.17439039 0.71423479 0.16748606 0.64766987 0.06917975 0.68534024 0.07707816 0.75787860 0.17068180 0.72182334
0 0.64002003 0.48922586 0.65118578 0.55250449 0.74792406 0.49709697 0.74627369 0.48922586 0.64002003 0.48922586
0 0.76262742 0.64565258 0.72671130 0.54238429 0.65773431 0.58725792 0.69514695 0.68824909 0.76262742 0.64565258
0 0.51953125 0.88031311 0.52590065 0.91292737 0.57913642 0.98471697 0.59315307 0.97731653 0.54812731 0.70558099 0.53626690 0.71241182 0.51953125 0.78063360 0.51953125 0.88031311
