0 0.28770074 0.61979167 0.30473233 0.61524684 0.30747433 0.61701017 0.36673734 0.60119602 0.36947948 0.60295995 0.40679356 0.59300280 0.40460439 0.58360562 0.40625196 0.58067095 0.42161654 0.57657096 0.42435854 0.57833429 0.42654770 0.58773147 0.42928971 0.58949480 0.47318813 0.57778064 0.46935730 0.56133647 0.45838284 0.56426497 0.45564084 0.56250165 0.45509362 0.56015265 0.45674104 0.55721739 0.46771550 0.55428889 0.45950678 0.51905216 0.46115420 0.51611689 0.45294547 0.48088016 0.43099655 0.48673716 0.42825384 0.48497339 0.43044287 0.49436997 0.42879530 0.49730463 0.44028777 0.54663714 0.43864021 0.54957180 0.37937720 0.56538595 0.37663520 0.56362262 0.31956698 0.57885110 0.31682497 0.57708777 0.28170624 0.58645910 0.28553692 0.60290266 0.28388950 0.60583793 0.28714015 0.61979167 0.28770074 0.61979167
0 0.17155426 0.61979167 0.17250769 0.61809340 0.15773177 0.55466633 0.14675674 0.55759498 0.14401474 0.55583165 0.08255706 0.57223144 0.07981481 0.57046754 0.07542497 0.57163896 0.07268280 0.56987568 0.06830476 0.55108252 0.06995249 0.54814781 0.06776346 0.53875123 0.04800918 0.54402260 0.04526703 0.54225931 0.06332892 0.61979167 0.17155426 0.61979167
0 0.28014590 0.61979167 0.27566280 0.60054750 0.27731078 0.59761209 0.25760973 0.51304346 0.25925715 0.51010819 0.24721760 0.45842729 0.17698013 0.47716994 0.17423813 0.47540662 0.15228864 0.48126377 0.15064108 0.48419843 0.15884995 0.51943577 0.16982441 0.51650726 0.17256641 0.51827059 0.17311363 0.52061958 0.17146607 0.52355425 0.17420245 0.53530042 0.17255489 0.53823509 0.16377521 0.54057792 0.16212708 0.54351274 0.17963925 0.61868539 0.17901817 0.61979167 0.23159832 0.61979167 0.24438121 0.61638060 0.24712321 0.61814392 0.24750706 0.61979167 0.28014590 0.61979167
0 1.00000000 0.33852946 0.57910156 0.47845181 0.57910156 0.61979167 0.94244234 0.61979167 0.96944925 0.61036491 1.00000000 0.59644661 1.00000000 0.33852946
0 0.36480050 0.91543826 0.36223060 0.91533385 0.31401825 0.92343836 0.31595572 0.93567920 0.30449172 0.94367843 0.31035560 0.95802510 0.31795115 0.95835124 0.34103509 0.95774631 0.43986684 0.94173663 0.43926840 0.93386128 0.42822765 0.92336572 0.37707834 0.92987552 0.36960059 0.92689775 0.36480050 0.91543826
0 0.28683023 0.71678413 0.27482162 0.71585780 0.26938538 0.71217354 0.26339174 0.69784812 0.24850665 0.69567631 0.23860206 0.68801221 0.23188433 0.68873997 0.26145660 0.76857506 0.27068836 0.78543173 0.28089164 0.78709396 0.30332415 0.79705187 0.33407546 0.79208070 0.33849684 0.78504635 0.33574641 0.76559806 0.32098148 0.72668731 0.30435102 0.72608639 0.28683023 0.71678413
0 0.99096028 0.75994144 0.99056256 0.75850046 0.98737176 0.75921911 0.98776949 0.76066009 0.99096028 0.75994144
0 0.98617848 0.75489580 0.98498101 0.75669605 0.98976700 0.75561813 0.98936927 0.75417715 0.98617848 0.75489580
0 0.98538762 0.74589018 0.98418974 0.74769053 0.98738054 0.74697188 0.98618726 0.74264857 0.98299646 0.74336722 0.98339419 0.74480820 0.98538762 0.74589018
0 0.98418974 0.74769053 0.98099935 0.74840908 0.98179491 0.75129141 0.98059703 0.75309176 0.98857382 0.75129519 0.98817609 0.74985421 0.98498530 0.75057286 0.98299227 0.74949078 0.98418974 0.74769053
0 0.94672411 0.72245447 0.94632628 0.72101312 0.94313548 0.72173176 0.94353331 0.72317311 0.94672411 0.72245447
0 0.95510240 0.71597541 0.95470457 0.71453406 0.94672819 0.71633053 0.94712602 0.71777188 0.95510240 0.71597541
0 0.97105976 0.70625880 0.96906684 0.70517709 0.96268565 0.70661429 0.96308338 0.70805527 0.97105976 0.70625880
0 0.92320943 0.70479061 0.92001905 0.70550916 0.92041677 0.70695014 0.92240969 0.70803185 0.92280742 0.70947283 0.92599781 0.70875427 0.92400489 0.70767257 0.92320943 0.70479061
0 0.93437243 0.70839906 0.93397460 0.70695771 0.93198127 0.70587610 0.93158354 0.70443511 0.92959062 0.70335341 0.92919290 0.70191243 0.92600210 0.70263108 0.92639983 0.70407206 0.92839315 0.70515367 0.92879088 0.70659465 0.93078380 0.70767635 0.93118163 0.70911770 0.93437243 0.70839906
0 0.96190725 0.67923761 0.96111169 0.67635528 0.95792090 0.67707392 0.95871645 0.67995625 0.96190725 0.67923761
0 0.92480882 0.69830777 0.92361135 0.70010802 0.92839734 0.69903010 0.92640442 0.69794840 0.92481341 0.69218411 0.92282008 0.69110250 0.92122897 0.68533784 0.91803858 0.68605639 0.91843641 0.68749774 0.92042933 0.68857945 0.91923186 0.69037970 0.92122488 0.69146177 0.92281579 0.69722570 0.92480882 0.69830777
0 0.91284649 0.69794047 0.91483941 0.69902217 0.91523724 0.70046352 0.91723016 0.70154522 0.91762789 0.70298620 0.92081869 0.70226756 0.92042096 0.70082658 0.91842804 0.69974487 0.91803021 0.69830352 0.91603688 0.69722191 0.91563915 0.69578093 0.91364623 0.69469923 0.91484370 0.69289897 0.91285067 0.69181690 0.91125967 0.68605261 0.90328329 0.68784909 0.90368101 0.68929007 0.90687140 0.68857151 0.90886442 0.68965359 0.90926215 0.69109457 0.91125548 0.69217618 0.91284649 0.69794047
0 0.91883832 0.68281516 0.91844060 0.68137418 0.91525021 0.68209273 0.91564793 0.68353371 0.91883832 0.68281516
0 0.93319170 0.68570505 0.93279398 0.68426407 0.93080095 0.68318200 0.92960777 0.67885906 0.92322659 0.68029625 0.92123367 0.67921455 0.92202912 0.68209651 0.92402204 0.68317821 0.92441977 0.68461919 0.92641279 0.68570127 0.92521532 0.68750152 0.93319170 0.68570505
0 0.92681930 0.67489502 0.92642157 0.67345404 0.92004038 0.67489124 0.92043811 0.67633222 0.92681930 0.67489502
0 0.95553862 0.66230411 0.95514089 0.66086313 0.94876012 0.66230023 0.94915784 0.66374121 0.95553862 0.66230411
0 0.91087491 0.66624084 0.91047718 0.66479986 0.90409599 0.66623706 0.90489145 0.66911902 0.90688447 0.67020109 0.90767992 0.67308305 0.91406111 0.67164585 0.91286783 0.66732254 0.91087491 0.66624084
0 0.87458071 0.67594574 0.87577818 0.67414548 0.87538045 0.67270450 0.86740407 0.67450098 0.86780179 0.67594196 0.86660433 0.67774221 0.86819533 0.68350650 0.86939280 0.68170625 0.87417879 0.68062832 0.87378107 0.67918734 0.87497854 0.67738709 0.87458071 0.67594574
0 0.86739529 0.68674820 0.87537208 0.68495163 0.87497425 0.68351028 0.87018826 0.68458821 0.86819533 0.68350650 0.86699746 0.68530685 0.86739529 0.68674820
0 0.88614571 0.67487196 0.88694117 0.67775392 0.88574370 0.67955418 0.87936210 0.68099147 0.87816464 0.68279173 0.89571300 0.67883941 0.89770603 0.67992148 0.89650856 0.68172174 0.88055539 0.68531478 0.88095311 0.68675576 0.88733471 0.68531847 0.88932773 0.68640054 0.88972546 0.68784152 0.89171838 0.68892323 0.89211611 0.69036421 0.89849729 0.68892701 0.89770184 0.68604505 0.89889931 0.68424479 0.90687569 0.68244832 0.90807346 0.68064760 0.91604984 0.67885112 0.91485656 0.67452781 0.90847538 0.67596501 0.90887321 0.67740636 0.90767574 0.67920662 0.90568241 0.67812501 0.90488685 0.67524268 0.89691047 0.67703915 0.89491755 0.67595745 0.89611502 0.67415719 0.90409140 0.67236072 0.90209848 0.67127901 0.90130292 0.66839669 0.89492174 0.66983388 0.89571729 0.67271621 0.89451982 0.67451647 0.89252690 0.67343477 0.89173135 0.67055244 0.88973802 0.66947083 0.88934019 0.66802948 0.88295941 0.66946658 0.88335724 0.67090793 0.88814282 0.66983010 0.89013574 0.67091181 0.88893828 0.67271206 0.88415269 0.67378989 0.88614571 0.67487196
0 0.96112885 0.65186092 0.96073112 0.65041994 0.95594513 0.65149786 0.95634285 0.65293884 0.96112885 0.65186092
0 0.87619765 0.64496845 0.87579992 0.64352746 0.86782313 0.64532403 0.86822086 0.64676501 0.87619765 0.64496845
0 0.93482999 0.62410983 0.93443226 0.62266885 0.92805107 0.62410605 0.92924435 0.62842936 0.93123727 0.62951107 0.93163500 0.63095205 0.93801619 0.62951485 0.93682291 0.62519154 0.93482999 0.62410983
0 0.90571671 0.62913629 0.90451925 0.63093655 0.91249604 0.62913998 0.91209831 0.62769900 0.90571671 0.62913629
0 0.90451925 0.63093655 0.89654286 0.63273303 0.89534540 0.63453328 0.90332178 0.63273681 0.90451925 0.63093655
0 0.91608415 0.62986241 0.92406053 0.62806594 0.92206761 0.62698423 0.92127206 0.62410190 0.91489087 0.62553910 0.91608415 0.62986241
0 0.93770231 0.61979167 0.93722523 0.62050886 0.93921825 0.62159093 0.93961598 0.62303191 0.94599716 0.62159471 0.94549950 0.61979167 0.93770231 0.61979167
0 0.87181776 0.63524022 0.87142005 0.63379931 0.86503886 0.63523651 0.86543657 0.63667742 0.87181776 0.63524022
0 0.70351625 0.67008470 0.70311850 0.66864365 0.68716533 0.67223669 0.68756308 0.67367774 0.70351625 0.67008470
0 0.66523332 0.67258433 0.66483557 0.67114327 0.64888281 0.67473622 0.64928055 0.67617728 0.66523332 0.67258433
0 0.86384980 0.62478974 0.86265236 0.62659011 0.85786678 0.62766794 0.85826452 0.62910900 0.86624091 0.62731252 0.86544540 0.62443037 0.86384980 0.62478974
0 0.71030356 0.65784142 0.70990581 0.65640037 0.66842830 0.66574212 0.66882605 0.66718317 0.71030356 0.65784142
0 0.66404005 0.66826109 0.66364231 0.66682004 0.62695079 0.67508386 0.62894373 0.67616564 0.66404005 0.66826109
0 0.86755378 0.61979167 0.86863579 0.62371182 0.87661217 0.62191535 0.87602601 0.61979167 0.86755378 0.61979167
0 0.70751511 0.65387750 0.70871255 0.65207713 0.66723504 0.66141888 0.66763280 0.66285997 0.70751511 0.65387750
0 0.66085804 0.65673251 0.66046029 0.65529146 0.62376877 0.66355528 0.62576171 0.66463706 0.66085804 0.65673251
0 0.71111204 0.64235282 0.71071428 0.64091172 0.66445078 0.65133139 0.66484854 0.65277248 0.71111204 0.64235282
0 0.65966479 0.65240932 0.65926703 0.65096822 0.62417071 0.65887277 0.62297327 0.66067314 0.65966479 0.65240932
0 0.71470477 0.63695166 0.71430702 0.63551060 0.69835426 0.63910355 0.69875201 0.64054461 0.71470477 0.63695166
0 0.65847154 0.64808612 0.65807378 0.64664502 0.62297745 0.65454957 0.62337521 0.65599066 0.65847154 0.64808612
0 0.82519220 0.61979167 0.82557146 0.62116571 0.82437402 0.62296608 0.80682565 0.62691840 0.80881441 0.63412374 0.80761696 0.63592407 0.80602177 0.63628335 0.80840829 0.64492982 0.81040123 0.64601160 0.81278780 0.65465822 0.81159033 0.65645847 0.79882796 0.65933287 0.80121442 0.66797912 0.80001664 0.66977984 0.79044507 0.67193559 0.79283153 0.68058184 0.81835627 0.67483305 0.81596981 0.66618680 0.81716718 0.66438617 0.82673916 0.66223033 0.82435270 0.65358408 0.82555017 0.65178382 0.83671735 0.64926870 0.83433078 0.64062208 0.83552823 0.63882175 0.84190942 0.63738455 0.83992065 0.63017917 0.83672986 0.63089782 0.83473690 0.62981600 0.83433916 0.62837495 0.83553660 0.62657462 0.84191779 0.62513742 0.84044230 0.61979167 0.82519220 0.61979167
0 0.76371087 0.61979167 0.75937726 0.62076770 0.75817982 0.62256805 0.75020344 0.62436452 0.75060119 0.62580560 0.75857757 0.62400912 0.76057052 0.62509093 0.76096827 0.62653199 0.75977082 0.62833232 0.75019925 0.63048807 0.75099476 0.63337025 0.74979691 0.63517068 0.74780396 0.63408890 0.74740621 0.63264781 0.74262021 0.63372573 0.74301797 0.63516682 0.74501091 0.63624860 0.74381347 0.63804893 0.74221827 0.63840821 0.74261603 0.63984930 0.74141859 0.64164966 0.74181634 0.64309072 0.74979272 0.64129424 0.75178566 0.64237602 0.75058822 0.64417639 0.74261184 0.64597286 0.74420285 0.65173715 0.74300541 0.65353752 0.73662382 0.65497481 0.73861257 0.66218015 0.75456575 0.65858711 0.75377024 0.65570496 0.75496768 0.65390460 0.76294406 0.65210812 0.76135305 0.64634383 0.76255091 0.64454341 0.76574130 0.64382486 0.76534355 0.64238380 0.76215316 0.64310236 0.76015980 0.64202063 0.76135765 0.64022018 0.76933403 0.63842370 0.76893628 0.63698265 0.77013373 0.63518232 0.76814496 0.62797694 0.76615201 0.62689512 0.76734946 0.62509479 0.76894465 0.62473551 0.76695171 0.62365374 0.76588574 0.61979167 0.76371087 0.61979167
0 0.71829750 0.63155052 0.71789975 0.63010945 0.69716100 0.63478032 0.69755875 0.63622139 0.71829750 0.63155052
0 0.69277276 0.63729931 0.66246202 0.64412603 0.66365527 0.64844925 0.69556121 0.64126325 0.69397020 0.63549896 0.69277276 0.63729931
0 0.59944147 0.66750375 0.59665720 0.65741622 0.59027602 0.65885342 0.59306029 0.66894095 0.59944147 0.66750375
0 0.59185824 0.67686493 0.58708522 0.65957207 0.58070403 0.66100926 0.58547706 0.67830213 0.59185824 0.67686493
