0 0.30575600 0.61914062 0.30644390 0.61241358 0.30823031 0.61040331 0.30920739 0.60084834 0.31099381 0.59883807 0.31172663 0.59167169 0.30864231 0.59091506 0.30734441 0.58814815 0.30783298 0.58337036 0.30961939 0.58136009 0.31059647 0.57180512 0.31238288 0.56979485 0.31311571 0.56262847 0.31490212 0.56061820 0.31514644 0.55822899 0.31693285 0.55621872 0.31839844 0.54188657 0.32018531 0.53987579 0.32091807 0.53271002 0.31783336 0.53195329 0.31653545 0.52918638 0.31677977 0.52679718 0.31856618 0.52478691 0.31978752 0.51284335 0.32157393 0.51083308 0.32279533 0.49888891 0.32458213 0.49687873 0.31532839 0.49460865 0.31403048 0.49184174 0.31427474 0.48945315 0.30656354 0.48756148 0.30526570 0.48479396 0.29446979 0.48214556 0.29317189 0.47937866 0.29341614 0.47699007 0.28570455 0.47509830 0.28440671 0.47233078 0.28286455 0.47195247 0.28156665 0.46918556 0.27539722 0.46767211 0.27409931 0.46490520 0.27434357 0.46251661 0.26509021 0.46024663 0.26379191 0.45747962 0.26557878 0.45546883 0.20543061 0.44071356 0.20494204 0.44549136 0.20315563 0.44750163 0.20193430 0.45944519 0.20014742 0.46145597 0.19917041 0.47101033 0.19738393 0.47302122 0.19640685 0.48257619 0.19462044 0.48458646 0.19339911 0.49653002 0.19161263 0.49854090 0.19063561 0.50809526 0.18884914 0.51010614 0.18762780 0.52204970 0.18584099 0.52405988 0.18486392 0.53361485 0.18307744 0.53562573 0.18210042 0.54518009 0.18031395 0.54719097 0.17909261 0.55913453 0.17730581 0.56114471 0.17632873 0.57069968 0.17454225 0.57271056 0.17332092 0.58465412 0.17153450 0.58666440 0.17055743 0.59621937 0.16877101 0.59822964 0.16779393 0.60778461 0.16600746 0.60979549 0.16576320 0.61218408 0.19412076 0.61914062 0.30575600 0.61914062
0 0.23338767 0.33738208 0.23241059 0.34693705 0.23062418 0.34894732 0.22964710 0.35850229 0.22786029 0.36051247 0.22712747 0.36767885 0.22534099 0.36968974 0.22436398 0.37924409 0.22257750 0.38125498 0.22160042 0.39080995 0.21981361 0.39282012 0.21883653 0.40237509 0.21705012 0.40438537 0.21680580 0.40677457 0.23531290 0.41131464 0.23790911 0.41684855 0.24562030 0.41874022 0.24691821 0.42150712 0.24667395 0.42389571 0.25592770 0.42616580 0.25722554 0.42893332 0.25673704 0.43371050 0.27678629 0.43862889 0.27808414 0.44139640 0.27783988 0.44378499 0.28555147 0.44567676 0.28684938 0.44844367 0.28660512 0.45083225 0.30665438 0.45575064 0.30925052 0.46128516 0.31696172 0.46317684 0.31825962 0.46594374 0.31801537 0.46833233 0.32881128 0.47098073 0.32978836 0.46142576 0.33157477 0.45941549 0.33255185 0.44986052 0.33433865 0.44785035 0.33531573 0.43829537 0.33710215 0.43628510 0.33807929 0.42672952 0.33986570 0.42471925 0.33856780 0.42195234 0.33702564 0.42157403 0.33572734 0.41880703 0.33646016 0.41164065 0.33824697 0.40963047 0.33946830 0.39768691 0.34125478 0.39567603 0.34223186 0.38612106 0.34401827 0.38411079 0.34426253 0.38172220 0.33963565 0.38058715 0.33833775 0.37782025 0.33858206 0.37543105 0.32932871 0.37316106 0.32803041 0.37039406 0.32827467 0.36800547 0.32056347 0.36611379 0.31926563 0.36334628 0.31950988 0.36095769 0.31025614 0.35868760 0.30895823 0.35592070 0.30920249 0.35353211 0.30149129 0.35164044 0.29889515 0.34610592 0.28038805 0.34156584 0.27909014 0.33879894 0.27957872 0.33402115 0.27186752 0.33212947 0.27056962 0.32936257 0.27081387 0.32697398 0.26001796 0.32432558 0.25872006 0.32155868 0.25896431 0.31917009 0.25125273 0.31727832 0.24995488 0.31451080 0.25019914 0.31212221 0.24094539 0.30985212 0.24070114 0.31224071 0.23891466 0.31425160 0.23793764 0.32380596 0.23615117 0.32581684 0.23517409 0.33537181 0.23338767 0.33738208
0 0.14434849 0.29595009 0.14337141 0.30550506 0.14158500 0.30751533 0.14060792 0.31707030 0.13882111 0.31908047 0.13784397 0.32863605 0.13605756 0.33064633 0.13508048 0.34020130 0.13329407 0.34221157 0.13231699 0.35176654 0.14002818 0.35365821 0.14132648 0.35642522 0.14108223 0.35881380 0.15958893 0.36335378 0.16218507 0.36888830 0.16194082 0.37127689 0.16965201 0.37316856 0.17094986 0.37593608 0.17070560 0.37832467 0.19075525 0.38324315 0.19205316 0.38601006 0.19180891 0.38839865 0.20260481 0.39104705 0.20309332 0.38626987 0.20487974 0.38425960 0.20585688 0.37470402 0.20764329 0.37269374 0.20862037 0.36313878 0.21040678 0.36112850 0.21138386 0.35157353 0.21317067 0.34956336 0.21390349 0.34239698 0.21568991 0.34038671 0.21666699 0.33083173 0.21845340 0.32882146 0.21943054 0.31926588 0.22121735 0.31725571 0.22219443 0.30770073 0.22398084 0.30569046 0.22471367 0.29852408 0.21545992 0.29625400 0.21416202 0.29348709 0.21440627 0.29109850 0.19744133 0.28693674 0.19614342 0.28416984 0.19638774 0.28178064 0.18559183 0.27913224 0.18299602 0.27359843 0.16448892 0.26905835 0.16319108 0.26629084 0.16343533 0.26390225 0.15263943 0.26125385 0.15190660 0.26842023 0.15012019 0.27043050 0.14889886 0.28237406 0.14711198 0.28438485 0.14613491 0.29393981 0.14434849 0.29595009
0 0.25874859 0.22851608 0.25777151 0.23807105 0.25598504 0.24008194 0.25500802 0.24963629 0.25322154 0.25164718 0.25224446 0.26120215 0.25045766 0.26321232 0.24948058 0.27276729 0.24769416 0.27477757 0.24671709 0.28433254 0.24493067 0.28634281 0.24395353 0.29589839 0.24216672 0.29790857 0.26375854 0.30320537 0.26505644 0.30597227 0.26327003 0.30798255 0.27252377 0.31025263 0.27382168 0.31301954 0.27357736 0.31540874 0.28283072 0.31767873 0.28412902 0.32044573 0.28388476 0.32283432 0.30239147 0.32737430 0.30368970 0.33014191 0.30344545 0.33253050 0.31269880 0.33480049 0.31399671 0.33756739 0.31375245 0.33995598 0.32146404 0.34184775 0.32276195 0.34461466 0.32227338 0.34939245 0.33306928 0.35204085 0.33331354 0.34965226 0.33510001 0.34764137 0.34589592 0.35028977 0.34662868 0.34312401 0.34841510 0.34111373 0.34939224 0.33155815 0.35117865 0.32954788 0.35239998 0.31760432 0.35418640 0.31559405 0.35110208 0.31483742 0.34980424 0.31206990 0.35078125 0.30251554 0.35256773 0.30050466 0.35354481 0.29094969 0.35533122 0.28893942 0.35630830 0.27938445 0.35809471 0.27737418 0.35907179 0.26781921 0.36085860 0.26580903 0.35931605 0.26543062 0.35801820 0.26266310 0.35826246 0.26027451 0.35672030 0.25989620 0.35542239 0.25712929 0.35566671 0.25474009 0.34641296 0.25247001 0.34511506 0.24970310 0.34535931 0.24731451 0.32685221 0.24277444 0.32555431 0.24000753 0.32579856 0.23761894 0.31808737 0.23572727 0.31678913 0.23295966 0.31703338 0.23057107 0.31394906 0.22981444 0.31265076 0.22704744 0.30802429 0.22591249 0.30672644 0.22314497 0.28667679 0.21822649 0.28537888 0.21545958 0.28586739 0.21068240 0.27815620 0.20879073 0.27685790 0.20602373 0.27710221 0.20363453 0.26630670 0.20098622 0.26606239 0.20337542 0.26427558 0.20538560 0.26329850 0.21494057 0.26151208 0.21695084 0.26053501 0.22650581 0.25874859 0.22851608
0 0.17174047 0.18268532 0.17076339 0.19224029 0.16897659 0.19425047 0.16799951 0.20380544 0.16621310 0.20581571 0.16548027 0.21298209 0.16369386 0.21499236 0.16271678 0.22454733 0.16092997 0.22655751 0.15995283 0.23611309 0.15816641 0.23812336 0.15767790 0.24290054 0.17772756 0.24781903 0.17902546 0.25058593 0.17878115 0.25297513 0.18649234 0.25486680 0.18779025 0.25763371 0.18754599 0.26002230 0.19679974 0.26229239 0.19809758 0.26505990 0.19785333 0.26744849 0.20402236 0.26896185 0.20532027 0.27172875 0.21765833 0.27475547 0.21895624 0.27752237 0.21871199 0.27991096 0.22796573 0.28218105 0.22975215 0.28017078 0.23072922 0.27061581 0.23251564 0.26860554 0.23349272 0.25905057 0.23527952 0.25704039 0.23625660 0.24748542 0.23804308 0.24547454 0.23877584 0.23830877 0.24056226 0.23629849 0.24153940 0.22674291 0.24332621 0.22473274 0.24430329 0.21517777 0.24608970 0.21316750 0.24706678 0.20361253 0.24885319 0.20160225 0.24983027 0.19204728 0.25161675 0.19003640 0.24390555 0.18814472 0.24130935 0.18261082 0.22434480 0.17844916 0.22304690 0.17568225 0.22329115 0.17329366 0.20941053 0.16988853 0.20811269 0.16712102 0.20835694 0.16473243 0.19601888 0.16170571 0.19472097 0.15893881 0.19496529 0.15654961 0.17954251 0.15276616 0.17905393 0.15754395 0.17726752 0.15955423 0.17629044 0.16910920 0.17450403 0.17111947 0.17352689 0.18067505 0.17174047 0.18268532
0 0.28565167 0.12002840 0.28467453 0.12958398 0.28288811 0.13159426 0.28191104 0.14114922 0.28012462 0.14315950 0.27914754 0.15271446 0.27736113 0.15472474 0.27662830 0.16189112 0.27484189 0.16390139 0.27386481 0.17345636 0.27207800 0.17546654 0.27134518 0.18263292 0.27905637 0.18452459 0.28035461 0.18729220 0.27986610 0.19206938 0.28911945 0.19433937 0.29041736 0.19710627 0.29017311 0.19949486 0.29788469 0.20138663 0.29918254 0.20415415 0.29893828 0.20654274 0.31898754 0.21146113 0.32028584 0.21422813 0.32004152 0.21661733 0.32775272 0.21850901 0.33034853 0.22404281 0.33010427 0.22643141 0.33935802 0.22870149 0.34065593 0.23146839 0.34041161 0.23385760 0.36046087 0.23877599 0.36094944 0.23399820 0.36273585 0.23198792 0.36371293 0.22243296 0.36549974 0.22042278 0.36647682 0.21086781 0.36493427 0.21048939 0.36363636 0.20772249 0.36485776 0.19577832 0.36664417 0.19376805 0.36762125 0.18421308 0.36940806 0.18220290 0.36965238 0.17981370 0.37143879 0.17780343 0.37314869 0.16108208 0.37006398 0.16032536 0.36876607 0.15755845 0.36974315 0.14800348 0.37152956 0.14599321 0.37226239 0.13882683 0.36455120 0.13693515 0.36325329 0.13416825 0.36374180 0.12939107 0.34369254 0.12447268 0.34239470 0.12170516 0.34263895 0.11931658 0.33646952 0.11780312 0.33387377 0.11226870 0.31382452 0.10735031 0.31252621 0.10458331 0.31277047 0.10219472 0.30505927 0.10030304 0.30376137 0.09753614 0.30400562 0.09514755 0.29320972 0.09249915 0.29296546 0.09488774 0.29117905 0.09689801 0.29020197 0.10645298 0.28841556 0.10846326 0.28743848 0.11801822 0.28565167 0.12002840
0 0.19839930 0.07658623 0.19661288 0.07859650 0.19563574 0.08815208 0.19384933 0.09016236 0.19287225 0.09971732 0.19108544 0.10172750 0.19010836 0.11128247 0.18832195 0.11329274 0.18734487 0.12284771 0.18555839 0.12485860 0.18482563 0.13202436 0.19099466 0.13353772 0.19229257 0.13630463 0.19846160 0.13781798 0.19975945 0.14058550 0.19951519 0.14297409 0.21185326 0.14600081 0.21315156 0.14876781 0.21290724 0.15115701 0.22370275 0.15380531 0.22500106 0.15657231 0.22475680 0.15896090 0.23246799 0.16085258 0.23376590 0.16361948 0.23352165 0.16600807 0.25511306 0.17130478 0.25560157 0.16652760 0.25738838 0.16451742 0.25812121 0.15735104 0.25990762 0.15534077 0.26088470 0.14578580 0.26267111 0.14377553 0.26364825 0.13421995 0.26543506 0.13220977 0.26616782 0.12504400 0.26795430 0.12303312 0.26893138 0.11347815 0.27071779 0.11146787 0.27169487 0.10191291 0.27348129 0.09990263 0.27421411 0.09273625 0.27600052 0.09072598 0.27722192 0.07878181 0.26796857 0.07651182 0.26667065 0.07374504 0.26691492 0.07135633 0.25766117 0.06908624 0.25636328 0.06631921 0.25660755 0.06393044 0.23810045 0.05939037 0.23680256 0.05662328 0.23704683 0.05423457 0.22779308 0.05196448 0.22649519 0.04919746 0.22673946 0.04680868 0.20669020 0.04189029 0.20490337 0.04390065 0.20392630 0.05345562 0.20213987 0.05546602 0.20116279 0.06502098 0.19937638 0.06703126 0.19839930 0.07658623
0 0.29971424 0.05981318 0.29873716 0.06936815 0.29695073 0.07137855 0.29646219 0.07615609 0.29954651 0.07691272 0.30133294 0.07490227 0.30595981 0.07603731 0.30725770 0.07880440 0.30701343 0.08119311 0.30831172 0.08396023 0.31602291 0.08585191 0.31732083 0.08861869 0.31707652 0.09100789 0.32324555 0.09252125 0.32503202 0.09051036 0.32632987 0.09327788 0.32584136 0.09805506 0.34589101 0.10297354 0.34718886 0.10574106 0.34694460 0.10812965 0.35619835 0.11039973 0.35749626 0.11316664 0.35725200 0.11555523 0.37730126 0.12047362 0.37778977 0.11569644 0.37957618 0.11368617 0.38055332 0.10413059 0.38234012 0.10212053 0.38331720 0.09256556 0.38023249 0.09180883 0.37893459 0.08904181 0.37966740 0.08187555 0.38145383 0.07986515 0.38218664 0.07269890 0.38397307 0.07068850 0.38495015 0.06113353 0.38673697 0.05912323 0.38771405 0.04956827 0.38950048 0.04755781 0.38998902 0.04278032 0.30824903 0.02272826 0.30727195 0.03228322 0.30548553 0.03429362 0.30450845 0.04384859 0.30272202 0.04585904 0.30150067 0.05780279 0.29971424 0.05981318
0 0.22122670 0.02341830 0.22073815 0.02819584 0.22536503 0.02933089 0.22715146 0.02732043 0.23023578 0.02807706 0.23153367 0.03084415 0.23104513 0.03562157 0.24029888 0.03789166 0.24159677 0.04065874 0.24135249 0.04304752 0.25985959 0.04758759 0.26115788 0.05035472 0.26091361 0.05274343 0.27016697 0.05501342 0.27146485 0.05778051 0.27122058 0.06016928 0.28201649 0.06281768 0.28274930 0.05565142 0.28453573 0.05364103 0.28551280 0.04408606 0.28729963 0.04207570 0.28827671 0.03252073 0.29006314 0.03051027 0.29128449 0.01856659 0.21571393 0.00002798 0.21522539 0.00480546 0.21343856 0.00681582 0.21246148 0.01637079 0.21067506 0.01838119 0.21992841 0.02065117 0.22122670 0.02341830
0 0.70751429 0.29800802 0.80004616 0.30812661 0.93170678 0.30974404 0.93590841 0.29492248 0.93031684 0.21054027 0.93189442 0.14565853 0.92864734 0.13895468 0.90678445 0.13376057 0.68347063 0.12618825 0.67947269 0.13908073 0.68959740 0.23047232 0.69012063 0.28794328 0.70751429 0.29800802
0 0.75602789 0.78979995 0.76702382 0.78895005 0.79016148 0.78883159 0.78876129 0.75741225 0.75573616 0.75702581 0.75213542 0.75910761 0.75602789 0.78979995
0 0.57833356 0.88141804 0.74291547 0.87009990 0.73732646 0.83386106 0.63559543 0.84025454 0.63145095 0.82908602 0.56824302 0.83544098 0.57833356 0.88141804
