0 0.44273110 0.60937500 0.44229263 0.60871477 0.44307688 0.60402665 0.44124515 0.60126927 0.44202950 0.59658056 0.42646142 0.59368710 0.42606919 0.59603176 0.42345321 0.59796250 0.40121358 0.59382908 0.40003721 0.60086125 0.40186883 0.60361923 0.40108458 0.60830735 0.40179363 0.60937500 0.44273110 0.60937500
0 0.52932174 0.60937500 0.53503973 0.57519379 0.53281588 0.57478047 0.52758326 0.57864244 0.51646345 0.57657573 0.51450272 0.58829662 0.51188675 0.59022736 0.47407846 0.58320038 0.46884641 0.58706245 0.45995044 0.58540907 0.45955831 0.58775312 0.45694234 0.58968386 0.44582195 0.58761705 0.44503760 0.59230576 0.44686933 0.59506314 0.44608498 0.59975186 0.44791727 0.60250934 0.44713302 0.60719746 0.44857956 0.60937500 0.52932174 0.60937500
0 0.51527588 0.50142500 0.50637991 0.49977161 0.50441919 0.51149250 0.50180311 0.51342384 0.45065115 0.50391683 0.45025903 0.50626089 0.44764305 0.50819163 0.43652323 0.50612492 0.43613111 0.50846897 0.43796283 0.51122635 0.43717848 0.51591507 0.43901021 0.51867245 0.43822586 0.52336116 0.44005758 0.52611854 0.43927333 0.53080666 0.44110553 0.53356474 0.43992905 0.54059752 0.44176078 0.54335489 0.44097653 0.54804301 0.44280825 0.55080039 0.44202391 0.55548910 0.44385620 0.55824659 0.44307185 0.56293530 0.44490357 0.56569268 0.44411932 0.57038080 0.47080723 0.57534096 0.47119935 0.57299691 0.47381533 0.57106617 0.48493515 0.57313288 0.48532727 0.57078882 0.48794325 0.56885808 0.49906363 0.57092490 0.49945586 0.56858024 0.50207183 0.56664950 0.51319165 0.56871621 0.51358378 0.56637215 0.51620042 0.56444092 0.52732024 0.56650763 0.52548795 0.56375015 0.52810449 0.56181952 0.53700046 0.56347290 0.54719630 0.50252380 0.54536468 0.49976582 0.54614893 0.49507770 0.54431673 0.49231962 0.54170066 0.49425096 0.53502854 0.49301089 0.52979659 0.49687236 0.51867620 0.49480555 0.51789185 0.49949426 0.51527588 0.50142500
0 0.49969717 0.41634875 0.49524890 0.41552200 0.49485677 0.41786606 0.49668907 0.42062354 0.49590482 0.42531166 0.49328817 0.42724289 0.48884047 0.42641625 0.48622450 0.42834699 0.45508833 0.42256007 0.45469620 0.42490413 0.45208012 0.42683547 0.44096031 0.42476876 0.44056818 0.42711282 0.43795164 0.42904345 0.42683182 0.42697674 0.42643970 0.42932080 0.42827199 0.43207828 0.42709552 0.43911106 0.42892714 0.44186903 0.42814289 0.44655715 0.42997462 0.44931453 0.42919027 0.45400324 0.43102199 0.45676062 0.43023764 0.46144934 0.43206937 0.46420672 0.43089299 0.47123889 0.43272519 0.47399698 0.43194094 0.47868509 0.43377256 0.48144307 0.43298831 0.48613119 0.43482004 0.48888856 0.43442791 0.49123262 0.44777215 0.49371276 0.45038812 0.49178202 0.46150794 0.49384873 0.46229219 0.48916061 0.46490817 0.48722988 0.47380471 0.48888337 0.47642078 0.48695203 0.48754060 0.48901874 0.49015657 0.48708801 0.49054870 0.48474395 0.49316534 0.48281272 0.50206074 0.48446600 0.50729326 0.48060463 0.52953346 0.48473815 0.53031771 0.48005004 0.53293379 0.47811870 0.54405361 0.48018541 0.54444573 0.47784135 0.54261401 0.47508397 0.54339836 0.47039526 0.54156606 0.46763777 0.54235031 0.46294966 0.54051869 0.46019168 0.54169516 0.45315890 0.53986344 0.45040153 0.54064769 0.44571341 0.53881596 0.44295603 0.53960031 0.43826732 0.53776859 0.43550994 0.53855294 0.43082122 0.53672064 0.42806374 0.53789712 0.42103096 0.53606539 0.41827359 0.53684974 0.41358487 0.52128165 0.41069141 0.52088943 0.41303607 0.51827345 0.41496681 0.50937748 0.41331342 0.50676151 0.41524416 0.50231324 0.41441741 0.49969717 0.41634875
0 0.54169013 0.41206756 0.54090579 0.41675628 0.54273751 0.41951365 0.54195316 0.42420237 0.54378488 0.42695975 0.54300064 0.43164786 0.54483236 0.43440524 0.54365589 0.44143802 0.54548751 0.44419599 0.54470326 0.44888411 0.54653555 0.45164160 0.54575121 0.45633031 0.54758293 0.45908769 0.54679858 0.46377640 0.54863031 0.46653378 0.54784606 0.47122190 0.54967835 0.47397938 0.55190220 0.47439270 0.56327452 0.40641082 0.55660240 0.40517076 0.55621018 0.40751542 0.55359420 0.40944615 0.54914593 0.40861940 0.54652996 0.41055014 0.53985784 0.40931008 0.54169013 0.41206756
0 0.00000000 0.55793373 0.07468432 0.57181442 0.07546867 0.56712571 0.06657213 0.56547221 0.06290868 0.55995745 0.06526163 0.54589191 0.06787760 0.54396117 0.07899799 0.54602798 0.08488026 0.51086472 0.07375988 0.50879790 0.07192815 0.50604052 0.07506535 0.48728686 0.07768132 0.48535612 0.08880171 0.48742294 0.09546833 0.44757095 0.08434795 0.44550414 0.08251622 0.44274676 0.08447694 0.43102587 0.08264522 0.42826849 0.08303744 0.42592383 0.08565342 0.42399310 0.09899765 0.42647323 0.10174273 0.41006363 0.10435870 0.40813289 0.10658255 0.40854621 0.10841428 0.41130359 0.09704186 0.47928607 0.09887358 0.48204345 0.08357972 0.57346770 0.21257154 0.59744189 0.25374725 0.35130021 0.25191562 0.34854223 0.24524350 0.34730216 0.24485128 0.34964682 0.24223530 0.35157756 0.23111492 0.34951074 0.23072279 0.35185480 0.22810682 0.35378554 0.22365912 0.35295890 0.22326699 0.35530295 0.22065092 0.35723429 0.20730668 0.35475416 0.20691456 0.35709821 0.20429858 0.35902895 0.18428279 0.35530886 0.18389057 0.35765351 0.18127403 0.35958414 0.17237806 0.35793076 0.16714611 0.36179223 0.16269784 0.36096548 0.16112924 0.37034232 0.15851317 0.37227365 0.12070544 0.36524678 0.12031332 0.36759083 0.11769677 0.36952146 0.11102522 0.36828150 0.11063310 0.37062556 0.10801713 0.37255630 0.09244904 0.36966284 0.09205681 0.37200750 0.08944084 0.37393824 0.07609660 0.37145810 0.07570448 0.37380216 0.07308840 0.37573350 0.05529647 0.37242672 0.05490434 0.37477078 0.05228837 0.37670152 0.04116809 0.37463472 0.04077597 0.37697878 0.03815988 0.37890950 0.02481593 0.37642941 0.02442370 0.37877407 0.02180756 0.38070478 0.01068762 0.37863805 0.01029550 0.38098210 0.00767931 0.38291342 0.00000000 0.38148616 0.00000000 0.55793373
0 0.29083532 0.60937500 0.30021513 0.55330402 0.29576686 0.55247727 0.29393524 0.54971929 0.30138611 0.50517919 0.29693784 0.50435244 0.29510611 0.50159507 0.30647843 0.43361318 0.30464671 0.43085581 0.30019901 0.43002917 0.29836681 0.42727108 0.30581759 0.38273158 0.30843413 0.38080095 0.30921848 0.37611223 0.30738619 0.37335475 0.30293848 0.37252811 0.30110629 0.36977002 0.30541987 0.34398419 0.28540408 0.34026409 0.28501195 0.34260815 0.28239598 0.34453889 0.26905174 0.34205875 0.26826739 0.34674746 0.26565142 0.34867820 0.26120372 0.34785156 0.25492932 0.38535889 0.26604914 0.38742560 0.26788086 0.39018297 0.26592014 0.40190386 0.26775233 0.40466195 0.26618373 0.41403878 0.26356719 0.41596941 0.25022352 0.41348938 0.24277265 0.45802948 0.25611632 0.46050951 0.25794861 0.46326700 0.25441929 0.48436472 0.25180265 0.48629595 0.23845898 0.48381592 0.23218458 0.52132324 0.23440843 0.52173657 0.23702450 0.51980523 0.24592047 0.52145862 0.24775267 0.52421670 0.24422334 0.54531442 0.24160680 0.54724506 0.22826313 0.54476502 0.22316521 0.57523958 0.23650888 0.57771961 0.23834107 0.58047769 0.23481175 0.60157541 0.27677701 0.60937500 0.29083532 0.60937500
0 0.43166112 0.34327592 0.42904505 0.34520726 0.41792523 0.34314055 0.41714098 0.34782867 0.41897271 0.35058605 0.41818835 0.35527476 0.42002008 0.35803214 0.41884360 0.36506492 0.42067590 0.36782240 0.41989165 0.37251052 0.42172327 0.37526849 0.42093903 0.37995661 0.42277065 0.38271459 0.42198640 0.38740270 0.42381812 0.39016008 0.42264165 0.39719286 0.42447338 0.39995023 0.42368903 0.40463895 0.42552132 0.40739643 0.42512920 0.40974049 0.43624901 0.41180720 0.44148096 0.40794573 0.46372117 0.41207925 0.46633714 0.41014852 0.46856156 0.41056194 0.47117764 0.40863060 0.47784919 0.40987057 0.48308170 0.40600920 0.49197767 0.40766258 0.49720972 0.40380051 0.50610626 0.40545401 0.50649839 0.40310995 0.50911436 0.40117921 0.52023418 0.40324592 0.52062630 0.40090186 0.52324238 0.39897052 0.53436220 0.40103723 0.53475432 0.39869317 0.53292260 0.39593580 0.53370695 0.39124708 0.53187522 0.38848970 0.53305170 0.38145693 0.53121997 0.37869955 0.53200432 0.37401083 0.53017259 0.37125346 0.53095685 0.36656534 0.52912455 0.36380786 0.53030102 0.35677508 0.52846940 0.35401710 0.52925365 0.34932899 0.52742192 0.34657161 0.52781405 0.34422755 0.48555805 0.33637393 0.48738978 0.33913131 0.48621341 0.34616348 0.48804503 0.34892146 0.48542906 0.35085220 0.43205325 0.34093187 0.43166112 0.34327592
0 0.53239085 0.33057532 0.53199872 0.33291938 0.53383045 0.33567676 0.53265397 0.34270953 0.53448617 0.34546762 0.53370192 0.35015573 0.53553364 0.35291311 0.53435717 0.35994589 0.53618889 0.36270327 0.53540454 0.36739198 0.53723627 0.37014936 0.53605979 0.37718213 0.53789152 0.37993951 0.53710717 0.38462823 0.53893946 0.38738571 0.53776309 0.39441789 0.53959471 0.39717586 0.55293838 0.39965589 0.55333061 0.39731124 0.55594715 0.39538061 0.56484312 0.39703399 0.57621544 0.32905211 0.55842350 0.32574534 0.55803138 0.32808939 0.55541530 0.33002073 0.54651876 0.32836724 0.54612664 0.33071130 0.54351066 0.33264203 0.53239085 0.33057532
0 0.57812500 0.28589905 0.57660207 0.28561600 0.57620984 0.28796066 0.57359387 0.28989140 0.56247405 0.28782469 0.56208193 0.29016875 0.55946528 0.29209998 0.54612161 0.28961995 0.54572949 0.29196401 0.54311351 0.29389474 0.53199312 0.29182793 0.53160100 0.29417199 0.52898503 0.29610273 0.51564079 0.29362259 0.51524856 0.29596725 0.51263259 0.29789798 0.49928892 0.29541795 0.49889680 0.29776201 0.49628015 0.29969324 0.48516033 0.29762653 0.48319961 0.30934742 0.48058363 0.31127816 0.42498398 0.30094451 0.42341538 0.31032134 0.42079883 0.31225197 0.41766163 0.33100564 0.42433375 0.33224570 0.42695030 0.33031507 0.43584570 0.33196835 0.43846224 0.33003772 0.44513436 0.33127779 0.44552648 0.32893373 0.44814256 0.32700240 0.46148623 0.32948243 0.46187835 0.32713837 0.46449489 0.32520774 0.47561471 0.32727445 0.47600694 0.32492979 0.47862291 0.32299905 0.48974273 0.32506576 0.49497525 0.32120439 0.51054277 0.32409774 0.51315931 0.32216711 0.51760701 0.32299375 0.52022365 0.32106252 0.52467135 0.32188916 0.52728733 0.31995843 0.52951118 0.32037175 0.53212772 0.31844111 0.53657542 0.31926775 0.53919207 0.31733652 0.54363977 0.31816316 0.54625574 0.31623243 0.55070401 0.31705917 0.55331998 0.31512844 0.55776825 0.31595518 0.56038423 0.31402445 0.56483193 0.31485109 0.56744790 0.31292035 0.57189617 0.31374710 0.57451224 0.31181576 0.57812500 0.31248722 0.57812500 0.28589905
0 0.33261287 0.20884658 0.33222065 0.21119123 0.32960467 0.21312197 0.32070870 0.21146858 0.32031658 0.21381264 0.31770061 0.21574338 0.30658022 0.21367656 0.30134817 0.21753864 0.28800393 0.21505850 0.28761181 0.21740256 0.28499583 0.21933330 0.27387601 0.21726659 0.27348379 0.21961124 0.27086724 0.22154187 0.25974743 0.21947517 0.25451548 0.22333664 0.24117124 0.22085651 0.24077912 0.22320056 0.23816304 0.22513190 0.22704322 0.22306519 0.22665110 0.22540925 0.22403512 0.22733999 0.21069089 0.22485985 0.21029866 0.22720451 0.20768269 0.22913525 0.19656230 0.22706843 0.19133035 0.23092991 0.18021053 0.22886320 0.17981841 0.23120726 0.17720176 0.23313849 0.16608194 0.23107178 0.16568982 0.23341584 0.16307384 0.23534657 0.15640173 0.23410651 0.15378565 0.23603784 0.14711353 0.23479777 0.14449756 0.23672851 0.12892947 0.23383506 0.12853735 0.23617912 0.12592137 0.23810985 0.11924925 0.23686979 0.11663328 0.23880052 0.11218558 0.23797388 0.10695296 0.24183585 0.09805699 0.24018246 0.09544102 0.24211320 0.09321717 0.24169988 0.09060052 0.24363111 0.07948070 0.24156440 0.07908858 0.24390846 0.07647260 0.24583919 0.06312848 0.24335908 0.06273636 0.24570314 0.06012027 0.24763385 0.05122430 0.24598046 0.05083207 0.24832512 0.04821599 0.25025584 0.03487198 0.24777575 0.03447985 0.25011980 0.03186366 0.25205112 0.01629569 0.24915768 0.01590357 0.25150174 0.01328748 0.25343246 0.00439151 0.25177907 0.00007784 0.27756551 0.01119777 0.27963224 0.01381401 0.27770093 0.01603804 0.27811428 0.01865412 0.27618357 0.02755009 0.27783696 0.02794221 0.27549290 0.03055830 0.27356218 0.04612628 0.27645562 0.04651840 0.27411156 0.04913459 0.27218024 0.06692641 0.27548700 0.06731854 0.27314294 0.06993508 0.27121231 0.07438278 0.27203895 0.07477501 0.26969429 0.07739098 0.26776356 0.09740677 0.27148365 0.09779889 0.26913960 0.10041544 0.26720896 0.11375911 0.26968899 0.11415123 0.26734494 0.11676730 0.26541360 0.13678366 0.26913380 0.13495137 0.26637632 0.13534349 0.26403226 0.12644809 0.26237898 0.12383155 0.26430961 0.12199982 0.26155223 0.12239205 0.25920757 0.12500802 0.25727683 0.13612784 0.25934354 0.13730421 0.25231137 0.13992086 0.25038014 0.16216050 0.25451356 0.16477704 0.25258293 0.20036091 0.25919648 0.20075304 0.25685242 0.20336911 0.25492108 0.21226508 0.25657447 0.21488106 0.25464373 0.21527318 0.25229968 0.21788916 0.25036894 0.24235321 0.25491579 0.24758526 0.25105371 0.25870565 0.25312053 0.25988212 0.24608775 0.26249810 0.24415701 0.28696215 0.24870386 0.29219410 0.24484239 0.29441852 0.24525581 0.29703450 0.24332507 0.30593046 0.24497846 0.30632269 0.24263380 0.30449039 0.23987632 0.30710694 0.23794569 0.31377906 0.23918576 0.31561078 0.24194313 0.31521866 0.24428719 0.31966636 0.24511383 0.32489887 0.24125246 0.32934658 0.24207911 0.33196322 0.24014788 0.33641092 0.24097452 0.33680304 0.23863046 0.33941902 0.23669972 0.35276326 0.23917986 0.35315538 0.23683580 0.35577136 0.23490506 0.36911559 0.23738520 0.37068429 0.22800777 0.36885200 0.22525028 0.37198920 0.20649662 0.36309323 0.20484323 0.36270110 0.20718729 0.36008503 0.20911862 0.35118906 0.20746524 0.35079693 0.20980929 0.34818096 0.21174003 0.33261287 0.20884658
0 0.57812500 0.18438149 0.56416055 0.18178609 0.55892804 0.18564745 0.54558437 0.18316743 0.54035175 0.18702939 0.53145578 0.18537601 0.53106366 0.18772006 0.52844758 0.18965140 0.51287949 0.18675794 0.51248737 0.18910200 0.50987139 0.19103274 0.49652716 0.18855260 0.49613503 0.19089666 0.49351906 0.19282740 0.48462309 0.19117401 0.48423087 0.19351867 0.48161489 0.19544940 0.46827122 0.19296937 0.46787910 0.19531343 0.46526245 0.19724467 0.45191879 0.19476464 0.45152666 0.19710869 0.44891069 0.19903943 0.43779030 0.19697262 0.43700605 0.20166073 0.43438997 0.20359207 0.43255835 0.20083409 0.42366238 0.19918070 0.42104574 0.20111193 0.42065361 0.20345599 0.41803764 0.20538673 0.41136609 0.20414677 0.40953379 0.20138928 0.40730994 0.20097596 0.40338839 0.22441834 0.43007630 0.22937851 0.43046853 0.22703385 0.43308450 0.22510311 0.44420489 0.22716992 0.44682086 0.22523919 0.44760521 0.22055047 0.45022119 0.21861973 0.46134100 0.22068644 0.46290960 0.21130961 0.46552615 0.20937898 0.46591837 0.20703432 0.46853435 0.20510358 0.52191016 0.21502392 0.52308653 0.20799174 0.52570261 0.20606041 0.55683878 0.21184732 0.55723091 0.20950326 0.55984688 0.20757252 0.57096670 0.20963923 0.57135893 0.20729457 0.57397490 0.20536384 0.57812500 0.20613517 0.57812500 0.18438149
0 0.57812500 0.10220036 0.57749365 0.10208302 0.57487764 0.10401393 0.57042938 0.10318719 0.56781338 0.10511804 0.56114126 0.10387798 0.55852527 0.10580883 0.55407700 0.10498209 0.55146104 0.10691270 0.54701277 0.10608596 0.54439670 0.10801729 0.53994900 0.10719065 0.53733303 0.10912139 0.53066091 0.10788132 0.52804436 0.10981195 0.52359666 0.10898531 0.52098059 0.11091665 0.51653232 0.11008990 0.51391634 0.11202064 0.50946808 0.11119389 0.50685210 0.11312463 0.50018055 0.11188467 0.49756401 0.11381530 0.49311631 0.11298866 0.49049977 0.11491929 0.48605206 0.11409265 0.48343599 0.11602399 0.47898772 0.11519724 0.47637175 0.11712798 0.46969963 0.11588791 0.46708365 0.11781865 0.46263596 0.11699200 0.46001931 0.11892324 0.45557161 0.11809659 0.45295507 0.12002723 0.44628352 0.11878726 0.44366754 0.12071800 0.43921927 0.11989125 0.43660330 0.12182199 0.43215503 0.12099524 0.42953906 0.12292598 0.42286694 0.12168591 0.42025086 0.12361725 0.41580259 0.12279050 0.41318662 0.12472124 0.40873892 0.12389460 0.40612295 0.12582534 0.39945083 0.12458527 0.39683418 0.12651650 0.39238648 0.12568986 0.38977051 0.12762060 0.38532224 0.12679385 0.38270626 0.12872459 0.37825800 0.12789784 0.37564202 0.12982858 0.36897047 0.12858862 0.36635393 0.13051925 0.36190623 0.12969261 0.35928958 0.13162384 0.35484188 0.13079720 0.35222591 0.13272793 0.34555379 0.13148786 0.34293782 0.13341860 0.33848955 0.13259185 0.33587347 0.13452319 0.33142577 0.13369655 0.32880923 0.13562718 0.32213711 0.13438711 0.31952114 0.13631785 0.31507344 0.13549121 0.31245746 0.13742195 0.30800919 0.13659520 0.30539322 0.13852594 0.30094495 0.13769919 0.29832887 0.13963053 0.29165676 0.13839046 0.28904078 0.14032120 0.28459251 0.13949445 0.28197654 0.14142519 0.27752884 0.14059855 0.27491276 0.14252988 0.26824065 0.14128982 0.26562410 0.14322045 0.26117640 0.14239381 0.25856043 0.14432454 0.25411216 0.14349780 0.25149618 0.14542853 0.24704792 0.14460179 0.24443194 0.14653252 0.23776039 0.14529256 0.23514375 0.14722379 0.23069605 0.14639715 0.22807950 0.14832778 0.22363180 0.14750114 0.22101583 0.14943188 0.21656756 0.14860513 0.21395149 0.15053647 0.20727937 0.14929640 0.20466339 0.15122714 0.20021569 0.15040050 0.19759915 0.15233113 0.19315145 0.15150449 0.19053491 0.15343512 0.18608721 0.15260848 0.18347123 0.15453921 0.17902296 0.15371247 0.17640689 0.15564380 0.16973477 0.15440374 0.16711879 0.15633447 0.16267110 0.15550783 0.16005455 0.15743846 0.15560685 0.15661182 0.15299021 0.15854305 0.14854251 0.15771641 0.14592654 0.15964715 0.13925441 0.15840708 0.13663844 0.16033782 0.13219017 0.15951107 0.12957420 0.16144181 0.12512650 0.16061517 0.12250995 0.16254580 0.11806225 0.16171916 0.11544561 0.16365039 0.10877406 0.16241043 0.10615809 0.16434117 0.10170982 0.16351442 0.09909384 0.16544515 0.09464557 0.16461841 0.09202950 0.16654974 0.08758180 0.16572310 0.08496526 0.16765374 0.07829314 0.16641367 0.07567728 0.16834443 0.07122935 0.16751774 0.06861320 0.16944845 0.06416522 0.16862175 0.06154913 0.17055247 0.05710109 0.16972576 0.05448490 0.17165708 0.04781289 0.17041704 0.04519681 0.17234775 0.04074882 0.17152106 0.03813268 0.17345176 0.03146073 0.17221173 0.02884449 0.17414303 0.02439656 0.17331635 0.02178041 0.17524705 0.01733243 0.17442036 0.01145016 0.20958363 0.01589814 0.21041032 0.01851438 0.20847902 0.02296231 0.20930570 0.02557846 0.20737499 0.03225040 0.20861503 0.03486655 0.20668433 0.03931454 0.20751102 0.04193072 0.20557970 0.04637877 0.20640641 0.04899485 0.20447569 0.05344284 0.20530239 0.05605898 0.20337168 0.06273093 0.20461172 0.06534708 0.20268101 0.06979500 0.20350770 0.07241087 0.20157694 0.07685913 0.20240368 0.07947521 0.20047235 0.08392348 0.20129910 0.08653945 0.19936836 0.09321157 0.20060843 0.09582754 0.19867769 0.10027581 0.19950443 0.10289189 0.19757310 0.10733959 0.19839974 0.10995556 0.19646900 0.11440383 0.19729575 0.11701980 0.19536501 0.12369192 0.19660508 0.12630790 0.19467434 0.13075617 0.19550109 0.13337214 0.19357035 0.13782041 0.19439710 0.14043649 0.19246576 0.14488419 0.19329240 0.14750016 0.19136166 0.15417228 0.19260173 0.15678882 0.19067110 0.16123652 0.19149774 0.16385260 0.18956640 0.16830087 0.19039315 0.17091684 0.18846242 0.17536511 0.18928916 0.17798108 0.18735843 0.18465263 0.18859839 0.18726918 0.18666776 0.19171688 0.18749440 0.19433342 0.18556377 0.19878112 0.18639041 0.20139720 0.18445907 0.20584546 0.18528582 0.20846144 0.18335508 0.21513356 0.18459515 0.21774953 0.18266441 0.22219723 0.18349105 0.22481388 0.18155982 0.22926157 0.18238646 0.23187812 0.18045583 0.23632582 0.18128247 0.23894179 0.17935173 0.24339006 0.18017848 0.24600604 0.17824774 0.25267816 0.17948781 0.25529413 0.17755707 0.25974183 0.17838371 0.26235847 0.17645248 0.26680617 0.17727912 0.26942272 0.17534849 0.27387042 0.17617514 0.27648639 0.17424440 0.28315851 0.17548447 0.28577459 0.17355313 0.29022285 0.17437988 0.29283883 0.17244914 0.29728653 0.17327578 0.29990307 0.17134515 0.30435077 0.17217179 0.30696732 0.17024116 0.31141501 0.17106780 0.31403099 0.16913706 0.32070311 0.17037713 0.32331918 0.16844579 0.32776745 0.16927254 0.33038343 0.16734180 0.33483113 0.16816844 0.33744767 0.16623781 0.34189537 0.16706445 0.34451201 0.16513322 0.35118356 0.16637318 0.35379954 0.16444245 0.35824780 0.16526919 0.36086378 0.16333846 0.36531205 0.16416520 0.36792803 0.16223447 0.37237572 0.16306111 0.37499227 0.16113048 0.37943997 0.16195712 0.38205661 0.16002589 0.38872816 0.16126585 0.39134413 0.15933511 0.39579240 0.16016186 0.39840838 0.15823112 0.40285665 0.15905787 0.40547272 0.15712653 0.40992042 0.15795317 0.41253696 0.15602254 0.41920908 0.15726261 0.42182506 0.15533187 0.42627276 0.15615851 0.42888873 0.15422778 0.43333700 0.15505452 0.43595298 0.15312379 0.44040124 0.15395053 0.44301732 0.15201919 0.44746502 0.15284584 0.45008156 0.15091520 0.45675368 0.15215527 0.45936966 0.15022453 0.46381736 0.15105118 0.46643343 0.14911984 0.47088170 0.14994659 0.47349767 0.14801585 0.47794594 0.14884260 0.48056192 0.14691186 0.48723404 0.14815193 0.48985001 0.14622119 0.49429828 0.14704794 0.49691425 0.14511720 0.50136195 0.14594384 0.50397803 0.14401250 0.50842630 0.14483925 0.51104227 0.14290851 0.51771439 0.14414858 0.52033037 0.14221784 0.52477863 0.14304459 0.52739471 0.14111325 0.53184298 0.14194000 0.53445895 0.14000926 0.54113050 0.14124923 0.54374704 0.13931859 0.54819475 0.14014524 0.55081129 0.13821460 0.55525899 0.13904124 0.55787496 0.13711051 0.56232323 0.13793725 0.56493931 0.13600592 0.57161143 0.13724598 0.57422740 0.13531525 0.57812500 0.13603965 0.57812500 0.10220036
0 0.57812500 0.47597122 0.62045018 0.48432035 0.64534358 0.49517962 0.65756261 0.49397164 0.70190411 0.44629724 0.76671120 0.33624226 0.57812500 0.27815818 0.57812500 0.47597122
0 0.00000000 0.96702483 0.20812328 0.99182060 0.21439767 0.96777745 0.17658995 0.96327304 0.17475822 0.96150549 0.18064049 0.93896493 0.16729626 0.93737510 0.16546453 0.93560755 0.14100104 0.93269298 0.13916885 0.93092497 0.14544325 0.90688182 0.12542746 0.90449714 0.12359574 0.90272959 0.12477221 0.89822140 0.10475586 0.89583665 0.10292413 0.89406910 0.10919853 0.87002594 0.06916695 0.86525659 0.06733523 0.86348904 0.07360962 0.83944588 0.05581769 0.83732615 0.05398539 0.83555853 0.05516187 0.83105035 0.04626602 0.82999049 0.04443428 0.82822254 0.03331435 0.82689772 0.03148245 0.82513015 0.03501177 0.81160597 0.03762792 0.81036833 0.01983598 0.80824861 0.01617229 0.80471308 0.01734876 0.80020489 0.00000000 0.79813796 0.00000000 0.96702483
0 0.04651026 0.60937500 0.02046963 0.70916134 0.05605350 0.71340080 0.05788534 0.71516837 0.05435602 0.72869255 0.05618791 0.73046012 0.05540356 0.73346570 0.06874752 0.73505550 0.07057935 0.73682306 0.06901075 0.74283385 0.09125085 0.74548353 0.09308257 0.74725108 0.08837667 0.76528384 0.09020840 0.76705139 0.08942415 0.77005659 0.12500802 0.77429605 0.12684032 0.77606367 0.13128802 0.77659357 0.13311964 0.77836150 0.12645312 0.80390726 0.14202121 0.80576204 0.14385293 0.80752959 0.15719717 0.80911942 0.15902879 0.81088736 0.15824454 0.81389256 0.16007627 0.81566011 0.15733120 0.82617908 0.15916292 0.82794664 0.16138734 0.82821165 0.17787380 0.84412051 0.18009765 0.84438546 0.19658459 0.86029477 0.19880843 0.86055972 0.21529490 0.87646858 0.21751875 0.87673353 0.23400521 0.89264238 0.23622963 0.89290740 0.23806126 0.89467534 0.23766913 0.89617794 0.23950086 0.89794549 0.23675578 0.90846446 0.26566754 0.91190901 0.26828408 0.91067142 0.27011581 0.91243897 0.26658648 0.92596315 0.26397051 0.92720081 0.26580223 0.92896836 0.28359417 0.93108809 0.28542579 0.93285602 0.28385720 0.93886681 0.28568949 0.94063443 0.28255229 0.95265601 0.29589596 0.95424577 0.29772769 0.95601332 0.31107192 0.95760315 0.31290365 0.95937070 0.31512750 0.95963565 0.31695969 0.96140365 0.31343037 0.97492783 0.31526209 0.97669538 0.31369349 0.98270617 0.32926158 0.98456095 0.33109330 0.98632850 0.32952461 0.99233968 0.34509270 0.99419446 0.34692442 0.99596201 0.35359597 0.99675685 0.35542826 0.99852447 0.35504320 1.00000000 0.44676875 1.00000000 0.44870162 0.99259335 0.45131759 0.99135570 0.45576587 0.99188566 0.45838184 0.99064801 0.47172551 0.99223777 0.47368623 0.98472438 0.47630288 0.98348641 0.49187039 0.98534113 0.49539972 0.97181695 0.49801626 0.97057936 0.52025590 0.97322899 0.52456957 0.95669922 0.52718554 0.95546157 0.54052978 0.95705140 0.57812500 0.81298851 0.57812500 0.79205077 0.56417118 0.77858582 0.56194733 0.77832087 0.54362857 0.76064440 0.54140472 0.76037945 0.52308653 0.74270304 0.52086268 0.74243809 0.50254403 0.72476123 0.50032018 0.72449628 0.48200152 0.70681942 0.47977767 0.70655447 0.46145948 0.68887806 0.45923506 0.68861304 0.44091687 0.67093664 0.43869245 0.67067162 0.42037436 0.65299483 0.41815052 0.65272988 0.39983181 0.63505321 0.39760796 0.63478826 0.37928925 0.61711159 0.31435219 0.60937500 0.04651026 0.60937500
0 1.00000000 0.69038223 0.93987558 0.68056597 0.93796663 0.68180363 0.93596347 0.69232260 0.93730013 0.69409015 0.91497935 0.81130074 0.92471662 0.81289051 0.92662599 0.81165292 0.92824880 0.81191787 0.93015783 0.81067983 0.93178106 0.81094485 0.93311765 0.81271279 0.93636327 0.81324268 0.93693563 0.81023710 0.93884458 0.80899944 0.95182789 0.81111917 0.95373733 0.80988120 0.96185179 0.81120602 0.96757907 0.80749313 0.97407072 0.80855299 0.97435687 0.80705039 0.97626590 0.80581236 0.98600358 0.80740219 0.98628973 0.80589958 0.98819868 0.80466193 0.99631314 0.80598675 0.99659937 0.80448376 1.00000000 0.80227919 1.00000000 0.79884169 0.99449791 0.79794339 0.99316132 0.79617545 0.99516441 0.78565686 0.99707344 0.78441882 1.00000000 0.78489663 1.00000000 0.69038223
0 0.83706367 0.69321936 0.84193252 0.69401427 0.84326918 0.69578182 0.84126602 0.70630080 0.83935706 0.70753845 0.83124260 0.70621364 0.82637784 0.73175940 0.82962346 0.73228929 0.83096005 0.73405723 0.82409213 0.77012197 0.83707544 0.77224170 0.83974918 0.77577686 0.83803216 0.78479324 0.83612279 0.78603083 0.82800833 0.78470601 0.82772219 0.78620861 0.82581323 0.78744626 0.82714990 0.78921382 0.82543288 0.79823019 0.82352392 0.79946784 0.82180691 0.80848422 0.82314357 0.81025177 0.82171277 0.81776516 0.82495881 0.81829513 0.82629540 0.82006306 0.82572311 0.82306826 0.83546079 0.82465810 0.83574694 0.82315549 0.83765589 0.82191784 0.84577036 0.82324266 0.84767938 0.82200462 0.84796553 0.82050202 0.84987490 0.81926443 0.85149771 0.81952938 0.85283437 0.82129693 0.85770322 0.82209185 0.85827558 0.81908626 0.86018453 0.81784861 0.86992181 0.81943837 0.87020795 0.81793577 0.87211732 0.81669819 0.88023178 0.81802300 0.88214074 0.81678535 0.89025562 0.81811023 0.89407360 0.81563454 0.90218806 0.81695935 0.90276042 0.81395377 0.90466979 0.81271618 0.90791541 0.81324608 0.91077701 0.79821930 0.90915420 0.79795435 0.90781753 0.79618680 0.90132547 0.79512687 0.89998887 0.79335893 0.90199196 0.78284034 0.90390099 0.78160230 0.91363868 0.78319213 0.92022038 0.74863038 0.91048269 0.74704055 0.90914610 0.74527262 0.91114919 0.73475402 0.91305822 0.73351599 0.91630425 0.73404595 0.91821321 0.73280830 0.92308205 0.73360322 0.92823303 0.70655447 0.92011857 0.70522966 0.91878149 0.70346204 0.91963992 0.69895424 0.91830333 0.69718630 0.91916184 0.69267811 0.92107079 0.69144046 0.92918567 0.69276534 0.93109463 0.69152769 0.93338393 0.67950611 0.83276311 0.66307818 0.82818449 0.68712134 0.82952157 0.68888896 0.82894921 0.69189454 0.83028587 0.69366209 0.83515472 0.69445701 0.83706367 0.69321936
0 1.00000000 0.64080085 0.93118066 0.62956501 0.92345424 0.67013794 0.92479090 0.67190549 1.00000000 0.68418456 1.00000000 0.66601643 0.99963346 0.66553170 1.00000000 0.66360690 1.00000000 0.64080085
0 0.84020336 0.62400805 0.83829438 0.62524582 0.83667157 0.62498087 0.83476260 0.62621859 0.82875319 0.65777514 0.91639029 0.67208328 0.91696258 0.66907808 0.91887203 0.66784011 0.91944431 0.66483490 0.91810725 0.66306721 0.91953807 0.65555370 0.91304642 0.65449384 0.91037313 0.65095855 0.91209011 0.64194236 0.91399908 0.64070460 0.92211354 0.64202941 0.92468901 0.62850515 0.83056026 0.61313715 0.83027409 0.61463985 0.83676575 0.61569971 0.83810239 0.61746736 0.83972520 0.61773231 0.84106184 0.61949997 0.84020336 0.62400805
