0 0.06530722 0.46629059 0.05751307 0.46551924 0.05464220 0.46770823 0.05382300 0.47504712 0.04808053 0.47942566 0.03768888 0.47839725 0.03659671 0.48818159 0.04589605 0.49899560 0.04562300 0.50144168 0.04822150 0.50169884 0.05054628 0.50440202 0.05027324 0.50684811 0.04740237 0.50903710 0.04712925 0.51148381 0.04945404 0.51418699 0.05205187 0.51444409 0.05437732 0.51714733 0.05328508 0.52693230 0.06627488 0.52821784 0.06859967 0.53092102 0.06805351 0.53581381 0.08883747 0.53787070 0.08938362 0.53297790 0.09225449 0.53078891 0.11303845 0.53284579 0.11959189 0.47413598 0.11726711 0.47143280 0.12054383 0.44207789 0.08157375 0.43822122 0.08020846 0.45045227 0.07733759 0.45264126 0.07501281 0.44993808 0.06981649 0.44942383 0.06817809 0.46410160 0.06530722 0.46629059
0 0.19260128 0.43189604 0.18850536 0.46858983 0.18563449 0.47077882 0.18330904 0.46807557 0.18685880 0.43627458 0.15828070 0.43344635 0.15773461 0.43833852 0.15486374 0.44052751 0.12888413 0.43795644 0.11823477 0.53336004 0.13382240 0.53490267 0.13436849 0.53001050 0.13724002 0.52782158 0.13983785 0.52807867 0.14011096 0.52563196 0.14298183 0.52344297 0.17935408 0.52704255 0.18536137 0.47322553 0.18823232 0.47103591 0.19055703 0.47373972 0.18591502 0.51532568 0.20669898 0.51738256 0.20697202 0.51493648 0.20984296 0.51274686 0.23582324 0.51531800 0.23869411 0.51312900 0.23896715 0.51068292 0.24183809 0.50849330 0.24443658 0.50875046 0.25372059 0.42557854 0.22774032 0.42300740 0.22746728 0.42545349 0.22459641 0.42764248 0.20121396 0.42532844 0.20094085 0.42777515 0.19519910 0.43215313 0.19260128 0.43189604
0 0.27792157 0.42055363 0.25973545 0.41875384 0.25099752 0.49703359 0.28996760 0.50089027 0.29051369 0.49599809 0.29338463 0.49380848 0.29598245 0.49406557 0.29625550 0.49161949 0.29912637 0.48943049 0.31211684 0.49071610 0.31621276 0.45402231 0.31908363 0.45183331 0.32140842 0.45453649 0.31731249 0.49123028 0.34589060 0.49405851 0.34643668 0.48916634 0.34930762 0.48697672 0.36229743 0.48826226 0.36257047 0.48581617 0.36544201 0.48362725 0.37583398 0.48465569 0.38320663 0.41860699 0.32345259 0.41269344 0.32317955 0.41513952 0.32030868 0.41732852 0.28393643 0.41372894 0.28106549 0.41591856 0.28079244 0.41836464 0.27792157 0.42055363
0 0.41849413 0.47898449 0.42136500 0.47679550 0.43435481 0.47808103 0.43490096 0.47318824 0.43777250 0.47099931 0.45855645 0.47305619 0.45992173 0.46082514 0.45759635 0.45812127 0.46005388 0.43610524 0.45745605 0.43584815 0.45513127 0.43314497 0.45649655 0.42091392 0.45936749 0.41872430 0.39961346 0.41281074 0.39906730 0.41770354 0.39619643 0.41989253 0.38840228 0.41912118 0.38184884 0.47783100 0.41822109 0.48143057 0.41849413 0.47898449
0 0.16769002 0.27856165 0.16823611 0.27366948 0.17110705 0.27147986 0.19189100 0.27353675 0.19216405 0.27109066 0.17917424 0.26980512 0.17684879 0.26710188 0.17739495 0.26220908 0.16700364 0.26118071 0.16413210 0.26336963 0.16180731 0.26066645 0.16235340 0.25577428 0.13377530 0.25294605 0.13077169 0.27985424 0.13309640 0.28255805 0.14608687 0.28384365 0.14663303 0.27895085 0.14950390 0.27676186 0.16769002 0.27856165
0 0.08946926 0.22630207 0.08659839 0.22849106 0.06321607 0.22617703 0.06266999 0.23106920 0.05979898 0.23325818 0.04421102 0.23171552 0.04188604 0.22901232 0.04052068 0.24124400 0.03764968 0.24343298 0.03245369 0.24291876 0.03163456 0.25025702 0.02589242 0.25463559 0.02480018 0.26442056 0.02192917 0.26660954 0.01413516 0.26583821 0.01386211 0.26828429 0.12557603 0.27934005 0.13212947 0.22063024 0.10874769 0.21831627 0.10847458 0.22076298 0.10560305 0.22295190 0.09521107 0.22192346 0.09234020 0.22411245 0.08974237 0.22385536 0.08946926 0.22630207
0 0.33325888 0.18365037 0.33038800 0.18583937 0.30700622 0.18352539 0.30646007 0.18841819 0.30358920 0.19060718 0.29059873 0.18932157 0.29005264 0.19421375 0.28718177 0.19640274 0.28198612 0.19588855 0.27966133 0.19318537 0.26926869 0.19215686 0.26872253 0.19704966 0.26585166 0.19923865 0.26352688 0.19653547 0.24274292 0.19447859 0.23987205 0.19666758 0.23932590 0.20156038 0.23645503 0.20374937 0.23618198 0.20619546 0.23331045 0.20838438 0.23303741 0.21083047 0.23016646 0.21302009 0.22989342 0.21546617 0.22702255 0.21765516 0.22674944 0.22010188 0.22387790 0.22229080 0.22333182 0.22718297 0.22046095 0.22937196 0.22018783 0.23181868 0.21444609 0.23619666 0.20924977 0.23568241 0.20815753 0.24546737 0.30428315 0.25498044 0.30455619 0.25253436 0.30742773 0.25034543 0.31522188 0.25111678 0.31809275 0.24892779 0.32588623 0.24969907 0.32615935 0.24725236 0.32903088 0.24506343 0.35760898 0.24789166 0.35788202 0.24544558 0.36362384 0.24106697 0.38700562 0.24338095 0.38782475 0.23604269 0.39069569 0.23385307 0.41667596 0.23642421 0.41954683 0.23423522 0.42474315 0.23474947 0.42501620 0.23230339 0.42788714 0.23011377 0.43048497 0.23037086 0.43103105 0.22547869 0.43390192 0.22328970 0.44169607 0.22406104 0.44278831 0.21427608 0.44019048 0.21401898 0.43786577 0.21131518 0.43950409 0.19663804 0.43690560 0.19638088 0.43458082 0.19367770 0.43512697 0.18878490 0.43252914 0.18852780 0.43020436 0.18582463 0.43102355 0.17848574 0.37646518 0.17308637 0.37619207 0.17553309 0.37332120 0.17772208 0.35773356 0.17617945 0.35199115 0.18055737 0.33380503 0.17875758 0.33325888 0.18365037
0 0.85576047 0.31570178 0.78106996 0.28548562 0.77516500 0.30226066 0.84795854 0.33476253 0.85576047 0.31570178
0 0.86554548 0.29353599 0.79331291 0.26357817 0.78684698 0.27780915 0.85907955 0.30776697 0.86554548 0.29353599
0 0.87550271 0.26973157 0.80270917 0.23722970 0.79499336 0.25547114 0.86886455 0.28560118 0.87550271 0.26973157
0 0.15379090 0.62968750 0.00000000 0.74303710 0.00000000 0.81382060 0.03519312 0.85164412 0.04700151 0.85288524 0.25334895 0.70081982 0.25371447 0.69841831 0.18501134 0.62968750 0.15379090 0.62968750
0 0.40499990 1.00000000 0.46402980 0.82113545 0.42397814 0.81494154 0.42876496 0.79431641 0.28176464 0.76893195 0.27904039 0.78613675 0.25656245 1.00000000 0.40499990 1.00000000
0 0.00000000 1.00000000 0.00374216 1.00000000 0.04659814 0.96416989 0.04673071 0.96313275 0.03108547 0.94791715 0.00000000 0.97317836 0.00000000 1.00000000
0 0.77763533 0.75247907 0.77634023 0.75935514 0.84590607 0.78870384 0.85070485 0.74628962 0.78982710 0.71938705 0.78532300 0.74932170 0.78272988 0.74905294 0.78191833 0.75443814 0.77763533 0.75247907
