0 0.00000000 0.10702555 0.00183056 0.10686275 0.00341891 0.10386946 0.01012357 0.10327318 0.01171186 0.10027917 0.01506419 0.09998103 0.01488851 0.09429259 0.01312446 0.09159671 0.01277310 0.08021946 0.01100911 0.07752408 0.01065773 0.06614647 0.00889374 0.06345117 0.00854237 0.05207355 0.00677834 0.04937826 0.00642696 0.03800064 0.00466293 0.03530527 0.00422370 0.02108325 0.00245971 0.01838791 0.00000000 0.01860667 0.00000000 0.10702555
0 0.89057838 0.46119275 0.91060138 0.45985110 0.91270935 0.45685709 0.91938311 0.45640991 0.92149169 0.45341659 0.93039061 0.45282032 0.92957445 0.43290931 0.91177661 0.43410186 0.90943543 0.43140670 0.90931885 0.42856247 0.90697707 0.42586662 0.90475249 0.42601568 0.90264451 0.42900969 0.89374559 0.42960596 0.89397877 0.43529441 0.89187079 0.43828842 0.88964564 0.43843752 0.89057838 0.46119275
0 0.56272675 0.46319487 0.56400926 0.49448277 0.56635103 0.49717862 0.59749696 0.49509168 0.59738035 0.49224673 0.59948835 0.48925344 0.60393810 0.48895529 0.60604610 0.48596201 0.61049584 0.48566385 0.61026267 0.47997541 0.61237064 0.47698140 0.61213747 0.47129296 0.61424545 0.46829895 0.61647003 0.46814989 0.61857861 0.46515657 0.62970211 0.46441123 0.62923574 0.45303362 0.62689457 0.45033845 0.60687214 0.45168006 0.60476357 0.45467338 0.59586465 0.45526966 0.59352347 0.45257450 0.58907430 0.45287262 0.58673255 0.45017749 0.58661594 0.44733254 0.55991918 0.44912137 0.56003579 0.45196632 0.56448554 0.45166816 0.56916789 0.45705849 0.56928450 0.45990343 0.56717650 0.46289672 0.56272675 0.46319487
0 0.86598959 0.45998756 0.86459047 0.42585472 0.83789428 0.42764351 0.83929340 0.46177635 0.86598959 0.45998756
0 0.69492860 0.42296208 0.69258686 0.42026695 0.69235365 0.41457778 0.68567932 0.41502500 0.68661206 0.43778023 0.68895381 0.44047535 0.68942021 0.45185370 0.69386939 0.45155558 0.69597793 0.44856153 0.69492860 0.42296208
0 0.70781032 0.41069007 0.70932602 0.44766714 0.72712387 0.44647459 0.72689069 0.44078614 0.72454949 0.43809025 0.72338357 0.40964658 0.70781032 0.41069007
0 0.66904743 0.44466195 0.66670622 0.44196606 0.66530713 0.40783395 0.65863337 0.40828112 0.65886654 0.41396957 0.65675797 0.41696288 0.64340988 0.41785728 0.64492561 0.45483507 0.66939721 0.45319535 0.66904743 0.44466195
0 0.62982804 0.41306327 0.62936167 0.40168565 0.60489006 0.40332538 0.60278149 0.40631870 0.55828689 0.40930008 0.55898643 0.42636614 0.63240238 0.42144687 0.63216921 0.41575843 0.62982804 0.41306327
0 0.97548682 0.35567568 0.95101464 0.35731544 0.95229718 0.38860407 0.96119667 0.38800775 0.96353784 0.39070292 0.97911109 0.38965942 0.97782856 0.35837080 0.97548682 0.35567568
0 0.91319438 0.35984961 0.91447691 0.39113823 0.92560098 0.39039286 0.92794216 0.39308802 0.93906566 0.39234268 0.93766655 0.35820984 0.91319438 0.35984961
0 0.87314952 0.36253283 0.87443205 0.39382145 0.89000530 0.39277796 0.88953890 0.38139961 0.88719716 0.37870449 0.88649761 0.36163843 0.87314952 0.36253283
0 0.85968424 0.36058231 0.84633614 0.36147670 0.84422760 0.36447075 0.83532925 0.36506699 0.83672837 0.39919983 0.86342456 0.39741105 0.86202544 0.36327820 0.85968424 0.36058231
0 0.62866209 0.38461886 0.62796255 0.36755281 0.62585455 0.37054609 0.55688777 0.37516723 0.55758735 0.39223402 0.62210495 0.38791099 0.62421292 0.38491699 0.62866209 0.38461886
0 0.72221766 0.38120290 0.72058534 0.34138089 0.70278750 0.34257344 0.70441982 0.38239545 0.72221766 0.38120290
0 0.87058445 0.29995558 0.87175040 0.32839998 0.88287391 0.32765464 0.88252412 0.31912125 0.88463212 0.31612797 0.88393255 0.29906119 0.87058445 0.29995558
0 0.83276418 0.30248974 0.83439650 0.34231176 0.85886811 0.34067203 0.85875149 0.33782708 0.86085949 0.33483380 0.85946038 0.30070095 0.83276418 0.30248974
0 0.93276031 0.29293743 0.91051272 0.29442814 0.91179526 0.32571676 0.93404284 0.32422605 0.93615084 0.32123277 0.93591764 0.31554360 0.93357647 0.31284844 0.93276031 0.29293743
0 0.95711590 0.28845344 0.95500732 0.29144676 0.94610840 0.29204303 0.94739094 0.32333166 0.97408770 0.32154283 0.97268858 0.28740999 0.95711590 0.28845344
0 0.52947281 0.46827510 0.53157148 0.51947401 0.53391268 0.52216990 0.55171052 0.52097734 0.55381849 0.51798333 0.54495744 0.30180937 0.51603609 0.30374726 0.51848454 0.36347956 0.52082572 0.36617472 0.52280779 0.41452940 0.52514899 0.41722529 0.52713107 0.46557998 0.52947281 0.46827510
0 0.68968191 0.29496409 0.67633325 0.29585852 0.67211724 0.30184508 0.66989209 0.30199418 0.67000867 0.30483840 0.66790070 0.30783241 0.66122637 0.30827963 0.65911836 0.31127291 0.65677719 0.30857775 0.65619423 0.29435591 0.63839639 0.29554846 0.63932914 0.31830369 0.65267723 0.31740930 0.65501898 0.32010442 0.65525215 0.32579287 0.72199376 0.32132082 0.72071126 0.29003292 0.71848667 0.29018198 0.71614490 0.28748613 0.70947114 0.28793331 0.70525460 0.29392064 0.70548777 0.29960908 0.70127179 0.30559637 0.69237287 0.30619265 0.69003167 0.30349676 0.68968191 0.29496409
0 0.55456522 0.26408624 0.55526479 0.28115303 0.58863588 0.27891699 0.59074389 0.27592371 0.61966580 0.27398578 0.61908282 0.25976322 0.55456522 0.26408624
0 0.95794137 0.25417154 0.95805795 0.25701576 0.96028254 0.25686670 0.96496489 0.26225702 0.96519809 0.26794619 0.97632217 0.26720082 0.97608896 0.26151165 0.97819697 0.25851837 0.98932047 0.25777303 0.98885410 0.24639542 0.98651293 0.24370026 0.98569677 0.22378925 0.95677542 0.22572713 0.95700862 0.23141630 0.95490062 0.23440959 0.94377654 0.23515496 0.94447612 0.25222175 0.95560019 0.25147637 0.95794137 0.25417154
0 0.74869987 0.26533981 0.74823346 0.25396146 0.75034147 0.25096818 0.75924096 0.25037187 0.75889120 0.24183920 0.74999171 0.24243552 0.74765051 0.23973963 0.73207725 0.24078312 0.73335979 0.27207174 0.73570153 0.27476687 0.76239829 0.27297804 0.76216512 0.26728960 0.75104104 0.26803497 0.74869987 0.26533981
0 0.86918533 0.26582273 0.89588210 0.26403391 0.90009810 0.25804734 0.90232326 0.25789825 0.90466443 0.26059341 0.90478102 0.26343763 0.90712219 0.26613279 0.90723880 0.26897774 0.90957998 0.27167290 0.92737782 0.27048036 0.92679486 0.25625852 0.92234569 0.25655664 0.91766274 0.25116562 0.91696320 0.23409956 0.91462202 0.23140440 0.91450541 0.22855945 0.90560649 0.22915573 0.90607286 0.24053334 0.90396486 0.24352662 0.90174027 0.24367568 0.89939853 0.24098056 0.89928194 0.23813634 0.87925951 0.23947795 0.87691834 0.23678278 0.87680175 0.23393856 0.87445998 0.23124271 0.87434339 0.22839849 0.86766963 0.22884567 0.86848579 0.24875668 0.87071038 0.24860761 0.87305155 0.25130278 0.87316814 0.25414700 0.86895216 0.26013429 0.86918533 0.26582273
0 0.66427699 0.27384863 0.67095133 0.27340141 0.67305933 0.27040813 0.67154360 0.23343033 0.66264467 0.23402661 0.66427699 0.27384863
0 0.64273826 0.23821248 0.64262168 0.23536826 0.63372332 0.23596450 0.63465607 0.25871973 0.63699724 0.26141489 0.63758023 0.27563745 0.64647915 0.27504118 0.64508004 0.24090833 0.64273826 0.23821248
0 0.71111277 0.27356241 0.72001169 0.27296614 0.71826279 0.23029990 0.71592161 0.22760474 0.70924728 0.22805195 0.71111277 0.27356241
0 0.69553952 0.27460590 0.69367402 0.22909544 0.68477510 0.22969172 0.68664060 0.27520218 0.69553952 0.27460590
0 0.61838327 0.24269716 0.61791690 0.23131955 0.55562446 0.23549347 0.55351589 0.23848679 0.55386567 0.24702018 0.55620742 0.24971531 0.57622985 0.24837370 0.57833785 0.24538042 0.61838327 0.24269716
0 0.80011128 0.21340674 0.79121236 0.21400302 0.79202852 0.23391403 0.78992052 0.23690731 0.78547078 0.23720546 0.78675331 0.26849409 0.80232656 0.26745060 0.80011128 0.21340674
0 0.86627051 0.19471282 0.86662030 0.20324621 0.86896147 0.20594138 0.87563580 0.20549416 0.87551922 0.20264994 0.87762719 0.19965593 0.91322287 0.19727083 0.91217354 0.17167137 0.90327462 0.17226765 0.90116662 0.17526093 0.89894203 0.17540999 0.89660029 0.17271487 0.86545435 0.17480181 0.86580414 0.18333521 0.86802873 0.18318615 0.87036990 0.18588131 0.87060310 0.19157048 0.86849510 0.19456376 0.86627051 0.19471282
0 0.85081384 0.19860053 0.85292185 0.19560725 0.85175593 0.16716358 0.82505917 0.16895241 0.82704125 0.21730709 0.83594017 0.21671081 0.83570696 0.21102164 0.83992354 0.20503504 0.85104705 0.20428970 0.85081384 0.19860053
0 0.97598172 0.20447524 0.99155497 0.20343175 0.98992265 0.16360973 0.98769806 0.16375879 0.98535632 0.16106367 0.98512312 0.15537450 0.94285311 0.15820682 0.94331948 0.16958443 0.96334248 0.16824278 0.96568365 0.17093794 0.97235798 0.17049073 0.97469919 0.17318662 0.97598172 0.20447524
0 0.71475570 0.19916106 0.71335655 0.16502749 0.70445763 0.16562376 0.70585678 0.19975734 0.71475570 0.19916106
0 0.63244082 0.20467660 0.63478200 0.20737176 0.67037768 0.20498666 0.66886194 0.16800887 0.63104168 0.17054303 0.63244082 0.20467660
0 0.69099237 0.16367397 0.67986887 0.16441931 0.68138460 0.20139710 0.68372577 0.20409227 0.68817552 0.20379411 0.69028352 0.20080083 0.69250811 0.20065177 0.69099237 0.16367397
0 0.58150506 0.21379364 0.58033914 0.18534996 0.57799794 0.18265407 0.57753157 0.17127646 0.56418290 0.17217089 0.56207490 0.17516417 0.53760273 0.17680394 0.53935163 0.21947018 0.56604839 0.21768135 0.56815639 0.21468807 0.58150506 0.21379364
0 0.73525381 0.15500415 0.73688609 0.19482544 0.73911125 0.19467634 0.74121926 0.19168306 0.75901710 0.19049051 0.75750139 0.15351345 0.73525381 0.15500415
0 0.85105636 0.15009679 0.85035678 0.13303001 0.82366002 0.13481883 0.82435960 0.15188562 0.85105636 0.15009679
0 0.95761023 0.13725304 0.98208240 0.13561328 0.98419038 0.13261927 0.98325763 0.10986404 0.95878546 0.11150380 0.95667748 0.11449781 0.94110423 0.11554130 0.94180378 0.13260736 0.95515244 0.13171293 0.95749361 0.13440809 0.95761023 0.13725304
0 0.89485138 0.13004863 0.89707654 0.12989953 0.89941774 0.13259542 0.90000071 0.14681726 0.91557396 0.14577377 0.91768196 0.14278049 0.92880547 0.14203515 0.92810589 0.12496836 0.92365615 0.12526652 0.92131497 0.12257136 0.92096519 0.11403796 0.92307319 0.11104468 0.92752293 0.11074653 0.92717315 0.10221313 0.89825180 0.10415102 0.89848500 0.10984019 0.89637700 0.11283347 0.88525292 0.11357885 0.88291175 0.11088368 0.88279513 0.10803873 0.88068716 0.11103274 0.87834596 0.10833685 0.87811278 0.10264841 0.86921329 0.10324472 0.86967967 0.11462234 0.87635400 0.11417512 0.87869574 0.11687024 0.87939532 0.13393703 0.89274341 0.13304264 0.89485138 0.13004863
0 0.84989044 0.12165312 0.84919087 0.10458633 0.82471926 0.10622606 0.82541884 0.12329285 0.84989044 0.12165312
0 0.66384845 0.04569990 0.66757944 0.13672097 0.70095054 0.13448493 0.70305854 0.13149165 0.71418204 0.13074631 0.71056764 0.04256947 0.66384845 0.04569990
0 0.88023010 0.04546221 0.88690443 0.04501500 0.88924561 0.04771031 0.89029496 0.07331034 0.89251955 0.07316128 0.89462809 0.07016723 0.98584188 0.06405542 0.98409300 0.02138954 0.91735081 0.02586163 0.91524281 0.02885513 0.85740012 0.03273090 0.85821627 0.05264169 0.87823870 0.05130008 0.87812210 0.04845564 0.88023010 0.04546221
0 0.74779562 0.08000580 0.75013682 0.08270169 0.75141933 0.11398959 0.74931133 0.11698287 0.74708674 0.11713193 0.74731994 0.12282110 0.79403913 0.11969066 0.79054133 0.03435855 0.74827132 0.03719086 0.74967042 0.07132335 0.74756245 0.07431736 0.74311271 0.07461551 0.74322929 0.07745973 0.74557103 0.08015486 0.74779562 0.08000580
