0 0.57278692 0.64478417 0.57654233 0.62487436 0.55239216 0.62003671 0.54863675 0.63994651 0.57278692 0.64478417
0 0.57935894 0.60994169 0.58358374 0.58754332 0.55943357 0.58270566 0.55520877 0.60510404 0.57935894 0.60994169
0 0.37399192 0.64903846 0.39279971 0.54932631 0.32759494 0.53626477 0.32383954 0.55617458 0.35523420 0.56246342 0.35718025 0.56543584 0.35530243 0.57539138 0.35241758 0.57739609 0.34034281 0.57497733 0.33839737 0.57200503 0.33933629 0.56702726 0.32726151 0.56460850 0.32632260 0.56958627 0.32343837 0.57159111 0.32102292 0.57110725 0.31163441 0.62088177 0.31358046 0.62385419 0.34255967 0.62965918 0.34450573 0.63263159 0.34309742 0.64009793 0.34021257 0.64210264 0.32813780 0.63968388 0.32619237 0.63671158 0.32713116 0.63173445 0.31505638 0.62931568 0.31411759 0.63429282 0.31123336 0.63629766 0.30881792 0.63581380 0.30632347 0.64903846 0.37399192 0.64903846
0 0.30131132 0.64903846 0.32276528 0.53529731 0.25756051 0.52223578 0.23596687 0.63671749 0.29747468 0.64903846 0.30131132 0.64903846
0 0.00000000 0.58944965 0.17559238 0.62462354 0.18498089 0.57484902 0.17049067 0.57194640 0.17002128 0.57443497 0.16713705 0.57643981 0.15747711 0.57450477 0.15553167 0.57153248 0.15647058 0.56655471 0.14681064 0.56461967 0.14392629 0.56662514 0.14345689 0.56911371 0.14057205 0.57111843 0.13815722 0.57063470 0.13621178 0.56766240 0.13668118 0.56517384 0.12943607 0.56372253 0.12655184 0.56572737 0.08549724 0.55750349 0.08261239 0.55950820 0.06812279 0.55660571 0.06617735 0.55363342 0.06664675 0.55114485 0.06470081 0.54817179 0.05262604 0.54575303 0.05168713 0.55073080 0.04880290 0.55273563 0.03672751 0.55031675 0.03478207 0.54734445 0.03572099 0.54236668 0.02364621 0.53994791 0.02270730 0.54492569 0.01982307 0.54693052 0.00533297 0.54402793 0.00338741 0.54105561 0.00526512 0.53110071 0.00814947 0.52909589 0.02988468 0.53344980 0.03276890 0.53144496 0.08589828 0.54208760 0.08784433 0.54506002 0.08737494 0.54754859 0.13808949 0.55770750 0.14097371 0.55570266 0.16995354 0.56150777 0.17189898 0.56448007 0.18638920 0.56738269 0.19859421 0.50267613 0.10199478 0.48332576 0.09622571 0.48733531 0.08173610 0.48443282 0.08126671 0.48692139 0.07838248 0.48892623 0.00000000 0.47322499 0.00000000 0.58944965
0 0.53940296 0.64903846 0.55688266 0.55636742 0.51099839 0.54717608 0.50522932 0.55118563 0.44485483 0.53909168 0.43875221 0.57144560 0.43586798 0.57345044 0.42161050 0.64903846 0.53940296 0.64903846
0 0.58197174 0.55622730 0.57620255 0.56023749 0.56412777 0.55781872 0.56178067 0.57026219 0.58593084 0.57509985 0.58921685 0.55767861 0.58197174 0.55622730
0 0.59109455 0.54772371 0.59344165 0.53528024 0.56446182 0.52947513 0.56211472 0.54191860 0.59109455 0.54772371
0 0.57103372 0.49463328 0.56727831 0.51454309 0.57210798 0.51551055 0.57405403 0.51848297 0.59578875 0.52283677 0.60001355 0.50043840 0.57103372 0.49463328
0 0.57760574 0.45979081 0.57385033 0.47970061 0.58833994 0.48260311 0.59028538 0.48557540 0.60236077 0.48799429 0.60658557 0.46559591 0.57760574 0.45979081
0 0.58558595 0.41748262 0.58042235 0.44485813 0.60215707 0.44921194 0.60410239 0.45218487 0.60893267 0.45315244 0.61456578 0.42328774 0.58558595 0.41748262
0 0.00000000 0.42415307 0.08730148 0.44164091 0.11311992 0.30476084 0.00203027 0.28250785 0.00000000 0.29327159 0.00000000 0.42415307
0 0.61691300 0.41084363 0.61832118 0.40337793 0.58934135 0.39757282 0.58793316 0.40503852 0.61691300 0.41084363
0 0.46859175 0.37338479 0.44183452 0.51524200 0.44377996 0.51821430 0.44190225 0.52816920 0.55299191 0.55042219 0.58209624 0.39612151 0.46859175 0.37338479
0 0.12519469 0.30717960 0.09937625 0.44405968 0.22254068 0.46873144 0.24882852 0.32936279 0.12807892 0.30517476 0.12519469 0.30717960
0 0.33468740 0.23292026 0.24291825 0.21453747 0.22695783 0.29915383 0.22407287 0.30115918 0.22360347 0.30364775 0.31537324 0.32203067 0.31825747 0.32002583 0.33468740 0.23292026
0 0.11056900 0.27842259 0.19992332 0.29632165 0.20280767 0.29431618 0.21876808 0.20969982 0.12699893 0.19131703 0.11056900 0.27842259
0 0.04146202 0.07345488 0.00907168 0.24517680 0.04529650 0.25243320 0.07487035 0.09564331 0.07292472 0.09267098 0.07527182 0.08022751 0.04146202 0.07345488
0 0.36396699 1.00000000 0.37375126 0.97195033 0.23126694 0.95651660 0.21906181 0.99150641 0.29747468 1.00000000 0.36396699 1.00000000
0 0.12580528 0.87805617 0.13237718 0.85921577 0.06234275 0.85162973 0.05577085 0.87047013 0.12580528 0.87805617
0 0.44787514 0.95344379 0.45511964 0.95422851 0.45706557 0.95583616 0.48604540 0.95897522 0.49308681 0.93878880 0.49597104 0.93770470 0.51529093 0.93979741 0.51723636 0.94140465 0.51965119 0.94166623 0.52622309 0.92282582 0.52910806 0.92174145 0.56291755 0.92540365 0.56948945 0.90656325 0.57237368 0.90547915 0.60376895 0.90887985 0.61738239 0.86985268 0.52078296 0.85938915 0.51984405 0.86208083 0.51695982 0.86316493 0.50729926 0.86211851 0.50535382 0.86051127 0.50629274 0.85781958 0.40244881 0.84657133 0.37428327 0.92731666 0.38635805 0.92862458 0.38924227 0.92754049 0.45203221 0.93434182 0.45397765 0.93594906 0.44787514 0.95344379
0 0.25373164 0.88493008 0.23199692 0.88257580 0.23005149 0.88096856 0.23145980 0.87693121 0.18315946 0.87169937 0.18121403 0.87009213 0.16189414 0.86799942 0.15900992 0.86908352 0.15243801 0.88792393 0.15438333 0.88953151 0.19060827 0.89345535 0.19349262 0.89237091 0.22730273 0.89603318 0.22924804 0.89764077 0.22690094 0.90436946 0.22401672 0.90545355 0.21885301 0.92025695 0.29130227 0.92810457 0.29324832 0.92971187 0.29043171 0.93778658 0.35080620 0.94432627 0.35737822 0.92548552 0.36026244 0.92440143 0.36750756 0.92518621 0.39520370 0.84578655 0.32516927 0.83820051 0.31437245 0.86915297 0.31148760 0.87023700 0.30538498 0.88773208 0.30250075 0.88881618 0.25661587 0.88384598 0.25373164 0.88493008
0 0.12506446 0.85144038 0.12459494 0.85278640 0.16323472 0.85697181 0.16518015 0.85857905 0.16471075 0.85992472 0.20576536 0.86437170 0.20771129 0.86597936 0.21012612 0.86624093 0.21207156 0.86784817 0.24588167 0.87151044 0.24782711 0.87311768 0.24735771 0.87446335 0.28841231 0.87891033 0.31939435 0.79009065 0.30973440 0.78904430 0.30778897 0.78743706 0.26673437 0.78299007 0.26478905 0.78138249 0.26525844 0.78003681 0.22661867 0.77585140 0.22272730 0.77263651 0.18650236 0.76871267 0.18455693 0.76710543 0.18502632 0.76575975 0.14397172 0.76131277 0.14108688 0.76239680 0.12700405 0.80276964 0.12895010 0.80437694 0.11345908 0.84878679 0.12311902 0.84983314 0.12506446 0.85144038
0 0.13135920 0.75436019 0.14101914 0.75540654 0.14390337 0.75432244 0.16805354 0.75693836 0.18119745 0.71925721 0.11116302 0.71167116 0.09097781 0.76953839 0.12478730 0.77320059 0.12948150 0.75974321 0.12753606 0.75813597 0.12847497 0.75544428 0.13135920 0.75436019
0 0.62980769 0.78600588 0.61703750 0.78462263 0.61509144 0.78301532 0.61556096 0.78166931 0.61361552 0.78006206 0.61877912 0.76525901 0.43765565 0.74563994 0.40338760 0.84388000 0.43236681 0.84701899 0.43283621 0.84567332 0.43572118 0.84458894 0.44296629 0.84537373 0.44491160 0.84698131 0.44444221 0.84832698 0.50481669 0.85486667 0.51058527 0.85269813 0.52024583 0.85374455 0.52219115 0.85535214 0.52172175 0.85669781 0.61832118 0.86716134 0.62980769 0.83423167 0.62980769 0.78600588
0 0.45898297 0.70605182 0.45703754 0.70444458 0.45220787 0.70392143 0.43859456 0.74294825 0.58349309 0.75864349 0.58865680 0.74384009 0.58671136 0.74223285 0.58811967 0.73819550 0.56397012 0.73557965 0.56108578 0.73666409 0.55384066 0.73587931 0.55189473 0.73427166 0.55893603 0.71408558 0.53720131 0.71173131 0.53525599 0.71012372 0.53854194 0.70070352 0.53659654 0.69909618 0.53800481 0.69505893 0.52592942 0.69375093 0.52398402 0.69214359 0.51673953 0.69135887 0.51479350 0.68975150 0.51807948 0.68033119 0.51566465 0.68006962 0.51278039 0.68115382 0.50312044 0.68010747 0.50077331 0.68683626 0.49788906 0.68792043 0.49305878 0.68739722 0.49111337 0.68578991 0.49721591 0.66829507 0.49526988 0.66668768 0.46629068 0.66354869 0.45408558 0.69853841 0.46616035 0.69984634 0.46810579 0.70145358 0.46669748 0.70549093 0.46381325 0.70657503 0.45898297 0.70605182
0 0.12298560 0.64903846 0.10291139 0.70658745 0.10485682 0.70819470 0.19662597 0.71813502 0.19857190 0.71974267 0.19246940 0.73723741 0.26008900 0.74456188 0.26203444 0.74616912 0.25915021 0.74725322 0.20602021 0.74149824 0.19897880 0.76168466 0.23520374 0.76560850 0.23808797 0.76452440 0.34434734 0.77603429 0.34629339 0.77764160 0.34253799 0.78840764 0.33965314 0.78949167 0.32369261 0.83524753 0.39614249 0.84309521 0.43041054 0.74485516 0.28792622 0.72942143 0.28182372 0.74691616 0.27893949 0.74800026 0.27652466 0.74773869 0.27457861 0.74613138 0.28068111 0.72863664 0.26619150 0.72706715 0.26424619 0.72545956 0.26713042 0.72437546 0.43134945 0.74216347 0.45904556 0.66276390 0.33346630 0.64916131 0.33058205 0.65024549 0.33011262 0.65159126 0.32722775 0.65267536 0.31756780 0.65162901 0.31562239 0.65002170 0.31596537 0.64903846 0.12298560 0.64903846
