0 0.55241056 0.38255733 0.54945449 0.37018704 0.53104999 0.37170827 0.53400606 0.38407856 0.55241056 0.38255733
0 0.52016374 0.37103135 0.51716514 0.36970206 0.51679565 0.36815588 0.50890791 0.36880784 0.50590940 0.36747895 0.46910039 0.37052141 0.46610179 0.36919213 0.46573231 0.36764594 0.43681104 0.37003644 0.44198421 0.39168465 0.52611831 0.38473052 0.52427070 0.37699879 0.52653091 0.37523525 0.52542246 0.37059668 0.52016374 0.37103135
0 0.34453199 0.39973958 0.43672616 0.39211925 0.43598710 0.38902648 0.42809936 0.38967844 0.42510085 0.38834956 0.42247183 0.38856686 0.41947265 0.38723803 0.41799462 0.38105289 0.42025482 0.37928934 0.43340061 0.37820277 0.43155300 0.37047104 0.41314849 0.37199227 0.41014998 0.37066339 0.40489127 0.37109805 0.40189276 0.36976916 0.40152328 0.36822298 0.36734396 0.37104807 0.36771345 0.37259426 0.36545324 0.37435781 0.36019520 0.37479241 0.36093416 0.37788479 0.35867472 0.37964867 0.34815796 0.38051794 0.34852744 0.38206413 0.34626723 0.38382767 0.34100919 0.38426228 0.34137877 0.38580886 0.33911923 0.38757235 0.33386051 0.38800701 0.33423000 0.38955320 0.33197046 0.39131669 0.32145370 0.39218595 0.32325875 0.39973958 0.34453199 0.39973958
0 0.67968750 0.22879300 0.73566206 0.22354853 0.73334260 0.21254598 0.67968750 0.21757314 0.67968750 0.22879300
0 1.00000000 0.26329888 0.92436019 0.27038587 0.93305851 0.31164704 1.00000000 0.30623089 1.00000000 0.26329888
0 0.23896002 0.58524370 0.27235891 0.62565757 0.32641131 0.59359604 0.29349199 0.55619570 0.23896002 0.58524370
0 0.28657983 0.63848950 0.31219503 0.67372336 0.36491479 0.63875418 0.33989905 0.60728723 0.28657983 0.63848950
0 0.32861549 0.68397750 0.35351133 0.71469106 0.40488463 0.68219379 0.38169493 0.65126847 0.32861549 0.68397750
0 0.36870522 0.72817049 0.39262810 0.75823656 0.44680039 0.72692841 0.42069180 0.69406058 0.36870522 0.72817049
0 0.40732859 0.77408202 0.43210454 0.80404220 0.48665034 0.76961464 0.45955496 0.74147887 0.40732859 0.77408202
0 0.34043863 0.82387043 0.36680084 0.85286547 0.41624204 0.81369364 0.38950633 0.78781802 0.34043863 0.82387043
0 0.30193515 0.77871229 0.32829736 0.80770733 0.37639209 0.77100741 0.34905693 0.74136487 0.30193515 0.77871229
0 0.26196531 0.73527268 0.28832752 0.76426771 0.33824829 0.72810942 0.31371212 0.69965600 0.26196531 0.73527268
0 0.22126230 0.69269233 0.24665154 0.72103986 0.29865195 0.68155039 0.27094328 0.65502727 0.22126230 0.69269233
0 0.17023020 0.63987005 0.20630819 0.68071966 0.25880201 0.63886416 0.22552301 0.59920367 0.17023020 0.63987005
0 0.12797788 0.77341423 0.02099130 0.85276375 0.02758532 0.89419978 0.15604622 0.80219750 0.12797788 0.77341423
0 0.03034282 0.91152758 0.04443696 0.99736023 0.22287166 0.87226612 0.16758804 0.81459369 0.03034282 0.91152758
