0 0.03077201 0.08705123 0.00708523 0.07848418 0.00135401 0.21597867 0.00901741 0.21875037 0.00953067 0.20643718 0.01031287 0.20463713 0.02563957 0.21018050 0.03077201 0.08705123
0 0.71978392 0.04159257 0.65122000 0.03907736 0.64356881 0.08536493 0.67604839 0.09328851 0.67104985 0.13399841 0.71128369 0.14287409 0.73263980 0.04907445 0.71978392 0.04159257
0 0.58568419 0.09203214 0.50303990 0.07598132 0.50031854 0.05006588 0.49133979 0.04306004 0.40022715 0.03187282 0.39301765 0.05853670 0.36176256 0.05666685 0.35241083 0.10077783 0.29789293 0.09605167 0.28874487 0.12247753 0.29605744 0.14305332 0.61085368 0.19154440 0.61632828 0.14695737 0.58602529 0.13733325 0.58568419 0.09203214
0 0.94555256 0.76192238 0.96117302 0.68892323 0.88484196 0.68354533 0.86922150 0.75654448 0.94555256 0.76192238
0 0.90152504 0.68101599 0.93969057 0.68370494 0.94008105 0.68188007 0.94365190 0.68027881 0.96273507 0.68162331 0.96507809 0.67067367 0.96228750 0.66862469 0.96502111 0.65584972 0.92685558 0.65316077 0.92607460 0.65681049 0.92250386 0.65841129 0.90342069 0.65706679 0.90068708 0.66984176 0.90347767 0.67189074 0.90152504 0.68101599
0 1.00000000 0.65460894 0.97852403 0.65309585 0.95548382 0.76076971 0.96184515 0.76121790 0.96463492 0.76326683 0.97417651 0.76393908 0.97696628 0.76598801 0.97657570 0.76781334 0.97300495 0.76941413 0.95710203 0.76829370 0.95353129 0.76989449 0.95235973 0.77536954 0.99688659 0.77850668 1.00000000 0.76395679 1.00000000 0.65460894
0 0.50335084 0.59553526 0.50692240 0.59393452 0.52600476 0.59527897 0.52321498 0.59323004 0.52477713 0.58592966 0.52834787 0.58432886 0.54743105 0.58567337 0.54860251 0.58019878 0.55217335 0.57859752 0.56807545 0.57971790 0.57080901 0.56694316 0.55490691 0.56582278 0.55211716 0.56377371 0.55250767 0.56194876 0.51434214 0.55925981 0.51155157 0.55721073 0.51233261 0.55356073 0.47416789 0.55087183 0.46089047 0.61292125 0.47997283 0.61426570 0.48153487 0.60696579 0.48510562 0.60536499 0.50100772 0.60648537 0.50335084 0.59553526
0 0.31090639 0.52929688 0.29433412 0.60674413 0.31341729 0.60808863 0.31620707 0.61013756 0.31113044 0.63386217 0.34929597 0.63655112 0.35208656 0.63860010 0.34740042 0.66049985 0.36648278 0.66184429 0.36804483 0.65454438 0.37161557 0.65294358 0.38433742 0.65383990 0.38511849 0.65018971 0.36921639 0.64906933 0.36642662 0.64702040 0.36681710 0.64519554 0.37038784 0.64359474 0.38947020 0.64493919 0.38986069 0.64311433 0.39343235 0.64151312 0.41251471 0.64285757 0.41368627 0.63738251 0.41089650 0.63533359 0.41206796 0.62985900 0.41563880 0.62825773 0.43472197 0.62960224 0.43628402 0.62230232 0.43985476 0.62070153 0.45575686 0.62182191 0.45614735 0.61999705 0.45056791 0.61589873 0.46579783 0.54472467 0.41491046 0.54113940 0.41211990 0.53909028 0.41251041 0.53726532 0.39660831 0.53614494 0.39381855 0.53409592 0.39420907 0.53227092 0.39141933 0.53022185 0.37829072 0.52929688 0.31090639 0.52929688
0 0.22696815 0.52929688 0.20305134 0.64106740 0.22531461 0.64263596 0.22570510 0.64081109 0.22927610 0.63920984 0.24517837 0.64033023 0.24595934 0.63668051 0.24953033 0.63507973 0.28769545 0.63776865 0.29238159 0.61586891 0.27966015 0.61497262 0.27608916 0.61657340 0.27329923 0.61452446 0.28462404 0.56160019 0.28183421 0.55955079 0.28456776 0.54677605 0.26548491 0.54543157 0.26269501 0.54338249 0.26570907 0.52929688 0.22696815 0.52929688
0 0.41744454 0.52929688 0.41725353 0.53018953 0.45223880 0.53265441 0.45502855 0.53470343 0.45424752 0.53835344 0.49241305 0.54104239 0.49520280 0.54309141 0.49481229 0.54491637 0.53297783 0.54760532 0.53576757 0.54965438 0.53498654 0.55330434 0.57315208 0.55599329 0.57594264 0.55804237 0.57516161 0.56169238 0.59424397 0.56303682 0.59580601 0.55573690 0.59937679 0.55413597 0.61527889 0.55525635 0.61605991 0.55160639 0.61963149 0.55000556 0.63871385 0.55135001 0.63910437 0.54952500 0.63631462 0.54747594 0.63904820 0.53470111 0.64261897 0.53310019 0.66170214 0.53444470 0.66209265 0.53261972 0.61492998 0.52929688 0.41744454 0.52929688
