0 0.18436923 0.30960265 0.21743595 0.30496008 0.21431860 0.29791946 0.20389934 0.29938233 0.20129552 0.29850157 0.19765850 0.29028727 0.19922324 0.28882125 0.20964251 0.28735838 0.20184893 0.26975639 0.19142967 0.27121925 0.18882585 0.27033850 0.18518883 0.26212419 0.18675358 0.26065817 0.19717284 0.25919531 0.18937926 0.24159331 0.17896000 0.24305618 0.17635619 0.24217542 0.17271916 0.23396112 0.17428391 0.23249510 0.18470317 0.23103223 0.18210536 0.22516500 0.13000850 0.23247940 0.12740509 0.23159827 0.10031426 0.23540183 0.10343174 0.24244275 0.10186753 0.24390869 0.09561576 0.24478644 0.09301248 0.24390561 0.09041466 0.23803838 0.08624664 0.23862357 0.08364333 0.23774243 0.03154637 0.24505684 0.06012509 0.30960265 0.18436923 0.30960265
0 0.23879415 0.30320803 0.24139796 0.30408879 0.27890753 0.29882244 0.28151134 0.29970320 0.36278224 0.28829276 0.36538619 0.28917381 0.37788920 0.28741839 0.37945328 0.28595214 0.40029234 0.28302634 0.40289575 0.28390747 0.42373428 0.28098174 0.42529889 0.27951542 0.43780190 0.27775999 0.43936611 0.27629405 0.44145039 0.27600142 0.44093086 0.27482803 0.43832691 0.27394698 0.43520956 0.26690636 0.41853852 0.26924697 0.41697431 0.27071292 0.40863879 0.27188322 0.40603551 0.27100239 0.40186748 0.27158759 0.39926420 0.27070676 0.39562718 0.26249245 0.39719139 0.26102651 0.40135942 0.26044132 0.40396270 0.26132214 0.40813073 0.26073695 0.41073401 0.26161778 0.41177321 0.26396486 0.43052799 0.26133168 0.42689097 0.25311738 0.42428769 0.25223655 0.42013114 0.24284886 0.39095656 0.24694497 0.38835328 0.24606414 0.38419672 0.23667645 0.38576080 0.23521021 0.39826434 0.23345471 0.40086776 0.23433584 0.40242636 0.23785600 0.41492991 0.23610050 0.41285163 0.23140665 0.41024835 0.23052582 0.40765053 0.22465859 0.39723074 0.22612153 0.39462745 0.22524070 0.38995123 0.21467932 0.37953196 0.21614219 0.37692815 0.21526144 0.37277159 0.20587375 0.37433634 0.20440773 0.37850383 0.20382261 0.38110764 0.20470336 0.38527514 0.20411825 0.38683935 0.20265230 0.38372186 0.19561138 0.35454782 0.19970742 0.35194400 0.19882667 0.19982093 0.22018476 0.20086014 0.22253183 0.19929593 0.22399777 0.21696123 0.26389531 0.21539702 0.26536126 0.23254291 0.30408571 0.23879415 0.30320803
0 0.35769317 0.18181625 0.35508989 0.18093542 0.35145287 0.17272111 0.35301708 0.17125517 0.36343634 0.16979230 0.36500096 0.16832598 0.36084440 0.15893829 0.35667637 0.15952348 0.35407309 0.15864266 0.34887733 0.14690789 0.34679305 0.14720052 0.34418977 0.14631970 0.34210602 0.14661225 0.33950274 0.14573143 0.33794400 0.14221097 0.33950821 0.14074502 0.33898867 0.13957163 0.32440138 0.14161969 0.32179797 0.14073856 0.32023936 0.13721840 0.32180357 0.13575246 0.33430711 0.13399696 0.32703307 0.11756835 0.15823897 0.14126705 0.19253049 0.21871536 0.37382760 0.19326123 0.37122979 0.18739400 0.37279453 0.18592798 0.37019672 0.18006075 0.35769317 0.18181625
0 0.00000000 0.17380854 0.02946809 0.24036300 0.13574608 0.22544156 0.13834936 0.22632239 0.18419444 0.21988574 0.18732339 0.21695378 0.18628432 0.21460700 0.17378131 0.21636243 0.17117736 0.21548137 0.16754047 0.20726737 0.16910509 0.20580105 0.18160810 0.20404562 0.17797121 0.19583162 0.16546820 0.19758704 0.16286425 0.19670599 0.15922736 0.18849199 0.16079197 0.18702566 0.17329498 0.18527024 0.16965810 0.17705624 0.15715508 0.17881166 0.15455114 0.17793061 0.15091425 0.16971660 0.15247886 0.16825028 0.16498187 0.16649486 0.16134498 0.15828085 0.14884197 0.16003628 0.14623803 0.15915522 0.14467928 0.15563476 0.10508544 0.16119374 0.10248216 0.16031291 0.09624732 0.14623138 0.00038903 0.15968989 0.00000000 0.15955827 0.00000000 0.17380854
0 0.25358309 0.12164877 0.28900944 0.11667491 0.29161272 0.11755573 0.32703854 0.11258195 0.30833404 0.07033734 0.29791477 0.07180020 0.29531096 0.07091945 0.27712599 0.02984822 0.25003569 0.03365170 0.25055523 0.03482509 0.24899115 0.03629133 0.21981711 0.04038737 0.23644333 0.07793814 0.23487859 0.07940416 0.25358309 0.12164877
0 0.23275003 0.11958809 0.23014675 0.11870727 0.22754880 0.11283973 0.22911301 0.11137379 0.24161602 0.10961837 0.23538119 0.09553683 0.22287818 0.09729225 0.22027489 0.09641142 0.21767708 0.09054419 0.21924116 0.08907795 0.23174417 0.08732252 0.22706808 0.07676145 0.22446479 0.07588062 0.22394512 0.07470693 0.21352586 0.07616980 0.21092258 0.07528897 0.20884430 0.07059512 0.21040851 0.06912918 0.22291152 0.06737375 0.21459841 0.04859837 0.20417914 0.05006124 0.20157586 0.04918041 0.19949758 0.04448656 0.20106179 0.04302062 0.21148106 0.04155775 0.20992231 0.03803729 0.12448339 0.05003292 0.14734445 0.10166523 0.14578024 0.10313117 0.15980865 0.13481470 0.24733132 0.12252652 0.24525304 0.11783267 0.23275003 0.11958809
0 0.00000000 0.15600520 0.07385006 0.14563665 0.07645347 0.14651778 0.15355688 0.13569245 0.15095906 0.12982522 0.14835565 0.12894409 0.14575783 0.12307686 0.13533857 0.12453973 0.13273529 0.12365890 0.13013734 0.11779136 0.13170155 0.11632542 0.14212081 0.11486255 0.14368502 0.11339661 0.12757834 0.07701923 0.11507532 0.07877465 0.11247204 0.07789383 0.10987423 0.07202659 0.11143831 0.07056035 0.12394132 0.06880493 0.11614787 0.05120323 0.01403791 0.06553947 0.01143450 0.06465835 0.00000000 0.06626375 0.00000000 0.15600520
0 0.24114858 0.00000000 0.19797818 0.00606113 0.20629130 0.02483651 0.23546534 0.02074047 0.23702952 0.01927447 0.27453962 0.01400805 0.27610379 0.01254201 0.27818807 0.01224938 0.27276445 0.00000000 0.24114858 0.00000000
0 0.00000000 0.05379982 0.06667124 0.04443917 0.06927455 0.04532006 0.09636538 0.04151651 0.08753271 0.02156768 0.00000000 0.03385727 0.00000000 0.05379982
0 0.74803884 0.17213629 0.96524976 0.25727420 0.96583810 0.25717332 0.99760301 0.21716633 0.99237200 0.20273791 0.78730384 0.12726112 0.74803884 0.17213629
0 0.29941106 0.91364856 0.46929003 0.84250456 0.46117642 0.79432882 0.29467258 0.86316231 0.29941106 0.91364856
0 0.25343819 0.82792504 0.43989936 0.74946959 0.43267420 0.70430088 0.24522715 0.78204852 0.25077733 0.80389918 0.25343819 0.82792504
0 1.00000000 0.64943309 0.97604378 0.56072053 0.96995714 0.56367985 0.97304279 0.57458421 0.96821710 0.57638942 0.96922317 0.58294981 0.94239532 0.59296759 0.98536935 0.74791648 1.00000000 0.74403891 1.00000000 0.64943309
