0 0.25000000 0.36520763 0.24723934 0.33606060 0.23867560 0.34087977 0.23750422 0.33909613 0.18992767 0.36586941 0.19168511 0.38442431 0.19095305 0.38727909 0.19446791 0.42438889 0.19732257 0.42278245 0.19849396 0.42456610 0.19959239 0.43616335 0.19886034 0.43901814 0.19600568 0.44062457 0.20105830 0.49397005 0.20032650 0.49682470 0.20149763 0.49860848 0.20435229 0.49700205 0.20552368 0.49878569 0.20662211 0.51038295 0.20589006 0.51323773 0.20471892 0.51145395 0.20281573 0.51252495 0.20208393 0.51537960 0.20274298 0.52233784 0.20391412 0.52412162 0.20479283 0.53339907 0.20596421 0.53518271 0.21547942 0.52982811 0.21504009 0.52518968 0.21577214 0.52233490 0.23194815 0.51323199 0.23311928 0.51501577 0.24644087 0.50751917 0.24761201 0.50930295 0.25000000 0.53451530 0.25000000 0.36520763
0 0.17316658 0.38995979 0.17404524 0.39923664 0.17331349 0.40209188 0.17045883 0.40369832 0.17111788 0.41065655 0.17038607 0.41351120 0.16753141 0.41511763 0.16775107 0.41743685 0.16701927 0.42029149 0.16511608 0.42136250 0.16577513 0.42832073 0.16862979 0.42671430 0.16980093 0.42849808 0.17024031 0.43313710 0.16950851 0.43599174 0.16665385 0.43759818 0.16819161 0.45383387 0.17104627 0.45222743 0.17221741 0.45401121 0.17148560 0.45686586 0.16863094 0.45847229 0.16950965 0.46774974 0.17236431 0.46614331 0.17353551 0.46792768 0.17375517 0.47024690 0.17302337 0.47310154 0.17016871 0.47470798 0.17456228 0.52109523 0.17646547 0.52002422 0.17763661 0.52180800 0.17961376 0.54268271 0.18246842 0.54107628 0.18363955 0.54286006 0.18627570 0.57069240 0.18722717 0.57015697 0.18839855 0.57194062 0.18861822 0.57425983 0.18978941 0.57604420 0.19000907 0.57836342 0.19286349 0.57675712 0.19264383 0.57443790 0.19337582 0.57158253 0.19527877 0.57051166 0.19505910 0.56819245 0.19579115 0.56533767 0.19674263 0.56480223 0.19652290 0.56248242 0.19725471 0.55962778 0.20010938 0.55802134 0.19988971 0.55570213 0.20062152 0.55284748 0.20252471 0.55177648 0.20142627 0.54017922 0.20215808 0.53732458 0.19556774 0.46774400 0.19271308 0.46935044 0.19154189 0.46756606 0.18978446 0.44901117 0.19051627 0.44615652 0.19029660 0.44383730 0.18744194 0.44544374 0.18627080 0.44365996 0.18561175 0.43670172 0.18275709 0.43830816 0.18158596 0.43652438 0.17982852 0.41796948 0.18056028 0.41511424 0.18246346 0.41404324 0.18363466 0.41582761 0.18385432 0.41814682 0.18670898 0.41654039 0.18788012 0.41832417 0.18809984 0.42064398 0.19095450 0.41903754 0.18919707 0.40048264 0.18992882 0.39762740 0.18729268 0.36979506 0.18612154 0.36801127 0.17946075 0.37175958 0.17968041 0.37407879 0.17894860 0.37693344 0.17609394 0.37853987 0.17675299 0.38549811 0.17602124 0.38835335 0.17316658 0.38995979
0 0.16672310 0.33251071 0.16826086 0.34874640 0.17587313 0.34446266 0.17704427 0.34624644 0.17858203 0.36248213 0.17953351 0.36194670 0.18070464 0.36373048 0.18546249 0.36105304 0.18392478 0.34481795 0.18465653 0.34196271 0.18158106 0.30949193 0.17872640 0.31109837 0.17755526 0.30931459 0.17579783 0.29075969 0.17652958 0.28790445 0.17843277 0.28683345 0.17960396 0.28861782 0.17279391 0.21671744 0.16993925 0.21832387 0.17037858 0.22296230 0.16964677 0.22581695 0.16679211 0.22742338 0.16562097 0.22563960 0.16518164 0.22100117 0.15947232 0.22421404 0.15830118 0.22243026 0.15259211 0.22564300 0.16203825 0.32537513 0.16130620 0.32822992 0.15845178 0.32983621 0.15889117 0.33447524 0.16555196 0.33072693 0.16672310 0.33251071
0 0.11796423 0.07167746 0.11913537 0.07346124 0.11957470 0.07809967 0.11884295 0.08095491 0.11693976 0.08202591 0.11811114 0.08380956 0.11855053 0.08844858 0.11781847 0.09130336 0.11686700 0.09183880 0.11752600 0.09879644 0.11679425 0.10165168 0.11584253 0.10218725 0.11628186 0.10682568 0.11745330 0.10860991 0.11767296 0.11092913 0.11884410 0.11271291 0.11906376 0.11503212 0.12023490 0.11681590 0.12045462 0.11913571 0.12162600 0.12091936 0.12184567 0.12323857 0.12301686 0.12502295 0.12323653 0.12734216 0.12440766 0.12912594 0.12462733 0.13144515 0.12579846 0.13322893 0.12601818 0.13554874 0.12836070 0.13911617 0.12858042 0.14143598 0.12975156 0.14321976 0.12997122 0.14553897 0.13114236 0.14732275 0.13136203 0.14964197 0.13253346 0.15142620 0.13275313 0.15374542 0.13392427 0.15552920 0.13414398 0.15784901 0.13795012 0.15570714 0.14029239 0.15927470 0.14051206 0.16159392 0.14168344 0.16337756 0.14190316 0.16569737 0.14307430 0.16748115 0.14329396 0.16980036 0.14446515 0.17158474 0.14468482 0.17390395 0.14585596 0.17568773 0.14607562 0.17800695 0.14724676 0.17979073 0.14746648 0.18211053 0.14673467 0.18496518 0.14483173 0.18603605 0.14505139 0.18835526 0.14600286 0.18781983 0.14717406 0.18960420 0.14739372 0.19192342 0.15024838 0.19031698 0.15141952 0.19210076 0.15251790 0.20369743 0.15632403 0.20155556 0.15566498 0.19459732 0.15449384 0.19281354 0.15383485 0.18585590 0.15456660 0.18300066 0.16122740 0.17925236 0.16239859 0.18103673 0.16437568 0.20191084 0.17103648 0.19816254 0.17220762 0.19994632 0.17023052 0.17907221 0.16905938 0.17728843 0.16883966 0.17496862 0.16766853 0.17318484 0.16744886 0.17086562 0.16627767 0.16908125 0.16605800 0.16676204 0.16488662 0.16497839 0.16466696 0.16265918 0.16349582 0.16087540 0.16327610 0.15855559 0.15851849 0.16123289 0.15734736 0.15944911 0.15712769 0.15712990 0.15595626 0.15534566 0.15573659 0.15302644 0.15456545 0.15124266 0.15434579 0.14892345 0.15317465 0.14713967 0.15390640 0.14428443 0.15485788 0.14374899 0.15558993 0.14089421 0.15654140 0.14035878 0.15537026 0.13857500 0.15515054 0.13625519 0.15397916 0.13447155 0.15375950 0.13215233 0.15258836 0.13036855 0.15236869 0.12804933 0.15002612 0.12448132 0.14980646 0.12216210 0.14863526 0.12037773 0.14841560 0.11805851 0.14724446 0.11627473 0.14702479 0.11395552 0.14585366 0.11217174 0.14563394 0.10985193 0.14446280 0.10806815 0.14424313 0.10574894 0.14307170 0.10396470 0.14285203 0.10164548 0.14168090 0.09986170 0.14146123 0.09754249 0.13911866 0.09397447 0.13889899 0.09165526 0.13772786 0.08987147 0.13750813 0.08755167 0.13633700 0.08576788 0.13611733 0.08344867 0.13494620 0.08166489 0.13472653 0.07934568 0.13355534 0.07756130 0.13333567 0.07524209 0.13216429 0.07345844 0.13194457 0.07113864 0.13077344 0.06935485 0.13055377 0.06703564 0.12938263 0.06525186 0.12916297 0.06293265 0.12682039 0.05936463 0.12660073 0.05704541 0.12542954 0.05526104 0.12469779 0.05811628 0.11898846 0.06132915 0.12015960 0.06311293 0.12059899 0.06775195 0.11986718 0.07060660 0.11796423 0.07167746
0 0.12154951 0.03545791 0.12272066 0.03724187 0.12294034 0.03956126 0.12411149 0.04134516 0.12433117 0.04366449 0.12550232 0.04544845 0.12572200 0.04776785 0.12689315 0.04955174 0.12711283 0.05187108 0.12945539 0.05543898 0.12967505 0.05775819 0.13084619 0.05954197 0.13106591 0.06186178 0.13223729 0.06364542 0.13245696 0.06596464 0.13362810 0.06774842 0.13384776 0.07006763 0.13501895 0.07185201 0.13523862 0.07417122 0.13640976 0.07595500 0.13662948 0.07827481 0.13897199 0.08184224 0.13919166 0.08416145 0.14036280 0.08594523 0.14058252 0.08826504 0.14175365 0.09004882 0.14197332 0.09236803 0.14314476 0.09415227 0.14336442 0.09647148 0.14453556 0.09825527 0.14475522 0.10057448 0.14592636 0.10235826 0.14614608 0.10467807 0.14731722 0.10646185 0.14753688 0.10878106 0.14987946 0.11234908 0.15009912 0.11466830 0.15127026 0.11645208 0.15148992 0.11877129 0.15266112 0.12055567 0.15288078 0.12287488 0.15405216 0.12465852 0.15427188 0.12697833 0.15544302 0.12876211 0.15566268 0.13108133 0.15683382 0.13286511 0.15705348 0.13518432 0.15939582 0.13875248 0.15961548 0.14107169 0.16078692 0.14285593 0.16100658 0.14517514 0.16217772 0.14695893 0.16239738 0.14927814 0.16356852 0.15106192 0.16378824 0.15338173 0.16495962 0.15516537 0.16517929 0.15748459 0.16635048 0.15926896 0.16657014 0.16158818 0.16774128 0.16337196 0.16796095 0.16569117 0.16913208 0.16747495 0.16935180 0.16979476 0.17052294 0.17157854 0.17074261 0.17389775 0.17191404 0.17568199 0.18926862 0.35891117 0.19043982 0.36069555 0.23896807 0.33338670 0.24013921 0.33517048 0.24299387 0.33356404 0.24255449 0.32892502 0.24065130 0.32999602 0.23948016 0.32821224 0.23926050 0.32589303 0.23640584 0.32749946 0.23523464 0.32571509 0.23193950 0.29092510 0.22908484 0.29253153 0.22791365 0.29074716 0.22703499 0.28147030 0.20990751 0.29110864 0.20873608 0.28932440 0.20675898 0.26845029 0.20749103 0.26559551 0.20617293 0.25167904 0.20331827 0.25328547 0.20214689 0.25150183 0.20082885 0.23758595 0.20156084 0.23473057 0.20441550 0.23312414 0.19826450 0.16818199 0.19636131 0.16925299 0.19519017 0.16746921 0.19497051 0.16515000 0.19379912 0.16336635 0.19357941 0.16104655 0.19240827 0.15926277 0.19218860 0.15694355 0.19101741 0.15515918 0.19079775 0.15283996 0.18962661 0.15105618 0.18940694 0.14873697 0.18823581 0.14695318 0.18801609 0.14463338 0.18567357 0.14106595 0.18545385 0.13874615 0.18428271 0.13696237 0.18406304 0.13464315 0.18289166 0.13285951 0.18267200 0.13054029 0.18150081 0.12875592 0.18128114 0.12643670 0.18011001 0.12465292 0.17989028 0.12233311 0.17871915 0.12054933 0.17849948 0.11823012 0.17732835 0.11644634 0.17710868 0.11412712 0.17593724 0.11234289 0.17571758 0.11002367 0.17337525 0.10645552 0.17315558 0.10413630 0.17198420 0.10235266 0.17176454 0.10003345 0.17059340 0.09824966 0.17037368 0.09592986 0.16920254 0.09414608 0.16898288 0.09182686 0.16781169 0.09004249 0.16759202 0.08772327 0.16642088 0.08593949 0.16620122 0.08362028 0.16502984 0.08183663 0.16481012 0.07951682 0.16363898 0.07773304 0.16341931 0.07541383 0.16107674 0.07184581 0.16085708 0.06952660 0.15968594 0.06774282 0.15946627 0.06542360 0.15829508 0.06363923 0.15807542 0.06132001 0.15690428 0.05953623 0.15668456 0.05721643 0.15551342 0.05543264 0.15529376 0.05311343 0.15412238 0.05132979 0.15390271 0.04901057 0.15273152 0.04722620 0.15251185 0.04490698 0.15016928 0.04133896 0.14994963 0.03901987 0.14614374 0.04116160 0.14497235 0.03937784 0.14475267 0.03705851 0.14094654 0.03920037 0.13977538 0.03741641 0.13933603 0.03277769 0.13838455 0.03331312 0.13765276 0.03616789 0.13574957 0.03723889 0.13457842 0.03545499 0.13413906 0.03081627 0.13318735 0.03135183 0.13201619 0.02956787 0.13179652 0.02724854 0.13062537 0.02546464 0.13040569 0.02314525 0.12923453 0.02136129 0.12901486 0.01904196 0.12520872 0.02118383 0.12403733 0.01940006 0.12381765 0.01708067 0.11620538 0.02136441 0.11737678 0.02314823 0.11759646 0.02546756 0.11876760 0.02725146 0.11898729 0.02957086 0.12132983 0.03313858 0.12154951 0.03545791
0 0.08473209 0.04884766 0.08758675 0.04724123 0.08875790 0.04902519 0.08897758 0.05134452 0.09014873 0.05312842 0.10727645 0.04348995 0.10844760 0.04527391 0.10866728 0.04759330 0.11247342 0.04545143 0.11364456 0.04723533 0.11386424 0.04955466 0.12147651 0.04527093 0.11913421 0.04170313 0.11891453 0.03938373 0.11774313 0.03759991 0.11752346 0.03528058 0.11518115 0.03171272 0.11496147 0.02939333 0.11379032 0.02760943 0.11357065 0.02529010 0.11122810 0.02172232 0.11100842 0.01940298 0.10983727 0.01761908 0.10961759 0.01529969 0.10844644 0.01351573 0.08465792 0.02690251 0.08392613 0.02975733 0.08107171 0.03136363 0.08129140 0.03368302 0.08246254 0.03546692 0.08356093 0.04706371 0.08473209 0.04884766
0 0.10947067 0.00316745 0.10566454 0.00530932 0.10449338 0.00352538 0.08355953 0.01530573 0.08282774 0.01816052 0.08092479 0.01923139 0.08209594 0.02101532 0.08231563 0.02333471 0.10991003 0.00780620 0.10947067 0.00316745
0 0.86101924 0.56413702 0.84901095 0.53524957 0.78679475 0.54081640 0.77625017 0.51036733 0.74594674 0.50968607 0.73584152 0.48050571 0.68270129 0.48333930 0.60745734 0.49759293 0.61653821 0.52960361 0.58506480 0.53712041 0.59560938 0.56756948 0.65972865 0.56170975 0.67217629 0.59186590 0.86101924 0.56413702
0 0.05436186 0.74717017 0.04865278 0.74922962 0.06095479 0.83248878 0.06951853 0.82939957 0.05853456 0.75506084 0.05663162 0.75574729 0.05546023 0.75460393 0.05436186 0.74717017
0 0.12719446 0.77883964 0.12433980 0.77986940 0.12316842 0.77872604 0.11811579 0.74453022 0.11884785 0.74270023 0.11643137 0.72634566 0.11452818 0.72703220 0.11335704 0.72588875 0.11313732 0.72440169 0.11028266 0.72543146 0.10911152 0.72428801 0.10757376 0.71388052 0.08759162 0.72108870 0.10033301 0.80732160 0.12031515 0.80011341 0.12009549 0.79862673 0.12082724 0.79679645 0.12939122 0.79370715 0.12719446 0.77883964
0 0.07281022 0.79062777 0.07090703 0.79131431 0.07310379 0.80618183 0.07427498 0.80732566 0.07603241 0.81921982 0.09886921 0.81098187 0.08524910 0.71880189 0.06241230 0.72703985 0.06168049 0.72886975 0.06892988 0.77793309 0.07083307 0.77724655 0.07200426 0.77839038 0.07354197 0.78879749 0.07281022 0.79062777
0 0.00000000 0.76364797 0.00063673 0.76341829 0.00041706 0.76193161 0.00188080 0.75827176 0.01805681 0.75243657 0.01783708 0.75094951 0.01856913 0.74911952 0.03379367 0.74362755 0.03496481 0.74477100 0.03591628 0.74442778 0.03481790 0.73699402 0.03554971 0.73516412 0.04030755 0.73344781 0.03986817 0.73047408 0.04059998 0.72864418 0.04016059 0.72567045 0.03825740 0.72635699 0.03708627 0.72521354 0.03686660 0.72372686 0.03759841 0.72189696 0.03950160 0.72121042 0.03928193 0.71972374 0.03737874 0.72041028 0.03620755 0.71926645 0.03598789 0.71777978 0.03671969 0.71594988 0.03767141 0.71560656 0.03745169 0.71411951 0.03554850 0.71480605 0.03481675 0.71663633 0.02625277 0.71972563 0.02647243 0.72121230 0.02764381 0.72235566 0.02786353 0.72384272 0.02713148 0.72567271 0.02522854 0.72635916 0.02449673 0.72818906 0.02259354 0.72887560 0.02281321 0.73036228 0.02208140 0.73219218 0.01542061 0.73459494 0.01564032 0.73608200 0.01490852 0.73791190 0.01300533 0.73859844 0.01322499 0.74008511 0.01249329 0.74191538 0.00773564 0.74363161 0.00795530 0.74511829 0.00722345 0.74694821 0.00532036 0.74763471 0.00458850 0.74946463 0.00268543 0.75015113 0.00312482 0.75312486 0.00239294 0.75495479 0.00000000 0.75581800 0.00000000 0.76364797
0 0.13794752 0.66847159 0.13721571 0.67030150 0.13340958 0.67167449 0.13267783 0.67350477 0.12030796 0.67796697 0.12052762 0.67945365 0.11979557 0.68128364 0.11028036 0.68471608 0.10910898 0.68357271 0.10244843 0.68597538 0.10171638 0.68780537 0.10303448 0.69672619 0.10420586 0.69786955 0.10486485 0.70232958 0.11628325 0.69821060 0.11606359 0.69672392 0.11679539 0.69489402 0.12821379 0.69077505 0.12799413 0.68928837 0.12872594 0.68745847 0.15822353 0.67681776 0.15800381 0.67533070 0.15873562 0.67350080 0.17015402 0.66938182 0.16993435 0.66789515 0.17066610 0.66606486 0.17542395 0.66434856 0.17322719 0.64948104 0.16751787 0.65154057 0.16773754 0.65302725 0.16700573 0.65485715 0.14987825 0.66103557 0.15009797 0.66252263 0.14936592 0.66435262 0.13794752 0.66847159
0 0.83131781 0.95552063 0.89840091 0.93938796 0.88576999 0.88918101 0.81835738 0.90382690 0.83131781 0.95552063
0 0.70714272 0.98538321 0.79420801 0.96444507 0.78410218 0.91206485 0.70131878 0.93197324 0.70714272 0.98538321
0 0.58921195 0.86027456 0.55144312 0.86622547 0.54211105 0.87160175 0.55079142 0.94468298 0.55748918 0.94777030 0.60140596 0.93564284 0.58921195 0.86027456
