0 0.34521899 0.53906250 0.34678734 0.40052200 0.34269089 0.40041175 0.34259555 0.40883332 0.34120636 0.41090183 0.33437918 0.41071808 0.33298963 0.41278658 0.33279896 0.42962972 0.33140975 0.43169877 0.32458257 0.43151502 0.32319337 0.43358354 0.32300270 0.45042667 0.32161315 0.45249517 0.31342060 0.45227468 0.31330143 0.46280151 0.31191223 0.46487055 0.30371933 0.46465005 0.30355250 0.47938739 0.30216329 0.48145644 0.29397040 0.48123594 0.29380356 0.49597328 0.29241436 0.49804233 0.28422146 0.49782182 0.28400696 0.51677022 0.28261776 0.51883873 0.27305949 0.51858148 0.27294033 0.52910830 0.27155112 0.53117735 0.26335857 0.53095686 0.26326681 0.53906250 0.34521899 0.53906250
0 0.34960938 0.13944978 0.31151006 0.13842438 0.31012052 0.14049288 0.23502083 0.13847165 0.23492549 0.14689322 0.23353594 0.14896226 0.23336911 0.16369960 0.23197990 0.16576865 0.22515272 0.16558490 0.22376352 0.16765341 0.22239780 0.16761666 0.22206413 0.19709187 0.22067493 0.19916093 0.22048425 0.21600406 0.23140788 0.21629806 0.23274942 0.21844006 0.23270175 0.22265058 0.24226001 0.22290783 0.24360155 0.22504984 0.24348237 0.23557720 0.24484809 0.23561396 0.24618962 0.23775596 0.25028607 0.23786621 0.25162760 0.24000822 0.25435834 0.24008171 0.25570022 0.24222373 0.25565255 0.24643478 0.26521046 0.24669202 0.26655234 0.24883404 0.26648084 0.25515035 0.26782237 0.25729235 0.27738064 0.25754961 0.27872217 0.25969161 0.27865067 0.26600792 0.28820893 0.26626517 0.28955046 0.26840771 0.28943129 0.27893454 0.29216237 0.27900804 0.29350390 0.28115005 0.29896572 0.28129705 0.30164878 0.28558160 0.30162495 0.28768686 0.31118321 0.28794411 0.31252474 0.29008611 0.31242941 0.29850768 0.32335304 0.29880168 0.32469492 0.30094369 0.32459958 0.30936526 0.33415750 0.30962250 0.33549938 0.31176452 0.33547554 0.31387031 0.33681707 0.31601232 0.33679324 0.31811757 0.34635150 0.31837482 0.34769303 0.32051737 0.34766920 0.32262263 0.34960938 0.15123652 0.34960938 0.13944978
0 0.72173849 0.33339153 0.72169415 0.33549679 0.71910913 0.33756529 0.68862736 0.33712430 0.68858303 0.33922956 0.68599800 0.34129806 0.65551558 0.34085706 0.65516087 0.35770020 0.65257648 0.35976925 0.65160102 0.40608761 0.66684255 0.40630811 0.66688689 0.40420286 0.66947127 0.40213434 0.68471215 0.40235484 0.68475648 0.40024958 0.68734152 0.39818054 0.70258241 0.39840104 0.70262674 0.39629578 0.70521112 0.39422727 0.71791196 0.39441101 0.71795631 0.39230522 0.72054134 0.39023672 0.75102375 0.39067771 0.75106809 0.38857246 0.75365246 0.38650395 0.76889400 0.38672445 0.76893833 0.38461919 0.77152272 0.38255014 0.80454518 0.38302789 0.80467820 0.37671158 0.80726257 0.37464307 0.81996342 0.37482681 0.82000776 0.37272156 0.80730691 0.37253781 0.80481121 0.37039580 0.80503291 0.35986844 0.80761729 0.35779993 0.82031813 0.35798368 0.82290316 0.35591518 0.82325787 0.33907204 0.82076152 0.33693002 0.82107190 0.32219214 0.79059013 0.32175116 0.79054580 0.32385641 0.78796077 0.32592491 0.77271989 0.32570442 0.77258687 0.33202073 0.77000248 0.33408978 0.72173849 0.33339153
0 0.68180470 0.29911726 0.68438909 0.29704821 0.71487150 0.29748921 0.71491584 0.29538395 0.71750021 0.29331544 0.75052332 0.29379320 0.75056767 0.29168740 0.75315204 0.28961889 0.76839293 0.28983938 0.76843726 0.28773413 0.77102229 0.28566563 0.81674559 0.28632712 0.81678993 0.28422186 0.80408908 0.28403811 0.80159274 0.28189556 0.80177010 0.27347399 0.80435512 0.27140549 0.81959601 0.27162598 0.81999506 0.25267759 0.81749936 0.25053558 0.81763238 0.24421927 0.80493153 0.24403553 0.80243519 0.24189297 0.80274556 0.22715563 0.80533060 0.22508659 0.81295136 0.22519684 0.81544705 0.22733939 0.81798709 0.22737613 0.81887388 0.18526829 0.71980586 0.18383505 0.71967285 0.19015082 0.71708846 0.19221987 0.65104355 0.19126438 0.64873790 0.30074478 0.68176036 0.30122252 0.68180470 0.29911726
0 0.61325075 0.17597525 0.61075504 0.17383325 0.61288334 0.07277442 0.40966689 0.06983444 0.40962256 0.07193970 0.41470296 0.07201320 0.41719879 0.07415520 0.41502615 0.17731982 0.61316206 0.18018631 0.61325075 0.17597525
0 0.39888534 0.09916266 0.39950609 0.06968744 0.35378246 0.06902594 0.35147682 0.17850634 0.35655722 0.17857984 0.35914179 0.17651133 0.39978501 0.17709933 0.40138124 0.10130467 0.39888534 0.09916266
0 0.66631609 0.06933511 0.66627175 0.07144037 0.66368671 0.07350941 0.64844583 0.07328891 0.64640622 0.17013669 0.74801428 0.17160668 0.75059866 0.16953817 0.76075946 0.16968517 0.76334384 0.16761666 0.81414852 0.16835166 0.81419286 0.16624640 0.80149136 0.16606265 0.79899567 0.16392010 0.79912869 0.15760379 0.80171306 0.15553528 0.81695460 0.15575578 0.81726498 0.14101790 0.80202344 0.14079740 0.79952774 0.13865540 0.79966075 0.13233962 0.80224513 0.13027057 0.81494663 0.13045433 0.81552304 0.10308437 0.80282155 0.10290061 0.80032584 0.10075861 0.80050320 0.09233704 0.80308759 0.09026799 0.81578908 0.09045174 0.81636549 0.06308178 0.75285997 0.06216303 0.75281562 0.06426883 0.75023125 0.06633734 0.69942722 0.06560234 0.69938288 0.06770760 0.69679851 0.06977611 0.66631609 0.06933511
0 1.00000000 0.00466363 0.97768353 0.00434077 0.97755052 0.01065697 0.98004686 0.01279910 1.00000000 0.01308776 1.00000000 0.00466363
0 0.85054077 0.00881949 0.85303647 0.01096160 0.96988541 0.01265209 0.97006277 0.00423052 0.85067379 0.00250329 0.85054077 0.00881949
0 0.73382420 0.00081279 0.73360250 0.01133973 0.73609885 0.01348190 0.79960372 0.01440064 0.80218810 0.01233197 0.80240980 0.00180504 0.73382420 0.00081279
0 0.66015319 0.00000000 0.65993682 0.01027399 0.66243252 0.01241615 0.72847808 0.01337165 0.72874412 0.00073930 0.67764259 0.00000000 0.66015319 0.00000000
0 0.35523614 0.00000000 0.35511265 0.00586402 0.48720312 0.00777500 0.48978750 0.00570638 0.59647629 0.00724988 0.59662897 0.00000000 0.35523614 0.00000000
0 0.00000000 0.76587836 0.02331609 0.76701459 0.03520349 0.75745497 0.04811349 0.68931053 0.04444645 0.67557256 0.00000000 0.67435207 0.00000000 0.76587836
0 0.34960938 0.70759634 0.12417151 0.69649840 0.10971772 0.74117482 0.10896781 0.78413703 0.20263536 0.78967885 0.21705506 0.74695525 0.34960938 0.75026608 0.34960938 0.70759634
0 0.34960938 0.77211586 0.35933197 0.77748443 0.75267700 0.83934415 0.77053423 0.78633067 0.38240263 0.72180197 0.34960938 0.77175851 0.34960938 0.77211586
