0 0.00000000 0.60878345 0.00688174 0.61034741 0.00715356 0.59771363 0.00798541 0.59536370 0.01265025 0.59642384 0.01286772 0.58631668 0.01369954 0.58396674 0.01758702 0.58485022 0.01841882 0.58249962 0.01919625 0.58267630 0.01930497 0.57762305 0.02013677 0.57527245 0.02246924 0.57580254 0.02330103 0.57345259 0.02485607 0.57380599 0.02518226 0.55864558 0.02601406 0.55629499 0.02990138 0.55717843 0.03156515 0.55247858 0.03312000 0.55283193 0.03395179 0.55048199 0.03628426 0.55101207 0.03737158 0.50047629 0.03270684 0.49941617 0.03198379 0.49671222 0.03230999 0.48155181 0.03153236 0.48137509 0.03080930 0.47867178 0.02769941 0.47796502 0.02697636 0.47526106 0.02719381 0.46515456 0.02563876 0.46480115 0.02491572 0.46209720 0.02258325 0.46156712 0.02186019 0.45886381 0.02213201 0.44623003 0.01746707 0.44516986 0.01674405 0.44246657 0.01696153 0.43235877 0.00607692 0.42988511 0.00602255 0.43241238 0.00519070 0.43476232 0.00052586 0.43370217 0.00014529 0.45138986 0.00000000 0.45180031 0.00000000 0.60878345
0 0.03535450 0.34005164 0.03452251 0.34240154 0.03063519 0.34151810 0.03036336 0.35415188 0.02953156 0.35650247 0.02408920 0.35526563 0.02370865 0.37295267 0.02287685 0.37530326 0.02209942 0.37512659 0.02126744 0.37747649 0.01815758 0.37676974 0.01777701 0.39445742 0.01694519 0.39680736 0.01228035 0.39574722 0.01217161 0.40080112 0.01683645 0.40186126 0.01755955 0.40456457 0.01728772 0.41719836 0.02195262 0.41825851 0.02267568 0.42096182 0.02240386 0.43359560 0.02706880 0.43465576 0.02779184 0.43735972 0.02752001 0.44999350 0.03218476 0.45105362 0.03290802 0.45375697 0.03269055 0.46386413 0.03341360 0.46656808 0.03730092 0.46745152 0.03802398 0.47015482 0.03791525 0.47520808 0.03947030 0.47556148 0.04019336 0.47826479 0.04330325 0.47897155 0.04402630 0.48167550 0.04397194 0.48420213 0.04314015 0.48655208 0.04297705 0.49413261 0.06474631 0.49907994 0.06501813 0.48644615 0.06584994 0.48409556 0.07129230 0.48533240 0.07150975 0.47522589 0.07234155 0.47287530 0.07622907 0.47375878 0.07633779 0.46870553 0.07716959 0.46635493 0.07722396 0.46382831 0.07805574 0.46147836 0.08194306 0.46236180 0.08277505 0.46001189 0.08293815 0.45243137 0.08376993 0.45008142 0.08610220 0.45061146 0.08693420 0.44826090 0.08771163 0.44843758 0.08776599 0.44591096 0.08859778 0.44356101 0.08870650 0.43850775 0.08953850 0.43615721 0.09342582 0.43704065 0.09425761 0.43469070 0.09463817 0.41700301 0.09391511 0.41429971 0.09402385 0.40924581 0.09091396 0.40853904 0.08946764 0.40313239 0.08952200 0.40060576 0.08879894 0.39790246 0.08896204 0.39032193 0.08507472 0.38943849 0.08435168 0.38673453 0.08446040 0.38168128 0.07979546 0.38062112 0.07907240 0.37791781 0.07928987 0.36781065 0.07462493 0.36675049 0.07390188 0.36404654 0.07401060 0.35899328 0.06934566 0.35793312 0.06862260 0.35522981 0.06867697 0.35270318 0.06795392 0.34999923 0.06806264 0.34494598 0.06339770 0.34388581 0.06267466 0.34118186 0.06283775 0.33360198 0.05817300 0.33254186 0.05744974 0.32983851 0.05761285 0.32225798 0.05528057 0.32172794 0.05444879 0.32407789 0.05367117 0.32390117 0.05222506 0.31849391 0.05238815 0.31091403 0.04305846 0.30879374 0.04222668 0.31114369 0.04144905 0.31096697 0.04128595 0.31854750 0.04045417 0.32089744 0.03578943 0.31983732 0.03535450 0.34005164
0 0.00000000 0.36248663 0.00515801 0.36365885 0.00537547 0.35355169 0.00465237 0.35084837 0.00476111 0.34579448 0.00559294 0.34344454 0.01103526 0.34468137 0.01108963 0.34215474 0.01192145 0.33980480 0.01235638 0.31959049 0.01318822 0.31723991 0.01863055 0.31847674 0.01868491 0.31595012 0.01951673 0.31360018 0.01984294 0.29843912 0.02067469 0.29608916 0.02611705 0.29732601 0.02655198 0.27711170 0.02738377 0.27476175 0.02816139 0.27493847 0.02888445 0.27764178 0.03277177 0.27852522 0.03331544 0.25325701 0.03414722 0.25090706 0.03492485 0.25108378 0.03564791 0.25378709 0.04031265 0.25484721 0.04080194 0.23210627 0.04163393 0.22975637 0.04552125 0.23063981 0.04624431 0.23334311 0.04702173 0.23351979 0.04745666 0.21330548 0.04828864 0.21095558 0.05217596 0.21183902 0.05300775 0.20948907 0.05456280 0.20984247 0.05494336 0.19215479 0.05577515 0.18980484 0.06121751 0.19104169 0.06148936 0.17840726 0.06232114 0.17605731 0.06253861 0.16595015 0.06337039 0.16360020 0.06414801 0.16377693 0.06487108 0.16648023 0.06798097 0.16718700 0.06825280 0.15455321 0.00372245 0.13988791 0.00000000 0.31289678 0.00000000 0.36248663
0 0.10843116 0.10274477 0.10805059 0.12043246 0.10721881 0.12278241 0.10177644 0.12154556 0.10139588 0.13923324 0.10056409 0.14158319 0.09900904 0.14122979 0.09817726 0.14357974 0.09506737 0.14287298 0.09452369 0.16814119 0.09369191 0.17049114 0.08747212 0.16907762 0.08714593 0.18423802 0.08631413 0.18658862 0.08242681 0.18570518 0.08159483 0.18805508 0.08081740 0.18787840 0.07998562 0.19022835 0.07971379 0.20286213 0.07888179 0.20521268 0.07732694 0.20485932 0.07649515 0.20720928 0.07416269 0.20667919 0.07389086 0.21931297 0.07305907 0.22166292 0.07284159 0.23177072 0.07200961 0.23412063 0.06812229 0.23323719 0.06729050 0.23558714 0.06723614 0.23811376 0.06640435 0.24046371 0.06618687 0.25057151 0.06535489 0.25292142 0.06380004 0.25256806 0.06296825 0.25491801 0.05985836 0.25421124 0.05953216 0.26937230 0.05870017 0.27172220 0.05325800 0.27048541 0.05242602 0.27283531 0.05209981 0.28799637 0.05831960 0.28940989 0.05904286 0.29211324 0.05898850 0.29463987 0.05815651 0.29698977 0.05810215 0.29951639 0.06432194 0.30092992 0.06504519 0.30363392 0.06471900 0.31879432 0.07093878 0.32020785 0.07166184 0.32291115 0.07160747 0.32543843 0.07077568 0.32778838 0.07072132 0.33031500 0.07694111 0.33172853 0.07766415 0.33443248 0.07728360 0.35211952 0.08272596 0.35335636 0.08344901 0.35606031 0.08328592 0.36364019 0.08872829 0.36487704 0.08945135 0.36758034 0.08917951 0.38021477 0.09539929 0.38162829 0.09612236 0.38433160 0.09595925 0.39191213 0.09668251 0.39461548 0.10912209 0.39744252 0.10928519 0.38986200 0.11011698 0.38751205 0.11478172 0.38857217 0.11561370 0.38622226 0.11583117 0.37611511 0.11666297 0.37376451 0.12288276 0.37517804 0.12315459 0.36254425 0.12398637 0.36019431 0.12942874 0.36143115 0.12953748 0.35637725 0.13036926 0.35402730 0.13042362 0.35150067 0.13125541 0.34915072 0.13514293 0.35003421 0.13525167 0.34498031 0.13608345 0.34263036 0.13619219 0.33757646 0.13702398 0.33522651 0.14324377 0.33664003 0.14356996 0.32147962 0.14440176 0.31912903 0.14984412 0.32036587 0.15006157 0.31025937 0.15089337 0.30790877 0.15633574 0.30914561 0.15666193 0.29398520 0.15749371 0.29163525 0.16293608 0.29287210 0.16315356 0.28276429 0.16398535 0.28041435 0.16414843 0.27283446 0.16498023 0.27048387 0.17042260 0.27172071 0.17064006 0.26161356 0.17147185 0.25926361 0.17158057 0.25421036 0.16691583 0.25315024 0.16608405 0.25550019 0.16530643 0.25532346 0.16458336 0.25262016 0.16523577 0.22229804 0.15901599 0.22088452 0.15829292 0.21818121 0.15861911 0.20302080 0.15317675 0.20178396 0.15245370 0.19908001 0.15283425 0.18139297 0.14661447 0.17997945 0.14589142 0.17727550 0.14687001 0.13179362 0.14376011 0.13108686 0.14303685 0.12838351 0.14148200 0.12803015 0.14075894 0.12532684 0.14141135 0.09500473 0.13596899 0.09376789 0.13524593 0.09106458 0.13557212 0.07590417 0.13484907 0.07320022 0.13407145 0.07302350 0.13334838 0.07032032 0.12246386 0.06784668 0.12235512 0.07290045 0.12152313 0.07525035 0.11530335 0.07383683 0.11470531 0.10163167 0.11387353 0.10398162 0.10843116 0.10274477
0 0.63481614 0.39188309 0.40634469 0.32918164 0.39567611 0.36791351 0.62436442 0.43268699 0.63481614 0.39188309
0 0.65735215 0.34960034 0.42910727 0.28614230 0.41308169 0.32221643 0.64298025 0.38283940 0.65735215 0.34960034
0 0.67833156 0.29729283 0.43984733 0.22863241 0.42629098 0.25989923 0.66515950 0.33319428 0.67833156 0.29729283
0 0.69396806 0.26487157 0.45053848 0.19862620 0.44353739 0.21341973 0.68733875 0.28354915 0.69396806 0.26487157
0 0.52344332 0.47977905 0.40726464 0.44888474 0.39548212 0.48118429 0.52252969 0.51315819 0.52344332 0.47977905
0 0.50026617 0.53113546 0.38437547 0.50224282 0.37218076 0.53233198 0.49095507 0.56792587 0.50026617 0.53113546
0 0.48296268 0.58345798 0.36530112 0.54666644 0.35168900 0.57992518 0.47092090 0.61345011 0.48296268 0.58345798
0 0.45071805 0.64843750 0.45620485 0.63016457 0.34170088 0.59985881 0.32393489 0.63286001 0.38624670 0.64843750 0.45071805 0.64843750
0 0.32926909 0.59313979 0.21276647 0.56071755 0.20365969 0.58046239 0.22100398 0.58338417 0.20938511 0.59953060 0.31549023 0.63007186 0.32926909 0.59313979
0 0.35395235 0.54671083 0.23430653 0.51068760 0.22719794 0.52625426 0.24457283 0.53352431 0.24061440 0.54622739 0.34540181 0.57379609 0.35395235 0.54671083
0 0.24931670 0.46280842 0.23996466 0.48935084 0.36163043 0.53088283 0.37654598 0.50009070 0.24931670 0.46280842
0 0.39316910 0.43915394 0.27771213 0.40760167 0.25854062 0.44147846 0.38354237 0.47501991 0.39316910 0.43915394
0 0.73307909 0.65623260 0.72974191 0.65750674 0.72350379 0.65731516 0.72016661 0.65858929 0.71704675 0.65849348 0.71370956 0.65976765 0.70747064 0.65957605 0.70413346 0.66085022 0.70101440 0.66075443 0.69767722 0.66202857 0.69143830 0.66183697 0.68810112 0.66311111 0.68186219 0.66291950 0.67852501 0.66419368 0.67540595 0.66409789 0.67206877 0.66537206 0.66582984 0.66518046 0.66249267 0.66645459 0.65937360 0.66635880 0.65603563 0.66763292 0.64979750 0.66744134 0.64646032 0.66871551 0.64334126 0.66861972 0.64000328 0.66989387 0.63376515 0.66970229 0.63042718 0.67097641 0.62730811 0.67088062 0.62397094 0.67215476 0.62353469 0.67489468 0.62643563 0.67636040 0.62599939 0.67910029 0.62890033 0.68056604 0.62868222 0.68193597 0.63158396 0.68340171 0.63114770 0.68614171 0.63404866 0.68760736 0.63361239 0.69034743 0.63651335 0.69181307 0.63629524 0.69318293 0.63919699 0.69464860 0.63876073 0.69738867 0.64166168 0.69885432 0.64122541 0.70159439 0.64412637 0.70306003 0.64390826 0.70442989 0.64680922 0.70589554 0.64637295 0.70863561 0.64927391 0.71010125 0.64883764 0.71284132 0.65173939 0.71430699 0.65152128 0.71567685 0.65442224 0.71714250 0.65398597 0.71988257 0.65688693 0.72134821 0.65645066 0.72408828 0.65935242 0.72555395 0.65913431 0.72692381 0.66203526 0.72838946 0.66181716 0.72975932 0.66493622 0.72985511 0.66827339 0.72858104 0.67139245 0.72867683 0.67473042 0.72740279 0.68096854 0.72759437 0.68430650 0.72632032 0.68742556 0.72641611 0.69076273 0.72514204 0.69700086 0.72533362 0.70033888 0.72405923 0.70345794 0.72415502 0.70679511 0.72288095 0.71303403 0.72307255 0.71637120 0.72179848 0.71949026 0.72189428 0.72282748 0.72061986 0.72906640 0.72081146 0.73240357 0.71953739 0.73552343 0.71963321 0.73886060 0.71835914 0.74509872 0.71855072 0.74843588 0.71727665 0.75155575 0.71737246 0.75489291 0.71609839 0.76113184 0.71629000 0.76446906 0.71501558 0.76758812 0.71511137 0.77092529 0.71383730 0.77716421 0.71402891 0.78050138 0.71275484 0.78362044 0.71285063 0.78695846 0.71157623 0.79319658 0.71176781 0.79653375 0.71049374 0.79965281 0.71058953 0.80299078 0.70931549 0.80922890 0.70950707 0.81256687 0.70823303 0.81568593 0.70832882 0.81902310 0.70705475 0.82526122 0.70724633 0.82859924 0.70597193 0.83171830 0.70606772 0.83505547 0.70479366 0.84129439 0.70498526 0.84463156 0.70371119 0.85086968 0.70390277 0.85420770 0.70262838 0.85732676 0.70272417 0.86066393 0.70145010 0.86088204 0.70008024 0.85798108 0.69861459 0.85819919 0.69724473 0.85529829 0.69577873 0.85573450 0.69303902 0.85283280 0.69157300 0.85305090 0.69020321 0.85014995 0.68873749 0.85058619 0.68599760 0.84768525 0.68453185 0.84790337 0.68316192 0.84500243 0.68169620 0.84543867 0.67895627 0.84253773 0.67749055 0.84297397 0.67475066 0.84007223 0.67328488 0.84029035 0.67191496 0.83738940 0.67044924 0.83782565 0.66770931 0.83492471 0.66624359 0.83514282 0.66487367 0.83224108 0.66340789 0.83267732 0.66066800 0.82977638 0.65920228 0.82999450 0.65783232 0.82709356 0.65636658 0.82731168 0.65499663 0.75556848 0.65279332 0.75223130 0.65406748 0.74911224 0.65397169 0.74577505 0.65524584 0.73953613 0.65505424 0.73619895 0.65632841 0.73307909 0.65623260
0 0.32056523 0.64843750 0.32046494 0.64906734 0.32336589 0.65053306 0.32314777 0.65190299 0.32604871 0.65336874 0.32561247 0.65610863 0.32851341 0.65757435 0.32829529 0.65894431 0.33119623 0.66041007 0.33076000 0.66314992 0.33366173 0.66461570 0.33344361 0.66598567 0.33634456 0.66745138 0.33590831 0.67019127 0.33880925 0.67165703 0.33859113 0.67302696 0.34149288 0.67449270 0.34105662 0.67723270 0.34395758 0.67869834 0.34352131 0.68143841 0.34642226 0.68290406 0.34620416 0.68427391 0.34910511 0.68573956 0.34866884 0.68847963 0.35156980 0.68994528 0.35135170 0.69131514 0.35425339 0.69278116 0.35381718 0.69552088 0.35671813 0.69698652 0.35628187 0.69972659 0.35918282 0.70119224 0.35896472 0.70256210 0.36186642 0.70402812 0.36143020 0.70676784 0.36433116 0.70823348 0.36411306 0.70960334 0.36701395 0.71106934 0.36657774 0.71380905 0.36947864 0.71527505 0.36904243 0.71801477 0.37194338 0.71948042 0.37172528 0.72085028 0.37462698 0.72231630 0.37419076 0.72505602 0.37709167 0.72652201 0.37665545 0.72926173 0.37955641 0.73072738 0.37933830 0.73209724 0.38224000 0.73356326 0.38180379 0.73630298 0.38470469 0.73776897 0.38426848 0.74050869 0.38716943 0.74197434 0.38695132 0.74334420 0.38985222 0.74481020 0.38941601 0.74754991 0.39231691 0.74901591 0.39188070 0.75175563 0.39478245 0.75322130 0.39456435 0.75459116 0.39746525 0.75605715 0.39702903 0.75879687 0.39992994 0.76026287 0.39971183 0.76163273 0.40261358 0.76309840 0.40217737 0.76583812 0.40507827 0.76730412 0.40464206 0.77004383 0.40754296 0.77150983 0.40732485 0.77287969 0.41022581 0.77434534 0.40978959 0.77708505 0.41269049 0.77855105 0.41247239 0.77992091 0.41537414 0.78138658 0.41493787 0.78412665 0.41783883 0.78559229 0.41740262 0.78833201 0.42030352 0.78979801 0.42008541 0.79116787 0.42298716 0.79263354 0.42255090 0.79537361 0.42545185 0.79683926 0.42501564 0.79957897 0.42791654 0.80104497 0.42769844 0.80241483 0.43059939 0.80388048 0.43016312 0.80662054 0.43306408 0.80808619 0.43618394 0.80818201 0.43952110 0.80690794 0.44576003 0.80709954 0.44909719 0.80582547 0.45221625 0.80592126 0.45555348 0.80464684 0.46179240 0.80483845 0.46512956 0.80356438 0.46824863 0.80366017 0.47158659 0.80238612 0.47470565 0.80248192 0.47804288 0.80120750 0.48116194 0.80130329 0.48159815 0.79856357 0.47869720 0.79709792 0.47913346 0.79435786 0.48247063 0.79308379 0.48558969 0.79317958 0.48892766 0.79190553 0.49204672 0.79200132 0.49538395 0.79072690 0.49850381 0.79082272 0.50184097 0.78954865 0.50496004 0.78964444 0.50829720 0.78837037 0.51141626 0.78846616 0.51475423 0.78719212 0.52099235 0.78738370 0.52433032 0.78610965 0.52744938 0.78620544 0.53078660 0.78493102 0.53390566 0.78502681 0.53724283 0.78375275 0.54036269 0.78384856 0.54369986 0.78257449 0.54993878 0.78276610 0.55327600 0.78149168 0.55639506 0.78158747 0.55973223 0.78031340 0.56285130 0.78040919 0.56618926 0.77913514 0.56930832 0.77923094 0.57264549 0.77795687 0.57576535 0.77805268 0.57910252 0.77677861 0.57620162 0.77531262 0.57663783 0.77257290 0.57997505 0.77129848 0.58309412 0.77139427 0.58643128 0.77012020 0.58955034 0.77021599 0.59288831 0.76894195 0.59600737 0.76903774 0.59934454 0.76776367 0.60246440 0.76785948 0.60580156 0.76658541 0.60892063 0.76668121 0.61225785 0.76540679 0.61537691 0.76550257 0.61871488 0.76422853 0.62183394 0.76432432 0.62205205 0.76295446 0.61915115 0.76148846 0.61958736 0.75874875 0.61668560 0.75728307 0.61712187 0.75454301 0.61422092 0.75307736 0.61443902 0.75170750 0.61153812 0.75024150 0.61197434 0.74750179 0.60907338 0.74603614 0.60950965 0.74329607 0.60660869 0.74183043 0.60704496 0.73909036 0.60414320 0.73762469 0.60436131 0.73625483 0.60146036 0.73478918 0.60189662 0.73204911 0.59899567 0.73058347 0.59943194 0.72784340 0.59653018 0.72637773 0.59674829 0.72500787 0.59384733 0.72354222 0.59428360 0.72080215 0.59138265 0.71933651 0.59181891 0.71659644 0.58891796 0.71513079 0.58913606 0.71376093 0.58623511 0.71229529 0.58667138 0.70955522 0.58376962 0.70808954 0.58420589 0.70534948 0.58130494 0.70388383 0.58152304 0.70251397 0.57862209 0.70104833 0.57905835 0.69830826 0.57615660 0.69684259 0.57659287 0.69410252 0.57369191 0.69263687 0.57391002 0.69126701 0.57100906 0.68980137 0.57144533 0.68706130 0.56854437 0.68559565 0.56898064 0.68285558 0.56607968 0.68139001 0.56651591 0.67865015 0.56361417 0.67718437 0.56383230 0.67581441 0.56093135 0.67434869 0.56136759 0.67160880 0.55846665 0.67014304 0.55890289 0.66740319 0.55600115 0.66593741 0.55621927 0.66456745 0.55331833 0.66310173 0.55375457 0.66036184 0.55085363 0.65889609 0.55128986 0.65615623 0.54838893 0.65469048 0.54860705 0.65332051 0.54570610 0.65185479 0.54614234 0.64911490 0.54480130 0.64843750 0.32056523 0.64843750
