0 0.09616968 0.52958766 0.09441060 0.53127111 0.09150930 0.53036257 0.09120096 0.53249975 0.12166648 0.54204000 0.12197483 0.53990283 0.12083260 0.53731084 0.12114095 0.53517366 0.11999827 0.53258210 0.12030670 0.53044438 0.11916439 0.52785294 0.11947274 0.52571577 0.11221911 0.52344430 0.11160242 0.52771865 0.10984334 0.52940210 0.10404037 0.52758490 0.10373202 0.52972207 0.10197303 0.53140498 0.09616968 0.52958766
0 0.00000000 0.50394024 0.05348143 0.52068791 0.05378978 0.51855073 0.05264755 0.51595874 0.05295590 0.51382157 0.05181359 0.51123013 0.05243036 0.50695523 0.05128768 0.50436368 0.05159603 0.50222650 0.05045372 0.49963506 0.05107049 0.49536016 0.04992819 0.49276872 0.05023661 0.49063100 0.04909431 0.48803956 0.04184031 0.48576798 0.04122354 0.49004287 0.03946454 0.49172577 0.03366157 0.48990858 0.03335322 0.49204575 0.03159415 0.49372920 0.02579117 0.49191200 0.02517448 0.49618635 0.02341548 0.49786925 0.01326018 0.49468913 0.01295184 0.49682630 0.01119276 0.49850975 0.00538979 0.49669255 0.00508144 0.49882972 0.00332207 0.50051251 0.00000000 0.49947221 0.00000000 0.50394024
0 0.16089264 0.51187989 0.15913327 0.51356267 0.15882485 0.51570039 0.15706585 0.51738330 0.15126288 0.51556610 0.15064619 0.51984045 0.14888719 0.52152335 0.13873189 0.51834322 0.13842347 0.52048095 0.13666447 0.52216385 0.13086150 0.52034665 0.13024473 0.52462155 0.12848573 0.52630445 0.12703508 0.52585018 0.12817738 0.52844162 0.12756069 0.53271597 0.12870292 0.53530796 0.12839458 0.53744513 0.12953688 0.54003657 0.12892011 0.54431147 0.15793499 0.55339745 0.15824333 0.55126028 0.16000278 0.54957694 0.16870706 0.55230268 0.17046605 0.55061978 0.17481838 0.55198271 0.17512672 0.54984553 0.17688580 0.54816208 0.18268877 0.54997928 0.18299712 0.54784211 0.18475649 0.54615932 0.18620714 0.54661359 0.18682383 0.54233924 0.18568160 0.53974725 0.18598995 0.53761008 0.18484727 0.53501852 0.18546404 0.53074363 0.18432173 0.52815218 0.18463008 0.52601501 0.18348777 0.52342357 0.18410454 0.51914868 0.18296187 0.51655712 0.18327029 0.51441940 0.18212798 0.51182795 0.18243633 0.50969078 0.17518270 0.50741931 0.17487436 0.50955649 0.17311536 0.51123939 0.16731239 0.50942219 0.16700396 0.51155991 0.16524497 0.51324282 0.16089264 0.51187989
0 0.08233510 0.47834416 0.07653212 0.47652697 0.07477313 0.47820987 0.07332248 0.47775560 0.07156311 0.47943838 0.07011246 0.47898411 0.06835338 0.48066756 0.06545171 0.47975891 0.06369271 0.48144181 0.06224206 0.48098754 0.06048307 0.48267044 0.06017464 0.48480816 0.06131695 0.48739961 0.06100860 0.48953678 0.06215091 0.49212822 0.06184256 0.49426540 0.06298479 0.49685739 0.06236810 0.50113173 0.06351032 0.50372372 0.06320198 0.50586090 0.06434466 0.50845245 0.06403631 0.51058963 0.06517862 0.51318107 0.06456185 0.51745596 0.06570415 0.52004741 0.06539573 0.52218513 0.06653840 0.52477669 0.07814435 0.52841108 0.07990335 0.52672818 0.08135400 0.52718245 0.08311308 0.52549900 0.08601475 0.52640765 0.08777375 0.52472475 0.08922440 0.52517902 0.09098377 0.52349624 0.09243442 0.52395050 0.09419349 0.52226705 0.09709479 0.52317560 0.09885416 0.52149281 0.10030481 0.52194708 0.10206381 0.52026418 0.10351483 0.52071856 0.10527383 0.51903566 0.10589060 0.51476077 0.10764960 0.51307787 0.11635424 0.51580372 0.11697101 0.51152882 0.11582833 0.50893726 0.11613668 0.50680009 0.11499438 0.50420865 0.11561115 0.49993376 0.11446884 0.49734231 0.11508561 0.49306742 0.11394293 0.49047586 0.11425128 0.48833869 0.11310897 0.48574724 0.11372574 0.48147235 0.11258344 0.47888091 0.11289178 0.47674373 0.11174955 0.47415174 0.11205790 0.47201457 0.10625493 0.47019737 0.10273648 0.47356361 0.09693351 0.47174641 0.09631682 0.47602076 0.09455774 0.47770421 0.08585346 0.47497847 0.08233510 0.47834416
0 0.00000000 0.49053671 0.00165423 0.49105473 0.00227093 0.48678039 0.00402999 0.48509751 0.01128392 0.48736907 0.01304299 0.48568562 0.01449365 0.48613989 0.01625264 0.48445698 0.02205562 0.48627418 0.02236396 0.48413701 0.02412341 0.48245368 0.02847536 0.48381648 0.02909205 0.47954214 0.03085105 0.47785923 0.03955570 0.48058509 0.03986404 0.47844792 0.04162312 0.47676447 0.04887712 0.47903605 0.04918546 0.47689887 0.05094446 0.47521597 0.05674743 0.47703317 0.06026550 0.47366682 0.06171653 0.47412120 0.06347552 0.47243830 0.06492617 0.47289257 0.06523452 0.47075540 0.06699351 0.46907250 0.07569816 0.47179835 0.07745724 0.47011490 0.07899905 0.45942849 0.07174542 0.45715702 0.07143707 0.45929419 0.06967770 0.46097698 0.06097343 0.45825124 0.06035666 0.46252613 0.05859766 0.46420904 0.05134404 0.46193757 0.05103561 0.46407529 0.04927624 0.46575808 0.04492392 0.46439515 0.04461557 0.46653232 0.04285658 0.46821523 0.03415230 0.46548949 0.03353553 0.46976438 0.03177616 0.47144717 0.02452254 0.46917570 0.02421419 0.47131288 0.02245512 0.47299632 0.01665214 0.47117913 0.01313415 0.47454493 0.00878183 0.47318201 0.00816513 0.47745635 0.00640569 0.47913969 0.00000000 0.47713375 0.00000000 0.49053671
0 0.23370282 0.50117208 0.23194374 0.50285553 0.23049309 0.50240126 0.22987640 0.50667561 0.22811740 0.50835851 0.22231443 0.50654131 0.21879599 0.50990755 0.21848764 0.51204472 0.21496957 0.51541108 0.21061725 0.51404815 0.21030890 0.51618532 0.20679054 0.51955101 0.20617377 0.52382590 0.20441477 0.52550880 0.19861180 0.52369161 0.19975447 0.52628317 0.19944605 0.52842089 0.20058835 0.53101233 0.19997166 0.53528668 0.20111397 0.53787812 0.20080554 0.54001584 0.20194785 0.54260728 0.20484952 0.54351594 0.20660852 0.54183304 0.20805917 0.54228731 0.20836759 0.54014959 0.21012696 0.53846680 0.21592957 0.54028388 0.21623791 0.53814671 0.21799728 0.53646392 0.22380025 0.53828112 0.22441702 0.53400623 0.22617602 0.53232332 0.23197900 0.53414052 0.23228734 0.53200335 0.23404642 0.53031990 0.23984939 0.53213710 0.24015774 0.52999992 0.24191673 0.52831702 0.24917073 0.53058860 0.25092973 0.52890570 0.25238038 0.52935997 0.25268872 0.52722280 0.25154650 0.52463080 0.25185484 0.52249363 0.25071254 0.51990219 0.25132931 0.51562730 0.25018700 0.51303585 0.25049535 0.51089868 0.24935267 0.50830712 0.24996944 0.50403223 0.24882713 0.50144078 0.24913556 0.49930306 0.24799325 0.49671162 0.24830160 0.49457445 0.24394927 0.49321152 0.24219028 0.49489442 0.24188193 0.49703160 0.24012286 0.49871505 0.23981451 0.50085222 0.23805514 0.50253501 0.23370282 0.50117208
0 0.15813811 0.45740433 0.15637911 0.45908723 0.15057613 0.45727003 0.15026771 0.45940775 0.14850871 0.46109066 0.14270537 0.45927335 0.14239702 0.46141052 0.14063802 0.46309342 0.13628607 0.46173061 0.13452670 0.46341340 0.13017438 0.46205047 0.12986595 0.46418819 0.12810696 0.46587109 0.12375501 0.46450828 0.12023656 0.46787452 0.11931153 0.47428604 0.12045383 0.47687748 0.12014541 0.47901520 0.12128809 0.48160676 0.12067132 0.48588165 0.12181362 0.48847310 0.12150527 0.49061027 0.12264758 0.49320171 0.12203081 0.49747661 0.12317312 0.50006805 0.12255635 0.50434294 0.12369865 0.50693438 0.12339031 0.50907156 0.13499626 0.51270595 0.13530460 0.51056878 0.13706397 0.50888599 0.14286695 0.51070319 0.14462602 0.50901974 0.14493437 0.50688257 0.14669336 0.50519966 0.15249634 0.50701686 0.15280476 0.50487914 0.15456413 0.50319635 0.16326841 0.50592209 0.16357675 0.50378492 0.16533575 0.50210202 0.17113872 0.50391921 0.17289772 0.50223631 0.17320615 0.50009859 0.17496551 0.49841580 0.17931784 0.49977873 0.17962618 0.49764156 0.17848358 0.49504945 0.17879193 0.49291228 0.17764963 0.49032083 0.17826632 0.48604649 0.17712409 0.48345450 0.17743243 0.48131732 0.17628976 0.47872577 0.17690653 0.47445087 0.17576422 0.47185943 0.17607257 0.46972226 0.17493026 0.46713081 0.17554703 0.46285592 0.17440472 0.46026448 0.17502150 0.45598958 0.17387919 0.45339814 0.16952686 0.45203521 0.16921852 0.45417238 0.16745915 0.45585517 0.16455785 0.45494663 0.16279877 0.45663008 0.15844645 0.45526716 0.15813811 0.45740433
0 0.21529872 0.43956214 0.21499038 0.44169932 0.21323130 0.44338277 0.20742833 0.44156557 0.20681164 0.44583991 0.20505227 0.44752270 0.19489734 0.44434270 0.19458900 0.44647987 0.19282955 0.44816320 0.18702695 0.44634612 0.18671860 0.44848329 0.18786091 0.45107474 0.18755248 0.45321246 0.18869479 0.45580390 0.18838644 0.45794107 0.18952875 0.46053252 0.18891198 0.46480741 0.19005428 0.46739885 0.18974594 0.46953603 0.19088854 0.47212813 0.19027185 0.47640248 0.19141415 0.47899392 0.19110580 0.48113110 0.19224803 0.48372308 0.19163134 0.48799743 0.19277394 0.49058954 0.19246559 0.49272671 0.19360790 0.49531815 0.19299121 0.49959250 0.19413344 0.50218449 0.19382509 0.50432166 0.19496740 0.50691311 0.19465897 0.50905083 0.19580128 0.51164227 0.19549293 0.51377944 0.19839460 0.51468810 0.20015360 0.51300520 0.20160462 0.51345958 0.20336362 0.51177668 0.20367204 0.50963896 0.20543104 0.50795606 0.20978337 0.50931898 0.21009171 0.50718181 0.21185079 0.50549836 0.21330144 0.50595263 0.21681980 0.50258694 0.21774492 0.49617488 0.21950391 0.49449197 0.22675754 0.49676344 0.22851691 0.49508065 0.22996756 0.49553492 0.23172663 0.49385147 0.23317728 0.49430574 0.23348563 0.49216857 0.23524462 0.49048567 0.23669565 0.49094005 0.23700399 0.48880288 0.23876299 0.48711998 0.24021364 0.48757425 0.24052206 0.48543653 0.24228143 0.48375374 0.24373208 0.48420801 0.24434885 0.47993312 0.24320655 0.47734168 0.24351489 0.47520450 0.24237222 0.47261294 0.24268056 0.47047577 0.24153833 0.46788378 0.24215503 0.46360943 0.24101280 0.46101744 0.24132114 0.45888027 0.24017847 0.45628871 0.24079516 0.45201436 0.23965293 0.44942237 0.23996128 0.44728520 0.23881897 0.44469376 0.23912740 0.44255604 0.23798509 0.43996459 0.23860178 0.43569025 0.23424946 0.43432732 0.23073109 0.43769301 0.22492849 0.43587593 0.22316912 0.43755872 0.22286070 0.43969644 0.22110170 0.44137934 0.21529872 0.43956214
0 0.20791869 0.41714637 0.20615970 0.41882927 0.20585135 0.42096645 0.20409227 0.42264990 0.19828930 0.42083270 0.19798095 0.42296987 0.19622158 0.42465266 0.18896796 0.42238119 0.18865961 0.42451836 0.18690062 0.42620127 0.18109764 0.42438407 0.18048087 0.42865896 0.17872188 0.43034186 0.17146788 0.42807028 0.17115945 0.43020800 0.16940046 0.43189090 0.16649916 0.43098236 0.16588247 0.43525671 0.16412347 0.43693961 0.16267245 0.43648523 0.16236402 0.43862295 0.16060503 0.44030585 0.15335140 0.43803438 0.15304305 0.44017156 0.15128398 0.44185501 0.13677635 0.43731195 0.13501736 0.43899486 0.13356634 0.43854047 0.13325799 0.44067764 0.13149900 0.44236055 0.12424537 0.44008908 0.12393702 0.44222625 0.12217795 0.44390970 0.11782562 0.44254678 0.11690051 0.44895884 0.12850646 0.45259324 0.12881488 0.45045552 0.13057388 0.44877261 0.13782788 0.45104420 0.13813622 0.44890703 0.13989530 0.44722358 0.14859958 0.44994931 0.14890792 0.44781214 0.15066729 0.44612935 0.15646989 0.44794643 0.15708658 0.44367209 0.15884603 0.44198875 0.16609966 0.44426022 0.16640800 0.44212305 0.16816700 0.44044014 0.17396997 0.44225734 0.17427840 0.44011962 0.17603777 0.43843683 0.18184037 0.44025392 0.18359974 0.43857113 0.18390808 0.43643395 0.18566708 0.43475105 0.19147005 0.43656825 0.19177848 0.43443053 0.19529647 0.43106472 0.20109982 0.43288204 0.20140824 0.43074432 0.20316724 0.42906141 0.20897021 0.43087861 0.20927856 0.42874144 0.21103755 0.42705853 0.21393923 0.42796719 0.21569822 0.42628429 0.21859953 0.42719283 0.21890795 0.42505511 0.22066695 0.42337220 0.22647029 0.42518952 0.22677864 0.42305235 0.22853772 0.42136890 0.23143902 0.42227744 0.23495738 0.41891175 0.23785868 0.41982029 0.23816703 0.41768311 0.22365978 0.41314018 0.22335143 0.41527735 0.22159206 0.41696014 0.21578946 0.41514306 0.21548111 0.41728023 0.21372167 0.41896357 0.20791869 0.41714637
0 0.00000000 0.41905274 0.01587424 0.42402374 0.01473157 0.42143219 0.01627337 0.41074577 0.01513122 0.40815380 0.01636460 0.39960511 0.01522230 0.39701310 0.01645576 0.38846386 0.01531338 0.38587239 0.01685519 0.37518598 0.01571285 0.37259396 0.01694623 0.36404526 0.01580389 0.36145324 0.01642058 0.35717889 0.00916688 0.35490740 0.00802458 0.35231539 0.00925796 0.34376670 0.01101711 0.34208327 0.01391860 0.34299187 0.01484371 0.33657980 0.01836189 0.33321405 0.01981262 0.33366835 0.01867024 0.33107688 0.02113716 0.31397840 0.01999478 0.31138694 0.02184501 0.29856280 0.02070259 0.29597133 0.02224448 0.28528437 0.02110206 0.28269289 0.02233552 0.27414365 0.01943407 0.27323506 0.01829165 0.27064358 0.01860000 0.26850641 0.01745766 0.26591439 0.01569851 0.26759781 0.00989553 0.26578062 0.00958719 0.26791779 0.00782812 0.26960067 0.00202514 0.26778347 0.00017491 0.28060760 0.00131729 0.28319907 0.00000000 0.29232936 0.00000000 0.29439479 0.00091787 0.29647695 0.00000000 0.30283878 0.00000000 0.30857944 0.00051840 0.30975539 0.00000000 0.31334847 0.00000000 0.41905274
0 0.03776818 0.27227461 0.03600874 0.27395794 0.02875519 0.27168650 0.02813850 0.27596085 0.02928083 0.27855287 0.02835580 0.28496439 0.02949821 0.28755587 0.02857310 0.29396793 0.02971540 0.29655995 0.02848202 0.30510864 0.02962432 0.30770065 0.02869920 0.31411272 0.02984144 0.31670414 0.02922475 0.32097849 0.03036742 0.32357005 0.02975065 0.32784494 0.03089296 0.33043638 0.03058453 0.33257410 0.02882554 0.33425700 0.02737452 0.33380262 0.02706617 0.33593979 0.03432017 0.33821137 0.03546247 0.34080282 0.03515413 0.34293999 0.03629635 0.34553198 0.03537124 0.35194405 0.03361224 0.35362695 0.03216159 0.35317268 0.03154490 0.35744703 0.03268721 0.36003847 0.03237878 0.36217619 0.03061979 0.36385909 0.02336579 0.36158751 0.02274902 0.36586240 0.02389170 0.36845396 0.02327500 0.37272831 0.02441731 0.37531975 0.02349220 0.38173182 0.02463442 0.38432381 0.02370939 0.39073533 0.02485206 0.39332689 0.02423529 0.39760178 0.02537760 0.40019322 0.02445248 0.40660529 0.02559479 0.40919673 0.02497802 0.41347163 0.02612032 0.41606307 0.02581198 0.41820024 0.02871365 0.41910890 0.03047265 0.41742600 0.03337432 0.41833465 0.03513332 0.41665175 0.04093629 0.41846895 0.04269537 0.41678550 0.04300371 0.41464832 0.04476271 0.41296542 0.04911504 0.41432835 0.04942338 0.41219117 0.05118238 0.41050827 0.05553470 0.41187120 0.05729378 0.41018775 0.05874480 0.41064213 0.05760212 0.40805058 0.05852724 0.40163851 0.05738493 0.39904707 0.05800162 0.39477272 0.05685940 0.39218073 0.05778451 0.38576866 0.05664183 0.38317710 0.05725853 0.37890276 0.05611622 0.37631132 0.05765810 0.36562436 0.05651580 0.36303291 0.05713249 0.35875857 0.05599026 0.35616658 0.05691538 0.34975451 0.05577307 0.34716307 0.05669811 0.34075155 0.05555551 0.33815944 0.05617220 0.33388510 0.05502997 0.33129310 0.05595501 0.32488158 0.05481270 0.32229014 0.05542947 0.31801525 0.05428680 0.31542369 0.05490357 0.31114880 0.05376126 0.30855735 0.05437795 0.30428301 0.05323572 0.30169102 0.05385242 0.29741667 0.05271019 0.29482468 0.05332688 0.29055033 0.05218457 0.28795889 0.05073355 0.28750450 0.04959125 0.28491306 0.05174982 0.26995175 0.05060752 0.26736031 0.05214940 0.25667335 0.04779708 0.25531043 0.04748873 0.25744760 0.04572966 0.25913105 0.04282798 0.25822239 0.04106899 0.25990530 0.03961834 0.25945103 0.03776818 0.27227461
0 0.06674781 0.25007560 0.06643946 0.25221278 0.06468039 0.25389623 0.05887741 0.25207903 0.06001972 0.25467047 0.05971137 0.25680765 0.06085368 0.25939909 0.06054533 0.26153626 0.06168756 0.26412825 0.06137922 0.26626543 0.06252189 0.26885699 0.06190512 0.27313188 0.06304743 0.27572332 0.06128843 0.27740623 0.05983741 0.27695184 0.05807841 0.27863474 0.05776999 0.28077246 0.05922064 0.28122673 0.06036332 0.28381829 0.05943820 0.29023036 0.06172281 0.29541324 0.06141447 0.29755042 0.06255706 0.30014252 0.06194037 0.30441687 0.06308260 0.30700886 0.06277425 0.30914603 0.06391656 0.31173748 0.06329987 0.31601182 0.06444210 0.31860381 0.06268310 0.32028671 0.05978180 0.31937818 0.06092410 0.32196962 0.06030733 0.32624451 0.06144964 0.32883595 0.06114130 0.33097313 0.06228360 0.33356457 0.06197518 0.33570229 0.06311748 0.33829373 0.06250071 0.34256863 0.06364339 0.34516019 0.06333504 0.34729736 0.06447735 0.34988880 0.06416900 0.35202597 0.06531123 0.35461797 0.06500288 0.35675514 0.06614556 0.35934670 0.06552879 0.36362159 0.06667110 0.36621304 0.06636275 0.36835021 0.06750506 0.37094165 0.06719663 0.37307937 0.06833894 0.37567082 0.06803059 0.37780799 0.06917282 0.38039998 0.06886448 0.38253715 0.06710548 0.38422005 0.06565483 0.38376578 0.06503814 0.38804013 0.06618036 0.39063212 0.06556367 0.39490647 0.06670590 0.39749846 0.08266417 0.40249578 0.08328094 0.39822088 0.08504031 0.39653810 0.09954756 0.40108103 0.09985599 0.39894331 0.10161499 0.39726041 0.10741796 0.39907760 0.10803465 0.39480326 0.10979402 0.39312047 0.11071913 0.38670841 0.10957654 0.38411630 0.10988488 0.38197913 0.10874257 0.37938768 0.10905092 0.37725051 0.10790862 0.37465907 0.10852539 0.37038417 0.10738271 0.36779262 0.10769113 0.36565489 0.10654883 0.36306345 0.10685717 0.36092628 0.10571487 0.35833484 0.10633164 0.35405994 0.10518933 0.35146850 0.10549768 0.34933133 0.10435545 0.34673934 0.10466380 0.34460216 0.10352112 0.34201060 0.10413781 0.33773626 0.10299558 0.33514427 0.10330393 0.33300709 0.10216162 0.33041565 0.10277839 0.32614076 0.10163571 0.32354920 0.10194406 0.32141202 0.10080175 0.31882058 0.10111018 0.31668286 0.09996787 0.31409142 0.10058464 0.30981653 0.09944234 0.30722508 0.09975068 0.30508791 0.09860838 0.30249647 0.09891672 0.30035929 0.09777413 0.29776719 0.09808247 0.29563001 0.09694016 0.29303857 0.09724859 0.29090085 0.09610628 0.28830941 0.09672297 0.28403506 0.09558030 0.28144350 0.09588872 0.27930578 0.09474642 0.27671434 0.09505476 0.27457716 0.09391253 0.27198518 0.09422088 0.26984800 0.09307857 0.26725656 0.09338692 0.26511938 0.09224461 0.26252794 0.09255304 0.26039022 0.09141036 0.25779866 0.09202713 0.25352377 0.09088483 0.25093233 0.09119317 0.24879515 0.09005087 0.24620371 0.08569854 0.24484078 0.08539020 0.24697795 0.08363120 0.24866086 0.07927887 0.24729793 0.07866210 0.25157282 0.07690311 0.25325573 0.06674781 0.25007560
0 0.09647061 0.24374601 0.09616218 0.24588373 0.09730449 0.24847518 0.09699615 0.25061235 0.09813845 0.25320379 0.09783011 0.25534097 0.09897233 0.25793296 0.09835564 0.26220730 0.09949824 0.26479941 0.09918990 0.26693658 0.10033220 0.26952802 0.10002385 0.27166520 0.10116616 0.27425664 0.10085774 0.27639436 0.10200041 0.27898592 0.10138364 0.28326081 0.10252595 0.28585226 0.10221760 0.28798943 0.10335991 0.29058087 0.10305156 0.29271805 0.10419379 0.29531004 0.10388545 0.29744721 0.10502775 0.30003865 0.10471933 0.30217637 0.10586200 0.30476793 0.10524531 0.30904228 0.10638762 0.31163372 0.10607919 0.31377144 0.10722150 0.31636288 0.10691315 0.31850006 0.10805575 0.32109216 0.10774741 0.32322934 0.10888971 0.32582078 0.10858137 0.32795795 0.13324392 0.33568101 0.13386061 0.33140667 0.13271830 0.32881522 0.13302673 0.32667750 0.13188442 0.32408606 0.13219277 0.32194889 0.13105017 0.31935678 0.13135851 0.31721961 0.13021621 0.31462816 0.13052455 0.31249099 0.12938225 0.30989955 0.12999902 0.30562465 0.12885634 0.30303309 0.12916477 0.30089537 0.12802246 0.29830393 0.12833081 0.29616676 0.12718850 0.29357532 0.12749685 0.29143814 0.12635462 0.28884615 0.12666297 0.28670898 0.12552066 0.28411754 0.12613743 0.27984264 0.12499475 0.27725108 0.12530310 0.27511391 0.12416079 0.27252247 0.12446922 0.27038475 0.12332691 0.26779330 0.12363526 0.26565613 0.12249266 0.26306402 0.12280100 0.26092685 0.12165870 0.25833541 0.12196704 0.25619823 0.12082474 0.25360679 0.12144151 0.24933190 0.12029920 0.24674045 0.12060763 0.24460274 0.11946532 0.24201129 0.11977367 0.23987412 0.11106902 0.23714827 0.11076067 0.23928544 0.10900167 0.24096834 0.10464935 0.23960541 0.10403258 0.24388031 0.10227358 0.24556321 0.09647061 0.24374601
0 0.12421677 0.23009625 0.12535908 0.23268769 0.12505073 0.23482486 0.12619296 0.23741685 0.12588462 0.23955403 0.12702729 0.24214558 0.12671895 0.24428276 0.12786125 0.24687420 0.12755283 0.24901192 0.12869513 0.25160337 0.12807836 0.25587826 0.12922104 0.25846982 0.12891270 0.26060699 0.13005500 0.26319843 0.12974665 0.26533561 0.13088888 0.26792760 0.13058054 0.27006477 0.13172284 0.27265621 0.13141442 0.27479393 0.13255672 0.27738538 0.13224838 0.27952255 0.13339105 0.28211411 0.13277428 0.28638900 0.13391659 0.28898045 0.13360825 0.29111762 0.13475047 0.29370961 0.13444213 0.29584678 0.13558480 0.29843834 0.13527646 0.30057552 0.13641876 0.30316696 0.13611034 0.30530468 0.13725265 0.30789612 0.13694430 0.31003329 0.13808653 0.31262529 0.13746984 0.31689963 0.13861214 0.31949107 0.13830380 0.32162825 0.13944639 0.32422035 0.13913805 0.32635753 0.14028035 0.32894897 0.13997193 0.33108669 0.14111423 0.33367813 0.14080589 0.33581531 0.14194857 0.33840687 0.15210350 0.34158687 0.15386286 0.33990409 0.16546881 0.34353848 0.16577716 0.34140131 0.16463448 0.33880975 0.16494291 0.33667203 0.16380060 0.33408059 0.16410895 0.33194341 0.16296672 0.32935142 0.16358341 0.32507707 0.16244073 0.32248552 0.16274908 0.32034834 0.16160685 0.31775635 0.16191520 0.31561918 0.16077289 0.31302774 0.16108132 0.31089002 0.15993901 0.30829857 0.16024736 0.30616140 0.15444438 0.30434420 0.15330170 0.30175264 0.15185105 0.30129837 0.14956652 0.29611494 0.15018321 0.29184059 0.14904098 0.28924860 0.14965767 0.28497426 0.14851500 0.28238270 0.14913177 0.27810780 0.15089114 0.27642502 0.15524309 0.27778783 0.15585986 0.27351294 0.15471755 0.27092149 0.15502590 0.26878432 0.15388359 0.26619287 0.15419194 0.26405570 0.15304971 0.26146371 0.15366640 0.25718937 0.15252380 0.25459726 0.15283215 0.25246009 0.15168984 0.24986864 0.15199819 0.24773147 0.15085588 0.24514003 0.15147265 0.24086513 0.15032998 0.23827357 0.15063840 0.23613585 0.14949610 0.23354441 0.14980444 0.23140724 0.14866213 0.22881579 0.14897048 0.22667862 0.14171685 0.22440715 0.13819849 0.22777284 0.13384654 0.22641003 0.13208717 0.22809282 0.13177882 0.23022999 0.13001975 0.23191344 0.12421677 0.23009625
0 0.15767513 0.22940447 0.15736678 0.23154165 0.15850909 0.23413309 0.15820074 0.23627026 0.15934305 0.23886171 0.15903463 0.24099943 0.16017693 0.24359087 0.15986858 0.24572805 0.16101081 0.24832003 0.16070247 0.25045721 0.16184514 0.25304877 0.16122845 0.25732311 0.16237068 0.25991510 0.16206233 0.26205228 0.16320464 0.26464372 0.16289622 0.26678144 0.16403889 0.26937300 0.16373055 0.27151017 0.16487285 0.27410162 0.16456451 0.27623879 0.16570673 0.27883078 0.16539839 0.28096795 0.17265201 0.28323942 0.17493692 0.28842297 0.17462857 0.29056014 0.17286958 0.29224305 0.16706623 0.29042573 0.16675788 0.29256290 0.17401188 0.29483449 0.17515419 0.29742593 0.17453742 0.30170083 0.17277842 0.30338373 0.16842610 0.30202080 0.16956833 0.30461279 0.16925998 0.30674996 0.17040265 0.30934152 0.16978596 0.31361587 0.17092819 0.31620786 0.17061985 0.31834503 0.17176215 0.32093647 0.17145373 0.32307420 0.17259603 0.32566564 0.17197934 0.32993998 0.19664189 0.33766304 0.19725859 0.33338870 0.19611628 0.33079725 0.19642470 0.32865953 0.19528240 0.32606809 0.19559074 0.32393092 0.19444852 0.32133893 0.19475686 0.31920175 0.19361456 0.31661031 0.19423125 0.31233596 0.19308865 0.30974386 0.19339700 0.30760668 0.19225469 0.30501524 0.19256311 0.30287752 0.19142081 0.30028608 0.19172915 0.29814890 0.19058648 0.29555735 0.19120325 0.29128245 0.19006094 0.28869101 0.19036929 0.28655384 0.18922706 0.28396185 0.18953540 0.28182467 0.18839310 0.27923323 0.18870144 0.27709606 0.18755914 0.27450461 0.18786756 0.27236689 0.18672489 0.26977533 0.18703323 0.26763816 0.18589100 0.26504617 0.18619935 0.26290900 0.18505704 0.26031755 0.18567374 0.25604321 0.18453114 0.25345110 0.18483948 0.25131393 0.18369718 0.24872249 0.18400560 0.24658476 0.18286330 0.24399332 0.18317164 0.24185615 0.18202934 0.23926470 0.18233768 0.23712753 0.18119545 0.23453554 0.18181215 0.23026120 0.18066955 0.22766909 0.18097789 0.22553192 0.17227362 0.22280618 0.17165685 0.22708107 0.16989785 0.22876397 0.16409450 0.22694666 0.16378616 0.22908383 0.16202708 0.23076728 0.15767513 0.22940447
0 0.19505076 0.21206783 0.19329177 0.21375073 0.18748879 0.21193354 0.18718037 0.21407126 0.18832267 0.21666270 0.18770590 0.22093759 0.18884821 0.22352904 0.18853986 0.22566621 0.18968254 0.22825777 0.18937420 0.23039494 0.19051642 0.23298693 0.19020808 0.23512411 0.19135038 0.23771555 0.19073361 0.24199044 0.19187629 0.24458200 0.19156795 0.24671918 0.19271025 0.24931062 0.19240183 0.25144834 0.19354413 0.25403978 0.19292736 0.25831467 0.19406967 0.26090612 0.19376132 0.26304329 0.19490363 0.26563473 0.19459528 0.26777191 0.19573788 0.27036401 0.19542953 0.27250119 0.19657184 0.27509263 0.19595507 0.27936753 0.19709737 0.28195897 0.19678903 0.28409614 0.19793171 0.28668770 0.19762328 0.28882542 0.19876559 0.29141686 0.19845724 0.29355404 0.19959947 0.29614602 0.19929112 0.29828320 0.20043343 0.30087464 0.19981674 0.30514899 0.20095897 0.30774098 0.20065062 0.30987815 0.20179330 0.31246971 0.20148487 0.31460743 0.20262718 0.31719887 0.20231883 0.31933605 0.20346114 0.32192749 0.20284437 0.32620238 0.20398705 0.32879394 0.20367870 0.33093112 0.20482093 0.33352311 0.20451258 0.33566028 0.20565489 0.33825172 0.20534654 0.34038890 0.20648885 0.34298034 0.20587208 0.34725523 0.20701438 0.34984668 0.20670596 0.35198440 0.20784864 0.35457596 0.20754029 0.35671313 0.20868260 0.35930457 0.20837425 0.36144175 0.21998020 0.36507614 0.22090524 0.35866462 0.21976293 0.35607318 0.22007136 0.35393546 0.21892868 0.35134390 0.22068805 0.34966111 0.23229400 0.35329550 0.23405307 0.35161205 0.23550372 0.35206633 0.23581207 0.34992915 0.23466976 0.34733771 0.23497811 0.34520053 0.23383580 0.34260909 0.23445257 0.33833420 0.23330990 0.33574264 0.23361832 0.33360492 0.23247602 0.33101348 0.23278436 0.32887630 0.23164206 0.32628486 0.23195040 0.32414769 0.23080818 0.32155570 0.23142486 0.31728135 0.23028264 0.31468936 0.23059098 0.31255219 0.22944831 0.30996063 0.22975665 0.30782345 0.22861435 0.30523201 0.22892277 0.30309429 0.22778047 0.30050285 0.22839723 0.29622795 0.22725456 0.29363639 0.22756290 0.29149922 0.22642060 0.28890778 0.22672894 0.28677061 0.22558672 0.28417861 0.22589506 0.28204144 0.22475276 0.27945000 0.22506118 0.27731228 0.22391888 0.27472084 0.22422722 0.27258366 0.22308454 0.26999210 0.22370131 0.26571721 0.22255901 0.26312577 0.22286735 0.26098859 0.22172513 0.25839660 0.22203347 0.25625943 0.22089080 0.25366787 0.22119914 0.25153070 0.22005683 0.24893925 0.22067360 0.24466436 0.21953130 0.24207292 0.21983972 0.23993520 0.21869742 0.23734375 0.21900576 0.23520658 0.21786346 0.23261514 0.21817180 0.23047797 0.21702920 0.22788586 0.21733755 0.22574869 0.21619525 0.22315724 0.21681201 0.21888235 0.21566971 0.21629091 0.21597805 0.21415373 0.21483538 0.21156217 0.21514380 0.20942445 0.21400150 0.20683301 0.21255085 0.20637874 0.21079185 0.20806164 0.20208720 0.20533579 0.20177878 0.20747351 0.20001978 0.20915641 0.19566745 0.20779348 0.19505076 0.21206783
0 0.24755109 0.19500001 0.24724266 0.19713773 0.24548329 0.19882052 0.23968032 0.19700332 0.23937197 0.19914049 0.23761290 0.20082394 0.23616225 0.20036967 0.23440325 0.20205258 0.23150158 0.20114392 0.23119323 0.20328109 0.22943423 0.20496399 0.22653256 0.20405534 0.22622422 0.20619251 0.22446514 0.20787596 0.22301449 0.20742169 0.22270614 0.20955886 0.22384845 0.21215031 0.22354003 0.21428803 0.22468233 0.21687947 0.22406564 0.22115382 0.22520795 0.22374526 0.22459118 0.22802015 0.22573385 0.23061171 0.22542543 0.23274943 0.22656773 0.23534087 0.22595104 0.23961522 0.22709335 0.24220667 0.22647658 0.24648156 0.23082890 0.24784449 0.23197121 0.25043593 0.23135444 0.25471082 0.23249675 0.25730227 0.23126329 0.26585150 0.23240596 0.26844306 0.23178919 0.27271796 0.23293150 0.27530940 0.23262315 0.27744657 0.23376546 0.28003802 0.23314869 0.28431291 0.23429137 0.28690447 0.23398294 0.28904219 0.23512525 0.29163363 0.23450856 0.29590798 0.23565086 0.29849942 0.23534244 0.30063714 0.23648474 0.30322858 0.23617640 0.30536576 0.23731862 0.30795775 0.23670193 0.31223210 0.23784461 0.31482365 0.23753626 0.31696083 0.23867849 0.31955282 0.23806180 0.32382716 0.23920403 0.32641915 0.23889568 0.32855633 0.24003836 0.33114788 0.23942167 0.33542223 0.24056390 0.33801422 0.24025555 0.34015140 0.24139785 0.34274284 0.24078109 0.34701773 0.24192339 0.34960917 0.25352934 0.35324357 0.25383769 0.35110640 0.25559668 0.34942349 0.26140003 0.35124080 0.26170845 0.34910309 0.26346745 0.34742018 0.26927042 0.34923738 0.26957877 0.34710021 0.26843617 0.34450810 0.26936121 0.33809658 0.26821890 0.33550514 0.26997798 0.33382169 0.27433030 0.33518461 0.27608967 0.33350183 0.28479395 0.33622757 0.28510229 0.33409039 0.28396007 0.33149840 0.28426841 0.32936123 0.28312574 0.32676967 0.28374243 0.32249532 0.28260020 0.31990333 0.28290855 0.31776616 0.28176624 0.31517472 0.28207466 0.31303700 0.28093236 0.31044555 0.28154905 0.30617121 0.28040674 0.30357976 0.28071517 0.30144204 0.27957249 0.29885048 0.28018926 0.29457559 0.27904695 0.29198415 0.27935530 0.28984698 0.27821299 0.28725553 0.27852134 0.28511836 0.27737874 0.28252625 0.27830386 0.27611419 0.27716155 0.27352274 0.27839501 0.26497350 0.27725270 0.26238206 0.27756105 0.26024489 0.27641882 0.25765290 0.27703552 0.25337855 0.27589321 0.25078711 0.27650998 0.24651221 0.27536730 0.24392065 0.27567565 0.24178348 0.27453342 0.23919149 0.27515011 0.23491715 0.27400781 0.23232570 0.27462458 0.22805081 0.27348190 0.22545925 0.27409867 0.22118436 0.27295636 0.21859291 0.27326471 0.21645574 0.27212240 0.21386430 0.27273917 0.20958940 0.27159687 0.20699796 0.27221364 0.20272307 0.27107133 0.20013162 0.27168802 0.19585728 0.27054535 0.19326572 0.27085377 0.19112800 0.26360014 0.18885653 0.26329172 0.19099425 0.26153272 0.19267715 0.25572975 0.19085996 0.25542140 0.19299713 0.25190304 0.19636282 0.24755109 0.19500001
0 0.02413635 0.12503787 0.02237720 0.12672130 0.02206886 0.12885847 0.02321124 0.13144994 0.01951085 0.15709765 0.02065323 0.15968912 0.01787789 0.17892532 0.01611882 0.18060820 0.01466809 0.18015390 0.01312629 0.19084032 0.01426867 0.19343179 0.01056821 0.21908005 0.01171059 0.22167152 0.00924367 0.23876999 0.01069443 0.23922430 0.01245354 0.23754143 0.01825651 0.23935863 0.02177473 0.23599232 0.02612698 0.23735523 0.02643533 0.23521805 0.02819448 0.23353463 0.03399745 0.23535182 0.03575656 0.23366896 0.03461414 0.23107748 0.03769775 0.20970465 0.03655545 0.20711264 0.03963907 0.18573981 0.03849676 0.18314780 0.04188872 0.15963780 0.04074630 0.15704632 0.04383000 0.13567295 0.04268758 0.13308148 0.04515450 0.11598300 0.04080229 0.11462010 0.04049394 0.11675728 0.03873483 0.11844015 0.02857965 0.11526006 0.02734618 0.12380930 0.02558708 0.12549217 0.02413635 0.12503787
0 0.27779897 0.19553719 0.27894165 0.19812875 0.27863330 0.20026592 0.27977561 0.20285736 0.27915884 0.20713225 0.28030115 0.20972370 0.27968437 0.21399859 0.28082705 0.21659015 0.28051871 0.21872732 0.28166101 0.22131877 0.28104424 0.22559366 0.28218655 0.22818510 0.28187820 0.23032228 0.28302043 0.23291427 0.28240374 0.23718861 0.28354604 0.23978005 0.28323770 0.24191723 0.28438030 0.24450933 0.28376361 0.24878368 0.28490583 0.25137567 0.28428914 0.25565002 0.28543145 0.25824146 0.28450633 0.26465353 0.28564901 0.26724509 0.28503224 0.27151998 0.28617455 0.27411142 0.28586620 0.27624860 0.28700851 0.27884004 0.28670008 0.28097776 0.28784239 0.28356920 0.28722562 0.28784410 0.28836792 0.29043554 0.28805958 0.29257271 0.28920225 0.29516427 0.28889391 0.29730145 0.29003614 0.29989344 0.28941944 0.30416778 0.29056167 0.30675977 0.29025333 0.30889694 0.29139600 0.31148850 0.29108766 0.31362568 0.29222996 0.31621712 0.29192154 0.31835484 0.29306384 0.32094628 0.29244707 0.32522118 0.29358938 0.32781262 0.29328104 0.32994979 0.29442334 0.33254124 0.29411500 0.33467841 0.30281964 0.33740426 0.30312799 0.33526709 0.30488699 0.33358419 0.31068996 0.33540138 0.30954765 0.33280994 0.30985600 0.33067277 0.30871377 0.32808078 0.30902212 0.32594360 0.30787944 0.32335204 0.30849621 0.31907715 0.30735391 0.31648571 0.30766225 0.31434854 0.30651995 0.31175709 0.30682837 0.30961937 0.30568607 0.30702793 0.30599441 0.30489075 0.30485218 0.30229877 0.30546887 0.29802442 0.30432620 0.29543286 0.30463454 0.29329569 0.30349232 0.29070370 0.30380066 0.28856652 0.30265835 0.28597508 0.30327512 0.28170019 0.30213245 0.27910863 0.30244079 0.27697145 0.30129849 0.27438001 0.30160691 0.27224229 0.30046461 0.26965085 0.30077295 0.26751368 0.29932230 0.26705940 0.29703740 0.26187585 0.29734574 0.25973868 0.29620344 0.25714724 0.29682021 0.25287235 0.29567790 0.25028090 0.29598625 0.24814373 0.29484365 0.24555162 0.29546034 0.24127728 0.29431803 0.23868583 0.29493480 0.23441094 0.29379250 0.23181950 0.29410084 0.22968233 0.29295862 0.22709033 0.29357531 0.22281599 0.29243300 0.22022454 0.29304977 0.21594965 0.29190709 0.21335809 0.29221544 0.21122092 0.29107321 0.20862893 0.29168990 0.20435458 0.29054760 0.20176314 0.29116437 0.19748825 0.29002169 0.19489669 0.29125515 0.18634745 0.28400153 0.18407598 0.28224253 0.18575888 0.28193418 0.18789605 0.28017511 0.18957950 0.27727344 0.18867085 0.27841574 0.19126229 0.27779897 0.19553719
0 0.05509246 0.11015956 0.05623484 0.11275103 0.05530972 0.11916310 0.05645210 0.12175456 0.05469303 0.12343744 0.05324231 0.12298315 0.05148312 0.12466656 0.05086643 0.12894091 0.05200885 0.13153239 0.05077539 0.14008163 0.05191769 0.14267364 0.05068431 0.15122233 0.05182661 0.15381435 0.05059315 0.16236359 0.05173538 0.16495501 0.05142703 0.16709218 0.04966811 0.16877511 0.04821739 0.16832081 0.04636716 0.18114495 0.04750954 0.18373641 0.04627607 0.19228565 0.04741823 0.19487762 0.04618485 0.20342631 0.04732745 0.20601842 0.04424383 0.22739124 0.04538606 0.22998323 0.04683671 0.23043750 0.04859616 0.22875417 0.05149746 0.22966271 0.05180580 0.22752553 0.05356480 0.22584263 0.05791712 0.22720556 0.05822555 0.22506784 0.05998455 0.22338494 0.07013985 0.22656506 0.07168165 0.21587865 0.07053935 0.21328720 0.07238957 0.20046307 0.07124690 0.19787151 0.07248036 0.18932227 0.07133805 0.18673083 0.07257151 0.17818159 0.07142929 0.17558960 0.07266267 0.16704091 0.07152044 0.16444892 0.07275390 0.15589968 0.07161160 0.15330823 0.07253671 0.14689617 0.07139403 0.14430461 0.07262750 0.13575537 0.07148519 0.13316393 0.07271865 0.12461469 0.07157642 0.12202270 0.07250146 0.11561118 0.07135878 0.11301962 0.07228390 0.10660755 0.07083325 0.10615328 0.06907425 0.10783619 0.06472192 0.10647326 0.06441358 0.10861043 0.06265450 0.11029388 0.05540080 0.10802239 0.05509246 0.11015956
0 0.30005095 0.17793262 0.29974261 0.18006979 0.30088492 0.18266123 0.30057649 0.18479895 0.30171880 0.18739040 0.30110211 0.19166474 0.30224441 0.19425619 0.30162764 0.19853108 0.29986865 0.20021398 0.29841800 0.19975971 0.29810957 0.20189743 0.29925188 0.20448888 0.29894353 0.20662605 0.30008584 0.20921749 0.29946907 0.21349239 0.30061174 0.21608395 0.30030340 0.21822112 0.30144562 0.22081311 0.30113728 0.22295028 0.30227958 0.22554172 0.30166290 0.22981607 0.30280549 0.23240818 0.30249715 0.23454535 0.30363945 0.23713679 0.30302268 0.24141169 0.30416499 0.24400313 0.30385664 0.24614030 0.30499895 0.24873175 0.30438218 0.25300664 0.30552448 0.25559808 0.30521606 0.25773580 0.30635874 0.26032736 0.30574205 0.26460171 0.30802658 0.26978514 0.30771823 0.27192232 0.30886091 0.27451387 0.30855249 0.27665160 0.31083710 0.28183448 0.31052875 0.28397165 0.31778238 0.28624312 0.31809072 0.28410595 0.31985009 0.28242316 0.32130074 0.28287743 0.32191751 0.27860254 0.32367651 0.27691964 0.33238116 0.27964549 0.33268950 0.27750832 0.33444858 0.27582487 0.33589923 0.27627914 0.33620757 0.27414196 0.33506527 0.27155052 0.33537361 0.26941335 0.33423131 0.26682190 0.33484808 0.26254701 0.33370540 0.25995545 0.33401382 0.25781773 0.33287152 0.25522629 0.33348821 0.25095194 0.33234590 0.24836050 0.33296267 0.24408561 0.33182000 0.24149405 0.33212842 0.23935633 0.33098612 0.23676488 0.33160281 0.23249054 0.33046050 0.22989909 0.33076893 0.22776137 0.32962662 0.22516993 0.33024339 0.22089504 0.32910108 0.21830359 0.32971777 0.21402925 0.32857510 0.21143769 0.32888352 0.20929997 0.32774122 0.20670852 0.32835799 0.20243363 0.32721568 0.19984219 0.32752403 0.19770502 0.32638135 0.19511345 0.32699812 0.19083856 0.32585581 0.18824712 0.32647258 0.18397222 0.32533028 0.18138078 0.32563862 0.17924361 0.32449632 0.17665217 0.32014399 0.17528924 0.31983565 0.17742641 0.31807665 0.17910932 0.30792135 0.17592919 0.30761301 0.17806637 0.30585393 0.17974982 0.30005095 0.17793262
0 0.07984632 0.10674141 0.07892120 0.11315348 0.08006343 0.11574547 0.07883005 0.12429417 0.07997228 0.12688615 0.07904716 0.13329822 0.08018947 0.13588966 0.07895601 0.14443890 0.08009868 0.14703046 0.07886522 0.15557970 0.08000753 0.15817115 0.07877407 0.16672038 0.07991629 0.16931238 0.07899126 0.17572389 0.08013394 0.17831545 0.07890040 0.18686524 0.08004270 0.18945668 0.07880924 0.19800592 0.07995155 0.20059737 0.07871809 0.20914660 0.07986039 0.21173805 0.07893528 0.21815011 0.08618927 0.22042170 0.08649762 0.21828452 0.08825670 0.21660107 0.09115800 0.21750961 0.09291699 0.21582671 0.09581867 0.21673537 0.09612701 0.21459820 0.09788601 0.21291529 0.10368898 0.21473249 0.10461410 0.20832042 0.10347179 0.20572898 0.10470525 0.19717974 0.10356295 0.19458830 0.10479649 0.18603851 0.10365418 0.18344707 0.10488764 0.17489783 0.10374497 0.17230627 0.10497843 0.16375703 0.10383612 0.16116559 0.10506958 0.15261635 0.10392735 0.15002436 0.10102568 0.14911570 0.09988338 0.14652426 0.10080841 0.14011274 0.09966618 0.13752075 0.10089965 0.12897151 0.09975734 0.12638007 0.10099080 0.11783083 0.09984812 0.11523927 0.10108158 0.10669003 0.09993928 0.10409858 0.10024770 0.10196086 0.09299408 0.09968940 0.09268565 0.10182712 0.09092666 0.10351002 0.08802498 0.10260136 0.08740829 0.10687571 0.08564930 0.10855861 0.07984632 0.10674141
0 0.33122441 0.17205730 0.33060764 0.17633219 0.33174994 0.17892363 0.33144160 0.18106081 0.33258390 0.18365225 0.33227556 0.18578942 0.33341816 0.18838153 0.33280147 0.19265588 0.33394369 0.19524787 0.33363535 0.19738504 0.33477765 0.19997648 0.33416096 0.20425083 0.33530319 0.20684282 0.33499484 0.20897999 0.33613715 0.21157143 0.33582872 0.21370915 0.33697140 0.21630071 0.33635471 0.22057506 0.33749702 0.22316650 0.33718859 0.22530422 0.33833090 0.22789567 0.33771413 0.23217056 0.33885680 0.23476212 0.33854846 0.23689929 0.33969077 0.23949074 0.33938242 0.24162791 0.34052465 0.24421990 0.33990795 0.24849425 0.34105018 0.25108623 0.34074184 0.25322341 0.34188414 0.25581485 0.34126745 0.26008920 0.34241005 0.26268130 0.34531135 0.26358985 0.34592812 0.25931495 0.34768749 0.25763217 0.34913814 0.25808643 0.34944649 0.25594926 0.35120548 0.25426636 0.35700846 0.25608355 0.35731688 0.25394584 0.35617458 0.25135439 0.35679135 0.24707950 0.35564867 0.24448794 0.35595701 0.24235077 0.35481471 0.23975932 0.35512305 0.23762215 0.35398083 0.23503016 0.35459752 0.23075581 0.35345529 0.22816382 0.35376364 0.22602665 0.35262133 0.22343521 0.35292968 0.22129803 0.35178700 0.21870648 0.35240377 0.21443158 0.35126146 0.21184014 0.35156989 0.20970242 0.35042758 0.20711098 0.35073593 0.20497380 0.34959325 0.20238224 0.35021002 0.19810735 0.34906771 0.19551591 0.34937606 0.19337873 0.34823383 0.19078674 0.34885052 0.18651240 0.34770822 0.18392095 0.34832499 0.17964606 0.34718268 0.17705462 0.34779945 0.17277972 0.34665678 0.17018817 0.34696512 0.16805099 0.34582281 0.16545955 0.34292114 0.16455089 0.34230445 0.16882524 0.34054545 0.17050814 0.33474248 0.16869094 0.33443405 0.17082867 0.33267506 0.17251157 0.33122441 0.17205730
0 0.10987710 0.09827454 0.10811802 0.09995799 0.10666737 0.09950371 0.10635902 0.10164089 0.10750133 0.10423233 0.10688456 0.10850722 0.10802686 0.11109867 0.10741017 0.11537301 0.10855277 0.11796512 0.10824443 0.12010229 0.10938673 0.12269374 0.10907831 0.12483146 0.11022061 0.12742290 0.10991227 0.12956007 0.11105495 0.13215163 0.11043817 0.13642653 0.11158048 0.13901797 0.11127214 0.14115514 0.11241436 0.14374713 0.11210602 0.14588430 0.11324832 0.14847575 0.11293998 0.15061292 0.11408228 0.15320437 0.11346551 0.15747926 0.11460819 0.16007082 0.11429977 0.16220854 0.11544207 0.16479998 0.11513373 0.16693715 0.11337473 0.16862006 0.11192371 0.16816567 0.11161536 0.17030284 0.11275796 0.17289495 0.11214127 0.17716930 0.11328350 0.17976129 0.11297515 0.18189846 0.11411746 0.18448990 0.11350076 0.18876425 0.11464336 0.19135636 0.11433502 0.19349353 0.11547732 0.19608497 0.11455221 0.20249704 0.11600286 0.20295131 0.11828747 0.20813420 0.12118914 0.20904285 0.12149749 0.20690568 0.12325648 0.20522278 0.13051011 0.20749424 0.13081846 0.20535707 0.13257782 0.20367428 0.13402847 0.20412855 0.13578755 0.20244510 0.14013987 0.20380803 0.14044822 0.20167086 0.14220722 0.19998795 0.14365787 0.20044222 0.14427464 0.19616733 0.14313233 0.19357589 0.14344068 0.19143871 0.14229837 0.18884727 0.14260680 0.18670955 0.14146449 0.18411811 0.14177284 0.18198093 0.14063061 0.17938895 0.14124730 0.17511460 0.14010462 0.17252304 0.14041297 0.17038587 0.13927074 0.16779388 0.13957909 0.16565670 0.13843678 0.16306526 0.13874521 0.16092754 0.13760253 0.15833598 0.13821922 0.15406163 0.13707691 0.15147019 0.13738534 0.14933247 0.13624303 0.14674103 0.13655138 0.14460385 0.13540915 0.14201186 0.13571750 0.13987469 0.13457519 0.13728325 0.13519188 0.13300890 0.13404928 0.13041679 0.13435763 0.12827962 0.13321532 0.12568818 0.13352375 0.12355046 0.13238144 0.12095901 0.13268979 0.11882184 0.13154711 0.11623028 0.13185546 0.11409311 0.13071323 0.11150112 0.13132992 0.10722677 0.13018769 0.10463478 0.13049604 0.10249761 0.12935373 0.09990617 0.12966208 0.09776899 0.12851977 0.09517755 0.12126578 0.09290597 0.12095743 0.09504314 0.11919843 0.09672604 0.11339546 0.09490885 0.11308711 0.09704602 0.11132812 0.09872892 0.10987710 0.09827454
0 0.37968750 0.17606425 0.37628834 0.17499980 0.37514604 0.17240836 0.37545446 0.17027064 0.37110214 0.16890771 0.36995983 0.16631627 0.37119329 0.15776703 0.36829162 0.15685837 0.36798327 0.15899555 0.36446520 0.16236190 0.35866223 0.16054470 0.35835388 0.16268188 0.35659488 0.16436478 0.35514386 0.16391039 0.35452709 0.16818529 0.35566977 0.17077684 0.35536142 0.17291402 0.35650373 0.17550546 0.35588696 0.17978035 0.35702927 0.18237180 0.35672084 0.18450952 0.35786352 0.18710108 0.35724683 0.19137542 0.35838913 0.19396687 0.35777236 0.19824176 0.35891467 0.20083320 0.35860624 0.20297092 0.35974855 0.20556237 0.35913186 0.20983671 0.36027416 0.21242816 0.35996574 0.21456587 0.36110842 0.21715744 0.36049165 0.22143233 0.36163395 0.22402377 0.36132561 0.22616095 0.36246791 0.22875239 0.36185114 0.23302728 0.36299382 0.23561884 0.36237705 0.23989373 0.36351936 0.24248518 0.36321101 0.24462235 0.36435332 0.24721379 0.37160694 0.24948526 0.37191529 0.24734809 0.37367466 0.24566530 0.37947726 0.24748238 0.37968750 0.24602519 0.37968750 0.17606425
0 0.14311826 0.08857925 0.14280992 0.09071643 0.14105084 0.09239988 0.13669852 0.09103695 0.13608182 0.09531130 0.13722405 0.09790329 0.13691571 0.10004046 0.13805801 0.10263190 0.13774967 0.10476908 0.13889234 0.10736064 0.13858392 0.10949835 0.13972622 0.11208980 0.13910945 0.11636469 0.14025176 0.11895613 0.13994341 0.12109331 0.14108572 0.12368475 0.14077738 0.12582193 0.14191960 0.12841392 0.14161126 0.13055109 0.14275393 0.13314265 0.14244551 0.13528037 0.14358781 0.13787181 0.14297112 0.14214616 0.14411343 0.14473760 0.14380500 0.14687532 0.14494768 0.14946688 0.14463934 0.15160405 0.14578156 0.15419604 0.14547322 0.15633322 0.14661552 0.15892466 0.14599883 0.16319901 0.14714106 0.16579100 0.14683271 0.16792817 0.14797502 0.17051961 0.14766659 0.17265733 0.14880927 0.17524889 0.14850093 0.17738607 0.14964323 0.17997751 0.14902646 0.18425240 0.15016877 0.18684385 0.14986042 0.18898102 0.15100302 0.19157313 0.15069468 0.19371030 0.15183698 0.19630174 0.15152863 0.19843891 0.15442994 0.19934745 0.15504663 0.19507311 0.15680563 0.19339020 0.16260897 0.19520752 0.16291740 0.19306980 0.16467639 0.19138689 0.17047937 0.19320409 0.17078771 0.19106692 0.17430578 0.18770057 0.17865811 0.18906349 0.17896645 0.18692632 0.18072545 0.18524342 0.18507777 0.18660634 0.18538612 0.18446917 0.18424389 0.18187718 0.18486058 0.17760283 0.18371799 0.17501073 0.18402633 0.17287355 0.18288403 0.17028211 0.18319237 0.16814494 0.18205007 0.16555350 0.18266683 0.16127860 0.18152453 0.15868716 0.18183295 0.15654944 0.18069065 0.15395800 0.18099899 0.15182082 0.17985632 0.14922926 0.18047309 0.14495437 0.17933078 0.14236293 0.17963913 0.14022575 0.17849690 0.13763376 0.17880525 0.13549659 0.17445292 0.13413366 0.17331062 0.13154222 0.17361896 0.12940505 0.17247665 0.12681360 0.17278508 0.12467588 0.17164240 0.12208432 0.17195075 0.11994715 0.17080852 0.11735516 0.17142521 0.11308081 0.17028291 0.11048937 0.17059125 0.10835220 0.16944865 0.10576009 0.16975700 0.10362292 0.16861469 0.10103148 0.16923146 0.09675658 0.16808916 0.09416514 0.16839750 0.09202797 0.16725520 0.08943652 0.16756362 0.08729880 0.16642132 0.08470736 0.15916732 0.08243578 0.15885897 0.08457295 0.15709990 0.08625640 0.15129692 0.08443920 0.15068023 0.08871355 0.14892123 0.09039645 0.14311826 0.08857925
0 0.17605071 0.08102103 0.17574236 0.08315820 0.17802727 0.08834175 0.17771892 0.09047893 0.18000345 0.09566236 0.17969511 0.09779953 0.18197972 0.10298242 0.18167129 0.10512014 0.18395628 0.11030314 0.18364785 0.11244086 0.18593284 0.11762387 0.18562449 0.11976104 0.18790902 0.12494447 0.18760068 0.12708164 0.18874298 0.12967309 0.18843456 0.13181081 0.19071954 0.13699381 0.19041120 0.13913098 0.19269573 0.14431442 0.19238738 0.14645159 0.19353006 0.14904315 0.19291329 0.15331804 0.19115392 0.15500083 0.19084558 0.15713800 0.19198825 0.15972956 0.19167983 0.16186728 0.19396444 0.16705017 0.19365602 0.16918789 0.19594063 0.17437077 0.19563228 0.17650795 0.19677496 0.17909951 0.20838091 0.18273390 0.20868925 0.18059673 0.21044825 0.17891382 0.21480057 0.18027675 0.21510892 0.17813958 0.21686792 0.17645668 0.22267089 0.17827387 0.22328766 0.17399898 0.22504666 0.17231608 0.22939898 0.17367900 0.22970741 0.17154128 0.22856510 0.16894984 0.22887345 0.16681267 0.22658846 0.16162966 0.22689689 0.15949195 0.22461228 0.15430906 0.22492070 0.15217134 0.22263572 0.14698833 0.22294406 0.14485116 0.22180176 0.14225972 0.22211018 0.14012200 0.21982557 0.13493911 0.22013400 0.13280139 0.21784901 0.12761839 0.21815736 0.12548122 0.21587245 0.12029767 0.21618080 0.11816049 0.21503850 0.11556905 0.21534692 0.11343133 0.21306231 0.10824845 0.21337065 0.10611127 0.21108575 0.10092772 0.21139410 0.09879055 0.20910956 0.09360711 0.20941791 0.09146994 0.20827523 0.08887838 0.20858358 0.08674121 0.20629904 0.08155777 0.20660739 0.07942060 0.20432286 0.07423717 0.19706886 0.07196559 0.19530978 0.07364904 0.19240848 0.07274050 0.19210014 0.07487767 0.19034077 0.07656045 0.18308714 0.07428899 0.17605071 0.08102103
0 0.09499099 0.03329879 0.09437430 0.03757314 0.09261531 0.03925604 0.08681233 0.03743884 0.08650391 0.03957657 0.08474491 0.04125947 0.07894193 0.03944227 0.07832517 0.04371716 0.07656617 0.04540007 0.07076319 0.04358287 0.07045485 0.04572004 0.06869548 0.04740283 0.06289269 0.04558569 0.06227592 0.04986058 0.06051681 0.05154345 0.05471384 0.04972625 0.05440549 0.05186343 0.05264634 0.05354686 0.04684337 0.05172966 0.04622668 0.05600400 0.04446761 0.05768688 0.04301684 0.05723258 0.04415926 0.05982406 0.04354249 0.06409895 0.04468487 0.06669042 0.04437645 0.06882814 0.04551883 0.07141960 0.04490214 0.07569395 0.04604455 0.07828543 0.04573613 0.08042315 0.05734208 0.08405754 0.05765050 0.08191982 0.05940961 0.08023695 0.06231106 0.08114554 0.06406998 0.07946261 0.06552101 0.07991700 0.06903900 0.07655119 0.07484197 0.07836839 0.07515040 0.07623067 0.07690940 0.07454777 0.08126172 0.07591069 0.08157006 0.07377352 0.08332951 0.07209019 0.08623081 0.07299873 0.08798981 0.07131583 0.09379278 0.07313302 0.09410113 0.07099585 0.09586050 0.06931306 0.10021245 0.07067587 0.10052080 0.06853870 0.10227987 0.06685525 0.10518154 0.06776391 0.10694054 0.06608100 0.10984221 0.06698966 0.11015056 0.06485249 0.11190963 0.06316904 0.11771261 0.06498623 0.11657030 0.06239479 0.11718700 0.05812045 0.11604432 0.05552889 0.11635274 0.05339117 0.11521044 0.05079972 0.11582721 0.04652483 0.11468490 0.04393339 0.11499325 0.04179621 0.11385094 0.03920477 0.11415929 0.03706760 0.11301706 0.03447560 0.11363375 0.03020126 0.11073208 0.02929260 0.11042373 0.03142978 0.10866474 0.03311268 0.10286176 0.03129548 0.10255334 0.03343320 0.10079434 0.03511610 0.09499099 0.03329879
0 0.21601959 0.06673077 0.21426052 0.06841422 0.21135884 0.06750556 0.21250152 0.07009712 0.21219317 0.07223429 0.21447779 0.07741718 0.21416936 0.07955490 0.21645434 0.08473790 0.21614592 0.08687562 0.21843053 0.09205851 0.21812219 0.09419568 0.22040709 0.09937923 0.22009874 0.10151640 0.22238328 0.10669983 0.22207493 0.10883701 0.22435991 0.11402001 0.22405157 0.11615718 0.22519380 0.11874917 0.22488545 0.12088635 0.22716998 0.12606978 0.22686164 0.12820695 0.22914662 0.13338996 0.22883827 0.13552713 0.23112318 0.14071068 0.23081483 0.14284785 0.23309936 0.14803129 0.23279102 0.15016846 0.23507563 0.15535135 0.23476720 0.15748907 0.23705219 0.16267207 0.23674376 0.16480979 0.25270204 0.16980711 0.25301046 0.16766939 0.25476946 0.16598649 0.25912178 0.16734941 0.25943013 0.16521224 0.26118920 0.16352879 0.26699218 0.16534599 0.26730053 0.16320881 0.26501591 0.15802593 0.26532426 0.15588875 0.26303936 0.15070520 0.26334770 0.14856803 0.26220548 0.14597604 0.26251382 0.14383887 0.26022884 0.13865586 0.26053718 0.13651869 0.25825265 0.13133526 0.25856100 0.12919809 0.25741877 0.12660610 0.25772711 0.12446892 0.25544213 0.11928592 0.25575048 0.11714875 0.25346557 0.11196520 0.25377392 0.10982802 0.25148939 0.10464459 0.25179773 0.10250742 0.25065543 0.09991597 0.25096377 0.09777880 0.24867887 0.09259525 0.24432654 0.09123233 0.24318424 0.08864088 0.24349266 0.08650316 0.24235036 0.08391172 0.24265870 0.08177454 0.24037409 0.07659166 0.24068252 0.07445394 0.23953984 0.07186238 0.23984818 0.06972521 0.23756364 0.06454188 0.22595768 0.06090749 0.22564935 0.06304455 0.22388991 0.06472789 0.21953796 0.06336508 0.21922961 0.06550225 0.21747062 0.06718515 0.21601959 0.06673077
0 0.26034078 0.05380353 0.25972405 0.05807821 0.25796503 0.05976122 0.25361271 0.05839829 0.25330435 0.06053557 0.25154533 0.06221864 0.25383027 0.06740192 0.25352191 0.06953920 0.26151828 0.08768041 0.26120993 0.08981758 0.25945094 0.09150048 0.25883417 0.09577537 0.26568829 0.11132470 0.26537987 0.11346242 0.27109206 0.12642041 0.27078372 0.12855759 0.27421055 0.13633246 0.27359378 0.14060736 0.27649546 0.14151601 0.27763776 0.14410746 0.27671273 0.15051898 0.27785532 0.15311108 0.27754698 0.15524826 0.27868928 0.15783970 0.28449226 0.15965690 0.28510895 0.15538255 0.28686803 0.15369910 0.29267100 0.15551630 0.29297935 0.15337912 0.29473834 0.15169622 0.30199234 0.15396780 0.30230069 0.15183063 0.30405968 0.15014773 0.30986266 0.15196492 0.31162173 0.15028147 0.31193008 0.14814430 0.31078777 0.14555286 0.31109620 0.14341514 0.30652660 0.13304925 0.30683503 0.13091153 0.29998053 0.11536209 0.30028888 0.11322492 0.29343483 0.09767505 0.29374318 0.09553787 0.28803143 0.08257945 0.28833976 0.08044238 0.28262759 0.06748428 0.28293595 0.06534700 0.27722415 0.05238895 0.27753252 0.05025161 0.27318020 0.04888869 0.27287183 0.05102603 0.27111281 0.05270909 0.26676048 0.05134617 0.26645212 0.05348345 0.26469311 0.05516646 0.26034078 0.05380353
0 0.07250225 0.00000000 0.07196146 0.00374820 0.07020237 0.00543125 0.06875161 0.00497694 0.06844324 0.00711428 0.06668412 0.00879726 0.06545065 0.01734649 0.06369158 0.01902937 0.06307481 0.02330427 0.06421720 0.02589573 0.06360050 0.03017008 0.06474284 0.03276211 0.07199665 0.03503363 0.07261342 0.03075874 0.07437242 0.02907583 0.08017540 0.03089303 0.08048374 0.02875586 0.08224274 0.02707295 0.08949673 0.02934454 0.08980516 0.02720682 0.09156415 0.02552392 0.09736713 0.02734111 0.09767547 0.02520394 0.10119353 0.02183770 0.10409520 0.02274635 0.10440357 0.02060907 0.10616258 0.01892606 0.11051490 0.02028899 0.11113164 0.01601431 0.10998898 0.01342264 0.11029734 0.01128536 0.10915506 0.00869375 0.10977179 0.00441913 0.10862950 0.00182758 0.10889318 0.00000000 0.07250225 0.00000000
0 0.29679163 0.04287940 0.29503262 0.04456242 0.29213094 0.04365376 0.29151421 0.04792838 0.28975519 0.04961145 0.28540287 0.04824852 0.30596590 0.09489737 0.30565747 0.09703509 0.30389810 0.09871788 0.30358976 0.10085505 0.30473243 0.10344661 0.30442409 0.10558379 0.32155947 0.14445797 0.32736282 0.14627528 0.33088081 0.14290948 0.33668379 0.14472668 0.33844278 0.14304377 0.33989380 0.14349816 0.34020223 0.14136044 0.34196123 0.13967754 0.34631318 0.14104035 0.34662152 0.13890317 0.34838097 0.13721984 0.35273330 0.13858277 0.34587880 0.12303333 0.34618714 0.12089616 0.31762779 0.05610582 0.31793616 0.05396848 0.31108169 0.03841883 0.30818039 0.03751029 0.30787203 0.03964757 0.30611301 0.04133058 0.30321134 0.04042192 0.30145232 0.04210499 0.29710000 0.04074207 0.29679163 0.04287940
0 0.12557245 0.00000000 0.12551287 0.00041294 0.12665516 0.00300450 0.12603843 0.00727917 0.12718072 0.00987072 0.12687235 0.01200800 0.12801501 0.01459973 0.12770664 0.01673707 0.12884893 0.01932862 0.12823220 0.02360324 0.12937448 0.02619485 0.12906612 0.02833213 0.13020841 0.03092368 0.12959165 0.03519846 0.13073396 0.03778991 0.13042561 0.03992708 0.13156821 0.04251919 0.13095152 0.04679353 0.13209383 0.04938498 0.13178548 0.05152215 0.13292771 0.05411414 0.13231102 0.05838849 0.13956464 0.06065995 0.14308301 0.05729426 0.14888598 0.05911146 0.14919441 0.05697374 0.15095340 0.05529084 0.15530573 0.05665376 0.15561407 0.05451659 0.15737307 0.05283369 0.16027474 0.05374234 0.16203374 0.05205944 0.16493504 0.05296798 0.16379282 0.05037599 0.16410116 0.04823882 0.16295885 0.04564738 0.16357561 0.04137259 0.16243332 0.03878104 0.16274168 0.03664376 0.16159940 0.03405215 0.16221613 0.02977753 0.16107347 0.02718586 0.16138184 0.02504852 0.16023955 0.02245692 0.16054792 0.02031963 0.15940562 0.01772808 0.16002236 0.01345341 0.15887970 0.01086174 0.15918806 0.00872446 0.15804578 0.00613285 0.15866251 0.00185823 0.15784345 0.00000000 0.12557245 0.00000000
0 0.37968750 0.08909383 0.37389852 0.07596086 0.37244750 0.07550647 0.35988124 0.04699872 0.32941572 0.03745846 0.32765670 0.03914150 0.32330438 0.03777857 0.32237928 0.04419050 0.33380325 0.07010665 0.33525390 0.07056092 0.35810152 0.12239283 0.35779309 0.12453055 0.36007770 0.12971344 0.36878235 0.13243929 0.36909070 0.13030212 0.37084969 0.12861921 0.37810369 0.13089080 0.37872046 0.12661590 0.37968750 0.12569070 0.37968750 0.08909383
0 0.16534639 0.00000000 0.16622487 0.00199253 0.16560815 0.00626710 0.16675043 0.00885870 0.16644206 0.01099604 0.16758435 0.01358759 0.16696762 0.01786221 0.16810990 0.02045382 0.16780154 0.02259110 0.16894383 0.02518265 0.16832709 0.02945733 0.16946975 0.03204900 0.16916139 0.03418628 0.17030368 0.03677789 0.16999531 0.03891522 0.17113760 0.04150678 0.17052090 0.04578112 0.17166350 0.04837323 0.17746611 0.05019031 0.17922555 0.04850698 0.18212685 0.04941552 0.18564522 0.04604983 0.18854652 0.04695837 0.18916325 0.04268375 0.19092227 0.04100068 0.19817627 0.04327226 0.19848463 0.04113498 0.20024364 0.03945197 0.20604662 0.04126917 0.20635499 0.03913183 0.20987339 0.03576587 0.21018175 0.03362858 0.20903910 0.03103686 0.20965583 0.02676224 0.20851354 0.02417069 0.20882191 0.02203335 0.20767963 0.01944174 0.20829635 0.01516718 0.20715370 0.01257545 0.20746206 0.01043812 0.20631978 0.00784657 0.20693650 0.00357195 0.20579422 0.00098037 0.20593566 0.00000000 0.16534639 0.00000000
0 0.11532685 0.00000000 0.11619149 0.00196171 0.11557476 0.00623633 0.11671742 0.00882800 0.11640906 0.01096533 0.11755134 0.01355694 0.11724298 0.01569422 0.11838527 0.01828578 0.11807690 0.02042312 0.11921918 0.02301472 0.11860246 0.02728929 0.11974478 0.02988062 0.11943635 0.03201834 0.12057903 0.03460990 0.12027069 0.03674708 0.12141291 0.03933906 0.12079622 0.04361341 0.12193853 0.04620485 0.12163018 0.04834203 0.12277278 0.05093413 0.12246443 0.05307131 0.12360674 0.05566275 0.12298997 0.05993764 0.12413227 0.06252909 0.12382393 0.06466626 0.12496624 0.06725770 0.12465781 0.06939542 0.12580012 0.07198686 0.12549177 0.07412404 0.12373270 0.07580749 0.11792972 0.07399029 0.11762138 0.07612746 0.11410338 0.07949327 0.10684976 0.07722180 0.10509039 0.07890459 0.10073806 0.07754166 0.09897899 0.07922511 0.09867064 0.08136228 0.09691165 0.08304519 0.09110867 0.08122799 0.09080025 0.08336571 0.08904125 0.08504861 0.08178763 0.08277715 0.08117093 0.08705149 0.07941157 0.08873428 0.07215794 0.08646281 0.07184952 0.08860053 0.07009052 0.09028344 0.06428755 0.08846624 0.06076918 0.09183250 0.05496620 0.09001530 0.05434951 0.09428965 0.05259044 0.09597253 0.04533674 0.09370104 0.04502839 0.09583821 0.04326921 0.09752163 0.03601547 0.09525012 0.03570712 0.09738730 0.03394805 0.09907018 0.02814508 0.09725298 0.02721996 0.10366505 0.02867069 0.10411934 0.03042980 0.10243647 0.04058498 0.10561656 0.04089333 0.10347939 0.04265252 0.10179597 0.04845549 0.10361317 0.04876384 0.10147600 0.05052295 0.09979313 0.05777665 0.10206462 0.05808507 0.09992690 0.05984414 0.09824402 0.06419639 0.09960692 0.06771475 0.09624123 0.06916541 0.09669550 0.07092440 0.09501260 0.07527673 0.09637553 0.07558515 0.09423781 0.07734415 0.09255490 0.08024582 0.09346356 0.08200482 0.09178066 0.08490612 0.09268920 0.08521454 0.09055148 0.08697354 0.08886858 0.09277689 0.09068589 0.09629488 0.08732008 0.10209785 0.08913728 0.10271462 0.08486239 0.10447362 0.08317948 0.11172725 0.08545095 0.11203559 0.08331378 0.11379504 0.08163044 0.11959801 0.08344764 0.11990636 0.08131047 0.12166535 0.07962756 0.12311601 0.08008183 0.12487500 0.07839893 0.12922733 0.07976186 0.13274577 0.07639562 0.13854874 0.07821282 0.13885709 0.07607565 0.14061609 0.07439274 0.14641906 0.07620994 0.14993713 0.07284359 0.15283881 0.07375224 0.15459780 0.07206934 0.15749948 0.07297800 0.15780782 0.07084082 0.15956682 0.06915792 0.16536979 0.07097512 0.16598656 0.06670023 0.15438061 0.06306583 0.15376384 0.06734073 0.15200485 0.06902363 0.14475122 0.06675216 0.14444287 0.06888933 0.14268351 0.07057212 0.13688053 0.06875492 0.13336246 0.07212127 0.13046079 0.07121262 0.12817625 0.06602918 0.12848460 0.06389201 0.12734192 0.06130045 0.12765027 0.05916328 0.12650804 0.05657129 0.12712473 0.05229694 0.12598251 0.04970495 0.12629085 0.04756778 0.12514855 0.04497634 0.12545689 0.04283916 0.12431459 0.04024772 0.12462301 0.03811000 0.12348033 0.03551844 0.12409710 0.03124355 0.12295478 0.02865221 0.12326314 0.02651493 0.12212085 0.02392338 0.12242922 0.02178604 0.12128657 0.01919432 0.12159493 0.01705703 0.12045264 0.01446548 0.12106938 0.01019081 0.11992709 0.00759926 0.12023545 0.00546197 0.11909317 0.00287037 0.11940154 0.00073303 0.11907844 0.00000000 0.11532685 0.00000000
0 0.82323020 0.42178112 0.58145827 0.07729403 0.51979925 0.12567097 0.76369669 0.46808315 0.82323020 0.42178112
0 0.06696304 0.55937500 0.04670264 0.70910638 0.08494668 0.71723540 0.08645893 0.71085732 0.09986230 0.55937500 0.06696304 0.55937500
0 0.07139181 0.55937500 0.05472220 0.77630469 0.08513800 0.78276977 0.08570600 0.78031548 0.11273344 0.55937500 0.07139181 0.55937500
0 0.00000000 0.72981654 0.19479801 0.75609265 0.20012413 0.74034655 0.20321317 0.72933089 0.20342368 0.72834052 0.00000000 0.68944362 0.00000000 0.72981654
0 0.00000000 0.79134189 0.19104725 0.81662785 0.19750616 0.78624109 0.00000000 0.75626005 0.00000000 0.79134189
0 0.05653561 0.71098080 0.03789848 0.97496843 0.04120639 0.97547347 0.06469297 0.97519585 0.06735944 0.96265111 0.09277306 0.71091192 0.08509307 0.70927948 0.05653561 0.71098080
0 0.00000000 0.92187453 0.18243806 0.93979822 0.18420759 0.93147327 0.18459721 0.90713972 0.00000000 0.88562456 0.00000000 0.92187453
0 0.06561067 1.00000000 0.08474136 0.84831972 0.04380558 0.84900652 0.03146645 1.00000000 0.06561067 1.00000000
0 0.52996849 0.87520455 0.52946473 0.87688803 0.52659024 0.87821400 0.52507897 0.88326442 0.52981957 0.88398017 0.53168580 0.88602148 0.53405640 0.88637940 0.53592251 0.88842114 0.54167014 0.88576943 0.54217390 0.88408596 0.54504765 0.88276032 0.54555141 0.88107685 0.54842589 0.87975087 0.54892965 0.87806740 0.55180340 0.87674176 0.55230729 0.87505786 0.55518104 0.87373222 0.55331480 0.87169092 0.55094481 0.87133308 0.54907797 0.86929169 0.54670797 0.86893385 0.54484174 0.86689255 0.54010175 0.86617688 0.53959799 0.86786036 0.53672364 0.86918590 0.53621988 0.87086937 0.53334613 0.87219501 0.53284224 0.87387892 0.52996849 0.87520455
0 0.51886145 0.82953658 0.52123144 0.82989441 0.52309829 0.83193581 0.52546828 0.83229364 0.52733451 0.83433494 0.52970512 0.83469287 0.53157122 0.83673460 0.53394122 0.83709243 0.53580745 0.83913374 0.53817745 0.83949157 0.54004429 0.84153297 0.54241428 0.84189080 0.54428052 0.84393210 0.54665112 0.84429003 0.54851735 0.84633133 0.55088735 0.84668917 0.55275345 0.84873090 0.55512345 0.84908874 0.55699029 0.85113013 0.55648653 0.85281360 0.55361204 0.85413958 0.55310829 0.85582305 0.55023453 0.85714869 0.54973078 0.85883216 0.54685703 0.86015780 0.54872313 0.86219954 0.55109313 0.86255737 0.55295997 0.86459877 0.55532996 0.86495660 0.55719620 0.86699790 0.55956680 0.86735583 0.56143291 0.86939756 0.56193679 0.86771366 0.56481055 0.86638802 0.56531430 0.86470455 0.56818818 0.86337848 0.56919570 0.86001154 0.57206945 0.85868590 0.57257321 0.85700243 0.57544769 0.85567645 0.57595145 0.85399298 0.57882520 0.85266734 0.57645521 0.85230951 0.57458850 0.85026768 0.57221850 0.84990985 0.57035227 0.84786854 0.56798227 0.84751071 0.56611604 0.84546940 0.56374544 0.84511148 0.56187920 0.84307018 0.56238296 0.84138670 0.56525684 0.84006063 0.56339060 0.83801933 0.56102061 0.83766150 0.55915377 0.83562010 0.55678377 0.83526227 0.55491767 0.83322053 0.55254767 0.83286270 0.55068144 0.83082140 0.54831084 0.83046347 0.54644460 0.82842217 0.54407461 0.82806433 0.54220776 0.82602294 0.53983777 0.82566511 0.53797153 0.82362380 0.53560154 0.82326597 0.53373543 0.82122423 0.52899484 0.82050848 0.52612096 0.82183455 0.52561720 0.82351802 0.52274284 0.82484356 0.52223909 0.82652704 0.51936533 0.82785267 0.51886145 0.82953658
