0 0.00000000 0.50089305 0.00864680 0.49441533 0.01119005 0.49483068 0.02592012 0.48379582 0.02846331 0.48421116 0.03730145 0.47758998 0.03984463 0.47800531 0.04198467 0.48104345 0.04452838 0.48145887 0.04747432 0.47925134 0.05001738 0.47966665 0.06180148 0.47083863 0.05752093 0.46476366 0.05792371 0.46214149 0.05364261 0.45606574 0.05109955 0.45565043 0.03636948 0.46668529 0.03382623 0.46626994 0.02793413 0.47068428 0.02539094 0.47026895 0.02325058 0.46723076 0.02070732 0.46681542 0.01481529 0.47122977 0.01227204 0.47081443 0.00048793 0.47964244 0.00000000 0.47956276 0.00000000 0.50089305
0 0.00000000 0.43117686 0.00265196 0.43160996 0.00305484 0.42898711 0.00600081 0.42678027 0.00854406 0.42719561 0.00975250 0.41932842 0.01269854 0.41712159 0.03558748 0.42085963 0.03599026 0.41823745 0.00547163 0.41325340 0.00252566 0.41546024 0.00000000 0.41504777 0.00000000 0.43117686
0 0.09964170 0.27540957 0.09883614 0.28065391 0.09589030 0.28286078 0.09080354 0.28203005 0.08758108 0.30300878 0.09012414 0.30342409 0.09226507 0.30646168 0.09105662 0.31432887 0.09319680 0.31736703 0.08796034 0.35145730 0.09304710 0.35228803 0.09518738 0.35532552 0.08954814 0.39203796 0.11752306 0.39660660 0.11953707 0.38349506 0.12248356 0.38128831 0.12502661 0.38170362 0.12542940 0.37908144 0.12328922 0.37604329 0.13376213 0.30786274 0.13670797 0.30565588 0.14179474 0.30648661 0.14219752 0.30386444 0.14514346 0.30165690 0.15022957 0.30248753 0.15063235 0.29986535 0.15652478 0.29545106 0.15906783 0.29586638 0.15987340 0.29062203 0.16281923 0.28841517 0.17299211 0.29007652 0.17420055 0.28220933 0.17206028 0.27917184 0.17246316 0.27654900 0.15211741 0.27322629 0.14997713 0.27018881 0.14743408 0.26977349 0.14662841 0.27501851 0.14368192 0.27722527 0.11570635 0.27265652 0.11530357 0.27527870 0.11235763 0.27748623 0.09964170 0.27540957
0 0.00000000 0.36934982 0.07549684 0.38167936 0.07589962 0.37905718 0.07375945 0.37601903 0.07537068 0.36552966 0.07028456 0.36469904 0.06814364 0.36166145 0.07136609 0.34068271 0.04593409 0.33652937 0.04379362 0.33349185 0.04500207 0.32562466 0.04286159 0.32258714 0.04580773 0.32037964 0.07378298 0.32494833 0.07619976 0.30921462 0.07365671 0.30879931 0.07151643 0.30576182 0.07876700 0.25855934 0.07368036 0.25772863 0.07153996 0.25469113 0.07194274 0.25206895 0.06431305 0.25082293 0.06217264 0.24778543 0.04437008 0.24487805 0.04222977 0.24183988 0.04343822 0.23397268 0.04638419 0.23176584 0.07435963 0.23633457 0.07516519 0.23109022 0.07302478 0.22805271 0.07584445 0.20969615 0.07330120 0.20928081 0.07116073 0.20624329 0.07559163 0.17739737 0.07345132 0.17435919 0.07425689 0.16911484 0.06154082 0.16703816 0.05859479 0.16924499 0.02298972 0.16343026 0.00000000 0.31309746 0.00000000 0.36934982
0 0.09178297 0.19079411 0.09392324 0.19383159 0.09070079 0.21481033 0.09284172 0.21784792 0.08961927 0.23882665 0.10996502 0.24214935 0.11036780 0.23952718 0.11331364 0.23732032 0.14891838 0.24313500 0.15697451 0.19068817 0.14680163 0.18902681 0.14466146 0.18598866 0.14627258 0.17549996 0.12338377 0.17176195 0.12257821 0.17700629 0.11963237 0.17921316 0.08911309 0.17422899 0.08709898 0.18734121 0.08923991 0.19037880 0.09178297 0.19079411
0 0.15195897 0.03664546 0.14901303 0.03885299 0.13375404 0.03636101 0.12610070 0.08618567 0.15407627 0.09075441 0.15621654 0.09379190 0.15541098 0.09903625 0.15246515 0.10124311 0.12703263 0.09708967 0.12219885 0.12855844 0.11925302 0.13076531 0.11482222 0.15961056 0.13516797 0.16293326 0.13730815 0.16597142 0.14239491 0.16680215 0.14320058 0.16155713 0.14614641 0.15935027 0.17412134 0.16391891 0.17653823 0.14818452 0.17399517 0.14776921 0.17185489 0.14473173 0.17668857 0.11326363 0.17963441 0.11105677 0.18472117 0.11188750 0.18552683 0.10664248 0.18847267 0.10443562 0.19864555 0.10609697 0.19904833 0.10347479 0.20199417 0.10126793 0.21471075 0.10334470 0.21551641 0.09809968 0.21846225 0.09589282 0.22609142 0.09713876 0.22649420 0.09451658 0.22944079 0.09230916 0.24724284 0.09521644 0.25086807 0.07161554 0.24872779 0.06857805 0.24993624 0.06071086 0.24739318 0.06029555 0.24525290 0.05725806 0.24968378 0.02841227 0.18101670 0.01719812 0.17807083 0.01940518 0.13737933 0.01275977 0.13657371 0.01800446 0.15183270 0.02049643 0.15397296 0.02353405 0.15195897 0.03664546
0 0.04809352 0.00000000 0.02661495 0.13982935 0.04950389 0.14356739 0.05164436 0.14660491 0.05043592 0.15447210 0.09875692 0.16236350 0.09996536 0.15449630 0.10291185 0.15228955 0.10799796 0.15312017 0.11726254 0.09280615 0.10708966 0.09114479 0.10414382 0.09335166 0.09142756 0.09127494 0.08928709 0.08823742 0.09089832 0.07774806 0.09384435 0.07554123 0.12181960 0.08010992 0.13229256 0.01192904 0.13015232 0.00889136 0.07570832 0.00000000 0.04809352 0.00000000
0 0.65917969 0.54808988 0.94246860 0.59088557 0.95237160 0.57820276 0.95736502 0.50266315 0.95437554 0.47798653 0.94325937 0.46853286 0.92482828 0.47653676 0.66454644 0.42968205 0.65917969 0.43011501 0.65917969 0.54808988
0 0.65917969 0.81453731 0.63054264 0.81233332 0.62840236 0.81090186 0.63243048 0.79854354 0.63029020 0.79711208 0.46752418 0.78458510 0.46538325 0.78315360 0.40434599 0.77845598 0.40233199 0.78463498 0.39938615 0.78567499 0.39737204 0.79185431 0.39442620 0.79289433 0.39228528 0.79146282 0.34396460 0.78774391 0.34182443 0.78631213 0.34544966 0.77518987 0.34330873 0.77375836 0.23140709 0.76514606 0.23060153 0.76761754 0.22765559 0.76865787 0.22564159 0.77483687 0.22269575 0.77587689 0.22068174 0.78205589 0.21773591 0.78309590 0.21572180 0.78927522 0.21277531 0.79031519 0.21076130 0.79649419 0.20781536 0.79753452 0.20580136 0.80371352 0.20285552 0.80475354 0.20245274 0.80598927 0.28129204 0.81205699 0.28343287 0.81348882 0.31395150 0.81583763 0.31609177 0.81726908 0.31448055 0.82221235 0.31153471 0.82325236 0.19708936 0.81444429 0.19547814 0.81938756 0.19253230 0.82042757 0.19051819 0.82660689 0.18757235 0.82764691 0.18555835 0.83382591 0.18261251 0.83486592 0.18180685 0.83733771 0.29370849 0.84595001 0.29584876 0.84738147 0.29141787 0.86097553 0.28847203 0.86201554 0.23760765 0.85810086 0.23546737 0.85666940 0.17188641 0.85177601 0.17027518 0.85671928 0.16732934 0.85775929 0.16531534 0.86393829 0.16236940 0.86497863 0.16035539 0.87115763 0.15740891 0.87219759 0.15700612 0.87343333 0.16717965 0.87421632 0.16931983 0.87564809 0.21255439 0.87897556 0.21469466 0.88040702 0.21308344 0.88535028 0.29192339 0.89141805 0.29406367 0.89284951 0.31949619 0.89480687 0.32163646 0.89623833 0.32042802 0.89994586 0.34077377 0.90151173 0.34291404 0.90294319 0.41666724 0.90861946 0.41880816 0.91005097 0.43915392 0.91161685 0.44036226 0.90790963 0.44330809 0.90686962 0.44532220 0.90069030 0.44826804 0.89965029 0.45589786 0.90023750 0.45803814 0.90166896 0.49364353 0.90440926 0.49578380 0.90584072 0.49336692 0.91325577 0.49042108 0.91429579 0.48800419 0.92171084 0.63042446 0.93267195 0.65917969 0.84445046 0.65917969 0.81453731
0 0.29054597 0.67968750 0.28891377 0.68469511 0.28596792 0.68573519 0.28395388 0.69191429 0.28100801 0.69295440 0.27899398 0.69913346 0.27604747 0.70017349 0.27403349 0.70635243 0.27108755 0.70739276 0.26867076 0.71480750 0.26572493 0.71584752 0.26330804 0.72326257 0.26036220 0.72430259 0.25754253 0.73295338 0.25459669 0.73399339 0.25177702 0.74264419 0.24883053 0.74368415 0.24601087 0.75233494 0.24306503 0.75337496 0.24105092 0.75955428 0.31734717 0.76542627 0.31948809 0.76685778 0.46699448 0.77821033 0.46913540 0.77964184 0.61918484 0.79119011 0.62132512 0.79262157 0.65917969 0.79553497 0.65917969 0.70305739 0.52611238 0.69281612 0.52570957 0.69405193 0.52276371 0.69509203 0.45664034 0.69000297 0.45449944 0.68857138 0.33906907 0.67968750 0.29054597 0.67968750
0 0.70211031 0.95641743 0.70106900 0.96259643 0.77996531 0.97434047 0.78121493 0.96692542 0.70363347 0.95537710 0.70211031 0.95641743
0 0.65917969 0.95636103 0.69054949 0.96103056 0.69179911 0.95361550 0.69069251 0.95218404 0.68674761 0.95159683 0.68522450 0.95263684 0.65917969 0.94875997 0.65917969 0.95636103
0 0.74315919 0.94479212 0.74205259 0.94336066 0.70786402 0.93827155 0.70661445 0.94568629 0.70772134 0.94711811 0.78398760 0.95847066 0.78551110 0.95743038 0.78655241 0.95125138 0.74315919 0.94479212
0 0.65917969 0.93862543 0.69478009 0.94392470 0.69602966 0.93650996 0.65917969 0.93102469 0.65917969 0.93862543
0 0.78953339 0.94156057 0.79099121 0.93291010 0.71209491 0.92116605 0.71063709 0.92981653 0.78953339 0.94156057
0 0.65917969 0.92089015 0.67402699 0.92310023 0.67513366 0.92453170 0.69748753 0.92785916 0.69790404 0.92538769 0.69942720 0.92434736 0.70005196 0.92064015 0.69894535 0.91920869 0.65917969 0.91328941 0.65917969 0.92089015
0 0.75300077 0.91838726 0.75445864 0.90973647 0.71632551 0.90406019 0.71486763 0.91271098 0.75300077 0.91838726
0 0.65917969 0.90442160 0.70303327 0.91094939 0.70449115 0.90229860 0.67030265 0.89720950 0.66919598 0.89577803 0.65917969 0.89428706 0.65917969 0.90442160
0 0.71924126 0.88675861 0.71778338 0.89540940 0.74408215 0.89932408 0.74518875 0.90075554 0.75439341 0.90212569 0.75605953 0.89223916 0.71924126 0.88675861
0 0.65917969 0.88668600 0.70726387 0.89384353 0.70872175 0.88519274 0.65917969 0.87781820 0.65917969 0.88668600
