0 0.45000000 0.53602660 0.42437202 0.56944444 0.43432193 0.56944444 0.45000000 0.54913315 0.45000000 0.53602660
0 0.45000000 0.53091670 0.44509510 0.52611264 0.41195919 0.56944444 0.42160742 0.56944444 0.45000000 0.53245374 0.45000000 0.53091670
0 0.44503753 0.51004457 0.41223089 0.55296499 0.41583605 0.56196472 0.44807386 0.52096516 0.44503753 0.51004457
0 0.39727183 0.56944444 0.44195390 0.51097361 0.43630196 0.50601061 0.38784197 0.56944444 0.39727183 0.56944444
0 0.38615143 0.56944444 0.43636705 0.50433005 0.43384044 0.49321739 0.37584668 0.56944444 0.38615143 0.56944444
0 0.48819022 0.56944444 0.48307506 0.51905634 0.48498719 0.51661176 0.48453802 0.51218706 0.47171801 0.51358214 0.47738889 0.56944444 0.48819022 0.56944444
0 0.47510599 0.41927466 0.48792599 0.41787958 0.48320998 0.37142338 0.45756996 0.37421353 0.47037060 0.50030918 0.48319061 0.49891411 0.48274143 0.49448941 0.48038018 0.49250986 0.47319385 0.42171924 0.47510599 0.41927466
0 0.45000000 0.29964387 0.45599794 0.35872794 0.47950131 0.35617030 0.47253954 0.28759174 0.45000000 0.29004450 0.45000000 0.29964387
0 0.88187998 0.00000000 0.88494901 0.03023220 0.90417889 0.02813960 0.90609084 0.02569487 0.97232769 0.01848698 0.97045098 0.00000000 0.88187998 0.00000000
0 0.18646645 0.67529199 0.18573149 0.66860141 0.18048728 0.66912879 0.17855503 0.66763209 0.17837130 0.66595955 0.17312664 0.66648697 0.17119484 0.66499022 0.17064360 0.65997218 0.16015473 0.66102697 0.15822243 0.65952984 0.15123014 0.66023300 0.15270008 0.67361416 0.16493702 0.67238358 0.16686932 0.67388071 0.16705305 0.67555324 0.18453465 0.67379525 0.18646645 0.67529199
0 0.26283527 0.66253866 0.26090347 0.66104192 0.25915540 0.66121771 0.25722315 0.65972101 0.25703942 0.65804847 0.24480248 0.65927905 0.24572117 0.66764216 0.24921731 0.66729058 0.25114956 0.66878728 0.25151707 0.67213279 0.24995228 0.67398116 0.24470762 0.67450858 0.24277582 0.67301183 0.23228694 0.67406662 0.23247067 0.67573916 0.23090588 0.67758753 0.21342428 0.67934553 0.21360801 0.68101806 0.21204371 0.68286682 0.20679905 0.68339424 0.20735029 0.68841228 0.21084688 0.68806065 0.21277868 0.68955740 0.23200836 0.68762361 0.23164085 0.68427811 0.23320564 0.68242973 0.24019837 0.68172653 0.24176271 0.67987820 0.25225203 0.67882336 0.25206826 0.67715040 0.25363260 0.67530207 0.26237340 0.67442307 0.26430520 0.67591982 0.26586999 0.67407145 0.26568626 0.67239891 0.26725060 0.67055058 0.27249482 0.67002321 0.27442707 0.67151991 0.27792321 0.67116833 0.27755575 0.66782325 0.27912049 0.66597445 0.28436470 0.66544708 0.28592905 0.66359875 0.29816644 0.66236813 0.29798271 0.66069559 0.29954700 0.65884683 0.31702906 0.65708879 0.31684533 0.65541625 0.31840967 0.65356793 0.32365433 0.65304051 0.32144943 0.63296878 0.31795329 0.63332036 0.31602104 0.63182366 0.31583727 0.63015069 0.31059260 0.63067811 0.30866080 0.62918136 0.30166807 0.62988457 0.30424048 0.65330180 0.30267613 0.65515013 0.27820179 0.65761134 0.27838553 0.65928388 0.27682074 0.66113225 0.26283527 0.66253866
0 0.26146020 0.63392798 0.26219516 0.64061856 0.26063042 0.64246736 0.26210035 0.65584851 0.26909308 0.65514531 0.27102489 0.65664205 0.27452148 0.65629043 0.27608582 0.65444210 0.27516707 0.64607856 0.27673186 0.64423018 0.28022801 0.64387860 0.28004428 0.64220607 0.27654813 0.64255765 0.27461589 0.64106094 0.27406465 0.63604291 0.27562939 0.63419410 0.27912553 0.63384252 0.27894180 0.63216999 0.28050614 0.63032166 0.28032242 0.62864912 0.26808502 0.62987975 0.26615322 0.62838300 0.26596944 0.62671003 0.26072523 0.62723741 0.26090901 0.62891037 0.25934422 0.63075874 0.25584808 0.63111033 0.25603181 0.63278286 0.25952795 0.63243128 0.26146020 0.63392798
0 0.20966013 0.62899062 0.20984386 0.63066316 0.20827952 0.63251149 0.20478338 0.63286307 0.20515088 0.63620857 0.20358609 0.63805695 0.20165429 0.63656020 0.19815770 0.63691183 0.19834143 0.63858436 0.19677709 0.64043269 0.19153288 0.64096006 0.19190038 0.64430557 0.19033559 0.64615394 0.17635013 0.64756035 0.17763633 0.65926897 0.18288099 0.65874155 0.18481279 0.66023830 0.18518030 0.66358380 0.19042496 0.66305639 0.19235676 0.66455313 0.19290795 0.66957074 0.19815261 0.66904333 0.20008446 0.67054050 0.19852012 0.67238883 0.19888762 0.67573433 0.20413229 0.67520691 0.20606409 0.67670366 0.21130875 0.67617624 0.21287309 0.67432792 0.21250558 0.67098241 0.21406992 0.66913409 0.22106266 0.66843088 0.22299490 0.66992758 0.22474297 0.66975179 0.22400801 0.66306121 0.22557235 0.66121288 0.23081701 0.66068547 0.23063328 0.65901293 0.23219758 0.65716417 0.23744224 0.65663676 0.23597231 0.64325560 0.23072765 0.64378302 0.23091142 0.64545598 0.22934708 0.64730431 0.21011695 0.64923815 0.21030068 0.65091068 0.20873634 0.65275901 0.19824702 0.65381385 0.19631522 0.65231710 0.19787956 0.65046877 0.20312422 0.64994135 0.20275672 0.64659585 0.19576398 0.64729906 0.19383218 0.64580231 0.19539653 0.64395398 0.20938199 0.64254757 0.21094628 0.64069881 0.21076255 0.63902628 0.21232690 0.63717795 0.21932008 0.63647469 0.22125188 0.63797144 0.22999268 0.63709244 0.22833902 0.62203875 0.22484243 0.62239038 0.22291063 0.62089363 0.22309436 0.62256617 0.22153001 0.62441450 0.21628535 0.62494191 0.21646908 0.62661445 0.21490479 0.62846321 0.20966013 0.62899062
0 0.23947394 0.61077205 0.23965772 0.61244501 0.23809293 0.61429339 0.23284871 0.61482076 0.23486988 0.63321995 0.24011409 0.63269258 0.24204634 0.63418928 0.24729100 0.63366186 0.24600480 0.62195325 0.24913348 0.61825659 0.25612622 0.61755338 0.25594249 0.61588085 0.25750678 0.61403209 0.26624759 0.61315309 0.26606386 0.61148055 0.26762864 0.60963218 0.27287330 0.60910476 0.27268953 0.60743180 0.26744487 0.60795921 0.26551263 0.60646260 0.26496141 0.60144469 0.25272446 0.60267527 0.25290821 0.60434793 0.25134343 0.60619639 0.24609921 0.60672376 0.24628295 0.60839639 0.24471860 0.61024463 0.23947394 0.61077205
0 0.27922546 0.58648128 0.27959294 0.58982657 0.27646383 0.59352348 0.27296769 0.59387507 0.27370266 0.60056564 0.27719880 0.60021406 0.27913061 0.60171094 0.27968181 0.60672863 0.28667499 0.60602538 0.28649127 0.60435293 0.28805560 0.60250451 0.30553721 0.60074652 0.30535347 0.59907390 0.30691780 0.59722544 0.31216246 0.59669802 0.31197872 0.59502536 0.31354350 0.59317690 0.31878771 0.59264952 0.31823648 0.58763157 0.31299227 0.58815894 0.31106001 0.58666216 0.31032504 0.57997158 0.30682890 0.58032316 0.30489665 0.57882637 0.30434542 0.57380842 0.29035995 0.57521484 0.29091118 0.58023279 0.28934685 0.58208120 0.28585071 0.58243279 0.28603445 0.58410541 0.28447012 0.58595386 0.27922546 0.58648128
0 0.28300019 0.57257271 0.27950360 0.57292434 0.27757178 0.57142746 0.27057905 0.57213067 0.27168150 0.58216658 0.27692572 0.58163921 0.27674197 0.57996654 0.27830675 0.57811804 0.28355141 0.57759062 0.28300019 0.57257271
0 0.22963147 0.56944444 0.23257563 0.59624586 0.23101130 0.59809431 0.23193001 0.60645756 0.23892274 0.60575435 0.23873900 0.60408168 0.24030332 0.60223323 0.24554798 0.60170581 0.24536425 0.60003319 0.24692858 0.59818477 0.25217324 0.59765736 0.25198950 0.59598469 0.25355382 0.59413623 0.26404270 0.59308145 0.26202154 0.57468238 0.25502926 0.57538554 0.25309700 0.57388871 0.25272952 0.57054347 0.25365985 0.56944444 0.22963147 0.56944444
0 0.21320825 0.56944444 0.17176210 0.57361238 0.17525319 0.60539264 0.17368885 0.60724106 0.17175660 0.60574427 0.17000852 0.60592006 0.16844419 0.60776847 0.17064909 0.62784020 0.17414523 0.62748862 0.17607748 0.62898533 0.17736368 0.64069394 0.18435597 0.63999078 0.18592076 0.63814241 0.18941690 0.63779082 0.18923317 0.63611829 0.19079791 0.63426949 0.19604212 0.63374211 0.19917126 0.63004541 0.20266740 0.62969383 0.20248362 0.62802087 0.20404841 0.62617249 0.20754455 0.62582091 0.21067323 0.62212426 0.21416982 0.62177263 0.21729891 0.61807550 0.22254312 0.61754813 0.22235939 0.61587559 0.22392373 0.61402726 0.22916839 0.61349985 0.22432887 0.56944444 0.21320825 0.56944444
0 0.63211997 0.75271598 0.63638721 0.74687931 0.63222930 0.68998474 0.52678602 0.70741683 0.53171200 0.76947115 0.63211997 0.75271598
