0 0.63987292 0.68408796 0.72782083 0.69851481 0.72744219 0.68100556 0.63949219 0.66659630 0.63987292 0.68408796
0 0.64015781 0.66255278 0.72947812 0.67647315 0.73136979 0.65873519 0.64151927 0.64349537 0.64015781 0.66255278
0 0.64220781 0.63921944 0.73092396 0.65389537 0.73258177 0.63584907 0.64292031 0.62137315 0.64220781 0.63921944
0 0.64323958 0.61815278 0.73390156 0.63320741 0.73450365 0.61647500 0.64380052 0.60049815 0.64323958 0.61815278
0 0.64422604 0.59754259 0.73460885 0.61274815 0.73521771 0.59460741 0.64463594 0.58007870 0.64422604 0.59754259
0 0.73213958 0.58565278 0.72992188 0.58401667 0.73071302 0.57603981 0.64546406 0.56106759 0.64464635 0.57463981 0.73197396 0.58865556 0.73213958 0.58565278
0 0.64576146 0.55806481 0.73133125 0.57247315 0.73280052 0.55366296 0.64705313 0.53970926 0.64576146 0.55806481
0 0.64732865 0.53693148 0.73341094 0.55150370 0.73472917 0.53288148 0.64849219 0.51853889 0.64732865 0.53693148
0 0.73452187 0.57229815 0.73359219 0.59100370 0.74030156 0.59267593 0.74121250 0.57416019 0.73452187 0.57229815
0 0.38870000 0.69702315 0.44523750 0.67221204 0.44093594 0.64759722 0.38467708 0.67226389 0.38870000 0.69702315
0 0.38457917 0.66658519 0.44058073 0.64184537 0.43759115 0.61599722 0.38085729 0.64145556 0.38457917 0.66658519
