0 0.28771275 0.36195424 0.29603724 0.35159959 0.30305346 0.34090954 0.31072526 0.32383726 0.31531261 0.31015102 0.31949224 0.28899090 0.32472943 0.25934119 0.33020283 0.23245298 0.33528363 0.20415509 0.33363344 0.19439924 0.33479468 0.17467657 0.33294691 0.15287433 0.33022160 0.14075451 0.32516320 0.11792566 0.31993420 0.10827596 0.31358521 0.09596617 0.30312837 0.08978970 0.29556141 0.11828885 0.28937232 0.14519807 0.28302735 0.17345890 0.27755383 0.20034621 0.27209276 0.22850655 0.26708934 0.25612839 0.26273592 0.28567670 0.25848097 0.31230334 0.25403785 0.34125558 0.24974466 0.37716601 0.25808760 0.37766361 0.26623892 0.37569785 0.27834565 0.36897274 0.28771275 0.36195424
0 0.20076210 0.01521028 0.18480222 0.08223475 0.28128349 0.14042539 0.29763229 0.07001984 0.27987725 0.05835086 0.25970505 0.04495712 0.24415388 0.03479447 0.23293332 0.02831852 0.20076210 0.01521028
0 0.15452821 0.25224157 0.14569294 0.32002612 0.15551491 0.32556990 0.15470100 0.32851438 0.15829458 0.33446971 0.17202190 0.34326560 0.18819905 0.35281117 0.20725104 0.36354301 0.22058614 0.37092811 0.23177988 0.37006845 0.24259641 0.37386128 0.25067030 0.30937217 0.15452821 0.25224157
0 0.12541615 0.29997391 0.13073167 0.30542871 0.13131561 0.30930376 0.13854163 0.31193133 0.14636188 0.24814404 0.15530504 0.19180983 0.16517695 0.13567124 0.17624647 0.08151850 0.18981748 0.02010807 0.18425857 0.02019638 0.17714629 0.02070843 0.16739612 0.02279729 0.15601689 0.03077373 0.14498846 0.04465377 0.13397747 0.06938648 0.12690194 0.09160593 0.11796129 0.13484138 0.11197018 0.17379589 0.10755388 0.21008375 0.11189131 0.25913314 0.11849492 0.28506049 0.12541615 0.29997391
0 1.00000000 0.32606405 0.86012149 0.35188798 0.85754499 0.35060054 0.76752981 0.36721885 0.76801307 0.36889274 0.76640309 0.37095308 0.76736974 0.37430128 0.76414938 0.37842247 0.72228191 0.38615191 0.72067194 0.38821224 0.72260511 0.39490822 0.72099513 0.39696855 0.70424815 0.40006033 0.70167164 0.39877289 0.68283089 0.40225121 0.68025426 0.40096334 0.67880447 0.39594168 0.67622797 0.39465424 0.65320073 0.39890546 0.65062411 0.39761759 0.64820767 0.38924773 0.53307201 0.41050371 0.52985179 0.41462442 0.53033518 0.41629874 0.52228472 0.42660096 0.52276798 0.42827485 0.51632766 0.43651671 0.51681105 0.43819103 0.51554218 0.43981481 0.74678222 0.43981481 1.00000000 0.39306655 1.00000000 0.32606405
0 0.49296127 0.29448335 0.49247801 0.29280947 0.49569829 0.28868874 0.46429766 0.29448582 0.47299688 0.32461750 0.47782724 0.31843642 0.47734385 0.31676210 0.48539426 0.30645988 0.48491099 0.30478600 0.49296127 0.29448335
0 1.00000000 0.20248897 0.99762470 0.19426158 0.86155557 0.21938223 0.86397201 0.22775209 0.86236150 0.22981252 0.84980152 0.23213130 0.84819155 0.23419164 0.81469758 0.24037519 0.81663075 0.24707116 0.81502024 0.24913159 0.77733979 0.25608804 0.77476275 0.25480070 0.77234632 0.24643084 0.74722637 0.25106840 0.74464933 0.24978106 0.74223290 0.24141120 0.62919102 0.26228063 0.62597053 0.26640140 0.62645379 0.26807529 0.61840361 0.27837791 0.61888688 0.28005180 0.61244656 0.28829366 0.61292982 0.28996755 0.60487952 0.30026974 0.60536279 0.30194363 0.59892259 0.31018592 0.59940585 0.31185981 0.59135556 0.32216200 0.59183882 0.32383589 0.58539796 0.33207785 0.58588123 0.33375174 0.57783105 0.34405436 0.57831431 0.34572825 0.57026402 0.35603044 0.57074740 0.35770476 0.56752745 0.36182543 0.57590041 0.36027964 0.57847745 0.36156698 0.59941091 0.35770231 0.60198795 0.35898965 0.59554722 0.36723204 0.59603048 0.36890593 0.59120055 0.37508693 0.59168393 0.37676124 0.58524361 0.38500310 0.58572688 0.38667699 0.58411636 0.38873742 0.89602937 0.33115304 0.89924932 0.32703237 0.89876606 0.32535848 0.90198643 0.32123729 0.90150316 0.31956340 0.90472300 0.31544230 0.90423973 0.31376842 0.90746022 0.30964765 0.90697683 0.30797334 0.91019679 0.30385267 0.90971340 0.30217835 0.91454387 0.29599725 0.91663711 0.29561081 0.91921415 0.29689815 0.95480136 0.29032815 0.95737786 0.29161559 0.95415803 0.29573669 0.95464129 0.29741057 0.94820043 0.30565253 0.94868370 0.30732642 0.94385389 0.31350785 0.94433715 0.31518174 0.93789683 0.32342360 1.00000000 0.31195831 1.00000000 0.20248897
0 0.45000000 0.24496270 0.46043132 0.28109387 0.50648553 0.27259149 0.51453597 0.26228882 0.51405270 0.26061493 0.52049303 0.25237307 0.52000976 0.25069918 0.52806006 0.24039699 0.52757680 0.23872310 0.53401699 0.23048081 0.53353373 0.22880692 0.54158403 0.21850473 0.54110076 0.21683084 0.54754108 0.20858898 0.54705782 0.20691509 0.55510853 0.19661237 0.55462527 0.19493848 0.56106505 0.18669672 0.56058179 0.18502283 0.56863262 0.17472053 0.56814923 0.17304622 0.57458955 0.16480436 0.57410629 0.16313047 0.58215659 0.15282827 0.58167320 0.15115396 0.58811365 0.14291253 0.58763026 0.14123821 0.47458811 0.16210769 0.47700454 0.17047755 0.47539453 0.17253835 0.45000000 0.17722660 0.45000000 0.24496270
0 0.70003188 0.14869846 0.70051527 0.15037278 0.69246443 0.16067508 0.69294770 0.16234896 0.68650738 0.17059082 0.68699064 0.17226471 0.67894047 0.18256734 0.67942373 0.18424122 0.67137343 0.19454342 0.67185669 0.19621730 0.66541637 0.20445917 0.66589964 0.20613305 0.65945944 0.21437534 0.68248668 0.21012413 0.68506318 0.21141157 0.69134290 0.21025223 0.69391994 0.21153957 0.69069945 0.21566033 0.69118283 0.21733465 0.68635303 0.22351608 0.68683629 0.22518996 0.68361580 0.22931073 0.68409906 0.23098462 0.68087869 0.23510581 0.68136196 0.23677970 0.67975210 0.23884046 0.75930055 0.22415448 0.76187706 0.22544192 0.99424161 0.18254352 0.96186093 0.07038583 0.95767392 0.07115882 0.95864057 0.07450702 0.95703059 0.07656736 0.95799711 0.07991513 0.95638714 0.08197546 0.91033266 0.09047790 0.91274922 0.09884819 0.91113924 0.10090852 0.89648549 0.10361385 0.89390899 0.10232641 0.87506877 0.10580463 0.87249173 0.10451729 0.87055843 0.09782089 0.84334472 0.10284500 0.84076822 0.10155756 0.83835178 0.09318770 0.72112288 0.11483012 0.72160614 0.11650401 0.71355585 0.12680620 0.71403923 0.12848052 0.70598840 0.13878282 0.70647166 0.14045670 0.70003188 0.14869846
0 0.79652180 0.00000000 0.79615032 0.00047540 0.79663361 0.00214938 0.79019329 0.01039124 0.79067658 0.01206521 0.78423626 0.02030707 0.78471956 0.02198109 0.77666932 0.03228350 0.77715259 0.03395739 0.77071227 0.04219925 0.77119553 0.04387313 0.76475521 0.05211500 0.76523859 0.05378931 0.75718830 0.06409151 0.76346855 0.06293207 0.76604505 0.06421951 0.78697852 0.06035484 0.78955502 0.06164228 0.78633519 0.06576337 0.78681845 0.06743726 0.78359850 0.07155793 0.78408188 0.07323224 0.78086139 0.07735301 0.78134478 0.07902732 0.77812429 0.08314809 0.77860755 0.08482198 0.77538772 0.08894307 0.77587098 0.09061696 0.95799459 0.05699388 0.94154007 0.00000000 0.79652180 0.00000000
0 0.45000000 0.15254133 0.60260414 0.12436804 0.61065443 0.11406584 0.61017117 0.11239195 0.61661203 0.10414999 0.61612864 0.10247568 0.62417894 0.09217348 0.62369568 0.09049960 0.63174597 0.08019740 0.63126271 0.07852351 0.63770291 0.07028122 0.63721964 0.06860734 0.64526994 0.05830514 0.64478668 0.05663125 0.65122697 0.04838931 0.65074367 0.04671529 0.65879393 0.03641296 0.65831065 0.03473899 0.66636145 0.02443661 0.66587815 0.02276260 0.67231847 0.01452074 0.67183517 0.01284672 0.67988545 0.00254444 0.52078908 0.03191630 0.52272226 0.03861228 0.52111230 0.04067270 0.50855180 0.04299158 0.50694186 0.04505204 0.48391462 0.04930325 0.48133808 0.04801569 0.47988821 0.04299373 0.48149815 0.04093329 0.47892162 0.03964574 0.45000000 0.04498516 0.45000000 0.15254133
0 0.08639752 0.78160920 0.09996743 0.76258037 0.09522237 0.71140902 0.07104381 0.66467061 0.05424500 0.65860601 0.04857912 0.64614225 0.03533800 0.64926162 0.03283550 0.67091209 0.05247552 0.90216763 0.06123703 0.89937733 0.07157912 0.88444961 0.07223669 0.85263069 0.08514792 0.83622624 0.08639752 0.78160920
0 0.16189444 0.83702836 0.09470138 0.87115905 0.09404381 0.90297797 0.07816802 0.91659487 0.08205670 0.96825846 0.08521897 0.97317815 0.18561313 0.91771784 0.18086807 0.86654649 0.16657286 0.86802597 0.16189444 0.83702836
0 0.66316157 0.69612089 0.60998337 0.71054060 0.61561985 0.74371044 0.67278401 0.73026866 0.66316157 0.69612089
0 0.75590766 0.60723701 0.77034228 0.67091804 0.75962421 0.67343832 0.76209867 0.68435488 0.71386735 0.69569616 0.71592927 0.70479272 0.70163907 0.70815297 0.70411353 0.71906952 0.69339546 0.72158981 0.69545738 0.73068637 0.68116551 0.73404701 0.68666410 0.75000166 0.79700479 0.72214056 0.76841263 0.60429654 0.75590766 0.60723701
