0 0.00000000 0.26895447 0.00947746 0.30246396 0.01544487 0.29704009 0.00000000 0.24336209 0.00000000 0.26895447
0 0.00000000 0.23973505 0.01665570 0.29831756 0.02146695 0.28906108 0.00000000 0.21428656 0.00000000 0.23973505
0 0.00000000 0.21029752 0.02278752 0.28963353 0.02802948 0.28613157 0.00000000 0.18805034 0.00000000 0.21029752
0 0.00000000 0.18237111 0.02943884 0.28530501 0.03415452 0.27721595 0.00000000 0.15932755 0.00000000 0.18237111
0 0.00000000 0.15470740 0.03533796 0.27756980 0.04081950 0.27334970 0.00000000 0.13250741 0.00000000 0.15470740
0 0.00000000 0.12606711 0.04278979 0.27386229 0.04669808 0.26492154 0.00000000 0.10433233 0.00000000 0.12606711
0 0.00000000 0.09936038 0.01555105 0.15470521 0.01760394 0.15358643 0.01960099 0.15942762 0.01784232 0.16167733 0.02667901 0.19168299 0.03188679 0.18702582 0.00025329 0.07801402 0.00000000 0.07832919 0.00000000 0.09936038
0 0.05563388 0.26733356 0.03692103 0.20301438 0.03135688 0.20793682 0.04909230 0.27095707 0.05563388 0.26733356
0 0.05924173 0.25262622 0.00687781 0.07276111 0.00180898 0.07694180 0.05560033 0.26177336 0.05924173 0.25262622
0 0.06673454 0.25030551 0.01280424 0.06595044 0.00790717 0.07150601 0.06016573 0.25300358 0.06673454 0.25030551
0 0.03474826 0.12046510 0.01775835 0.06154807 0.01409466 0.06467134 0.03082695 0.12453860 0.03474826 0.12046510
0 0.84468400 0.14612215 0.81827292 0.12225398 0.80596143 0.14439998 0.83118555 0.16801265 0.84468400 0.14612215
0 0.79822979 0.10636774 0.76207914 0.07213677 0.75114244 0.09292665 0.78610630 0.12690062 0.79822979 0.10636774
0 0.81173245 0.25143750 0.79104396 0.29327076 0.80553047 0.30465378 0.82621878 0.26282203 0.81173245 0.25143750
0 0.75714550 0.07272840 0.73310724 0.04937097 0.72254542 0.06693438 0.74777064 0.09054729 0.75714550 0.07272840
0 0.44339119 0.70119870 0.43211336 0.70246876 0.42583736 0.65015374 0.39679355 0.64648433 0.34886694 0.65405877 0.23929172 0.66623105 0.23902423 0.66757821 0.25033229 0.85680639 0.35388652 0.84841900 0.45031605 0.83807255 0.45052264 0.83716968 0.44339119 0.70119870
0 0.79000423 0.65007618 0.84825041 0.63554026 0.84492425 0.61960422 0.84037593 0.61738607 0.80170809 0.62524763 0.78426891 0.63158685 0.78283268 0.63586979 0.78691770 0.64920710 0.79000423 0.65007618
0 0.77315136 0.69126679 0.76966703 0.65934927 0.76452761 0.64009026 0.75997929 0.63787211 0.72011966 0.64727303 0.72846864 0.71337168 0.74371275 0.71391413 0.77090038 0.70469499 0.77315136 0.69126679
