0 0.35044915 0.32298054 0.36051043 0.32047263 0.36949212 0.31661096 0.38068757 0.30759093 0.38826994 0.29909883 0.39739749 0.28361883 0.40963567 0.26142741 0.42137845 0.24188788 0.43313234 0.22077461 0.43415336 0.21074974 0.44022483 0.19411531 0.44414560 0.17319695 0.44481236 0.16019836 0.44613478 0.13577491 0.44394039 0.12295771 0.44142733 0.10686471 0.43368720 0.09292218 0.41966709 0.11220733 0.40728072 0.13118897 0.39441058 0.15124875 0.38266727 0.17078738 0.37061014 0.19147017 0.35909838 0.21204344 0.34767321 0.23485788 0.33708277 0.25514881 0.32573033 0.27735905 0.31273448 0.30588976 0.32004095 0.31306786 0.32780566 0.31789435 0.34031081 0.32167361 0.35044915 0.32298054
0 0.33529041 0.00000000 0.40129271 0.12040738 0.43383898 0.07087152 0.42099896 0.04614391 0.40644580 0.01792911 0.39710173 0.00000000 0.33529041 0.00000000
0 0.25979803 0.11773317 0.23461554 0.17099853 0.24195184 0.18386639 0.24047403 0.18583198 0.24215537 0.19403848 0.25214051 0.21295470 0.26411651 0.23451697 0.27835152 0.25945595 0.28834726 0.27679846 0.29854040 0.28506772 0.30720956 0.29717652 0.33087190 0.24623275 0.25979803 0.11773317
0 0.24881329 0.00000000 0.24191101 0.01348893 0.22870965 0.04225753 0.22004830 0.08946216 0.21931167 0.11789305 0.22166970 0.13676628 0.22501264 0.14591673 0.22454381 0.14984113 0.23031086 0.15801437 0.25356790 0.10749157 0.27592284 0.06451551 0.29905468 0.02246270 0.31259085 0.00000000 0.24881329 0.00000000
0 0.80861897 0.02797098 0.80743564 0.03334320 0.73918861 0.04985826 0.74263040 0.08136470 0.72282316 0.08895006 0.72834243 0.12392045 0.70186943 0.13257027 0.70529030 0.16571588 0.80555573 0.13720137 0.80846122 0.13252593 0.86084834 0.11736874 0.85520496 0.08457723 0.86465389 0.08101837 0.86048053 0.04561675 0.84830876 0.05058279 0.84319674 0.01619349 0.80861897 0.02797098
0 0.69829258 0.20397958 0.78206529 0.17895823 0.77925451 0.15845674 0.69516893 0.18235745 0.69829258 0.20397958
0 0.31225614 0.63804999 0.26649320 0.64162836 0.26883877 0.66510576 0.31459999 0.66152741 0.31225614 0.63804999
0 0.41313695 0.63957717 0.34724299 0.64490694 0.34749898 0.65665916 0.41339294 0.65132938 0.41313695 0.63957717
0 0.47857902 0.95016695 0.44178880 0.94480365 0.43837922 0.95660576 0.47516772 0.96196908 0.47857902 0.95016695
0 0.45906253 0.55925926 0.45922972 0.56693474 0.50505492 0.56629376 0.50490170 0.55925926 0.45906253 0.55925926
0 0.36144094 0.79164477 0.30461740 0.79243959 0.30509734 0.81447327 0.36192088 0.81367845 0.36144094 0.79164477
0 0.87266711 0.86149845 0.87537138 0.84248814 0.88469382 0.83794431 0.89301115 0.79812719 0.89166561 0.78352550 0.77618192 0.78046027 0.76856293 0.82972997 0.77040228 0.83657042 0.76893107 0.86071483 0.86977878 0.86501633 0.87266711 0.86149845
