0 0.40356823 0.19022593 0.47983177 0.10706574 0.47558385 0.09848241 0.40037135 0.18067407 0.40215260 0.18657315 0.40356823 0.19022593
0 0.39223958 0.21467407 0.39385938 0.21520370 0.39531406 0.21530833 0.48360677 0.11799074 0.48004688 0.10955370 0.38902448 0.20893333 0.39223958 0.21467407
0 0.48414062 0.11975093 0.38673906 0.22492963 0.39033438 0.23548333 0.48753490 0.12776019 0.48414062 0.11975093
0 0.48819740 0.12948981 0.38919010 0.23763889 0.39514688 0.24479815 0.49153542 0.13844722 0.48819740 0.12948981
0 0.49194010 0.14024259 0.39466510 0.24702222 0.39822448 0.25711759 0.49549948 0.14867500 0.49194010 0.14024259
0 0.49594115 0.15093148 0.39761406 0.25937315 0.40322031 0.26708796 0.49966510 0.15978704 0.49594115 0.15093148
0 0.50018125 0.16132593 0.40301458 0.26947593 0.40543385 0.27845370 0.50348229 0.16981852 0.50018125 0.16132593
0 0.50394219 0.17230741 0.40601979 0.28087870 0.41096354 0.28852500 0.50746510 0.18027593 0.50394219 0.17230741
0 0.50814635 0.18224352 0.41086875 0.29065185 0.41371094 0.29999167 0.51177969 0.18994815 0.50814635 0.18224352
0 0.51227604 0.19290000 0.41359583 0.30352593 0.41894635 0.30966852 0.51530052 0.20122222 0.51227604 0.19290000
0 0.51600052 0.20342315 0.47799219 0.24490000 0.47879792 0.24843796 0.47569948 0.25248426 0.47428490 0.24956574 0.45824115 0.26783148 0.46130521 0.27664815 0.51963385 0.21112407 0.51600052 0.20342315
0 0.44954115 0.27753241 0.41577292 0.31443426 0.41837344 0.32570370 0.45278438 0.28695741 0.44954115 0.27753241
0 0.52037031 0.21378519 0.42148594 0.32516019 0.42692917 0.33081204 0.52315469 0.22239815 0.52037031 0.21378519
0 0.52394792 0.22411204 0.42679844 0.33248056 0.42888281 0.34387963 0.52748750 0.23230000 0.52394792 0.22411204
0 0.52831719 0.23447407 0.49622760 0.26932500 0.49885260 0.27591389 0.53038646 0.24069074 0.52831719 0.23447407
