0 0.49232448 0.38894074 0.47458958 0.39557222 0.47830417 0.42154259 0.49564635 0.41422130 0.49232448 0.38894074
0 0.49617344 0.42082037 0.47925260 0.42714074 0.48299219 0.45145556 0.50045573 0.44445370 0.49617344 0.42082037
0 0.51274219 0.39630556 0.49576250 0.40316574 0.49723750 0.41393889 0.51425000 0.40678056 0.51274219 0.39630556
0 0.51489375 0.41230833 0.49749271 0.41874259 0.49938958 0.42993889 0.51658125 0.42256481 0.51489375 0.41230833
0 0.52094375 0.45545833 0.50330521 0.46263611 0.50495990 0.47319352 0.52245208 0.46592407 0.52094375 0.45545833
0 0.52330833 0.47236574 0.50572865 0.47900648 0.50888333 0.49868148 0.52595365 0.49098889 0.52330833 0.47236574
0 0.50055156 0.44785648 0.48309271 0.45481852 0.48671510 0.48020278 0.50384844 0.47336389 0.50055156 0.44785648
0 0.50437969 0.47992778 0.48739635 0.48681852 0.49134896 0.51203889 0.50862865 0.50386389 0.50437969 0.47992778
0 0.47393021 0.39732037 0.45643698 0.40316852 0.46020990 0.42860463 0.47677135 0.42129074 0.47393021 0.39732037
0 0.47723958 0.42842593 0.46016875 0.43469259 0.46424219 0.46023241 0.48179323 0.45242870 0.47723958 0.42842593
0 0.48170990 0.45604907 0.46415885 0.46242222 0.46814531 0.48876481 0.48536615 0.48112407 0.48170990 0.45604907
0 0.48574167 0.48768148 0.46873438 0.49479352 0.47289583 0.51953148 0.49047604 0.51146019 0.48574167 0.48768148
0 0.45559375 0.40374537 0.43723177 0.41040093 0.44130990 0.43732870 0.45931198 0.42968056 0.45559375 0.40374537
0 0.45947500 0.43532593 0.44219583 0.44207315 0.44624010 0.46788056 0.46331094 0.46018796 0.45947500 0.43532593
0 0.46343594 0.46332778 0.44612760 0.47033796 0.44996354 0.49662778 0.46769427 0.48860833 0.46343594 0.46332778
0 0.46791875 0.49511667 0.45013073 0.50223333 0.45456406 0.52734259 0.47223594 0.51985833 0.46791875 0.49511667
0 0.44907708 0.50330926 0.43171094 0.51084722 0.43578073 0.53499815 0.45339010 0.52666019 0.44907708 0.50330926
0 0.44531250 0.47065926 0.42734427 0.47799352 0.43156875 0.50358611 0.44873125 0.49647963 0.44531250 0.47065926
0 0.44096302 0.44335556 0.42326198 0.44967685 0.42784531 0.47483796 0.44518750 0.46751667 0.44096302 0.44335556
0 0.43693125 0.41172222 0.41902083 0.41853148 0.42384635 0.44433148 0.44061667 0.43653519 0.43693125 0.41172222
