0 0.41378640 0.50925926 0.41405668 0.49395527 0.32688632 0.46867430 0.32657978 0.48617057 0.40613408 0.50925926 0.41378640 0.50925926
0 0.41884857 0.47222622 0.32981490 0.44588103 0.32770898 0.46472317 0.41626550 0.48968638 0.41884857 0.47222622
0 0.41979167 0.44921142 0.33208056 0.42398644 0.33066954 0.44170090 0.41859372 0.46734290 0.41979167 0.45831639 0.41979167 0.44921142
0 0.41979167 0.42929540 0.33377772 0.40327144 0.33252541 0.42081351 0.41979167 0.44631930 0.41979167 0.42929540
0 0.41979167 0.40718131 0.33541232 0.38300534 0.33431817 0.40037586 0.41979167 0.42554765 0.41979167 0.40718131
0 0.41979167 0.38915354 0.33698438 0.36414324 0.33563612 0.37758099 0.41979167 0.40170165 0.41979167 0.38915354
0 0.41979167 0.36625645 0.33940763 0.34303399 0.33739888 0.36118466 0.41979167 0.38546143 0.41979167 0.36625645
0 0.41979167 0.34494656 0.34167387 0.32209365 0.33979148 0.34029715 0.41979167 0.36394239 0.41979167 0.34494656
0 0.12955923 0.42509824 0.07246954 0.44272808 0.07551116 0.46792591 0.13288447 0.45018654 0.12955923 0.42509824
0 0.12746250 0.39316043 0.06986792 0.41152110 0.07259469 0.43705107 0.12943057 0.41931635 0.12746250 0.39316043
0 0.70160752 0.31150303 0.73203720 0.33513630 0.85216013 0.21389392 0.81964394 0.18815389 0.70160752 0.31150303
0 0.62391523 0.35290409 0.54364496 0.41723168 0.57334256 0.45005392 0.65244670 0.39093128 0.62391523 0.35290409
0 0.54187766 0.47714356 0.57003762 0.45380847 0.54296518 0.42576429 0.51581447 0.44586351 0.54187766 0.47714356
0 0.41979167 0.54119115 0.41337706 0.54066679 0.41185574 0.53862082 0.41197013 0.53670851 0.37598195 0.53376665 0.37575318 0.53759122 0.37400308 0.53936977 0.37343114 0.54893123 0.37168104 0.55070983 0.37156665 0.55262209 0.36981613 0.55440060 0.36829481 0.55235463 0.34866501 0.55074999 0.34855062 0.55266225 0.34680052 0.55444085 0.34611420 0.56591457 0.35429317 0.56658316 0.35581450 0.56862914 0.35535696 0.57627818 0.35360684 0.57805713 0.35326370 0.58379362 0.35489941 0.58392733 0.35642116 0.58597324 0.37441525 0.58744417 0.37593655 0.58949053 0.37582217 0.59140270 0.39218013 0.59273988 0.39370146 0.59478576 0.39697330 0.59505321 0.39849460 0.59709958 0.39838022 0.59901174 0.41979167 0.60076202 0.41979167 0.54119115
0 0.62774408 0.73993205 0.65448594 0.74479276 0.65367648 0.75458366 0.73017329 0.76730801 0.73098276 0.75751711 0.75193667 0.76203549 0.75274613 0.75224458 0.62855355 0.73014115 0.62774408 0.73993205
0 0.72838418 1.00000000 0.72891943 0.99352583 0.52257690 0.95672492 0.52190239 0.96488350 0.51239136 0.96268067 0.51144695 0.97410390 0.62792166 0.99575088 0.69976517 1.00000000 0.72838418 1.00000000
