0 0.27518978 0.23603611 0.26150764 0.26151728 0.26703130 0.26921188 0.27987989 0.24328332 0.27518978 0.23603611
0 0.26671172 0.22374888 0.25399267 0.24882130 0.25899629 0.25573964 0.27108894 0.23132563 0.26671172 0.22374888
0 0.25910214 0.21280488 0.24667408 0.23697059 0.25135179 0.24389598 0.26363030 0.22007235 0.25910214 0.21280488
0 0.25155312 0.19924224 0.23819614 0.22468426 0.24303593 0.23158647 0.25576776 0.20683857 0.25155312 0.19924224
0 0.24394354 0.18829824 0.23137542 0.21306138 0.23636653 0.21965318 0.24893615 0.19492755 0.24394354 0.18829824
0 0.23523517 0.17429998 0.22300311 0.19931209 0.22738020 0.20688794 0.23966873 0.18331944 0.23523517 0.17429998
0 0.34860458 0.08654422 0.34213368 0.10039898 0.34667059 0.10790113 0.35442011 0.09336130 0.34860458 0.08654422
0 0.34078711 0.07446614 0.33395774 0.08749498 0.33800742 0.09505564 0.34546620 0.08142431 0.34078711 0.07446614
0 0.33331745 0.06292382 0.32667308 0.07651002 0.33146880 0.08229428 0.33817001 0.07015055 0.33331745 0.06292382
0 0.32546592 0.04997908 0.31849714 0.06360601 0.32334970 0.07083275 0.33049259 0.05747504 0.32546592 0.04997908
0 0.31768287 0.03876653 0.31022660 0.05245400 0.31571484 0.05924915 0.32286047 0.04595320 0.31768287 0.03876653
0 0.30966939 0.02584204 0.30301363 0.03914033 0.30724804 0.04724893 0.31454500 0.03364639 0.30966939 0.02584204
0 0.30103905 0.04286598 0.28786693 0.06886446 0.29260036 0.07720515 0.30608799 0.05093799 0.30103905 0.04286598
0 0.28634529 0.07166314 0.27304514 0.09854763 0.27805778 0.10569864 0.29127772 0.08090997 0.28634529 0.07166314
0 0.29435927 0.08458740 0.28119817 0.11087492 0.28638503 0.11829606 0.29974427 0.09290839 0.29435927 0.08458740
0 0.25003455 0.14403986 0.23688484 0.17061530 0.24158497 0.17810618 0.25512894 0.15326644 0.25003455 0.14403986
0 0.28888653 0.20678195 0.27557487 0.23337763 0.28108702 0.24077960 0.29442259 0.21479454 0.28888653 0.20678195
0 0.28151110 0.19348876 0.26832747 0.21919844 0.27306164 0.22756361 0.28656004 0.20156077 0.28151110 0.19348876
0 0.27404094 0.18194667 0.26070687 0.20796541 0.26623029 0.21565057 0.27939252 0.18940167 0.27404094 0.18194667
0 0.26620144 0.16929051 0.25236836 0.19508098 0.25774058 0.20307363 0.27107653 0.17709509 0.26620144 0.16929051
0 0.25809335 0.15811802 0.24507230 0.18380811 0.25043313 0.19150904 0.26378035 0.16582133 0.25809335 0.15811802
0 0.26458814 0.11583923 0.25156709 0.14152932 0.25626709 0.14901549 0.26945222 0.12335477 0.26458814 0.11583923
0 0.30727351 0.18477589 0.30467240 0.18915905 0.30085065 0.18325417 0.28995511 0.20490934 0.29546713 0.21230658 0.30865177 0.18663464 0.30727351 0.18477589
0 0.29862148 0.17222033 0.29268685 0.18310912 0.28921241 0.17774024 0.28269619 0.19044133 0.28759282 0.19878220 0.30066069 0.17428710 0.29862148 0.17222033
0 0.29404293 0.14291912 0.27522653 0.17889901 0.28074995 0.18658035 0.29855956 0.14989777 0.29404293 0.14291912
0 0.28583294 0.12914846 0.26721305 0.16597453 0.27208665 0.17373396 0.29074247 0.13781857 0.28583294 0.12914846
0 0.27826880 0.11935903 0.25993940 0.15527861 0.26561376 0.16264684 0.28327243 0.12627737 0.27826880 0.11935903
0 0.30854057 0.16721774 0.30473145 0.17407160 0.30997515 0.18294666 0.31345009 0.17588784 0.30854057 0.16721774
0 0.30056101 0.15515901 0.29663476 0.16318701 0.30118395 0.17098718 0.30526264 0.16269503 0.30056101 0.15515901
0 0.32544293 0.13234484 0.31166681 0.15957868 0.31768823 0.16748493 0.33101291 0.14122320 0.32544293 0.13234484
0 0.31760292 0.11968891 0.30364182 0.14636539 0.30884007 0.15408207 0.32250105 0.12807111 0.31760292 0.11968891
0 0.31031825 0.10870396 0.29683274 0.13503221 0.30218168 0.14243781 0.31551839 0.11646848 0.31031825 0.10870396
0 0.30194594 0.09495468 0.28832076 0.12187923 0.29337897 0.13018952 0.30734245 0.10356447 0.30194594 0.09495468
0 0.30905253 0.05579046 0.29555588 0.08182878 0.30107816 0.08949440 0.31474003 0.06349355 0.30905253 0.05579046
0 0.31679013 0.06584845 0.30332741 0.09275252 0.30836308 0.10048115 0.32188515 0.07507570 0.31679013 0.06584845
0 0.32449060 0.07910158 0.31119045 0.10598607 0.31720023 0.11359498 0.33036308 0.08736203 0.32449060 0.07910158
0 0.33161281 0.09010701 0.31845208 0.11639340 0.32321067 0.12537280 0.33702071 0.09900472 0.33161281 0.09010701
0 0.33995120 0.10299054 0.32646556 0.12931789 0.33218498 0.13783800 0.34582369 0.11125099 0.33995120 0.10299054
0 0.85159035 0.24916408 0.86997853 0.20669293 0.85474963 0.19830178 0.83911790 0.23929192 0.85159035 0.24916408
0 0.84454523 0.18666425 0.79843485 0.28700000 0.81108840 0.29803893 0.85488555 0.19918488 0.84454523 0.18666425
0 0.83892772 0.19551523 0.83115496 0.19099885 0.79063509 0.28402801 0.79843167 0.28820393 0.83892772 0.19551523
0 0.81044440 0.23491407 0.80354055 0.23214695 0.78445053 0.27760193 0.79093235 0.28183613 0.81044440 0.23491407
0 0.83253901 0.27225013 0.82833689 0.26715192 0.81045019 0.30108929 0.81952330 0.30583248 0.83253901 0.27225013
0 0.85567552 0.28337667 0.87477392 0.24524324 0.86928746 0.24109798 0.85026510 0.27937402 0.85567552 0.28337667
0 0.88401854 0.25483438 0.87709165 0.24973428 0.86200444 0.28542820 0.86554538 0.28968918 0.88401854 0.25483438
0 0.89205938 0.26451858 0.88496013 0.25927550 0.87022181 0.29459863 0.87878309 0.29809340 0.89205938 0.26451858
0 0.45302111 0.50000000 0.27837608 0.53349531 0.28206161 0.54486596 0.28021238 0.54723357 0.29126892 0.58134538 0.32576022 0.57473027 0.32883792 0.57615278 0.33376489 0.57520783 0.33684274 0.57663083 0.35097049 0.62021797 0.34912138 0.62258592 0.30723963 0.63061845 0.32382455 0.68178651 0.32197528 0.68415397 0.33364600 0.72016068 0.37799123 0.71165567 0.38106909 0.71307867 0.39151138 0.74529540 0.38966211 0.74766286 0.39211913 0.75524330 0.39026986 0.75761076 0.35085160 0.76517082 0.38095020 0.85803151 0.42529544 0.84952651 0.42837377 0.85094890 0.42898798 0.85284389 0.42713824 0.85521195 0.43942318 0.89311365 0.43757407 0.89548159 0.39322884 0.90398660 0.42025605 0.98737139 0.65000000 0.94330862 0.65000000 0.72737671 0.57630120 0.50000000 0.56847098 0.50000000 0.46744270 0.51937629 0.46436422 0.51795341 0.45854504 0.50000000 0.45302111 0.50000000
0 0.35441028 1.00000000 0.38330127 0.99445898 0.34951722 0.89022786 0.35136648 0.88786040 0.33846702 0.84806276 0.29412178 0.85656776 0.29104408 0.85514525 0.26647389 0.77934089 0.26832316 0.77697343 0.31266839 0.76846843 0.25922818 0.60359384 0.21734643 0.61162637 0.21549717 0.61399383 0.21241947 0.61257132 0.20873402 0.60120091 0.21058313 0.59883296 0.19031279 0.53629459 0.19216203 0.53392703 0.23404377 0.52589450 0.23589301 0.52352694 0.23159322 0.51026115 0.00000000 0.55467859 0.00000000 0.78069614 0.07108217 1.00000000 0.35441028 1.00000000
0 1.00000000 0.88895972 0.99471269 0.89084297 0.99802026 0.90979430 0.99702450 0.91216176 0.98641189 0.91594180 0.99005011 0.93678763 0.98805833 0.94152316 0.93764860 0.95947824 0.93599104 0.95805584 0.81823086 1.00000000 0.84083630 1.00000000 1.00000000 0.94330862 1.00000000 0.88895972
0 0.93914532 0.50000000 0.93519845 0.50140581 0.93883675 0.52225212 0.93784099 0.52461959 0.92722838 0.52839962 0.93351270 0.56440681 0.93251694 0.56677427 0.93284767 0.56866925 0.93185157 0.57103684 0.92654561 0.57292673 0.92488804 0.57150434 0.92090823 0.57292188 0.92487726 0.59566318 0.92388159 0.59803113 0.91459547 0.60133869 0.91359971 0.60370615 0.91789947 0.62834244 0.91690371 0.63070990 0.91756526 0.63450036 0.91656950 0.63686782 0.90595689 0.64064785 0.90926437 0.65959870 0.90826870 0.66196664 0.89765609 0.66574668 0.90195585 0.69038297 0.90361308 0.69180548 0.90427462 0.69559594 0.90327886 0.69796340 0.89266625 0.70174343 0.89167015 0.70411102 0.89034366 0.70458349 0.89365123 0.72353482 0.89265547 0.72590228 0.88734917 0.72779230 0.88635341 0.73015976 0.88104676 0.73204989 0.88733108 0.76805708 0.88898864 0.76947948 0.88931946 0.77137495 0.88832336 0.77374253 0.87638426 0.77799503 0.88002247 0.79884086 0.87902680 0.80120881 0.86708770 0.80546131 0.86841071 0.81304175 0.86741495 0.81540921 0.87138398 0.83815052 0.87038788 0.84051810 0.86110210 0.84382554 0.86440967 0.86277686 0.86341357 0.86514445 0.85147447 0.86939695 0.85279748 0.87697739 0.85180172 0.87934485 0.85577075 0.90208615 0.85477465 0.90445374 0.84416204 0.90823377 0.84780034 0.92908008 0.84680467 0.93144803 0.83619206 0.93522806 0.84082255 0.96175934 0.85939479 0.95514423 0.86105201 0.95656674 0.91942136 0.93577658 0.92107867 0.93719958 0.93965091 0.93058447 0.93832781 0.92300355 0.93932357 0.92063608 0.94595637 0.91827360 0.94695213 0.91590614 0.95225877 0.91401600 0.95093576 0.90643556 0.95193152 0.90406810 0.95325801 0.90359563 0.95425369 0.90122768 0.96353981 0.89792013 0.96221688 0.89034018 0.96321256 0.88797223 0.97382517 0.88419220 0.97217142 0.87471678 0.97316718 0.87234932 0.97847383 0.87045918 0.97946959 0.86809172 0.98610238 0.86572923 0.98477929 0.85814831 0.98577505 0.85578085 0.99638766 0.85200082 0.99473392 0.84252540 0.99573002 0.84015782 0.99705651 0.83968534 0.99871373 0.84110786 1.00000000 0.84064971 1.00000000 0.72737671 0.96031603 0.50000000 0.93914532 0.50000000
