0 0.38964844 0.09616719 0.36059778 0.09866073 0.37384585 0.39800678 0.38530642 0.39700297 0.38680104 0.43946295 0.38964844 0.43910110 0.38964844 0.09616719
0 0.28946483 0.27202239 0.29035374 0.28224382 0.26404633 0.28584275 0.26367225 0.27382019 0.20667277 0.28093815 0.21207337 0.42027642 0.36154343 0.40091438 0.35446029 0.26537911 0.28946483 0.27202239
0 0.34012504 0.10816205 0.33980670 0.10082935 0.21154585 0.11821170 0.21187584 0.12580579 0.19889531 0.12619319 0.20611440 0.26057032 0.26328887 0.24962622 0.26229849 0.23900247 0.28715563 0.23577458 0.28669909 0.24719925 0.35478114 0.24426465 0.34747761 0.10733488 0.34012504 0.10816205
0 0.16166305 0.42838920 0.16171888 0.41559701 0.17502174 0.41409923 0.17554173 0.39499238 0.19014312 0.39165876 0.17610867 0.12407851 0.12076914 0.12892768 0.13457972 0.43139325 0.16166305 0.42838920
0 0.05061167 0.36766822 0.03548072 0.36945667 0.03889355 0.43654270 0.10989152 0.42716992 0.09708939 0.13132825 0.02505226 0.13629450 0.03372839 0.31161897 0.04845584 0.30959753 0.05061167 0.36766822
0 0.00000000 0.44220415 0.02925097 0.43788280 0.02718148 0.37043103 0.01150913 0.37155564 0.00901226 0.31501484 0.02334725 0.31353239 0.01511003 0.13874122 0.00000000 0.14024957 0.00000000 0.44220415
0 0.94833529 0.47955975 0.94854666 0.47718478 0.82962745 0.47065109 0.82741553 0.46865182 0.81790202 0.46812913 0.81688471 0.47955975 0.94833529 0.47955975
0 0.97701539 0.47955975 0.98074609 0.43764084 0.97836787 0.43751018 0.97615533 0.43551088 0.95950714 0.43459619 0.95550547 0.47955975 0.97701539 0.47955975
0 0.94285834 0.43368147 0.94064642 0.43168221 0.82172721 0.42514852 0.81956516 0.44944172 0.95037611 0.45662877 0.95104135 0.44915390 0.95358588 0.44741597 0.95475008 0.43433483 0.94285834 0.43368147
0 0.79537480 0.47955975 0.79649677 0.46695308 0.76557801 0.46525433 0.76336551 0.46325456 0.76702437 0.42214302 0.73134915 0.42018295 0.72913662 0.41818365 0.66967732 0.41491682 0.66418902 0.47658436 0.71834377 0.47955975 0.79537480 0.47955975
0 0.56740691 0.40929786 0.56519503 0.40729812 0.52476276 0.40507668 0.51910811 0.46861329 0.65467551 0.47606167 0.65983120 0.41813132 0.66237573 0.41639339 0.66254203 0.41452479 0.56740691 0.40929786
0 0.38964844 0.46150049 0.50483754 0.46782924 0.50683329 0.44540463 0.48542804 0.44422858 0.48321616 0.44222884 0.47845910 0.44196748 0.47624717 0.43996821 0.47857553 0.41380641 0.47636364 0.41180667 0.47736150 0.40059461 0.38964844 0.39577546 0.38964844 0.46150049
0 1.00000000 0.20960067 0.98438738 0.20874288 0.98072853 0.24985442 0.97818396 0.25159282 0.96704106 0.37679651 0.96449653 0.37853444 0.96083764 0.41964646 0.98224289 0.42082251 1.00000000 0.22130033 1.00000000 0.20960067
0 0.95148982 0.41725513 0.95481607 0.37988079 0.95736125 0.37814241 0.96567685 0.28470680 0.96822137 0.28296887 0.97487387 0.20822019 0.87260346 0.20260122 0.87039154 0.20060196 0.84660806 0.19929524 0.84228396 0.24788164 0.83973882 0.24961954 0.83025903 0.35613630 0.82771446 0.35787471 0.82305771 0.41019878 0.95148982 0.41725513
0 0.77549015 0.40758531 0.77770208 0.40958458 0.80148616 0.41089133 0.80265036 0.39781019 0.80519489 0.39607226 0.81467468 0.28955550 0.81721921 0.28781757 0.82520220 0.19811915 0.77763464 0.19550569 0.77542276 0.19350594 0.69455821 0.18906306 0.68990147 0.24138714 0.68735633 0.24312504 0.67554814 0.37580407 0.67300361 0.37754200 0.67084152 0.40183568 0.77549015 0.40758531
0 0.52863778 0.38838901 0.52847148 0.39025760 0.55939024 0.39195635 0.56160274 0.39395612 0.66387253 0.39957506 0.67019243 0.32856357 0.67273695 0.32682564 0.68504409 0.18854034 0.55423376 0.18135332 0.54176032 0.32150722 0.53921518 0.32324512 0.53655418 0.35314459 0.53400965 0.35488253 0.53118231 0.38665108 0.52863778 0.38838901
0 0.38964844 0.38075262 0.50485431 0.38708229 0.50706623 0.38908155 0.51182268 0.38934288 0.51431734 0.36131249 0.51686191 0.35957408 0.52417965 0.27735052 0.52672479 0.27561263 0.53404253 0.19338908 0.53658706 0.19165114 0.53775126 0.17857000 0.49731899 0.17634856 0.49510645 0.17434927 0.41662025 0.17003706 0.41440825 0.16803731 0.40251639 0.16738395 0.39569755 0.24400170 0.39315284 0.24573963 0.38964844 0.28511572 0.38964844 0.38075262
0 1.00000000 0.06016945 0.99158870 0.15468039 0.98904413 0.15641880 0.98571788 0.19379314 1.00000000 0.19457783 1.00000000 0.06016945
0 0.99326856 0.05524661 0.99676112 0.01600357 0.86595017 0.00881653 0.85763458 0.10225214 0.85509001 0.10399055 0.84777226 0.18621410 0.97858259 0.19340111 0.99072341 0.05698465 0.99326856 0.05524661
0 0.79306941 0.18320860 0.79423361 0.17012746 0.79677814 0.16838953 0.79877389 0.14596493 0.80131846 0.14422652 0.83223783 0.14592530 0.84371336 0.01698404 0.84625790 0.01524601 0.84692315 0.00777114 0.71373398 0.00045343 0.70458679 0.10323298 0.70204226 0.10497092 0.69572237 0.17598240 0.70047882 0.17624373 0.70269074 0.17824300 0.79306941 0.18320860
0 0.57515358 0.00000000 0.57246150 0.03024869 0.56991697 0.03198672 0.55894033 0.15532219 0.55639581 0.15706012 0.55556426 0.16640359 0.60313182 0.16901706 0.60534370 0.17101680 0.68858708 0.17559037 0.69341017 0.12139722 0.69595470 0.11965929 0.70659869 0.00006140 0.70548118 0.00000000 0.57515358 0.00000000
0 0.41980323 0.00000000 0.41088194 0.10024128 0.40833729 0.10197921 0.40351424 0.15617188 0.45821660 0.15917735 0.46042913 0.16117665 0.50561847 0.16365945 0.50877841 0.12815371 0.51132294 0.12641578 0.54224170 0.12811452 0.54257431 0.12437733 0.54511883 0.12263940 0.55509760 0.01051613 0.55764275 0.00877809 0.55842398 0.00000000 0.41980323 0.00000000
0 0.41024320 0.00000000 0.39637908 0.15577986 0.39875746 0.15591054 0.40773830 0.05500005 0.41028302 0.05326165 0.41502321 0.00000000 0.41024320 0.00000000
0 0.24068823 0.78176530 0.26406350 0.78700543 0.27923631 0.73034143 0.22335967 0.70474327 0.21963283 0.71764176 0.21883653 0.73285189 0.22236698 0.73827647 0.21773766 0.76841311 0.24068823 0.78176530
0 0.21512009 0.65812019 0.18261872 0.63776216 0.15945581 0.62846600 0.14227090 0.67984723 0.11588044 0.79048773 0.13058622 0.80103194 0.17382226 0.82035464 0.21512009 0.65812019
0 0.63339893 0.71891769 0.64399447 0.71942917 0.64732200 0.73099678 0.68842089 0.73290742 0.69316654 0.69216184 0.71029731 0.69234537 0.71274458 0.66900769 0.63802521 0.66618490 0.63339893 0.71891769
0 0.84066095 0.69743746 0.86970864 0.69865988 0.88419593 0.60843683 0.85933260 0.60827469 0.84066095 0.69743746
