0 0.13004241 0.00000000 0.12209488 0.13895249 0.10160418 0.13760779 0.09965286 0.17781809 0.07718669 0.17409842 0.07131514 0.24447900 0.05001596 0.24146183 0.04845807 0.25852707 0.02989058 0.25670861 0.02663951 0.27856007 0.00618405 0.27434950 0.00280677 0.30476990 0.00000000 0.30430522 0.00000000 0.34537973 0.01435948 0.34775650 0.01571496 0.32818375 0.03999104 0.33175939 0.04196541 0.30943448 0.08797214 0.31630795 0.08593188 0.27555191 0.11210365 0.27961412 0.11438128 0.24286253 0.13734560 0.24595049 0.13879242 0.22426820 0.15492292 0.22614235 0.15930523 0.15597868 0.22614665 0.15760061 0.23720536 0.00000000 0.13004241 0.00000000
0 0.48958333 0.51300700 0.49118356 0.51303543 0.49135755 0.50288949 0.49338583 0.50089593 0.51930145 0.50135636 0.51947544 0.49121094 0.52150377 0.48921738 0.53346484 0.48942989 0.53360402 0.48131345 0.53563230 0.47931989 0.54560014 0.47949699 0.54762833 0.47750290 0.54962171 0.47753832 0.54969130 0.47348036 0.55171949 0.47148627 0.55770015 0.47159253 0.55972833 0.46959897 0.56371561 0.46966981 0.56392438 0.45749541 0.56595257 0.45550133 0.57592000 0.45567841 0.57997687 0.45169130 0.58396364 0.45176213 0.58599181 0.44976856 0.59197248 0.44987482 0.59266841 0.40929262 0.58070760 0.40908012 0.57874902 0.40701520 0.57895780 0.39484080 0.57696390 0.39480538 0.57500531 0.39274098 0.56703127 0.39259931 0.56507269 0.39053439 0.56521187 0.38241847 0.56122459 0.38234763 0.55926601 0.38028272 0.55328535 0.38017646 0.55132676 0.37811207 0.55150074 0.36796665 0.53953942 0.36775413 0.53758093 0.36568974 0.53772012 0.35757278 0.50981101 0.35707692 0.50977621 0.35910642 0.50774788 0.36109998 0.49578681 0.36088748 0.49554323 0.37509138 0.49351495 0.37708494 0.48958333 0.37701509 0.48958333 0.51300700
0 0.58090642 0.28121065 0.57887773 0.28320421 0.56891030 0.28302712 0.56873632 0.29317254 0.56670813 0.29516662 0.55275343 0.29491869 0.55250985 0.30912207 0.55048167 0.31111615 0.54848828 0.31108074 0.54645959 0.31307429 0.53848565 0.31293262 0.53824207 0.32713652 0.53621379 0.32913008 0.52425272 0.32891757 0.52418312 0.33297605 0.53614419 0.33318856 0.53810288 0.33525296 0.53792890 0.34539838 0.54989012 0.34561089 0.55184871 0.34767529 0.55167473 0.35782071 0.56363605 0.35803322 0.56559463 0.36009814 0.56542065 0.37024356 0.57738147 0.37045606 0.57934056 0.37252047 0.57920138 0.38063690 0.58115996 0.38270182 0.59112739 0.38287891 0.59308598 0.38494330 0.59301639 0.38900127 0.59700367 0.38907211 0.59896225 0.39113650 0.60693630 0.39127817 0.60889488 0.39334309 0.60886009 0.39537207 0.60683191 0.39736563 0.60672751 0.40345309 0.66254583 0.40444481 0.66271982 0.39429938 0.66474800 0.39230530 0.67870271 0.39255323 0.67884189 0.38443731 0.68087008 0.38244323 0.69083802 0.38262033 0.69090761 0.37856237 0.69293579 0.37656828 0.69297059 0.37453930 0.69499877 0.37254574 0.70496620 0.37272283 0.70699489 0.37072927 0.70709928 0.36464181 0.70912746 0.36264825 0.71510761 0.36275450 0.71713631 0.36076042 0.71912969 0.36079584 0.71916449 0.35876686 0.72119266 0.35677330 0.72126225 0.35271533 0.72329095 0.35072126 0.73325838 0.35089835 0.73528656 0.34890479 0.73553014 0.33470089 0.73357155 0.33263649 0.73364115 0.32857801 0.72566710 0.32843634 0.72174941 0.32430754 0.72178421 0.32227856 0.71982562 0.32021416 0.71993001 0.31412670 0.70996258 0.31394961 0.70800400 0.31188470 0.70807359 0.30782674 0.69611227 0.30761422 0.69415368 0.30554983 0.69429287 0.29743339 0.68233154 0.29722087 0.68037296 0.29515596 0.68044255 0.29109800 0.66848123 0.29088548 0.66652264 0.28882109 0.66655743 0.28679211 0.66459885 0.28472719 0.66466844 0.28066923 0.65270712 0.28045672 0.65074854 0.27839180 0.65085292 0.27230486 0.63889211 0.27209236 0.63693301 0.27002795 0.63703740 0.26394049 0.63105725 0.26383425 0.62902907 0.26582781 0.62703518 0.26579239 0.62311801 0.26166308 0.62322239 0.25557614 0.59930025 0.25515112 0.59727208 0.25714468 0.59527818 0.25710925 0.59517379 0.26319671 0.59314561 0.26519028 0.58118480 0.26497777 0.58090642 0.28121065
0 0.48958333 0.30394487 0.50473517 0.30421407 0.50487436 0.29609763 0.50291567 0.29403323 0.50298526 0.28997476 0.50501354 0.28798119 0.51896815 0.28822912 0.51900294 0.28620014 0.52103122 0.28420658 0.52130960 0.26797370 0.52333789 0.26597962 0.53729250 0.26622755 0.53732729 0.26419857 0.53935557 0.26220500 0.53956436 0.25003009 0.54159243 0.24803652 0.55554714 0.24828445 0.55582552 0.23205157 0.55785369 0.23005801 0.55984759 0.23009343 0.56180618 0.23215783 0.57177361 0.23233492 0.57212158 0.21204356 0.57414976 0.21005000 0.57614365 0.21008542 0.57810224 0.21214982 0.59006306 0.21236232 0.59037623 0.19410046 0.59240491 0.19210691 0.60237234 0.19228400 0.60433093 0.19434839 0.60632432 0.19438381 0.60660269 0.17815093 0.60863138 0.17615737 0.61859881 0.17633446 0.62062699 0.17434090 0.62461427 0.17441174 0.62485785 0.16020784 0.62688602 0.15821428 0.64084073 0.15846221 0.64101472 0.14831627 0.64304290 0.14632271 0.64318209 0.13820627 0.64521027 0.13621270 0.64720416 0.13624813 0.64916275 0.13831252 0.65713680 0.13845420 0.65731078 0.12830877 0.49184920 0.12536906 0.48958333 0.25749866 0.48958333 0.30394487
0 0.75782122 0.08138105 0.75757764 0.09558495 0.75554946 0.09757851 0.74159475 0.09733058 0.74135117 0.11153448 0.73932299 0.11352804 0.73533572 0.11345720 0.73330754 0.11545077 0.72533349 0.11530909 0.72498552 0.13560045 0.72295734 0.13759401 0.70700925 0.13731067 0.70680047 0.14948507 0.70477229 0.15147915 0.69480486 0.15130206 0.69277617 0.15329562 0.69078278 0.15326020 0.68875461 0.15525377 0.68858062 0.16539918 0.68655192 0.16739326 0.68256516 0.16732243 0.68053698 0.16931599 0.67455632 0.16920974 0.67438234 0.17935515 0.67235416 0.18134872 0.67221496 0.18946568 0.67018627 0.19145923 0.66021884 0.19128214 0.65819066 0.19327571 0.65815587 0.19530469 0.65612769 0.19729825 0.65598849 0.20541521 0.65395980 0.20740877 0.64997304 0.20733793 0.64794486 0.20933150 0.63997081 0.20918982 0.63976203 0.22136474 0.63773334 0.22335830 0.62377914 0.22311038 0.62175045 0.22510393 0.62154167 0.23727885 0.63748976 0.23756220 0.63944886 0.23962660 0.63941406 0.24165558 0.63738537 0.24364914 0.63735058 0.24567812 0.65329867 0.24596146 0.65525776 0.24802639 0.65504898 0.26020079 0.67099708 0.26048413 0.67295566 0.26254853 0.67292086 0.26457803 0.67089268 0.26657159 0.67085789 0.26860057 0.68680598 0.26888392 0.68876456 0.27094883 0.68852099 0.28515221 0.70247570 0.28540014 0.70443428 0.28746506 0.70432989 0.29355200 0.71828460 0.29379993 0.72024319 0.29586432 0.72006920 0.30601026 0.73601729 0.30629361 0.73797588 0.30835800 0.73787149 0.31444546 0.73983059 0.31650987 0.77172677 0.31707656 0.77183116 0.31098910 0.77385934 0.30899554 0.78582015 0.30920804 0.78784884 0.30721449 0.78798803 0.29909805 0.79001622 0.29710396 0.80596431 0.29738731 0.80613829 0.28724189 0.80816647 0.28524833 0.82212118 0.28549626 0.82219078 0.28143778 0.82421895 0.27944421 0.82425375 0.27741523 0.82628193 0.27542167 0.83624987 0.27559877 0.83631947 0.27154029 0.83834764 0.26954672 0.83841724 0.26548825 0.84044542 0.26349468 0.85639351 0.26377803 0.85660229 0.25160363 0.85863048 0.24960954 0.87258518 0.24985747 0.87272436 0.24174155 0.87475255 0.23974747 0.88870726 0.23999540 0.88891604 0.22782100 0.89094421 0.22582744 0.90489892 0.22607537 0.90503812 0.21795841 0.90706630 0.21596484 0.90717068 0.20987790 0.90919887 0.20788382 0.92315357 0.20813175 0.92329276 0.20001531 0.92532094 0.19802175 0.92539053 0.19396379 0.91342972 0.19375128 0.91140154 0.19574485 0.90940764 0.19570942 0.90744905 0.19364502 0.90786663 0.16929519 0.89191854 0.16901184 0.88995994 0.16694745 0.89016872 0.15477305 0.87621402 0.15452512 0.87425544 0.15246020 0.87449900 0.13825682 0.85855091 0.13797347 0.85659233 0.13590856 0.85721867 0.09938484 0.84924463 0.09924317 0.84728553 0.09717876 0.84329876 0.09710793 0.84134017 0.09504354 0.84175774 0.07069370 0.82780303 0.07044577 0.82584445 0.06838137 0.82605322 0.05620697 0.82409464 0.05414206 0.82210075 0.05410663 0.82014216 0.05204234 0.79223325 0.05154649 0.79216365 0.05560487 0.79013497 0.05759842 0.77418688 0.05731508 0.77380411 0.07963541 0.77177593 0.08162898 0.75782122 0.08138105
0 0.33590703 0.78583439 0.29313412 0.77596034 0.30667633 0.69852749 0.29818850 0.69405062 0.28389749 0.69201030 0.23439920 0.93421882 0.26957360 0.94212898 0.30585426 0.94442043 0.31988527 0.88451292 0.33590703 0.78583439
0 0.99359021 1.00000000 0.99535798 0.90466655 0.96744856 0.90420797 0.96548998 0.90229831 0.95950932 0.90220005 0.95940493 0.90782980 0.95737674 0.90967395 0.95640244 0.96221674 0.95437425 0.96406089 0.95370783 1.00000000 0.99359021 1.00000000
0 0.99553196 0.89528394 0.99647148 0.84461710 0.98451016 0.84442057 0.98255158 0.84251091 0.96261672 0.84218336 0.96247752 0.84969002 0.96044883 0.85153369 0.95968330 0.89281744 0.99157949 0.89334152 0.99353858 0.89525119 0.99553196 0.89528394
0 1.00000000 0.56498453 0.97574018 0.56458592 0.97497465 0.60586992 0.97294647 0.60771359 0.97186777 0.66588661 0.96983959 0.66773028 0.96876088 0.72590331 0.96673271 0.72774698 0.96669790 0.72962388 0.96865649 0.73153306 0.99855929 0.73202439 1.00000000 0.65432902 1.00000000 0.56498453
0 1.00000000 0.52368796 0.98049299 0.52336744 0.97993624 0.55339217 1.00000000 0.55372183 1.00000000 0.52368796
