0 0.39321376 0.32346279 0.36713619 0.32686218 0.36937657 0.34933341 0.39559051 0.34637538 0.39321376 0.32346279
0 0.09368595 0.04612025 0.06365725 0.04958965 0.07220963 0.15491546 0.10244495 0.15141376 0.09368595 0.04612025
0 0.19474935 0.06854927 0.16078894 0.06835555 0.16659908 0.14777189 0.20082116 0.14659802 0.19474935 0.06854927
0 0.19402387 0.05037673 0.18970949 0.00685398 0.15594083 0.00996122 0.15896747 0.04989695 0.19402387 0.05037673
0 1.00000000 0.33608282 0.77980098 0.25473902 0.77840542 0.26037649 1.00000000 0.34140464 1.00000000 0.33608282
0 1.00000000 0.40660811 0.75669579 0.31556475 0.75340583 0.32136202 1.00000000 0.41366134 1.00000000 0.40660811
0 0.16155511 0.92367018 0.14923395 0.92744694 0.15069683 0.94496307 0.17159783 0.94304749 0.17424200 0.92427244 0.16155511 0.92367018
0 0.28937560 0.87047745 0.28913495 0.89785731 0.30698436 0.89975145 0.30923136 0.88630787 0.30707873 0.87061997 0.28937560 0.87047745
0 0.10511333 0.80264414 0.11728821 0.79711576 0.11614936 0.77339236 0.10385965 0.76745864 0.09919890 0.75200061 0.07989684 0.75288714 0.07753500 0.75486862 0.07754524 0.77516541 0.08276992 0.82763717 0.10381720 0.82747321 0.10511333 0.80264414
0 0.22091470 0.84762906 0.22669384 0.84621690 0.23295353 0.86064586 0.24807539 0.86014246 0.25043722 0.85816097 0.24934006 0.84502388 0.26075204 0.84044793 0.25885030 0.81767696 0.23743729 0.81346190 0.23364404 0.78821676 0.21692324 0.78974922 0.21598260 0.79866053 0.20693245 0.80125500 0.21026562 0.85125258 0.21884545 0.85311377 0.22091470 0.84762906
0 0.19021013 0.94398920 0.26970706 0.93758581 0.27321874 0.90902365 0.27110779 0.90392205 0.22650510 0.90447986 0.21767439 0.90970174 0.21756978 0.91853643 0.20175817 0.92086807 0.20466347 0.91530674 0.20410977 0.89858980 0.18131726 0.89803120 0.17605014 0.90557402 0.17707415 0.91783531 0.19575960 0.91965282 0.18791121 0.92654970 0.19021013 0.94398920
0 0.12358882 0.89273190 0.11156023 0.90001189 0.11640896 0.92780783 0.12811352 0.92673510 0.12981706 0.91687136 0.13886721 0.91427690 0.14369547 0.90147925 0.15358166 0.89880816 0.15840992 0.88601050 0.16738693 0.88254023 0.16916361 0.87355230 0.18064873 0.86985215 0.18260316 0.85290534 0.19067098 0.84863588 0.18985616 0.81870522 0.16713680 0.81902243 0.15950784 0.82854673 0.14954851 0.83034201 0.13745700 0.85704299 0.12786339 0.86321731 0.12358882 0.89273190
0 0.44912518 0.93423366 0.45927116 0.93392485 0.46251149 0.97134606 0.50186596 0.96990590 0.50621535 0.83499744 0.52261616 0.83238190 0.52484826 0.75516231 0.45330349 0.75992173 0.44912518 0.93423366
0 0.66359857 0.54987427 0.64744210 0.82462750 0.67525611 0.82318810 0.68752264 0.54987427 0.66359857 0.54987427
