0 0.47582190 0.37449424 0.47263525 0.35093463 0.40712167 0.38122417 0.41100541 0.40956793 0.45921704 0.39182539 0.45787804 0.38189151 0.47582190 0.37449424
0 0.84594750 0.36696356 0.84707995 0.29643488 0.84418685 0.28688506 0.83483141 0.28793158 0.65171943 0.35606498 0.64836520 0.40537817 0.65169308 0.45523172 0.66438838 0.45896297 0.84037149 0.39506126 0.84594750 0.36696356
0 0.52978516 0.75995159 0.52741864 0.75206399 0.52139451 0.75331215 0.51888601 0.75205961 0.50081362 0.75580410 0.49930637 0.75788868 0.52978516 0.85947443 0.52978516 0.75995159
0 0.52978516 0.88092692 0.52732122 0.87969699 0.48676853 0.74453495 0.41448050 0.75951260 0.41197188 0.75825963 0.40996401 0.75867565 0.42298099 0.80206124 0.42147374 0.80414583 0.42998477 0.83251308 0.42847700 0.83459777 0.42446126 0.83542981 0.42946783 0.85211670 0.42796006 0.85420139 0.43246602 0.86921973 0.43095876 0.87130431 0.42895089 0.87172033 0.43846316 0.90342471 0.48063106 0.89468777 0.48314019 0.89594064 0.48514806 0.89552462 0.48765655 0.89677716 0.49066040 0.90678896 0.52978516 0.89868254 0.52978516 0.88092692
0 0.37370124 0.92216030 0.37620986 0.92341327 0.37721110 0.92675039 0.37971959 0.92800294 0.41385548 0.92093019 0.41536325 0.91884550 0.40785345 0.89381537 0.40534445 0.89256293 0.39332882 0.85251489 0.39483659 0.85043020 0.40086072 0.84918204 0.38684250 0.80245932 0.38834962 0.80037431 0.39236537 0.79954228 0.38435495 0.77284358 0.38586221 0.77075900 0.37735118 0.74239174 0.37484269 0.74113920 0.25034688 0.76693399 0.27638072 0.85370474 0.27487295 0.85578943 0.29740221 0.93087940 0.36969076 0.91590165 0.37219926 0.91715419 0.37370124 0.92216030
0 0.24621213 0.92376190 0.24872062 0.92501445 0.25122384 0.93335768 0.28736812 0.92586881 0.27184804 0.87414040 0.27335516 0.87205540 0.23981152 0.76025451 0.24131877 0.75816992 0.23881555 0.74982669 0.23630706 0.74857415 0.13791514 0.76896036 0.14492418 0.79232151 0.14341642 0.79440619 0.18547122 0.93457477 0.23767951 0.92375753 0.24018800 0.92501007 0.24621213 0.92376190
0 0.14883198 0.93330386 0.15134047 0.93455640 0.15384382 0.94290006 0.17994771 0.93749149 0.12487605 0.75393776 0.02447625 0.77473999 0.06953489 0.92492036 0.06802754 0.92700496 0.07403535 0.94702898 0.10415560 0.94078825 0.10666409 0.94204079 0.14883198 0.93330386
0 0.00000000 0.80690005 0.04191270 0.94659500 0.06400074 0.94201849 0.05699169 0.91865735 0.05849892 0.91657232 0.01694486 0.77807273 0.01845222 0.77598813 0.01244441 0.75596411 0.00000000 0.75854252 0.00000000 0.80690005
0 0.29365611 0.57717561 0.29114759 0.57592298 0.23893982 0.58674012 0.25946648 0.65515541 0.35785840 0.63476920 0.34634340 0.59638972 0.34785065 0.59430514 0.33984026 0.56760653 0.29365611 0.57717561
0 0.16259761 0.65218497 0.16510662 0.65343741 0.23538679 0.63887578 0.22136859 0.59215315 0.21132819 0.59423346 0.20881968 0.59298083 0.12046763 0.61128684 0.12597482 0.62964230 0.13802257 0.62714608 0.14053158 0.62839852 0.15257933 0.62590230 0.15508782 0.62715484 0.16259761 0.65218497
0 0.09637162 0.61627939 0.09386310 0.61502677 0.02157506 0.63000441 0.01906602 0.62875185 0.01304240 0.62999991 0.01905015 0.65002371 0.06121804 0.64128678 0.06372666 0.64253975 0.11995069 0.63089047 0.11444350 0.61253501 0.09637162 0.61627939
0 0.10993765 0.59751701 0.10643308 0.58583631 0.00603329 0.60663855 0.00953785 0.61831925 0.10993765 0.59751701
0 0.66830228 0.82964408 0.74434305 0.81189290 0.74130969 0.80050190 0.66526892 0.81825308 0.66830228 0.82964408
0 0.90243175 0.88993476 0.98341394 0.87254155 0.97165947 0.82840060 0.89105623 0.84721685 0.90243175 0.88993476
0 1.00000000 0.82178470 0.98534689 0.82520536 0.99520112 0.86827841 1.00000000 0.86715815 1.00000000 0.82178470
