0 0.30637162 0.00000000 0.26706113 0.26693990 0.13079423 0.23500882 0.11590233 0.34027786 0.14612270 0.34808088 0.14180305 0.38218100 0.23153805 0.40508817 0.23716698 0.36915979 0.26659541 0.37726942 0.26111193 0.41456271 0.29113218 0.42202697 0.29420754 0.40251613 0.32473536 0.41083941 0.32775305 0.39282087 0.35819367 0.40001799 0.36312582 0.36735600 0.36631543 0.34973485 0.43976684 0.37137560 0.43976684 0.02949393 0.33506483 0.00000000 0.30637162 0.00000000
0 0.20961445 0.00000000 0.20114131 0.07151118 0.18163176 0.14090293 0.23075420 0.15138613 0.25379442 0.00000000 0.20961445 0.00000000
0 0.55464652 0.41495042 0.55616921 0.43547588 0.69264473 0.52577711 0.70291299 0.52273338 0.71577362 0.42732246 0.72141400 0.41376367 0.73123189 0.31505932 0.69928444 0.29935704 0.59279121 0.22184447 0.57998777 0.22843659 0.56388650 0.20943563 0.47564970 0.15168363 0.46278644 0.20933707 0.46449913 0.22770852 0.57263997 0.29913890 0.56864983 0.34437297 0.55464652 0.41495042
0 0.28577774 0.76924981 0.28331539 0.77477389 0.27176689 0.77273618 0.26497729 0.80281818 0.27482868 0.80604503 0.27185732 0.81445789 0.28340582 0.81649560 0.29562754 0.77247777 0.28577774 0.76924981
0 0.22549055 0.79882941 0.22676321 0.79160681 0.23686900 0.79338996 0.24484693 0.76500623 0.23643960 0.76203418 0.23745788 0.75625529 0.22471993 0.75251772 0.21275260 0.79509184 0.22549055 0.79882941
0 0.36413311 0.61177970 0.35971903 0.61993799 0.34842491 0.61645657 0.34053045 0.63591649 0.35038025 0.63914445 0.34664660 0.65189138 0.35938478 0.65562759 0.37542834 0.61526271 0.36413311 0.61177970
0 0.29119231 0.62870086 0.29611565 0.61765245 0.30571218 0.62232572 0.31386127 0.60142075 0.30401012 0.59819254 0.30868018 0.58858943 0.29789397 0.58221765 0.28040746 0.62232933 0.29119231 0.62870086
0 0.97183587 0.81486281 0.90595362 0.80424770 0.90076507 0.82736190 0.96632324 0.83942072 0.97183587 0.81486281
0 0.81366728 0.74231114 0.76433637 0.73398990 0.76206663 0.74410126 0.81139723 0.75242386 0.81366728 0.74231114
0 0.49051362 0.60222363 0.47709882 0.59440703 0.47450469 0.60596346 0.48305073 0.61012712 0.49051362 0.60222363
