0 0.63142433 0.61342462 0.65849604 0.60842271 0.69161276 0.59847328 0.68111573 0.36478053 0.64828981 0.37170515 0.62135707 0.37434256 0.63142433 0.61342462
0 0.69581899 0.65825477 0.69380415 0.62659828 0.65223591 0.63694275 0.65463254 0.67569466 0.68220574 0.67758302 0.69581899 0.65825477
0 0.52040010 0.64580916 0.52447923 0.71556393 0.60115925 0.70351050 0.59946390 0.67121947 0.59430465 0.66759065 0.59283037 0.62835592 0.54420376 0.63730821 0.53908754 0.64548760 0.52040010 0.64580916
0 0.51461672 0.52368511 0.51835608 0.59482347 0.59552522 0.58514504 0.59151533 0.51037405 0.51461672 0.52368511
0 0.50744708 0.45249427 0.50792730 0.46161927 0.50285312 0.46282156 0.50313353 0.47213740 0.51392186 0.46948473 0.51001879 0.40410592 0.50591246 0.40536164 0.50655836 0.42758015 0.50048566 0.42901908 0.50179278 0.45365744 0.50744708 0.45249427
0 0.51493917 0.46014695 0.51579278 0.47356393 0.52420821 0.47165649 0.52141988 0.40324332 0.51157023 0.40450859 0.51294313 0.41358015 0.51597626 0.41344275 0.51702671 0.42762595 0.51320821 0.42853053 0.51468447 0.44853626 0.51856083 0.44752863 0.51955638 0.45853531 0.51493917 0.46014695
0 0.53494461 0.45438931 0.52964787 0.45564408 0.53110880 0.47071279 0.54084520 0.46555725 0.53769387 0.43123473 0.53820623 0.40120420 0.52748170 0.40374523 0.52766518 0.45030725 0.53455143 0.44821469 0.53494461 0.45438931
0 0.54052226 0.40142271 0.54500841 0.47176240 0.59014095 0.46387214 0.58664639 0.39120897 0.54052226 0.40142271
0 0.61956429 0.25526431 0.61951286 0.23329198 0.60074184 0.23591126 0.60303215 0.27189218 0.59930613 0.27285878 0.60064144 0.30600382 0.61789911 0.30270229 0.62344411 0.29266317 0.62148467 0.27202576 0.61919387 0.26560210 0.61956429 0.25526431
0 0.59013056 0.23419370 0.59199308 0.27298760 0.58632097 0.27486069 0.58911622 0.30482443 0.59680762 0.30269561 0.59537240 0.23501813 0.59013056 0.23419370
0 0.58111721 0.26039599 0.58081157 0.25559065 0.58404352 0.24689027 0.58724876 0.24599618 0.58656182 0.23520420 0.57616716 0.23783206 0.57897725 0.27626622 0.57457319 0.27806966 0.57659050 0.30278435 0.58687537 0.30625286 0.58519288 0.28992366 0.58426360 0.28057634 0.58452967 0.27483492 0.58606380 0.27128626 0.58510930 0.25945038 0.58111721 0.26039599
0 0.56721563 0.27628531 0.56221563 0.27746947 0.56268348 0.28482252 0.56439416 0.28805344 0.56746835 0.31020992 0.57244461 0.30965458 0.57498813 0.30335973 0.57332493 0.27831298 0.57061968 0.27226240 0.57196439 0.23843607 0.56477992 0.23808111 0.56721563 0.27628531
0 0.56225420 0.25143321 0.56097280 0.23723760 0.55218398 0.24016031 0.55432690 0.27723187 0.55209100 0.28092080 0.55373788 0.31192271 0.56388526 0.31023187 0.56073492 0.27533588 0.56446736 0.27469084 0.56384224 0.26108111 0.55798071 0.26281393 0.55736350 0.25311737 0.56225420 0.25143321
0 0.54209743 0.31081679 0.55077646 0.30938073 0.54932097 0.28290935 0.54680317 0.27720706 0.54512463 0.24315172 0.54189318 0.24337405 0.54356281 0.27697424 0.54031800 0.28232252 0.54209743 0.31081679
0 0.53900000 0.31369466 0.53595054 0.24478626 0.53159941 0.24622328 0.53355242 0.28135687 0.52830465 0.28269752 0.53031454 0.31446660 0.53900000 0.31369466
0 0.52834372 0.25223855 0.52791543 0.24550668 0.51819090 0.24834256 0.51862512 0.28167939 0.51575272 0.28537882 0.51815134 0.31563073 0.52676459 0.31602767 0.52332493 0.28032729 0.52789862 0.27809733 0.52654748 0.26331966 0.52327844 0.26391126 0.52270969 0.25216889 0.52834372 0.25223855
0 0.51235559 0.24710878 0.50735114 0.24863454 0.50967409 0.28691889 0.50459842 0.28718130 0.50741048 0.31817462 0.51656330 0.31399237 0.51235559 0.24710878
0 0.50157418 0.24991603 0.49116518 0.25174427 0.49488971 0.32071183 0.50423739 0.31673378 0.50267409 0.28540935 0.49606627 0.28473092 0.49617854 0.27902958 0.49868546 0.27520324 0.50559496 0.27352863 0.50299901 0.26856679 0.50157418 0.24991603
