0 0.00000000 0.09630437 0.03833787 0.10556824 0.03925543 0.09550607 0.05762159 0.09916121 0.05978744 0.07529088 0.00000000 0.06622097 0.00000000 0.09630437
0 0.78313258 0.08413278 0.79036144 0.14179942 0.79530729 0.14224046 0.81284443 0.14001619 0.81435744 0.12656710 0.81032014 0.08371118 0.80477826 0.08296850 0.78313258 0.08413278
0 0.90744361 0.11326616 0.90773186 0.11154275 0.85756867 0.08296421 0.84629605 0.10715853 0.84598015 0.10996663 0.88365995 0.13529394 0.89552428 0.13688389 0.90744361 0.11326616
0 0.86340244 0.20515958 0.90343010 0.23073101 0.91454820 0.23222095 0.92510765 0.21519727 0.92578522 0.20917429 0.87736848 0.17680003 0.86340244 0.20515958
0 0.90141436 0.26860681 0.88123094 0.29538158 0.88104923 0.29699679 0.92175433 0.32411855 0.92923507 0.32512105 0.94478458 0.30096636 0.90141436 0.26860681
0 0.91555402 0.41070011 0.93971286 0.42766373 0.94557970 0.42844995 0.96366842 0.37874686 0.96419987 0.37402281 0.93792484 0.35914632 0.91555402 0.41070011
0 0.95058649 0.50266441 0.95082653 0.50106723 0.90358994 0.46569912 0.88767886 0.49500240 0.88742990 0.49721542 0.92698437 0.52152926 0.93903798 0.52314458 0.95058649 0.50266441
0 0.86893676 0.58941460 0.87250910 0.57053162 0.83734360 0.55688361 0.82540438 0.58002824 0.82468207 0.58644885 0.83080100 0.58941460 0.86893676 0.58941460
0 0.78792523 0.36278449 0.73023024 0.37561356 0.72981725 0.37928457 0.73619329 0.42384851 0.73741209 0.42395710 0.80155418 0.40783697 0.80179061 0.40642303 0.79654835 0.36394008 0.78792523 0.36278449
0 0.72284759 0.29201072 0.73770162 0.36031573 0.73968718 0.36053078 0.78102057 0.34954256 0.78114272 0.34855497 0.76720869 0.28021087 0.76606380 0.28005744 0.72284759 0.29201072
0 0.71125511 0.21285796 0.72518736 0.28643226 0.72602862 0.28653386 0.76610906 0.27583889 0.76713226 0.26674363 0.75263186 0.21052243 0.75046436 0.21023196 0.71125511 0.21285796
0 0.74970062 0.20964526 0.74991454 0.20822737 0.74027007 0.13662877 0.69667628 0.14488768 0.69633990 0.14787768 0.70550317 0.21441332 0.71484572 0.21566532 0.74970062 0.20964526
0 0.28386092 0.97573304 0.27966941 0.97251498 0.28479529 0.96894011 0.22496401 0.92101548 0.21604760 0.92969091 0.27854831 0.98066548 0.28386092 0.97573304
0 0.39470580 0.81000449 0.42538256 0.83405022 0.43088226 0.82775767 0.40020549 0.80371193 0.39470580 0.81000449
0 0.49108737 0.58941460 0.48948191 0.59935569 0.64232943 0.61362426 0.64623923 0.58941460 0.49108737 0.58941460
