0 0.75677932 0.27774302 0.77422450 0.27870667 0.77580845 0.23330439 0.75702484 0.23384810 0.75677932 0.27774302
0 0.80706618 0.35555873 0.85478763 0.36029094 0.85702603 0.32853129 0.84472833 0.32704294 0.84675072 0.31038559 0.85577273 0.31220783 0.86247808 0.22652642 0.81395160 0.22461813 0.80706618 0.35555873
0 0.55375833 0.88557371 0.54283617 0.88312680 0.26865466 0.88752637 0.20514128 0.88536375 0.19543776 0.88706191 0.19576383 0.89906629 0.21241313 0.90122043 0.54491298 0.89624379 0.55221923 0.89526924 0.55421603 0.89035874 0.55375833 0.88557371
0 0.55068013 0.90496476 0.54811122 0.90389398 0.21795143 0.90754888 0.20158819 0.90838539 0.19860159 0.91154333 0.19717691 0.92243510 0.20307568 0.92393671 0.51892624 0.91680594 0.55001640 0.91521658 0.55142388 0.91274042 0.55068013 0.90496476
0 0.55361511 0.92705366 0.55081736 0.92359037 0.53270337 0.92331427 0.20014630 0.92769278 0.20047237 0.93969716 0.20309849 0.94136607 0.24189538 0.94298905 0.53881378 0.93562400 0.55190438 0.93495480 0.55361511 0.92705366
0 0.34730666 0.94481296 0.25959168 0.94749387 0.20682883 0.94598379 0.19630715 0.94772377 0.19703370 0.96391505 0.20053519 0.96614026 0.29900069 0.96411187 0.35043048 0.96028063 0.35004720 0.94767813 0.34730666 0.94481296
0 0.54142270 0.94570852 0.53716026 0.94412326 0.41403547 0.94621015 0.40585385 0.94662840 0.40281005 0.94918821 0.40302169 0.95999633 0.40658040 0.96281967 0.53280620 0.95877111 0.54174877 0.95771290 0.54315625 0.95523674 0.54142270 0.94570852
0 0.53626845 0.78008152 0.24397295 0.78420498 0.23333685 0.78474871 0.23139726 0.79025733 0.23155170 0.80046733 0.23663230 0.80201076 0.52974596 0.79784548 0.53787037 0.79682910 0.53893458 0.79076417 0.53626845 0.78008152
0 0.62988281 0.69922146 0.63116087 0.69739235 0.64414108 0.69626308 0.64363681 0.68729082 0.64497823 0.68537107 0.65795848 0.68424179 0.65929987 0.68232205 0.67228001 0.68119277 0.67106979 0.65966017 0.66952679 0.65799137 0.66609781 0.59698220 0.64013734 0.59924076 0.64023818 0.60103493 0.64178132 0.60270418 0.64188217 0.60449845 0.64054075 0.60641820 0.62988281 0.60734544 0.62988281 0.69922146
0 0.80847902 0.53951613 0.76886056 0.54296293 0.76896142 0.54475732 0.76762011 0.54667717 0.75319781 0.54793191 0.75370207 0.55690385 0.75236040 0.55882370 0.72495759 0.56120775 0.72536099 0.56838528 0.72401969 0.57030511 0.69950156 0.57243819 0.70000582 0.58141013 0.69866451 0.58333000 0.68568437 0.58445927 0.68598692 0.58984240 0.68330395 0.59368213 0.67753495 0.59418403 0.67599195 0.59251514 0.67166511 0.59289158 0.67032380 0.59481140 0.67062637 0.60019467 0.67216937 0.60186347 0.67539662 0.65928374 0.75760469 0.65213164 0.75914806 0.65380041 0.75995488 0.66815548 0.76149791 0.66982474 0.76726690 0.66932284 0.77035290 0.67266044 0.77055459 0.67624898 0.76921331 0.67816917 0.76951587 0.68355244 0.78249601 0.68242317 0.78199174 0.67345090 0.78333342 0.67153114 0.78765988 0.67115473 0.78611688 0.66948593 0.78581432 0.66410267 0.78715563 0.66218293 0.79580931 0.66143006 0.79715059 0.65950987 0.80147743 0.65913343 0.80097318 0.65016163 0.80231449 0.64824189 0.80664133 0.64786546 0.80798264 0.64594572 0.81230947 0.64556929 0.81200691 0.64018602 0.81334822 0.63826629 0.82777089 0.63701152 0.82726661 0.62803925 0.82860792 0.62611952 0.83870376 0.62524118 0.83819950 0.61626938 0.83954081 0.61434964 0.85396311 0.61309490 0.85345886 0.60412310 0.85480014 0.60220291 0.86633813 0.60119910 0.86583388 0.59222730 0.86717556 0.59030753 0.88015570 0.58917826 0.88149701 0.58725852 0.88119445 0.58187526 0.88253611 0.57995503 0.89263157 0.57907673 0.89222817 0.57189942 0.89356985 0.56997952 0.90510783 0.56897571 0.90644914 0.56705588 0.90490129 0.53951613 0.80847902 0.53951613
