0 0.19803409 0.54979675 0.13174597 0.33436208 0.07169885 0.32466902 0.13766312 0.54979675 0.19803409 0.54979675
0 0.47724958 0.00612188 0.29170036 0.07297624 0.31014697 0.10377121 0.49952063 0.03131935 0.47724958 0.00612188
0 0.29749081 0.27222327 0.45641088 0.22037898 0.43495760 0.10078050 0.37017807 0.12696635 0.34609781 0.14474993 0.34122984 0.12648747 0.27621263 0.14664645 0.29749081 0.27222327
0 0.79404683 0.54979675 0.81347008 0.54762760 0.82738157 0.52882722 0.82897406 0.50277920 0.80666173 0.47293329 0.79463600 0.46996460 0.75596039 0.52171246 0.75641584 0.54979675 0.79404683 0.54979675
0 0.66006987 0.37935616 0.64848405 0.38280589 0.62277705 0.42663789 0.62482996 0.45659048 0.63832205 0.48095388 0.65217048 0.48587486 0.67169672 0.47507082 0.70672693 0.41941839 0.66006987 0.37935616
0 0.77226061 0.46384005 0.73551331 0.42051528 0.72713298 0.42145117 0.68569178 0.48213127 0.68395266 0.50603981 0.70129985 0.51272590 0.70903057 0.52695348 0.72776056 0.52917345 0.76381723 0.48849731 0.77226061 0.46384005
0 0.27313500 0.54979675 0.27429092 0.56024516 0.27226899 0.56215040 0.27808344 0.61470770 0.29580600 0.61348152 0.29821560 0.61508046 0.31815335 0.61370102 0.32056233 0.61529956 0.32346957 0.64157839 0.32144820 0.64348345 0.32261106 0.65399472 0.32058974 0.65590023 0.28071368 0.65865915 0.29137349 0.75501411 0.30023478 0.75440102 0.30264381 0.75600001 0.41562530 0.74818309 0.40651596 0.66584300 0.40853734 0.66393794 0.41094689 0.66553644 0.49955971 0.65940553 0.50196869 0.66100407 0.55513639 0.65732553 0.54324041 0.54979675 0.27313500 0.54979675
0 0.00000000 0.73457142 0.12519751 0.72590931 0.12760650 0.72750785 0.25166445 0.71892458 0.24643142 0.67162278 0.24845280 0.66971772 0.24554555 0.64343889 0.24313657 0.64184035 0.21212237 0.64398614 0.20971277 0.64238720 0.20661172 0.61435656 0.20420274 0.61275803 0.19955118 0.57071217 0.20157254 0.56880701 0.23701767 0.56635465 0.23546715 0.55233934 0.00000000 0.56863074 0.00000000 0.73457142
0 0.85364532 0.93670937 0.84668508 0.88534304 0.83244877 0.88363446 0.82243400 0.80603449 0.81582303 0.80564211 0.78909922 0.81226029 0.78204512 0.81803084 0.80003449 0.94792095 0.80603913 0.95245148 0.85364532 0.93670937
0 0.91224640 0.92910449 0.91020623 0.90379466 0.88961687 0.76497016 0.87971796 0.75876914 0.85266773 0.76133775 0.85227111 0.77973797 0.87400297 0.93273598 0.87611332 0.93559601 0.90961131 0.93139499 0.91224640 0.92910449
0 0.69764243 0.72709170 0.67627041 0.73014127 0.67688817 0.74946531 0.67348353 0.75386917 0.66026158 0.75308441 0.65920070 0.73992330 0.65412883 0.73530420 0.61053362 0.74250431 0.60668585 0.75307110 0.61572134 0.81852235 0.61969723 0.82120524 0.64098765 0.81714328 0.64162908 0.80178024 0.66563619 0.79644016 0.66558968 0.78420287 0.66899432 0.77979901 0.70877686 0.77194080 0.71920050 0.77299129 0.72639414 0.80393260 0.79034700 0.79275911 0.78142821 0.71709535 0.77643795 0.71348865 0.74022327 0.71896778 0.73710996 0.73864611 0.70454474 0.74275855 0.70056885 0.74007566 0.69764243 0.72709170
