0 0.25693627 0.45409709 0.24631045 0.46014440 0.27986097 0.56997174 0.29104499 0.56517835 0.25729471 0.45391762 0.25693627 0.45409709
0 0.32686130 0.55095184 0.29361969 0.43876067 0.27134815 0.44863071 0.30358533 0.56111463 0.32686130 0.55095184
0 0.35340173 0.53811935 0.32050659 0.42735607 0.30852531 0.43355335 0.34192083 0.54249553 0.35340173 0.53811935
0 0.78942322 0.37873616 0.83048309 0.38596077 0.83138092 0.37235228 0.79032105 0.36512768 0.78942322 0.37873616
0 0.64122653 0.51004262 0.67566984 0.49532010 0.67356195 0.47837448 0.63911889 0.49309899 0.64122653 0.51004262
0 0.36684450 0.76992050 0.36155485 0.76682461 0.30310532 0.76498551 0.27085624 0.76699474 0.27280119 0.77655617 0.27758743 0.77831324 0.32206339 0.77809990 0.36089498 0.78043050 0.36862165 0.77903565 0.36684450 0.76992050
0 0.50900879 0.90442960 0.53386681 0.90470777 0.53035074 0.87341270 0.47156561 0.87068105 0.46587168 0.87089879 0.46338510 0.87306331 0.46561609 0.88119106 0.48827358 0.88220007 0.49131312 0.88370058 0.49387972 0.89272087 0.50672824 0.89397564 0.50900879 0.90442960
0 0.48566938 0.78969251 0.44834801 0.79137835 0.43368413 0.79407320 0.42922572 0.81513203 0.43033166 0.82246209 0.44791685 0.82314770 0.45155894 0.83063947 0.49079480 0.82965646 0.49315957 0.79205755 0.48566938 0.78969251
0 0.73147269 0.75449914 0.73205684 0.75774936 0.77071780 0.76359991 0.77107131 0.76348769 0.78679679 0.66194367 0.75174377 0.65555805 0.74745477 0.65663624 0.73147269 0.75449914
0 0.81704260 0.75447414 0.85799108 0.76212275 0.85802662 0.76211221 0.86254635 0.69606463 0.86120032 0.68857525 0.82411038 0.68647066 0.82329764 0.68667497 0.81704260 0.75447414
0 0.87706577 0.76944761 0.91725261 0.77362337 0.91943304 0.77299635 0.92723525 0.70757581 0.92667561 0.70446191 0.88729962 0.70037051 0.88524173 0.70088783 0.87706577 0.76944761
0 0.85850485 0.67736472 0.81807047 0.66865308 0.79302152 0.88799454 0.82033661 0.89327284 0.81978001 0.90760075 0.83146498 0.91082473 0.83417605 0.91014321 0.85957916 0.68334221 0.85850485 0.67736472
