0 0.48924414 0.59306940 0.61597559 0.56607886 0.61307666 0.53125158 0.47601270 0.56175158 0.47826758 0.58473344 0.48789063 0.58169006 0.48924414 0.59306940
0 0.56800391 0.65173107 0.56833105 0.66000394 0.57877637 0.65840300 0.64092773 0.64668927 0.64052832 0.63648580 0.56800391 0.65173107
0 0.56547998 0.61074527 0.56547412 0.61927208 0.56918018 0.61905126 0.61920557 0.60922555 0.61847754 0.59940536 0.56547998 0.61074527
0 0.08188184 0.64409700 0.09277930 0.67599921 0.10902734 0.72237382 0.13362012 0.69840773 0.13021191 0.68367744 0.14225586 0.67228864 0.12243994 0.61798502 0.11081348 0.63073028 0.10574463 0.61919006 0.08188184 0.64409700
0 0.06423486 0.72088013 0.06941895 0.71672082 0.05241699 0.66864511 0.04741357 0.67333044 0.06423486 0.72088013
0 0.14394482 0.75356230 0.15718750 0.75856151 0.17586963 0.75854416 0.18922705 0.75490536 0.18716260 0.74596451 0.17619189 0.74965379 0.15828662 0.74957019 0.14564697 0.74498423 0.14394482 0.75356230
0 0.13550586 0.78185804 0.14120068 0.78461514 0.15860937 0.78894558 0.18227148 0.78825552 0.20052588 0.78366404 0.19856787 0.77407650 0.17565625 0.77947950 0.15260156 0.77892823 0.13684082 0.77344322 0.13550586 0.78185804
0 0.11904932 0.78919953 0.10320605 0.77508438 0.09002295 0.76257650 0.08736133 0.77003233 0.09514404 0.77825946 0.11623096 0.79698423 0.11904932 0.78919953
0 0.05822412 0.74230442 0.05327344 0.74920032 0.06453418 0.77144953 0.07797119 0.79077129 0.09295361 0.80825473 0.10925684 0.81909858 0.11187207 0.81094716 0.09531641 0.79967744 0.08024268 0.78300394 0.06743848 0.76353549 0.05822412 0.74230442
0 0.52682178 0.28790142 0.54601074 0.27149290 0.52997607 0.21736909 0.50976318 0.23403628 0.52682178 0.28790142
0 0.48039063 0.27203785 0.50751318 0.22777366 0.49456592 0.20676656 0.46672363 0.24849132 0.48039063 0.27203785
0 0.46077246 0.39422476 0.46390234 0.38723659 0.42883838 0.35471609 0.42551123 0.36188801 0.46077246 0.39422476
0 0.42740527 0.40426420 0.43120605 0.39594637 0.41168604 0.37150631 0.40737891 0.37948502 0.42740527 0.40426420
