0 0.08816324 0.26382220 0.08682933 0.27068456 0.15619678 0.30041655 0.16123632 0.25806810 0.10053916 0.23083119 0.09586564 0.26071286 0.09327518 0.26042907 0.09243315 0.26580473 0.08816324 0.26382220
0 0.57629848 0.40937500 0.61419622 0.10072271 0.46780794 0.07558257 0.46557119 0.09954327 0.44328827 0.09633500 0.40813227 0.40937500 0.57629848 0.40937500
0 0.64383373 0.24919600 0.64299934 0.30183983 0.66677857 0.30475956 0.82070559 0.31636284 0.82898185 0.24895810 0.64469948 0.22442625 0.64383373 0.24919600
0 1.00000000 0.40937500 1.00000000 0.14603543 0.88747899 0.12882289 0.87085284 0.40937500 1.00000000 0.40937500
0 0.00000000 0.81951711 0.00140148 0.81979273 0.00157702 0.81750295 0.00639276 0.81147651 0.00656829 0.80918673 0.00977875 0.80516890 0.00995428 0.80287912 0.01316477 0.79886189 0.01334030 0.79657210 0.01655077 0.79255428 0.01672630 0.79026449 0.02475249 0.78022082 0.02492807 0.77793045 0.02653331 0.77592184 0.02670885 0.77363205 0.02991931 0.76961422 0.03009484 0.76732444 0.03330540 0.76330723 0.03348098 0.76101685 0.03669125 0.75699959 0.03686682 0.75470921 0.04168260 0.74868338 0.04185813 0.74639360 0.04827912 0.73835795 0.04845465 0.73606817 0.05487560 0.72803311 0.05505114 0.72574333 0.05986695 0.71971691 0.06004248 0.71742713 0.06485830 0.71140070 0.06503383 0.70911092 0.06824415 0.70509306 0.06841968 0.70280328 0.07323545 0.69677744 0.07341102 0.69448707 0.07662129 0.69046980 0.07679687 0.68817943 0.08000751 0.68416223 0.08018304 0.68187245 0.08499849 0.67584596 0.08517402 0.67355617 0.08838470 0.66953839 0.08856023 0.66724860 0.09337605 0.66122218 0.09355158 0.65893240 0.09836703 0.65290590 0.09854256 0.65061612 0.10335838 0.64458970 0.10353391 0.64229992 0.10834972 0.63627350 0.10852526 0.63398371 0.11013039 0.63197507 0.10887632 0.62940414 0.10172795 0.62799832 0.09851731 0.63201551 0.09834178 0.63430530 0.09513147 0.63832316 0.09495594 0.64061294 0.09174525 0.64463073 0.08173768 0.64266260 0.07852704 0.64667980 0.07835151 0.64896958 0.07353570 0.65499600 0.07336016 0.65728579 0.07175498 0.65929501 0.06031744 0.65704566 0.06014191 0.65933545 0.05693164 0.66335272 0.05675611 0.66564251 0.05354543 0.66966029 0.05336989 0.67195008 0.05015921 0.67596786 0.04998368 0.67825765 0.04677341 0.68227491 0.04659783 0.68456529 0.04338756 0.68858256 0.04321199 0.69087293 0.04000135 0.69489013 0.02999348 0.69292195 0.02678307 0.69693919 0.02660749 0.69922956 0.02179175 0.70525599 0.02161622 0.70754578 0.01840576 0.71156301 0.01823023 0.71385280 0.01341453 0.71987924 0.01323895 0.72216961 0.00842325 0.72819546 0.00824772 0.73048524 0.00503722 0.73450306 0.00486169 0.73679285 0.00004599 0.74281929 0.00000000 0.74341916 0.00000000 0.81951711
0 0.00000000 0.96363362 0.01768198 0.96711102 0.02249779 0.96108460 0.02267332 0.95879482 0.02748877 0.95276832 0.02766430 0.95047854 0.03087499 0.94646075 0.03105052 0.94417097 0.03586633 0.93814455 0.03604187 0.93585477 0.03925213 0.93183750 0.03942771 0.92954712 0.04424353 0.92352070 0.04441906 0.92123092 0.04923483 0.91520509 0.04941041 0.91291471 0.05262067 0.90889744 0.05279625 0.90660707 0.05761202 0.90058124 0.05778756 0.89829145 0.06099787 0.89427360 0.06117340 0.89198381 0.06598922 0.88595739 0.06616475 0.88366761 0.07098056 0.87764119 0.07115610 0.87535140 0.07436641 0.87133355 0.07454194 0.86904376 0.07935776 0.86301734 0.07953329 0.86072756 0.08274360 0.85670970 0.08291914 0.85441991 0.08452464 0.85241135 0.08023547 0.85156783 0.07772733 0.84642596 0.08093765 0.84240810 0.08111318 0.84011832 0.08432349 0.83610046 0.08449903 0.83381067 0.08931484 0.82778425 0.08949037 0.82549447 0.09270105 0.82147668 0.09287658 0.81918690 0.09608685 0.81516963 0.09626239 0.81287984 0.10107820 0.80685342 0.10125378 0.80456305 0.10446441 0.80054585 0.10463995 0.79825607 0.10945539 0.79222958 0.10963093 0.78993979 0.11284161 0.78592201 0.11301714 0.78363222 0.10729837 0.78250755 0.10604430 0.77993661 0.10621983 0.77764683 0.11103528 0.77162034 0.11121086 0.76932996 0.11602663 0.76330413 0.11620216 0.76101435 0.12101797 0.75498793 0.12119355 0.75269756 0.12279869 0.75068892 0.13280663 0.75265712 0.13298216 0.75036733 0.13619243 0.74635006 0.13636801 0.74405969 0.13957865 0.74004249 0.13975422 0.73775212 0.14296449 0.73373485 0.14314002 0.73144506 0.14635070 0.72742728 0.14652624 0.72513749 0.14223707 0.72429397 0.14098300 0.72172304 0.14115858 0.71943266 0.14276371 0.71742403 0.14293924 0.71513424 0.14614988 0.71111705 0.14632546 0.70882667 0.15114090 0.70280018 0.15131644 0.70051040 0.15452707 0.69649320 0.17454259 0.70042952 0.17614773 0.69842088 0.19616361 0.70235728 0.19937392 0.69833942 0.19954946 0.69604963 0.20115500 0.69404049 0.21116258 0.69600861 0.21437321 0.69199141 0.23295913 0.69564658 0.23421320 0.69821751 0.23260806 0.70022615 0.23243248 0.70251652 0.23082735 0.70452516 0.24083529 0.70649335 0.24101082 0.70420357 0.24261601 0.70219435 0.24279154 0.69990456 0.24600181 0.69588729 0.24617734 0.69359750 0.24778289 0.69158836 0.24795842 0.68929857 0.24956355 0.68728994 0.24973913 0.68499956 0.24402036 0.68387489 0.24276629 0.68130395 0.24597656 0.67728668 0.24615209 0.67499690 0.25096791 0.66897048 0.25114348 0.66668011 0.25435412 0.66266291 0.25452965 0.66037313 0.25934510 0.65434663 0.25952063 0.65205685 0.26112581 0.65004763 0.26130135 0.64775784 0.26004728 0.64518691 0.26022281 0.64289712 0.26182795 0.64088848 0.26611712 0.64173201 0.26629269 0.63944164 0.26789819 0.63743308 0.27075740 0.63799538 0.27110851 0.63341522 0.26824930 0.63285292 0.26699487 0.63028191 0.26860037 0.62827335 0.27145957 0.62883565 0.27163511 0.62654586 0.27324024 0.62453723 0.27752941 0.62538075 0.27770499 0.62309038 0.27645092 0.62051944 0.27359135 0.61995707 0.27233728 0.61738613 0.27394246 0.61537691 0.27823163 0.61622044 0.27840717 0.61393065 0.28001230 0.61192202 0.28287187 0.61248439 0.28304740 0.61019460 0.28179333 0.60762367 0.28036337 0.60734245 0.27910934 0.60477092 0.28071448 0.60276229 0.28357405 0.60332466 0.28374958 0.60103488 0.28535476 0.59902565 0.28821396 0.59958795 0.28856503 0.59500838 0.28570583 0.59444608 0.28445176 0.59187515 0.28605689 0.58986651 0.28891609 0.59042881 0.28909167 0.58813844 0.29069717 0.58612988 0.29498634 0.58697340 0.29516188 0.58468362 0.29087270 0.58384009 0.28961832 0.58126850 0.28979385 0.57897871 0.29139935 0.57697015 0.29568852 0.57781367 0.29586405 0.57552389 0.29746919 0.57351525 0.30175799 0.57435870 0.29924990 0.56921625 0.29782030 0.56893510 0.29656623 0.56636416 0.29817141 0.56435494 0.30246021 0.56519839 0.30263575 0.56290861 0.30424125 0.56090004 0.31710839 0.56343054 0.31728392 0.56114075 0.31888906 0.55913212 0.32174863 0.55969449 0.32192420 0.55740412 0.32067014 0.55483318 0.31924017 0.55455196 0.31798610 0.55198103 0.30368899 0.54916931 0.30243497 0.54659778 0.30261050 0.54430800 0.30118090 0.54402685 0.29992683 0.54145591 0.29277809 0.54005002 0.29152402 0.53747908 0.28866482 0.53691678 0.28741075 0.53434585 0.28901593 0.53233662 0.29330473 0.53318007 0.29365580 0.52860050 0.27506988 0.52494533 0.27489435 0.52723512 0.27328921 0.52924376 0.26900004 0.52840023 0.26882447 0.53069060 0.26721933 0.53269924 0.26436013 0.53213694 0.26418460 0.53442672 0.26257910 0.53643529 0.25828993 0.53559176 0.25811439 0.53788155 0.25650921 0.53989077 0.25365001 0.53932847 0.25347448 0.54161826 0.25186934 0.54362689 0.24758017 0.54278337 0.24740460 0.54507374 0.24579909 0.54708230 0.24293989 0.54652000 0.24276436 0.54880979 0.24115922 0.55081842 0.25688557 0.55391122 0.25814001 0.55648223 0.25653446 0.55849138 0.25224566 0.55764793 0.25207012 0.55993771 0.25046499 0.56194635 0.23616788 0.55913463 0.23599230 0.56142500 0.23438716 0.56343363 0.22723879 0.56202781 0.22598436 0.55945680 0.22455475 0.55917565 0.22294962 0.56118429 0.22151965 0.56090306 0.21991452 0.56291170 0.21848492 0.56263055 0.21687978 0.56463919 0.21545018 0.56435803 0.21223950 0.56837582 0.21080990 0.56809467 0.20920440 0.57010323 0.20777480 0.56982208 0.20616966 0.57183072 0.20474006 0.57154957 0.20152938 0.57556735 0.20009978 0.57528620 0.19849465 0.57729483 0.19706468 0.57701361 0.19545954 0.57902225 0.19402994 0.57874110 0.19242481 0.58074973 0.19099521 0.58046858 0.18778453 0.58448637 0.18635493 0.58420522 0.18474942 0.58621378 0.18331982 0.58593263 0.18171464 0.58794185 0.18028504 0.58766070 0.17707441 0.59167790 0.17564481 0.59139675 0.17403967 0.59340538 0.17260971 0.59312416 0.17243417 0.59541395 0.17958291 0.59681984 0.18083693 0.59939136 0.18655571 0.60051604 0.18780978 0.60308697 0.18620464 0.60509561 0.18191547 0.60425209 0.18173989 0.60654246 0.18013476 0.60855109 0.16583801 0.60573945 0.16423251 0.60774801 0.15422494 0.60577988 0.15261944 0.60778845 0.15118983 0.60750730 0.14797915 0.61152508 0.14654955 0.61124393 0.14333928 0.61526120 0.14190968 0.61498005 0.14030414 0.61698920 0.13458537 0.61586453 0.12816446 0.62389900 0.14675038 0.62755417 0.14800477 0.63012576 0.14639927 0.63213432 0.14496967 0.63185317 0.14479413 0.63414296 0.14318895 0.63615218 0.13604058 0.63474635 0.13586505 0.63703614 0.13425955 0.63904470 0.12139240 0.63651421 0.11818213 0.64053148 0.11800655 0.64282185 0.11479592 0.64683905 0.11462034 0.64912942 0.10980457 0.65515525 0.10962904 0.65744504 0.10641873 0.66146289 0.11213750 0.66258757 0.11339157 0.66515850 0.12339951 0.66712670 0.12465353 0.66969822 0.12304840 0.67170685 0.12287286 0.67399664 0.12126773 0.67600527 0.10554102 0.67291241 0.10393588 0.67492104 0.09964671 0.67407752 0.09643603 0.67809530 0.09626050 0.68038509 0.09144505 0.68641158 0.09126952 0.68870136 0.08805884 0.69271915 0.08788330 0.69500893 0.08467299 0.69902679 0.10182931 0.70240081 0.10308337 0.70497175 0.10290784 0.70726153 0.09809203 0.71328795 0.08379528 0.71047630 0.08218978 0.71248487 0.07647137 0.71136027 0.07486587 0.71336883 0.07469030 0.71565920 0.07148003 0.71967647 0.07130450 0.72196625 0.06809381 0.72598404 0.06791828 0.72827382 0.06631315 0.73028246 0.06613757 0.73257283 0.08329389 0.73594685 0.08454795 0.73851779 0.08294282 0.74052642 0.08276729 0.74281621 0.07955660 0.74683399 0.07240823 0.74542817 0.07080310 0.74743680 0.05650599 0.74462508 0.05490085 0.74663372 0.05472527 0.74892409 0.05151500 0.75294136 0.05133947 0.75523115 0.04812879 0.75924893 0.04795326 0.76153872 0.04634812 0.76354735 0.04617255 0.76583772 0.04296191 0.76985492 0.04278638 0.77214471 0.05994306 0.77551880 0.06119713 0.77808973 0.06102155 0.78038011 0.05941642 0.78238874 0.05655685 0.78182637 0.05495171 0.78383500 0.05066254 0.78299148 0.04905736 0.78500070 0.03619022 0.78247020 0.03297958 0.78648740 0.03280405 0.78877719 0.02959337 0.79279497 0.02941784 0.79508476 0.02460232 0.80111123 0.02442678 0.80340102 0.02121630 0.80741825 0.02550539 0.80826176 0.02675949 0.81083329 0.03819696 0.81308263 0.03945103 0.81565356 0.03784589 0.81766220 0.03767031 0.81995257 0.03606518 0.82196120 0.02319796 0.81943069 0.02159272 0.82143930 0.01444423 0.82003346 0.01123382 0.82405070 0.01105824 0.82634107 0.00784775 0.83035830 0.00767218 0.83264867 0.00285652 0.83867453 0.00268098 0.84096431 0.00000000 0.84431933 0.00000000 0.85670840 0.01145999 0.85896215 0.01271417 0.86153311 0.01110888 0.86354231 0.01093335 0.86583210 0.00932814 0.86784072 0.00000000 0.86600621 0.00000000 0.96363362
0 0.25174236 0.45062383 0.23887522 0.44809334 0.23727007 0.45010215 0.23298090 0.44925863 0.23140100 0.46986804 0.22979586 0.47187680 0.20977997 0.46794040 0.20852591 0.46536935 0.18708043 0.46115181 0.18672934 0.46573161 0.18512422 0.46774013 0.18387014 0.46516931 0.17958097 0.46432579 0.17832691 0.46175474 0.17850245 0.45946484 0.16277574 0.45637197 0.16152168 0.45380085 0.13864660 0.44930216 0.13739218 0.44673098 0.12452503 0.44420048 0.12291988 0.44620929 0.12417394 0.44878040 0.12399840 0.45107031 0.12239325 0.45307906 0.11953405 0.45251676 0.11702556 0.44737458 0.11720111 0.44508462 0.08145888 0.43805543 0.07391049 0.53652236 0.09106680 0.53989638 0.09232087 0.54246731 0.09179423 0.54933725 0.09018905 0.55134648 0.07875151 0.54909713 0.07714637 0.55110576 0.07142723 0.54998102 0.06809193 0.59348929 0.07667027 0.59517633 0.07719687 0.58830697 0.07880200 0.58629834 0.08023160 0.58657949 0.08183715 0.58457034 0.08755592 0.58569502 0.08790699 0.58111544 0.08951216 0.57910622 0.09809050 0.58079327 0.09826604 0.57850348 0.09987117 0.57649485 0.10987912 0.57846304 0.11040576 0.57159310 0.11201089 0.56958447 0.11915927 0.57099029 0.12076440 0.56898165 0.12111551 0.56440150 0.12272101 0.56239293 0.13129899 0.56407991 0.13147452 0.56179012 0.13307965 0.55978149 0.14165800 0.56146853 0.14218464 0.55459859 0.14378982 0.55258937 0.15236779 0.55427634 0.15289439 0.54740699 0.15449989 0.54539842 0.16450747 0.54736655 0.16503411 0.54049661 0.16663966 0.53848746 0.17521763 0.54017443 0.17574423 0.53330508 0.17734937 0.53129644 0.18592771 0.53298348 0.18645435 0.52611354 0.18805953 0.52410432 0.19663787 0.52579137 0.19734000 0.51663223 0.20055032 0.51261437 0.20769905 0.51402026 0.20805017 0.50944011 0.20965530 0.50743147 0.21823328 0.50911845 0.21875987 0.50224909 0.22036542 0.50023994 0.22894339 0.50192692 0.23054853 0.49991828 0.23125071 0.49075855 0.23285621 0.48874999 0.24143418 0.49043696 0.24196082 0.48356702 0.24356596 0.48155838 0.25214430 0.48324543 0.25231988 0.48095506 0.25392500 0.47894654 0.26250298 0.48063352 0.26267852 0.47834361 0.26142446 0.47577256 0.26160001 0.47348260 0.26320515 0.47147379 0.27178350 0.47316083 0.27546992 0.42507229 0.23686812 0.41748073 0.23563931 0.43351028 0.23403417 0.43551904 0.25262008 0.43917420 0.25387414 0.44174526 0.25334751 0.44861508 0.25174236 0.45062383
0 0.18669576 0.40937500 0.18402007 0.44427873 0.22262187 0.45187030 0.22422738 0.44986161 0.22686054 0.41551261 0.19565186 0.40937500 0.18669576 0.40937500
0 0.02125378 0.40937500 0.00786943 0.58397062 0.05790877 0.59381153 0.06036641 0.56175219 0.04606938 0.55894049 0.04481523 0.55636954 0.04195585 0.55580720 0.04070167 0.55323624 0.04122831 0.54636630 0.04283356 0.54435769 0.06141966 0.54801290 0.06302479 0.54600426 0.06530690 0.51623470 0.06387730 0.51595356 0.06262286 0.51338255 0.04689644 0.51028974 0.04564226 0.50771878 0.04616891 0.50084884 0.04777415 0.49884022 0.06636014 0.50249541 0.06899332 0.46814628 0.05040733 0.46449110 0.04915315 0.46192014 0.04985532 0.45276041 0.05146057 0.45075180 0.07004656 0.45440698 0.07180203 0.43150737 0.05321604 0.42785219 0.05196187 0.42528111 0.05266404 0.41612138 0.05426930 0.41411260 0.07285529 0.41776778 0.07349867 0.40937500 0.02125378 0.40937500
0 0.36875000 0.96363362 0.61439391 0.99185383 0.61769951 0.96666443 0.61280432 0.96610206 0.61065752 0.96353112 0.61095809 0.96124075 0.60666450 0.95609888 0.60726548 0.95151931 0.61276110 0.94750145 0.62010358 0.94834498 0.62791682 0.88880645 0.62546891 0.88852523 0.62332212 0.88595430 0.62392309 0.88137473 0.61902853 0.88081242 0.61688173 0.87824149 0.61868482 0.86450160 0.62143259 0.86249297 0.63366963 0.86389879 0.63847776 0.82725988 0.63633096 0.82468895 0.63903559 0.80407912 0.63414040 0.80351675 0.63199360 0.80094581 0.62954632 0.80066466 0.62739953 0.79809372 0.62950310 0.78206406 0.63225087 0.78005542 0.64204064 0.78118009 0.65045485 0.71706200 0.64066510 0.71593733 0.63851830 0.71336639 0.64032138 0.69962651 0.64306916 0.69761787 0.65285892 0.69874255 0.66367720 0.61630500 0.66152986 0.61373340 0.63950305 0.61120290 0.63830094 0.62036322 0.63555317 0.62237185 0.62331612 0.62096603 0.62301564 0.62325582 0.61751947 0.62727301 0.60772970 0.62614834 0.60742914 0.62843871 0.60468136 0.63044735 0.59244432 0.62904152 0.59214383 0.63133131 0.58939598 0.63334053 0.57960559 0.63221579 0.57930510 0.63450557 0.57655733 0.63651421 0.56432028 0.63510838 0.56371931 0.63968795 0.56097146 0.64169718 0.53649674 0.63888546 0.53559520 0.64575540 0.53284743 0.64776403 0.52061038 0.64635821 0.51786198 0.64836677 0.51756149 0.65065656 0.51481372 0.65266520 0.50012939 0.65097822 0.49982883 0.65326859 0.49708043 0.65527715 0.48729129 0.65415255 0.48669023 0.65873271 0.48394184 0.66074127 0.47415208 0.65961660 0.47385159 0.66190639 0.47110381 0.66391502 0.45886677 0.66250920 0.45856628 0.66479898 0.45581780 0.66680813 0.44602867 0.66568353 0.44053250 0.66970073 0.43319015 0.66885722 0.43044217 0.67086643 0.43014168 0.67315621 0.42739378 0.67516483 0.41515655 0.67375899 0.40966069 0.67777622 0.38763376 0.67524571 0.38488572 0.67725491 0.38338320 0.68870442 0.38553018 0.69127538 0.38222458 0.71646478 0.37947662 0.71847339 0.36875000 0.71724109 0.36875000 0.74978376 0.37282200 0.75025156 0.37496898 0.75282252 0.37346646 0.76427203 0.37561344 0.76684299 0.37501239 0.77142315 0.37226443 0.77343176 0.36875000 0.77302801 0.36875000 0.96363362
0 0.76486936 1.00000000 0.77600842 0.91511802 0.76621866 0.91399334 0.76407195 0.91142182 0.76767804 0.88394264 0.76553062 0.88137163 0.76733370 0.86763175 0.75509666 0.86622592 0.75080307 0.86108405 0.75170461 0.85421411 0.75445238 0.85220547 0.75934758 0.85276785 0.75720015 0.85019684 0.75780121 0.84561668 0.74311688 0.84392971 0.74097008 0.84135877 0.74397513 0.81845975 0.74672297 0.81645053 0.74917026 0.81673167 0.75157432 0.79841222 0.74942753 0.79584128 0.75093005 0.78439177 0.74878325 0.78182083 0.74144078 0.78097731 0.73929343 0.77840572 0.74199798 0.75779648 0.73985119 0.75522554 0.74135371 0.74377603 0.72911666 0.74237021 0.72696994 0.73979868 0.73057604 0.71231950 0.71833899 0.71091368 0.71619157 0.70834267 0.72130018 0.66941397 0.71151042 0.66828930 0.70936363 0.66571836 0.71176769 0.64739891 0.70197793 0.64627424 0.69768379 0.64113171 0.69918631 0.62968220 0.69673902 0.62940104 0.68385778 0.61397419 0.67406802 0.61284951 0.66294917 0.69757743 0.66509596 0.70014837 0.67243844 0.70099189 0.67458524 0.70356283 0.67278215 0.71730271 0.67003438 0.71931135 0.66024462 0.71818667 0.64131260 0.86245253 0.64620717 0.86301483 0.64835396 0.86558577 0.65324916 0.86614814 0.65539595 0.86871907 0.65389343 0.88016859 0.65604078 0.88274018 0.65329238 0.88474875 0.63860805 0.88306177 0.63049439 0.94488949 0.63538896 0.94545180 0.64182990 0.95316526 0.64002681 0.96690515 0.63727904 0.96891378 0.62748927 0.96778910 0.62418367 0.99297850 0.68530257 1.00000000 0.76486936 1.00000000
