0 0.41134508 0.23856103 0.41819535 0.19009039 0.15051798 0.14307605 0.14558108 0.19443324 0.41134508 0.23856103
0 0.81976299 0.05230609 0.77064804 0.05379702 0.77175566 0.07461365 0.82104155 0.07441572 0.81976299 0.05230609
0 0.70209141 0.14447240 0.70490938 0.17821527 0.74409891 0.17624769 0.74136484 0.15556575 0.72998391 0.15651680 0.72912958 0.15005422 0.71774865 0.15100526 0.71834968 0.14311379 0.70209141 0.14447240
0 0.79491230 0.23734484 0.76564835 0.23979027 0.76684453 0.24883884 0.79610849 0.24639341 0.79491230 0.23734484
0 0.31469570 0.68585469 0.29098957 0.63612268 0.18920475 0.72119339 0.21057718 0.77358141 0.31469570 0.68585469
0 0.14263958 0.46426510 0.13278023 0.43893144 0.09396140 0.46883768 0.10826054 0.49315552 0.14263958 0.46426510
0 0.15963908 0.49485980 0.14603929 0.47428504 0.10855965 0.49997196 0.12233344 0.52252884 0.15963908 0.49485980
0 0.17031055 0.51415145 0.16366929 0.50311049 0.12795828 0.52614466 0.13610592 0.54292408 0.17031055 0.51415145
0 0.82554598 0.98523997 0.82434454 0.97101973 0.76337796 0.97899114 0.76497992 0.99795186 0.84309322 0.98773851 0.83928306 0.98823669 0.83717774 0.98611584 0.82765135 0.98736142 0.82554598 0.98523997
0 0.69002901 1.00000000 0.68707235 0.96500510 0.68496704 0.96288425 0.68156288 0.92259287 0.67945751 0.92047141 0.67665411 0.88729045 0.67474902 0.88753954 0.67264322 0.88541876 0.65359141 0.88790979 0.65148555 0.88578840 0.64958047 0.88603749 0.64747516 0.88391664 0.64557007 0.88416573 0.64346476 0.88204489 0.64155918 0.88229404 0.63945387 0.88017319 0.55371965 0.89138298 0.55161419 0.88926216 0.55141390 0.88689161 0.54930844 0.88477078 0.54890792 0.88003030 0.52414028 0.88326868 0.53400272 1.00000000 0.69002901 1.00000000
0 0.62361746 0.82952551 0.62572278 0.83164636 0.62632352 0.83875678 0.62842889 0.84087824 0.62902959 0.84798805 0.64617632 0.84574611 0.64828163 0.84786696 0.67304967 0.84462852 0.67515503 0.84674998 0.67896520 0.84625180 0.67636203 0.81544078 0.67064678 0.81618805 0.66643561 0.81194581 0.66603509 0.80720533 0.66774043 0.80458623 0.66713973 0.79747642 0.66884453 0.79485678 0.66804355 0.78537642 0.66974840 0.78275739 0.66914766 0.77564697 0.67085251 0.77302794 0.67045199 0.76828745 0.66854691 0.76853654 0.66644159 0.76641570 0.66072585 0.76716303 0.65862054 0.76504218 0.65781956 0.75556182 0.65952441 0.75294279 0.65872343 0.74346243 0.66042828 0.74084340 0.66022799 0.73847286 0.64879700 0.73996747 0.64669169 0.73784662 0.64528996 0.72125583 0.64699481 0.71863680 0.64619383 0.70915644 0.64789868 0.70653741 0.51453430 0.72397487 0.51282933 0.72659392 0.51092412 0.72684302 0.52093635 0.84534723 0.58761867 0.83662849 0.58932352 0.83400946 0.62361746 0.82952551
0 0.97931277 0.59371250 0.98141814 0.59583396 0.98742547 0.66693636 0.98953127 0.66905714 0.99715210 0.66806072 0.99074425 0.59221783 0.97931277 0.59371250
0 0.50958084 0.68867830 0.55535031 0.68269392 0.55745553 0.68481478 0.64509522 0.67335585 0.64489499 0.67098591 0.64659984 0.66836688 0.64619933 0.66362639 0.64790418 0.66100736 0.64750366 0.65626688 0.64920900 0.65364779 0.64880854 0.64890791 0.65051339 0.64628888 0.65011287 0.64154840 0.65181772 0.63892937 0.65141721 0.63418888 0.65312255 0.63156979 0.65272208 0.62682991 0.65442688 0.62421028 0.65402642 0.61947040 0.65573122 0.61685076 0.65533075 0.61211089 0.65703560 0.60949186 0.65663509 0.60475137 0.65833994 0.60213234 0.65793942 0.59739186 0.65964476 0.59477277 0.65924430 0.59003289 0.66094915 0.58741386 0.66054863 0.58267338 0.66225348 0.58005435 0.66185297 0.57531387 0.66355831 0.57269477 0.66315784 0.56795489 0.66486264 0.56533526 0.66446217 0.56059538 0.66616698 0.55797575 0.66576651 0.55323587 0.66747136 0.55061684 0.66707085 0.54587636 0.66877570 0.54325733 0.66837518 0.53851684 0.67008052 0.53589775 0.66988029 0.53352781 0.65654373 0.53527157 0.65443841 0.53315072 0.65323692 0.51892988 0.65494177 0.51631085 0.59016454 0.52478050 0.59076529 0.53189093 0.58906043 0.53450995 0.58946095 0.53925044 0.58775610 0.54186947 0.52488434 0.55008998 0.52508458 0.55245992 0.52337958 0.55507897 0.52398033 0.56218939 0.52227533 0.56480844 0.50958084 0.56646825 0.50958084 0.68867830
0 0.94464187 0.41133679 0.94844654 0.45636866 0.94674169 0.45898769 0.95415074 0.54668088 0.98653912 0.54244608 0.97512515 0.40735109 0.94464187 0.41133679
0 0.50958084 0.45623990 0.54164217 0.45204787 0.54334701 0.44942865 0.54274628 0.44231841 0.54445160 0.43969914 0.60732326 0.43147864 0.60902809 0.42885943 0.62807990 0.42636839 0.62767942 0.42162828 0.62938474 0.41900900 0.62898425 0.41426882 0.63068909 0.41164967 0.63008836 0.40453937 0.50958084 0.42029578 0.50958084 0.45623990
