0 0.29577354 0.82260248 0.29005441 0.70997940 0.28021749 0.71227086 0.28691299 0.82336699 0.29577354 0.82260248
0 0.27251031 0.71216400 0.23946811 0.71385241 0.24625873 0.82035156 0.27808845 0.82182937 0.27251031 0.71216400
0 0.23761717 0.81945387 0.22951802 0.71194790 0.19727399 0.71348741 0.20632896 0.81725817 0.23761717 0.81945387
0 0.19554308 0.81685240 0.18572381 0.71627645 0.15267507 0.71360274 0.16357144 0.81804893 0.19554308 0.81685240
0 0.15354605 0.81689950 0.14294349 0.71488374 0.10802763 0.71754276 0.11791927 0.82321499 0.15354605 0.81689950
0 0.09845875 0.71641907 0.08996635 0.71985560 0.09905208 0.82357080 0.10710069 0.82293035 0.09845875 0.71641907
0 0.25425569 0.62163328 0.24789501 0.62106562 0.25170837 0.67901462 0.26627341 0.67827937 0.26385248 0.62674120 0.25442030 0.62729081 0.25425569 0.62163328
0 0.23888770 0.61954383 0.23949186 0.62646234 0.23100812 0.62635234 0.23360468 0.67850599 0.24937171 0.67718580 0.24518886 0.61998454 0.23888770 0.61954383
0 0.21098558 0.62099832 0.20481548 0.62068374 0.20739721 0.67835729 0.22323933 0.67818157 0.21964163 0.62669504 0.21115421 0.62679380 0.21098558 0.62099832
0 0.20053683 0.62073352 0.19389944 0.62135583 0.19411011 0.62859630 0.18598215 0.62945329 0.19015797 0.68005856 0.20441751 0.67805043 0.20053683 0.62073352
0 0.16681288 0.62330451 0.16048877 0.62340742 0.16415618 0.67918818 0.17887334 0.67793713 0.17561921 0.62881663 0.16696044 0.62837576 0.16681288 0.62330451
0 0.15699953 0.62300644 0.14942278 0.62387772 0.14959954 0.62995254 0.14203714 0.62964035 0.14670625 0.68125931 0.16162636 0.67915724 0.15699953 0.62300644
0 0.13210234 0.62925055 0.12357079 0.63002254 0.12336533 0.62296141 0.11601705 0.62361786 0.11959750 0.68258900 0.13533811 0.68079131 0.13210234 0.62925055
0 0.11314344 0.62351675 0.10678749 0.62452561 0.10696827 0.63073838 0.09934128 0.63082713 0.10222623 0.68445567 0.11639276 0.68233823 0.11314344 0.62351675
0 0.09258239 0.56613008 0.12286839 0.56542459 0.12229380 0.45348996 0.09009199 0.45282825 0.09258239 0.56613008
0 0.13540850 0.56596200 0.16151775 0.56428978 0.15774374 0.45369053 0.13246228 0.45458020 0.13540850 0.56596200
0 0.25406931 0.44943937 0.22068445 0.45241359 0.22255484 0.56345482 0.25661087 0.56104720 0.25406931 0.44943937
0 0.27913694 0.44959738 0.26486739 0.45054512 0.26625661 0.56098942 0.28237437 0.56060162 0.27913694 0.44959738
0 0.26875213 0.28237275 0.27834292 0.28186943 0.27819680 0.16894259 0.27099106 0.16902644 0.26875213 0.28237275
0 0.26095078 0.17099651 0.22747468 0.17088013 0.22666640 0.28206496 0.25885337 0.27980381 0.26095078 0.17099651
0 0.21827077 0.16474768 0.18480544 0.16514235 0.18238621 0.28600212 0.21518891 0.28475792 0.21827077 0.16474768
0 0.17556694 0.16704337 0.14094486 0.16679277 0.14008209 0.28517163 0.17181830 0.28478478 0.17456956 0.19953860 0.17556694 0.16704337
0 0.13165217 0.16585921 0.09994835 0.16754208 0.09534503 0.28327858 0.12797625 0.28411096 0.13165217 0.16585921
0 0.08944459 0.16579700 0.08207834 0.16660645 0.07867627 0.28249761 0.08586575 0.28276880 0.08944459 0.16579700
0 0.24728375 0.38476187 0.24724652 0.37875639 0.25683006 0.37864487 0.25568035 0.32487372 0.22251077 0.32553723 0.22263447 0.38064306 0.23070533 0.37669335 0.23102289 0.38760711 0.24728375 0.38476187
0 0.20346444 0.38617115 0.20338487 0.38113406 0.21061590 0.38093223 0.21168654 0.32570710 0.17795170 0.32840434 0.17834419 0.38448549 0.18605407 0.38023080 0.18629202 0.38840866 0.20346444 0.38617115
0 0.16019854 0.38840839 0.15978962 0.38210509 0.16773618 0.38075663 0.16694636 0.32813013 0.13472104 0.32797636 0.13460808 0.38397907 0.14266953 0.38178961 0.14285858 0.38828694 0.16019854 0.38840839
0 0.11797831 0.38806527 0.11776260 0.38129245 0.12455360 0.38121344 0.12447122 0.32785673 0.09211047 0.32878837 0.09254746 0.38073213 0.10089299 0.38103027 0.10113814 0.38945573 0.11797831 0.38806527
