0 0.49542725 0.16093097 0.47337659 0.15700150 0.47113527 0.18517577 0.49286217 0.18996580 0.49542725 0.16093097
0 0.49271085 0.20384502 0.46944931 0.19907021 0.46336762 0.24866938 0.48643535 0.25418953 0.49271085 0.20384502
0 0.50951128 0.34355042 0.49556443 0.35012911 0.55233651 0.40000871 0.56743934 0.39465956 0.50951128 0.34355042
0 0.10579501 0.44602898 0.15523959 0.49437083 0.25646070 0.45602382 0.20771949 0.40721646 0.10579501 0.44602898
0 0.34510322 0.40876250 0.32081529 0.38578472 0.31530272 0.38824683 0.32234616 0.39469742 0.26973254 0.41355584 0.28705515 0.43073019 0.34510322 0.40876250
0 0.43916859 0.38915648 0.44528496 0.38710571 0.42015959 0.36279222 0.42327300 0.36176806 0.44968891 0.38573510 0.45658198 0.38217623 0.43252231 0.35873019 0.43857703 0.35590821 0.46323405 0.38020501 0.47156933 0.37780282 0.44557009 0.35344854 0.45059340 0.35194507 0.47559086 0.37577765 0.48860699 0.37078942 0.43888084 0.32277123 0.33819395 0.36157815 0.38830382 0.40779300 0.40484624 0.40206317 0.38086208 0.37830980 0.38751688 0.37495971 0.41234012 0.39859757 0.42033052 0.39620569 0.39542769 0.37224405 0.39898583 0.37075095 0.42444222 0.39511141 0.43049754 0.39183609 0.40691299 0.36899079 0.41359644 0.36583534 0.43916859 0.38915648
0 0.85410042 0.25675105 0.89201626 0.26601246 0.89459161 0.23617873 0.85925500 0.22585600 0.85410042 0.25675105
0 0.79401975 0.22007574 0.79527327 0.21022766 0.78816419 0.20849118 0.79547654 0.15104303 0.78718224 0.14901705 0.77241817 0.25541635 0.84566951 0.27500022 0.84873502 0.26051761 0.83925550 0.25820212 0.84030004 0.24999590 0.83319096 0.24825942 0.83444448 0.23841134 0.82496608 0.23609612 0.82601061 0.22788991 0.79401975 0.22007574
0 0.50902977 0.50000000 0.48948987 0.59375647 0.48949757 0.59375783 0.59156981 0.61175592 0.61570768 0.50000000 0.50902977 0.50000000
0 0.44053283 0.50000000 0.41944774 0.56749957 0.39275367 0.71888914 0.39782459 0.71957226 0.47364277 0.72661368 0.53894556 0.52685771 0.54395531 0.50816396 0.49765521 0.50000000 0.44053283 0.50000000
0 0.38679499 0.86566237 0.44339070 0.63866812 0.44343845 0.63839730 0.33966172 0.62407310 0.29919491 0.85357178 0.38679499 0.86566237
0 0.27588276 1.00000000 0.34214526 0.78095177 0.34268221 0.77790656 0.24338363 0.75458898 0.21745737 0.84023020 0.18928565 1.00000000 0.27588276 1.00000000
0 0.96375587 0.84101949 0.94436853 0.75645694 0.92957484 0.75970416 0.92713892 0.74505353 0.92542027 0.74056780 0.81232073 0.76998095 0.83481223 0.87014851 0.96375587 0.84101949
