0 0.74859342 0.40673436 0.75784044 0.40384802 0.85268513 0.36340497 0.85399415 0.34694291 0.85012860 0.33542483 0.85515493 0.33234512 0.85629690 0.31798390 0.84273936 0.28481282 0.83217759 0.28454288 0.82655963 0.26516059 0.81018604 0.26358448 0.76442321 0.28086828 0.76786230 0.28871352 0.72708676 0.31481982 0.73311462 0.32758006 0.72434699 0.33215781 0.72434356 0.33248042 0.74613368 0.40667078 0.74859342 0.40673436
0 0.10546089 0.80320808 0.08755501 0.83277379 0.18147031 0.85601292 0.19187251 0.83235041 0.10546089 0.80320808
0 0.20946742 0.83556102 0.19540596 0.86283582 0.28702889 0.88584247 0.29673273 0.86121767 0.20946742 0.83556102
0 0.11333744 0.78040524 0.10365272 0.80465935 0.19217300 0.82797166 0.19805291 0.80644276 0.11333744 0.78040524
0 0.22062386 0.81134772 0.21331420 0.83262836 0.30238375 0.85885393 0.30536295 0.83547224 0.22062386 0.81134772
0 0.11425984 0.76108986 0.10644217 0.77738150 0.19468042 0.80080294 0.19752113 0.78750483 0.11425984 0.76108986
0 0.21292923 0.78972123 0.20925275 0.80645563 0.30110933 0.82907212 0.30404843 0.81482145 0.21292923 0.78972123
0 0.43292910 0.73779169 0.43313012 0.73642754 0.43562832 0.73518306 0.43603026 0.73245545 0.43852846 0.73121097 0.43893045 0.72848301 0.44142860 0.72723853 0.44162961 0.72587438 0.44412776 0.72462990 0.44452969 0.72190229 0.44702790 0.72065781 0.44883676 0.70838251 0.45133496 0.70713803 0.45592932 0.70737668 0.45842753 0.70613220 0.46531913 0.70649018 0.46552015 0.70512602 0.42646761 0.70309750 0.41440878 0.78493140 0.42130043 0.78528937 0.42753082 0.74300862 0.43002897 0.74176414 0.43043095 0.73903618 0.43292910 0.73779169
0 0.43436416 0.64950980 0.42686955 0.70036989 0.49348848 0.70383031 0.49558516 0.70531346 0.50707106 0.70591008 0.50916716 0.70739320 0.50876517 0.71012116 0.53633169 0.71155306 0.53842778 0.71303619 0.54072484 0.71315550 0.54282148 0.71463900 0.56349621 0.71571292 0.56559231 0.71719605 0.56539134 0.71855985 0.57917490 0.71927582 0.58127099 0.72075894 0.59275689 0.72135556 0.59485299 0.72283868 0.59465197 0.72420283 0.60843552 0.72491880 0.61053162 0.72640192 0.61033065 0.72776573 0.67235545 0.73098752 0.67445150 0.73247099 0.70661272 0.73414155 0.70701471 0.73141359 0.70951274 0.73016911 0.75086280 0.73231697 0.75146576 0.72822521 0.75396379 0.72698072 0.82517743 0.73067981 0.82578038 0.72658804 0.82827841 0.72534356 0.83976431 0.72594018 0.84197510 0.71093727 0.84447313 0.70969278 0.84487512 0.70696482 0.84737373 0.70572037 0.85885963 0.70631698 0.86147237 0.68858640 0.86397042 0.68734181 0.88005103 0.68817709 0.88025201 0.68681318 0.87815534 0.68532996 0.87835631 0.68396608 0.87605925 0.68384676 0.87396317 0.68236354 0.87436513 0.67963575 0.86287923 0.67903913 0.86078256 0.67755591 0.86118452 0.67482809 0.86368315 0.67358356 0.86158648 0.67210034 0.85010058 0.67150372 0.84800450 0.67002050 0.84921037 0.66183714 0.83772447 0.66124052 0.83562839 0.65975733 0.83623133 0.65566564 0.77880065 0.65268249 0.77859967 0.65404638 0.77610163 0.65529095 0.74164334 0.65350107 0.74144236 0.65486498 0.73894432 0.65610953 0.73434960 0.65587087 0.73354568 0.66132644 0.77489575 0.66347431 0.77699183 0.66495750 0.77449379 0.66620209 0.48274815 0.65104780 0.48065195 0.64956457 0.47959771 0.64950980 0.43436416 0.64950980
0 0.53251344 0.64950980 0.60280587 0.65316104 0.60490195 0.65464423 0.64625202 0.65679210 0.64665397 0.65406431 0.63746514 0.65358701 0.63536906 0.65210379 0.63557003 0.65073991 0.63097532 0.65050125 0.62957419 0.64950980 0.53251344 0.64950980
