0 0.36375417 0.39578334 0.36741718 0.40591039 0.37288736 0.39911587 0.37665936 0.40863193 0.38965721 0.39559754 0.38659265 0.38429582 0.39167088 0.37712792 0.38891582 0.36480400 0.36375417 0.39578334
0 0.78771605 0.26930763 0.74236839 0.26430663 0.74125027 0.27544811 0.78476894 0.28142123 0.78771605 0.26930763
0 0.72966602 0.24835887 0.72935228 0.25733185 0.78805249 0.26469043 0.79056974 0.25319545 0.72966602 0.24835887
0 0.73035542 0.23108252 0.73076048 0.24225271 0.79222676 0.24780398 0.79356728 0.24055843 0.73035542 0.23108252
0 0.70501841 0.21162361 0.70603018 0.22267652 0.78772498 0.23427463 0.78696925 0.22258761 0.70501841 0.21162361
0 0.70371514 0.19442709 0.70787139 0.20665047 0.78759770 0.21733722 0.78802757 0.20742031 0.70371514 0.19442709
0 0.75144345 0.10127363 0.75075280 0.11856957 0.82030407 0.12876546 0.81884439 0.11171470 0.75144345 0.10127363
0 0.67516486 0.09213946 0.67598719 0.11115504 0.74630460 0.11938911 0.74692305 0.10189501 0.67516486 0.09213946
0 0.75198226 0.08640386 0.75000531 0.09721478 0.82034462 0.10367224 0.82126458 0.09506856 0.75198226 0.08640386
0 0.67789448 0.07719671 0.67772917 0.08657114 0.74701690 0.09410413 0.74589146 0.08918698 0.67789448 0.07719671
0 0.21787347 0.80631088 0.20780201 0.80507206 0.08273998 0.82451000 0.08608015 0.85564513 0.10949183 0.85647653 0.21944666 0.83518038 0.21787347 0.80631088
0 0.76845809 0.70201241 0.78276189 0.71483904 0.79020225 0.71036653 0.82332937 0.66834472 0.81989766 0.65969515 0.81500632 0.65836183 0.80392753 0.66712975 0.79584421 0.66059255 0.79188980 0.66211489 0.76696546 0.69293798 0.76845809 0.70201241
0 0.68312977 0.83199523 0.69078785 0.82004130 0.68865226 0.79995717 0.68196332 0.79223990 0.67769293 0.79098917 0.64804075 0.82459726 0.64628717 0.84006755 0.66105942 0.85432201 0.66431665 0.85338970 0.68312977 0.83199523
0 0.74623606 0.76460196 0.72239012 0.79147191 0.72185642 0.79618026 0.72924255 0.80330749 0.73234729 0.80372043 0.73862200 0.79841012 0.74620384 0.78712882 0.78701106 0.74408019 0.77867700 0.72863374 0.76609457 0.72286367 0.75733607 0.72784363 0.74046203 0.74881324 0.74008082 0.75217635 0.74676976 0.75989361 0.74623606 0.76460196
