0 0.26391895 0.82894194 0.32962109 0.85388226 0.33263867 0.83815726 0.26585547 0.81461371 0.26391895 0.82894194
0 0.26337305 0.84350323 0.25895752 0.89550806 0.32187891 0.92002177 0.32840088 0.86644274 0.26337305 0.84350323
0 0.31912842 0.95503952 0.32136621 0.93646129 0.25805762 0.90969032 0.25600732 0.93665645 0.31912842 0.95503952
0 0.34774121 0.88087823 0.34487158 0.90449758 0.37908887 0.91802823 0.37980762 0.90760161 0.37643213 0.90661855 0.37833447 0.89133226 0.34774121 0.88087823
0 0.34216064 0.93403387 0.37309521 0.94485242 0.37444287 0.93102661 0.37850293 0.93288468 0.37928809 0.92257097 0.34558203 0.90853226 0.34216064 0.93403387
0 0.37028760 0.96993790 0.37099463 0.96331290 0.34062842 0.95095000 0.33955859 0.96098871 0.37028760 0.96993790
0 0.41663867 0.91142339 0.40951562 0.96656210 0.47598828 0.98363952 0.48334082 0.92966532 0.41663867 0.91142339
0 0.42120020 0.86953710 0.41828125 0.89572823 0.48447510 0.91194677 0.48742334 0.88883548 0.42120020 0.86953710
0 0.65481250 0.93755323 0.65606348 0.92583306 0.58816943 0.91132419 0.58626807 0.92687419 0.65481250 0.93755323
0 0.64727051 1.00000000 0.65195410 0.95365000 0.58616357 0.94331452 0.57943994 0.99542823 0.60349268 1.00000000 0.64727051 1.00000000
0 0.51668848 0.97499839 0.52319971 0.97689516 0.51947900 0.98953468 0.55260107 0.99670000 0.55852783 0.94278468 0.52637939 0.93411774 0.52471533 0.94970565 0.52110937 0.94888548 0.51668848 0.97499839
