0 0.40919980 0.71557156 0.40469782 0.76731870 0.40110732 0.83161164 0.52081998 0.87253340 0.52584916 0.80956489 0.53149951 0.75868989 0.40919980 0.71557156
0 0.37009001 0.82397805 0.38645994 0.82841698 0.39203956 0.74827004 0.37201879 0.74270802 0.36393670 0.79360496 0.37009001 0.82397805
0 0.42172255 0.50028053 0.38574481 0.48982824 0.37193323 0.63585210 0.38853808 0.64105057 0.39168991 0.63237405 0.41171365 0.63978149 0.41981751 0.54684256 0.41704649 0.53518989 0.42172255 0.50028053
0 0.48435905 0.52111069 0.44777695 0.50966794 0.43264936 0.65598855 0.47112067 0.66786737 0.48435905 0.52111069
0 0.52185559 0.52617462 0.51716320 0.52470802 0.51787488 0.51493989 0.51313798 0.51305153 0.51167359 0.53384351 0.54541494 0.54349046 0.54584965 0.53551240 0.53455885 0.53096565 0.53541048 0.51927576 0.52273689 0.51533588 0.52185559 0.52617462
0 0.51608556 0.53815553 0.50914738 0.53627481 0.50792433 0.55245134 0.54289614 0.56496183 0.54481207 0.54627767 0.53991543 0.54648855 0.53919881 0.55217748 0.53182641 0.55046374 0.53236202 0.54311260 0.52196390 0.54068607 0.52146538 0.54817176 0.51569733 0.54717748 0.51608556 0.53815553
0 0.51379031 0.57692939 0.51453264 0.56673378 0.50661078 0.56555534 0.50667211 0.58503626 0.52467062 0.58804580 0.53957221 0.59677290 0.54107616 0.57612882 0.51771810 0.56441985 0.51698318 0.57779485 0.51379031 0.57692939
0 0.53886400 0.60103340 0.50248764 0.59118798 0.49475668 0.67734160 0.53203907 0.68963550 0.53886400 0.60103340
0 0.59157864 0.78616794 0.60259199 0.79175859 0.60613897 0.75609828 0.58753264 0.75105439 0.58801286 0.74385973 0.57107418 0.73777004 0.56826014 0.77078626 0.57185114 0.78371851 0.58268991 0.78540840 0.58649901 0.78280153 0.59157864 0.78616794
0 0.60974530 0.73676718 0.58984174 0.73019752 0.59037141 0.71914218 0.57464738 0.71659637 0.57372255 0.73148092 0.60797577 0.74632252 0.60974530 0.73676718
0 0.59896044 0.71318798 0.60144510 0.71386164 0.60496439 0.72213740 0.60458210 0.72834160 0.61016320 0.72985496 0.61153808 0.70980248 0.59156874 0.70509256 0.59180564 0.69641794 0.57891048 0.69378149 0.57451236 0.71205057 0.58312265 0.71314122 0.58804303 0.71382824 0.59084817 0.71581011 0.59222799 0.71958874 0.59840059 0.72087214 0.59896044 0.71318798
0 0.59460336 0.68316794 0.59530465 0.67354294 0.59150247 0.67251240 0.58944214 0.67486355 0.57755391 0.67485782 0.57654402 0.68427672 0.57903759 0.69064599 0.59200742 0.69402863 0.59573640 0.69055248 0.61232295 0.70181393 0.61436004 0.68851622 0.59460336 0.68316794
0 0.60832987 0.68035401 0.61576805 0.68164027 0.61657962 0.66450382 0.59746489 0.65890267 0.59619733 0.65378149 0.58025025 0.64882634 0.57847082 0.66817557 0.59675618 0.67133492 0.59611325 0.67845897 0.60308803 0.68081679 0.60373788 0.66944370 0.60875223 0.67080344 0.60832987 0.68035401
0 0.58381701 0.62741889 0.58228932 0.64396469 0.59591889 0.64810401 0.59942483 0.64488740 0.61690900 0.65057347 0.61763403 0.64449332 0.60038032 0.63890840 0.59854253 0.63147805 0.58381701 0.62741889
0 0.58317804 0.62090172 0.61846489 0.63305344 0.61887141 0.62457252 0.60077745 0.61911927 0.60146439 0.60899237 0.58503907 0.60451527 0.58317804 0.62090172
0 0.61670277 0.61694847 0.62018447 0.61789218 0.62128140 0.59903531 0.60447873 0.59121660 0.60337043 0.58490553 0.58760435 0.58154580 0.58517606 0.59749523 0.60393966 0.60032443 0.60387191 0.60942557 0.61162018 0.61073282 0.61217013 0.60448664 0.61819585 0.60646565 0.61670277 0.61694847
0 0.62340900 0.58847996 0.62394065 0.57875859 0.60417260 0.57317939 0.60535509 0.56365172 0.58911029 0.56087023 0.58883581 0.57901050 0.62340900 0.58847996
0 0.62479426 0.56766031 0.62657319 0.54778817 0.59108111 0.53687882 0.59065331 0.55532920 0.60674036 0.56052290 0.60878981 0.54838454 0.61161523 0.55006966 0.61288229 0.55573187 0.61193225 0.56904198 0.61508803 0.56548855 0.62479426 0.56766031
