0 0.53992532 0.23311355 0.53359001 0.18208588 0.52387438 0.12019752 0.40539169 0.17277672 0.41351434 0.23453053 0.41861573 0.28562118 0.53992532 0.23311355
0 0.55397230 0.10384065 0.53800495 0.11209542 0.54909941 0.19007729 0.56865529 0.18010496 0.56578734 0.12716031 0.55397230 0.10384065
0 0.57199802 0.44073092 0.60723195 0.42322901 0.59037389 0.27840076 0.57403610 0.28613454 0.57289219 0.29649618 0.55295994 0.30477385 0.56432196 0.39643416 0.56923244 0.40507061 0.57199802 0.44073092
0 0.51012216 0.46877672 0.54611375 0.45173092 0.53040653 0.30563836 0.49258803 0.32370611 0.51012216 0.46877672
0 0.47458111 0.49238263 0.47919733 0.49019561 0.48052077 0.49972328 0.48526360 0.49789027 0.48240059 0.47764790 0.44938773 0.49420420 0.45060336 0.50187500 0.46191741 0.49754866 0.46350099 0.50895134 0.47596489 0.50302385 0.47458111 0.49238263
0 0.47746588 0.47700382 0.48423393 0.47350477 0.48208358 0.45769179 0.44735806 0.47254008 0.44937834 0.49118416 0.45384322 0.48729771 0.45335064 0.48152195 0.46048417 0.47754103 0.46147972 0.48471088 0.47154253 0.47910592 0.47048566 0.47183969 0.47599604 0.46840649 0.47746588 0.47700382
0 0.47172700 0.43958206 0.47310781 0.44952672 0.48063897 0.44463931 0.47663749 0.42675382 0.45945994 0.43755153 0.44397527 0.44075191 0.44677201 0.46088931 0.47064441 0.45405821 0.46861227 0.44119275 0.47172700 0.43958206
0 0.44376508 0.43629676 0.47924332 0.41793607 0.46891197 0.33280439 0.43210336 0.34959256 0.44376508 0.43629676
0 0.35774777 0.30561927 0.34647824 0.30877576 0.35043472 0.34427576 0.36858309 0.33489122 0.36959792 0.34187595 0.38642384 0.33471183 0.38232740 0.30219943 0.37640307 0.29300191 0.36608358 0.29961832 0.36310534 0.30488836 0.35774777 0.30561927
0 0.35102967 0.36478912 0.37068200 0.35583111 0.37243274 0.36640744 0.38742285 0.35689695 0.38525964 0.34249809 0.35072354 0.35465935 0.35102967 0.36478912
0 0.36573244 0.37836260 0.36330910 0.37961546 0.35839367 0.37465076 0.35748863 0.36865172 0.35204500 0.37146565 0.35484026 0.39096088 0.37417606 0.38024237 0.37571464 0.38840553 0.38811869 0.38111164 0.38846736 0.36097996 0.38032047 0.36646660 0.37565282 0.36954294 0.37266864 0.36983397 0.37063353 0.36739599 0.36469189 0.37086737 0.36573244 0.37836260
0 0.37582245 0.40271279 0.37712661 0.41210019 0.38083531 0.41018321 0.38225569 0.40646565 0.39319980 0.39750763 0.39222206 0.38807729 0.38863699 0.38409351 0.37601335 0.39075763 0.37328437 0.39676813 0.35573541 0.39890649 0.35655341 0.41268225 0.37582245 0.40271279
0 0.36375767 0.41564981 0.35664985 0.42007347 0.35937339 0.43645897 0.37810237 0.42720515 0.38030663 0.43096374 0.39598961 0.42350286 0.39370920 0.40435019 0.37623739 0.41522710 0.37538675 0.40818511 0.36848863 0.41127290 0.37019387 0.42223092 0.36530267 0.42475954 0.36375767 0.41564981
0 0.39704154 0.44589695 0.39509743 0.42951527 0.38171316 0.43597996 0.37913699 0.44158397 0.36189120 0.44953149 0.36245500 0.45567462 0.37946835 0.44780821 0.38266469 0.45326240 0.39704154 0.44589695
0 0.39895005 0.45141508 0.36400692 0.46683111 0.36535015 0.47494466 0.38311078 0.46632347 0.38452918 0.47616317 0.40055490 0.46790172 0.39895005 0.45141508
0 0.36889070 0.48032824 0.36549505 0.48208302 0.36830366 0.50026813 0.38535410 0.49479866 0.38765282 0.49977290 0.40284520 0.49097901 0.40185064 0.47446660 0.38400593 0.48600763 0.38222502 0.47757920 0.37482839 0.48221756 0.37558655 0.48838073 0.36963897 0.49110210 0.36889070 0.48032824
0 0.36848269 0.51158874 0.36996241 0.52093798 0.38928833 0.51117176 0.39012957 0.52083302 0.40564639 0.51114599 0.40222552 0.49424141 0.36848269 0.51158874
0 0.37142433 0.53179771 0.37381108 0.55143034 0.40869090 0.53471660 0.40534817 0.51740935 0.38948813 0.52475668 0.39005984 0.53747519 0.38711771 0.53805439 0.38480465 0.53379771 0.38298368 0.52082824 0.38079822 0.52647901 0.37142433 0.53179771
