0 0.76118007 0.82642572 0.76140810 0.71528930 0.75144454 0.71311305 0.75228104 0.82576453 0.76118007 0.82642572
0 0.76990919 0.82478597 0.80163139 0.82293842 0.80222190 0.71639632 0.76910385 0.71509283 0.76990919 0.82478597
0 0.84135418 0.81938160 0.84436623 0.71554064 0.81205446 0.71437671 0.81021488 0.82194051 0.84135418 0.81938160
0 0.88412876 0.81967474 0.88894166 0.71513714 0.85607084 0.71819438 0.85210915 0.81885050 0.88412876 0.81967474
0 0.93005056 0.82430801 0.93378808 0.71855649 0.89874117 0.71630452 0.89408050 0.81840908 0.93005056 0.82430801
0 0.94084525 0.82389763 0.94892567 0.82444424 0.95197169 0.72065845 0.94328512 0.71732187 0.94084525 0.82389763
0 0.77336531 0.68114712 0.78796326 0.68171270 0.78840289 0.62373896 0.78207955 0.62438041 0.78224416 0.63003794 0.77278639 0.62959824 0.77336531 0.68114712
0 0.80602511 0.68099366 0.80558590 0.62882746 0.79711431 0.62903610 0.79731557 0.62211291 0.79104432 0.62262676 0.79019194 0.67985732 0.80602511 0.68099366
0 0.81636456 0.68054878 0.83220618 0.68054016 0.83143105 0.62285610 0.82528342 0.62324235 0.82545206 0.62903783 0.81696463 0.62903783 0.81636456 0.68054878
0 0.85076179 0.63140361 0.84258947 0.63064145 0.84237880 0.62340099 0.83570969 0.62285610 0.83516601 0.68019874 0.84953272 0.68204033 0.85076179 0.63140361
0 0.86068630 0.67978835 0.87546628 0.68086778 0.87588619 0.62506324 0.86956038 0.62503393 0.86970794 0.63010519 0.86108068 0.63064663 0.86068630 0.67978835
0 0.89468794 0.63107944 0.88714881 0.63147948 0.88697206 0.62540466 0.87934975 0.62462181 0.87799258 0.68080743 0.89302489 0.68273523 0.89468794 0.63107944
0 0.92034006 0.62475631 0.91295856 0.62418556 0.91316402 0.63124669 0.90459333 0.63057421 0.90435810 0.68213516 0.92019263 0.68374914 0.92034006 0.62475631
0 0.93742393 0.63176917 0.92979694 0.63176917 0.92961617 0.62555640 0.92320584 0.62462181 0.92338062 0.68346118 0.93766074 0.68541312 0.93742393 0.63176917
0 0.93631199 0.45372295 0.90417047 0.45475901 0.91010799 0.56666244 0.94041453 0.56701540 0.93631199 0.45372295
0 0.89407229 0.45596716 0.86875620 0.45537187 0.87141878 0.56597758 0.89760764 0.56734553 0.89407229 0.45596716
0 0.77620140 0.56384224 0.81037443 0.56585290 0.80578381 0.45482750 0.77224853 0.45224261 0.77620140 0.56384224
0 0.75042942 0.56369649 0.76655882 0.56389668 0.76152207 0.45347359 0.74720705 0.45269216 0.75042942 0.56369649
0 0.73902538 0.17212143 0.73181964 0.17212143 0.73824307 0.28501175 0.74785665 0.28540334 0.73902538 0.17212143
0 0.75759926 0.28272012 0.78989599 0.28460610 0.78262014 0.17346831 0.74917347 0.17397405 0.75759926 0.28272012
0 0.80152237 0.28716464 0.83437524 0.28802686 0.82492671 0.16723613 0.79146107 0.16723087 0.80152237 0.28716464
0 0.86885361 0.16837580 0.83426954 0.16902905 0.83715664 0.20150167 0.84486518 0.28668700 0.87660241 0.28670456 0.86885361 0.16837580
0 0.88863835 0.28550344 0.92119906 0.28429177 0.90986596 0.16864799 0.87808570 0.16733447 0.88863835 0.28550344
0 0.93064227 0.28367189 0.93781110 0.28331717 0.92766944 0.16750481 0.92026109 0.16678132 0.93064227 0.28367189
0 0.79168229 0.39016321 0.79136473 0.37924944 0.79965990 0.38310394 0.79657777 0.32801532 0.76339204 0.32773787 0.76537122 0.38150419 0.77495476 0.38150419 0.77526692 0.38750808 0.79168229 0.39016321
0 0.83642951 0.39044417 0.83619156 0.38226631 0.84414373 0.38642988 0.84127347 0.33036314 0.80740455 0.32805922 0.81168716 0.38325320 0.81892503 0.38337086 0.81913856 0.38840717 0.83642951 0.39044417
0 0.87982647 0.38981727 0.87963742 0.38331994 0.88782078 0.38541488 0.88444997 0.32943244 0.85225541 0.32996101 0.85452764 0.38257889 0.86254727 0.38383445 0.86250531 0.39014038 0.87982647 0.38981727
0 0.92158666 0.39050037 0.92134150 0.38207490 0.92966403 0.38167980 0.92707893 0.32974853 0.89468589 0.32919362 0.89770756 0.38253323 0.90449856 0.38253323 0.90467700 0.38930626 0.92158666 0.39050037
