0 0.85546321 0.09933181 0.85359359 0.10122936 0.85439417 0.10445600 0.85706426 0.10578468 0.86160455 0.10521574 0.86427474 0.10654483 0.86654460 0.10626039 0.86921469 0.10758907 0.87375498 0.10702013 0.87642507 0.10834881 0.88096536 0.10777987 0.88363545 0.10910854 0.88590531 0.10882411 0.88857540 0.11015279 0.89311569 0.10958384 0.89578588 0.11091294 0.90032617 0.11034399 0.90299626 0.11167267 0.90526611 0.11138824 0.90793621 0.11271691 0.91247650 0.11214797 0.91514669 0.11347706 0.91968698 0.11290812 0.92235707 0.11423680 0.92689678 0.11366793 0.92956687 0.11499661 0.93183731 0.11471210 0.93450740 0.11604078 0.93904769 0.11547183 0.94091731 0.11357428 0.94051707 0.11196117 0.94238669 0.11006362 0.94198635 0.10845009 0.94385597 0.10655254 0.94345573 0.10493942 0.94532524 0.10304146 0.94492501 0.10142834 0.94679521 0.09953072 0.94639497 0.09791761 0.94826459 0.09602005 0.94786425 0.09440653 0.94519416 0.09307785 0.94065387 0.09364679 0.93798378 0.09231811 0.93344407 0.09288698 0.93077329 0.09155796 0.92623359 0.09212683 0.92356291 0.09079823 0.92129306 0.09108266 0.91862297 0.08975398 0.91408326 0.09032285 0.91141259 0.08899425 0.90687288 0.08956312 0.90420221 0.08823451 0.89966250 0.08880338 0.89699230 0.08747429 0.89245201 0.08804324 0.88978192 0.08671456 0.88524163 0.08728350 0.88257154 0.08595482 0.87803183 0.08652370 0.87536164 0.08519460 0.87309120 0.08547911 0.87042111 0.08415043 0.86588082 0.08471938 0.86321073 0.08339070 0.85867102 0.08395957 0.85680140 0.08585712 0.85760198 0.08908376 0.85573178 0.09098138 0.85653236 0.09420803 0.85466274 0.09610558 0.85546321 0.09933181
0 0.47759609 0.03856310 0.47839662 0.04178953 0.47652703 0.04368721 0.47732754 0.04691360 0.47545796 0.04881128 0.47625848 0.05203771 0.47438888 0.05393535 0.47518942 0.05716183 0.47331924 0.05905953 0.47558967 0.05877502 0.47825979 0.06010379 0.48279949 0.05953491 0.48546961 0.06086372 0.49000991 0.06029477 0.49268003 0.06162358 0.49722032 0.06105463 0.49989043 0.06238339 0.50443014 0.06181452 0.50710083 0.06314321 0.51164054 0.06257434 0.51431119 0.06390286 0.51885090 0.06333399 0.52152109 0.06466308 0.52606138 0.06409414 0.52873147 0.06542282 0.53100133 0.06513838 0.53367200 0.06646699 0.53821171 0.06589812 0.54088190 0.06722721 0.54542219 0.06665827 0.54809229 0.06798695 0.55263257 0.06741800 0.55530267 0.06874668 0.55984238 0.06817781 0.56251246 0.06950649 0.56705276 0.06893754 0.56972285 0.07026622 0.57426314 0.06969728 0.57693333 0.07102637 0.58147304 0.07045750 0.58414371 0.07178611 0.58641357 0.07150167 0.58908366 0.07283035 0.59362395 0.07226141 0.59629414 0.07359050 0.60083385 0.07302163 0.60350452 0.07435024 0.60804423 0.07378136 0.61071490 0.07510997 0.61525461 0.07454110 0.61792470 0.07586978 0.62246499 0.07530083 0.62513508 0.07662951 0.62740494 0.07634508 0.63007571 0.07767410 0.63461542 0.07710523 0.63728551 0.07843391 0.63955537 0.07814947 0.64222604 0.07947808 0.64449589 0.07919364 0.64716609 0.08052273 0.65170638 0.07995379 0.65437647 0.08128247 0.65664632 0.08099803 0.65931641 0.08232671 0.66385670 0.08175777 0.66652680 0.08308645 0.66879723 0.08280194 0.67146732 0.08413062 0.67600703 0.08356175 0.67867722 0.08489084 0.68094766 0.08460633 0.68361775 0.08593501 0.68815804 0.08536606 0.69082813 0.08669474 0.69309799 0.08641031 0.69576818 0.08773940 0.70030847 0.08717046 0.70297856 0.08849914 0.70751885 0.08793019 0.71018894 0.08925887 0.71472865 0.08869000 0.71659827 0.08679245 0.71886870 0.08650794 0.72153879 0.08783662 0.72607909 0.08726768 0.72874918 0.08859635 0.73328888 0.08802748 0.73595898 0.08935616 0.73822941 0.08907165 0.74089961 0.09040075 0.74543990 0.08983180 0.74810998 0.09116048 0.75264970 0.09059161 0.75531979 0.09192029 0.75759022 0.09163578 0.76026042 0.09296487 0.76480070 0.09239593 0.76747080 0.09372461 0.77201050 0.09315574 0.77468060 0.09448442 0.77695103 0.09419991 0.77962112 0.09552859 0.78416141 0.09495964 0.78683150 0.09628832 0.79137121 0.09571945 0.79404141 0.09704854 0.79631184 0.09676404 0.79898193 0.09809272 0.80352222 0.09752377 0.80619231 0.09885245 0.81073202 0.09828358 0.81340222 0.09961267 0.81567265 0.09932816 0.81834274 0.10065684 0.82288303 0.10008790 0.82555312 0.10141658 0.83009283 0.10084770 0.83276292 0.10217638 0.83730321 0.10160744 0.83997330 0.10293612 0.84224374 0.10265161 0.84491393 0.10398070 0.84678345 0.10208274 0.84598298 0.09885651 0.84785259 0.09695896 0.84665178 0.09211920 0.84852140 0.09022165 0.84732059 0.08538189 0.84278088 0.08595076 0.84011079 0.08462208 0.83784093 0.08490652 0.83517026 0.08357791 0.83063055 0.08414678 0.82795978 0.08281776 0.82568992 0.08310220 0.82301983 0.08177352 0.81848012 0.08234239 0.81580945 0.08101379 0.81353960 0.08129822 0.81086940 0.07996913 0.80632911 0.08053807 0.80365902 0.07920939 0.79911931 0.07977827 0.79644864 0.07844966 0.79417879 0.07873410 0.79150870 0.07740542 0.78696841 0.07797436 0.78429831 0.07664568 0.78202846 0.07693012 0.77935827 0.07560102 0.77895803 0.07398791 0.77628736 0.07265930 0.77401750 0.07294374 0.77134731 0.07161464 0.76907687 0.07189915 0.76640678 0.07057047 0.76413693 0.07085491 0.76146684 0.06952623 0.75919698 0.06981067 0.75652631 0.06848206 0.75425646 0.06876650 0.75158637 0.06743782 0.74931593 0.06772232 0.74664574 0.06639323 0.74437588 0.06667767 0.74170579 0.06534899 0.73943594 0.06563342 0.73676526 0.06430482 0.73449541 0.06458925 0.73182522 0.06326016 0.72955478 0.06354467 0.72688469 0.06221599 0.72461484 0.06250043 0.72194474 0.06117175 0.71740445 0.06174069 0.71473436 0.06041201 0.71019407 0.06098096 0.70752398 0.05965228 0.70298427 0.06022115 0.70031408 0.05889206 0.69577379 0.05946100 0.69310370 0.05813232 0.68856341 0.05870126 0.68589332 0.05737259 0.68362346 0.05765702 0.68095327 0.05632793 0.67641298 0.05689687 0.67374289 0.05556819 0.66920260 0.05613714 0.66653251 0.05480846 0.66426265 0.05509289 0.66159256 0.05376421 0.65705227 0.05433316 0.65438218 0.05300448 0.65211174 0.05328899 0.64944155 0.05195990 0.64490184 0.05252877 0.64223175 0.05120009 0.63769146 0.05176903 0.63502137 0.05044035 0.63275094 0.05072486 0.63008074 0.04939577 0.62554103 0.04996464 0.62287096 0.04863604 0.61833067 0.04920499 0.61566056 0.04787622 0.61339013 0.04816073 0.61072001 0.04683197 0.60845016 0.04711641 0.60578004 0.04578761 0.60457926 0.04094797 0.60644884 0.03905029 0.60377872 0.03772149 0.59923843 0.03829044 0.59656832 0.03696167 0.59202803 0.03753062 0.58935792 0.03620186 0.58708806 0.03648629 0.58441794 0.03515749 0.58401768 0.03354425 0.58134756 0.03221549 0.57680727 0.03278443 0.57413716 0.03145567 0.57186673 0.03174018 0.56919660 0.03041138 0.56692675 0.03069581 0.56505716 0.03259349 0.56585768 0.03581988 0.56211792 0.03961530 0.55757821 0.04018417 0.55490751 0.03885545 0.55263765 0.03913988 0.54996753 0.03781108 0.54769768 0.03809551 0.54502757 0.03676675 0.54275713 0.03705126 0.54008702 0.03572250 0.53781717 0.03600693 0.53514646 0.03467820 0.53060675 0.03524707 0.52793663 0.03391827 0.52566678 0.03420271 0.52299608 0.03287402 0.52072623 0.03315845 0.51805612 0.03182969 0.51578568 0.03211420 0.51044544 0.02945659 0.50817559 0.02974103 0.50283478 0.02708358 0.50243451 0.02547034 0.50016466 0.02575477 0.49749454 0.02442599 0.49295425 0.02499494 0.49028414 0.02366615 0.48120414 0.02480397 0.48160440 0.02641719 0.47973481 0.02831484 0.48053533 0.03154128 0.47866515 0.03343898 0.47946569 0.03666546 0.47759609 0.03856310
0 0.40991536 0.05154738 0.41069706 0.05193637 0.41523700 0.05136747 0.41790729 0.05269621 0.42244729 0.05212730 0.42511752 0.05345605 0.42965769 0.05288712 0.43232781 0.05421592 0.43459767 0.05393148 0.43726837 0.05526022 0.43953823 0.05497578 0.43873769 0.05174930 0.44060729 0.04985167 0.43980676 0.04662523 0.44167635 0.04472756 0.44087584 0.04150116 0.44274542 0.03960349 0.44194490 0.03637705 0.44381508 0.03447934 0.44301455 0.03125289 0.44488414 0.02935523 0.40991536 0.03373717 0.40991536 0.05154738
0 0.19557111 1.00000000 0.19472651 0.99321500 0.18211126 0.99636587 0.18025643 0.99452616 0.15834068 1.00000000 0.19557111 1.00000000
0 0.10301509 1.00000000 0.13916521 0.99097089 0.14102046 0.99281049 0.18675062 0.98138860 0.18313597 0.95235081 0.13740581 0.96377271 0.13555057 0.96193310 0.13471640 0.95523189 0.11263992 0.96074587 0.11078501 0.95890559 0.10995091 0.95220496 0.08472043 0.95850671 0.08611066 0.96967500 0.08796550 0.97151471 0.09151137 1.00000000 0.10301509 1.00000000
0 0.08338181 1.00000000 0.07730060 0.95114740 0.03157024 0.96256934 0.03622963 1.00000000 0.08338181 1.00000000
0 0.15067612 0.90057642 0.15438587 0.90425641 0.15494193 0.90872349 0.17386520 0.90399708 0.17572004 0.90583679 0.17627618 0.91030445 0.18889142 0.90715358 0.19074626 0.90899329 0.19705388 0.90741785 0.19835266 0.90479047 0.18945502 0.83331249 0.17683978 0.83646337 0.17498494 0.83462366 0.17470684 0.83238954 0.16682241 0.83435881 0.16496757 0.83251910 0.16441151 0.82805201 0.14548824 0.83277843 0.14363340 0.83093872 0.14279923 0.82423751 0.13964562 0.82502518 0.13834685 0.82765256 0.12100078 0.83198504 0.12378133 0.85432219 0.12563617 0.85616190 0.13175325 0.90530273 0.15067612 0.90057642
0 0.06125721 0.91369779 0.10856457 0.90188196 0.11041941 0.90372167 0.12461146 0.90017696 0.12591023 0.89754958 0.12452000 0.88638129 0.12266516 0.88454158 0.11543580 0.82646543 0.05235957 0.84221980 0.05050466 0.84038012 0.04772418 0.81804353 0.02564746 0.82355757 0.03593533 0.90620385 0.05643512 0.90108367 0.05829008 0.90292335 0.05884622 0.90739101 0.06070114 0.90923070 0.06125721 0.91369779
0 0.01034306 0.81816698 0.02174320 0.90974857 0.02962771 0.90777928 0.02434472 0.86533909 0.02564362 0.86271168 0.01980449 0.81580383 0.01034306 0.81816698
0 0.14242966 0.80820773 0.16135293 0.80348131 0.16320777 0.80532102 0.16376390 0.80978868 0.18426357 0.80466854 0.18611841 0.80650825 0.18695258 0.81320945 0.20745225 0.80808931 0.20467171 0.78575215 0.20281687 0.78391244 0.20253884 0.78167890 0.16153950 0.79191919 0.15968466 0.79007948 0.15857238 0.78114416 0.13964911 0.78587057 0.13779427 0.78403086 0.13723821 0.77956377 0.11516173 0.78507775 0.11766417 0.80518079 0.13185622 0.80163608 0.13371106 0.80347579 0.14001868 0.80190036 0.14187352 0.80374007 0.14242966 0.80820773
0 0.00000000 0.61752197 0.01869614 0.76771497 0.03919593 0.76259480 0.04105096 0.76443505 0.04188506 0.77113568 0.06080800 0.76640935 0.06266284 0.76824906 0.06349701 0.77495026 0.08557349 0.76943628 0.08742880 0.77127646 0.08826290 0.77797709 0.10876257 0.77285695 0.08345998 0.56959187 0.07557556 0.57156113 0.07427638 0.57418862 0.06166114 0.57733949 0.05980630 0.57549978 0.05897213 0.56879858 0.02585721 0.57706960 0.02455844 0.57969697 0.01982763 0.58087858 0.01797271 0.57903889 0.01713854 0.57233768 0.00000000 0.57661833 0.00000000 0.61752197
0 0.00000000 0.73507735 0.00366983 0.76455849 0.01313127 0.76219534 0.00000000 0.65670699 0.00000000 0.73507735
