0 0.00000000 0.07832412 0.13957924 0.08231262 0.13687707 0.05718460 0.04049211 0.05560822 0.04030312 0.06123805 0.01740611 0.06072081 0.01700278 0.05834163 0.00179351 0.05727050 0.00156310 0.06603920 0.00000000 0.06598461 0.00000000 0.07832412
0 0.00000000 0.09516540 0.13415303 0.09934303 0.13467032 0.09271097 0.00000000 0.08900399 0.00000000 0.09516540
0 0.28206378 0.26213376 0.28144800 0.27640087 0.36386408 0.28116425 0.36374292 0.26683419 0.28206378 0.26213376
0 0.33010548 0.24839290 0.36077653 0.24880342 0.36074585 0.23611869 0.32889650 0.23501227 0.33010548 0.24839290
0 0.27427173 0.28581667 0.25959294 0.29474708 0.32185051 0.32851666 0.33626412 0.31978798 0.27427173 0.28581667
0 0.28206334 0.35108237 0.29850549 0.34177893 0.24254790 0.30392700 0.22498321 0.31281520 0.28206334 0.35108237
0 0.20335329 0.26492864 0.19257812 0.27110096 0.18771454 0.26834026 0.17139184 0.27922370 0.21587030 0.30558286 0.24319016 0.28912563 0.20335329 0.26492864
0 0.14000837 0.24168656 0.13740307 0.23970021 0.14024873 0.23781840 0.13641543 0.23606084 0.14335383 0.23123825 0.10788040 0.20769457 0.07989059 0.22354417 0.12518839 0.25049033 0.14000837 0.24168656
0 0.10200932 0.19801676 0.11862639 0.18884591 0.05973265 0.15135613 0.04586171 0.16027102 0.10200932 0.19801676
0 0.13432412 0.18650411 0.15602449 0.18587211 0.15334963 0.13731381 0.13048862 0.13739051 0.13432412 0.18650411
0 0.22907982 0.16931258 0.22416008 0.17126031 0.21192543 0.16516826 0.20389861 0.16901485 0.19722077 0.16475952 0.18225383 0.17302091 0.18725190 0.17699709 0.18007636 0.18291664 0.18364290 0.18488839 0.18557076 0.18386974 0.19175248 0.18822796 0.19455802 0.18670471 0.20173146 0.19191417 0.20743002 0.18867617 0.22607605 0.19763944 0.26436363 0.21953644 0.26450697 0.22186753 0.27233252 0.22510490 0.27031661 0.22655995 0.27791179 0.23151575 0.27380348 0.23394829 0.28145655 0.23851902 0.27715003 0.24066030 0.28655779 0.24842351 0.29773302 0.24336644 0.30459534 0.24823105 0.32026217 0.23983830 0.31315820 0.23662916 0.32037515 0.23195806 0.31465247 0.22869385 0.31750547 0.22590609 0.31167299 0.22246285 0.31539482 0.21959170 0.30876856 0.21551027 0.31128678 0.21272091 0.29853473 0.20284656 0.29907001 0.20163013 0.26794258 0.18174391 0.25293152 0.17585970 0.23941052 0.17106061 0.23628701 0.17352953 0.22907982 0.16931258
0 0.02061779 0.17401368 0.00331831 0.18419508 0.06675289 0.21891498 0.08203977 0.20924621 0.02061779 0.17401368
0 0.75357576 0.00000000 0.76426740 0.11416782 0.77670117 0.11431278 0.79159898 0.11324768 0.79244306 0.08907648 0.78254175 0.00000000 0.75357576 0.00000000
0 0.75809896 0.00000000 0.79152285 0.17340667 0.79574684 0.17355418 0.79953125 0.06518273 0.78874238 0.00000000 0.75809896 0.00000000
0 0.79012129 0.21604936 0.77532655 0.00552822 0.75215458 0.00727529 0.75716038 0.22380064 0.78777922 0.22486987 0.78946303 0.22473637 0.79012129 0.21604936
0 0.79053954 0.06080376 0.75760374 0.06434397 0.75766684 0.06705877 0.79534760 0.28214077 0.80046789 0.28214134 0.80763980 0.28069857 0.81055140 0.19732126 0.79294120 0.06088763 0.79053954 0.06080376
0 0.78758047 0.11728959 0.75544382 0.11885336 0.75501172 0.13122707 0.76459770 0.33819238 0.78877671 0.33903673 0.79067538 0.11757902 0.78758047 0.11728959
0 0.89666355 0.28282550 0.89750031 0.27439957 0.89748248 0.25718064 0.67811910 0.27365845 0.67768912 0.28597125 0.67891295 0.30236770 0.68569632 0.30260458 0.89666355 0.28282550
0 0.67885323 0.32932892 0.68396577 0.35726498 0.72223463 0.35860136 0.90355730 0.35458011 0.90395543 0.34317924 0.90233204 0.33110586 0.67885323 0.32932892
0 0.68439099 0.38251708 0.68924032 0.41217001 0.72015117 0.41324944 0.90709898 0.40977014 0.90309754 0.38243103 0.68439099 0.38251708
0 0.81479368 0.41875000 0.80445741 0.33489395 0.79969781 0.33472775 0.77997020 0.33817417 0.78630365 0.41875000 0.81479368 0.41875000
0 0.73184667 0.59341177 0.73148455 0.60475725 0.72933832 0.60694758 0.72519019 0.60678909 0.72497292 0.61359661 0.73741677 0.61407205 0.73941815 0.61642027 0.73905604 0.62776575 0.75149989 0.62824119 0.75350127 0.63058941 0.75292188 0.64874241 0.75077565 0.65093273 0.74455372 0.65069501 0.74448130 0.65296399 0.74648268 0.65531220 0.74626541 0.66211972 0.74411919 0.66430946 0.73997106 0.66415097 0.73796968 0.66180276 0.73753515 0.67541722 0.73538893 0.67760696 0.72916701 0.67736924 0.72909457 0.67963880 0.73109648 0.68198704 0.73080679 0.69106353 0.72866004 0.69325326 0.72243812 0.69301553 0.72207599 0.70436159 0.71992977 0.70655134 0.69504260 0.70560046 0.69304121 0.70325225 0.67022784 0.70238061 0.66808162 0.70457035 0.67008300 0.70691857 0.66986573 0.71372609 0.66771951 0.71591583 0.66357191 0.71575736 0.66320980 0.72710284 0.66106305 0.72929257 0.65276733 0.72897561 0.65240520 0.74032167 0.65025898 0.74251141 0.64403706 0.74227369 0.64389222 0.74681165 0.64589411 0.74916046 0.64574927 0.75369842 0.64360251 0.75588873 0.63945491 0.75573026 0.63909280 0.76707574 0.63694605 0.76926546 0.63072465 0.76902776 0.63036254 0.78037323 0.62821633 0.78256298 0.62406820 0.78240449 0.62385092 0.78921201 0.62170469 0.79140233 0.63414801 0.79187776 0.63614939 0.79422598 0.63585970 0.80330247 0.63786161 0.80565071 0.65030493 0.80612614 0.65230631 0.80847435 0.65194420 0.81981983 0.66853565 0.82045375 0.67053754 0.82280256 0.67039270 0.82734052 0.66824593 0.82953082 0.66802868 0.83633776 0.72195115 0.83839800 0.72395253 0.84074622 0.72322829 0.86343776 0.79166842 0.86605268 0.79246508 0.84109216 0.79461130 0.83890241 0.80705462 0.83937784 0.80920137 0.83718812 0.80941864 0.83038060 0.81156486 0.82819085 0.81363866 0.82827009 0.81407320 0.81465505 0.81621942 0.81246530 0.82244135 0.81270303 0.82280346 0.80135755 0.82494968 0.79916780 0.82909780 0.79932629 0.82945993 0.78798023 0.83160615 0.78579049 0.83782808 0.78602821 0.83819019 0.77468274 0.84033642 0.77249241 0.84448455 0.77265090 0.84470181 0.76584396 0.84684802 0.76365422 0.84699288 0.75911567 0.84913910 0.75692593 0.85328669 0.75708440 0.85364881 0.74573892 0.85579557 0.74354862 0.86201750 0.74378634 0.86230719 0.73470984 0.86445341 0.73252010 0.86860101 0.73267857 0.87074722 0.73048882 0.87103692 0.72141232 0.87318368 0.71922202 0.87525748 0.71930125 0.87740370 0.71711151 0.87769339 0.70803501 0.87984014 0.70584528 0.88606153 0.70608299 0.88649607 0.69246853 0.88864230 0.69027820 0.89279043 0.69043669 0.89315254 0.67909121 0.89529876 0.67690147 0.89737309 0.67698072 0.89951930 0.67479098 0.89980902 0.66571390 0.90195523 0.66352415 0.90817716 0.66376188 0.90861169 0.65014742 0.91075793 0.64795709 0.91490605 0.64811558 0.91526817 0.63677010 0.91741438 0.63458036 0.92363578 0.63481806 0.92385305 0.62801054 0.90933593 0.62745588 0.90733402 0.62510765 0.90769613 0.61376217 0.89732661 0.61336598 0.89532525 0.61101718 0.89568736 0.59967170 0.87702211 0.59895855 0.87502020 0.59661032 0.87538231 0.58526484 0.85671706 0.58455169 0.85471569 0.58220348 0.85507782 0.57085742 0.83641257 0.57014427 0.83441119 0.56779605 0.83448361 0.56552707 0.83662982 0.56333733 0.83684710 0.55652981 0.76218558 0.55367718 0.76138892 0.57863770 0.75924217 0.58082742 0.73850312 0.58003504 0.73814101 0.59138052 0.73599479 0.59357026 0.73184667 0.59341177
0 0.55918380 0.47322047 0.55296188 0.47298275 0.55259977 0.48432822 0.55460168 0.48667646 0.55245493 0.48886618 0.54208541 0.48846999 0.54179569 0.49754707 0.55838714 0.49818099 0.56038852 0.50052920 0.56009883 0.50960570 0.57254268 0.51008115 0.57654544 0.51477757 0.57611089 0.52839261 0.57396468 0.53058236 0.56774275 0.53034463 0.56745306 0.53942113 0.56530684 0.54161088 0.56115871 0.54145239 0.56079658 0.55279845 0.55650415 0.55717794 0.55443035 0.55709870 0.55228413 0.55928845 0.55199444 0.56836495 0.54984767 0.57055525 0.54362575 0.57031753 0.54326363 0.58166301 0.54111742 0.58385275 0.48926927 0.58187177 0.48883474 0.59548622 0.48668840 0.59767655 0.48254048 0.59751806 0.48039416 0.59970781 0.48010447 0.60878430 0.47795814 0.61097405 0.47173633 0.61073632 0.46934636 0.68561730 0.47349422 0.68577577 0.47549574 0.68812458 0.47491636 0.70627757 0.48735989 0.70675301 0.48936143 0.70910123 0.48907174 0.71817773 0.51188495 0.71904936 0.51388649 0.72139758 0.54499533 0.72258617 0.54699724 0.72493440 0.54485047 0.72712471 0.54427108 0.74527771 0.59404543 0.74717946 0.59604734 0.74952769 0.61263879 0.75016161 0.61343545 0.72520109 0.61558167 0.72301135 0.62802499 0.72348677 0.63017174 0.72129705 0.63024416 0.71902807 0.63239039 0.71683774 0.63246281 0.71456876 0.63675527 0.71018869 0.63682768 0.70791971 0.64112065 0.70354024 0.64119307 0.70127126 0.64333930 0.69908094 0.64341172 0.69681196 0.64555794 0.69462221 0.64563038 0.69235266 0.64992334 0.68797318 0.64999576 0.68570420 0.65214198 0.68351446 0.65221442 0.68124490 0.65650685 0.67686541 0.65657929 0.67459585 0.65872603 0.67240612 0.65879845 0.67013715 0.66309089 0.66575765 0.66316332 0.66348810 0.66531007 0.66129837 0.66538249 0.65902939 0.66752873 0.65683907 0.66760114 0.65457009 0.67189358 0.65019060 0.67196600 0.64792162 0.67411223 0.64573129 0.67418465 0.64346231 0.67847763 0.63908226 0.67855005 0.63681328 0.68069627 0.63462354 0.68076869 0.63235456 0.68506167 0.62797451 0.68513409 0.62570553 0.68728031 0.62351578 0.68735275 0.62124622 0.68949896 0.61905648 0.68957138 0.61678750 0.69386435 0.61240803 0.69393678 0.61013847 0.69608300 0.60794872 0.69615542 0.60567974 0.70044840 0.60129969 0.70052082 0.59903071 0.70266704 0.59684097 0.70273946 0.59457199 0.70703191 0.59019192 0.70710433 0.58792294 0.70925056 0.58573261 0.70932298 0.58346363 0.71146973 0.58127391 0.71154215 0.57900493 0.71583460 0.57462486 0.71590702 0.57235588 0.71805377 0.57016615 0.71812621 0.56789659 0.72241864 0.56351710 0.72249106 0.56124812 0.72463728 0.55905838 0.72470971 0.55678882 0.72900268 0.55240935 0.72907512 0.55013979 0.73122133 0.54795004 0.73129375 0.54568106 0.73343997 0.54349132 0.73351239 0.54122234 0.73780537 0.53684229 0.73787779 0.53457331 0.74002402 0.53238299 0.74009644 0.53011401 0.74438888 0.52573451 0.74446130 0.52346554 0.74660806 0.52127523 0.74697017 0.50992975 0.73245252 0.50937507 0.73045114 0.50702686 0.73081327 0.49568080 0.71836942 0.49520535 0.71636804 0.49285714 0.71673015 0.48151166 0.70221250 0.48095697 0.70021112 0.47860876 0.70064567 0.46499384 0.69442374 0.46475611 0.69227752 0.46694603 0.67775987 0.46639135 0.67575849 0.46404296 0.67583092 0.46177387 0.67797714 0.45958401 0.67826683 0.45050751 0.65545399 0.44963589 0.65345208 0.44728748 0.65381420 0.43594183 0.58330080 0.43324769 0.58250415 0.45820809 0.58035740 0.46039793 0.56376595 0.45976402 0.56161972 0.46195394 0.56133004 0.47103014 0.55918380 0.47322047
0 0.71665698 0.41875000 0.71595997 0.44058818 0.78854770 0.44336157 0.78927193 0.42067032 0.73901149 0.41875000 0.71665698 0.41875000
0 0.47786392 0.41875000 0.47332963 0.56081587 0.47747749 0.56097435 0.47754993 0.55870479 0.47554841 0.55635657 0.47576567 0.54954963 0.47791204 0.54735931 0.48413380 0.54759703 0.48456834 0.53398257 0.48671471 0.53179283 0.49293648 0.53203055 0.49322619 0.52295347 0.49537257 0.52076373 0.49744652 0.52084298 0.49959285 0.51865323 0.50166675 0.51873247 0.50202886 0.50738699 0.50417526 0.50519667 0.51039703 0.50543439 0.51075914 0.49408891 0.51290551 0.49189918 0.51705337 0.49205765 0.51741549 0.48071218 0.51956181 0.47852243 0.52370973 0.47868092 0.52407185 0.46733497 0.52621818 0.46514512 0.53036578 0.46530359 0.53080032 0.45168884 0.53294707 0.44949894 0.53916900 0.44973666 0.53953111 0.43839107 0.54167733 0.43620121 0.54582493 0.43635968 0.54611462 0.42728318 0.54826085 0.42509326 0.55240897 0.42525175 0.55261649 0.41875000 0.47786392 0.41875000
