0 0.70105599 0.37470183 0.78461049 0.38237048 0.79451436 0.17419543 0.70567396 0.16492322 0.64533239 0.16502314 0.63657567 0.37209312 0.64270881 0.37734421 0.69646740 0.37912209 0.70105599 0.37470183
0 0.29476557 0.92068486 0.29488810 0.91916451 0.28437399 0.91852661 0.28425146 0.92004695 0.28588121 0.92167361 0.28097965 0.98249120 0.43343760 0.99174100 0.43870675 0.92636239 0.40716352 0.92444862 0.40704099 0.92596896 0.40516618 0.92738299 0.39815663 0.92695771 0.39489714 0.92370440 0.35634436 0.92136536 0.35609929 0.92440605 0.35422449 0.92582008 0.34721493 0.92539480 0.34395499 0.92214146 0.34407752 0.92062112 0.31954430 0.91913266 0.31766904 0.92054666 0.30540266 0.91980245 0.30528013 0.92132279 0.30340487 0.92273679 0.29639576 0.92231154 0.29476557 0.92068486
0 0.00000000 0.96544383 0.03564520 0.96760647 0.03752000 0.96619244 0.20574934 0.97639911 0.21089596 0.91254084 0.16182907 0.90956389 0.16019933 0.90793724 0.16032189 0.90641650 0.04992127 0.89971837 0.04829153 0.89809171 0.04841406 0.89657137 0.00000000 0.89363403 0.00000000 0.96544383
0 0.00000000 0.88752254 0.04364694 0.89017065 0.04527713 0.89179733 0.13464863 0.89721960 0.13627838 0.89884626 0.21513621 0.90363066 0.21350647 0.90200400 0.21387409 0.89744258 0.17882587 0.89531617 0.17719612 0.89368951 0.12111967 0.89028729 0.11948993 0.88866063 0.06166121 0.88515210 0.06003149 0.88352505 0.00395482 0.88012281 0.00232494 0.87849615 0.00000000 0.87835509 0.00000000 0.88752254
0 0.37417409 0.80938422 0.37405152 0.81090495 0.37217672 0.81231898 0.36516716 0.81189370 0.36353742 0.81026705 0.36365998 0.80874632 0.32510720 0.80640727 0.32323236 0.80782169 0.31447052 0.80729010 0.31259527 0.80870411 0.30558616 0.80827886 0.30371090 0.80969286 0.30208116 0.80806620 0.30220369 0.80654586 0.28818458 0.80569530 0.28683667 0.82241985 0.29034168 0.82263250 0.29197142 0.82425916 0.29160380 0.82882057 0.28972896 0.83023499 0.28887121 0.84087778 0.29050092 0.84250482 0.28755999 0.87899537 0.28918973 0.88062203 0.28649389 0.91407151 0.29525572 0.91460310 0.29550079 0.91156241 0.29737608 0.91014802 0.30263290 0.91046696 0.30589281 0.91372069 0.30577028 0.91524103 0.37411312 0.91938747 0.37786318 0.91655944 0.37961546 0.91666575 0.38149074 0.91525136 0.38499530 0.91546398 0.38662501 0.91709103 0.38637995 0.92013171 0.39163723 0.92045068 0.39351204 0.91903665 0.43907437 0.92180097 0.44789718 0.81232931 0.40583984 0.80977764 0.40559475 0.81281872 0.40371994 0.81423275 0.39495766 0.81370113 0.39332792 0.81207447 0.39345048 0.81055374 0.37417409 0.80938422
0 0.00000000 0.86765988 0.05224952 0.87082992 0.05387924 0.87245696 0.05375671 0.87397730 0.16590960 0.88078175 0.16753979 0.88240843 0.16741723 0.88392916 0.20947456 0.88648083 0.20784440 0.88485376 0.20968246 0.86204746 0.20442563 0.86172852 0.20279592 0.86010148 0.20316354 0.85554006 0.20503835 0.85412603 0.20981738 0.79482878 0.20456010 0.79450982 0.20293035 0.79288316 0.20721919 0.73966807 0.03548494 0.72924875 0.03361004 0.73066277 0.00557182 0.72896166 0.00000000 0.79809575 0.00000000 0.86765988
0 0.44970703 0.66881913 0.42261532 0.66717544 0.42074051 0.66858947 0.41548368 0.66827053 0.41385349 0.66664385 0.41397605 0.66512312 0.38243327 0.66320938 0.38231071 0.66473012 0.38043546 0.66614412 0.37517863 0.66582518 0.37354888 0.66419853 0.37367144 0.66267779 0.35264233 0.66140193 0.35251976 0.66292266 0.35064496 0.66433669 0.34538813 0.66401775 0.34375793 0.66239107 0.32272926 0.66111524 0.32260673 0.66263558 0.32073193 0.66404961 0.31897965 0.66394330 0.31734990 0.66231664 0.31559718 0.66221030 0.31233772 0.65895660 0.31058499 0.65885026 0.30871015 0.66026468 0.29644332 0.65952044 0.29362495 0.69449026 0.29525511 0.69611733 0.28839293 0.78126196 0.29002267 0.78288861 0.28867477 0.79961315 0.29030448 0.80124020 0.29205721 0.80134654 0.29217977 0.79982581 0.29405458 0.79841178 0.30106413 0.79883706 0.30269388 0.80046371 0.30257132 0.80198444 0.33411454 0.80389821 0.33423710 0.80237748 0.33611191 0.80096345 0.33961646 0.80117607 0.34124621 0.80280273 0.37454171 0.80482280 0.37641697 0.80340880 0.38167380 0.80372774 0.38330355 0.80535440 0.41484677 0.80726816 0.41496930 0.80574782 0.41684411 0.80433379 0.42210139 0.80465275 0.42373113 0.80627941 0.42360860 0.80779975 0.44814227 0.80928824 0.44970703 0.78987301 0.44970703 0.66881913
0 0.31095262 0.65428885 0.31083006 0.65580958 0.35639239 0.65857390 0.35651495 0.65705317 0.35838975 0.65563922 0.36014248 0.65574556 0.36177223 0.65737213 0.37929590 0.65843532 0.38092561 0.66006236 0.39319245 0.66080660 0.39506729 0.65939218 0.39518981 0.65787192 0.39356007 0.65624519 0.39650101 0.61975463 0.29661495 0.61369443 0.29330639 0.65474640 0.30206822 0.65527799 0.30219078 0.65375726 0.30406603 0.65234333 0.30932287 0.65266227 0.31095262 0.65428885
0 0.15781168 0.60981697 0.15756342 0.61289736 0.15568860 0.61431151 0.13816494 0.61324833 0.13791986 0.61628920 0.13604459 0.61770329 0.13359382 0.64811200 0.13522398 0.64973907 0.12983230 0.71663803 0.13146202 0.71826507 0.21031941 0.72304944 0.21277019 0.69264065 0.21114044 0.69101400 0.21126300 0.68949327 0.20963281 0.68786658 0.21000043 0.68330517 0.20837069 0.68167851 0.20898337 0.67407641 0.21648309 0.66841993 0.21709580 0.66081744 0.21546606 0.65919078 0.21926476 0.61205725 0.21225520 0.61163197 0.21062546 0.61000522 0.20752270 0.60981697 0.15781168 0.60981697
0 0.86934254 0.85596159 0.87270974 0.83568081 0.82115871 0.82275706 0.80161942 0.87362830 0.84233344 0.88024682 0.85429032 0.85335952 0.86934254 0.85596159
0 0.76138767 0.82062048 0.75105386 0.83850854 0.77180318 0.84141268 0.78210299 0.82436194 0.76138767 0.82062048
0 0.73401000 0.81389129 0.72482225 0.83006037 0.74547721 0.83651177 0.75544667 0.81796896 0.73401000 0.81389129
0 0.77280094 0.79473367 0.76248879 0.81285687 0.78229718 0.81575808 0.79200755 0.80018093 0.77280094 0.79473367
0 0.74443857 0.78700295 0.73515348 0.80338487 0.75616633 0.80921856 0.76314306 0.79169175 0.74443857 0.78700295
