0 0.50350391 0.62666063 0.62242806 0.55858860 0.61439883 0.52542009 0.48597433 0.60032465 0.49160467 0.62209981 0.50048622 0.61595739 0.50350391 0.62666063
0 0.58871070 0.65826065 0.59026741 0.66625876 0.60016268 0.66125928 0.65871316 0.62936722 0.65679746 0.61950209 0.58871070 0.65826065
0 0.58012260 0.61893605 0.58139403 0.62729154 0.58495712 0.62585763 0.63202474 0.59979875 0.62984766 0.59041686 0.58012260 0.61893605
0 0.11588536 0.81046555 0.13123746 0.83814091 0.15394906 0.87823723 0.17422156 0.84667906 0.16870787 0.83336707 0.17868848 0.81825331 0.15132735 0.77156079 0.14195525 0.78786627 0.13530825 0.77822575 0.11588536 0.81046555
0 0.11026335 0.89148787 0.11467014 0.88570982 0.09097244 0.84419427 0.08681931 0.85042788 0.11026335 0.89148787
0 0.19250059 0.89732334 0.20609856 0.89787071 0.22422357 0.89171738 0.23663879 0.88376405 0.23329675 0.87568319 0.22320433 0.88290131 0.20581875 0.88870084 0.19286723 0.88836010 0.19250059 0.89732334
0 0.18855049 0.92781718 0.19448922 0.92864705 0.21202931 0.92717153 0.23488532 0.91872275 0.25190961 0.90822834 0.24857375 0.89947803 0.22715221 0.91229745 0.20469963 0.91933072 0.18858558 0.91913404 0.18855049 0.92781718
0 0.17368258 0.94041528 0.15619585 0.93179025 0.14153057 0.92386730 0.14006481 0.93204568 0.14884887 0.93754979 0.17211385 0.94896724 0.17368258 0.94041528
0 0.10764020 0.91445171 0.10386914 0.92283346 0.11812797 0.94093264 0.13405997 0.95544822 0.15121602 0.96765563 0.16865941 0.97292416 0.16997613 0.96407926 0.15222406 0.95847648 0.13510068 0.94709289 0.11976070 0.93222539 0.10764020 0.91445171
0 0.49425601 0.31534105 0.51041724 0.29296226 0.48675219 0.24520318 0.46963600 0.26817265 0.49425601 0.31534105
0 0.44682831 0.31505097 0.46651501 0.26277534 0.45080556 0.24644774 0.43004022 0.29647187 0.44682831 0.31505097
0 0.44609429 0.44120295 0.44808448 0.43332872 0.40919092 0.41298593 0.40703715 0.42110513 0.44609429 0.44120295
0 0.41522205 0.46199981 0.41766385 0.45260226 0.39506296 0.43506984 0.39207903 0.44430148 0.41522205 0.46199981
