0 0.28300819 0.35962145 0.29739427 0.34537619 0.28597520 0.31546409 0.24195699 0.35962145 0.28300819 0.35962145
0 0.13101522 0.08330994 0.11674695 0.11181565 0.14589533 0.14981703 0.15929327 0.12222145 0.13101522 0.08330994
0 0.09599621 0.09688664 0.08106829 0.15329450 0.09948390 0.16582659 0.11311441 0.10757159 0.09599621 0.09688664
0 0.07320872 0.27522391 0.07197586 0.28396160 0.11233152 0.29033817 0.11343092 0.28189812 0.07320872 0.27522391
0 0.06176738 0.30183031 0.05984239 0.31194915 0.08437717 0.32142991 0.08575472 0.31133454 0.06176738 0.30183031
0 0.90877485 0.31274990 0.90930062 0.31552503 0.90790389 0.31713216 0.90458473 0.31757164 0.90266230 0.31640399 0.89104439 0.31794229 0.89130725 0.31932968 0.88991052 0.32093680 0.88327135 0.32181588 0.88379712 0.32459101 0.88240039 0.32619814 0.87576165 0.32707716 0.87602450 0.32846454 0.87462777 0.33007167 0.85969070 0.33204945 0.86021647 0.33482458 0.85881932 0.33643176 0.85052100 0.33753052 0.84859857 0.33636287 0.84361940 0.33702215 0.84414517 0.33979728 0.84274844 0.34140441 0.83610970 0.34228343 0.83803213 0.34345108 0.83829498 0.34483846 0.84021784 0.34600606 0.84048076 0.34739380 0.84240319 0.34856144 0.84266604 0.34994883 0.84458854 0.35111683 0.84485139 0.35250422 0.98094543 0.33448437 0.97902300 0.33331672 0.97876008 0.33192898 0.97683765 0.33076133 0.97657479 0.32937394 0.97465230 0.32820594 0.96469397 0.32952450 0.96277154 0.32835685 0.96224583 0.32558208 0.96032340 0.32441443 0.96006048 0.32302669 0.95813805 0.32185904 0.95761228 0.31908391 0.95900901 0.31747678 0.96398775 0.31681756 0.96206532 0.31564991 0.96180247 0.31426253 0.95988003 0.31309488 0.95961712 0.31170714 0.95769468 0.31053949 0.95743183 0.30915210 0.95550933 0.30798410 0.95524648 0.30659671 0.95332363 0.30542912 0.95306077 0.30404174 0.95113834 0.30287409 0.95087542 0.30148635 0.93261877 0.30390366 0.93288169 0.30529140 0.93148496 0.30689853 0.92484622 0.30777755 0.92510907 0.30916494 0.92371234 0.31077206 0.90877485 0.31274990
0 1.00000000 0.28218144 0.99829999 0.28240654 0.99856284 0.28379392 0.99716618 0.28540141 0.99218744 0.28606063 0.99245029 0.28744802 0.99105314 0.28905520 0.98441440 0.28993422 0.98494010 0.29270899 0.98354344 0.29431648 0.96860637 0.29629426 0.96668387 0.29512625 0.95838513 0.29622507 0.95891090 0.29900020 0.96083333 0.30016785 0.96109625 0.30155559 0.96494153 0.30389083 0.96520439 0.30527821 0.96712682 0.30644586 0.96738974 0.30783360 0.96931259 0.30900119 0.96957544 0.31038858 0.97149794 0.31155658 0.97176079 0.31294397 0.98171870 0.31162547 0.98556398 0.31396071 0.98582684 0.31534809 0.98774933 0.31651610 0.98827504 0.31929087 0.99019754 0.32045887 0.99046039 0.32184626 0.98906366 0.32345339 0.98242492 0.32433241 0.98434735 0.32550006 0.98461020 0.32688744 0.98845555 0.32922303 0.98871840 0.33061042 0.99064090 0.33177843 0.99090375 0.33316581 1.00000000 0.33196140 1.00000000 0.28218144
0 0.82431698 0.19023842 0.82457983 0.19162581 0.82318268 0.19323299 0.81820352 0.19389227 0.81872929 0.19666740 0.81733256 0.19827453 0.80239549 0.20025231 0.80265834 0.20163970 0.80126162 0.20324682 0.79296287 0.20434564 0.79322579 0.20573338 0.79182906 0.20734051 0.78519031 0.20821953 0.78545317 0.20960691 0.78405650 0.21121440 0.77907734 0.21187368 0.77960304 0.21464845 0.77820632 0.21625558 0.77156757 0.21713460 0.77183042 0.21852199 0.77043376 0.22012947 0.76545460 0.22078875 0.76571745 0.22217613 0.76432072 0.22378326 0.74772365 0.22598084 0.74798657 0.22736858 0.74519311 0.23058284 0.74187353 0.23102237 0.74213638 0.23240976 0.74405881 0.23357741 0.74432173 0.23496515 0.74624459 0.23613274 0.74650744 0.23752013 0.74842994 0.23868813 0.74869279 0.24007552 0.75061522 0.24124316 0.75087807 0.24263055 0.75280093 0.24379814 0.75306385 0.24518588 0.75690871 0.24752118 0.76188787 0.24686190 0.76328460 0.24525477 0.76494418 0.24503503 0.76686704 0.24620262 0.76712996 0.24759036 0.76905239 0.24875801 0.76931524 0.25014540 0.77123767 0.25131305 0.77176344 0.25408818 0.77368587 0.25525582 0.77228914 0.25686295 0.76730998 0.25752223 0.76538755 0.25635458 0.76565040 0.25774197 0.76757290 0.25890997 0.76783575 0.26029736 0.76975861 0.26146495 0.77002146 0.26285234 0.77386639 0.26518799 0.77412924 0.26657537 0.77605167 0.26774302 0.77631459 0.26913076 0.77823702 0.27029841 0.77849987 0.27168580 0.78042273 0.27285339 0.78068558 0.27424078 0.78260808 0.27540878 0.78287093 0.27679616 0.78479336 0.27796381 0.78505628 0.27935155 0.78697914 0.28051915 0.78724199 0.28190653 0.78916442 0.28307418 0.78942727 0.28446157 0.79134977 0.28562957 0.79161262 0.28701696 0.79353505 0.28818460 0.79379797 0.28957235 0.79572040 0.29073999 0.79598326 0.29212738 0.80594158 0.29080882 0.80786402 0.29197647 0.80812687 0.29336386 0.81004937 0.29453186 0.81031222 0.29591925 0.81223507 0.29708684 0.81249799 0.29847458 0.81442042 0.29964223 0.81302370 0.30124936 0.80638495 0.30212837 0.80664780 0.30351576 0.80857023 0.30468341 0.80883315 0.30607115 0.81267802 0.30840645 0.81294094 0.30979419 0.81486379 0.31096178 0.81512664 0.31234916 0.81704907 0.31351681 0.81731193 0.31490420 0.81923443 0.31607220 0.81949728 0.31745959 0.82142013 0.31862718 0.82168305 0.32001492 0.82360548 0.32118257 0.82386833 0.32256996 0.82579077 0.32373760 0.82605362 0.32512499 0.82797612 0.32629299 0.82823897 0.32768038 0.83016140 0.32884803 0.83042432 0.33023577 0.84038265 0.32891721 0.84011973 0.32752947 0.84151646 0.32592234 0.84815520 0.32504332 0.84789235 0.32365594 0.84928943 0.32204840 0.86422650 0.32007062 0.86396365 0.31868323 0.86536038 0.31707610 0.88195702 0.31487859 0.88169417 0.31349120 0.88309132 0.31188401 0.88807049 0.31122474 0.88754472 0.30844961 0.88894145 0.30684248 0.89723977 0.30574372 0.89916220 0.30691137 0.90414137 0.30625209 0.90553809 0.30464496 0.90527518 0.30325722 0.90667190 0.30165009 0.92326897 0.29945251 0.92300612 0.29806513 0.92440285 0.29645800 0.94099992 0.29426043 0.94073707 0.29287304 0.93689172 0.29053745 0.93662886 0.28915006 0.93496929 0.28936980 0.93304679 0.28820180 0.93225823 0.28403963 0.93365496 0.28243250 0.93863412 0.28177323 0.93837121 0.28038549 0.93644877 0.27921784 0.93618592 0.27783045 0.93426300 0.27666251 0.93400015 0.27527512 0.93207772 0.27410747 0.93181487 0.27272008 0.92989243 0.27155244 0.92962952 0.27016469 0.92770666 0.26899710 0.92744381 0.26760972 0.92552131 0.26644171 0.92525846 0.26505433 0.92333602 0.26388668 0.92307317 0.26249929 0.92115074 0.26133165 0.92088782 0.25994390 0.91896539 0.25877626 0.91870254 0.25738887 0.91485718 0.25505328 0.91459433 0.25366589 0.91267190 0.25249824 0.90271357 0.25381680 0.90079114 0.25264915 0.90026537 0.24987402 0.89834294 0.24870637 0.89808002 0.24731863 0.89615717 0.24615104 0.89589431 0.24476365 0.89729147 0.24315647 0.90393021 0.24227745 0.90008486 0.23994186 0.89982200 0.23855447 0.89789957 0.23738682 0.89763665 0.23599908 0.89571422 0.23483143 0.89545137 0.23344405 0.89352851 0.23227646 0.89326566 0.23088907 0.89134316 0.22972107 0.89108031 0.22833368 0.88915788 0.22716603 0.88889496 0.22577829 0.88697253 0.22461064 0.88670968 0.22322325 0.88478725 0.22205561 0.88452440 0.22066822 0.88260147 0.21950028 0.88233862 0.21811289 0.88041619 0.21694524 0.88015327 0.21555750 0.87823084 0.21438985 0.87796799 0.21300246 0.87604513 0.21183487 0.87578228 0.21044749 0.87193735 0.20811184 0.87167450 0.20672445 0.86005659 0.20826275 0.85813409 0.20709474 0.85787124 0.20570736 0.85594881 0.20453971 0.85542311 0.20176494 0.85350061 0.20059693 0.85323776 0.19920954 0.85463448 0.19760242 0.86293281 0.19650366 0.86101031 0.19533566 0.86074746 0.19394827 0.85882460 0.19278068 0.85856175 0.19139329 0.85663932 0.19022564 0.85637640 0.18883790 0.85445397 0.18767025 0.85419112 0.18628287 0.85034619 0.18394722 0.85008334 0.18255983 0.84623805 0.18022459 0.83793973 0.18132335 0.83986216 0.18249100 0.83846543 0.18409813 0.83182668 0.18497715 0.83235239 0.18775192 0.83095530 0.18935946 0.82431698 0.19023842
0 1.00000000 0.19749187 0.99912496 0.19696039 0.99886211 0.19557300 0.99693967 0.19440535 0.99667676 0.19301761 0.99475390 0.19185002 0.99449105 0.19046263 0.99256855 0.18929463 0.99230570 0.18790724 0.99038327 0.18673960 0.99012042 0.18535221 0.98819798 0.18418456 0.98793506 0.18279682 0.98408978 0.18046158 0.98382686 0.17907384 0.98190443 0.17790619 0.98164157 0.17651881 0.97971914 0.17535116 0.97945629 0.17396377 0.97753337 0.17279583 0.97727052 0.17140844 0.97534808 0.17024079 0.97508517 0.16885305 0.97316273 0.16768540 0.97289988 0.16629802 0.97097745 0.16513037 0.96101912 0.16644892 0.95909669 0.16528128 0.95883377 0.16389353 0.95691134 0.16272589 0.95638557 0.15995076 0.95446314 0.15878311 0.95420029 0.15739572 0.95559702 0.15578860 0.96223576 0.15490958 0.96031290 0.15374199 0.96004999 0.15235424 0.95812755 0.15118660 0.95786470 0.14979921 0.95594220 0.14863121 0.95567935 0.14724382 0.95183449 0.14490853 0.95157164 0.14352114 0.94964871 0.14235319 0.94938586 0.14096581 0.94746343 0.13979816 0.94720051 0.13841042 0.94527808 0.13724277 0.94501523 0.13585538 0.93505690 0.13717394 0.93531975 0.13856132 0.93392303 0.14016845 0.92894386 0.14082773 0.92920678 0.14221547 0.92781005 0.14382260 0.92117131 0.14470162 0.92169708 0.14747675 0.92030035 0.14908388 0.91532119 0.14974316 0.91558404 0.15113054 0.91418731 0.15273767 0.89759024 0.15493525 0.89785309 0.15632263 0.89645643 0.15793012 0.88981768 0.15880914 0.89034339 0.16158391 0.88894673 0.16319139 0.88230798 0.16407041 0.88257084 0.16545780 0.88117368 0.16706498 0.87619494 0.16772421 0.87645779 0.16911159 0.87506107 0.17071872 0.86012357 0.17269656 0.86038649 0.17408430 0.85898977 0.17569143 0.85235102 0.17657044 0.85261387 0.17795783 0.85453637 0.17912583 0.85479922 0.18051322 0.85672165 0.18168087 0.85698451 0.18306826 0.85890736 0.18423585 0.85943313 0.18701098 0.86135556 0.18817862 0.86161848 0.18956637 0.86354091 0.19073401 0.86380377 0.19212140 0.86572662 0.19328899 0.87568453 0.19197049 0.87760696 0.19313814 0.87786988 0.19452588 0.87979273 0.19569347 0.88031850 0.19846860 0.88224093 0.19963625 0.88250379 0.20102364 0.88110706 0.20263076 0.87612789 0.20329004 0.87665366 0.20606517 0.87857610 0.20723282 0.87883895 0.20862021 0.88076145 0.20978821 0.88102430 0.21117560 0.88294715 0.21234319 0.88321000 0.21373057 0.88705493 0.21606622 0.88731779 0.21745361 0.88924022 0.21862126 0.88950314 0.22000900 0.89142557 0.22117665 0.89168842 0.22256403 0.89553371 0.22489927 0.89579663 0.22628701 0.89771906 0.22745466 0.89798191 0.22884205 0.89990483 0.23000999 0.90016768 0.23139738 0.90209012 0.23256503 0.90235297 0.23395241 0.90619790 0.23628806 0.90646075 0.23767545 0.90838318 0.23884310 0.91668193 0.23774428 0.92052686 0.24007993 0.92078971 0.24146732 0.92271214 0.24263497 0.92297499 0.24402235 0.92489792 0.24519030 0.92516077 0.24657769 0.92376361 0.24818487 0.91712530 0.24906383 0.91904779 0.25023184 0.91931065 0.25161922 0.92123308 0.25278687 0.92149593 0.25417426 0.92341836 0.25534190 0.92368128 0.25672965 0.92560371 0.25789729 0.92586656 0.25928468 0.92778949 0.26045263 0.92805234 0.26184001 0.92997477 0.26300766 0.93023762 0.26439505 0.93216005 0.26556269 0.93242297 0.26695044 0.93434583 0.26811803 0.93460868 0.26950542 0.93845361 0.27184106 0.93871646 0.27322845 0.94063889 0.27439610 0.94090174 0.27578349 0.94282424 0.27695149 0.94308709 0.27833888 0.94500995 0.27950647 0.94527287 0.28089421 0.94719530 0.28206186 0.94745815 0.28344924 0.94938058 0.28461689 0.95104059 0.28439709 0.95296302 0.28556474 0.95794176 0.28490552 0.95767891 0.28351813 0.95907606 0.28191095 0.97567271 0.27971343 0.97540985 0.27832604 0.97680701 0.27671886 0.99340365 0.27452134 0.99314074 0.27313360 0.99453746 0.27152647 1.00000000 0.27080319 1.00000000 0.19749187
0 0.85122354 0.00000000 0.85155234 0.00173550 0.85347479 0.00290325 0.85373766 0.00429075 0.85566011 0.00545846 0.85592297 0.00684592 0.86588130 0.00552737 0.86780375 0.00669512 0.86806663 0.00808261 0.86972621 0.00786287 0.87164907 0.00903053 0.87217481 0.01180549 0.87409726 0.01297324 0.87462299 0.01574816 0.87322628 0.01735539 0.86658712 0.01823447 0.86684999 0.01962196 0.86850999 0.01940216 0.87043244 0.02056988 0.87069530 0.02195734 0.87261772 0.02312492 0.87314349 0.02590005 0.87506635 0.02706764 0.87532927 0.02845538 0.87725170 0.02962303 0.87751455 0.03101041 0.87943698 0.03217806 0.87996275 0.03495319 0.88135941 0.03334571 0.88328191 0.03451371 0.88380761 0.03728848 0.88573054 0.03845643 0.88599339 0.03984382 0.88791582 0.04101146 0.88817867 0.04239885 0.89010110 0.04356650 0.89036402 0.04495424 0.89228688 0.04612183 0.90058520 0.04502307 0.90250763 0.04619072 0.90277055 0.04757846 0.90443013 0.04735872 0.90635299 0.04852631 0.90687869 0.05130109 0.90880112 0.05246873 0.90906404 0.05385648 0.90766731 0.05546360 0.90102814 0.05634268 0.90129100 0.05773007 0.90513635 0.06006566 0.90539920 0.06145305 0.90732163 0.06262069 0.90758448 0.06400808 0.90950741 0.06517603 0.90977026 0.06656341 0.91169269 0.06773106 0.91221846 0.07050619 0.91414089 0.07167384 0.91440375 0.07306122 0.91606333 0.07284149 0.91798576 0.07400913 0.91851153 0.07678426 0.92043438 0.07795185 0.92069730 0.07933959 0.92261973 0.08050724 0.92288258 0.08189463 0.92480502 0.08306228 0.92506787 0.08444966 0.92672787 0.08422987 0.92865037 0.08539787 0.92917607 0.08817264 0.93109857 0.08934065 0.93136142 0.09072803 0.93328386 0.09189568 0.93354671 0.09328307 0.93546914 0.09445071 0.93599491 0.09722584 0.94176270 0.10072908 0.94228840 0.10350386 0.94421125 0.10467145 0.94447417 0.10605919 0.95111249 0.10518023 0.95250958 0.10357269 0.96080790 0.10247393 0.96220463 0.10086680 0.96194178 0.09947942 0.96333851 0.09787229 0.96665809 0.09743275 0.96639524 0.09604536 0.96779190 0.09443788 0.97609022 0.09333912 0.97582737 0.09195173 0.97722452 0.09034455 0.98054368 0.08990507 0.98194077 0.08829753 0.98360035 0.08807779 0.96691331 0.00000000 0.85122354 0.00000000
0 0.76798433 0.00000000 0.66828087 0.01320147 0.66854373 0.01458895 0.67046618 0.01575668 0.67072905 0.01714418 0.67457394 0.01947961 0.67483681 0.02086711 0.67675927 0.02203486 0.68505802 0.02093605 0.68890290 0.02327148 0.68942865 0.02604647 0.69135109 0.02721419 0.68855767 0.03042862 0.68523851 0.03086810 0.68716096 0.03203586 0.68742383 0.03342331 0.68934627 0.03459103 0.68960914 0.03597853 0.69153160 0.03714628 0.69179446 0.03853374 0.69371691 0.03970146 0.69397978 0.04108895 0.69590265 0.04225665 0.69616552 0.04364411 0.69808796 0.04481182 0.69835080 0.04619914 0.70219616 0.04853473 0.70245901 0.04992212 0.70438151 0.05109012 0.70464436 0.05247751 0.70656679 0.05364516 0.70682964 0.05503254 0.70875207 0.05620019 0.70901499 0.05758793 0.71093742 0.05875558 0.71120027 0.06014297 0.71312320 0.06131091 0.71338605 0.06269830 0.71530848 0.06386595 0.71557133 0.06525334 0.71749376 0.06642098 0.71775668 0.06780872 0.71967954 0.06897631 0.72133912 0.06875657 0.72273585 0.06714945 0.72771501 0.06649017 0.72963744 0.06765782 0.72990029 0.06904520 0.73182279 0.07021320 0.73208564 0.07160059 0.73400850 0.07276818 0.73453420 0.07554296 0.73313712 0.07715050 0.72981796 0.07758998 0.73008081 0.07897737 0.73200324 0.08014501 0.73226616 0.08153276 0.73418859 0.08270040 0.73445144 0.08408779 0.73637430 0.08525538 0.73663715 0.08664277 0.73855965 0.08781077 0.73882250 0.08919816 0.74074493 0.09036580 0.74100785 0.09175355 0.74293028 0.09292119 0.74319313 0.09430858 0.74511556 0.09547623 0.74537842 0.09686362 0.74922377 0.09919921 0.74948662 0.10058659 0.75140912 0.10175460 0.75167197 0.10314199 0.75359483 0.10430958 0.75385768 0.10569696 0.75578011 0.10686461 0.75604303 0.10825235 0.75796546 0.10942000 0.75822832 0.11080739 0.76015081 0.11197539 0.77010914 0.11065683 0.77203157 0.11182448 0.77229443 0.11321187 0.77421686 0.11437951 0.77447971 0.11576690 0.77640221 0.11693490 0.77666506 0.11832229 0.77858791 0.11948988 0.77719083 0.12109742 0.77055251 0.12197638 0.77081536 0.12336377 0.77273779 0.12453142 0.77300064 0.12591880 0.77492307 0.12708645 0.77518599 0.12847419 0.77710842 0.12964184 0.77737128 0.13102923 0.77929377 0.13219723 0.77955663 0.13358462 0.78340192 0.13591985 0.78366477 0.13730724 0.78558727 0.13847524 0.78585012 0.13986263 0.78777297 0.14103022 0.78803589 0.14241797 0.78995832 0.14358561 0.79022117 0.14497300 0.79214361 0.14614065 0.79240646 0.14752803 0.79432896 0.14869604 0.79459181 0.15008342 0.79651424 0.15125107 0.80647257 0.14993251 0.80839507 0.15110052 0.80865792 0.15248790 0.81058035 0.15365555 0.81110605 0.15643032 0.81302898 0.15759827 0.81329183 0.15898566 0.81189468 0.16059284 0.80525636 0.16147181 0.80717885 0.16263981 0.80744171 0.16402719 0.81128657 0.16636249 0.81154942 0.16774988 0.81347192 0.16891788 0.82840941 0.16694004 0.82980607 0.16533256 0.83312566 0.16489302 0.83286280 0.16350563 0.83425953 0.16189851 0.83923827 0.16123929 0.84063542 0.15963210 0.84727417 0.15875308 0.84648555 0.15459057 0.84788228 0.15298344 0.85784060 0.15166488 0.85923726 0.15005740 0.87085517 0.14851910 0.87059232 0.14713172 0.87198905 0.14552459 0.87862779 0.14464557 0.87836494 0.14325818 0.87976167 0.14165105 0.88474083 0.14099177 0.88421506 0.13821664 0.88561179 0.13660952 0.89059095 0.13595024 0.89032804 0.13456250 0.89172476 0.13295537 0.90832183 0.13075779 0.90779613 0.12798302 0.90919286 0.12637589 0.91417160 0.12571667 0.91390868 0.12432893 0.91530583 0.12272174 0.92028500 0.12206246 0.92307839 0.11884785 0.92971713 0.11796883 0.92779470 0.11680119 0.92753185 0.11541380 0.92368656 0.11307856 0.92342364 0.11169082 0.92150121 0.11052317 0.92123836 0.10913579 0.91931586 0.10796778 0.91267712 0.10884680 0.91075426 0.10767921 0.90909468 0.10789895 0.90717225 0.10673130 0.90690940 0.10534392 0.90498697 0.10417627 0.90472405 0.10278853 0.90280162 0.10162088 0.90253876 0.10023349 0.90061584 0.09906555 0.90201299 0.09745836 0.90865131 0.09657940 0.90838846 0.09519201 0.90646603 0.09402437 0.90620318 0.09263698 0.90428068 0.09146898 0.90401783 0.09008159 0.90209540 0.08891394 0.90183248 0.08752620 0.89798719 0.08519096 0.89772434 0.08380358 0.89580191 0.08263593 0.89553899 0.08124819 0.89361656 0.08008054 0.89335370 0.07869315 0.89143078 0.07752521 0.88147288 0.07884371 0.87762759 0.07650847 0.87710189 0.07373369 0.87517939 0.07256569 0.87465369 0.06979092 0.87605035 0.06818343 0.87936993 0.06774390 0.88076666 0.06613677 0.88242666 0.06591697 0.88050381 0.06474938 0.88024095 0.06336199 0.87639602 0.06102634 0.87613317 0.05963896 0.87421032 0.05847137 0.87394740 0.05708362 0.87010254 0.05474833 0.86983968 0.05336094 0.86791725 0.05219330 0.86765433 0.05080555 0.86573190 0.04963791 0.86546905 0.04825052 0.86162370 0.04591493 0.86136085 0.04452754 0.85943841 0.04335989 0.85917556 0.04197250 0.85533021 0.03963691 0.85506736 0.03824952 0.84676903 0.03934828 0.84100125 0.03584504 0.84073839 0.03445766 0.83881596 0.03329001 0.83855304 0.03190227 0.83663061 0.03073462 0.83802734 0.02912749 0.84466608 0.02824847 0.84274359 0.02708047 0.84248075 0.02569316 0.84055788 0.02452549 0.84029501 0.02313804 0.83837256 0.02197028 0.83810969 0.02058279 0.83618724 0.01941507 0.83592438 0.01802761 0.83400193 0.01685986 0.83373906 0.01547236 0.83181661 0.01430465 0.83155375 0.01291719 0.82770842 0.01058174 0.82744555 0.00919428 0.82552311 0.00802656 0.82526024 0.00663907 0.82333736 0.00547137 0.82307450 0.00408391 0.82115205 0.00291619 0.82088918 0.00152870 0.81896673 0.00036095 0.80900840 0.00167950 0.80708595 0.00051178 0.80698899 0.00000000 0.76798433 0.00000000
0 0.63002561 0.02680044 0.63028848 0.02818794 0.63221093 0.02935565 0.63247379 0.03074311 0.63631870 0.03307862 0.63658156 0.03446608 0.63850401 0.03563379 0.63876688 0.03702129 0.64068976 0.03818899 0.64095262 0.03957644 0.64287506 0.04074416 0.64313794 0.04213166 0.64506039 0.04329941 0.64532325 0.04468687 0.64724612 0.04585453 0.64750900 0.04724202 0.64943145 0.04840978 0.64969431 0.04979724 0.65353917 0.05213253 0.65380209 0.05352027 0.65572452 0.05468792 0.65598738 0.05607531 0.65791030 0.05724325 0.65817315 0.05863064 0.66009558 0.05979829 0.66035843 0.06118567 0.66228087 0.06235332 0.66254378 0.06374106 0.66638907 0.06607630 0.66665199 0.06746404 0.66857442 0.06863169 0.66883727 0.07001908 0.67075971 0.07118672 0.67102256 0.07257411 0.67294506 0.07374211 0.67320791 0.07512950 0.67705326 0.07746509 0.67731611 0.07885248 0.67923854 0.08002013 0.67950140 0.08140752 0.68142425 0.08257511 0.68168717 0.08396285 0.68360960 0.08513050 0.68387246 0.08651788 0.68579495 0.08768589 0.68605781 0.08907327 0.68990267 0.09140857 0.69016552 0.09279595 0.69208844 0.09396390 0.69235129 0.09535129 0.69427373 0.09651893 0.69453664 0.09790668 0.69645908 0.09907432 0.69672193 0.10046171 0.70056721 0.10279695 0.70083013 0.10418469 0.70275256 0.10535234 0.70301542 0.10673972 0.70493792 0.10790773 0.70520077 0.10929511 0.70712320 0.11046276 0.70738605 0.11185015 0.70930891 0.11301774 0.70957183 0.11440548 0.71341669 0.11674078 0.71367961 0.11812852 0.71560246 0.11929611 0.71586532 0.12068350 0.71778775 0.12185114 0.71805060 0.12323853 0.71997310 0.12440653 0.72023595 0.12579392 0.72408088 0.12812957 0.72434373 0.12951696 0.72626659 0.13068455 0.72652944 0.13207193 0.72845187 0.13323958 0.72871479 0.13462732 0.73063722 0.13579497 0.73090007 0.13718236 0.73282299 0.13835030 0.73308585 0.13973769 0.73693071 0.14207299 0.73719356 0.14346037 0.73911606 0.14462837 0.73937891 0.14601576 0.74130134 0.14718341 0.74156426 0.14857115 0.74348712 0.14973874 0.74374997 0.15112613 0.74759483 0.15346142 0.74785775 0.15484917 0.74978061 0.15601676 0.75004346 0.15740414 0.75196596 0.15857215 0.75222881 0.15995953 0.75415124 0.16112718 0.75441409 0.16251457 0.75633652 0.16368221 0.75659944 0.16506996 0.76044473 0.16740519 0.76070765 0.16879294 0.76263008 0.16996058 0.76289293 0.17134797 0.76481536 0.17251562 0.76507821 0.17390301 0.76700114 0.17507095 0.76726399 0.17645834 0.77110892 0.17879399 0.77137177 0.18018138 0.77329420 0.18134902 0.77355705 0.18273641 0.80343161 0.17878080 0.80622507 0.17556654 0.81120423 0.17490726 0.80928180 0.17373962 0.80901888 0.17235187 0.80517360 0.17001664 0.80491068 0.16862889 0.80298825 0.16746125 0.80272539 0.16607386 0.80080296 0.16490621 0.80054011 0.16351883 0.79861719 0.16235088 0.79835433 0.16096349 0.79643190 0.15979585 0.79616898 0.15840810 0.79232412 0.15607281 0.79206127 0.15468542 0.79013884 0.15351777 0.78987592 0.15213003 0.78795306 0.15096244 0.78769021 0.14957505 0.78576771 0.14840705 0.78550486 0.14701966 0.78165958 0.14468443 0.78139672 0.14329704 0.77947423 0.14212904 0.77921137 0.14074165 0.77728894 0.13957400 0.77702602 0.13818626 0.76706770 0.13950482 0.76514526 0.13833717 0.76488241 0.13694978 0.76295998 0.13578214 0.76269713 0.13439475 0.75885220 0.13205910 0.75858935 0.13067171 0.75998601 0.12906423 0.76330517 0.12862475 0.76470190 0.12701762 0.76443904 0.12563023 0.76251661 0.12446259 0.76225376 0.12307520 0.75840883 0.12073955 0.75814598 0.11935216 0.75622348 0.11818416 0.75596063 0.11679677 0.75403777 0.11562918 0.75377492 0.11424179 0.75185249 0.11307415 0.75158957 0.11168640 0.74966714 0.11051876 0.74940429 0.10913137 0.74555893 0.10679578 0.74529608 0.10540839 0.74337365 0.10424074 0.74311080 0.10285336 0.74118830 0.10168535 0.74092545 0.10029797 0.73900302 0.09913032 0.73874010 0.09774258 0.73681724 0.09657499 0.73655439 0.09518760 0.73463196 0.09401995 0.73436911 0.09263256 0.73052375 0.09029697 0.73026090 0.08890959 0.72833840 0.08774158 0.72807555 0.08635419 0.72615312 0.08518655 0.72589027 0.08379916 0.72396784 0.08263151 0.72370492 0.08124377 0.72178249 0.08007612 0.72151964 0.07868874 0.71767428 0.07635315 0.71741143 0.07496576 0.71548900 0.07379811 0.71522615 0.07241072 0.71330322 0.07124278 0.71304037 0.06985539 0.71111794 0.06868774 0.71085502 0.06730000 0.70893259 0.06613235 0.70866974 0.06474497 0.70482487 0.06240967 0.70456196 0.06102193 0.70263910 0.05985434 0.69931994 0.06029382 0.69792279 0.06190100 0.69460363 0.06234049 0.69268120 0.06117284 0.69241834 0.05978545 0.69049585 0.05861745 0.69023299 0.05723006 0.68831014 0.05606247 0.68804729 0.05467508 0.68612485 0.05350744 0.68586194 0.05211970 0.68725867 0.05051257 0.69389741 0.04963355 0.69197498 0.04846590 0.69171206 0.04707816 0.68978964 0.04591058 0.68952677 0.04452312 0.68568145 0.04218771 0.68541858 0.04080022 0.68349614 0.03963250 0.68323327 0.03824504 0.68131082 0.03707728 0.68104795 0.03568979 0.67912508 0.03452213 0.67886221 0.03313467 0.67693976 0.03196692 0.67667689 0.03057942 0.67475445 0.02941171 0.67449158 0.02802425 0.67064668 0.02568874 0.67038381 0.02430128 0.66846094 0.02313362 0.66819807 0.02174613 0.66627562 0.02057837 0.66601276 0.01919091 0.66409031 0.01802320 0.66382744 0.01663570 0.66190456 0.01546802 0.66164170 0.01408055 0.62346924 0.01913486 0.62373211 0.02052234 0.62565456 0.02169007 0.62591743 0.02307757 0.62783987 0.02424529 0.62810274 0.02563274 0.63002561 0.02680044
0 0.56982422 0.67060084 0.55541308 0.56834651 0.55101585 0.56912919 0.55240867 0.57901191 0.55055852 0.58187373 0.54176463 0.58343900 0.54350563 0.59579225 0.54165548 0.59865406 0.53286159 0.60021933 0.53425450 0.61010269 0.53240378 0.61296461 0.52361046 0.61452978 0.52535146 0.62688303 0.52350074 0.62974494 0.51470686 0.63131021 0.51609967 0.64119294 0.51239946 0.64691720 0.50800224 0.64769989 0.50939505 0.65758261 0.50754490 0.66044443 0.49875101 0.66200970 0.49979565 0.66942190 0.49794550 0.67228372 0.49354827 0.67306640 0.49169812 0.67592822 0.49309094 0.68581094 0.49124079 0.68867276 0.48464523 0.68984674 0.48603814 0.69973009 0.48418799 0.70259191 0.47539410 0.70415718 0.47643865 0.71156875 0.50501864 0.70648165 0.50756524 0.70856151 0.50965442 0.72338528 0.50780427 0.72624710 0.49901038 0.72781237 0.49935865 0.73028352 0.49750850 0.73314534 0.49855313 0.74055754 0.49670242 0.74341946 0.49230576 0.74420204 0.49369857 0.75408477 0.49184843 0.75694658 0.48305454 0.75851185 0.48479554 0.77086510 0.48294491 0.77372765 0.43457882 0.78233658 0.43597163 0.79221931 0.43412148 0.79508113 0.42532760 0.79664639 0.42672041 0.80652912 0.42301964 0.81225348 0.41422575 0.81381875 0.41527030 0.82123032 0.41781681 0.82330956 0.41596675 0.82617200 0.40937176 0.82734588 0.41041639 0.83475808 0.40671553 0.84048181 0.40011997 0.84165579 0.40151279 0.85153852 0.39781258 0.85726278 0.39121702 0.85843676 0.39260975 0.86831885 0.39075969 0.87118130 0.38636246 0.87196398 0.38451231 0.87482580 0.38625331 0.88717905 0.38440316 0.89004086 0.37560927 0.89160613 0.37700218 0.90148949 0.37515146 0.90435141 0.36855647 0.90552529 0.36994929 0.91540801 0.36809914 0.91826983 0.35930469 0.91983520 0.36034932 0.92724740 0.35849917 0.93010922 0.34970529 0.93167448 0.35144628 0.94402773 0.34959622 0.94689018 0.34300066 0.94806416 0.34439339 0.95794625 0.37297394 0.95285905 0.37552055 0.95493891 0.37726154 0.96729216 0.37541139 0.97015398 0.36881584 0.97132795 0.37020865 0.98121068 0.36835803 0.98407323 0.35956470 0.98563840 0.35771399 0.98850031 0.54458394 0.95523835 0.54643465 0.95237644 0.55742687 0.95041987 0.55568578 0.93806599 0.55753593 0.93520418 0.56852871 0.93324752 0.56678772 0.92089427 0.56863778 0.91803182 0.56982422 0.91782064 0.56982422 0.67060084
0 0.73391289 1.00000000 0.72532330 0.91926703 0.72672002 0.91640522 0.71620529 0.81757796 0.71760202 0.81471615 0.71602477 0.79989174 0.71410234 0.79781251 0.71383949 0.79534199 0.70999414 0.79118299 0.70973128 0.78871247 0.70588635 0.78455338 0.70562350 0.78208285 0.70177821 0.77792449 0.70151536 0.77545397 0.69767043 0.77129487 0.69740758 0.76882435 0.68779451 0.75842777 0.68753159 0.75595661 0.67599651 0.74348069 0.67573366 0.74101017 0.66419851 0.72853362 0.66393566 0.72606310 0.65240008 0.71358665 0.65213723 0.71111612 0.64060166 0.69863968 0.64033881 0.69616915 0.61342329 0.66705832 0.61316038 0.66458717 0.59777994 0.64795226 0.59280086 0.64912621 0.59087834 0.64704700 0.59227516 0.64418517 0.59069791 0.62936076 0.58493032 0.62312314 0.58327061 0.62351446 0.57750296 0.61727621 0.57584325 0.61766753 0.57007559 0.61142928 0.56982422 0.61148855 0.56982422 0.70501017 0.60120970 1.00000000 0.73391289 1.00000000
