0 0.00000000 0.46362402 0.00748629 0.46231925 0.02061745 0.53249327 0.09634131 0.52034585 0.07707279 0.38793667 0.00000000 0.40932235 0.00000000 0.46362402
0 0.19888572 0.43645571 0.18584673 0.38948986 0.14720038 0.39662694 0.16044223 0.44144782 0.19888572 0.43645571
0 0.24899493 0.41792797 0.23748612 0.37549327 0.19742902 0.38340535 0.20960162 0.43200392 0.24899493 0.41792797
0 0.18630744 0.36950340 0.17338245 0.32193828 0.13692563 0.33361545 0.14956653 0.37459767 0.18630744 0.36950340
0 0.23873722 0.34848609 0.22711944 0.30549554 0.19181035 0.31529215 0.19889171 0.36093986 0.23873722 0.34848609
0 0.76516505 0.54355261 0.77164726 0.44964969 0.68140211 0.43686017 0.67491991 0.53076309 0.76516505 0.54355261
0 0.62300099 0.51944025 0.63147172 0.42854081 0.62531550 0.42229222 0.63746297 0.26222570 0.59833313 0.25649542 0.58771089 0.39446714 0.60485831 0.40054296 0.60243415 0.41975510 0.59106164 0.42545157 0.58614565 0.51257068 0.62300099 0.51944025
0 0.44000000 0.82889362 0.41001866 0.93156313 0.41102092 0.93298224 0.43663842 0.88655133 0.44000000 0.86120389 0.44000000 0.82889362
0 0.46716707 0.77638568 0.45245389 0.77474692 0.45131500 0.78149431 0.46602818 0.78313307 0.46716707 0.77638568
0 0.71418812 0.84489092 0.81839354 0.86030077 0.82122983 0.85460190 0.79382445 0.85044538 0.79512608 0.84273382 0.76958084 0.83866165 0.77071957 0.83191516 0.72318332 0.82490264 0.71418812 0.84489092
0 0.71623430 0.82167377 0.83685046 0.83977001 0.83766386 0.83495096 0.71721044 0.81589055 0.71623430 0.82167377
