0 0.44034244 0.18477880 0.41142801 0.18713160 0.40276745 0.30525890 0.43018837 0.30398046 0.44034244 0.18477880
0 0.80159832 0.20774251 0.77494597 0.19501399 0.76786325 0.20979535 0.79451560 0.22252386 0.80159832 0.20774251
0 0.86826764 0.24176196 0.84308362 0.22900785 0.83453257 0.24381480 0.86121055 0.25800921 0.86826764 0.24176196
0 0.45598895 0.71344978 0.42012986 0.71439858 0.41377348 0.83207328 0.43280665 0.83787961 0.43407781 0.85352066 0.44977624 0.85277674 0.45598895 0.71344978
0 0.00000000 0.64399734 0.00679233 0.64503854 0.01601113 0.52023100 0.00000000 0.51694146 0.00000000 0.64399734
0 0.03585493 0.59772834 0.03446682 0.64492951 0.05388506 0.64802458 0.05636743 0.59917817 0.03585493 0.59772834
0 0.12155298 0.43969849 0.11612333 0.44985825 0.08165591 0.50348447 0.07808387 0.50312820 0.07293454 0.51439461 0.07075682 0.51092577 0.06298245 0.52141219 0.05936101 0.51447348 0.05217454 0.52514417 0.04900342 0.51797167 0.03688697 0.53055824 0.04435112 0.54904616 0.03673445 0.55842467 0.04919378 0.58466625 0.05428208 0.57450485 0.06125387 0.58679215 0.06639232 0.57877530 0.07058880 0.58386570 0.07600433 0.57572328 0.08030695 0.58217419 0.08671912 0.57296576 0.09092646 0.57754068 0.10635759 0.56031901 0.10820626 0.56144642 0.13941865 0.51836481 0.14879750 0.49667120 0.15647896 0.47700693 0.15277667 0.47157841 0.15941056 0.46150727 0.15655068 0.45343755 0.16417072 0.43969849 0.12155298 0.43969849
0 0.76243477 0.63244117 0.68849551 0.70132947 0.69446857 0.70866749 0.76694086 0.63981176 0.76243477 0.63244117
0 0.78504219 0.67490156 0.71110294 0.74378987 0.71707601 0.75112964 0.78954831 0.68227391 0.78504219 0.67490156
0 0.77296518 0.65088573 0.69902592 0.71977403 0.70500038 0.72711377 0.77747130 0.65825807 0.77296518 0.65088573
