0 0.05047120 0.62977099 0.05753713 0.58146521 0.06635886 0.53229801 0.00000000 0.49228420 0.00000000 0.61404888 0.02657549 0.62977099 0.05047120 0.62977099
0 0.00000000 0.42118322 0.01216686 0.42795538 0.03457641 0.28540539 0.00000000 0.26601286 0.00000000 0.42118322
0 0.09469899 0.31415826 0.08377954 0.30699055 0.08536322 0.29558804 0.07303295 0.28869754 0.07147359 0.29924827 0.06690882 0.29668926 0.06823219 0.28716128 0.06364988 0.28417319 0.06088308 0.30446587 0.09376358 0.32197463 0.09469899 0.31415826
0 0.08704508 0.32913528 0.07983588 0.32570081 0.08083182 0.31853040 0.07066448 0.31367702 0.06969685 0.32098969 0.06403459 0.31864656 0.06498980 0.30978315 0.05822213 0.30628505 0.05598641 0.32205342 0.08990733 0.34269370 0.09298915 0.32459931 0.08811569 0.32365725 0.08704508 0.32913528
0 0.08739555 0.35334951 0.06495119 0.33623556 0.06337693 0.34933806 0.06026252 0.34772830 0.06164332 0.33778324 0.05385494 0.33475089 0.05268531 0.35410102 0.07035957 0.36132018 0.08459883 0.37348609 0.08739555 0.35334951
0 0.03502825 0.44291662 0.07125621 0.46388521 0.08362679 0.37754830 0.04814345 0.35922297 0.03502825 0.44291662
0 0.10208142 0.55294787 0.10482879 0.56662809 0.11548003 0.57085394 0.11942540 0.56916215 0.12425453 0.57369785 0.13483266 0.58183644 0.14060567 0.54727595 0.12245663 0.53789469 0.12338771 0.53086657 0.10695995 0.52083942 0.10208142 0.55294787
0 0.14540617 0.52893691 0.12606593 0.51773623 0.12728997 0.50688783 0.11184394 0.50066376 0.10998583 0.51521990 0.14304626 0.53800495 0.14540617 0.52893691
0 0.12936581 0.49322447 0.13014887 0.48467021 0.11751637 0.47902133 0.11199707 0.49612010 0.12047428 0.49922718 0.12531459 0.50106603 0.12797364 0.50369271 0.12910450 0.50776761 0.13515003 0.51049283 0.13619106 0.50299758 0.13861466 0.50425045 0.14158498 0.51329203 0.14081365 0.51936010 0.14625756 0.52217448 0.14888880 0.50259475 0.12936581 0.49322447
0 0.11784057 0.47593909 0.13050007 0.48234615 0.13442082 0.47977273 0.15017241 0.49485029 0.15303427 0.48213069 0.13376268 0.47217681 0.13506669 0.46278845 0.13135795 0.46087158 0.12916446 0.46272075 0.11736521 0.45991975 0.11576790 0.46903097 0.11784057 0.47593909
0 0.11869737 0.45350290 0.13664688 0.46093820 0.13555875 0.46785797 0.14233261 0.47183822 0.14369600 0.46070271 0.14858707 0.46323134 0.14756461 0.47261142 0.15486610 0.47563706 0.15675404 0.45881917 0.13813558 0.44876526 0.13720095 0.44338420 0.12168572 0.43471629 0.11869737 0.45350290
0 0.14229221 0.42960553 0.14093746 0.42179845 0.12657810 0.41430708 0.12401668 0.43037034 0.13728320 0.43768357 0.14096618 0.43531531 0.15796087 0.44507010 0.15906454 0.43920575 0.14229221 0.42960553
0 0.12635555 0.40768824 0.16061181 0.42804650 0.16155100 0.41972439 0.14393636 0.41005729 0.14525784 0.40016739 0.12923775 0.39186152 0.12635555 0.40768824
0 0.12981714 0.38492602 0.14826217 0.39214608 0.14762005 0.40116346 0.15522799 0.40428284 0.15616838 0.39821253 0.16202418 0.40159363 0.15988009 0.41164725 0.16327623 0.41340258 0.16555608 0.39494419 0.14937252 0.38323290 0.14867111 0.37670827 0.13323477 0.36966645 0.12981714 0.38492602
0 0.16833454 0.38496780 0.16947628 0.37544389 0.15020798 0.36525815 0.15198347 0.35607954 0.13603544 0.34949909 0.13461718 0.36743960 0.16833454 0.38496780
0 0.15905486 0.34407069 0.15995482 0.34998862 0.15817113 0.36297614 0.16152784 0.36019122 0.17102454 0.36462905 0.17404543 0.34532332 0.13950699 0.32614991 0.13791697 0.34436218 0.15355604 0.35329977 0.15635694 0.34173378 0.15905486 0.34407069
0 0.77543044 0.37161657 0.75077858 0.39928859 0.75760447 0.41098717 0.78225487 0.38331490 0.77543044 0.37161657
0 0.74703896 0.37118007 0.73319733 0.34986936 0.72446223 0.35900757 0.71881065 0.35173339 0.71007555 0.36087160 0.71845653 0.37282585 0.72563526 0.36342977 0.73830239 0.38031804 0.74703896 0.37118007
0 0.43711319 1.00000000 0.43697013 0.99229701 0.35790594 0.98777331 0.35536505 1.00000000 0.43711319 1.00000000
0 0.63138145 0.89912451 0.62721198 0.90212134 0.61794590 0.92988141 0.71172476 0.97342935 0.72753936 0.97884339 0.73779722 0.95263624 0.73679467 0.94719676 0.63138145 0.89912451
