0 0.06833694 0.14020989 0.06752157 0.20645676 0.22406600 0.20728020 0.22459612 0.14142153 0.06833694 0.14020989
0 0.06727984 0.36608078 0.06597409 0.43239970 0.14408762 0.43474999 0.14521473 0.36704198 0.06727984 0.36608078
0 0.16286245 0.37248890 0.16138559 0.43557484 0.24289995 0.43971842 0.24295279 0.37360568 0.16286245 0.37248890
0 1.00000000 0.51733247 0.99287615 0.51759312 0.99320348 0.52741379 0.99094212 0.52995453 0.98391255 0.53021172 0.98165059 0.53275249 0.97930740 0.53283822 0.97979839 0.54756954 0.97753703 0.55011029 0.96582049 0.55053896 0.96688429 0.58245600 0.96462233 0.58499676 0.95290578 0.58542544 0.95064444 0.58796681 0.95097176 0.59778748 0.95339678 0.60015676 0.95356043 0.60506679 0.97230714 0.60438089 0.97456850 0.60184015 0.97925548 0.60166867 0.98168050 0.60403795 0.98184417 0.60894860 1.00000000 0.60828433 1.00000000 0.51733247
0 0.29854047 1.00000000 0.29718335 0.97376332 0.29188730 0.97013211 0.04158517 0.96370007 0.04211573 1.00000000 0.29854047 1.00000000
0 0.74064379 0.99633209 0.74742846 0.99183412 0.74734661 0.99038514 0.74500342 0.99043572 0.74257840 0.98903770 0.72617488 0.98939183 0.72391352 0.99089103 0.72399537 0.99234001 0.71721070 0.99683798 0.71729253 0.99828659 0.74072561 0.99778070 0.74064379 0.99633209
0 0.71026236 0.99843836 0.71018053 0.99698975 0.71470324 0.99399099 0.71462141 0.99254238 0.72140608 0.98804441 0.72132426 0.98659580 0.70492133 0.98694992 0.70265937 0.98844913 0.70274119 0.98989774 0.69821849 0.99289650 0.69830032 0.99434511 0.69151565 0.99884308 0.71026236 0.99843836
0 0.73966179 0.97894729 0.73740045 0.98044686 0.75849035 0.97999155 0.75840851 0.97854257 0.76067047 0.97704337 0.76050681 0.97414615 0.76276818 0.97264695 0.76511137 0.97259637 0.76502952 0.97114738 0.76729088 0.96964819 0.76963407 0.96959760 0.76955225 0.96814899 0.76486587 0.96825017 0.76244083 0.96685177 0.75072369 0.96710473 0.74620098 0.97010349 0.74628281 0.97155210 0.74402147 0.97305167 0.74410329 0.97450028 0.73957997 0.97749868 0.73966179 0.97894729
0 0.72688145 0.96036721 0.72462011 0.96186678 0.72470193 0.96331538 0.72244057 0.96481458 0.72252240 0.96626319 0.71347577 0.97226037 0.71355761 0.97370935 0.71129625 0.97520854 0.70895306 0.97525913 0.70911671 0.97815635 0.73254980 0.97765046 0.73246798 0.97620185 0.73472994 0.97470264 0.73707313 0.97465205 0.73690945 0.97175446 0.73917082 0.97025527 0.74151461 0.97020467 0.74135093 0.96730708 0.74361229 0.96580788 0.74353047 0.96435927 0.74579183 0.96286008 0.74813502 0.96280949 0.74797135 0.95991190 0.75023271 0.95841271 0.75257650 0.95836211 0.75249467 0.95691350 0.75475602 0.95541393 0.75709921 0.95536335 0.75693555 0.95246613 0.73584565 0.95292143 0.73600930 0.95581865 0.73374796 0.95731822 0.73140417 0.95736881 0.73148600 0.95881742 0.72922464 0.96031662 0.72688145 0.96036721
0 0.88170519 0.95992588 0.87718246 0.96292427 0.87726429 0.96437288 0.87047962 0.96887085 0.87056147 0.97031983 0.86603874 0.97331822 0.86612057 0.97476683 0.85933590 0.97926480 0.85941773 0.98071341 0.85263306 0.98521138 0.85271488 0.98665999 0.84819218 0.98965875 0.84827400 0.99110736 0.84148934 0.99560533 0.85086269 0.99540297 0.85312406 0.99390378 0.85304221 0.99245480 0.85982687 0.98795683 0.85974505 0.98650822 0.86426778 0.98350983 0.86418595 0.98206122 0.87097062 0.97756325 0.87088877 0.97611427 0.87541210 0.97311586 0.87533027 0.97166725 0.87985298 0.96866849 0.87977115 0.96721988 0.88655582 0.96272191 0.88647399 0.96127330 0.89099732 0.95827490 0.89091547 0.95682592 0.89769954 0.95232796 0.89761771 0.95087935 0.90214104 0.94788094 0.90205921 0.94643233 0.90432055 0.94493277 0.90189554 0.94353475 0.89955175 0.94358535 0.89276768 0.94808330 0.89284951 0.94953191 0.88832618 0.95253032 0.88840803 0.95397930 0.88162336 0.95847727 0.88170519 0.95992588
0 1.00000000 0.85274773 0.99976525 0.84859187 0.99750389 0.85009107 0.99507827 0.84869306 0.99499645 0.84724445 0.99951975 0.84424567 0.99919243 0.83845087 0.99676742 0.83705284 0.99450545 0.83855205 0.99458730 0.84000103 0.98780261 0.84449863 0.98788443 0.84594724 0.98110037 0.85044520 0.96938323 0.85069816 0.96695821 0.84930013 0.94586831 0.84975544 0.94360695 0.85125464 0.94368879 0.85270362 0.93690410 0.85720122 0.93698593 0.85864983 0.93020126 0.86314780 0.93028311 0.86459678 0.92576038 0.86759517 0.92584221 0.86904378 0.91905754 0.87354175 0.91913937 0.87499036 0.91235470 0.87948833 0.91243653 0.88093694 0.90791382 0.88393570 0.90799565 0.88538431 0.90121098 0.88988228 0.90129280 0.89133089 0.89450814 0.89582886 0.89458996 0.89727747 0.89006726 0.90027623 0.89014908 0.90172484 0.88336439 0.90622244 0.88344624 0.90767142 0.87666158 0.91216939 0.87674340 0.91361800 0.87222068 0.91661639 0.87230250 0.91806500 0.86551783 0.92256297 0.86559968 0.92401196 0.85881499 0.92850955 0.85889682 0.92995816 0.85437411 0.93295693 0.85445594 0.93440554 0.84767127 0.93890351 0.84775310 0.94035212 0.84096843 0.94485009 0.84105025 0.94629870 0.83652755 0.94929746 0.83660938 0.95074607 0.82982471 0.95524404 0.82990653 0.95669265 0.82312187 0.96119062 0.82320369 0.96263923 0.81868097 0.96563762 0.81876281 0.96708660 0.81197814 0.97158457 0.81205997 0.97303318 0.80753665 0.97603158 0.80761847 0.97748019 0.80083440 0.98197815 0.80091625 0.98342713 0.79639292 0.98642554 0.79647475 0.98787414 0.79195204 0.99087291 0.79203387 0.99232152 0.78524920 0.99681949 0.83680296 0.99570651 0.83672113 0.99425790 0.84350520 0.98975994 0.84342335 0.98831096 0.84794668 0.98531255 0.84786485 0.98386395 0.85464952 0.97936597 0.85456770 0.97791737 0.85909040 0.97491860 0.85900858 0.97346999 0.86579324 0.96897202 0.86571142 0.96752341 0.87023412 0.96452465 0.87015230 0.96307604 0.87693698 0.95857844 0.87685514 0.95712946 0.88137786 0.95413107 0.88129601 0.95268209 0.88808070 0.94818449 0.88799888 0.94673588 0.89252218 0.94373711 0.89244036 0.94228850 0.89922443 0.93779054 0.89914260 0.93634193 0.90366590 0.93334315 0.90358408 0.93189454 0.91036875 0.92739657 0.91279376 0.92879460 0.91287561 0.93024358 0.90835288 0.93324197 0.90843473 0.93469095 0.91328476 0.93748699 0.91554612 0.93598780 0.91546430 0.93453919 0.92224896 0.93004122 0.92216712 0.92859224 0.92669044 0.92559383 0.92660862 0.92414522 0.93339268 0.91964726 0.93331086 0.91819865 0.93783416 0.91519988 0.93775234 0.91375127 0.94453700 0.90925330 0.94445518 0.90780469 0.94897788 0.90480593 0.94889606 0.90335732 0.95568075 0.89885972 0.95559890 0.89741074 0.96012163 0.89441235 0.96003978 0.89296337 0.96682447 0.88846577 0.96674264 0.88701716 0.97126535 0.88401840 0.97118352 0.88256979 0.97796819 0.87807181 0.97788636 0.87662321 0.98240967 0.87362443 0.98232784 0.87217582 0.98911191 0.86767786 0.98903008 0.86622925 0.99355341 0.86323085 0.99347156 0.86178187 1.00000000 0.85745377 1.00000000 0.85274773
0 0.87943650 0.83668475 0.87951835 0.83813373 0.87499502 0.84113213 0.87507687 0.84258112 0.87281550 0.84408031 0.87289733 0.84552892 0.87063597 0.84702812 0.87071779 0.84847672 0.87306098 0.84842614 0.87548602 0.84982453 0.87556784 0.85127314 0.87799346 0.85267115 0.87815713 0.85556874 0.87137244 0.86006634 0.87145429 0.86151532 0.86466962 0.86601329 0.86475145 0.86746190 0.85796676 0.87195950 0.85093719 0.87211126 0.85101904 0.87356024 0.84423437 0.87805821 0.84431620 0.87950682 0.83979287 0.88250522 0.83987470 0.88395383 0.83535199 0.88695260 0.83543382 0.88840121 0.82864915 0.89289918 0.82873098 0.89434779 0.82420827 0.89734655 0.82429010 0.89879516 0.81976679 0.90179393 0.81984862 0.90324254 0.81532589 0.90624093 0.81540772 0.90768954 0.81088441 0.91068832 0.83431810 0.91018241 0.83657946 0.90868322 0.83649762 0.90723424 0.84328231 0.90273664 0.84320048 0.90128803 0.84772318 0.89828927 0.84764136 0.89684066 0.85442603 0.89234269 0.85434420 0.89089408 0.85886691 0.88789531 0.85878508 0.88644671 0.86556975 0.88194873 0.86548792 0.88050012 0.87001125 0.87750172 0.86992940 0.87605274 0.87671347 0.87155478 0.87663164 0.87010617 0.88115497 0.86710777 0.88107314 0.86565916 0.88785781 0.86116119 0.88777596 0.85971221 0.89456005 0.85521462 0.89447823 0.85376601 0.89900153 0.85076724 0.89891971 0.84931863 0.90570437 0.84482066 0.90562255 0.84337205 0.91014525 0.84037328 0.91006343 0.83892468 0.91684809 0.83442670 0.91676627 0.83297810 0.92128959 0.82997969 0.92120775 0.82853071 0.92346911 0.82703152 0.89066207 0.82773978 0.88823705 0.82634176 0.88831888 0.82779037 0.88605751 0.82928956 0.88613936 0.83073854 0.88161604 0.83373695 0.88169786 0.83518555 0.87943650 0.83668475
0 0.99804680 0.81816922 0.99722848 0.80368202 0.99496714 0.80518159 0.99504896 0.80663020 0.98600233 0.81262738 0.98842795 0.81402539 0.99077114 0.81397480 0.99804680 0.81816922
0 0.97586317 0.75772828 0.97594502 0.75917726 0.97142169 0.76217566 0.97150352 0.76362427 0.96698081 0.76662304 0.95995065 0.76677481 0.95316598 0.77127278 0.95324780 0.77272139 0.94646312 0.77721899 0.94654496 0.77866797 0.94202224 0.78166636 0.94210409 0.78311534 0.93531940 0.78761294 0.93540122 0.78906155 0.92861655 0.79355952 0.92869840 0.79500850 0.92417567 0.79800689 0.92425750 0.79945550 0.91747283 0.80395347 0.91755466 0.80540208 0.91076999 0.80990005 0.91085182 0.81134866 0.90406775 0.81584662 0.90423142 0.81874421 0.93469468 0.81808654 0.93461283 0.81663756 0.93913616 0.81363916 0.93905431 0.81219018 0.94809976 0.80619340 0.94801791 0.80474442 0.95254124 0.80174601 0.95245939 0.80029703 0.95924408 0.79579943 0.95916226 0.79435082 0.96368496 0.79135206 0.96360313 0.78990345 0.97038780 0.78540548 0.97030598 0.78395687 0.97709064 0.77945890 0.97700882 0.77801029 0.98153152 0.77501153 0.98144970 0.77356292 0.98823437 0.76906495 0.98815254 0.76761634 0.99267585 0.76461756 0.99259402 0.76316895 0.99485538 0.76166976 0.99370974 0.74138775 0.99379158 0.74283672 0.98700691 0.74733470 0.98708874 0.74878330 0.98256541 0.75178171 0.98264724 0.75323032 0.97586317 0.75772828
