0 0.30957031 0.35908980 0.32141852 0.35288855 0.32408930 0.35314926 0.33931970 0.34517788 0.34199041 0.34543858 0.35112875 0.34065557 0.35379946 0.34091627 0.35609447 0.34303230 0.35876573 0.34329305 0.36181172 0.34169838 0.36448230 0.34195907 0.37666667 0.33558188 0.37207617 0.33135074 0.37245150 0.32949585 0.36786041 0.32526417 0.36518984 0.32500348 0.34995943 0.33297486 0.34728865 0.33271415 0.34119642 0.33590299 0.33852571 0.33564229 0.33623035 0.33352622 0.33355958 0.33326552 0.32746741 0.33645436 0.32479663 0.33619365 0.31261226 0.34257084 0.30994148 0.34231014 0.30957031 0.34250441 0.30957031 0.35908980
0 0.30957031 0.30822460 0.31402700 0.30865964 0.31440242 0.30680428 0.31744846 0.30521010 0.32011923 0.30547080 0.32124530 0.29990568 0.32429141 0.29831150 0.34832807 0.30065783 0.34870339 0.29880295 0.31665446 0.29567450 0.31360843 0.29726869 0.30957031 0.29687451 0.30957031 0.30822460
0 0.41283014 0.19723921 0.41207949 0.20094898 0.40903360 0.20254317 0.40369177 0.20202173 0.40068898 0.21686175 0.40335955 0.21712243 0.40565548 0.21923807 0.40452941 0.22480319 0.40682456 0.22691924 0.40194506 0.25103415 0.40728689 0.25155559 0.40958214 0.25367116 0.40432730 0.27964095 0.43370497 0.28250864 0.43558169 0.27323375 0.43862827 0.27163962 0.44129885 0.27190030 0.44167417 0.27004542 0.43937902 0.26792938 0.44913804 0.21969956 0.45218393 0.21810537 0.45752576 0.21862681 0.45790109 0.21677192 0.46094708 0.21517725 0.46628823 0.21569862 0.46666355 0.21384374 0.47275613 0.21065494 0.47542670 0.21091563 0.47617735 0.20720586 0.47922325 0.20561166 0.48990622 0.20665448 0.49103230 0.20108935 0.48873705 0.19897378 0.48911247 0.19711843 0.46774651 0.19503280 0.46545127 0.19291723 0.46278069 0.19265654 0.46202995 0.19636678 0.45898337 0.19796091 0.42960501 0.19509316 0.42922969 0.19694804 0.42618369 0.19854271 0.41283014 0.19723921
0 0.30957031 0.26471673 0.38942847 0.27251205 0.38980380 0.27065716 0.38750864 0.26854112 0.38901004 0.26112111 0.38366889 0.26059973 0.38137296 0.25848410 0.38437575 0.24364408 0.35766851 0.24103707 0.35537306 0.23892148 0.35649913 0.23335635 0.35420368 0.23124076 0.35724987 0.22964611 0.38662789 0.23251383 0.38887993 0.22138406 0.38620936 0.22112337 0.38391411 0.21900780 0.39067043 0.18561753 0.38532874 0.18509610 0.38303335 0.18298052 0.38340868 0.18112563 0.37539641 0.18034352 0.37310103 0.17822794 0.35440578 0.17640301 0.35211050 0.17428695 0.35323656 0.16872183 0.35628260 0.16712764 0.38566082 0.16999539 0.38641147 0.16628562 0.38411608 0.16417003 0.38674355 0.15118490 0.38407277 0.15092419 0.38177732 0.14880861 0.38590617 0.12840346 0.38361088 0.12628741 0.38436153 0.12257764 0.37100785 0.12127413 0.36796174 0.12286830 0.33057133 0.11921845 0.30957031 0.22300710 0.30957031 0.26471673
0 0.40310002 0.13764840 0.40539527 0.13976397 0.40239248 0.15460399 0.40468841 0.15671962 0.40168562 0.17155964 0.42305158 0.17364527 0.42342690 0.17179038 0.42647280 0.17019619 0.46386287 0.17384600 0.47136985 0.13674596 0.46068687 0.13570315 0.45839172 0.13358711 0.45989302 0.12616757 0.43585649 0.12382126 0.43510584 0.12753102 0.43205994 0.12912522 0.40001033 0.12599671 0.39813352 0.13527208 0.40042945 0.13738771 0.40310002 0.13764840
0 0.46338643 0.02814274 0.46034044 0.02973741 0.44431632 0.02817322 0.43718467 0.06341838 0.46656302 0.06628613 0.46885827 0.06840171 0.46810762 0.07211147 0.46506173 0.07370567 0.43835394 0.07109860 0.43384967 0.09335910 0.43080377 0.09495329 0.42667500 0.11535796 0.44804096 0.11744359 0.45033611 0.11955963 0.45567794 0.12008107 0.45642869 0.11637083 0.45947458 0.11477664 0.48885225 0.11764432 0.49110439 0.10651407 0.48843382 0.10625339 0.48613857 0.10413782 0.49064276 0.08187779 0.49368865 0.08028360 0.49903048 0.08080504 0.49978123 0.07709480 0.50282712 0.07550060 0.51351010 0.07654342 0.51388543 0.07468853 0.51693132 0.07309434 0.53028556 0.07439790 0.53103630 0.07068766 0.53408220 0.06909346 0.54209392 0.06987552 0.54246924 0.06802064 0.54551592 0.06642604 0.56421062 0.06825091 0.56758873 0.05155601 0.56529348 0.04944044 0.56641955 0.04387532 0.56374898 0.04361463 0.56145373 0.04149906 0.56558257 0.02109402 0.49347231 0.01405500 0.49042638 0.01564934 0.44769448 0.01147809 0.44694378 0.01518809 0.46296790 0.01675228 0.46526313 0.01886794 0.46338643 0.02814274
0 0.41102552 0.11193882 0.41407210 0.11034469 0.41941325 0.11086607 0.42804629 0.06820090 0.41736332 0.06715809 0.41431742 0.06875228 0.40096353 0.06744875 0.39866807 0.06533316 0.40016947 0.05791315 0.40321557 0.05631898 0.43259358 0.05918670 0.44235265 0.01095665 0.44005743 0.00884093 0.35459362 0.00049842 0.33394944 0.10252355 0.35798610 0.10486988 0.36028156 0.10698547 0.35915549 0.11255060 0.40989945 0.11750395 0.41102552 0.11193882
0 0.08431447 0.98385381 0.08515599 0.97378726 0.07916830 0.97237250 0.07832679 0.98243905 0.08431447 0.98385381
0 0.22216093 1.00000000 0.17307758 0.98840266 0.17210810 1.00000000 0.22216093 1.00000000
0 0.47555529 0.66647674 0.47495023 0.68217966 0.53156885 0.67766655 0.53217391 0.66196363 0.47555529 0.66647674
