0 0.07522339 0.35889879 0.12001437 0.55227025 0.14037260 0.53987358 0.09114034 0.33103020 0.07778307 0.33974934 0.08178365 0.35420900 0.07522339 0.35889879
0 0.08136244 0.59936909 0.05755154 0.49604264 0.05263410 0.49841861 0.05594952 0.51449697 0.07471881 0.59936909 0.08136244 0.59936909
0 0.07656383 0.48475885 0.07753081 0.49054237 0.09471186 0.56705888 0.10047239 0.56370481 0.08170934 0.48285052 0.07656383 0.48475885
0 0.31103571 0.33848619 0.29643330 0.31042558 0.26777595 0.34938836 0.28199098 0.37589562 0.31103571 0.33848619
0 0.30946631 0.28037457 0.27803178 0.24594394 0.26690134 0.27274963 0.29970599 0.30547627 0.30946631 0.28037457
0 0.20542700 0.21021763 0.20035219 0.20659514 0.18877615 0.26936138 0.19369593 0.27271496 0.20542700 0.21021763
0 0.19143957 0.18700098 0.18565719 0.18201741 0.17521364 0.21910798 0.18108644 0.22321847 0.19143957 0.18700098
0 0.98784434 0.39029408 0.98593931 0.39242226 0.98532623 0.40175177 0.98342075 0.40387990 0.98280763 0.41321000 0.98090260 0.41533818 0.98028952 0.42466769 0.97838449 0.42679587 0.97777141 0.43612538 0.97586638 0.43825356 0.97525330 0.44758306 0.97334823 0.44971185 0.97273519 0.45904075 0.97082967 0.46116948 0.97021659 0.47049899 0.96831156 0.47262717 0.96815830 0.47495940 0.98742913 0.47720403 0.99539916 0.35592047 0.99349409 0.35804925 0.99288105 0.36737816 0.99097553 0.36950688 0.99036245 0.37883639 0.98845742 0.38096457 0.98784434 0.39029408
0 1.00000000 0.02507425 0.94167911 0.01828113 0.94121930 0.02527829 0.93931426 0.02740660 0.93900772 0.03207135 0.93710223 0.03419966 0.93664242 0.04119676 0.93473738 0.04332512 0.93443084 0.04798981 0.93252580 0.05011818 0.93206599 0.05711527 0.93016095 0.05924363 0.92985441 0.06390839 0.92794937 0.06603669 0.92764283 0.07070150 0.92573734 0.07282975 0.92527752 0.07982703 0.92337249 0.08195522 0.92306593 0.08662027 0.92116090 0.08874845 0.92070112 0.09574513 0.91879560 0.09787386 0.91848908 0.10253831 0.91658401 0.10466709 0.91612422 0.11166377 0.91421919 0.11379196 0.91391263 0.11845701 0.91200760 0.12058519 0.91170104 0.12525024 0.90979601 0.12737843 0.90933619 0.13437570 0.90743071 0.13650384 0.90712415 0.14116889 0.90521912 0.14329707 0.90475934 0.15029375 0.90285427 0.15242253 0.90254775 0.15708699 0.90064223 0.15921571 0.90033571 0.16388017 0.89843068 0.16600835 0.89797086 0.17300563 0.89606583 0.17513381 0.89575927 0.17979886 0.89385423 0.18192705 0.89339442 0.18892432 0.89148938 0.19105251 0.89118283 0.19571756 0.88927735 0.19784569 0.88881756 0.20484237 0.88691249 0.20697115 0.88660597 0.21163561 0.88470090 0.21376439 0.88439438 0.21842884 0.88248890 0.22055697 0.88202908 0.22755425 0.88012405 0.22968243 0.87981749 0.23434748 0.87791246 0.23647567 0.87745264 0.24347294 0.87554761 0.24560113 0.87524105 0.25026618 0.87333602 0.25239436 0.87287624 0.25939104 0.87097072 0.26151977 0.87066420 0.26618423 0.86875913 0.26831301 0.86845261 0.27297746 0.86654757 0.27510564 0.86608775 0.28210292 0.86418227 0.28423105 0.86387571 0.28889610 0.86197068 0.29102429 0.86151087 0.29802156 0.85960583 0.30014975 0.85929927 0.30481480 0.85739424 0.30694298 0.85708772 0.31160744 0.85518269 0.31373562 0.85472287 0.32073290 0.85281735 0.32286163 0.85251083 0.32752608 0.85060580 0.32965426 0.85029924 0.33431931 0.84839421 0.33644750 0.84793439 0.34344478 0.84602891 0.34557291 0.84572239 0.35023736 0.84381732 0.35236614 0.84335750 0.35936342 0.84145247 0.36149160 0.84114595 0.36615606 0.83924091 0.36828424 0.83878109 0.37528152 0.83687602 0.37741030 0.83656950 0.38207475 0.83466402 0.38420288 0.83420420 0.39120016 0.83580316 0.39373648 0.85332178 0.39577702 0.85492025 0.39831389 0.85415391 0.40997562 0.85590568 0.41017967 0.85750464 0.41271599 0.87151971 0.41434844 0.87311822 0.41688471 0.87265840 0.42388199 0.87425691 0.42641826 0.87600913 0.42662235 0.87920611 0.43169549 0.88095788 0.43189954 0.88255640 0.43443581 0.88430862 0.43463990 0.88590713 0.43717617 0.88765890 0.43738022 0.88956438 0.43525208 0.90182723 0.43668044 0.90373271 0.43455231 0.91599555 0.43598066 0.91790107 0.43385194 0.92140462 0.43426002 0.92330965 0.43213184 0.92376943 0.42513516 0.92567450 0.42300638 0.92598102 0.41834192 0.92788654 0.41621320 0.92819306 0.41154874 0.93009809 0.40942056 0.93055791 0.40242328 0.93246294 0.40029510 0.93276950 0.39563005 0.93467498 0.39350191 0.93513480 0.38650464 0.93703983 0.38437646 0.93734639 0.37971140 0.93925142 0.37758322 0.93955794 0.37291877 0.94146297 0.37079058 0.94192279 0.36379330 0.94382787 0.36166452 0.94413439 0.35700007 0.94603987 0.35487194 0.94634643 0.35020689 0.94825146 0.34807871 0.94871128 0.34108143 0.95061631 0.33895324 0.95092283 0.33428879 0.95282835 0.33216006 0.95328817 0.32516278 0.95519320 0.32303460 0.95549972 0.31837015 0.95740475 0.31624196 0.95771131 0.31157691 0.95961634 0.30944873 0.95992290 0.30478368 0.96182793 0.30265549 0.96228775 0.29565822 0.96419323 0.29353009 0.96449979 0.28886503 0.96640482 0.28673685 0.96686460 0.27974017 0.96876968 0.27761139 0.96907619 0.27294693 0.97098171 0.27081821 0.97128823 0.26615375 0.97319327 0.26402557 0.97365309 0.25702829 0.97555812 0.25490011 0.97586468 0.25023506 0.97776971 0.24810687 0.97807623 0.24344242 0.97998130 0.24131364 0.98044112 0.23431636 0.98234660 0.23218823 0.98265312 0.22752378 0.98455815 0.22539559 0.98501797 0.21839832 0.98692304 0.21626953 0.98722956 0.21160508 0.98913504 0.20947695 0.98944160 0.20481190 0.99134663 0.20268372 0.99180645 0.19568644 0.99371148 0.19355825 0.99401801 0.18889380 0.99592308 0.18676502 0.99622959 0.18210056 0.99813467 0.17997178 0.99859445 0.17297510 1.00000000 0.17140531 1.00000000 0.02507425
0 0.23240957 0.83182914 0.26757779 0.83004954 0.26853616 0.82206741 0.23320816 0.82517778 0.23240957 0.83182914
0 0.93892198 0.76532608 0.89162101 0.76164338 0.89085463 0.76943873 0.92589230 0.77216664 0.92604556 0.77060773 0.92795063 0.76918481 0.93846216 0.77000320 0.93892198 0.76532608
0 1.00000000 0.67896694 0.98985682 0.67817723 0.98825786 0.67648190 0.98841112 0.67492299 0.97439605 0.67383182 0.97279758 0.67213613 0.97295084 0.67057722 0.95017646 0.66880408 0.94857795 0.66710879 0.94888451 0.66399057 0.93486944 0.66289940 0.93105889 0.66574481 0.90302876 0.66356248 0.90226242 0.67135743 0.90035739 0.67277995 0.89913123 0.68525203 0.91489806 0.68647958 0.91649658 0.68817487 0.91619002 0.69129309 0.91428498 0.69271562 0.89851815 0.69148806 0.89637235 0.71331439 0.90863564 0.71426917 0.91054071 0.71284625 0.91229248 0.71298264 0.91548992 0.71637366 0.91518336 0.71949188 0.91327788 0.72091437 0.89575927 0.71955043 0.89208079 0.75696665 0.90259231 0.75778505 0.90427829 0.74063584 0.90618332 0.73921332 0.94822853 0.74248682 0.94982704 0.74418211 0.94783454 0.76444913 1.00000000 0.76851056 1.00000000 0.67896694
0 0.90189006 0.65719006 0.90348858 0.65888535 0.91925542 0.66011291 0.91971523 0.65543578 0.90219662 0.65407184 0.90189006 0.65719006
0 0.77468155 0.65828274 0.77222923 0.68322689 0.78098854 0.68390885 0.78258750 0.68560419 0.78212772 0.69028091 0.78022220 0.69170380 0.77146289 0.69102183 0.77054329 0.70037569 0.76863826 0.70179821 0.76587938 0.72986058 0.76397435 0.73128310 0.76047036 0.73101029 0.75771148 0.75907266 0.75580645 0.76049518 0.75519337 0.76673122 0.75328789 0.76815371 0.74978435 0.76788093 0.74794511 0.78658905 0.75845663 0.78740744 0.76005514 0.78910273 0.75990184 0.79066204 0.77041292 0.79148040 0.77133256 0.78212614 0.77323804 0.78070366 0.77849335 0.78111282 0.78009187 0.78280811 0.79585915 0.78403570 0.79800491 0.76220977 0.79609943 0.76363226 0.78909235 0.76308671 0.78749339 0.76139138 0.78841303 0.75203712 0.78681452 0.75034183 0.78696778 0.74878292 0.78887281 0.74736039 0.79412857 0.74776959 0.79572708 0.74946489 0.79557382 0.75102380 0.80433358 0.75170580 0.80593209 0.75340110 0.80562553 0.75651931 0.83715921 0.75897442 0.83731251 0.75741511 0.83921754 0.75599259 0.84272153 0.75626540 0.84287479 0.75470649 0.84477982 0.75328396 0.86229888 0.75464794 0.86389739 0.75634323 0.86374413 0.75790214 0.86183910 0.75932467 0.85658334 0.75891547 0.85467827 0.76033839 0.85117428 0.76006558 0.85056120 0.76630162 0.84865616 0.76772414 0.84340040 0.76731495 0.84309388 0.77043277 0.84118881 0.77185569 0.83768482 0.77158288 0.83577979 0.77300540 0.83531997 0.77768253 0.87210986 0.78054687 0.87226312 0.77898796 0.87416819 0.77756503 0.88467927 0.77838339 0.88835774 0.74096717 0.88135021 0.74042158 0.87944514 0.74184451 0.87243760 0.74129892 0.87083913 0.73960323 0.87129895 0.73492610 0.87320398 0.73350358 0.89072304 0.73486755 0.89593420 0.68186143 0.87841514 0.68049746 0.87681663 0.67880216 0.87727645 0.67412503 0.87918152 0.67270211 0.89670058 0.67406609 0.89899960 0.65068124 0.87622478 0.64890808 0.87462631 0.64721238 0.87477956 0.64565355 0.86251626 0.64469877 0.86091776 0.64300340 0.86107103 0.64144441 0.84880773 0.64048963 0.84720923 0.63879421 0.84736250 0.63723518 0.82633990 0.63559843 0.82474140 0.63390306 0.82489467 0.63234407 0.81438314 0.63152568 0.81278464 0.62983026 0.81309118 0.62671224 0.80608365 0.62616666 0.80417861 0.62758926 0.80242683 0.62745288 0.80082788 0.62575747 0.80113442 0.62263945 0.79062335 0.62182109 0.78893738 0.63897017 0.78703236 0.64039262 0.78177659 0.63998342 0.78009061 0.65713262 0.77818509 0.65855551 0.77468155 0.65828274
