0 0.35121779 0.36543884 0.38794134 0.36379869 0.38741305 0.34736530 0.35014852 0.35107521 0.35121779 0.36543884
0 0.35037158 0.37576643 0.35146428 0.38693159 0.38786401 0.38498396 0.38817442 0.37333921 0.35037158 0.37576643
0 0.34977729 0.39415828 0.35119759 0.40459609 0.38711782 0.40240877 0.38615736 0.39050580 0.34977729 0.39415828
0 0.79055909 0.50568938 0.86088529 0.51421937 0.86723975 0.23913661 0.79871794 0.23104274 0.79055909 0.50568938
0 0.99072101 0.11867662 0.98483435 0.11301984 0.98735320 0.10657205 0.97845175 0.09877529 0.95369191 0.15912283 0.96228516 0.16543379 0.96399568 0.16231892 0.97054778 0.16601955 0.99072101 0.11867662
0 0.42272220 0.81885814 0.41974114 0.79540102 0.41527558 0.77948693 0.38505657 0.77856554 0.37623485 0.78260558 0.37634435 0.84615064 0.37650851 0.86631492 0.38381689 0.87111898 0.40134576 0.87231544 0.41501489 0.86947692 0.42318123 0.86699694 0.42257445 0.84038961 0.42272220 0.81885814
0 0.22087463 0.79935569 0.22537861 0.79743851 0.22538626 0.78052907 0.23716354 0.78071781 0.24059197 0.76349018 0.25345246 0.76207993 0.25337836 0.73447636 0.23597301 0.73245672 0.23424601 0.72148756 0.21861620 0.71887471 0.21542278 0.69519987 0.20650424 0.69281891 0.19953240 0.69432354 0.19888094 0.69866482 0.20127731 0.76136810 0.20922764 0.79829869 0.22087463 0.79935569
0 0.79969227 0.83780826 0.82542824 0.81707702 0.81063903 0.78984687 0.78471508 0.81206040 0.79969227 0.83780826
0 0.86590521 0.78559095 0.88202092 0.77358861 0.87041492 0.75002713 0.85429939 0.76202809 0.86590521 0.78559095
0 0.70835622 0.94429791 0.71234934 0.95116433 0.73277587 0.93393831 0.72878258 0.92707329 0.70835622 0.94429791
0 0.74527404 0.91210775 0.74926733 0.91897278 0.76969369 0.90174815 0.76570058 0.89488174 0.74527404 0.91210775
0 0.63964844 0.96564218 0.64708807 0.96711394 0.65533380 0.95963117 0.65152736 0.95128364 0.63964844 0.96028165 0.63964844 0.96564218
