0 0.71998234 0.54249549 0.72070379 0.54673974 0.72334171 0.54852552 0.73700573 0.54650902 0.73892287 0.54405102 0.74803241 0.54270666 0.74994888 0.54024820 0.75678117 0.53923991 0.75414267 0.53745421 0.75306055 0.53108811 0.74622883 0.53209632 0.74431227 0.53455424 0.73520215 0.53589868 0.73328568 0.53835714 0.72417614 0.53970150 0.72225958 0.54215942 0.71998234 0.54249549
0 0.71254166 0.52619182 0.71290234 0.52831367 0.71554035 0.53010000 0.71626171 0.53434370 0.71817885 0.53188569 0.72728839 0.53054134 0.72920495 0.52808341 0.73831449 0.52673906 0.74023096 0.52428059 0.74706326 0.52327231 0.74897982 0.52081439 0.74861914 0.51869254 0.74598113 0.51690621 0.74562045 0.51478436 0.74106597 0.51545649 0.73914883 0.51791450 0.73003929 0.51925886 0.72812282 0.52171732 0.72129052 0.52272561 0.71937396 0.52518353 0.71254166 0.52619182
0 0.69993871 0.49324824 0.70138152 0.50173619 0.70401944 0.50352197 0.70546224 0.51200991 0.70810026 0.51379624 0.70882161 0.51803994 0.71073817 0.51558202 0.72212553 0.51390151 0.72404209 0.51144359 0.73315163 0.51009923 0.73506810 0.50764077 0.74190040 0.50663248 0.73926248 0.50484670 0.73781967 0.49635875 0.73518117 0.49457305 0.73373836 0.48608511 0.73110035 0.48429878 0.73073967 0.48217693 0.72846243 0.48251300 0.72654529 0.48497100 0.71743634 0.48631528 0.71551928 0.48877382 0.70868699 0.48978211 0.70677042 0.49224003 0.69993871 0.49324824
0 0.79737824 0.22871819 0.79473974 0.22693249 0.79018526 0.22760463 0.79307088 0.24458052 0.79990318 0.24357223 0.80181974 0.24111431 0.86103203 0.23237594 0.86294859 0.22991802 0.87889043 0.22756537 0.87625184 0.22577913 0.87372699 0.21092563 0.86689469 0.21193392 0.86497813 0.21439184 0.86042365 0.21506397 0.85850709 0.21752189 0.82434618 0.22256326 0.82242962 0.22502118 0.79737824 0.22871819
0 0.95043691 0.19525429 0.95235347 0.19279637 0.98651439 0.18775501 0.98435013 0.17502282 0.95474369 0.17939205 0.95282722 0.18185051 0.93005367 0.18521136 0.93041435 0.18733321 0.93305226 0.18911899 0.93449507 0.19760694 0.95043691 0.19525429
0 0.78430105 0.20672110 0.78718666 0.22369699 0.79401838 0.22268879 0.79365761 0.22056639 0.79557475 0.21810839 0.80696153 0.21642796 0.80887809 0.21397004 0.84076177 0.20926475 0.84267824 0.20680628 0.86317455 0.20378150 0.86581256 0.20556782 0.86617324 0.20768967 0.87300554 0.20668138 0.87011992 0.18970549 0.86748200 0.18791971 0.86292694 0.18859193 0.86101038 0.19104985 0.82912729 0.19575506 0.82721015 0.19821307 0.79532705 0.20291828 0.79341059 0.20537674 0.78430105 0.20672110
0 0.83629862 0.15554254 0.83521658 0.14917698 0.83257866 0.14739120 0.80525004 0.15142427 0.80333349 0.15388219 0.77144981 0.15858749 0.77289262 0.16707544 0.79338952 0.16405057 0.79530599 0.16159211 0.83629862 0.15554254
0 0.76850104 0.01763335 0.76777963 0.01338938 0.76514111 0.01160357 0.75603157 0.01294793 0.75711368 0.01931386 0.76239014 0.02288562 0.76047302 0.02534373 0.76311155 0.02712959 0.76502808 0.02467151 0.76766602 0.02645745 0.76838743 0.03070142 0.81165788 0.02431570 0.81021507 0.01582775 0.80757714 0.01404186 0.80721643 0.01191985 0.80913296 0.00946177 0.81141020 0.00912570 0.81332674 0.00666767 0.81260534 0.00242370 0.80349638 0.00376797 0.80457848 0.01013390 0.80266137 0.01259207 0.79127459 0.01427250 0.78935806 0.01673058 0.77113898 0.01941930 0.76850104 0.01763335
0 0.08598470 0.72176527 0.07457184 0.79939675 0.07916245 0.80206290 0.08324016 0.80481828 0.09320348 0.80828218 0.10214099 0.81192452 0.11439961 0.81672150 0.12590162 0.81991774 0.13392006 0.82083270 0.14175053 0.82409017 0.14625991 0.82619300 0.15230798 0.82802817 0.15768069 0.82882592 0.16440413 0.83169851 0.16823813 0.83276392 0.17452991 0.83628905 0.18187298 0.83616660 0.18611316 0.84004861 0.19175506 0.83906718 0.19864097 0.84306641 0.20366324 0.84508002 0.20647145 0.84632387 0.21160044 0.84543166 0.21813593 0.85064675 0.22445320 0.85070274 0.22853091 0.85345811 0.23314700 0.85265512 0.24105872 0.85647591 0.24540562 0.85745210 0.25007747 0.86068157 0.25596307 0.86139010 0.26131028 0.86565699 0.26849088 0.86440790 0.27478266 0.86793303 0.27739813 0.86054863 0.29000403 0.79483611 0.29229457 0.78519843 0.31482875 0.70447745 0.13624573 0.64372796 0.12900938 0.64094459 0.11912731 0.63804401 0.11145930 0.63591318 0.08598470 0.72176527
0 0.66215973 0.88437396 0.68341611 0.88661400 0.68981224 0.88013432 0.66858954 0.87720396 0.66215973 0.88437396
0 0.70633577 0.89444353 0.71436349 0.88539592 0.69896475 0.88362479 0.69179464 0.89254497 0.70633577 0.89444353
0 0.72401764 0.88754324 0.73771606 0.88948232 0.74218914 0.88447780 0.72856902 0.88239627 0.72401764 0.88754324
