0 0.31985434 0.25221243 0.31963897 0.21646048 0.14552451 0.21584349 0.14469510 0.25274820 0.31985434 0.25221243
0 0.31819295 0.30665297 0.32120496 0.26454556 0.14413038 0.26318883 0.14249962 0.30471432 0.31819295 0.30665297
0 0.00000000 0.32613208 0.01565386 0.32752800 0.01619199 0.31110369 0.00000000 0.31044992 0.00000000 0.32613208
0 0.00000000 0.39990638 0.01509842 0.40137150 0.01482207 0.37464890 0.00000000 0.37362435 0.00000000 0.39990638
0 0.79735328 0.19591769 0.72967070 0.16716368 0.70002597 0.23276863 0.76941285 0.26303362 0.80105485 0.20409689 0.79420341 0.20152089 0.79735328 0.19591769
0 0.23144587 1.00000000 0.27378140 0.99180131 0.27185672 0.97694290 0.26664868 0.97795149 0.26463788 0.97616518 0.26243827 0.95918429 0.26389920 0.95672565 0.26910724 0.95571706 0.26553281 0.92812271 0.24817328 0.93148456 0.24616203 0.92969833 0.24478729 0.91908542 0.24624860 0.91662614 0.25840010 0.91427289 0.25638930 0.91248658 0.25556449 0.90611915 0.25702536 0.90365997 0.26396926 0.90231522 0.26121978 0.88108938 0.25601218 0.88209788 0.25400087 0.88031111 0.25235120 0.86757572 0.25381257 0.86511699 0.25728430 0.86444466 0.25874516 0.86198547 0.25627061 0.84288211 0.25106302 0.84389061 0.24905178 0.84210439 0.24712710 0.82724597 0.24858847 0.82478725 0.25379607 0.82377874 0.25132152 0.80467538 0.24611393 0.80568388 0.24410268 0.80389766 0.24025333 0.77418084 0.24171470 0.77172211 0.24692230 0.77071361 0.24169820 0.73038386 0.23649061 0.73139236 0.23447936 0.72960614 0.23282962 0.71687020 0.23429099 0.71441148 0.23949859 0.71340297 0.23647410 0.69005412 0.21911457 0.69341596 0.21710377 0.69162965 0.21682883 0.68950718 0.17690128 0.69723954 0.17489048 0.69545323 0.16968244 0.69646181 0.17518140 0.73891349 0.17372010 0.74137276 0.17454497 0.74774073 0.17308404 0.75019937 0.16961231 0.75087171 0.17346160 0.78058799 0.17200073 0.78304717 0.16679270 0.78405576 0.17394140 0.83924338 0.17248003 0.84170210 0.16727243 0.84271061 0.17442121 0.89789876 0.17296028 0.90035740 0.16948810 0.90102982 0.17608694 0.95197249 0.17462601 0.95443113 0.16941797 0.95543972 0.17519007 1.00000000 0.23144587 1.00000000
0 0.15917447 1.00000000 0.15874346 0.99667266 0.16020439 0.99421402 0.15855465 0.98147808 0.16001558 0.97901944 0.15836584 0.96628350 0.15982677 0.96382486 0.15817702 0.95108892 0.15963840 0.94863019 0.15826366 0.93801727 0.15972459 0.93555863 0.15807484 0.92282269 0.15953577 0.92036405 0.15788610 0.90762866 0.15934740 0.90516939 0.15769773 0.89243399 0.15915866 0.88997535 0.15668404 0.87087144 0.15960590 0.86595416 0.15795616 0.85321822 0.15941709 0.85075958 0.15776742 0.83802419 0.15922872 0.83556492 0.15757905 0.82282952 0.15903998 0.82037088 0.15766517 0.80975742 0.15912610 0.80729877 0.15747635 0.79456284 0.15893773 0.79210411 0.15728806 0.77936871 0.15874892 0.77690953 0.15709924 0.76417413 0.15856017 0.76171549 0.15691043 0.74897956 0.15837136 0.74652091 0.15699662 0.73590799 0.15845755 0.73344935 0.15680780 0.72071341 0.15826918 0.71825469 0.15661944 0.70551875 0.15808037 0.70306011 0.15780543 0.70093763 0.15579463 0.69915132 0.14711487 0.70083224 0.14510355 0.69904548 0.14455368 0.69480053 0.13760978 0.69614528 0.13559891 0.69435843 0.13386305 0.69469460 0.12984100 0.69112207 0.08470585 0.69986293 0.08525572 0.70410788 0.08379442 0.70656715 0.08544409 0.71930254 0.08398316 0.72176119 0.08563291 0.73449712 0.08417197 0.73695577 0.08582172 0.74969170 0.08436079 0.75215035 0.08573553 0.76276326 0.08427467 0.76522245 0.08592434 0.77795784 0.08446297 0.78041657 0.08611271 0.79315251 0.08465178 0.79561115 0.08602652 0.80622407 0.08456559 0.80868271 0.08621534 0.82141865 0.08475396 0.82387738 0.08640370 0.83661332 0.08494277 0.83907196 0.08659252 0.85180790 0.08513159 0.85426654 0.08678126 0.86700193 0.08532040 0.86946112 0.09052799 0.86845262 0.09253924 0.87023884 0.09308911 0.87448379 0.09162773 0.87694252 0.09217767 0.88118801 0.09363905 0.87872928 0.09537491 0.87839311 0.09738571 0.88017942 0.09876045 0.89079234 0.09729952 0.89325098 0.09035562 0.89459574 0.09228029 0.90945415 0.09081936 0.91191279 0.09109437 0.91403581 0.09630196 0.91302731 0.09831320 0.91481353 0.09886314 0.91905903 0.09740177 0.92151775 0.09850157 0.93000820 0.09704064 0.93246684 0.09502984 0.93068053 0.09155811 0.93135287 0.09293286 0.94196579 0.09147148 0.94442451 0.09257129 0.95291496 0.09604346 0.95224254 0.09805433 0.95402939 0.09942907 0.96464231 0.09796814 0.96710095 0.09824307 0.96922343 0.09678221 0.97168261 0.09157417 0.97269120 0.09294891 0.98330412 0.09148754 0.98576285 0.09231241 0.99213081 0.10793653 0.98910505 0.10994732 0.99089136 0.11112721 1.00000000 0.15917447 1.00000000
0 0.07375723 1.00000000 0.07349185 0.99795132 0.07495287 0.99549266 0.07330313 0.98275672 0.07476415 0.98029806 0.07311440 0.96756212 0.07457525 0.96510350 0.07292557 0.95236810 0.07438688 0.94990883 0.07301214 0.93929591 0.07447307 0.93683727 0.07282339 0.92410187 0.07428425 0.92164269 0.07263458 0.90890730 0.07409596 0.90644857 0.07244621 0.89371263 0.07390714 0.89125399 0.07225740 0.87851805 0.06878522 0.87919047 0.06677442 0.87740416 0.06622456 0.87315921 0.06768542 0.87070003 0.06713555 0.86645508 0.06859685 0.86399581 0.06749712 0.85550591 0.06895798 0.85304672 0.07069384 0.85271055 0.07041891 0.85058808 0.06347500 0.85193283 0.06146421 0.85014652 0.06118920 0.84802350 0.06265013 0.84556486 0.06155033 0.83707442 0.06301126 0.83461578 0.06821930 0.83360719 0.06711949 0.82511675 0.06858042 0.82265810 0.06720561 0.81204464 0.06373388 0.81271698 0.06172308 0.81093067 0.06117321 0.80668572 0.06263414 0.80422707 0.06180927 0.79785911 0.06327013 0.79539992 0.06847817 0.79439133 0.06710343 0.78377841 0.06856436 0.78131977 0.06746456 0.77282933 0.06399238 0.77350175 0.06198158 0.77171544 0.06088178 0.76322500 0.06234264 0.76076581 0.06179277 0.75652086 0.06325414 0.75406213 0.06846218 0.75305355 0.06736238 0.74456310 0.06882324 0.74210392 0.06744850 0.73149100 0.06397632 0.73216342 0.06196552 0.73037711 0.06059078 0.71976419 0.06205171 0.71730555 0.06012704 0.70244714 0.05144727 0.70412806 0.04943647 0.70234175 0.00000000 0.71191560 0.00000000 0.74656844 0.03282816 1.00000000 0.07375723 1.00000000
0 0.22251754 0.44983819 0.22157817 0.45141876 0.21637057 0.45242726 0.21802028 0.46516293 0.21655937 0.46762168 0.21793413 0.47823476 0.22314172 0.47722626 0.22515254 0.47901273 0.22680224 0.49174834 0.22534133 0.49420715 0.22186961 0.49487948 0.22296938 0.50336965 0.22644111 0.50269732 0.22845198 0.50448417 0.23037658 0.51934204 0.22891572 0.52180123 0.22370813 0.52280973 0.22398306 0.52493220 0.22919066 0.52392370 0.23120145 0.52571001 0.23285120 0.53844595 0.23139027 0.54090459 0.22618267 0.54191309 0.22673261 0.54615858 0.23194021 0.54515008 0.23395101 0.54693639 0.23587568 0.56179480 0.23441475 0.56425344 0.23094302 0.56492578 0.22893223 0.56313947 0.22975703 0.56950690 0.23496462 0.56849840 0.23697542 0.57028470 0.23862517 0.58302064 0.23716423 0.58547928 0.23195664 0.58648778 0.23278151 0.59285575 0.25014105 0.58949391 0.25215185 0.59128022 0.25380159 0.60401616 0.25234066 0.60647480 0.23324482 0.61017289 0.23351975 0.61229537 0.24046365 0.61095062 0.24247452 0.61273747 0.24439913 0.62759534 0.24293827 0.63005452 0.23773068 0.63106302 0.24020522 0.65016638 0.24541282 0.64915788 0.24742362 0.65094419 0.24934829 0.66580260 0.24788736 0.66826125 0.24267977 0.66926975 0.24405451 0.67988267 0.24926210 0.67887417 0.25127297 0.68066102 0.25264771 0.69127394 0.26306379 0.68925676 0.26507459 0.69104307 0.26782414 0.71226945 0.26636321 0.71472809 0.25594713 0.71674527 0.25704694 0.72523571 0.25558601 0.72769435 0.25037841 0.72870286 0.24891704 0.73116158 0.25194152 0.75451044 0.26409346 0.75215710 0.26610426 0.75394341 0.26912875 0.77729226 0.26766782 0.77975090 0.26419564 0.78042332 0.26273478 0.78288251 0.26493439 0.79986340 0.26347347 0.80232204 0.25826543 0.80333063 0.26073997 0.82243399 0.26594801 0.82142540 0.26795881 0.82321171 0.26988349 0.83807012 0.26842256 0.84052877 0.26321452 0.84153735 0.26568907 0.86064072 0.27089710 0.85963213 0.27290797 0.86141898 0.27538252 0.88052234 0.28579860 0.87850517 0.28780940 0.88029148 0.28890920 0.88878192 0.28744827 0.89124056 0.27008829 0.89460249 0.27063823 0.89884799 0.26917730 0.90130663 0.26945230 0.90342965 0.27639620 0.90208489 0.27840700 0.90387120 0.28033168 0.91872961 0.27887075 0.92118825 0.27192685 0.92253301 0.27302665 0.93102345 0.27823469 0.93001487 0.28024549 0.93180117 0.28189517 0.94453657 0.28043431 0.94699575 0.27696213 0.94766817 0.27550120 0.95012682 0.27605114 0.95437231 0.28125918 0.95336372 0.28326998 0.95515003 0.28546959 0.97213092 0.28400866 0.97458956 0.27880062 0.97559815 0.28072530 0.99045656 0.40397970 0.96658715 0.39325657 0.88380519 0.37589659 0.88716712 0.37388579 0.88538081 0.37251098 0.87476735 0.37397191 0.87230870 0.37287210 0.86381826 0.37433303 0.86135962 0.39516519 0.85732527 0.39296557 0.84034438 0.39442651 0.83788574 0.38452825 0.76147174 0.38279238 0.76180791 0.38078114 0.76002169 0.37383724 0.76136644 0.37182637 0.75957959 0.36880188 0.73623074 0.37026281 0.73377209 0.38067889 0.73175492 0.37188044 0.66383137 0.37334137 0.66137273 0.37854941 0.66036414 0.36507680 0.55635634 0.36653773 0.55389769 0.35305843 0.44983819 0.22251754 0.44983819
0 0.14799330 0.61145153 0.14653244 0.61391072 0.14132440 0.61491931 0.14709836 0.65949400 0.14563743 0.66195264 0.15084547 0.66094405 0.15285627 0.66273036 0.15478095 0.67758877 0.16519658 0.67557169 0.16720782 0.67735791 0.16803270 0.68372588 0.19060027 0.67935545 0.19261107 0.68114176 0.19288600 0.68326423 0.22934183 0.67620421 0.22906690 0.67408173 0.23052783 0.67162309 0.23573542 0.67061459 0.23051132 0.63028484 0.22530373 0.63129335 0.22329293 0.62950704 0.22109332 0.61252615 0.22255425 0.61006751 0.22776184 0.60905901 0.22693697 0.60269104 0.20957743 0.60605288 0.20756663 0.60426657 0.20481709 0.58304019 0.20627801 0.58058155 0.20828881 0.58236786 0.21696903 0.58068685 0.21842996 0.57822821 0.21733015 0.56973776 0.21879108 0.56727912 0.22226281 0.56660679 0.22061307 0.55387085 0.22207444 0.55141212 0.22097464 0.54292168 0.21750246 0.54359410 0.21348080 0.54002094 0.21183112 0.52728554 0.21329205 0.52482690 0.21850009 0.52381831 0.21602547 0.50471441 0.21401424 0.50292830 0.21318939 0.49656049 0.20971766 0.49723282 0.20770684 0.49544635 0.20578219 0.48058810 0.20724310 0.47812930 0.21245113 0.47712071 0.20942667 0.45377202 0.20421863 0.45478060 0.20220782 0.45299416 0.20193286 0.45087155 0.12381362 0.46600010 0.12628818 0.48510357 0.12482727 0.48756237 0.13802491 0.58944743 0.14323295 0.58843884 0.14524382 0.59022569 0.14799330 0.61145153
0 0.00000000 0.69015674 0.02064717 0.68615822 0.02466906 0.68973133 0.04550099 0.68569703 0.04751179 0.68748334 0.04778672 0.68960581 0.08945014 0.68153729 0.09146094 0.68332359 0.09173588 0.68544607 0.13860734 0.67636896 0.14006827 0.67391031 0.13924347 0.66754289 0.13403543 0.66855148 0.13202456 0.66676462 0.12817527 0.63704834 0.12963620 0.63458970 0.13484424 0.63358111 0.13264463 0.61660023 0.12743659 0.61760881 0.12542572 0.61582196 0.12377605 0.60308657 0.12523698 0.60062793 0.13044502 0.59961934 0.12934514 0.59112835 0.12733434 0.58934204 0.12386217 0.59001446 0.12185137 0.58822816 0.12020162 0.57549222 0.12166255 0.57303358 0.12687059 0.57202499 0.12577079 0.56353454 0.12056275 0.56454313 0.11855195 0.56275682 0.11662727 0.54789841 0.11808820 0.54543977 0.12329624 0.54443118 0.12137156 0.52957277 0.11963570 0.52990894 0.11762445 0.52812271 0.11588859 0.52845888 0.11387779 0.52667257 0.11533865 0.52421339 0.11396392 0.51360058 0.11542484 0.51114183 0.11889702 0.51046941 0.11669740 0.49348852 0.11322523 0.49416094 0.11121442 0.49237452 0.11011461 0.48388408 0.11157552 0.48142527 0.11504769 0.48075285 0.11339798 0.46801719 0.00000000 0.48997780 0.00000000 0.69015674
0 0.60965282 0.95988425 0.61271785 0.97043361 0.66355555 0.97878309 0.73573180 0.96960058 0.72984094 0.94255218 0.60965282 0.95988425
0 0.58505425 0.93787013 0.60914094 0.93566254 0.58712783 0.79055783 0.56574206 0.79424115 0.58505425 0.93787013
0 0.51771886 0.78675847 0.55664699 0.78284301 0.54839290 0.75102295 0.51119847 0.75796350 0.51771886 0.78675847
