0 0.52638955 0.32415609 0.53839683 0.32420138 0.53693356 0.34134315 0.56714621 0.34099971 0.57512890 0.20338214 0.53388274 0.20319883 0.52638955 0.32415609
0 0.44746812 0.27016088 0.44766693 0.27430820 0.42001164 0.27472497 0.42047740 0.26987335 0.36060637 0.27050313 0.35632060 0.32677569 0.51337001 0.32484381 0.51563311 0.27003515 0.44746812 0.27016088
0 0.51188502 0.20621931 0.51207489 0.20325641 0.37725586 0.20522313 0.37705922 0.20829163 0.36351275 0.20793865 0.36147361 0.26228649 0.42179903 0.26012412 0.42152310 0.25581096 0.44764110 0.25548629 0.44635314 0.26006508 0.51746890 0.26155272 0.51960160 0.20617442 0.51188502 0.20621931
0 0.30324181 0.32806422 0.30420985 0.32291959 0.31817130 0.32283836 0.32007186 0.31517118 0.33551585 0.31440218 0.33993105 0.20619496 0.28195029 0.20597681 0.27482090 0.32821135 0.30324181 0.32806422
0 0.19190150 0.29928141 0.17601517 0.29940795 0.17479828 0.32653291 0.24940908 0.32554443 0.25711708 0.20601459 0.18173807 0.20518973 0.17830402 0.27606910 0.19378613 0.27583296 0.19190150 0.29928141
0 0.15232072 0.27646665 0.16735630 0.27643211 0.17120913 0.20578417 0.09687407 0.20585307 0.09033076 0.32812471 0.16466016 0.32669435 0.16730265 0.29947473 0.15089966 0.29931322 0.15232072 0.27646665
0 0.62968750 0.08488664 0.65209159 0.19334539 0.66135300 0.19282850 0.63805295 0.06596907 0.62968750 0.06745839 0.62968750 0.08488664
0 0.67912445 0.18924756 0.69012304 0.18711073 0.66415861 0.06435978 0.65489720 0.06487667 0.67912445 0.18924756
0 0.70621594 0.18347118 0.71547734 0.18295429 0.69197214 0.06196983 0.68265212 0.06416528 0.70621594 0.18347118
0 0.76209343 0.26777237 0.84160139 0.25290244 0.79886466 0.03293070 0.71756091 0.05109914 0.76209343 0.26777237
0 0.85418530 0.13317824 0.86428599 0.13269066 0.84175595 0.03190758 0.83240662 0.03494231 0.85418530 0.13317824
0 0.89349299 0.18664982 0.90191511 0.18610362 0.87481033 0.02381850 0.86375313 0.02763390 0.89349299 0.18664982
0 0.92567878 0.17937072 0.93413021 0.17798524 0.90603960 0.01986722 0.89582168 0.02371193 0.92567878 0.17937072
0 0.95864523 0.17379949 0.96880454 0.17163335 0.93906468 0.01261743 0.92719750 0.01556424 0.95864523 0.17379949
0 0.39093533 1.00000000 0.52819476 0.97974404 0.52860993 0.97260106 0.48724117 0.71466737 0.47054710 0.71725039 0.44564583 0.60035701 0.33395140 0.62443923 0.17165063 0.64920729 0.17157064 0.65149808 0.22945019 1.00000000 0.39093533 1.00000000
0 0.85211092 0.67960992 0.77467892 0.72059842 0.78139142 0.75409328 0.85882338 0.71310672 0.85211092 0.67960992
