0 1.00000000 0.03053783 0.93290200 0.02288378 0.92309664 0.04087678 0.92020663 0.04167133 0.90117263 0.07659902 0.89828207 0.07739342 0.87982489 0.11126262 0.87693492 0.11205709 0.87635803 0.11311571 0.98508634 0.12551864 0.98682281 0.12684086 0.97701747 0.14483381 0.97412751 0.14562828 0.96893646 0.15515393 0.99669685 0.15832063 1.00000000 0.15225929 1.00000000 0.03053783
0 0.68982649 0.00000000 0.68250665 0.01343202 0.72414693 0.01818204 0.72588335 0.01950434 0.77677768 0.02531000 0.77851411 0.02663230 0.82709522 0.03217408 0.82883166 0.03349636 0.80864409 0.07054086 0.81789755 0.07159643 0.81963402 0.07291865 0.88209502 0.08004375 0.89824505 0.05040820 0.90113502 0.04961373 0.91670830 0.02103652 0.73229509 0.00000000 0.68982649 0.00000000
0 0.00000000 0.84065391 0.27086216 0.95647344 0.30037918 0.68964121 0.21704256 0.65421741 0.21139587 0.68049732 0.14045724 0.64989858 0.14180675 0.62097259 0.00441257 0.56263909 0.00000000 0.59537568 0.00000000 0.84065391
0 0.28760671 0.89575683 0.35568572 0.92441711 0.36307466 0.87906681 0.35492747 0.87276309 0.35634758 0.83704682 0.36546824 0.84213709 0.37914322 0.71828142 0.30990461 0.69193618 0.28760671 0.89575683
0 0.38964844 0.54853162 0.38631831 0.54578591 0.37440481 0.65367274 0.38951510 0.66211644 0.38964844 0.66116082 0.38964844 0.54853162
0 0.38446195 0.51352257 0.37481313 0.50848334 0.35828843 0.65007190 0.36686183 0.65314201 0.38446195 0.51352257
0 0.35826946 0.53747291 0.35065012 0.52953773 0.33679127 0.63854334 0.35279510 0.64386004 0.37125417 0.50358321 0.36349989 0.50030161 0.35826946 0.53747291
0 0.34998218 0.48421072 0.34059485 0.47988134 0.32171822 0.62941507 0.33007097 0.63429404 0.34998218 0.48421072
0 0.07168935 0.38113913 0.06799514 0.40124847 0.02932423 0.37782113 0.02564361 0.40512741 0.01303873 0.50344768 0.31044147 0.63162639 0.33151297 0.47593568 0.12796656 0.38662890 0.12433814 0.40382231 0.07168935 0.38113913
0 0.94562345 0.72429299 0.96543661 0.58514081 0.66221938 0.54105604 0.64315480 0.67666276 0.94562345 0.72429299
0 0.54725689 0.28125633 0.54013328 0.29233947 0.53337588 0.28658405 0.52344106 0.30342976 0.58651143 0.35965795 0.59475792 0.34325662 0.59156636 0.33949255 0.59662533 0.32686006 0.54725689 0.28125633
