0 0.08345496 0.12272049 0.21045875 0.09930639 0.20793659 0.06440269 0.07056394 0.09103447 0.07257015 0.11407639 0.08222461 0.11130474 0.08345496 0.12272049
0 0.16180657 0.19187415 0.17226759 0.19056788 0.23453606 0.18060787 0.23424696 0.17039470 0.16156886 0.18359332 0.16180657 0.19187415
0 0.15939020 0.15106796 0.16309808 0.15095164 0.21322202 0.14253755 0.21260021 0.13269834 0.15948819 0.14254261 0.15939020 0.15106796
0 0.67722883 0.25262159 0.68225320 0.25521288 0.71982701 0.25575496 0.71871029 0.30863377 0.73796950 0.31059083 0.74231514 0.29721990 0.76168071 0.29414088 0.76699613 0.18674851 0.74773692 0.18479146 0.74696957 0.17302596 0.73280563 0.17030281 0.72464611 0.17186429 0.72377755 0.21299226 0.68313949 0.21324557 0.67902427 0.21570500 0.67722883 0.25262159
0 0.91225212 0.37943378 0.95189241 0.37832647 0.95163911 0.34221993 0.73852414 0.33242848 0.73545988 0.33322388 0.73506992 0.35168949 0.72085280 0.35148438 0.72347391 0.37167264 0.91225212 0.37943378
0 0.18184190 0.63138684 0.17907220 0.67776837 0.31757344 0.68696976 0.32007872 0.64084457 0.18184190 0.63138684
0 0.17392316 0.78962110 0.17071730 0.83602611 0.23976757 0.84197663 0.24285829 0.79458830 0.17392316 0.78962110
0 0.25830642 0.79937780 0.25504910 0.84350767 0.32705333 0.85090231 0.32914410 0.80457277 0.25830642 0.79937780
0 0.99346962 1.00000000 0.99473888 0.92026843 0.89318777 0.91832484 0.89304596 0.92723326 0.89097962 0.92942121 0.89094417 0.93164803 0.89293961 0.93391372 0.92137411 0.93445793 0.92336954 0.93672362 0.92294412 0.96344774 0.92087778 0.96563569 0.89447469 0.96513036 0.89247873 0.96286466 0.89041240 0.96505261 0.88985606 1.00000000 0.99346962 1.00000000
0 1.00000000 0.49711759 0.99741237 0.49706807 0.99541693 0.49480238 0.93042439 0.49355848 0.92842896 0.49129222 0.91421172 0.49102012 0.91214537 0.49320864 0.91118818 0.55333677 0.90912132 0.55552471 0.90816414 0.61565228 0.90609779 0.61784080 0.90514060 0.67796893 0.90307426 0.68015688 0.90282610 0.69574576 0.95969457 0.69683417 0.96169001 0.69909986 0.99824857 0.69979956 1.00000000 0.58978006 1.00000000 0.49711759
