0 0.26866859 0.00000000 0.27005869 0.00980575 0.42152024 0.00639109 0.42093491 0.00000000 0.26866859 0.00000000
0 0.27063190 0.02846291 0.27514424 0.05986532 0.42658066 0.05421600 0.42293859 0.02546767 0.27063190 0.02846291
0 1.00000000 0.32632138 0.96895721 0.32903727 0.98131825 0.47032466 1.00000000 0.46869021 1.00000000 0.32632138
0 0.61454179 0.36004461 0.62836935 0.51809442 0.62618436 0.52069907 0.62848897 0.54704091 0.72188237 0.53887005 0.70554065 0.35208324 0.61454179 0.36004461
0 0.89451190 0.33313752 0.86338097 0.33586112 0.87385639 0.45559576 0.96964434 0.44721540 0.97183000 0.44461130 0.96177357 0.32966576 0.89711655 0.33532252 0.89451190 0.33313752
0 0.82850615 0.54401954 0.81090739 0.34286484 0.77019767 0.34642648 0.76759301 0.34424148 0.72209358 0.34822217 0.73487362 0.49429864 0.73747827 0.49648364 0.74208750 0.54916732 0.80195481 0.54392961 0.80455886 0.54611466 0.82850615 0.54401954
0 0.52884615 0.55334504 0.60912183 0.54632183 0.60702677 0.52237514 0.60921176 0.51977049 0.59517470 0.35932613 0.52884615 0.36512913 0.52884615 0.55334504
0 0.94941253 0.18837838 0.87038701 0.19529221 0.88086248 0.31502746 0.97665044 0.30664710 0.97883610 0.30404301 0.96877967 0.18909746 0.95201662 0.19056404 0.94941253 0.18837838
0 0.52884615 0.34582490 0.59349863 0.34016854 0.57946151 0.17972357 0.57685747 0.17753852 0.57601944 0.16795972 0.56165155 0.16921675 0.55904689 0.16703175 0.52884615 0.16967398 0.52884615 0.34582490
0 0.84515196 0.32056460 0.84326639 0.29901247 0.84545144 0.29640843 0.83728058 0.20301502 0.83946563 0.20041098 0.83506590 0.15012184 0.79675072 0.15347399 0.79414668 0.15128894 0.79330864 0.14171014 0.71907282 0.14820493 0.71688777 0.15080898 0.70491382 0.15185656 0.72041751 0.32906458 0.72999692 0.32822649 0.73260096 0.33041154 0.84515196 0.32056460
0 0.63786287 0.15772276 0.63525821 0.15553776 0.59933819 0.15868036 0.61505138 0.33828292 0.70365508 0.33053110 0.69569371 0.23953224 0.69308906 0.23734724 0.68575623 0.15353263 0.63786287 0.15772276
