0 0.74674988 0.83071423 0.74891845 0.71959796 0.73899289 0.71736411 0.73786239 0.83000138 0.74674988 0.83071423
0 0.75550762 0.82912555 0.78726208 0.82746287 0.78971293 0.72094224 0.75661763 0.71944630 0.75550762 0.82912555
0 0.82704698 0.82413775 0.83187219 0.72033189 0.79958075 0.71898018 0.79586300 0.82651506 0.82704698 0.82413775
0 0.86981644 0.82467969 0.87645467 0.72018780 0.84353046 0.72305328 0.83781123 0.82366931 0.86981644 0.82467969
0 0.91565734 0.82957935 0.92124139 0.72386747 0.88623380 0.72141198 0.87979028 0.82347214 0.91565734 0.82957935
0 0.92645920 0.82923183 0.93453007 0.82982536 0.93938829 0.72607487 0.93075998 0.72268831 0.92645920 0.82923183
0 0.76147182 0.68553113 0.77605989 0.68618154 0.77751180 0.62822016 0.77117725 0.62882472 0.77124309 0.63448225 0.76179300 0.63398760 0.76147182 0.68553113
0 0.79413429 0.68556769 0.79460596 0.63340777 0.78613072 0.63356709 0.78645288 0.62664625 0.78017265 0.62712352 0.77832097 0.68433944 0.79413429 0.68556769
0 0.80448152 0.68518305 0.82032329 0.68526659 0.82055537 0.62758778 0.81440100 0.62793820 0.81446844 0.63373368 0.80598102 0.63368430 0.80448152 0.68518305
0 0.83973687 0.63624631 0.83157786 0.63543674 0.83149361 0.62819627 0.82483402 0.62761268 0.82328908 0.68494245 0.83762363 0.68686731 0.83973687 0.63624631
0 0.84881654 0.68468060 0.86357767 0.68584584 0.86497198 0.63005319 0.85864668 0.62998708 0.85870569 0.63505833 0.85006897 0.63554949 0.84881654 0.68468060
0 0.88366867 0.63617775 0.87612257 0.63653386 0.87605188 0.63045904 0.86844324 0.62963199 0.86610502 0.68580019 0.88110367 0.68781512 0.88366867 0.63617775
0 0.90943120 0.63000494 0.90205967 0.62939133 0.90214183 0.63645247 0.89358289 0.63573023 0.89244736 0.68728109 0.90825371 0.68898692 0.90943120 0.63000494
0 0.92639263 0.63711600 0.91876564 0.63707162 0.91869335 0.63085886 0.91229933 0.62988713 0.91144672 0.68871755 0.92569276 0.69075224 0.92639263 0.63711600
0 0.92838954 0.45909344 0.89622994 0.45994234 0.90021351 0.57186136 0.93051389 0.57239058 0.92838954 0.45909344
0 0.88611066 0.46109154 0.86080496 0.46034906 0.86153626 0.57095154 0.88770124 0.57247162 0.88611066 0.46109154
0 0.76635616 0.56826260 0.80049409 0.57047173 0.79784207 0.45943841 0.76435193 0.45665887 0.76635616 0.56826260
0 0.74058673 0.56796694 0.75671264 0.56826093 0.75360398 0.45782723 0.73930261 0.45696265 0.74058673 0.56796694
0 0.73601997 0.17639181 0.72881424 0.17634989 0.73326649 0.28925847 0.74287323 0.28970593 0.73601997 0.17639181
0 0.75266269 0.28707984 0.78492649 0.28915340 0.77959122 0.17799209 0.74613571 0.17830316 0.75266269 0.28707984
0 0.79650819 0.29177915 0.82934601 0.29283235 0.82200660 0.17200711 0.78854106 0.17180714 0.79650819 0.29177915
0 0.86591360 0.17340214 0.83131813 0.17385407 0.83363823 0.20633800 0.83985935 0.29155375 0.87159627 0.29175595 0.86591360 0.17340214
0 0.88365318 0.29062505 0.91623505 0.28960302 0.90692120 0.17391288 0.87516388 0.17241470 0.88365318 0.29062505
0 0.92568908 0.28903819 0.93286411 0.28872523 0.92474465 0.17287348 0.91734892 0.17210701 0.92568908 0.28903819
0 0.78486966 0.39470303 0.78474266 0.38378927 0.79297053 0.38769137 0.79085030 0.33259415 0.75766942 0.33212367 0.75870978 0.38589241 0.76829333 0.38594817 0.76850065 0.39195286 0.78486966 0.39470303
0 0.82961197 0.39524428 0.82951681 0.38706642 0.83739629 0.39127554 0.83550501 0.33520160 0.80167632 0.33270103 0.80499519 0.38791058 0.81223100 0.38807033 0.81235659 0.39310703 0.82961197 0.39524428
0 0.87301988 0.39486996 0.87294428 0.38837263 0.88109106 0.39051483 0.87869776 0.33452225 0.84649397 0.33486343 0.84784744 0.38748562 0.85584514 0.38878763 0.85569308 0.39509225 0.87301988 0.39486996
0 0.91476814 0.39579590 0.91467010 0.38737043 0.92299953 0.38702381 0.92132120 0.33508630 0.88893785 0.33434303 0.89102816 0.38769119 0.89781916 0.38773069 0.89787933 0.39450362 0.91476814 0.39579590
