0 0.42416607 0.18921828 0.45202069 0.33625819 0.45966736 0.33539824 0.43123701 0.18848472 0.42416607 0.18921828
0 0.43706915 0.20350622 0.45798329 0.31819304 0.45765964 0.31821567 0.46731629 0.32068233 0.44382745 0.20322132 0.43706915 0.20350622
0 0.46568497 0.26339733 0.45816427 0.26192803 0.46437202 0.29909150 0.47191432 0.29828641 0.46568497 0.26339733
0 0.50000000 0.19473148 0.48922896 0.19675036 0.49270364 0.20915732 0.48211833 0.21111880 0.48458224 0.22518668 0.49658225 0.22252078 0.49914460 0.23324831 0.48674480 0.23383642 0.48868458 0.24873800 0.50000000 0.24585846 0.50000000 0.19473148
0 0.50000000 0.33206169 0.46105855 0.33550882 0.46138695 0.34417016 0.50000000 0.34039665 0.50000000 0.33206169
0 0.97708198 0.21694608 0.91723640 0.22137230 0.92002388 0.24681599 0.98004357 0.24397897 0.97708198 0.21694608
0 0.81866581 0.17825533 0.77373822 0.18117882 0.77495761 0.19230922 0.81988536 0.18938722 0.81866581 0.17825533
0 0.24441804 1.00000000 0.39635861 0.98338164 0.39983487 0.97891383 0.39789257 0.97912627 0.37428002 0.95922841 0.37233772 0.95944085 0.35087167 0.94135228 0.34892937 0.94156472 0.32531682 0.92166686 0.32337452 0.92187930 0.30190847 0.90379073 0.29996617 0.90400317 0.26991423 0.87867848 0.26971009 0.87665727 0.26541665 0.87303927 0.26521250 0.87101806 0.26091961 0.86740052 0.26071547 0.86537932 0.25642203 0.86176131 0.25621788 0.85974011 0.25192494 0.85612205 0.25172080 0.85410084 0.24742741 0.85048336 0.24722321 0.84846163 0.24293032 0.84484409 0.24098802 0.84505653 0.23884103 0.84324730 0.23689873 0.84345973 0.23475228 0.84165097 0.23280948 0.84186346 0.23066304 0.84005469 0.22677843 0.84047956 0.22463199 0.83867079 0.22268919 0.83888328 0.22054274 0.83707451 0.21860044 0.83728695 0.21645345 0.83547772 0.21451115 0.83569016 0.21236470 0.83388139 0.21042240 0.83409382 0.20827595 0.83228505 0.20633316 0.83249755 0.20418666 0.83068826 0.20224436 0.83090070 0.19365808 0.82366567 0.19345388 0.82164395 0.18916049 0.81802646 0.18895630 0.81600474 0.18680985 0.81419597 0.18660571 0.81217476 0.18231232 0.80855727 0.18210812 0.80653555 0.17996168 0.80472678 0.17975754 0.80270557 0.17546459 0.79908752 0.17526045 0.79706631 0.12087253 0.80301494 0.11913388 0.80524864 0.11136467 0.80609839 0.11156882 0.80811959 0.10983021 0.81035381 0.11003436 0.81237502 0.10655810 0.81684282 0.10676224 0.81886403 0.10502359 0.82109773 0.10522773 0.82311894 0.10348957 0.82535258 0.10369377 0.82737431 0.10021745 0.83184160 0.10042165 0.83386332 0.09868349 0.83609697 0.09888764 0.83811817 0.09714898 0.84035187 0.09735313 0.84237308 0.09387687 0.84684089 0.09408101 0.84886209 0.09234241 0.85109631 0.09254655 0.85311752 0.09080840 0.85535116 0.09101254 0.85737237 0.08753627 0.86184018 0.08774042 0.86386138 0.08600226 0.86609503 0.08620646 0.86811675 0.08446780 0.87035045 0.08467195 0.87237166 0.08119563 0.87683895 0.08139983 0.87886067 0.07966118 0.88109437 0.07986532 0.88311558 0.07812722 0.88534974 0.07894379 0.89343457 0.08109029 0.89524386 0.08149858 0.89928627 0.08364557 0.90109550 0.08405386 0.90513792 0.08620031 0.90694669 0.08660865 0.91098962 0.08875509 0.91279839 0.08916343 0.91684132 0.09131037 0.91865004 0.09192281 0.92471366 0.10050869 0.93194977 0.10245149 0.93173728 0.11103777 0.93897231 0.11298007 0.93875987 0.12156645 0.94599593 0.12350876 0.94578349 0.13209504 0.95301852 0.13403734 0.95280608 0.14262422 0.96004209 0.14456652 0.95982965 0.15315280 0.96706467 0.15509510 0.96685223 0.16153498 0.97227901 0.16347729 0.97206657 0.17206362 0.97930211 0.17400592 0.97908967 0.18259225 0.98632522 0.18453455 0.98611278 0.19312138 0.99334827 0.19506368 0.99313583 0.20320931 1.00000000 0.24441804 1.00000000
0 0.50000000 0.74565248 0.47831405 0.53094242 0.44917755 0.53412920 0.44703105 0.53231991 0.44682690 0.53029870 0.44468046 0.52848993 0.44386383 0.52040459 0.38364851 0.52699058 0.38150207 0.52518181 0.38027710 0.51305353 0.31617668 0.52006446 0.31403023 0.51825558 0.24993031 0.52526646 0.25197186 0.54547967 0.25411831 0.54728844 0.25840565 0.58973689 0.26034795 0.58952446 0.26249489 0.59133317 0.28774630 0.58857132 0.28989274 0.59038009 0.29418008 0.63282855 0.29632653 0.63463732 0.30040967 0.67506405 0.29867152 0.67729770 0.28701721 0.67857237 0.28527856 0.68080607 0.26779685 0.68271812 0.27575899 0.76155038 0.30489550 0.75836360 0.30704195 0.76017237 0.30785857 0.76825771 0.31000502 0.77006648 0.31163828 0.78623718 0.31378527 0.78804641 0.33515158 0.78570949 0.33688969 0.78347533 0.34077478 0.78305040 0.34292128 0.78485969 0.34312543 0.78688089 0.34527237 0.78868961 0.34731397 0.80890323 0.34946041 0.81071200 0.34966456 0.81273321 0.37297366 0.81018380 0.37726661 0.81380185 0.37951235 0.83603669 0.38165929 0.83784540 0.40691070 0.83508355 0.40905715 0.83689232 0.41171117 0.86316957 0.44084768 0.85998279 0.44299418 0.86179207 0.44544401 0.88604760 0.47652282 0.88264838 0.47866932 0.88445767 0.47989424 0.89658543 0.50000000 0.89438638 0.50000000 0.74565248
0 0.60010430 0.47968750 0.53404376 0.56674648 0.53575313 0.58301002 1.00000000 0.96801691 1.00000000 0.79939645 0.62014047 0.47968750 0.60010430 0.47968750
