0 0.00000000 0.00000000 0.00000000 0.05931865 0.04078556 0.04171399 0.03730860 0.00979324 0.04156360 0.00820712 0.04037838 0.00000000 0.00000000 0.00000000
0 0.04674209 0.00000000 0.05162013 0.03770853 0.09394861 0.02264013 0.09115721 0.00000000 0.04674209 0.00000000
0 0.09675295 0.04735538 0.05315107 0.06461124 0.05478081 0.07889410 0.06979296 0.07351522 0.07623288 0.12299598 0.06343474 0.13112089 0.07603209 0.22738561 0.08896379 0.22159660 0.09103190 0.23972691 0.10567423 0.23596332 0.11058416 0.26749734 0.12384222 0.25915333 0.11807486 0.21207020 0.09675295 0.04735538
0 0.00000000 0.14251316 0.00431271 0.14118722 0.00547846 0.15140384 0.00880908 0.15030063 0.01247641 0.18244723 0.02890717 0.17727380 0.03000573 0.18690296 0.04594452 0.18370796 0.04825880 0.20487881 0.06519934 0.19789829 0.05619686 0.13345771 0.03781501 0.13954830 0.03062057 0.08708006 0.04652566 0.08247965 0.04532486 0.07077689 0.00000000 0.08552409 0.00000000 0.14251316
0 0.69983256 0.00000000 0.69424937 0.00021501 0.69503968 0.00643940 0.69745859 0.00759723 0.69824891 0.01382165 0.70066724 0.01497946 0.70129949 0.01995899 0.70371782 0.02111681 0.70450814 0.02734122 0.70692704 0.02849905 0.70771736 0.03472344 0.71013568 0.03588119 0.71045183 0.03837111 0.72401400 0.03784882 0.72385595 0.03660402 0.72595870 0.03527183 0.73726060 0.03483659 0.73710255 0.03359179 0.73920477 0.03225994 0.74372587 0.03208583 0.74582805 0.03075366 0.75034858 0.03057957 0.74987441 0.02684511 0.75197661 0.02551317 0.76553936 0.02499085 0.76764156 0.02365891 0.76990183 0.02357187 0.77410682 0.02090803 0.77636708 0.02082098 0.77589289 0.01708632 0.77799567 0.01575439 0.78477647 0.01549326 0.78446034 0.01300347 0.78656254 0.01167156 0.80012530 0.01114924 0.79996724 0.00990438 0.80206944 0.00857244 0.81337192 0.00813717 0.81233874 0.00000000 0.69983256 0.00000000
0 0.41992188 0.14088023 0.43265778 0.14038976 0.43476011 0.13905791 0.43702049 0.13897086 0.43912288 0.13763901 0.44364370 0.13746491 0.44574598 0.13613274 0.44800642 0.13604569 0.45010881 0.13471384 0.45236919 0.13462679 0.45447152 0.13329494 0.45399732 0.12956022 0.45609971 0.12822836 0.46740179 0.12779311 0.46950412 0.12646126 0.47176450 0.12637421 0.47596935 0.12371018 0.47822961 0.12362314 0.48033182 0.12229129 0.48259267 0.12220422 0.48679705 0.11954022 0.48905732 0.11945317 0.49326232 0.11678946 0.49552259 0.11670241 0.49762480 0.11537057 0.49988564 0.11528350 0.50409003 0.11261949 0.50635030 0.11253245 0.50845251 0.11120060 0.51071335 0.11111353 0.51281552 0.10978137 0.51507579 0.10969432 0.51717858 0.10836246 0.51943885 0.10827541 0.52154106 0.10694356 0.52606159 0.10676947 0.52816438 0.10543761 0.53042465 0.10535056 0.53252686 0.10401872 0.53478771 0.10393165 0.53688988 0.10259949 0.53447156 0.10144173 0.53415541 0.09895181 0.53625763 0.09761997 0.54529927 0.09727176 0.54514121 0.09602696 0.54724343 0.09469512 0.55854533 0.09425987 0.56064755 0.09292802 0.56290839 0.09284096 0.56501056 0.09150879 0.56727083 0.09142175 0.56937362 0.09008988 0.57163389 0.09000284 0.57373610 0.08867099 0.57599637 0.08858394 0.57809854 0.08725178 0.58035938 0.08716471 0.58246159 0.08583287 0.58472186 0.08574582 0.58682465 0.08441396 0.58908492 0.08432691 0.59118713 0.08299506 0.59344739 0.08290802 0.59554961 0.08157617 0.59781045 0.08148911 0.59991263 0.08015694 0.60217289 0.08006990 0.60427568 0.07873803 0.60653595 0.07865099 0.60863816 0.07731914 0.61089843 0.07723209 0.61300060 0.07589993 0.61526144 0.07581286 0.61736366 0.07448102 0.61962392 0.07439397 0.62172671 0.07306210 0.62398698 0.07297506 0.63029358 0.06897920 0.63255442 0.06889214 0.64727045 0.05956888 0.64953129 0.05948181 0.65163346 0.05814964 0.65389373 0.05806260 0.65599652 0.05673073 0.65825679 0.05664369 0.66035900 0.05531184 0.66487953 0.05513775 0.66698228 0.05380557 0.67602392 0.05345736 0.67812614 0.05212552 0.68716778 0.05177732 0.68637747 0.04555300 0.68395915 0.04439524 0.68348495 0.04066052 0.68106606 0.03950279 0.68043380 0.03452327 0.67801544 0.03336519 0.67738321 0.02838583 0.67496488 0.02722798 0.67433263 0.02224846 0.67191430 0.02109064 0.67401650 0.01975873 0.68531841 0.01932348 0.68290008 0.01816563 0.68226783 0.01318611 0.67984949 0.01202826 0.67937531 0.00829363 0.67695640 0.00713580 0.67648221 0.00340118 0.67406388 0.00224334 0.67390582 0.00099846 0.64678089 0.00204307 0.64919980 0.00320088 0.64967399 0.00693552 0.65209232 0.00809334 0.65272457 0.01307286 0.65514290 0.01423071 0.65561709 0.01796534 0.65803542 0.01912319 0.65819349 0.02036809 0.65609128 0.02170000 0.60410169 0.02370216 0.60425976 0.02494703 0.60215756 0.02627897 0.59537618 0.02654012 0.58812061 0.02306666 0.58796255 0.02182176 0.58554422 0.02066391 0.58491197 0.01568439 0.58249364 0.01452657 0.58201945 0.01079191 0.57960112 0.00963409 0.57912693 0.00589945 0.57670860 0.00474162 0.50889600 0.00735314 0.50905406 0.00859802 0.50695186 0.00992995 0.49791022 0.01027815 0.49854247 0.01525767 0.49643969 0.01658964 0.47383587 0.01746013 0.47431006 0.02119476 0.47220786 0.02252670 0.46316622 0.02287490 0.46348234 0.02536463 0.46137956 0.02669659 0.45007777 0.02713183 0.45023584 0.02837673 0.44813352 0.02970864 0.43909187 0.03005684 0.43972413 0.03503637 0.43762181 0.03636828 0.42858016 0.03671648 0.42873823 0.03796138 0.42663586 0.03929332 0.41992188 0.03955189 0.41992188 0.14088023
0 0.41992188 0.02829316 0.42295284 0.02817644 0.42505522 0.02684449 0.42473910 0.02435476 0.42684147 0.02302281 0.42652534 0.02053305 0.42862767 0.01920114 0.44897133 0.01841769 0.45317608 0.01575379 0.45543646 0.01566674 0.45753878 0.01433483 0.45979893 0.01424779 0.46190171 0.01291586 0.46416198 0.01282881 0.46626418 0.01149687 0.46852502 0.01140980 0.47062723 0.01007788 0.47288749 0.00999083 0.47498970 0.00865891 0.41992188 0.01077962 0.41992188 0.02829316
0 0.16066170 0.71795784 0.15767410 0.73790720 0.14777220 0.74758486 0.14913186 0.77444077 0.26203588 0.75516709 0.26690975 0.74865161 0.26645319 0.72741065 0.25447983 0.72114167 0.24737667 0.70286082 0.16066170 0.71795784
0 0.57557653 0.82075474 0.57747329 0.84196957 0.64988545 0.83889756 0.65387681 0.82002552 0.67745306 0.81695957 0.67668651 0.79568292 0.70478357 0.79236972 0.70257069 0.76761908 0.63015852 0.77069109 0.62587480 0.77359019 0.62285558 0.79063252 0.60064663 0.79628851 0.60020395 0.81674302 0.57557653 0.82075474
0 0.78743940 0.62440683 0.77989214 0.47647788 0.71612646 0.47463564 0.63580285 0.47814033 0.63264933 0.48097762 0.64808427 0.64091102 0.67084644 0.64144269 0.67418178 0.62793617 0.78743940 0.62440683
