0 0.48637073 0.45996732 0.48872821 0.45298096 0.46831680 0.44904115 0.47113049 0.43777422 0.46228406 0.43573435 0.46608117 0.42514901 0.43571499 0.41823445 0.43502964 0.43478817 0.39777603 0.42406675 0.39890028 0.39568102 0.33654980 0.38130385 0.34449072 0.40991979 0.29964832 0.39878964 0.30340548 0.38711926 0.28572810 0.38304310 0.28505786 0.42093024 0.44977098 0.45996732 0.48637073 0.45996732
0 0.12767367 0.32858875 0.12288060 0.36488381 0.25588997 0.39457254 0.25551609 0.35962143 0.12767367 0.32858875
0 0.35430677 0.37223479 0.39799425 0.38328823 0.41201969 0.36627685 0.30809584 0.34016178 0.30399408 0.35044364 0.35754134 0.36450814 0.35430677 0.37223479
0 0.26667382 0.34685279 0.16021862 0.32094705 0.15051526 0.32907134 0.25638574 0.35720382 0.26667382 0.34685279
0 0.49053594 0.20860946 0.45299294 0.21289413 0.41329304 0.36450257 0.45359658 0.36221839 0.49053594 0.20860946
0 0.32953114 0.09849119 0.20561623 0.06932306 0.19345633 0.08037543 0.32027009 0.11199321 0.32953114 0.09849119
0 0.24034602 0.11076320 0.23641767 0.16316939 0.34210672 0.18577928 0.34543484 0.13075381 0.30228134 0.12196423 0.30066511 0.12996787 0.28384021 0.12219280 0.24034602 0.11076320
0 0.14556053 0.19021406 0.12750450 0.19086960 0.13544332 0.15974646 0.15198042 0.15919605 0.15793030 0.13217436 0.12425882 0.13596789 0.08587507 0.28407904 0.12404298 0.28165943 0.13058391 0.25032876 0.11212522 0.24810310 0.12303024 0.21618939 0.13960629 0.21791971 0.14556053 0.19021406
0 0.28891820 0.67578192 0.28144340 0.68619558 0.26985706 0.67890975 0.22211193 0.73728728 0.32279719 0.80142298 0.37894414 0.73211884 0.29204703 0.67290928 0.28891820 0.67578192
0 0.00000000 0.78236879 0.06926825 0.82756583 0.13555482 0.74979773 0.04280642 0.68868951 0.00000000 0.74563388 0.00000000 0.78236879
0 0.91161011 1.00000000 0.91914276 0.95483659 0.92097037 0.95325579 0.92199885 0.94708935 0.91011955 0.94329308 0.90897762 0.94076274 0.89412869 0.93601745 0.89298667 0.93348764 0.89744329 0.90676710 0.86922987 0.89775091 0.86694553 0.89269064 0.86728833 0.89063534 0.85540903 0.88683906 0.85426701 0.88430925 0.85529549 0.87814281 0.85415347 0.87561300 0.84227417 0.87181672 0.84113215 0.86928691 0.82776766 0.86501601 0.82662572 0.86248568 0.82799691 0.85426446 0.81908763 0.85141731 0.81794532 0.84888685 0.80161119 0.84366694 0.80046917 0.84113713 0.80218324 0.83086008 0.78584949 0.82564029 0.78470709 0.82311036 0.77282779 0.81931408 0.77168586 0.81678374 0.77339993 0.80650669 0.77225791 0.80397688 0.72028589 0.78736813 0.71914387 0.78483832 0.66717184 0.76822957 0.66602991 0.76569924 0.61405789 0.74909049 0.61291579 0.74656066 0.60986328 0.74558516 0.60986328 0.77156506 0.61474161 0.77312403 0.61702580 0.77818369 0.61359757 0.79873832 0.61176988 0.80031910 0.61108420 0.80443023 0.60986328 0.80548621 0.60986328 0.94259950 0.78948065 1.00000000 0.91161011 1.00000000
0 1.00000000 0.51520297 0.99136405 0.51244317 0.98622176 0.54327474 0.98439413 0.54485564 0.97376672 0.60857430 0.98416120 0.61189607 0.98530322 0.61442588 0.98153219 0.63703581 0.98747184 0.63893395 0.98861386 0.64146376 0.97147286 0.74423583 0.96964525 0.74581663 0.95867504 0.81159059 0.95684705 0.81317127 0.94656243 0.87483462 0.95695691 0.87815640 0.95809893 0.88068621 0.95638486 0.89096326 0.97123417 0.89570867 0.97237619 0.89823847 0.97031923 0.91057136 0.96849162 0.91215216 0.94027819 0.90313596 0.93582157 0.92985650 0.93399395 0.93143730 0.92255862 1.00000000 0.95853206 1.00000000 1.00000000 0.75137113 1.00000000 0.51520297
