0 0.45917512 0.38931298 0.46706960 0.30334192 0.43443330 0.29363854 0.40806447 0.28273688 0.39797086 0.38931298 0.45917512 0.38931298
0 0.29239247 0.25505028 0.29003584 0.27683425 0.28397704 0.27519167 0.28193449 0.29964322 0.28755216 0.30134324 0.28679194 0.31039711 0.28172937 0.30902458 0.28075055 0.31816302 0.29152712 0.32098802 0.29652733 0.25588789 0.29239247 0.25505028
0 0.30102931 0.26788151 0.30014135 0.28210599 0.29633162 0.28107294 0.29507390 0.30113417 0.29895334 0.30209658 0.29843847 0.31322536 0.29376239 0.31247642 0.29278709 0.32586249 0.30117164 0.32822240 0.30765565 0.26074796 0.29797188 0.25705157 0.29808109 0.26649960 0.30102931 0.26788151
0 0.31344359 0.26425982 0.30737473 0.30932690 0.31430704 0.31074438 0.31385852 0.31690494 0.30857395 0.31547197 0.30796370 0.33075675 0.31805993 0.33063888 0.31962019 0.29591221 0.32414356 0.26716080 0.31344359 0.26425982
0 0.36590202 0.35362764 0.37227397 0.28169536 0.32635135 0.26852840 0.32124888 0.33871155 0.36590202 0.35362764
0 0.41433456 0.21181092 0.42103733 0.20488284 0.42191307 0.18397016 0.42056203 0.17662144 0.42230660 0.16682088 0.42520441 0.14557155 0.40672163 0.13872803 0.40410722 0.17462662 0.40037850 0.17369966 0.39722205 0.20638211 0.41433456 0.21181092
0 0.39670233 0.13177012 0.39329735 0.17017222 0.38756725 0.16914905 0.38624775 0.19948764 0.39396264 0.20127216 0.40165497 0.13518404 0.39670233 0.13177012
0 0.38028522 0.16683951 0.37578930 0.16638227 0.37442251 0.19126220 0.38389164 0.19974841 0.38445697 0.18313544 0.38481325 0.17364256 0.38584045 0.16822965 0.38779833 0.16556799 0.38846409 0.15365877 0.38448118 0.15257866 0.38483057 0.14778443 0.38911951 0.14099442 0.39233548 0.14173138 0.39311964 0.13096409 0.38272665 0.12831171 0.38028522 0.16683951
0 0.37279755 0.19101781 0.37455093 0.16599396 0.37274952 0.15879866 0.37858606 0.12679643 0.37169401 0.12286590 0.36892180 0.16098463 0.36393332 0.15963162 0.36339885 0.16696776 0.36461783 0.17094283 0.36461507 0.19387949 0.36949627 0.19582803 0.37279755 0.19101781
0 0.36115113 0.19211143 0.36278927 0.15683132 0.36648107 0.15807211 0.36770293 0.14461395 0.36180868 0.14336071 0.36251325 0.13368633 0.36746323 0.13450179 0.36812977 0.12015000 0.35924835 0.11858431 0.35634527 0.15546279 0.35369070 0.15790950 0.35112270 0.18867743 0.36115113 0.19211143
0 0.34598251 0.14983875 0.34213082 0.15338446 0.34002724 0.18179639 0.34860318 0.18474324 0.35074830 0.15844704 0.34908123 0.15168175 0.35202826 0.11794862 0.34887709 0.11654970 0.34598251 0.14983875
0 0.33664930 0.18302945 0.34294751 0.11494627 0.33855186 0.11416153 0.33572531 0.14907323 0.33047651 0.14774766 0.32815623 0.17943790 0.33664930 0.18302945
0 0.32451783 0.17917306 0.32598442 0.14297150 0.33070141 0.14310146 0.33137867 0.12815261 0.32814166 0.12709162 0.32916748 0.11546536 0.33460019 0.11834606 0.33508954 0.11162970 0.32531595 0.10951288 0.32126338 0.14193063 0.31799259 0.14406963 0.31625132 0.17448851 0.32451783 0.17917306
0 0.31984497 0.10540721 0.31480637 0.10438195 0.31191449 0.14252178 0.30697657 0.14024065 0.30553520 0.17158214 0.31493718 0.17211297 0.31984497 0.10540721
0 0.29993711 0.12816212 0.30287190 0.12571803 0.30977060 0.12755081 0.30792872 0.12146173 0.30905436 0.10273497 0.29875478 0.09930306 0.29310071 0.16778049 0.30266351 0.16860587 0.30535551 0.13756814 0.29906386 0.13361312 0.29993711 0.12816212
0 0.75980367 0.33362904 0.75682861 0.34391168 0.76158673 0.34509240 0.76274779 0.34695482 0.75764773 0.36458204 0.75563671 0.36565731 0.74453363 0.36290208 0.74325859 0.36730898 0.74124746 0.36838463 0.73869749 0.37719805 0.74345601 0.37837888 0.74461707 0.38024129 0.74419198 0.38171051 0.74895050 0.38289134 0.75011157 0.38475375 0.76280069 0.38790255 0.76481170 0.38682729 0.76798419 0.38761454 0.76999531 0.38653889 0.77169533 0.38066315 0.77370676 0.37958799 0.78305692 0.34727122 0.78506794 0.34619595 0.78982605 0.34737668 0.79183748 0.34630151 0.79311252 0.34189461 0.79195105 0.34003210 0.79237603 0.33856325 0.79438756 0.33748771 0.79597360 0.33788129 0.79713455 0.33974408 0.79872100 0.34013775 0.79914608 0.33866854 0.80115710 0.33759327 0.80200705 0.33465559 0.78931793 0.33150679 0.78804300 0.33591331 0.78603187 0.33698895 0.78127335 0.33580813 0.78084837 0.33727697 0.77883695 0.33835214 0.75980367 0.33362904
0 0.90689464 0.38931298 0.91759818 0.35231858 0.91960919 0.35124331 0.93278438 0.30570622 0.93479539 0.30463095 0.94159547 0.28112798 0.90987267 0.27325598 0.90871161 0.27139357 0.90236705 0.26981917 0.89726709 0.28744602 0.90519769 0.28941399 0.90635865 0.29127678 0.90465863 0.29715252 0.90264761 0.29822779 0.89471701 0.29625982 0.89089199 0.30948014 0.88888098 0.31055541 0.88420589 0.32671379 0.88579193 0.32710736 0.88695288 0.32897016 0.89171141 0.33015098 0.89287247 0.33201340 0.89117245 0.33788914 0.88916143 0.33896441 0.88123083 0.33699643 0.87018064 0.37518894 0.87652480 0.37676324 0.87768627 0.37862576 0.87598625 0.38450150 0.87397482 0.38557666 0.86763067 0.38400236 0.86561925 0.38507753 0.86439381 0.38931298 0.90689464 0.38931298
0 0.85929364 0.38931298 0.86256074 0.37802096 0.86457217 0.37694580 0.87859731 0.32847102 0.88060832 0.32739576 0.89420848 0.28038982 0.89621961 0.27931418 0.89834460 0.27196960 0.89602248 0.26824477 0.85478263 0.25801112 0.85362168 0.25614832 0.82031284 0.24788275 0.81648771 0.26110345 0.82441831 0.26307142 0.82557937 0.26493384 0.82387935 0.27080958 0.82186833 0.27188485 0.81235129 0.26952320 0.81192631 0.27099204 0.81308767 0.27285493 0.81223772 0.27579261 0.82968536 0.28012224 0.83084642 0.28198466 0.82702140 0.29520498 0.83495200 0.29717296 0.83611295 0.29903575 0.84404355 0.30100372 0.84520502 0.30286624 0.84265505 0.31167966 0.85058565 0.31364764 0.85174660 0.31551043 0.85089664 0.31844811 0.85882765 0.32041619 0.85998860 0.32227898 0.84936350 0.35900227 0.84735249 0.36007754 0.83889384 0.38931298 0.85929364 0.38931298
0 0.73386400 0.27051371 0.73185299 0.27158898 0.72392239 0.26962100 0.71584727 0.29753087 0.75391463 0.30697727 0.75561465 0.30110153 0.75762567 0.30002626 0.77507291 0.30435579 0.77592286 0.30141810 0.77793439 0.30034256 0.77920944 0.29593566 0.78122045 0.29486040 0.78915105 0.29682837 0.79170103 0.28801495 0.79371215 0.28693930 0.80322920 0.28930095 0.81555432 0.24670192 0.78700399 0.23961717 0.78584253 0.23775465 0.73825852 0.22594670 0.73230851 0.24651161 0.73029738 0.24758725 0.72689734 0.25933874 0.73482794 0.26130671 0.73598900 0.26316913 0.73386400 0.27051371
0 0.72712490 0.24680000 0.73350000 0.22476588 0.72874148 0.22358505 0.72758042 0.22172264 0.71489129 0.21857384 0.70851630 0.24060758 0.70650518 0.24168323 0.71919430 0.24483203 0.72035536 0.24669444 0.72511388 0.24787527 0.72712490 0.24680000
0 0.72327741 0.19546445 0.72126640 0.19653971 0.71616634 0.21416694 0.73520002 0.21889014 0.74115015 0.19832485 0.74316116 0.19724959 0.75378626 0.16052630 0.75579768 0.15945113 0.76047276 0.14329275 0.73192204 0.13620790 0.73107197 0.13914595 0.72906095 0.14022122 0.72438598 0.15637923 0.73231658 0.15834720 0.73347753 0.16021000 0.72327741 0.19546445
0 0.76678678 0.16847567 0.76477536 0.16955084 0.75684476 0.16758286 0.74706962 0.20136847 0.74505860 0.20244374 0.74463362 0.20391258 0.74579458 0.20577537 0.75372518 0.20774335 0.75488664 0.20960586 0.75318662 0.21548160 0.75117520 0.21655677 0.74165856 0.21419522 0.74038352 0.21860212 0.74355560 0.21938927 0.74471666 0.22125169 0.79071503 0.23266616 0.79187609 0.23452858 0.81725434 0.24082618 0.82107935 0.22760586 0.82309037 0.22653059 0.83371547 0.18980730 0.83572659 0.18873166 0.84422669 0.15935295 0.80615933 0.14990655 0.80414831 0.15098181 0.76608095 0.14153541 0.76140586 0.15769380 0.76775042 0.15926820 0.76891178 0.16113109 0.76678678 0.16847567
0 0.85111021 0.15318919 0.84728520 0.16640952 0.85521579 0.16837749 0.85637715 0.17024038 0.85467724 0.17611575 0.85266571 0.17719129 0.84473511 0.17522332 0.84303509 0.18109906 0.84102407 0.18217432 0.83422399 0.20567729 0.84215459 0.20764527 0.84331566 0.20950768 0.84119055 0.21685264 0.83917953 0.21792791 0.83283497 0.21635351 0.83167391 0.21449109 0.82827387 0.22624257 0.82626285 0.22731784 0.82201286 0.24200701 0.83628802 0.24554938 0.83744908 0.24741180 0.87551645 0.25685820 0.87667780 0.25872109 0.90046960 0.26462502 0.90641973 0.24405973 0.90843115 0.24298457 0.92500637 0.18569599 0.92701739 0.18462073 0.93934251 0.14202169 0.93775647 0.14162812 0.93659500 0.13976560 0.90170012 0.13110645 0.89362511 0.15901594 0.89161409 0.16009121 0.87099396 0.15497433 0.87056887 0.15644355 0.86855786 0.15751882 0.85111021 0.15318919
0 0.94353153 0.17454920 0.94183151 0.18042494 0.93982049 0.18150021 0.93347553 0.17992571 0.93146451 0.18100098 0.92508941 0.20303510 0.93302041 0.20500318 0.93418147 0.20686559 0.93248145 0.21274134 0.93047033 0.21381698 0.92253932 0.21184890 0.91446431 0.23975839 0.92080887 0.24133279 0.92197034 0.24319531 0.91984523 0.25054027 0.91783381 0.25161543 0.90990321 0.24964746 0.90522813 0.26580584 0.92743429 0.27131629 0.92859535 0.27317871 0.94287051 0.27672108 0.95307063 0.24146664 0.95508165 0.24039137 0.96868181 0.19338544 0.97069293 0.19230979 0.98429310 0.14530386 0.98630452 0.14422870 0.99522960 0.11338115 0.96667887 0.10629629 0.95350369 0.15183339 0.95149267 0.15290865 0.94197562 0.15054700 0.93602561 0.17111191 0.94237058 0.17268641 0.94353153 0.17454920
0 0.39203487 0.96554003 0.41664709 0.86876341 0.34010225 0.84715411 0.33072614 0.88402151 0.32795274 0.88570804 0.31388857 0.94100914 0.38606024 0.96138385 0.38766114 0.96430529 0.39203487 0.96554003
0 0.27014842 0.92866090 0.27174932 0.93158234 0.30018084 0.93960881 0.33416916 0.80596479 0.30355078 0.79732094 0.30194988 0.79439951 0.25820973 0.78205127 0.25703779 0.78665940 0.25426496 0.78834609 0.23727064 0.85516869 0.23449725 0.85685523 0.21984711 0.91446039 0.27014842 0.92866090
0 0.20949818 0.90906931 0.23176652 0.82150894 0.23453992 0.81982241 0.24508797 0.77834688 0.21665645 0.77032041 0.21505555 0.76739897 0.16694111 0.75381583 0.14643098 0.83446282 0.14365814 0.83614951 0.13135188 0.88453842 0.17727946 0.89750418 0.17888036 0.90042562 0.20949818 0.90906931
0 0.11662866 0.87791243 0.11823012 0.88083402 0.12041698 0.88145140 0.12510504 0.86301770 0.12787788 0.86133100 0.15600621 0.75072881 0.10789232 0.73714583 0.10629157 0.73422380 0.08004692 0.72681470 0.07887484 0.73142342 0.07610200 0.73311011 0.04973173 0.83679952 0.04695874 0.83848681 0.04227068 0.85692050 0.11662866 0.87791243
0 0.00000000 0.84251699 0.00786468 0.84473726 0.00946554 0.84765932 0.03352265 0.85445086 0.04993100 0.78993232 0.04833010 0.78701088 0.06532426 0.72018887 0.01283597 0.70537096 0.01123490 0.70244947 0.00000000 0.69927776 0.00000000 0.84251699
0 0.20064680 0.74110395 0.20224755 0.74402598 0.25254886 0.75822649 0.26719914 0.70062073 0.26997198 0.69893404 0.28462212 0.64132888 0.26712605 0.63638959 0.26552531 0.63346756 0.26728321 0.62655536 0.21042074 0.61050258 0.20807671 0.61971943 0.20530388 0.62140612 0.19123971 0.67670722 0.18846687 0.67839391 0.17440271 0.73369501 0.20064680 0.74110395
0 0.16346781 0.73060799 0.16756974 0.71447894 0.17034273 0.71279166 0.18792286 0.64366558 0.19069570 0.64197889 0.20007181 0.60511149 0.14977050 0.59091098 0.14816975 0.58798896 0.11973879 0.57996264 0.10860462 0.62374282 0.10583123 0.62542936 0.08532095 0.70607694 0.14655772 0.72336463 0.14815862 0.72628606 0.16346781 0.73060799
0 0.00000000 0.67952058 0.02685802 0.68710284 0.02845903 0.69002431 0.07438605 0.70298992 0.08962231 0.64308010 0.09239570 0.64139357 0.10645987 0.58609247 0.09989871 0.58424020 0.09829725 0.58131860 0.08736235 0.57823158 0.08576145 0.57531014 0.08693354 0.57070142 0.07381150 0.56699695 0.07221043 0.56407547 0.03065731 0.55234465 0.01249106 0.62377538 0.00971809 0.62546204 0.00000000 0.66367410 0.00000000 0.67952058
0 0.47258999 0.66722762 0.49485833 0.57966725 0.47736227 0.57472796 0.47576081 0.57180636 0.41889889 0.55575374 0.41538278 0.56957931 0.41260994 0.57126600 0.39444369 0.64269673 0.46661480 0.66307128 0.46821570 0.66599272 0.47258999 0.66722762
0 0.38628163 0.63792302 0.39741580 0.59414283 0.40018878 0.59245555 0.41073683 0.55098002 0.34512689 0.53245775 0.34352543 0.52953615 0.33040367 0.52583176 0.31985562 0.56730729 0.31708278 0.56899398 0.30594861 0.61277416 0.31250921 0.61462628 0.31410996 0.61754831 0.38628163 0.63792302
0 0.31536612 0.53887422 0.31946821 0.52274458 0.29541155 0.51595317 0.29381065 0.51303173 0.24132247 0.49821385 0.23897859 0.50743011 0.23620504 0.50911723 0.21628088 0.58746016 0.29501315 0.60968698 0.31259329 0.54056091 0.31536612 0.53887422
0 0.20593196 0.58206907 0.20870479 0.58038238 0.22980104 0.49743074 0.23257388 0.49574404 0.23316000 0.49343939 0.17848495 0.47800413 0.17688405 0.47508270 0.15282683 0.46829113 0.15048280 0.47750797 0.14770996 0.47919467 0.12778566 0.55753818 0.13434682 0.55939046 0.13594772 0.56231190 0.20593196 0.58206907
0 0.09177876 0.54243350 0.09337965 0.54535494 0.11743688 0.55214651 0.13501701 0.48302043 0.13778985 0.48133374 0.14189193 0.46520410 0.09815178 0.45285587 0.09655077 0.44993440 0.06374563 0.44067322 0.05964369 0.45680226 0.05687060 0.45848951 0.04046240 0.52300746 0.03768940 0.52469410 0.03710343 0.52699817 0.09177876 0.54243350
0 0.79456750 0.50757953 0.77410323 0.50331821 0.75205991 0.61822012 0.79726491 0.63581636 0.82269302 0.52099716 0.79456750 0.50757953
0 0.83829206 0.65302117 0.84161990 0.65802102 0.84701583 0.65641693 0.85113674 0.66172549 0.87001486 0.66536941 0.87525523 0.66000030 0.89436519 0.57482716 0.87020503 0.56295306 0.87132448 0.55227540 0.89654716 0.55838897 0.91439737 0.46161205 0.91048896 0.45515139 0.89145528 0.44774244 0.88291349 0.48022741 0.86113253 0.46927943 0.85546716 0.47695275 0.82142508 0.64769045 0.83829206 0.65302117
