0 0.24587478 0.26605027 0.25664765 0.26591892 0.26097823 0.27833307 0.30275886 0.27774353 0.30418094 0.23294405 0.32154498 0.23202914 0.32208518 0.20638717 0.24618042 0.20816961 0.24587478 0.26605027
0 0.45399067 0.22910178 0.48350958 0.22854537 0.49068812 0.12908674 0.46549489 0.13052844 0.45399067 0.22910178
0 0.69837761 0.45839945 0.71620750 0.49511592 0.72660828 0.51069260 0.73255157 0.51180522 0.74592400 0.49734116 0.75855350 0.47508876 0.76449680 0.47175090 0.76672554 0.46173732 0.71917915 0.37940343 0.71472168 0.36605199 0.70654964 0.35826365 0.68203354 0.38830439 0.68203354 0.39609273 0.68574810 0.40165583 0.68574810 0.44838587 0.69837761 0.45839945
0 0.41792629 0.88671338 0.42330783 0.86800503 0.13490334 0.79433749 0.12596043 0.81389927 0.41792629 0.88671338
0 0.42868490 0.86057652 0.43760249 0.84127335 0.14653777 0.76877372 0.13614260 0.78908860 0.42868490 0.86057652
0 0.43971459 0.83559309 0.44767444 0.82057883 0.15560878 0.74643543 0.14834303 0.76250381 0.43971459 0.83559309
0 0.45557769 0.80215289 0.46450570 0.78807896 0.17570352 0.71295695 0.16555412 0.72943809 0.45557769 0.80215289
0 0.46382203 0.78263455 0.47441977 0.76800201 0.18880063 0.69594306 0.17699789 0.70923183 0.46382203 0.78263455
0 0.47877057 0.76326622 0.48793542 0.74790023 0.19360871 0.67305340 0.18803950 0.68975281 0.47877057 0.76326622
0 0.25801437 0.56966146 0.23794197 0.61170119 0.51464798 0.68203982 0.54733192 0.60731505 0.57175810 0.56999456 0.53099516 0.56966146 0.25801437 0.56966146
0 0.61962891 0.81445312 0.64208984 0.81445312 0.64404297 0.81250000 0.65136719 0.60677083 0.64404297 0.60351562 0.61962891 0.60279756 0.61962891 0.81445312
