0 0.17513086 0.18173547 0.17827051 0.23069384 0.18593311 0.22934432 0.18227686 0.18121856 0.17513086 0.18173547
0 0.18678223 0.17864267 0.18935303 0.22401214 0.19681494 0.22515958 0.19365186 0.17959063 0.18678223 0.17864267
0 0.19842432 0.17892194 0.20183398 0.22426973 0.20868750 0.22564527 0.20624170 0.17789332 0.19842432 0.17892194
0 0.22507666 0.19634866 0.22638574 0.20928187 0.22134082 0.21028101 0.22244238 0.22272333 0.25667725 0.22205811 0.25492725 0.19355334 0.22507666 0.19634866
0 0.22230322 0.16532437 0.22316016 0.17986123 0.21887939 0.17986123 0.21954004 0.19075802 0.25448633 0.19083261 0.25255176 0.16078925 0.22230322 0.16532437
0 0.11591016 0.77252905 0.11722266 0.75890026 0.12605078 0.75812142 0.12605078 0.74246574 0.09897266 0.74465134 0.09938916 0.81482480 0.12611816 0.81605377 0.12651025 0.77137728 0.11591016 0.77252905
0 0.18062402 0.79585169 0.18043750 0.78330095 0.18541992 0.78330095 0.18558057 0.74028794 0.13432422 0.74360364 0.13420508 0.78564614 0.15949219 0.78355421 0.16121094 0.79616999 0.18062402 0.79585169
0 0.19719971 0.74167129 0.19819775 0.76866175 0.22381543 0.76642498 0.22381543 0.73897832 0.19719971 0.74167129
0 0.26059277 0.80941544 0.27745557 0.80873027 0.27734521 0.80371206 0.28221240 0.80382047 0.28252832 0.83151258 0.33517676 0.83075455 0.33414746 0.73678057 0.27110498 0.73588899 0.27214404 0.70947441 0.26338184 0.70938075 0.26344678 0.73857589 0.24960498 0.73919254 0.24910400 0.70948309 0.23920312 0.70946054 0.24108643 0.80483868 0.24571631 0.80644232 0.26059277 0.80355768 0.26059277 0.80941544
0 0.25332813 0.57925412 0.25267139 0.53726713 0.23700732 0.53774241 0.23758936 0.70272853 0.27715381 0.70204944 0.27612061 0.57754987 0.25332813 0.57925412
0 0.19038965 0.57999480 0.19128516 0.59139289 0.18634033 0.59427320 0.18736230 0.70195750 0.19190332 0.70748309 0.19205225 0.72052298 0.22276660 0.72158456 0.21903369 0.57940330 0.19038965 0.57999480
0 0.19396484 0.52092281 0.19478418 0.56198873 0.22286328 0.56032437 0.22113525 0.51964874 0.19396484 0.52092281
0 0.09624023 0.53714831 0.09715234 0.56716565 0.12443506 0.56667129 0.12421875 0.53651865 0.09624023 0.53714831
0 0.09654590 0.49841457 0.09715234 0.51183955 0.12284717 0.51026800 0.12275342 0.49743886 0.09654590 0.49841457
0 0.18384863 0.56478925 0.18390527 0.52605464 0.18136914 0.51921856 0.17812988 0.51921856 0.17760840 0.50576583 0.14141455 0.50795750 0.14014551 0.49526106 0.13139453 0.49478491 0.13282520 0.56748482 0.18384863 0.56478925
