0 0.25060107 0.80094194 0.31508984 0.83339032 0.31876416 0.81805161 0.25313818 0.78687177 0.25060107 0.80094194
0 0.24944189 0.81540403 0.24284033 0.86677419 0.30457275 0.89847742 0.31334180 0.84577984 0.24944189 0.81540403
0 0.30035010 0.93309274 0.30336719 0.91481694 0.24134326 0.88081774 0.23815918 0.90748226 0.30035010 0.93309274
0 0.33202539 0.86240887 0.32816553 0.88563952 0.36172803 0.90307984 0.36288525 0.89276129 0.35955957 0.89139194 0.36210303 0.87636210 0.33202539 0.86240887
0 0.32421338 0.91479194 0.35461572 0.92914758 0.35654395 0.91551129 0.36051611 0.91783226 0.36173486 0.90763387 0.32870361 0.88974677 0.32421338 0.91479194
0 0.35075537 0.95384919 0.35174072 0.94732177 0.32197021 0.93149032 0.32047949 0.94138145 0.35075537 0.95384919
0 0.39946533 0.90081774 0.39003027 0.95500081 0.45562012 0.97969516 0.46523437 0.92669919 0.39946533 0.90081774
0 0.40578467 0.85955887 0.40176660 0.88534919 0.46711426 0.90915403 0.47103125 0.88643952 0.40578467 0.85955887
0 0.63595508 0.95432339 0.63769824 0.94277581 0.57058203 0.92048065 0.56802881 0.93577339 0.63595508 0.95432339
0 0.62807910 1.00000000 0.63242383 0.97005161 0.56723047 0.95216129 0.55890869 1.00000000 0.62807910 1.00000000
0 0.53173389 1.00000000 0.53968408 0.94844839 0.50797998 0.93609919 0.50566162 0.95145726 0.50209912 0.95022419 0.49658594 0.97576452 0.50300098 0.97840565 0.49875586 0.99058710 0.52686475 1.00000000 0.53173389 1.00000000
