0 0.96506105 0.67931346 0.97493955 0.66956975 0.97264749 0.66678044 0.97277425 0.66413068 0.96818948 0.65855270 0.96577063 0.65841383 0.95558744 0.66845873 0.95316858 0.66831986 0.94202251 0.67931346 0.96506105 0.67931346
0 0.98041178 0.65659735 0.98295741 0.65408646 0.98371807 0.63818653 0.97353489 0.64823143 0.98041178 0.65659735
0 0.83128907 0.47797470 0.82887022 0.47783583 0.77795445 0.52805692 0.78024651 0.53084623 0.78266537 0.53098510 0.80788017 0.56166149 0.85879593 0.51144040 0.83128907 0.47797470
0 0.90334193 0.44225298 0.90092308 0.44211411 0.88716994 0.42538162 0.88475046 0.42524271 0.83638094 0.47295295 0.86388780 0.50641865 0.86630666 0.50655752 0.91467679 0.45884732 0.91480356 0.45619756 0.90334193 0.44225298
0 0.36928723 0.99059275 0.37293734 0.93179763 0.34774542 0.93068311 0.34409531 0.98947823 0.36928723 0.99059275
0 0.33885392 0.93028974 0.29291544 0.92825736 0.29151133 0.92694060 0.29158898 0.92568972 0.28862541 0.92555861 0.28722090 0.92424215 0.26499293 0.92325876 0.26483761 0.92576053 0.26327777 0.92694616 0.18177445 0.92334036 0.18036996 0.92202358 0.18060294 0.91827092 0.17171182 0.91787757 0.16767339 0.98292775 0.33512614 0.99033606 0.33668560 0.98915041 0.33753987 0.97539004 0.33613574 0.97407360 0.33885392 0.93028974
0 0.34852205 0.91817330 0.34813372 0.92442836 0.34961551 0.92449392 0.35101964 0.92581036 0.37324799 0.92679377 0.37371397 0.91928782 0.34852205 0.91817330
0 0.34072402 0.92410055 0.34095701 0.92034758 0.33814877 0.91771437 0.29221028 0.91568200 0.29080615 0.91436556 0.23301260 0.91180870 0.23160847 0.91049226 0.20197079 0.90918105 0.20056628 0.90786460 0.17389257 0.90668452 0.17342660 0.91419015 0.18972742 0.91491132 0.19113155 0.91622776 0.25337085 0.91898130 0.25477496 0.92029806 0.34072402 0.92410055
0 0.37988281 0.79662961 0.36206009 0.79584111 0.35499284 0.90967869 0.37425761 0.91053098 0.37988281 0.81992161 0.37988281 0.79662961
0 0.19307310 0.88495371 0.19447723 0.88627015 0.19354528 0.90128173 0.30616844 0.90626432 0.30757257 0.90758076 0.30749489 0.90883196 0.33713294 0.91014319 0.33845322 0.88887654 0.33704870 0.88756008 0.34279570 0.79498883 0.24054583 0.79046517 0.23898638 0.79165050 0.17822925 0.78896253 0.17255991 0.88028290 0.17396404 0.88159934 0.17380871 0.88410143 0.19307310 0.88495371
0 0.10182306 0.67931346 0.10176740 0.68021009 0.10473097 0.68034121 0.10613510 0.68165771 0.10590211 0.68541062 0.11034786 0.68560731 0.11175199 0.68692381 0.11167432 0.68817479 0.11011487 0.68936022 0.11752419 0.68968802 0.11892832 0.69100452 0.11854001 0.69725933 0.12150397 0.69739046 0.12290809 0.69870700 0.12259744 0.70371086 0.12556140 0.70384199 0.12696553 0.70515852 0.12688787 0.70640947 0.20098186 0.70968748 0.20254168 0.70850210 0.21291458 0.70896101 0.21330290 0.70270617 0.21033932 0.70257506 0.20893519 0.70125852 0.20916818 0.69750564 0.20620422 0.69737451 0.20480010 0.69605798 0.20495542 0.69355608 0.20347363 0.69349052 0.20206913 0.69217397 0.20230211 0.68842109 0.19785675 0.68822442 0.19645262 0.68690788 0.19653028 0.68565690 0.19356633 0.68552577 0.19216220 0.68420927 0.19246614 0.67931346 0.10182306 0.67931346
0 0.53522582 0.67931346 0.53633030 0.67994784 0.53594997 0.68370075 0.53824267 0.68501727 0.53786235 0.68877018 0.54015443 0.69008668 0.53977410 0.69383960 0.54206619 0.69515610 0.54181264 0.69765803 0.62647825 0.69995265 0.62418617 0.69863611 0.62443972 0.69613421 0.62214763 0.69481767 0.62227441 0.69356669 0.61998171 0.69225017 0.62023526 0.68974824 0.61794317 0.68843170 0.61819672 0.68592981 0.61590464 0.68461327 0.61603142 0.68336229 0.61857705 0.68217689 0.62341538 0.68230802 0.62570747 0.68362453 0.65473563 0.68441125 0.65244292 0.68309473 0.65282612 0.67931346 0.53522582 0.67931346
0 0.39570679 0.67931346 0.38943554 0.74119553 0.41362568 0.74185113 0.41425954 0.73559639 0.41680539 0.73441074 0.45067151 0.73532858 0.45105181 0.73157593 0.44875959 0.73025949 0.44901316 0.72775740 0.45155891 0.72657207 0.48784413 0.72755548 0.48809770 0.72505338 0.48580561 0.72373694 0.48631271 0.71873308 0.48402062 0.71741664 0.48465449 0.71116190 0.48236181 0.70984512 0.48299568 0.70359037 0.48070359 0.70227387 0.48121069 0.69727001 0.47891861 0.69595347 0.47955249 0.68969863 0.47725978 0.68838211 0.47776688 0.68337825 0.47547480 0.68206174 0.47575331 0.67931346 0.39570679 0.67931346
