0 0.20834030 0.16998841 0.27307092 0.16075146 0.23073128 0.05427980 0.22021995 0.05657804 0.22305831 0.06312677 0.21483287 0.06461275 0.21515482 0.06861671 0.16943236 0.07686593 0.20834030 0.16998841
0 1.00000000 0.28348135 0.97658187 0.28677256 0.97825460 0.29867467 0.97620822 0.30138958 0.91907737 0.30941880 0.92041557 0.31894061 0.91836980 0.32165544 0.87790227 0.32734278 0.87518744 0.32529700 0.87384923 0.31577520 0.84290290 0.32012442 0.84018807 0.31807865 0.83851534 0.30617654 0.61713345 0.33728974 0.61508768 0.34000457 0.56985894 0.34636105 0.57119714 0.35588286 0.56915137 0.35859769 0.51678112 0.36595785 0.51811932 0.37547966 0.51607355 0.37819449 0.47322541 0.38421640 0.47051040 0.38217065 0.46917220 0.37264885 0.43822635 0.37699800 0.44132393 0.39903846 0.73048357 0.39903846 1.00000000 0.36116040 1.00000000 0.28348135
0 1.00000000 0.12989456 0.99801845 0.12840175 0.99668025 0.11887994 0.96811482 0.12289456 0.96539991 0.12084818 0.96473085 0.11608757 0.96201602 0.11404181 0.96134688 0.10928060 0.73044318 0.14173200 0.72839688 0.14444752 0.69507086 0.14913119 0.69607444 0.15627208 0.69878927 0.15831786 0.69674359 0.16103329 0.64199304 0.16872798 0.64366577 0.18063009 0.64162000 0.18334492 0.62019608 0.18635585 0.61748065 0.18431017 0.59843703 0.18698657 0.59572220 0.18494081 0.59505306 0.18017960 0.59233823 0.17813382 0.59166908 0.17337262 0.58690788 0.17404176 0.58486219 0.17675720 0.56343827 0.17976813 0.56072336 0.17772175 0.55905063 0.16581965 0.42812549 0.18421998 0.42846010 0.18660088 0.42027641 0.19746029 0.42061103 0.19984119 0.41447331 0.20798636 0.43354268 0.34367198 0.50495655 0.33363541 0.50767138 0.33568118 0.72429206 0.30523713 0.72328839 0.29809562 0.72057356 0.29604985 0.72023903 0.29366955 0.72228471 0.29095411 0.73180713 0.28961582 0.73013440 0.27771372 0.73218017 0.27499889 0.74170198 0.27366069 0.74002925 0.26175858 0.74207502 0.25904375 0.75159682 0.25770555 0.75059315 0.25056404 0.74787824 0.24851766 0.74754371 0.24613736 0.74958948 0.24342253 0.79481822 0.23706604 0.79753305 0.23911181 0.79548728 0.24182664 0.79749463 0.25610966 0.79544825 0.25882457 0.79068765 0.25949363 0.79202585 0.26901544 0.78793439 0.27444571 0.77841198 0.27578400 0.78008471 0.28768611 0.77803894 0.29040094 0.76851713 0.29173914 0.76952080 0.29888065 0.83379316 0.28984775 0.83583893 0.28713293 1.00000000 0.26406159 1.00000000 0.12989456
0 1.00000000 0.00000000 0.54566165 0.00000000 0.54344208 0.00294532 0.54377661 0.00532562 0.53559309 0.01618624 0.53592762 0.01856654 0.52569824 0.03214138 0.52603277 0.03452168 0.51580339 0.04809652 0.51613801 0.05047743 0.50590863 0.06405227 0.50624316 0.06643257 0.49601326 0.08000810 0.49634779 0.08238840 0.48611841 0.09596324 0.48645294 0.09834354 0.48236088 0.10377389 0.51568751 0.09909014 0.51840234 0.10113591 0.52040969 0.11541893 0.51836392 0.11813376 0.50884211 0.11947196 0.51051484 0.13137407 0.50846907 0.13408890 0.49894726 0.13542710 0.50028547 0.14494891 0.49823970 0.14766374 0.49585879 0.14799835 0.49381310 0.15071379 0.49143280 0.15104832 0.49210186 0.15580892 0.84678907 0.10596088 0.84511634 0.09405878 0.84716211 0.09134395 0.85668392 0.09000575 0.85534571 0.08048394 0.85739201 0.07776841 0.86453291 0.07676482 0.86286018 0.06486272 0.86490594 0.06214789 0.87442836 0.06080960 0.87275563 0.04890749 0.87480140 0.04619266 0.92002953 0.03983626 0.92274497 0.04188195 0.92374856 0.04902285 0.92170227 0.05173837 0.92270594 0.05887988 0.92066017 0.06159471 0.91351927 0.06259830 0.91519200 0.07450040 0.91314562 0.07721532 0.90124351 0.07888805 0.90157813 0.08126896 0.90429296 0.08331473 0.90529655 0.09045563 0.90325086 0.09317107 0.89372905 0.09450927 0.89439811 0.09926987 1.00000000 0.08442849 1.00000000 0.00000000
0 0.40865385 0.39903846 0.30106060 0.39903846 0.31232224 0.47916917 0.40865385 0.46563065 0.40865385 0.39903846
0 0.56606680 0.74517676 0.58042146 0.83904199 0.60346543 0.83527661 0.59205410 0.74456368 0.56606680 0.74517676
0 0.55514128 0.87318586 0.57338405 0.86897376 0.55658538 0.74699235 0.53207570 0.74813573 0.55514128 0.87318586
0 0.51997112 0.88112421 0.54225242 0.87428117 0.52032335 0.74771435 0.50500693 0.74892993 0.51997112 0.88112421
0 0.49442465 0.94256357 0.51614289 0.93456408 0.49549696 0.76406663 0.47236354 0.77189361 0.49442465 0.94256357
0 0.46048871 0.95446486 0.48287070 0.93951206 0.46144942 0.77346390 0.44124278 0.77795201 0.46048871 0.95446486
