0 0.19076737 0.75598449 0.20951002 0.75588005 0.21043255 0.71852889 0.19747999 0.71903692 0.19076737 0.75598449
0 0.01776435 0.69190343 0.01615696 0.69809931 0.02507010 0.69818495 0.02418812 0.70339533 0.03725591 0.70367629 0.03512233 0.73009212 0.19168037 0.72846733 0.19552837 0.69081930 0.01776435 0.69190343
0 0.03290001 0.56713136 0.03115989 0.58612881 0.03777366 0.58609033 0.03718410 0.59958182 0.06065533 0.59861537 0.06153067 0.59497561 0.09674794 0.59520462 0.09643246 0.60386850 0.24461488 0.60575642 0.25146790 0.56724497 0.03290001 0.56713136
0 0.02946088 0.54125969 0.03184271 0.55070447 0.24504828 0.55103876 0.24496744 0.54081935 0.02946088 0.54125969
0 0.70852660 0.72702969 0.70715949 0.70779119 0.58895995 0.70883157 0.57974264 0.74454251 0.71938804 0.74461993 0.72374950 0.72900130 0.70852660 0.72702969
0 0.49020897 0.27519586 0.48961963 0.29715795 0.61555528 0.29358507 0.61728307 0.27155918 0.49020897 0.27519586
0 0.60906008 0.32117326 0.56191616 0.32043242 0.55862001 0.34094999 0.60764825 0.34067364 0.60906008 0.32117326
0 0.45862124 0.24601241 0.48020181 0.26039881 0.57905482 0.21094367 0.55785977 0.19687927 0.45862124 0.24601241
0 0.52343702 0.17544533 0.49918868 0.16040655 0.40741698 0.21668596 0.43343379 0.23113656 0.52343702 0.17544533
0 0.32150577 0.26593297 0.34540069 0.28339553 0.35316642 0.27936872 0.36904917 0.28934017 0.43282763 0.25392121 0.39264469 0.22739746 0.32150577 0.26593297
0 0.26505896 0.32517679 0.26927349 0.32223947 0.24746247 0.30804145 0.17500219 0.34744276 0.21627931 0.37306230 0.27328681 0.33845256 0.26315076 0.33072785 0.26922643 0.32819721 0.26505896 0.32517679
0 0.23075343 0.40252129 0.20622223 0.38767853 0.11593862 0.44319800 0.13628030 0.45752440 0.23075343 0.40252129
0 0.28786360 0.40876616 0.25460758 0.40682381 0.24343364 0.48216048 0.27853172 0.48330101 0.28786360 0.40876616
0 0.54588000 0.33314413 0.52272429 0.31954013 0.51166285 0.32671211 0.49504578 0.31843739 0.47976360 0.32995188 0.48614651 0.33343656 0.47390236 0.34012135 0.47994956 0.34404496 0.46775289 0.35132437 0.47069207 0.35365156 0.45832652 0.35827871 0.45785562 0.36185616 0.39670374 0.39380837 0.36710578 0.40675461 0.35870320 0.40152154 0.34712688 0.40920978 0.34298247 0.40674240 0.33302066 0.41316631 0.33016976 0.41151398 0.32448069 0.41438584 0.33486289 0.42380766 0.32675985 0.42969715 0.34885489 0.44306787 0.35956750 0.43682436 0.37147997 0.44309723 0.39092344 0.43427847 0.39826886 0.43749301 0.40979021 0.43133219 0.41432118 0.43526768 0.43560092 0.42849428 0.45928560 0.42011925 0.50922570 0.39093817 0.50853457 0.38904406 0.52917951 0.37443346 0.52561253 0.37003239 0.53622721 0.36405393 0.53082070 0.35947327 0.54014776 0.35444047 0.53606650 0.35002689 0.54520568 0.34526441 0.53462557 0.33776014 0.54588000 0.33314413
0 0.05318110 0.40451362 0.07865152 0.42094055 0.17676428 0.36952087 0.15432934 0.35397209 0.05318110 0.40451362
