0 0.39915309 0.17356662 0.38961881 0.17945549 0.37945771 0.14630045 0.34252043 0.16936765 0.36399303 0.29774281 0.34898221 0.30923817 0.36151630 0.38257605 0.42826080 0.33864193 0.39915309 0.17356662
0 0.26486777 0.61920530 0.23242759 0.38537726 0.20640169 0.40207350 0.23974922 0.61920530 0.26486777 0.61920530
0 0.73673911 0.61920530 0.73614111 0.61871323 0.73572795 0.61635660 0.73710438 0.61345590 0.74784281 0.61019120 0.74742965 0.60783458 0.74880597 0.60493328 0.75059556 0.60438921 0.75018240 0.60203258 0.75155928 0.59913174 0.75334887 0.59858767 0.75293561 0.59623044 0.75431203 0.59332975 0.75348572 0.58861649 0.74632691 0.59079291 0.74412417 0.58898035 0.74550049 0.58607906 0.74729008 0.58553498 0.74508733 0.58372243 0.72540052 0.58970762 0.72319777 0.58789506 0.72237135 0.58318120 0.72374778 0.58028051 0.73806538 0.57592767 0.73765222 0.57357104 0.73049342 0.57574746 0.72829067 0.57393490 0.72966700 0.57103360 0.72884068 0.56632035 0.71810271 0.56958491 0.71851587 0.57194154 0.71713944 0.57484223 0.71534939 0.57538644 0.71576266 0.57774367 0.70888017 0.59224790 0.70970649 0.59696116 0.71686529 0.59478474 0.71906814 0.59659789 0.71948130 0.59895452 0.71810487 0.60185522 0.70378727 0.60620806 0.70420043 0.60856469 0.70282400 0.61146538 0.70323726 0.61382261 0.70860648 0.61219026 0.71080922 0.61400282 0.70943279 0.61690352 0.70585316 0.61799180 0.70527750 0.61920530 0.73673911 0.61920530
0 0.68230477 0.61920530 0.68313718 0.61745057 0.68492677 0.61690650 0.68630319 0.61400581 0.68809324 0.61346160 0.68768008 0.61110497 0.68905651 0.60820427 0.68864335 0.60584765 0.69001967 0.60294635 0.69180971 0.60240213 0.69098340 0.59768888 0.69235972 0.59478758 0.69414930 0.59424351 0.69373615 0.59188688 0.69511257 0.58898619 0.69690216 0.58844212 0.70103179 0.57973928 0.70020548 0.57502603 0.70158225 0.57212459 0.70337184 0.57158052 0.70295868 0.56922389 0.70433511 0.56632319 0.70612470 0.56577913 0.70571154 0.56342250 0.70708797 0.56052180 0.70667470 0.55816457 0.69951636 0.56034085 0.69731316 0.55852843 0.69690000 0.55617181 0.68795161 0.55889230 0.68574876 0.55707914 0.68533560 0.55472251 0.68671203 0.55182181 0.68850161 0.55127774 0.68808846 0.54892112 0.68092965 0.55109754 0.67872691 0.54928498 0.67831365 0.54692775 0.67969007 0.54402705 0.68148012 0.54348284 0.68106696 0.54112622 0.67211811 0.54384685 0.66991527 0.54203369 0.67266812 0.53623229 0.67225496 0.53387566 0.66509662 0.53605195 0.66289342 0.53423953 0.66248015 0.53188230 0.64995259 0.53569093 0.65036586 0.53804816 0.64898897 0.54094899 0.64719939 0.54149306 0.64761254 0.54384969 0.64623612 0.54675039 0.64664928 0.54910702 0.64527250 0.55200845 0.64348291 0.55255253 0.64430923 0.55726578 0.64293291 0.56016708 0.64114332 0.56071115 0.63976689 0.56361185 0.63797685 0.56415606 0.63839001 0.56651268 0.63701358 0.56941338 0.63522399 0.56995745 0.63563715 0.57231408 0.64458554 0.56959359 0.64678839 0.57140675 0.64761471 0.57612000 0.64623838 0.57902130 0.64444880 0.57956537 0.64169549 0.58536691 0.64210865 0.58772353 0.63935590 0.59352553 0.63756585 0.59406974 0.63618942 0.59697044 0.62545145 0.60023500 0.62407457 0.60313583 0.62228507 0.60367988 0.62269834 0.60603711 0.62132182 0.60893783 0.62173498 0.61129446 0.61898189 0.61709592 0.61719217 0.61764003 0.61746659 0.61920530 0.68230477 0.61920530
0 0.58353499 0.61920530 0.58332498 0.61800740 0.58470139 0.61510607 0.58649107 0.61456198 0.58607791 0.61220535 0.58745447 0.60930461 0.58924420 0.60876050 0.58841778 0.60404664 0.58979429 0.60114592 0.59158397 0.60060182 0.59117081 0.59824519 0.59254738 0.59534445 0.59433710 0.59480034 0.59571351 0.59189901 0.59488720 0.58718576 0.59626361 0.58428443 0.59805333 0.58374032 0.59764017 0.58138369 0.60176978 0.57268150 0.60135651 0.57032427 0.60273308 0.56742353 0.60452280 0.56687942 0.60410964 0.56452279 0.60548606 0.56162146 0.60727573 0.56107737 0.60686258 0.55872074 0.60823914 0.55582000 0.61002886 0.55527589 0.60961570 0.55291926 0.61099222 0.55001854 0.61057896 0.54766131 0.61195548 0.54476058 0.61374497 0.54421654 0.61333181 0.54185991 0.61470859 0.53895847 0.61649818 0.53841440 0.61608502 0.53605778 0.61746145 0.53315708 0.61925149 0.53261287 0.61883833 0.53025624 0.62021476 0.52735555 0.61980150 0.52499832 0.62117792 0.52209762 0.62296751 0.52155355 0.62255435 0.51919692 0.62668399 0.51049409 0.62627083 0.50813746 0.62764725 0.50523676 0.62943730 0.50469255 0.62902403 0.50233532 0.62186477 0.50451188 0.61966203 0.50269933 0.61924887 0.50034270 0.61030048 0.50306319 0.60809763 0.50125003 0.60768448 0.49889340 0.60906090 0.49599271 0.61085049 0.49544863 0.61043733 0.49309201 0.60327862 0.49526840 0.60107579 0.49345587 0.60066252 0.49109864 0.60203904 0.48819792 0.60162588 0.48584129 0.57657012 0.49345875 0.57698328 0.49581537 0.57010066 0.51031964 0.57051381 0.51267627 0.56913736 0.51557761 0.56734768 0.51612171 0.56776084 0.51847834 0.56638432 0.52137906 0.56679758 0.52373629 0.56542102 0.52663703 0.56363132 0.52718113 0.56404448 0.52953776 0.56266793 0.53243850 0.56308109 0.53479512 0.57023989 0.53261870 0.57244284 0.53443183 0.57285599 0.53678846 0.57147947 0.53968919 0.56968980 0.54023328 0.56831334 0.54313463 0.56652364 0.54367873 0.56734996 0.54839199 0.56597341 0.55129272 0.57787969 0.61920530 0.58353499 0.61920530
0 0.82216299 0.29219129 0.82257615 0.29454792 0.81569376 0.30905275 0.81610692 0.31140937 0.80922443 0.32591360 0.80963759 0.32827023 0.80275464 0.34277460 0.80316791 0.34513183 0.79490899 0.36253675 0.79532215 0.36489338 0.78843977 0.37939821 0.78885292 0.38175484 0.78196998 0.39625920 0.78238324 0.39861644 0.77550075 0.41312066 0.77591391 0.41547729 0.76765499 0.43288222 0.76806826 0.43523945 0.76118531 0.44974381 0.76159847 0.45210044 0.75471609 0.46660527 0.75512925 0.46896190 0.74824676 0.48346613 0.74865992 0.48582275 0.74040065 0.50322842 0.74081381 0.50558505 0.73393132 0.52008928 0.73434447 0.52244591 0.73159127 0.52824804 0.73200443 0.53060467 0.74095327 0.52788404 0.74315612 0.52969720 0.74177969 0.53259789 0.73999011 0.53314197 0.74081642 0.53785522 0.75155440 0.53459066 0.75293083 0.53168996 0.76008963 0.52951354 0.76229237 0.53132610 0.76311879 0.53603996 0.76174236 0.53894065 0.76215552 0.54129728 0.76077920 0.54419858 0.75898962 0.54474265 0.75940277 0.54709928 0.76835116 0.54437879 0.77055391 0.54619135 0.77096706 0.54854797 0.76959064 0.55144867 0.76780105 0.55199274 0.76821432 0.55434997 0.78074187 0.55054134 0.77991545 0.54582748 0.78266876 0.54002595 0.78445835 0.53948188 0.78404519 0.53712525 0.78542197 0.53422381 0.78721156 0.53367974 0.78679840 0.53132311 0.78817483 0.52842242 0.78734840 0.52370856 0.78872483 0.52080786 0.79051442 0.52026379 0.79326773 0.51446226 0.79285446 0.51210503 0.79423089 0.50920433 0.79381773 0.50684770 0.79519451 0.50394626 0.79698410 0.50340219 0.79657094 0.50104557 0.79794737 0.49814487 0.79973695 0.49760080 0.79932379 0.49524417 0.80070022 0.49234347 0.80249027 0.49179927 0.80207700 0.48944204 0.80345343 0.48654134 0.80304027 0.48418471 0.80441659 0.48128341 0.80620664 0.48073920 0.80579348 0.47838257 0.80716991 0.47548188 0.80675675 0.47312525 0.80813317 0.47022455 0.81171235 0.46913641 0.80950950 0.46732325 0.81088592 0.46442256 0.81267597 0.46387835 0.81226281 0.46152172 0.81363913 0.45862042 0.81542871 0.45807635 0.81501556 0.45571972 0.81639244 0.45281889 0.81818203 0.45227482 0.81776887 0.44991819 0.81914530 0.44701749 0.81873203 0.44466026 0.82010846 0.44175956 0.82189805 0.44121549 0.82148489 0.43885887 0.82286167 0.43595743 0.82244851 0.43360080 0.82382494 0.43070010 0.82561452 0.43015603 0.82520136 0.42779941 0.82657825 0.42489857 0.82836783 0.42435450 0.82795457 0.42199727 0.83208375 0.41329457 0.83167059 0.41093795 0.82451224 0.41311423 0.82230904 0.41130181 0.82189588 0.40894518 0.82327277 0.40604435 0.82506235 0.40550028 0.82464909 0.40314305 0.82602552 0.40024235 0.82781510 0.39969828 0.82740195 0.39734165 0.82877827 0.39444035 0.84130628 0.39063158 0.84089313 0.38827496 0.84226955 0.38537426 0.84405960 0.38483005 0.84323328 0.38011680 0.84460960 0.37721549 0.84639919 0.37667142 0.84777607 0.37377059 0.84736291 0.37141396 0.84873924 0.36851266 0.85052882 0.36796859 0.85011566 0.36561196 0.85149209 0.36271127 0.85107893 0.36035464 0.85245536 0.35745394 0.85424540 0.35690973 0.85562172 0.35400843 0.85520857 0.35165180 0.85933820 0.34294897 0.85892504 0.34059235 0.86030147 0.33769165 0.85988831 0.33533502 0.86126463 0.33243372 0.86305422 0.33188965 0.86264106 0.32953302 0.86401794 0.32663219 0.86580753 0.32608812 0.86993717 0.31738528 0.86911085 0.31267203 0.86195205 0.31484845 0.85974874 0.31303543 0.86112562 0.31013459 0.86029920 0.30542074 0.86167563 0.30252004 0.86346521 0.30197597 0.86305206 0.29961934 0.86442894 0.29671850 0.87874654 0.29236566 0.87833339 0.29000904 0.87970971 0.28710774 0.88149929 0.28656366 0.88108613 0.28420704 0.88246256 0.28130634 0.88204930 0.27894911 0.87489050 0.28112553 0.87268775 0.27931297 0.87227459 0.27695635 0.87365102 0.27405565 0.87544106 0.27351144 0.87502791 0.27115481 0.86607906 0.27387544 0.86387621 0.27206228 0.86662907 0.26626089 0.86621580 0.26390366 0.85905746 0.26607994 0.85465151 0.26245497 0.84749271 0.26463139 0.84528997 0.26281883 0.84804272 0.25701683 0.84762956 0.25466021 0.83689158 0.25792476 0.83138552 0.26952830 0.83179868 0.27188492 0.82491584 0.28638990 0.82532900 0.28874652 0.82395257 0.29164722 0.82216299 0.29219129
0 0.69618552 0.18651243 0.69659868 0.18886906 0.69522225 0.19176975 0.69343220 0.19231396 0.69384536 0.19467059 0.69246893 0.19757129 0.69067935 0.19811536 0.69109261 0.20047259 0.68971573 0.20337343 0.68792614 0.20391750 0.68833930 0.20627412 0.68696298 0.20917542 0.68737614 0.21153205 0.68599971 0.21443275 0.68421013 0.21497682 0.68462328 0.21733345 0.68324640 0.22023428 0.68365966 0.22259151 0.68228323 0.22549221 0.68049365 0.22603628 0.68090681 0.22839290 0.67953003 0.23129435 0.67774044 0.23183842 0.67815360 0.23419504 0.67677717 0.23709574 0.67498759 0.23763981 0.67540075 0.23999644 0.67402432 0.24289713 0.67443758 0.24525436 0.67306070 0.24815520 0.67127111 0.24869927 0.67168427 0.25105590 0.67030795 0.25395720 0.66851790 0.25450141 0.66893106 0.25685804 0.66755464 0.25975873 0.66796779 0.26211536 0.66659137 0.26501606 0.66480178 0.26556013 0.66521504 0.26791736 0.66383862 0.27081805 0.66204857 0.27136226 0.66246173 0.27371889 0.65833210 0.28242172 0.65874526 0.28477835 0.65736883 0.28767905 0.65557924 0.28822312 0.65599251 0.29058035 0.65323965 0.29638174 0.66218804 0.29366125 0.66439089 0.29547441 0.66301446 0.29837511 0.66342762 0.30073174 0.66067431 0.30653327 0.66108757 0.30889050 0.65971115 0.31179120 0.64539354 0.31614404 0.64264079 0.32194603 0.64305395 0.32430266 0.64167707 0.32720350 0.63988748 0.32774757 0.64030064 0.33010420 0.63892421 0.33300489 0.63933748 0.33536212 0.63796059 0.33826296 0.63617101 0.33880703 0.63699743 0.34352089 0.63562100 0.34642158 0.63383142 0.34696565 0.63245499 0.34986635 0.63066494 0.35041056 0.63107810 0.35276719 0.62832535 0.35856918 0.62873851 0.36092581 0.62598531 0.36672795 0.62419572 0.36727202 0.62460888 0.36962864 0.62185602 0.37543004 0.62405877 0.37724260 0.63121757 0.37506618 0.63342042 0.37687934 0.63383358 0.37923596 0.63245715 0.38213666 0.63066711 0.38268087 0.63108037 0.38503810 0.62970394 0.38793880 0.62791436 0.38848287 0.62653793 0.39138356 0.61400991 0.39519234 0.61483623 0.39990559 0.61345991 0.40280689 0.61167032 0.40335096 0.61208348 0.40570759 0.61070659 0.40860842 0.60891701 0.40915249 0.60933027 0.41150972 0.60795385 0.41441042 0.60616380 0.41495463 0.60836701 0.41676705 0.60699012 0.41966788 0.60520053 0.42021195 0.60561369 0.42256858 0.60423737 0.42546988 0.60244778 0.42601395 0.60465053 0.42782651 0.60327410 0.43072720 0.60148452 0.43127127 0.60189778 0.43362850 0.60052089 0.43652934 0.59873131 0.43707341 0.59914447 0.43943004 0.60451368 0.43779769 0.60891917 0.44142280 0.60754285 0.44432410 0.60575326 0.44486817 0.60616642 0.44722480 0.61511481 0.44450431 0.61731755 0.44631687 0.61773082 0.44867410 0.62488962 0.44649768 0.62709236 0.44831023 0.62750552 0.45066686 0.62612909 0.45356756 0.62654225 0.45592418 0.63370105 0.45374776 0.63590436 0.45556079 0.63631752 0.45791741 0.63494063 0.46081825 0.63315105 0.46136232 0.63356431 0.46371955 0.64072311 0.46154313 0.64292586 0.46335569 0.64333902 0.46571231 0.64196259 0.46861301 0.64237575 0.47096964 0.65311418 0.46770494 0.65861989 0.45610215 0.65820662 0.45374492 0.66508957 0.43924055 0.66467641 0.43688392 0.67293522 0.41947839 0.67252206 0.41712177 0.67940455 0.40261754 0.67899129 0.40026031 0.68587424 0.38575594 0.68546108 0.38339932 0.69371999 0.36599439 0.69330673 0.36363716 0.70018922 0.34913293 0.69977606 0.34677631 0.70665890 0.33227133 0.70624574 0.32991471 0.71588144 0.30960834 0.71546828 0.30725172 0.72235077 0.29274749 0.72193761 0.29039086 0.72469036 0.28458886 0.72689356 0.28640128 0.72730683 0.28875851 0.73267558 0.28712630 0.73487833 0.28893886 0.73529148 0.29129548 0.73391516 0.29419678 0.73212558 0.29474085 0.72937272 0.30054225 0.72978588 0.30289887 0.72840900 0.30579971 0.72661941 0.30634378 0.72703268 0.30870101 0.72565625 0.31160171 0.72606941 0.31395834 0.72469263 0.31685978 0.72290304 0.31740385 0.72331620 0.31976047 0.72193977 0.32266117 0.72015019 0.32320524 0.72056334 0.32556187 0.71918692 0.32846256 0.71739687 0.32900677 0.71781014 0.33136400 0.71643371 0.33426470 0.71684687 0.33662133 0.71547055 0.33952263 0.71368050 0.34006684 0.71409366 0.34242346 0.71271723 0.34532416 0.71092765 0.34586823 0.71134081 0.34822486 0.70996438 0.35112555 0.70817479 0.35166963 0.70858806 0.35402686 0.70721117 0.35692769 0.70803760 0.36164155 0.70666117 0.36454225 0.70487158 0.36508632 0.70074184 0.37378855 0.70156826 0.37850240 0.70019184 0.38140310 0.69840225 0.38194717 0.69881552 0.38430440 0.69743863 0.38720524 0.69564904 0.38774931 0.69427262 0.39065001 0.69468577 0.39300663 0.69330889 0.39590747 0.69151930 0.39645154 0.69234573 0.40116540 0.69096930 0.40406609 0.68917971 0.40461016 0.68780339 0.40751147 0.68862971 0.41222472 0.68725282 0.41512556 0.68546324 0.41566963 0.68587640 0.41802625 0.68450007 0.42092755 0.68271003 0.42147176 0.68312319 0.42382839 0.68174676 0.42672909 0.67995718 0.42727316 0.68037044 0.42963039 0.67761759 0.43543178 0.67582754 0.43597599 0.67665386 0.44068925 0.67527754 0.44359054 0.67348795 0.44413461 0.67390111 0.44649124 0.67252422 0.44939208 0.67073464 0.44993615 0.67114790 0.45229338 0.66977148 0.45519408 0.67018463 0.45755070 0.66880821 0.46045140 0.66701862 0.46099547 0.66743178 0.46335210 0.66605500 0.46625354 0.66646816 0.46861016 0.66509173 0.47151086 0.66330215 0.47205493 0.66371541 0.47441216 0.66233852 0.47731300 0.66054894 0.47785707 0.66096210 0.48021369 0.66812090 0.47803728 0.67032410 0.47984969 0.67073726 0.48220632 0.66936048 0.48510776 0.66757089 0.48565183 0.66798405 0.48800846 0.67693244 0.48528797 0.67913518 0.48710052 0.67954845 0.48945775 0.68849729 0.48673712 0.69070004 0.48854968 0.69111319 0.49090631 0.69827200 0.48872989 0.70047474 0.49054244 0.70088790 0.49289907 0.69675826 0.50160190 0.69496868 0.50214597 0.69538194 0.50450321 0.70433079 0.50178257 0.70653353 0.50359513 0.70694669 0.50595176 0.70557026 0.50885246 0.70378022 0.50939667 0.70419338 0.51175329 0.71314176 0.50903280 0.71534507 0.51084582 0.71575823 0.51320245 0.72828579 0.50939382 0.73103900 0.50359168 0.73062584 0.50123505 0.73750833 0.48673083 0.73709517 0.48437420 0.74397811 0.46986983 0.74356485 0.46751260 0.75182377 0.45010768 0.75141061 0.44775105 0.75829299 0.43324622 0.75787983 0.43088959 0.76476278 0.41638522 0.76434952 0.41402799 0.77260843 0.39662307 0.77219527 0.39426644 0.77907776 0.37976221 0.77866450 0.37740498 0.78554744 0.36290061 0.78513429 0.36054399 0.79201667 0.34603916 0.79160351 0.34368253 0.79986243 0.32627761 0.79944916 0.32392037 0.80633211 0.30941601 0.80591895 0.30705938 0.81555419 0.28675315 0.81514103 0.28439653 0.82202352 0.26989230 0.82161036 0.26753567 0.82849320 0.25303070 0.82808004 0.25067407 0.82945647 0.24777338 0.82904331 0.24541675 0.83041964 0.24251545 0.83220922 0.24197138 0.83179606 0.23961475 0.82284768 0.24233524 0.82064493 0.24052269 0.82023167 0.23816546 0.81307287 0.24034188 0.81087012 0.23852932 0.81045696 0.23617269 0.80150812 0.23889332 0.79930537 0.23708077 0.79889222 0.23472414 0.79173342 0.23690056 0.78953056 0.23508740 0.78911741 0.23273077 0.79049383 0.22983007 0.79228388 0.22928586 0.79187061 0.22692863 0.78292177 0.22964926 0.78071903 0.22783671 0.78030587 0.22548008 0.78168229 0.22257938 0.78347188 0.22203531 0.78305872 0.21967869 0.78443550 0.21677725 0.78622509 0.21623318 0.78581193 0.21387655 0.77686354 0.21659704 0.77466080 0.21478448 0.77424753 0.21242725 0.77562396 0.20952656 0.77741355 0.20898248 0.77700039 0.20662586 0.76447237 0.21043463 0.76226963 0.20862207 0.76502238 0.20282007 0.76460922 0.20046345 0.75924046 0.20209566 0.75703772 0.20028310 0.75662445 0.19792587 0.74946519 0.20010243 0.74726245 0.19828987 0.74684929 0.19593325 0.74822572 0.19303255 0.75001576 0.19248834 0.74960260 0.19013171 0.74244380 0.19230813 0.74024095 0.19049497 0.73982779 0.18813835 0.73087895 0.19085897 0.72867620 0.18904642 0.72826294 0.18668919 0.72110414 0.18886561 0.71890140 0.18705305 0.71848824 0.18469643 0.71986467 0.18179573 0.71945151 0.17943910 0.72082783 0.17653780 0.72261787 0.17599359 0.72179155 0.17128034 0.71463229 0.17345690 0.71242945 0.17164374 0.71380587 0.16874304 0.71339271 0.16638641 0.70265474 0.16965097 0.70127831 0.17255167 0.69948827 0.17309588 0.69990143 0.17545251 0.69714868 0.18125450 0.69756184 0.18361113 0.69618552 0.18651243
0 0.88576834 0.00000000 0.88175459 0.00845802 0.88216778 0.01081482 0.87803857 0.01951734 0.87845171 0.02187385 0.88740009 0.01915336 0.88960294 0.02096651 0.89001610 0.02332314 0.88863967 0.02622384 0.88685009 0.02676791 0.88726335 0.02912514 0.88588647 0.03202598 0.87156887 0.03637881 0.86881601 0.04218021 0.86922917 0.04453684 0.86234679 0.05904167 0.86275994 0.06139830 0.85725388 0.07300183 0.85766704 0.07535845 0.85353741 0.08406129 0.86248579 0.08134080 0.86468854 0.08315335 0.86510170 0.08550998 0.86372538 0.08841128 0.86193579 0.08895535 0.86234895 0.09131198 0.86097252 0.09421268 0.84665492 0.09856552 0.84527860 0.10146682 0.84569175 0.10382344 0.84018524 0.11542711 0.84059839 0.11778374 0.83784565 0.12358574 0.84679403 0.12086525 0.84899723 0.12267766 0.84941039 0.12503429 0.84803351 0.12793513 0.84624392 0.12847920 0.84665708 0.13083583 0.84528076 0.13373713 0.83275274 0.13754590 0.82862311 0.14624873 0.83082585 0.14806129 0.83798511 0.14588473 0.84018785 0.14769728 0.84060101 0.15005391 0.84775981 0.14787749 0.84996256 0.14969005 0.84858624 0.15259135 0.84899939 0.15494797 0.85794778 0.15222748 0.86015053 0.15404004 0.86097695 0.15875390 0.85960052 0.16165459 0.85781094 0.16219867 0.85822409 0.16455529 0.86359285 0.16292308 0.86496974 0.16002225 0.86717248 0.16183480 0.86799890 0.16654866 0.86662248 0.16944936 0.86483243 0.16999357 0.86524559 0.17235019 0.87240485 0.17017363 0.87460770 0.17198679 0.87997646 0.17035458 0.88217966 0.17216700 0.88396925 0.17162293 0.88617199 0.17343549 0.88658515 0.17579211 0.88520872 0.17869281 0.88341913 0.17923688 0.88562198 0.18105004 0.89278079 0.17887362 0.89498353 0.18068618 0.89539669 0.18304280 0.89402037 0.18594411 0.89223078 0.18648818 0.89264394 0.18884480 0.90517196 0.18503603 0.90434553 0.18032218 0.90572196 0.17742148 0.90530880 0.17506485 0.90668512 0.17216355 0.90847471 0.17161948 0.90806155 0.16926285 0.90943798 0.16636216 0.90902482 0.16400553 0.91040171 0.16110469 0.91219129 0.16056062 0.91177803 0.15820339 0.91315445 0.15530269 0.91494450 0.15475849 0.91453134 0.15240186 0.91590766 0.14950056 0.91769725 0.14895649 0.91907367 0.14605579 0.91824736 0.14134254 0.91962379 0.13844184 0.92141383 0.13789763 0.92100056 0.13554040 0.92237699 0.13263970 0.92416658 0.13209563 0.92375342 0.12973901 0.92513020 0.12683757 0.92691978 0.12629350 0.92650663 0.12393687 0.92788305 0.12103617 0.92746990 0.11867955 0.92884632 0.11577885 0.93063591 0.11523478 0.93022264 0.11287755 0.93159953 0.10997671 0.93338912 0.10943264 0.93118637 0.10762008 0.93256269 0.10471878 0.93435228 0.10417471 0.93393912 0.10181809 0.93531600 0.09891725 0.93710559 0.09837318 0.93669243 0.09601655 0.93806886 0.09311586 0.93985845 0.09257179 0.93944518 0.09021456 0.94082161 0.08731386 0.94261165 0.08676965 0.94219849 0.08441302 0.94357482 0.08151172 0.94316166 0.07915510 0.94453808 0.07625440 0.94632813 0.07571019 0.94591497 0.07335356 0.94729140 0.07045286 0.94908098 0.06990879 0.94784140 0.06283831 0.94921772 0.05993701 0.95279735 0.05884873 0.95238420 0.05649210 0.95376062 0.05359141 0.95555021 0.05304733 0.95513705 0.05069071 0.95651393 0.04778987 0.95610067 0.04543264 0.95747710 0.04253194 0.95002050 0.00000000 0.88576834 0.00000000
0 0.78315673 0.00000000 0.78111601 0.00430072 0.78152919 0.00665747 0.77602313 0.01826100 0.77643631 0.02061775 0.78538515 0.01789712 0.78758793 0.01970985 0.78800112 0.02206666 0.78662471 0.02496748 0.78483467 0.02551169 0.78566104 0.03022524 0.79281984 0.02804882 0.79502262 0.02986156 0.79226980 0.03566320 0.79447258 0.03747593 0.80163138 0.03529952 0.80383461 0.03711211 0.80424779 0.03946886 0.81140614 0.03729258 0.81360936 0.03910512 0.81402250 0.04146163 0.81264572 0.04436307 0.81305888 0.04671969 0.82021814 0.04454313 0.82242088 0.04635569 0.82283414 0.04871292 0.82145772 0.05161362 0.81966767 0.05215783 0.82008083 0.05451445 0.81870440 0.05741515 0.81691482 0.05795922 0.81732798 0.06031585 0.81457477 0.06611798 0.81278518 0.06666205 0.81361161 0.07137591 0.81223518 0.07427661 0.81044559 0.07482068 0.81085875 0.07717731 0.80948187 0.08007814 0.80989502 0.08243477 0.80851870 0.08533607 0.80672912 0.08588014 0.80714228 0.08823677 0.80576539 0.09113760 0.80397580 0.09168167 0.80438907 0.09403890 0.80301264 0.09693960 0.80342580 0.09929623 0.80204937 0.10219692 0.80025979 0.10274100 0.80067294 0.10509762 0.79929617 0.10799906 0.79750658 0.10854313 0.79791974 0.11089976 0.79654331 0.11380045 0.79695657 0.11615769 0.79557969 0.11905852 0.79599285 0.12141515 0.80136206 0.11978280 0.80356527 0.12159522 0.80397842 0.12395184 0.80260165 0.12685328 0.80301480 0.12920991 0.81017360 0.12703349 0.81237635 0.12884605 0.81278961 0.13120328 0.82531763 0.12739451 0.82490436 0.12503728 0.82628079 0.12213658 0.82807084 0.12159237 0.82944726 0.11869167 0.82903400 0.11633444 0.83454017 0.10473152 0.83412690 0.10237429 0.83963296 0.09077075 0.83921981 0.08841413 0.84334944 0.07971129 0.84293628 0.07735467 0.84844234 0.06575113 0.84802918 0.06339451 0.84087038 0.06557093 0.83866764 0.06375837 0.83825437 0.06140114 0.83963080 0.05850044 0.84142039 0.05795638 0.84100723 0.05559975 0.84238355 0.05269845 0.85491157 0.04888968 0.86041773 0.03728675 0.86000447 0.03492952 0.86551055 0.02332611 0.86509737 0.02096936 0.87060344 0.00936583 0.87019025 0.00700908 0.87351618 0.00000000 0.78315673 0.00000000
0 0.76516209 0.77774205 0.77659705 0.82660144 0.91711461 0.79679521 0.89871225 0.74317938 0.77317520 0.76867002 0.77463317 0.77597130 0.76516209 0.77774205
0 0.72873347 0.77243472 0.74244636 0.83147163 0.77336401 0.82619606 0.75509755 0.76649573 0.72873347 0.77243472
0 0.59800637 0.80596466 0.60005628 0.81315525 0.59012992 0.81551605 0.60206546 0.86175724 0.74135384 0.83420051 0.72577529 0.78611582 0.71024813 0.78851392 0.70760628 0.78143400 0.59800637 0.80596466
