0 0.74978516 0.36251424 0.74741748 0.37479983 0.78318701 0.39344137 0.78601074 0.37533417 0.74978516 0.36251424
0 0.72314746 0.34586432 0.75962500 0.36182663 0.78393115 0.21096817 0.75841895 0.19921943 0.76005029 0.18640955 0.75495068 0.18453936 0.75616455 0.17585678 0.75002002 0.17417420 0.72314746 0.34586432
0 0.64715723 0.13183082 0.62877979 0.12358040 0.59711914 0.33543635 0.63485742 0.34893886 0.65459473 0.20435930 0.64628271 0.20013400 0.65118311 0.16588777 0.65478320 0.16694305 0.65911670 0.14470436 0.64615918 0.13821943 0.64715723 0.13183082
0 0.57285205 0.31531575 0.58259033 0.32073953 0.61326123 0.11396399 0.60459619 0.10671608 0.57285205 0.31531575
0 0.71855664 0.74627471 0.68314648 0.73652848 0.66497363 0.85052178 0.68312939 0.86190871 0.68279785 0.87769179 0.69833301 0.88163400 0.71855664 0.74627471
0 0.26184521 0.53526382 0.28311035 0.54510972 0.30482373 0.42494472 0.28378516 0.41402848 0.26184521 0.53526382
0 0.32918506 0.56207705 0.33657471 0.51471189 0.31652100 0.50717504 0.31037500 0.55324539 0.32918506 0.56207705
0 0.19923340 0.43862144 0.20957080 0.46651591 0.27112256 0.39659213 0.26053369 0.36815578 0.19923340 0.43862144
0 0.25000195 0.33596734 0.23999707 0.30319849 0.17296387 0.36269095 0.18378711 0.39405360 0.25000195 0.33596734
0 0.31489014 0.30402010 0.30768555 0.28341457 0.31265625 0.27799497 0.29946875 0.24570687 0.25236377 0.29448660 0.27182812 0.34729732 0.31489014 0.30402010
0 0.36647168 0.22761390 0.36976904 0.22305025 0.37566553 0.23691206 0.41697168 0.19977303 0.39852881 0.14637437 0.35040527 0.19598157 0.36078076 0.22454355 0.36419580 0.22199581 0.36647168 0.22761390
0 0.50918164 0.16642965 0.49846973 0.13922446 0.43237842 0.19767253 0.44297363 0.22920687 0.50918164 0.16642965
0 0.51309766 0.31775628 0.51711084 0.28314908 0.44361133 0.25457286 0.44063037 0.28781407 0.51309766 0.31775628
0 0.38973975 0.49133333 0.39144629 0.49299414 0.42654541 0.45986348 0.43797852 0.44129313 0.44753369 0.42421524 0.44443750 0.41776633 0.45199023 0.40982412 0.44999072 0.40102513 0.46123047 0.38679648 0.45697754 0.37197236 0.46449121 0.36485678 0.45494629 0.33645310 0.44814941 0.34122446 0.44066943 0.32623618 0.43710254 0.33024707 0.43826465 0.33387353 0.43068799 0.34016667 0.43243945 0.34547320 0.42342188 0.35267002 0.42719336 0.36354941 0.41053955 0.38545896 0.37116699 0.42800419 0.36768555 0.42658961 0.36147363 0.43615159 0.35968018 0.43208626 0.35096240 0.44009799 0.34809814 0.43218593 0.33994092 0.44055444 0.33754395 0.43254606 0.32433691 0.44133250 0.32981641 0.46176298 0.32136621 0.46873032 0.33097949 0.49828392 0.33701904 0.48979229 0.34264111 0.50396985 0.34851318 0.49760469 0.35213086 0.50386851 0.35828809 0.49746231 0.36187256 0.50509715 0.36911914 0.49793886 0.37279932 0.50369682 0.38973975 0.49133333
0 0.40776270 0.12975712 0.41933643 0.15962982 0.48265479 0.09145142 0.47068457 0.05817755 0.40776270 0.12975712
