0 0.41992188 0.02013822 0.37112796 0.02204370 0.37937847 0.12128175 0.39394410 0.22389266 0.41992188 0.22237306 0.41992188 0.02013822
0 0.52097282 0.10551249 0.70425750 0.06857647 0.70240235 0.05911129 0.51933535 0.09675894 0.52097282 0.10551249
0 0.53776007 0.08928331 0.68079816 0.06148047 0.68085926 0.06188131 0.68301234 0.04987001 0.53672175 0.08090999 0.53776007 0.08928331
0 0.61068207 0.05282956 0.60957694 0.06217670 0.65598454 0.05387315 0.65420929 0.04453645 0.61068207 0.05282956
0 0.55213572 0.00000000 0.53425042 0.00369683 0.53521647 0.00651627 0.52002146 0.01023100 0.52397947 0.02473351 0.53933193 0.02022310 0.54287578 0.03331317 0.56043150 0.03002859 0.55585433 0.01519631 0.56917299 0.01184435 0.57116082 0.02720623 0.58982415 0.02455775 0.58477880 0.00979803 0.60364439 0.00503293 0.61170901 0.01556014 0.64787788 0.00682748 0.64496472 0.00000000 0.55213572 0.00000000
0 0.69256314 0.00000000 0.70240277 0.05738488 0.71333071 0.05683606 0.70304920 0.00000000 0.69256314 0.00000000
0 0.14586351 0.98126360 0.23398044 0.95943392 0.23856486 0.95219006 0.22284245 0.79149270 0.13421132 0.81937610 0.14586351 0.98126360
0 0.83187181 0.50000000 0.83504451 0.52227247 0.83307175 0.52444902 0.81732833 0.52611522 0.81480329 0.52441469 0.79006370 0.52703299 0.79586279 0.56774287 0.79811169 0.56750486 0.80063729 0.56920523 0.83887083 0.56515880 0.84139586 0.56685923 0.84167206 0.56879817 0.83969929 0.57097462 0.84494611 0.60780752 0.84297335 0.60998397 0.80249033 0.61426847 0.80690869 0.64528554 0.80493592 0.64746199 0.80742123 0.66490897 0.85015314 0.66038646 0.85267824 0.66208738 0.85488742 0.67759592 0.85291465 0.67977237 0.85650455 0.70497361 0.85453121 0.70715013 0.81629767 0.71119656 0.81988764 0.73639829 0.81791487 0.73857475 0.82619933 0.79673200 0.86668177 0.79244756 0.86920737 0.79414793 0.87252114 0.81741073 0.87054779 0.81958725 0.87275697 0.83509578 0.87078421 0.83727223 0.83255067 0.84131866 0.83558830 0.86264302 0.83361554 0.86481947 0.84852754 0.96950232 0.84655477 0.97167878 0.84793549 0.98137148 0.87492340 0.97851523 0.87744907 0.98021610 0.89319192 0.97854996 0.89571752 0.98025033 1.00000000 0.96921365 1.00000000 0.75073471 0.96428302 0.50000000 0.83187181 0.50000000
0 0.69222139 0.50000000 0.55316561 0.51471690 0.55509864 0.52828689 0.55312589 0.53046344 0.51489235 0.53450987 0.52207214 0.58491236 0.52009945 0.58708931 0.53363065 0.68207895 0.57411309 0.67779451 0.57663812 0.67949495 0.58243720 0.72020472 0.58046450 0.72238167 0.53998206 0.72666611 0.55019950 0.79839296 0.54822673 0.80056941 0.55761578 0.86648092 0.58910206 0.86314859 0.59162708 0.86484902 0.59837435 0.86413493 0.60089938 0.86583536 0.60448927 0.89103660 0.60251658 0.89321355 0.60444955 0.90678315 0.60247686 0.90896010 0.58898233 0.91038828 0.58700956 0.91256474 0.56451945 0.91494497 0.57663547 1.00000000 0.70910857 1.00000000 0.83499329 0.98667705 0.82836575 0.94015145 0.83033852 0.93797500 0.78228883 0.60066414 0.78426160 0.59848769 0.77023210 0.50000000 0.69222139 0.50000000
0 0.55837190 1.00000000 0.54597479 0.91297179 0.50774068 0.91701828 0.50521565 0.91531785 0.50162575 0.89011661 0.50359852 0.88794015 0.50166547 0.87437006 0.50363881 0.87219355 0.51938166 0.87052741 0.52190727 0.87222778 0.53540122 0.87079966 0.53457276 0.86498383 0.53654553 0.86280738 0.52853727 0.80658907 0.53051054 0.80441206 0.52222615 0.74625531 0.52419892 0.74407885 0.52254200 0.73244721 0.47981009 0.73696971 0.47728506 0.73526928 0.47645661 0.72945346 0.47842937 0.72727701 0.47456327 0.70013682 0.47653604 0.69796037 0.47515532 0.68826766 0.47712866 0.68609115 0.47965369 0.68779158 0.50664217 0.68493527 0.50916720 0.68663570 0.51591446 0.68592160 0.49437498 0.53471355 0.45614144 0.53875998 0.45361582 0.53705946 0.45195894 0.52542806 0.41992188 0.52881868 0.41992188 0.76529065 0.45335605 1.00000000 0.55837190 1.00000000
