0 0.25584455 0.23766070 0.25391079 0.26984780 0.24446485 0.26961199 0.24232337 0.23393146 0.21398558 0.23322403 0.21103469 0.26386335 0.19985633 0.26481281 0.19855858 0.23038186 0.17109449 0.22846772 0.16811363 0.26156334 0.15435910 0.26244848 0.15232316 0.29372739 0.30157947 0.30543637 0.31914361 0.27393333 0.32870945 0.26434398 0.33068171 0.24350838 0.25584455 0.23766070
0 0.43973214 0.62100847 0.67562770 0.62563048 0.67785397 0.62321722 0.67800676 0.61339143 0.68023302 0.61097817 0.68242110 0.61102104 0.68457098 0.61352005 0.71083009 0.61403455 0.71090648 0.60912229 0.71313274 0.60670902 0.71324733 0.59933999 0.71547360 0.59692673 0.75048501 0.59761273 0.75059960 0.59024370 0.74403482 0.59011507 0.74188494 0.58761607 0.73969686 0.58757320 0.73754642 0.58507418 0.73762282 0.58016128 0.73547294 0.57766228 0.73554933 0.57274938 0.73339945 0.57025037 0.73347584 0.56533811 0.73132597 0.56283847 0.73140236 0.55792621 0.72046087 0.55771182 0.71831100 0.55521219 0.71857836 0.53801862 0.72080464 0.53560473 0.73174612 0.53581912 0.73178431 0.53336298 0.72963443 0.53086398 0.72971082 0.52595171 0.72756039 0.52345206 0.72763678 0.51853980 0.72548691 0.51604016 0.72560149 0.50867176 0.72345160 0.50617276 0.72352800 0.50125986 0.72137756 0.49876084 0.72145396 0.49384795 0.71930407 0.49134894 0.71938046 0.48643667 0.71723059 0.48393704 0.71730698 0.47902477 0.71515711 0.47652514 0.71527169 0.46915673 0.71312181 0.46665773 0.71316001 0.46420097 0.71097137 0.46415808 0.70882150 0.46165908 0.69131579 0.46131608 0.69346567 0.46381509 0.69327470 0.47609638 0.69104842 0.47851028 0.65384894 0.47778141 0.65369616 0.48760657 0.65146933 0.49001982 0.61645793 0.48933383 0.61622875 0.50407188 0.61400248 0.50648515 0.58993256 0.50601354 0.58778212 0.50351452 0.52432408 0.50227115 0.52217421 0.49977152 0.47403336 0.49882827 0.47188337 0.49632926 0.47211253 0.48159183 0.43973214 0.48095739 0.43973214 0.62100847
0 0.93386428 0.62890625 0.93387474 0.62823356 0.93172487 0.62573393 0.93176307 0.62327779 0.92961263 0.62077878 0.92968902 0.61586588 0.92753914 0.61336687 0.92757734 0.61091074 0.92542746 0.60841174 0.92550385 0.60349884 0.92335397 0.60099983 0.92339217 0.59854307 0.92124230 0.59604407 0.92131868 0.59113180 0.91916824 0.58863278 0.91920644 0.58617602 0.91705656 0.58367701 0.91751491 0.55420152 0.91536503 0.55170252 0.91544142 0.54678962 0.91329098 0.54429060 0.91336738 0.53937771 0.90899123 0.53929196 0.90684135 0.53679296 0.90246465 0.53670720 0.89816489 0.53170919 0.89820308 0.52925306 0.89605265 0.52675341 0.89612904 0.52184115 0.89397917 0.51934151 0.89405555 0.51442924 0.89190567 0.51193024 0.89194387 0.50947411 0.88979399 0.50697447 0.88987038 0.50206220 0.88772051 0.49956257 0.88779690 0.49465030 0.88564646 0.49215129 0.88568465 0.48969515 0.88353478 0.48719552 0.88361116 0.48228325 0.88146130 0.47978361 0.88153768 0.47487135 0.87938724 0.47237233 0.87942543 0.46991620 0.87727556 0.46741656 0.87735195 0.46250430 0.87520208 0.46000466 0.87527846 0.45509239 0.87312858 0.45259339 0.87316678 0.45013725 0.87101691 0.44763762 0.87109329 0.44272535 0.86894286 0.44022571 0.86901925 0.43531344 0.86686937 0.43281443 0.86690756 0.43035830 0.86475769 0.42785867 0.86483408 0.42294640 0.86268365 0.42044675 0.86272184 0.41799062 0.86057196 0.41549161 0.86064835 0.41057935 0.85849848 0.40807971 0.85857486 0.40316744 0.85642499 0.40066781 0.85646318 0.39821168 0.85431330 0.39571267 0.85438969 0.39080040 0.85223926 0.38830076 0.85446609 0.38588751 0.85665416 0.38593038 0.85673055 0.38101748 0.85895682 0.37860422 0.85903321 0.37369196 0.84371557 0.37339183 0.84156570 0.37089282 0.84164209 0.36597993 0.83949221 0.36348092 0.83960680 0.35611189 0.83745692 0.35361289 0.83760970 0.34378772 0.83545927 0.34128808 0.83549746 0.33883194 0.78735706 0.33788871 0.78716607 0.35017063 0.78493981 0.35258389 0.76743410 0.35224090 0.76528366 0.34974188 0.76090752 0.34965613 0.76083113 0.35456840 0.75860431 0.35698165 0.75837513 0.37171971 0.75614886 0.37413297 0.75595789 0.38641427 0.75373161 0.38882816 0.70340257 0.38784204 0.70332619 0.39275431 0.70547607 0.39525331 0.70539967 0.40016621 0.70755011 0.40266522 0.70751192 0.40512136 0.70966179 0.40762099 0.70958540 0.41253326 0.71173528 0.41503227 0.71169709 0.41748840 0.71384752 0.41998804 0.71377113 0.42490031 0.71592100 0.42739995 0.71584462 0.43231221 0.71799450 0.43481122 0.71795631 0.43726736 0.72010618 0.43976699 0.72002979 0.44467926 0.72217966 0.44717889 0.72210328 0.45209116 0.72425372 0.45459017 0.72421552 0.45704631 0.72636539 0.45954594 0.72628901 0.46445821 0.72843888 0.46695784 0.72840068 0.46941398 0.73055112 0.47191299 0.73047474 0.47682526 0.73262461 0.47932490 0.73254822 0.48423716 0.73469809 0.48673680 0.73465990 0.48919293 0.73680978 0.49169194 0.73673339 0.49660421 0.73888326 0.49910384 0.73880688 0.50401611 0.74095731 0.50651575 0.74091911 0.50897188 0.74306900 0.51147089 0.74299261 0.51638316 0.74514248 0.51888279 0.74506609 0.52379506 0.74721653 0.52629471 0.76909837 0.52672345 0.77124825 0.52922246 0.78875396 0.52956545 0.79090384 0.53206446 0.79067466 0.54680252 0.78399586 0.55404230 0.77961916 0.55395655 0.77938998 0.56869461 0.77716371 0.57110787 0.76403472 0.57085062 0.76618459 0.57334963 0.76610820 0.57826253 0.76825808 0.58076153 0.76818168 0.58567443 0.77033156 0.58817343 0.77029337 0.59062957 0.77244325 0.59312857 0.77236686 0.59804147 0.77451730 0.60054049 0.77444090 0.60545338 0.77659078 0.60795239 0.77655259 0.61040852 0.77870247 0.61290753 0.77862607 0.61782042 0.78077651 0.62031944 0.78070012 0.62523234 0.78285000 0.62773134 0.84281418 0.62890625 0.93386428 0.62890625
0 0.57153397 0.00000000 0.57150350 0.00195924 0.57365394 0.00445844 0.57357755 0.00937096 0.57572743 0.01187016 0.57568923 0.01432648 0.57783911 0.01682561 0.57776272 0.02173819 0.57991315 0.02423740 0.57983677 0.02914992 0.58198664 0.03164911 0.58194845 0.03410543 0.58409832 0.03660456 0.58402193 0.04151715 0.59277479 0.04168864 0.59492466 0.04418784 0.61899515 0.04465946 0.61918612 0.03237798 0.62141239 0.02996453 0.64767095 0.03047903 0.64778553 0.02311019 0.65001236 0.02069674 0.65005056 0.01824048 0.65227683 0.01582710 0.69166438 0.01659884 0.69381426 0.01909797 0.71131996 0.01944097 0.71135816 0.01698471 0.70920828 0.01448551 0.70924647 0.01202919 0.70709660 0.00953006 0.70717299 0.00461748 0.70502311 0.00211831 0.70505605 0.00000000 0.57153397 0.00000000
0 0.44895699 0.00000000 0.44888746 0.00447084 0.44666106 0.00688423 0.44447284 0.00684135 0.43973214 0.31170890 0.43973214 0.42935909 0.49479649 0.43043799 0.49694693 0.43293701 0.49648858 0.46241313 0.49863846 0.46491213 0.54459079 0.46581250 0.54674067 0.46831151 0.60582256 0.46946913 0.60597534 0.45964396 0.60820217 0.45723071 0.63883687 0.45783095 0.63902785 0.44554966 0.64125412 0.44313577 0.67407746 0.44377889 0.67426843 0.43149759 0.67649470 0.42908433 0.67668568 0.41680240 0.66136861 0.41650229 0.65921817 0.41400327 0.66024944 0.34768389 0.66247628 0.34527001 0.68654620 0.34574163 0.68877246 0.34332836 0.69533724 0.34345699 0.69549003 0.33363183 0.69771685 0.33121858 0.72835155 0.33181882 0.72858073 0.31708076 0.73080700 0.31466750 0.76144226 0.31526775 0.76159504 0.30544258 0.76382131 0.30302932 0.77695030 0.30328656 0.77917714 0.30087269 0.79887092 0.30125855 0.79974940 0.24476434 0.79759953 0.24226470 0.79322283 0.24217895 0.79107295 0.23967994 0.78450817 0.23955131 0.78235829 0.23705231 0.78281663 0.20757682 0.75437000 0.20701945 0.75222012 0.20452045 0.75267847 0.17504495 0.75048984 0.17500207 0.74833996 0.17250307 0.73739903 0.17228870 0.73524916 0.16978906 0.73570751 0.14031357 0.72914273 0.14018494 0.72699229 0.13768593 0.72261614 0.13760018 0.72046626 0.13510118 0.72115378 0.09088762 0.71677708 0.09080187 0.71462720 0.08830287 0.69055671 0.08783124 0.68840683 0.08533224 0.68867420 0.06813804 0.65366279 0.06745204 0.65358640 0.07236494 0.65136013 0.07477820 0.65128375 0.07969047 0.64905748 0.08210373 0.62061029 0.08154635 0.62038112 0.09628441 0.61815485 0.09869768 0.58533152 0.09805455 0.58514053 0.11033648 0.58291426 0.11274974 0.54352671 0.11197800 0.54137627 0.10947898 0.53481149 0.10935036 0.53266162 0.10685072 0.53311997 0.07737523 0.51780233 0.07707511 0.51565246 0.07457610 0.51637817 0.02790654 0.50324917 0.02764930 0.50109873 0.02515016 0.50148982 0.00000000 0.44895699 0.00000000
0 0.98586196 0.77113462 0.99899151 0.77128641 0.99990820 0.73650167 0.99334342 0.73642578 0.99330523 0.73787505 0.99107897 0.73929902 0.99096438 0.74364721 0.98873754 0.74507154 0.98654947 0.74504625 0.98586196 0.77113462
0 0.95564741 0.75483734 0.95783548 0.75486264 0.95787367 0.75341337 0.96009994 0.75198939 0.96025272 0.74619193 0.96247955 0.74476797 0.96466762 0.74479326 0.96512597 0.72740052 0.94324356 0.72714753 0.94109368 0.72567296 0.94117007 0.72277442 0.93241722 0.72267323 0.93153872 0.75600870 0.92931246 0.75743267 0.92919788 0.76178048 0.95326780 0.76205876 0.95342057 0.75626168 0.95564741 0.75483734
0 0.88566278 0.75257851 0.90535656 0.75280620 0.90965687 0.75575571 0.90961868 0.75720498 0.91176856 0.75867955 0.92489756 0.75883134 0.92535590 0.74143897 0.92758273 0.74001500 0.92800288 0.72407190 0.91487332 0.72392011 0.91272344 0.72244554 0.91279984 0.71954662 0.91061176 0.71952133 0.90846132 0.71804675 0.89533233 0.71789496 0.89318244 0.71642039 0.89322065 0.71497075 0.89107021 0.71349618 0.87575314 0.71331909 0.87145282 0.71036995 0.87149101 0.70892068 0.86711430 0.70887007 0.86488804 0.71029405 0.86269996 0.71026875 0.86170689 0.74795204 0.88358874 0.74820502 0.88573918 0.74967960 0.88566278 0.75257851
0 0.81160702 0.73867416 0.83348943 0.73892715 0.83563931 0.74040172 0.83782738 0.74042702 0.83997782 0.74190160 0.83993962 0.74335124 0.84869191 0.74345243 0.85084235 0.74492700 0.85521850 0.74497760 0.85602061 0.71454067 0.85824743 0.71311670 0.85832382 0.71021816 0.85617338 0.70874358 0.84742053 0.70864239 0.84527066 0.70716745 0.84530885 0.70571818 0.84315897 0.70424361 0.81908849 0.70396532 0.81693862 0.70249038 0.81701500 0.69959184 0.79513259 0.69933885 0.79298271 0.69786428 0.79305911 0.69496537 0.78649433 0.69488947 0.78615056 0.70793402 0.78392430 0.70935800 0.78327498 0.73399710 0.80953353 0.73430068 0.81168341 0.73577525 0.81160702 0.73867416
0 0.72664853 0.72319368 0.74853094 0.72344667 0.75068082 0.72492124 0.75060442 0.72782016 0.77248683 0.72807315 0.77463671 0.72954771 0.77456032 0.73244663 0.77671020 0.73392120 0.77889827 0.73394649 0.77996774 0.69336430 0.75808589 0.69311131 0.75593601 0.69163674 0.75601241 0.68873783 0.73850670 0.68853544 0.73635682 0.68706087 0.73643321 0.68416233 0.71017409 0.68385874 0.71005951 0.68820655 0.70783325 0.68963053 0.70706933 0.71861818 0.72457504 0.71882057 0.72672492 0.72029514 0.72664853 0.72319368
0 0.97702178 0.69129300 0.97924805 0.68986903 0.97943902 0.68262230 0.97506288 0.68257171 0.97291245 0.68109676 0.96634823 0.68102087 0.96419835 0.67954630 0.96423654 0.67809703 0.95985983 0.67804643 0.95770995 0.67657186 0.94676903 0.67644537 0.94627249 0.69528701 0.95940149 0.69543880 0.96155137 0.69691337 0.96147497 0.69981228 0.97679260 0.69998937 0.97702178 0.69129300
0 0.57431419 0.68953695 0.57646408 0.69101152 0.57638768 0.69391043 0.60264624 0.69421402 0.60479611 0.69568858 0.60471973 0.69858713 0.62441407 0.69881482 0.62502519 0.67562499 0.62725146 0.67420102 0.62940134 0.67567559 0.62867562 0.70321360 0.64618133 0.70341599 0.64833177 0.70489056 0.64825537 0.70778948 0.65040525 0.70926405 0.67447517 0.70954233 0.67662561 0.71101690 0.67654922 0.71391582 0.70061970 0.71419411 0.70153639 0.67940937 0.68840683 0.67925757 0.68625696 0.67778263 0.68406889 0.67775733 0.68191845 0.67628276 0.68195664 0.67483348 0.66007479 0.67458050 0.65792435 0.67310593 0.65800075 0.67020701 0.62955412 0.66987813 0.62740424 0.66840356 0.62521617 0.66837826 0.62306573 0.66690369 0.62310393 0.66545405 0.62095405 0.66397955 0.60563642 0.66380246 0.60348654 0.66232782 0.60352473 0.66087847 0.60137486 0.65940379 0.57949301 0.65915081 0.57734257 0.65767612 0.57741896 0.65477743 0.55553711 0.65452445 0.55511696 0.67046762 0.55289013 0.67189159 0.55246999 0.68783431 0.55684669 0.68788491 0.55899656 0.68935985 0.57431419 0.68953695
0 0.87659343 0.68143326 0.87651705 0.68433181 0.89839890 0.68458479 0.90054877 0.68605973 0.90047238 0.68895827 0.92235479 0.68921126 0.92450467 0.69068583 0.92442827 0.69358475 0.92657815 0.69505931 0.93970771 0.69521111 0.94193398 0.69378714 0.94239232 0.67639477 0.93582754 0.67631887 0.93367766 0.67484430 0.92930152 0.67479371 0.92715109 0.67331876 0.92718928 0.67186949 0.91843643 0.67176829 0.91628655 0.67029373 0.90534562 0.67016723 0.90319519 0.66869229 0.90323338 0.66724309 0.89448109 0.66714190 0.89233065 0.66566725 0.88795451 0.66561666 0.88580407 0.66414201 0.88588046 0.66124324 0.86399861 0.66099026 0.86184873 0.65951562 0.86192512 0.65661689 0.83785464 0.65633860 0.83570476 0.65486392 0.83578115 0.65196523 0.82921637 0.65188933 0.82860525 0.67507923 0.84611095 0.67528162 0.84826083 0.67675619 0.84818444 0.67965473 0.87444300 0.67995832 0.87659343 0.68143326
0 0.49361771 0.67845525 0.50455875 0.67858174 0.50670863 0.68005631 0.51983819 0.68020811 0.52198806 0.68168305 0.52191167 0.68458159 0.54598215 0.68485988 0.54640231 0.66891678 0.54862857 0.66749281 0.54897233 0.65444855 0.54678426 0.65442325 0.54463438 0.65294857 0.54471077 0.65004984 0.53158121 0.64989805 0.52943134 0.64842340 0.52950773 0.64552464 0.50762532 0.64527165 0.50547544 0.64379701 0.50109873 0.64374640 0.49894897 0.64227176 0.49898716 0.64082238 0.49679898 0.64079708 0.49464899 0.63932240 0.47714328 0.63912001 0.47695231 0.64636685 0.47472587 0.64779093 0.47403835 0.67387938 0.49154406 0.67408177 0.49369411 0.67555634 0.49361771 0.67845525
0 0.46973832 0.67093024 0.47069320 0.63469604 0.45099931 0.63446835 0.44884927 0.63299367 0.44892566 0.63009498 0.44454923 0.63004438 0.44363254 0.66482920 0.44578256 0.66630377 0.44570617 0.66920268 0.46540008 0.66943037 0.46755013 0.67090494 0.46973832 0.67093024
0 0.71818905 0.62890625 0.71750279 0.65494717 0.74157327 0.65522546 0.74372315 0.65670013 0.74364676 0.65959883 0.76552917 0.65985182 0.76767904 0.66132650 0.76760265 0.66422522 0.76975253 0.66569987 0.79601109 0.66600345 0.79816097 0.66747795 0.79808457 0.67037686 0.81996698 0.67062985 0.82015796 0.66338305 0.82238423 0.66195896 0.82265160 0.65181343 0.82046352 0.65178813 0.81831365 0.65031346 0.81839004 0.64741473 0.79869570 0.64718703 0.79654582 0.64571239 0.79658402 0.64426301 0.79443414 0.64278833 0.76817558 0.64248474 0.76602571 0.64101010 0.76610210 0.63811137 0.74859639 0.63790898 0.74644596 0.63643430 0.74652235 0.63353561 0.73120528 0.63335852 0.72905484 0.63188383 0.72467869 0.63183324 0.72252881 0.63035858 0.72256701 0.62890921 0.72231073 0.62890625 0.71818905 0.62890625
0 0.61531212 0.62890625 0.61515374 0.63491638 0.62828274 0.63506817 0.63043261 0.63654285 0.63035622 0.63944158 0.65442670 0.63971986 0.65657658 0.64119451 0.65650019 0.64409327 0.68057067 0.64437156 0.68487099 0.64732085 0.68483279 0.64877023 0.70014986 0.64894732 0.70230030 0.65042201 0.71105259 0.65052320 0.71112899 0.64762443 0.71335581 0.64620039 0.71381157 0.62890625 0.61531212 0.62890625
0 0.58057515 0.62890625 0.58244499 0.63018882 0.60213876 0.63041651 0.60428864 0.63189119 0.60425045 0.63334053 0.60862715 0.63339113 0.60874534 0.62890625 0.58057515 0.62890625
