0 0.40820312 0.35120043 0.27077656 0.35447395 0.17406360 0.36856666 0.18662219 0.46936863 0.40820312 0.45647552 0.40820312 0.35120043
0 0.63013864 0.46269963 0.62808137 0.46505569 0.62578189 0.46527982 0.62166740 0.46999249 0.61936792 0.47021662 0.61731065 0.47257268 0.61501175 0.47279676 0.61295448 0.47515282 0.61065559 0.47537690 0.60859772 0.47773302 0.60629883 0.47795710 0.60424162 0.48031370 0.60194213 0.48053784 0.60218376 0.48266982 0.60472487 0.48457766 0.60496655 0.48671019 0.60750707 0.48861809 0.60980597 0.48839401 0.61186383 0.48603789 0.61416272 0.48581381 0.61621993 0.48345721 0.61851883 0.48323312 0.62263396 0.47852095 0.62493286 0.47829687 0.62699007 0.47594026 0.62928955 0.47571612 0.63134682 0.47336007 0.63364572 0.47313599 0.63570299 0.47077993 0.63800188 0.47055585 0.64005975 0.46819973 0.64235864 0.46797565 0.64441591 0.46561959 0.64671540 0.46539546 0.65082988 0.46068279 0.64828936 0.45877489 0.64804768 0.45664237 0.64550716 0.45473447 0.64320767 0.45495861 0.64115040 0.45731466 0.63885150 0.45753875 0.63679371 0.45989541 0.63449481 0.46011949 0.63243754 0.46247555 0.63013864 0.46269963
0 0.68011711 0.43196005 0.67805924 0.43431617 0.67576035 0.43454025 0.67164528 0.43925297 0.66934638 0.43947705 0.66728911 0.44183311 0.66499021 0.44205719 0.66293294 0.44441325 0.66063346 0.44463739 0.66317463 0.44654578 0.66341625 0.44867775 0.66595677 0.45058565 0.66644002 0.45484961 0.66898060 0.45675806 0.67127950 0.45653398 0.67539457 0.45182126 0.67769346 0.45159718 0.67975073 0.44924112 0.68205022 0.44901698 0.68410749 0.44666092 0.68640638 0.44643684 0.68846366 0.44408078 0.69076255 0.44385670 0.69282035 0.44150004 0.69511925 0.44127596 0.69717652 0.43891990 0.69947600 0.43869576 0.70153328 0.43633970 0.70129159 0.43420718 0.69875107 0.43229928 0.69850945 0.43016730 0.69596834 0.42825946 0.69572671 0.42612748 0.69318613 0.42421903 0.69112892 0.42657564 0.68882944 0.42679978 0.68677217 0.42915584 0.68447327 0.42937992 0.68241600 0.43173597 0.68011711 0.43196005
0 0.60509787 0.42633811 0.60304007 0.42869477 0.60074118 0.42891885 0.59868390 0.43127491 0.59638442 0.43149905 0.59432715 0.43385511 0.59202825 0.43407919 0.58997104 0.43643579 0.58767215 0.43665987 0.58355701 0.44137205 0.58125812 0.44159613 0.57920026 0.44395224 0.57690136 0.44417632 0.57484409 0.44653238 0.57738467 0.44844083 0.57762629 0.45057281 0.58016681 0.45248071 0.58040850 0.45461323 0.58294961 0.45652107 0.58319123 0.45865305 0.58827227 0.46246885 0.58851396 0.46460137 0.59105506 0.46650922 0.59129669 0.46864120 0.59383727 0.47054964 0.59407889 0.47268162 0.59661941 0.47458952 0.59891831 0.47436544 0.60097558 0.47200938 0.60327506 0.47178524 0.60533234 0.46942918 0.60763123 0.46920510 0.60968903 0.46684844 0.61198792 0.46662436 0.61404520 0.46426830 0.61634409 0.46404422 0.61840137 0.46168816 0.62070085 0.46146402 0.62275806 0.45910742 0.62505695 0.45888334 0.62711482 0.45652722 0.62941371 0.45630314 0.63147098 0.45394708 0.63376988 0.45372300 0.63582715 0.45136694 0.63812663 0.45114281 0.64018391 0.44878675 0.63994222 0.44665422 0.63740170 0.44474632 0.63716008 0.44261434 0.63461891 0.44070596 0.63437729 0.43857398 0.63183677 0.43666608 0.63159514 0.43453410 0.62905462 0.43262620 0.62881294 0.43049368 0.62627242 0.42858578 0.62603079 0.42645380 0.62349021 0.42454535 0.62324859 0.42241337 0.62070748 0.42050553 0.62046586 0.41837355 0.61816696 0.41859763 0.61610969 0.42095369 0.61381021 0.42117783 0.61175293 0.42353389 0.60945404 0.42375797 0.60739677 0.42611403 0.60509787 0.42633811
0 0.73009498 0.40122054 0.72803771 0.40357660 0.72573881 0.40380068 0.72368101 0.40615734 0.72138212 0.40638142 0.71726757 0.41109354 0.71496868 0.41131762 0.71291081 0.41367374 0.71061192 0.41389781 0.70855465 0.41625387 0.70625516 0.41647801 0.70419795 0.41883462 0.70189906 0.41905870 0.69984179 0.42141476 0.70008341 0.42354674 0.70262399 0.42545518 0.70286561 0.42758716 0.70540613 0.42949506 0.70588938 0.43375902 0.70818828 0.43353494 0.71024614 0.43117882 0.71254503 0.43095474 0.71666016 0.42624256 0.71895906 0.42601848 0.72101633 0.42366243 0.72331523 0.42343835 0.72537244 0.42108174 0.72767192 0.42085760 0.72972920 0.41850154 0.73202809 0.41827746 0.73614316 0.41356474 0.73844206 0.41334066 0.74049933 0.41098460 0.74279822 0.41076052 0.74485608 0.40840441 0.74715498 0.40818033 0.74921225 0.40582427 0.74872894 0.40155976 0.74618842 0.39965186 0.74594680 0.39751988 0.74340622 0.39561144 0.74316459 0.39347946 0.74110673 0.39583558 0.73880784 0.39605966 0.73675063 0.39841626 0.73445173 0.39864034 0.73239446 0.40099640 0.73009498 0.40122054
0 0.64128184 0.39694368 0.63922457 0.39929973 0.63692509 0.39952387 0.63486781 0.40187993 0.63256892 0.40210401 0.63305217 0.40636797 0.63559275 0.40827642 0.63583437 0.41040839 0.63837489 0.41231629 0.63861658 0.41444882 0.64115768 0.41635666 0.64139931 0.41848864 0.64393983 0.42039654 0.64442314 0.42466104 0.64696365 0.42656894 0.64720528 0.42870092 0.64974586 0.43060937 0.64998748 0.43274134 0.65252800 0.43464924 0.65276963 0.43678122 0.65531073 0.43868906 0.65736801 0.43633301 0.65966690 0.43610893 0.66172476 0.43375281 0.66402366 0.43352873 0.66608093 0.43117267 0.66837982 0.43094859 0.67043710 0.42859253 0.67273658 0.42836839 0.67479379 0.42601179 0.67709269 0.42578771 0.67915055 0.42343159 0.68144944 0.42320751 0.68350671 0.42085145 0.68580561 0.42062737 0.68786282 0.41827077 0.68532230 0.41636287 0.68508068 0.41423089 0.68254016 0.41232299 0.68229854 0.41019101 0.67975796 0.40828257 0.67951633 0.40615059 0.67697581 0.40424269 0.67649250 0.39997818 0.67395139 0.39807034 0.67370977 0.39593836 0.67116925 0.39403046 0.67092757 0.39189794 0.66838705 0.38999004 0.66608756 0.39021418 0.66403029 0.39257024 0.65713360 0.39324248 0.65459249 0.39133463 0.65435087 0.38920266 0.65229360 0.39155872 0.64999471 0.39178279 0.64793684 0.39413891 0.64563795 0.39436299 0.64358074 0.39671960 0.64128184 0.39694368
0 0.77571668 0.37306116 0.77365941 0.37541722 0.77136051 0.37564130 0.76930330 0.37799791 0.76700441 0.37822199 0.76494655 0.38057811 0.76264765 0.38080218 0.76059038 0.38315824 0.75829090 0.38338238 0.75623369 0.38573899 0.75393479 0.38596307 0.74982025 0.39067518 0.74752076 0.39089932 0.75006187 0.39280716 0.75030349 0.39493914 0.75284408 0.39684759 0.75308570 0.39897957 0.75562622 0.40088747 0.75586790 0.40301999 0.75792511 0.40066339 0.76022401 0.40043931 0.76433914 0.39572713 0.76663804 0.39550305 0.76869584 0.39314639 0.77099473 0.39292231 0.77305200 0.39056625 0.77535090 0.39034217 0.77740817 0.38798611 0.77970766 0.38776197 0.78176493 0.38540591 0.78406382 0.38518183 0.78612169 0.38282571 0.78842058 0.38260164 0.79047779 0.38024503 0.79277669 0.38002095 0.79483396 0.37766489 0.79713344 0.37744076 0.79919071 0.37508470 0.79894903 0.37295217 0.79640851 0.37104427 0.79616688 0.36891229 0.79362578 0.36700445 0.79338415 0.36487247 0.78878636 0.36532063 0.78672909 0.36767669 0.78443020 0.36790077 0.78237234 0.37025689 0.78007344 0.37048097 0.77801617 0.37283703 0.77571668 0.37306116
0 0.70275531 0.36508310 0.70069751 0.36743976 0.69839862 0.36766384 0.69634134 0.37001990 0.69404245 0.37024398 0.69198518 0.37260004 0.68968569 0.37282418 0.68557121 0.37753684 0.68327172 0.37776098 0.68121445 0.38011704 0.67891556 0.38034112 0.67685828 0.38269718 0.67455939 0.38292126 0.67250153 0.38527737 0.67274321 0.38740990 0.67528432 0.38931774 0.67552595 0.39144972 0.67806653 0.39335817 0.67830815 0.39549014 0.68084867 0.39739804 0.68109029 0.39953002 0.68617139 0.40334637 0.68641302 0.40547835 0.68895413 0.40738619 0.68919581 0.40951871 0.69173633 0.41142661 0.69197795 0.41355859 0.69451847 0.41546649 0.69657633 0.41311037 0.69887523 0.41288629 0.70093250 0.41053024 0.70323140 0.41030615 0.70734647 0.40559343 0.70964536 0.40536935 0.71170263 0.40301329 0.71400212 0.40278916 0.71605939 0.40043310 0.71835829 0.40020902 0.72041550 0.39785241 0.72271439 0.39762833 0.72682953 0.39291616 0.72912842 0.39269208 0.73118628 0.39033596 0.73348518 0.39011188 0.73554245 0.38775582 0.73784135 0.38753174 0.73530076 0.38562330 0.73505914 0.38349132 0.73251862 0.38158342 0.73227694 0.37945089 0.72973642 0.37754299 0.72949479 0.37541102 0.72695368 0.37350317 0.72671206 0.37137120 0.72417148 0.36946275 0.72392986 0.36733077 0.72138934 0.36542287 0.72114765 0.36329035 0.71860654 0.36138251 0.71836492 0.35925053 0.71582440 0.35734263 0.71376713 0.35969869 0.71146823 0.35992277 0.70941096 0.36227883 0.70711148 0.36250296 0.70505420 0.36485902 0.70275531 0.36508310
0 0.75273324 0.33434413 0.75067597 0.33670019 0.74837707 0.33692427 0.74631980 0.33928033 0.74402091 0.33950441 0.74196305 0.34186053 0.73966415 0.34208461 0.73760688 0.34444067 0.73530739 0.34466480 0.73325019 0.34702141 0.73095129 0.34724549 0.72889402 0.34960155 0.72659512 0.34982563 0.72248005 0.35453835 0.72018115 0.35476243 0.72272167 0.35667033 0.72296330 0.35880231 0.72550382 0.36071021 0.72574544 0.36284219 0.72828661 0.36475057 0.72852823 0.36688255 0.73106875 0.36879045 0.73131044 0.37092298 0.73385096 0.37283088 0.73409258 0.37496285 0.73917362 0.37877865 0.73941531 0.38091118 0.74195642 0.38281902 0.74219804 0.38495100 0.74425531 0.38259494 0.74655421 0.38237086 0.74861207 0.38001474 0.75091096 0.37979066 0.75296817 0.37743406 0.75526707 0.37720998 0.75732434 0.37485392 0.75962382 0.37462978 0.76168110 0.37227372 0.76397999 0.37204964 0.76809512 0.36733747 0.77039402 0.36711339 0.77245123 0.36475678 0.77475012 0.36453270 0.77680799 0.36217658 0.77910688 0.36195250 0.78116415 0.35959645 0.78346364 0.35937231 0.78552085 0.35701570 0.78527922 0.35488372 0.78273871 0.35297583 0.78249708 0.35084385 0.77995597 0.34893601 0.77971429 0.34680348 0.77717377 0.34489558 0.77693214 0.34276360 0.77439156 0.34085516 0.77414994 0.33872318 0.77160883 0.33681534 0.77136721 0.33468336 0.76882669 0.33277546 0.76858500 0.33064293 0.76604448 0.32873503 0.76580286 0.32660305 0.76374559 0.32895911 0.76144669 0.32918319 0.75938883 0.33153931 0.75708994 0.33176339 0.75503273 0.33412000 0.75273324 0.33434413
0 0.85594892 0.32212732 0.85389171 0.32448392 0.85159223 0.32470806 0.84747769 0.32942018 0.84517820 0.32964431 0.84312093 0.33200038 0.84082204 0.33222446 0.83876476 0.33458051 0.83646587 0.33480459 0.83440807 0.33716126 0.83210917 0.33738534 0.83005190 0.33974140 0.83259242 0.34164929 0.83283411 0.34378182 0.83791573 0.34759756 0.83815736 0.34972954 0.84275515 0.34928138 0.84481242 0.34692532 0.84711131 0.34670124 0.84916917 0.34434512 0.85146807 0.34412104 0.85352534 0.34176498 0.85582483 0.34154085 0.85788204 0.33918424 0.86018093 0.33896016 0.86223820 0.33660410 0.86453710 0.33638002 0.86659496 0.33402391 0.86889386 0.33379983 0.87095107 0.33144322 0.87325055 0.33121908 0.87530782 0.32886302 0.87760672 0.32863895 0.87966399 0.32628289 0.88196289 0.32605881 0.88147964 0.32179485 0.87893906 0.31988640 0.87869743 0.31775442 0.87361633 0.31393808 0.87337471 0.31180610 0.87107581 0.31203018 0.86696074 0.31674290 0.86466185 0.31696698 0.86260399 0.31932310 0.86030509 0.31954718 0.85824782 0.32190324 0.85594892 0.32212732
0 0.77887248 0.31886198 0.77681462 0.32121809 0.77451572 0.32144217 0.77245845 0.32379823 0.77015897 0.32402237 0.77040065 0.32615489 0.77548228 0.32997063 0.77572396 0.33210316 0.77826448 0.33401106 0.77850611 0.33614304 0.78104722 0.33805088 0.78128884 0.34018286 0.78382942 0.34209130 0.78407104 0.34422328 0.78661156 0.34613118 0.78685325 0.34826371 0.78939377 0.35017161 0.78963539 0.35230358 0.79217591 0.35421148 0.79423377 0.35185537 0.79653267 0.35163129 0.79858994 0.34927523 0.80088942 0.34905109 0.80294670 0.34669503 0.80524559 0.34647095 0.80730280 0.34411435 0.80960170 0.34389027 0.81165956 0.34153415 0.81395845 0.34131007 0.81141793 0.33940217 0.81117625 0.33726965 0.80863514 0.33536180 0.80839352 0.33322983 0.80585300 0.33132193 0.80561137 0.32918995 0.80307079 0.32728150 0.80282917 0.32514953 0.80028865 0.32324162 0.80004696 0.32110910 0.79496534 0.31729336 0.79472371 0.31516138 0.79218320 0.31325348 0.79194151 0.31112096 0.78988430 0.31347756 0.78758481 0.31370170 0.78552754 0.31605776 0.78322865 0.31628184 0.78117138 0.31863789 0.77887248 0.31886198
0 0.54920924 0.34340345 0.54715196 0.34575951 0.54485307 0.34598359 0.54279586 0.34834020 0.54049696 0.34856428 0.53843910 0.35092039 0.53614021 0.35114447 0.53408293 0.35350053 0.53662352 0.35540897 0.53686514 0.35754096 0.53940566 0.35944885 0.53964728 0.36158083 0.54218839 0.36348867 0.54243008 0.36562120 0.54497060 0.36752910 0.54521222 0.36966108 0.54775280 0.37156952 0.54799442 0.37370150 0.55053494 0.37560940 0.55077657 0.37774138 0.55331709 0.37964928 0.55355877 0.38178180 0.55609988 0.38368965 0.54992754 0.39075843 0.54762864 0.39098251 0.54787027 0.39311448 0.55041079 0.39502238 0.55065241 0.39715436 0.55319299 0.39906281 0.55343461 0.40119479 0.55597513 0.40310269 0.55621682 0.40523521 0.55875793 0.40714305 0.55899955 0.40927503 0.56154007 0.41118293 0.56178169 0.41331491 0.56432227 0.41522336 0.56456390 0.41735533 0.56710501 0.41926318 0.56734669 0.42139570 0.56964559 0.42117162 0.57170280 0.41881502 0.57400169 0.41859094 0.57605896 0.41623488 0.57835845 0.41601074 0.58247293 0.41129808 0.58477242 0.41107394 0.58682969 0.40871788 0.58912858 0.40849380 0.59118585 0.40613774 0.59348475 0.40591366 0.59554261 0.40355754 0.59784151 0.40333346 0.60195658 0.39862074 0.60425547 0.39839666 0.60631274 0.39604060 0.60861164 0.39581652 0.61066891 0.39346046 0.60812833 0.39155202 0.60788671 0.38942004 0.60534619 0.38751214 0.60510456 0.38538016 0.60256404 0.38347226 0.60232236 0.38133974 0.59978184 0.37943184 0.59954022 0.37729986 0.59699905 0.37539147 0.59675742 0.37325949 0.59421690 0.37135159 0.59397528 0.36921962 0.58889359 0.36540333 0.58865197 0.36327135 0.58611145 0.36136345 0.58586976 0.35923092 0.58332924 0.35732303 0.58308762 0.35519105 0.58054710 0.35328315 0.58030548 0.35115117 0.57776489 0.34924272 0.57752327 0.34711074 0.57498216 0.34520290 0.57474048 0.34307038 0.56965944 0.33925458 0.56941781 0.33712260 0.56687671 0.33521476 0.56663502 0.33308223 0.56433613 0.33330631 0.56227892 0.33566292 0.55998002 0.33588700 0.55792275 0.33824306 0.55562327 0.33846720 0.55150872 0.34317931 0.54920924 0.34340345
0 0.88208763 0.30664577 0.88002977 0.30900188 0.88257088 0.31090972 0.88281250 0.31304170 0.88789360 0.31685804 0.88813523 0.31899002 0.89273361 0.31854181 0.89479088 0.31618575 0.89708978 0.31596167 0.89914705 0.31360561 0.90144653 0.31338147 0.90556101 0.30866881 0.90786050 0.30844467 0.90991777 0.30608861 0.90483614 0.30227287 0.90459446 0.30014034 0.90205394 0.29823245 0.90181231 0.29610047 0.89721394 0.29654868 0.89309939 0.30126080 0.89080049 0.30148488 0.88874329 0.30384149 0.88644380 0.30406563 0.88438653 0.30642168 0.88208763 0.30664577
0 0.58539374 0.31400842 0.58333594 0.31636508 0.58103704 0.31658916 0.58152029 0.32085312 0.58406081 0.32276102 0.58430243 0.32489299 0.58684360 0.32680138 0.58708522 0.32893336 0.58962574 0.33084126 0.58986743 0.33297379 0.59240795 0.33488169 0.59264957 0.33701366 0.59519068 0.33892151 0.59543230 0.34105348 0.59797289 0.34296193 0.59821451 0.34509391 0.60075503 0.34700181 0.60099671 0.34913433 0.60353723 0.35104223 0.60377886 0.35317421 0.60631938 0.35508211 0.60656100 0.35721409 0.60910217 0.35912248 0.60934379 0.36125446 0.61188431 0.36316236 0.61212600 0.36529488 0.61466652 0.36720278 0.61490814 0.36933476 0.61744925 0.37124260 0.61769087 0.37337458 0.62023146 0.37528302 0.62047308 0.37741500 0.62301360 0.37932290 0.62325528 0.38145543 0.62579580 0.38336332 0.62809470 0.38313925 0.63015256 0.38078313 0.63245145 0.38055905 0.63450866 0.37820245 0.63680815 0.37797831 0.63886542 0.37562225 0.64116432 0.37539817 0.64322159 0.37304211 0.64552048 0.37281803 0.64757828 0.37046137 0.64503717 0.36855352 0.64479555 0.36642154 0.64225503 0.36451365 0.64201341 0.36238167 0.63947283 0.36047322 0.63923120 0.35834124 0.63669068 0.35643335 0.63644900 0.35430082 0.63390848 0.35239292 0.63366686 0.35026094 0.63112575 0.34835310 0.63088412 0.34622112 0.62834354 0.34431268 0.62810192 0.34218070 0.62556140 0.34027280 0.62531971 0.33814027 0.62277861 0.33623243 0.62253698 0.33410045 0.61999646 0.33219255 0.61975484 0.33006057 0.61721426 0.32815213 0.61697263 0.32602015 0.61443211 0.32411225 0.61419043 0.32197972 0.60910880 0.31816398 0.60886718 0.31603201 0.60632666 0.31412411 0.60608497 0.31199158 0.60354446 0.31008368 0.60330283 0.30795170 0.60076166 0.30604331 0.60052004 0.30391134 0.59846277 0.30626739 0.59616387 0.30649148 0.59410666 0.30884808 0.59180776 0.30907216 0.58769263 0.31378434 0.58539374 0.31400842
0 0.83526432 0.28318566 0.83320711 0.28554226 0.83090821 0.28576635 0.82679308 0.29047852 0.82449419 0.29070260 0.82243638 0.29305926 0.82013749 0.29328334 0.81808022 0.29563940 0.81578132 0.29586348 0.81372405 0.29821954 0.81142457 0.29844368 0.80936729 0.30079974 0.80706840 0.30102382 0.80501054 0.30337994 0.80755171 0.30528832 0.80779333 0.30742030 0.81033385 0.30932820 0.81057554 0.31146073 0.81311606 0.31336863 0.81335768 0.31550060 0.81589879 0.31740845 0.81614041 0.31954042 0.81868099 0.32144887 0.81892262 0.32358085 0.82146313 0.32548875 0.82170482 0.32762127 0.82424534 0.32952917 0.82448696 0.33166115 0.82678586 0.33143707 0.82884372 0.32908095 0.83114262 0.32885687 0.83319989 0.32650081 0.83549937 0.32627668 0.83755658 0.32392007 0.83985548 0.32369599 0.84191275 0.32133993 0.84421165 0.32111585 0.84626951 0.31875974 0.84856840 0.31853566 0.85062561 0.31617905 0.85292509 0.31595491 0.85703964 0.31124280 0.85933854 0.31101872 0.86139581 0.30866266 0.86369529 0.30843852 0.86575256 0.30608246 0.86805146 0.30585838 0.86780977 0.30372586 0.86526925 0.30181796 0.86502763 0.29968598 0.86248705 0.29777753 0.86224543 0.29564555 0.85970432 0.29373771 0.85946269 0.29160573 0.85692217 0.28969783 0.85668049 0.28756531 0.85413997 0.28565741 0.85389835 0.28352543 0.85135776 0.28161699 0.85111614 0.27948501 0.84857562 0.27757711 0.84833400 0.27544513 0.84627614 0.27780125 0.84397724 0.27802532 0.84191997 0.28038138 0.83962049 0.28060552 0.83756321 0.28296158 0.83526432 0.28318566
0 0.85910413 0.26792819 0.85704627 0.27028430 0.85474737 0.27050838 0.85269016 0.27286499 0.85523068 0.27477289 0.85547231 0.27690487 0.85801283 0.27881277 0.85825445 0.28094474 0.86079562 0.28285313 0.86103724 0.28498511 0.86611835 0.28880146 0.86635997 0.29093344 0.86890108 0.29284128 0.86914270 0.29497326 0.87168322 0.29688115 0.87192491 0.29901368 0.87446543 0.30092158 0.87676432 0.30069750 0.87882159 0.29834144 0.88112108 0.29811730 0.88317829 0.29576070 0.88547718 0.29553662 0.88753504 0.29318050 0.88983394 0.29295642 0.89189121 0.29060036 0.89419011 0.29037628 0.89624738 0.28802022 0.89370686 0.28611232 0.89346517 0.28397980 0.89092465 0.28207190 0.89068303 0.27993992 0.88814245 0.27803147 0.88790083 0.27589950 0.88281920 0.27208376 0.88257757 0.26995178 0.88003699 0.26804333 0.87979537 0.26591135 0.87725485 0.26400345 0.87701316 0.26187093 0.87447206 0.25996309 0.87423043 0.25783111 0.87011589 0.26254322 0.86781699 0.26276731 0.86575978 0.26512391 0.86346030 0.26534805 0.86140303 0.26770411 0.85910413 0.26792819
0 0.64408512 0.27810851 0.64202726 0.28046463 0.63742947 0.28091279 0.63537161 0.28326890 0.63307271 0.28349298 0.62895823 0.28820565 0.62665934 0.28842973 0.62460147 0.29078584 0.62230258 0.29100992 0.62024531 0.29336598 0.61794582 0.29359012 0.61588861 0.29594672 0.61358972 0.29617080 0.61613024 0.29807870 0.61637186 0.30021068 0.61891238 0.30211858 0.61915400 0.30425056 0.62169517 0.30615895 0.62193680 0.30829093 0.62447732 0.31019883 0.62471900 0.31233135 0.62725952 0.31423925 0.62750114 0.31637123 0.63004225 0.31827907 0.63028388 0.32041105 0.63536498 0.32422739 0.63560660 0.32635937 0.63814718 0.32826782 0.63838880 0.33039980 0.64092932 0.33230770 0.64117095 0.33443968 0.64371205 0.33634752 0.64395374 0.33848004 0.64649426 0.34038794 0.64673588 0.34251992 0.64927646 0.34442837 0.64951809 0.34656035 0.65205920 0.34846819 0.65230082 0.35060017 0.65484134 0.35250806 0.65508303 0.35464059 0.65762354 0.35654849 0.65786517 0.35868047 0.66294627 0.36249681 0.66500413 0.36014069 0.66730303 0.35991662 0.67141810 0.35520389 0.67371699 0.35497981 0.67577426 0.35262375 0.67807316 0.35239968 0.68013037 0.35004307 0.68242985 0.34981893 0.68448712 0.34746287 0.68678602 0.34723879 0.68884388 0.34488268 0.69114278 0.34465860 0.69320005 0.34230254 0.69549894 0.34207846 0.69755622 0.33972240 0.69985570 0.33949826 0.70397018 0.33478560 0.70142966 0.33287770 0.70118798 0.33074517 0.69864746 0.32883727 0.69840583 0.32670529 0.69586473 0.32479745 0.69562310 0.32266547 0.69308252 0.32075703 0.69284090 0.31862505 0.69030038 0.31671715 0.69005869 0.31458463 0.68751818 0.31267673 0.68727655 0.31054475 0.68473603 0.30863685 0.68449441 0.30650487 0.68195324 0.30459648 0.68171162 0.30246450 0.67917110 0.30055660 0.67892941 0.29842408 0.67638889 0.29651618 0.67614727 0.29438420 0.67360616 0.29247636 0.67336454 0.29034438 0.66828344 0.28652804 0.66804181 0.28439606 0.66550123 0.28248761 0.66525961 0.28035563 0.66271909 0.27844773 0.66247746 0.27631575 0.65993636 0.27440791 0.65969467 0.27227539 0.65715415 0.27036749 0.65509688 0.27272355 0.65279739 0.27294768 0.65074018 0.27530429 0.64844129 0.27552837 0.64638402 0.27788443 0.64408512 0.27810851
0 0.67663721 0.25769021 0.67457994 0.26004627 0.67228104 0.26027035 0.67022318 0.26262647 0.66792429 0.26285055 0.66586701 0.26520661 0.66356812 0.26543069 0.66405143 0.26969519 0.66659195 0.27160309 0.66683363 0.27373562 0.67191467 0.27755141 0.67215629 0.27968339 0.67469740 0.28159123 0.67493909 0.28372376 0.67747961 0.28563166 0.67772123 0.28776363 0.68026181 0.28967208 0.68050343 0.29180406 0.68304454 0.29371190 0.68328617 0.29584388 0.68582669 0.29775178 0.68606837 0.29988430 0.69114941 0.30370010 0.69139110 0.30583263 0.69393161 0.30774053 0.69417324 0.30987251 0.69671435 0.31178035 0.69695597 0.31391233 0.69949655 0.31582077 0.69973817 0.31795275 0.70227869 0.31986065 0.70252038 0.32199318 0.70506149 0.32390102 0.70530311 0.32603300 0.70784363 0.32794090 0.70808525 0.33007287 0.71062583 0.33198132 0.71292473 0.33175724 0.71498194 0.32940063 0.71728142 0.32917650 0.72139597 0.32446438 0.72369545 0.32424024 0.72575272 0.32188418 0.72805162 0.32166010 0.73010889 0.31930404 0.73240779 0.31907996 0.73446559 0.31672330 0.73676448 0.31649922 0.73882175 0.31414316 0.74112124 0.31391902 0.74317851 0.31156296 0.74063793 0.30965452 0.74039630 0.30752254 0.73785520 0.30561470 0.73761357 0.30348272 0.73507305 0.30157482 0.73483137 0.29944229 0.73229085 0.29753440 0.73204922 0.29540242 0.72696754 0.29158613 0.72672591 0.28945415 0.72418539 0.28754625 0.72394377 0.28541427 0.72140319 0.28350583 0.72116157 0.28137385 0.71862105 0.27946595 0.71837936 0.27733343 0.71583825 0.27542558 0.71559663 0.27329360 0.71305611 0.27138571 0.71281449 0.26925373 0.70773280 0.26543744 0.70749117 0.26330546 0.70495059 0.26139702 0.70470897 0.25926504 0.70216845 0.25735714 0.70192683 0.25522516 0.69938631 0.25331726 0.69914462 0.25118473 0.69660410 0.24927684 0.69636248 0.24714486 0.69176410 0.24759307 0.68970683 0.24994913 0.68740734 0.25017327 0.68329286 0.25488594 0.68099396 0.25511002 0.67893669 0.25746607 0.67663721 0.25769021
0 0.71790275 0.23211098 0.71584554 0.23446758 0.71354664 0.23469166 0.71148878 0.23704778 0.70918988 0.23727186 0.70713261 0.23962792 0.70483313 0.23985205 0.70277586 0.24220811 0.70047696 0.24243219 0.70071858 0.24456417 0.70325917 0.24647262 0.70350079 0.24860459 0.70604131 0.25051249 0.70628299 0.25264502 0.70882410 0.25455286 0.70906573 0.25668484 0.71160624 0.25859274 0.71184787 0.26072472 0.71438845 0.26263316 0.71463007 0.26476514 0.71717118 0.26667299 0.71741287 0.26880551 0.72249390 0.27262131 0.72273553 0.27475329 0.72527605 0.27666119 0.72551773 0.27879371 0.72805825 0.28070161 0.72829988 0.28283359 0.73084105 0.28474198 0.73108267 0.28687396 0.73362319 0.28878186 0.73386481 0.29091383 0.73640533 0.29282173 0.73664702 0.29495426 0.73918812 0.29686210 0.73942975 0.29899408 0.74197033 0.30090252 0.74221196 0.30303450 0.74475247 0.30494240 0.74499410 0.30707438 0.74753462 0.30898228 0.74983351 0.30875820 0.75189137 0.30640208 0.75419027 0.30617800 0.75624754 0.30382194 0.75854702 0.30359781 0.76060430 0.30124175 0.76290319 0.30101767 0.76496046 0.29866161 0.76725936 0.29843753 0.76931716 0.29608087 0.77161605 0.29585679 0.77367333 0.29350073 0.77597281 0.29327659 0.77803008 0.29092053 0.78032898 0.29069645 0.77984567 0.28643195 0.77730515 0.28452405 0.77706352 0.28239207 0.77452301 0.28048417 0.77428132 0.27835164 0.77174021 0.27644380 0.77149859 0.27431182 0.76641749 0.27049548 0.76617587 0.26836350 0.76363476 0.26645566 0.76339313 0.26432368 0.76085255 0.26241523 0.76061093 0.26028326 0.75807041 0.25837536 0.75782872 0.25624283 0.75528820 0.25433493 0.75504658 0.25220295 0.75250606 0.25029505 0.75226444 0.24816307 0.74972327 0.24625469 0.74948164 0.24412271 0.74694112 0.24221481 0.74669944 0.24008229 0.74161781 0.23626654 0.74137619 0.23413456 0.73883567 0.23222666 0.73859398 0.23009414 0.73605346 0.22818624 0.73581184 0.22605426 0.73327126 0.22414582 0.73097236 0.22436990 0.72891456 0.22672656 0.72661567 0.22695064 0.72455840 0.22930670 0.72225891 0.22953084 0.72020164 0.23188689 0.71790275 0.23211098
0 0.81325407 0.21203860 0.81119680 0.21439466 0.80889790 0.21461874 0.80684063 0.21697480 0.80708231 0.21910732 0.80962283 0.22101522 0.80986446 0.22314720 0.81240504 0.22505564 0.81264666 0.22718762 0.81518718 0.22909552 0.81542880 0.23122750 0.81796991 0.23313534 0.81821160 0.23526787 0.82329264 0.23908367 0.82353432 0.24121619 0.82607543 0.24312403 0.82631705 0.24525601 0.82885757 0.24716391 0.82909920 0.24929589 0.83163978 0.25120434 0.83188140 0.25333631 0.83442192 0.25524421 0.83672082 0.25502013 0.83877868 0.25266402 0.84107757 0.25243994 0.84313484 0.25008388 0.84543433 0.24985974 0.84749154 0.24750313 0.84979043 0.24727906 0.85184771 0.24492300 0.85414660 0.24469892 0.85620446 0.24234280 0.85366335 0.24043496 0.85342173 0.23830298 0.85088115 0.23639454 0.85063953 0.23426256 0.84809901 0.23235466 0.84785732 0.23022213 0.84277628 0.22640633 0.84253466 0.22427435 0.83999355 0.22236651 0.83975187 0.22023399 0.83721135 0.21832609 0.83696972 0.21619411 0.83442914 0.21428566 0.83418752 0.21215369 0.83164641 0.21024584 0.83140479 0.20811387 0.82632369 0.20429752 0.82426647 0.20665412 0.82196758 0.20687821 0.81990972 0.20923432 0.81761082 0.20945840 0.81555355 0.21181446 0.81325407 0.21203860
0 0.75686886 0.20675642 0.75481159 0.20911248 0.75251270 0.20933656 0.75045542 0.21169262 0.74815653 0.21191670 0.74839821 0.21404922 0.75093873 0.21595712 0.75118035 0.21808910 0.75626139 0.22190490 0.75650308 0.22403743 0.75904360 0.22594532 0.75928522 0.22807731 0.76182639 0.22998569 0.76206802 0.23211767 0.76460854 0.23402557 0.76485016 0.23615755 0.76739068 0.23806545 0.76763236 0.24019797 0.77017347 0.24210582 0.77041509 0.24423779 0.77295568 0.24614624 0.77319730 0.24827822 0.77573782 0.25018612 0.77597944 0.25231810 0.77851996 0.25422600 0.77876165 0.25635852 0.78130217 0.25826642 0.78154379 0.26039840 0.78408496 0.26230679 0.78432658 0.26443877 0.78940762 0.26825456 0.78964925 0.27038654 0.79219041 0.27229493 0.79243204 0.27442691 0.79497256 0.27633481 0.79521424 0.27846733 0.79751314 0.27824325 0.79957035 0.27588665 0.80186924 0.27566257 0.80392711 0.27330645 0.80622600 0.27308237 0.80828327 0.27072631 0.81058276 0.27050218 0.81263997 0.26814557 0.81493886 0.26792149 0.81699613 0.26556543 0.81929503 0.26534135 0.82135289 0.26298524 0.82365179 0.26276115 0.82570906 0.26040510 0.82800854 0.26018096 0.82752523 0.25591645 0.82498413 0.25400861 0.82474250 0.25187663 0.82220192 0.24996819 0.82196030 0.24783621 0.81687867 0.24402047 0.81663705 0.24188849 0.81409646 0.23998004 0.81385484 0.23784806 0.81131432 0.23594017 0.81107264 0.23380764 0.80853212 0.23189974 0.80829049 0.22976776 0.80574997 0.22785987 0.80550835 0.22572788 0.80296718 0.22381950 0.80272556 0.22168752 0.80018504 0.21977962 0.79812777 0.22213568 0.79582828 0.22235982 0.79377101 0.22471588 0.79147211 0.22493996 0.78893159 0.22303205 0.78868997 0.22090008 0.78360828 0.21708379 0.78336666 0.21495181 0.78082614 0.21304391 0.78058452 0.21091193 0.77804394 0.20900349 0.77780231 0.20687151 0.77526120 0.20496367 0.77501952 0.20283114 0.77247900 0.20092324 0.77223738 0.19879126 0.76993848 0.19901535 0.76788121 0.20137140 0.76558231 0.20159548 0.76352445 0.20395160 0.76122556 0.20417568 0.75916835 0.20653228 0.75686886 0.20675642
0 0.32022052 0.85255512 0.31848236 0.85470157 0.31889070 0.85858667 0.31715254 0.86073311 0.27441893 0.86522460 0.27686882 0.88853370 0.27513066 0.89068015 0.27696806 0.90816186 0.27522996 0.91030880 0.27134486 0.91071714 0.26919836 0.90897848 0.26142866 0.90979511 0.26673677 0.96029843 0.27839108 0.95907351 0.28012973 0.95692701 0.27788399 0.93556021 0.27962209 0.93341326 0.29321920 0.93198415 0.29281091 0.92809955 0.29454907 0.92595310 0.30620337 0.92472819 0.30835031 0.92646629 0.30896280 0.93229369 0.31867480 0.93127292 0.32082125 0.93301108 0.32276355 0.93280693 0.32491049 0.93454504 0.32695209 0.95396954 0.33666409 0.95294877 0.33881054 0.95468693 0.34075284 0.95448278 0.33932372 0.94088568 0.34106238 0.93873918 0.37019839 0.93567686 0.36407365 0.87740385 0.36581230 0.87525735 0.35825850 0.80338773 0.35999666 0.80124128 0.35285115 0.73325626 0.35458930 0.73110982 0.35356848 0.72139732 0.35142203 0.71965916 0.32422832 0.72251733 0.32749484 0.75359614 0.32575618 0.75574264 0.32983938 0.79459165 0.32810122 0.79673809 0.31450412 0.79816721 0.32022052 0.85255512
0 0.40820312 0.67048604 0.40714592 0.67059716 0.40540726 0.67274366 0.39763806 0.67356023 0.39589940 0.67570673 0.39007200 0.67631922 0.38833390 0.67846616 0.38056420 0.67928279 0.37882604 0.68142923 0.37299864 0.68204172 0.37126048 0.68418816 0.36543308 0.68480065 0.36369492 0.68694709 0.35786752 0.68755958 0.35950078 0.70309898 0.35776262 0.70524543 0.36449985 0.76934584 0.36276169 0.77149229 0.36970306 0.83753501 0.36796490 0.83968145 0.37490622 0.90572367 0.37316756 0.90787017 0.37439253 0.91952497 0.40352904 0.91646260 0.40291656 0.91063520 0.40465471 0.90848876 0.40820312 0.90811580 0.40820312 0.67048604
0 0.76673278 0.66584272 0.67599885 0.71937022 0.69856595 0.75470489 0.78744709 0.70346758 0.76673278 0.66584272
