0 0.56835938 0.32931866 0.52290984 0.31321388 0.53851264 0.26678117 0.53187722 0.26110094 0.44517471 0.23747066 0.42814421 0.27348282 0.39734996 0.26781787 0.38599459 0.28914167 0.38079705 0.30998786 0.56835938 0.37885422 0.56835938 0.32931866
0 1.00000000 0.14511934 0.99825660 0.14221783 0.99636161 0.14174536 0.99493910 0.13937790 0.99304362 0.13890530 0.99162111 0.13653784 0.98972613 0.13606537 0.98830361 0.13369791 0.98640862 0.13322543 0.98356323 0.12848991 0.98166824 0.12801743 0.98024524 0.12564985 0.97835026 0.12517738 0.97692774 0.12280992 0.97503275 0.12233744 0.97361036 0.11996950 0.96792491 0.11855196 0.96507940 0.11381691 0.96318441 0.11334444 0.96176190 0.11097698 0.95986691 0.11050450 0.95844391 0.10813692 0.95654892 0.10766445 0.95512653 0.10529650 0.95323106 0.10482391 0.95180854 0.10245645 0.94991356 0.10198397 0.94849104 0.09961651 0.94659605 0.09914404 0.94517318 0.09677597 0.94327819 0.09630350 0.94043268 0.09156846 0.93853769 0.09109598 0.93711517 0.08872852 0.93522019 0.08825605 0.93379767 0.08588859 0.93190220 0.08541599 0.93047981 0.08304805 0.92858482 0.08257557 0.92716182 0.08020799 0.92526683 0.07973552 0.92384432 0.07736806 0.92194933 0.07689558 0.92052694 0.07452764 0.91863146 0.07405504 0.91720893 0.07168768 0.91531394 0.07121521 0.91246847 0.06647997 0.91057349 0.06600749 0.90630555 0.05890460 0.90441057 0.05843213 0.90014264 0.05132924 0.89635266 0.05038429 0.89493017 0.04801673 0.88924472 0.04659919 0.88688221 0.05607471 0.88451423 0.05749725 0.88215168 0.06697291 0.87978422 0.06839543 0.87789421 0.07597586 0.87552674 0.07739838 0.87316413 0.08687429 0.87079667 0.08829680 0.86843419 0.09777222 0.86606672 0.09919474 0.86417671 0.10677517 0.86180876 0.10819756 0.86039122 0.11388301 0.86228670 0.11435561 0.86370909 0.11672355 0.86560408 0.11719603 0.86844910 0.12193095 0.87034458 0.12240354 0.87318961 0.12713846 0.87508508 0.12761106 0.87792998 0.13234647 0.87982497 0.13281894 0.88267037 0.13755447 0.88456535 0.13802694 0.88741087 0.14276199 0.88930585 0.14323446 0.89072837 0.14560192 0.89262336 0.14607439 0.89546875 0.15080992 0.89736373 0.15128239 0.90020925 0.15601744 0.90210424 0.15648991 0.90494914 0.16122532 0.90684413 0.16169779 0.90968964 0.16643284 0.91158463 0.16690531 0.91443002 0.17164084 0.91632501 0.17211331 0.91917004 0.17684823 0.92106551 0.17732083 0.92248790 0.17968877 0.92438289 0.18016125 0.92722841 0.18489629 0.92912339 0.18536876 0.93196842 0.19010369 0.93386389 0.19057628 0.93670880 0.19531169 0.93860427 0.19578428 0.94144918 0.20051969 0.94334417 0.20099216 0.94618968 0.20572721 0.94808467 0.20619968 0.95093018 0.21093472 0.95282517 0.21140719 0.95424756 0.21377514 0.95614255 0.21424761 0.95898806 0.21898266 0.96088305 0.21945513 0.96372845 0.22419066 0.96562343 0.22466313 0.96846846 0.22939805 0.97036345 0.22987053 0.97320884 0.23460605 0.97510383 0.23507853 0.97794934 0.23981357 0.97984433 0.24028604 0.98268924 0.24502145 0.98458471 0.24549405 0.98600722 0.24786151 0.98790221 0.24833398 0.99074772 0.25306903 0.99264271 0.25354150 0.99548762 0.25827690 0.99738309 0.25874950 1.00000000 0.26310540 1.00000000 0.14511934
0 0.73073787 0.00000000 0.73147310 0.00122353 0.74094852 0.00358602 0.74237100 0.00595362 0.74189849 0.00784876 0.74568895 0.00879382 0.74711144 0.01116138 0.74663894 0.01305647 0.75800984 0.01589155 0.75943232 0.01825916 0.75895981 0.02015429 0.76274978 0.02109924 0.76417227 0.02346679 0.76369977 0.02536188 0.76938522 0.02677942 0.77080818 0.02914715 0.77459816 0.03009209 0.77602064 0.03245970 0.77554814 0.03435479 0.77933860 0.03529985 0.78076109 0.03766741 0.78028864 0.03956230 0.79165905 0.04239726 0.79308193 0.04476533 0.79260946 0.04666032 0.79639943 0.04760527 0.79782243 0.04997285 0.79734984 0.05186832 0.80872025 0.05470328 0.81014276 0.05707074 0.80967029 0.05896573 0.81346075 0.05991080 0.81488326 0.06227826 0.81441079 0.06417325 0.81820076 0.06511819 0.81962364 0.06748626 0.81915117 0.06938125 0.82294114 0.07032620 0.82436414 0.07269378 0.82389155 0.07458925 0.83526196 0.07742421 0.83668447 0.07979167 0.83621200 0.08168666 0.84000246 0.08263173 0.84142497 0.08499919 0.84095250 0.08689418 0.84474247 0.08783912 0.84616535 0.09020719 0.84569288 0.09210218 0.84711539 0.09446964 0.84901038 0.09494211 0.85043326 0.09731018 0.85801321 0.09920007 0.85990335 0.09161915 0.86227129 0.09019676 0.86463378 0.08072134 0.86700124 0.07929882 0.86889126 0.07171839 0.87125872 0.07029587 0.87362130 0.06082006 0.87598927 0.05939757 0.87787929 0.05181714 0.88024677 0.05039453 0.88213679 0.04281409 0.88450429 0.04139143 0.88497679 0.03949630 0.88355430 0.03712874 0.87976384 0.03618367 0.87834135 0.03381611 0.87455089 0.03287105 0.87312842 0.03050344 0.87360093 0.02860831 0.87217844 0.02624075 0.87028345 0.02576828 0.86886096 0.02340072 0.86696549 0.02292812 0.86412053 0.01819291 0.86222506 0.01772031 0.86080257 0.01535276 0.85890758 0.01488028 0.85748509 0.01251272 0.85559010 0.01204025 0.85416714 0.00967252 0.85227215 0.00920005 0.85084967 0.00683247 0.84895420 0.00635988 0.84753171 0.00399229 0.83151951 0.00000000 0.73073787 0.00000000
0 0.61124926 0.76478665 0.78317414 0.85877037 0.79843639 0.82213215 0.62669780 0.72607728 0.61124926 0.76478665
0 0.58587461 0.80324745 0.75748682 0.89794429 0.77657399 0.86467925 0.60314628 0.77254108 0.58587461 0.80324745
0 0.56835938 0.85652937 0.73890660 0.95306517 0.75518322 0.92418602 0.57677863 0.81830273 0.56835938 0.83511600 0.56835938 0.85652937
0 0.56835938 0.89591960 0.72514149 0.98110712 0.73331232 0.96752611 0.56835938 0.87421725 0.56835938 0.89591960
0 0.71562790 0.69393953 0.80322426 0.74075603 0.81826088 0.71060957 0.72215518 0.66119640 0.71562790 0.69393953
0 0.74309119 0.64663338 0.83080471 0.69143800 0.84578731 0.66352650 0.75693011 0.61171560 0.74309119 0.64663338
0 0.76602240 0.59754709 0.85378126 0.65038046 0.87044839 0.61954752 0.78086578 0.56970957 0.76602240 0.59754709
0 0.79554336 0.55532531 0.88190189 0.60132594 0.90184806 0.57133269 0.80931206 0.52397503 0.79554336 0.55532531
0 0.89068252 0.60969686 0.97827276 0.65806380 0.98898827 0.63990379 0.97561749 0.63457931 0.98771820 0.62031747 0.90812095 0.57526993 0.89068252 0.60969686
0 0.86286975 0.65193793 0.95234974 0.70429461 0.96074084 0.68996738 0.94810064 0.68035638 0.95347387 0.66840478 0.87441482 0.62647054 0.86286975 0.65193793
0 0.93202513 0.74932863 0.94411726 0.72450892 0.85397758 0.66644217 0.83669582 0.69466208 0.93202513 0.74932863
0 0.81281316 0.75232773 0.89971779 0.79969037 0.92094064 0.76903313 0.82674411 0.71836487 0.81281316 0.75232773
