0 0.00000000 0.44980955 0.06376448 0.46185647 0.07891504 0.38718097 0.00000000 0.37227169 0.00000000 0.44980955
0 0.54873103 0.43081453 0.53967582 0.31325996 0.51017244 0.31622387 0.50708287 0.29706894 0.42575217 0.30481577 0.42838629 0.32339820 0.39228900 0.32760949 0.39577101 0.44139918 0.40796927 0.44361305 0.54873103 0.43081453
0 0.04147346 0.81850797 0.04267398 0.82082347 0.03881870 0.85035160 0.03710418 0.85197292 0.00795185 0.84503081 0.00563871 0.86274748 0.09892617 0.88496224 0.10149630 0.86527716 0.09275042 0.86319448 0.09154996 0.86087849 0.09283503 0.85103594 0.08408952 0.84895335 0.08288862 0.84663778 0.08391669 0.83876364 0.07517118 0.83668105 0.07397072 0.83436506 0.07525579 0.82452252 0.06505238 0.82209275 0.06385186 0.81977726 0.06513693 0.80993472 0.05784894 0.80819921 0.05664804 0.80588364 0.05741911 0.79997791 0.04867360 0.79789532 0.04747314 0.79557933 0.04875821 0.78573678 0.03855481 0.78330702 0.03735428 0.78099153 0.03812535 0.77508580 0.01771853 0.77022628 0.01360626 0.80172282 0.01480686 0.80403833 0.02209496 0.80577386 0.02329553 0.80808988 0.02252446 0.81399561 0.04147346 0.81850797
0 0.12978612 0.82127005 0.12901505 0.82717577 0.14942150 0.83203521 0.15113639 0.83041397 0.15405144 0.83110814 0.15559358 0.81929669 0.15730810 0.81767536 0.16168104 0.81871670 0.16270911 0.81084257 0.16442363 0.80922124 0.16588153 0.80956841 0.16759612 0.80794659 0.16905364 0.80829367 0.17008165 0.80042004 0.17179624 0.79879821 0.17471166 0.79949247 0.17642618 0.79787114 0.17822532 0.78409128 0.17993984 0.78246996 0.18285526 0.78316421 0.18414033 0.77332167 0.18585485 0.77170035 0.19022779 0.77274169 0.19151293 0.76289864 0.19322746 0.76127732 0.19614287 0.76197157 0.19785740 0.76035025 0.19888547 0.75247611 0.19451252 0.75143477 0.19211117 0.74680320 0.19262517 0.74286638 0.16347322 0.73592436 0.16321622 0.73789277 0.16150132 0.73951400 0.13234899 0.73257189 0.12129724 0.81721896 0.12858560 0.81895456 0.12978612 0.82127005
0 0.11708649 0.72284858 0.08647627 0.71555929 0.08570526 0.72146451 0.08399074 0.72308584 0.07524485 0.72100316 0.07241765 0.74265716 0.11323128 0.75237620 0.11708649 0.72284858
0 0.11648427 0.70443714 0.11819880 0.70281582 0.11965670 0.70316299 0.13070845 0.61851592 0.09135271 0.60914404 0.08749744 0.63867217 0.08578254 0.64029341 0.07832899 0.69738126 0.09873581 0.70224078 0.10045040 0.70061896 0.11648427 0.70443714
0 0.16380022 0.58377178 0.16208570 0.58539310 0.15771276 0.58435176 0.14126366 0.71033791 0.20248374 0.72491639 0.20419826 0.72329507 0.21440167 0.72572483 0.21611619 0.72410350 0.23506512 0.72861585 0.25254228 0.59475557 0.24379677 0.59267298 0.24259624 0.59035749 0.24336731 0.58445177 0.23462143 0.58236909 0.23342097 0.58005309 0.23367797 0.57808468 0.22493208 0.57600201 0.22373156 0.57368652 0.22450263 0.56778079 0.21575674 0.56569811 0.21455622 0.56338262 0.21481322 0.56141421 0.20606771 0.55933162 0.20486688 0.55701554 0.20563788 0.55111032 0.17940097 0.54486246 0.17820045 0.54254697 0.16508200 0.53942304 0.16276886 0.55713972 0.16105396 0.55876095 0.15899782 0.57450922 0.16337077 0.57555056 0.16457129 0.57786605 0.16380022 0.58377178
0 0.84878541 0.77781747 0.67072337 0.69605557 0.65805404 0.73366919 0.83607474 0.81751019 0.84878541 0.77781747
0 0.87141536 0.73768032 0.69361548 0.65518522 0.67689526 0.68970068 0.85632774 0.76951670 0.87141536 0.73768032
0 0.89383538 0.68744113 0.70830540 0.59890252 0.69408293 0.62884672 0.87943899 0.72202721 0.89383538 0.68744113
0 0.90985938 0.65652547 0.72008087 0.56996868 0.71287731 0.58408657 0.90255023 0.67453771 0.90985938 0.65652547
0 0.74960308 0.85577311 0.65895435 0.81518106 0.64605727 0.84630299 0.74537575 0.88889179 0.74960308 0.85577311
0 0.72550660 0.90487976 0.63488134 0.86630287 0.62188224 0.89519151 0.71413713 0.94067784 0.72550660 0.90487976
0 0.70605534 0.95544608 0.61482479 0.90886316 0.60034905 0.94078363 0.69318996 0.98425121 0.70605534 0.95544608
0 0.67941693 1.00000000 0.67955154 0.99962428 0.59019453 0.95975978 0.57238917 0.99107134 0.59331983 1.00000000 0.67941693 1.00000000
0 0.58085136 0.95202175 0.49010058 0.90988262 0.48067795 0.92874587 0.49438758 0.93312468 0.48331120 0.94819588 0.56585691 0.98758127 0.58085136 0.95202175
0 0.60564979 0.90794346 0.51273555 0.86195613 0.50536430 0.87683379 0.51864414 0.88553965 0.51411771 0.89783695 0.59590936 0.93415416 0.60564979 0.90794346
0 0.52986924 0.81561404 0.51953790 0.84121680 0.61350854 0.89285427 0.62877968 0.86349758 0.52986924 0.81561404
0 0.64858161 0.80430644 0.55858482 0.76312132 0.53955221 0.79518431 0.63705372 0.83915834 0.64858161 0.80430644
