0 0.19391625 0.00000000 0.19863535 0.03907930 0.22672996 0.02929650 0.35083953 0.01839614 0.35078015 0.00000000 0.19391625 0.00000000
0 0.98300977 0.56835938 0.99437316 0.36364647 0.98619702 0.35179851 0.98443904 0.35164365 0.97789843 0.34216462 0.97614045 0.34200976 0.97049722 0.34818952 0.96988254 0.35926310 0.96800159 0.36132341 0.96775573 0.36575262 0.96587479 0.36781293 0.96562893 0.37224214 0.96374801 0.37430188 0.96288744 0.38980524 0.96100607 0.39186495 0.96039136 0.40293910 0.95851044 0.40499884 0.95814165 0.41164266 0.95626071 0.41370297 0.95589188 0.42034735 0.95401052 0.42240705 0.95376466 0.42683626 0.95188374 0.42889600 0.95176078 0.43111117 0.94987987 0.43317091 0.94963398 0.43760069 0.94775306 0.43966043 0.94750720 0.44408964 0.94562629 0.44614938 0.94550332 0.44836455 0.93233599 0.46278325 0.93221303 0.46499842 0.93033211 0.46705816 0.93020918 0.46927277 0.92644687 0.47339278 0.92632394 0.47560739 0.92444303 0.47766713 0.92432010 0.47988173 0.92243870 0.48194201 0.92231577 0.48415661 0.91855391 0.48827666 0.91843098 0.49049127 0.91655006 0.49255101 0.91642713 0.49476562 0.91266482 0.49888563 0.91217307 0.50774461 0.91380857 0.51011412 0.91556656 0.51026898 0.91720161 0.51263844 0.91895960 0.51279330 0.92059465 0.51516277 0.91871371 0.51722308 0.91519774 0.51691335 0.91356271 0.51454332 0.90652987 0.51392380 0.90276801 0.51804386 0.90227626 0.52690284 0.89851443 0.53102233 0.89839147 0.53323750 0.89651011 0.53529720 0.89638718 0.53751181 0.89262531 0.54163186 0.89250238 0.54384647 0.89062102 0.54590617 0.89049809 0.54812077 0.88673623 0.55224083 0.88661330 0.55445543 0.88473235 0.55651574 0.88448649 0.56094495 0.88260557 0.56300469 0.88248264 0.56521930 0.88060125 0.56727957 0.88054131 0.56835938 0.98300977 0.56835938
0 0.54882812 0.86567445 0.48835721 0.80385003 0.48168646 0.80964883 0.54882812 0.87894926 0.54882812 0.86567445
0 0.51107204 0.80752748 0.51788816 0.79964978 0.50629057 0.78630827 0.49947444 0.79418597 0.51107204 0.80752748
0 0.48902526 0.85401884 0.49584125 0.84614308 0.48424365 0.83280158 0.47742766 0.84067733 0.48902526 0.85401884
0 0.52692843 0.78984048 0.53374455 0.78196278 0.52214696 0.76862127 0.51533084 0.77649897 0.52692843 0.78984048
0 0.54882812 0.82966265 0.53750870 0.81773045 0.53083794 0.82352924 0.54882812 0.84283785 0.54882812 0.82966265
0 0.09350328 0.98508187 0.08843106 0.96802047 0.04570398 0.98173942 0.05092143 0.99672385 0.09350328 0.98508187
0 0.54882812 0.92952880 0.55029417 0.92963132 0.55160210 0.91092699 0.55368101 0.91107236 0.55455297 0.89860281 0.54882812 0.89820249 0.54882812 0.92952880
0 0.91700009 0.56835938 0.92129903 0.58174787 0.96005805 0.59489961 0.97026088 0.56846490 0.96997617 0.56835938 0.91700009 0.56835938
