0 1.00000000 0.33995568 0.92692976 0.34216248 0.92409149 0.34068977 0.84317801 0.34313344 0.84033974 0.34166073 0.80527755 0.34271965 0.80739780 0.36603370 0.80484152 0.36766933 0.80710311 0.39253755 1.00000000 0.38671185 1.00000000 0.33995568
0 0.61174757 0.39843750 0.73158488 0.39481828 0.73144354 0.39326412 0.73399909 0.39162811 0.73669603 0.39154666 0.73953433 0.39301977 0.77729414 0.39187938 0.78013241 0.39335209 0.78282934 0.39327064 0.78212257 0.38549903 0.78467816 0.38386341 0.78100310 0.34345276 0.72975863 0.34500040 0.72692036 0.34352769 0.64870382 0.34588991 0.64586551 0.34441680 0.57034659 0.34669755 0.56750832 0.34522484 0.48929247 0.34758704 0.48645351 0.34611435 0.47566509 0.34644017 0.47778530 0.36975383 0.47522974 0.37138984 0.47768954 0.39843750 0.61174757 0.39843750
0 0.13530594 1.00000000 0.23092515 0.99023135 0.23067280 0.98084482 0.23181341 0.97837476 0.23175033 0.97602828 0.00784511 0.99890288 0.00787461 1.00000000 0.13530594 1.00000000
0 0.22916372 0.87981647 0.22853285 0.85635044 0.07926291 0.87160015 0.07799579 0.86937607 0.06114285 0.87109780 0.06139520 0.88048434 0.06025457 0.88295379 0.06031767 0.88530088 0.05917673 0.88777037 0.05075041 0.88863122 0.04960948 0.89110071 0.04118316 0.89196155 0.03991605 0.88973808 0.03953753 0.87565858 0.02870348 0.87676541 0.02743660 0.87454130 0.00456453 0.87687796 0.00689879 0.96370323 0.22839657 0.94107458 0.22808114 0.92934156 0.22922177 0.92687211 0.22802309 0.88228593 0.22916372 0.87981647
0 0.75222184 0.43550476 0.67601006 0.45702921 0.68509499 0.49264501 0.75941171 0.47431347 0.75222184 0.43550476
0 0.82348144 0.39843750 0.79957216 0.47323995 0.84351836 0.48537359 0.86302105 0.40494927 0.83601609 0.39843750 0.82348144 0.39843750
0 0.86765163 0.51298236 0.84376597 0.58848039 0.88289368 0.60705375 0.90970277 0.52830891 0.86765163 0.51298236
0 0.92126248 0.63082287 0.89093712 0.70150241 0.93336552 0.72402757 0.96136467 0.64831396 0.92126248 0.63082287
0 1.00000000 0.75904406 0.97503503 0.75174850 0.95109547 0.82621816 0.99639342 0.84446815 1.00000000 0.83033097 1.00000000 0.75904406
0 1.00000000 0.89571077 0.97700727 0.88776325 0.94705916 0.96564139 0.99322379 0.98075237 1.00000000 0.95694238 1.00000000 0.89571077
0 0.79483226 0.85503153 0.77205948 0.79435313 0.68096105 0.82696973 0.70589837 0.88959709 0.79483226 0.85503153
0 0.66813989 0.79876813 0.75691211 0.76111745 0.73105421 0.70060073 0.64336426 0.73922590 0.66813989 0.79876813
0 0.71601462 0.66942179 0.70260499 0.61031510 0.60842143 0.64309338 0.63433323 0.70463847 0.71601462 0.66942179
0 0.59441022 0.61186055 0.68540086 0.57718720 0.65851459 0.51672438 0.56855232 0.55134384 0.59441022 0.61186055
