0 0.58984375 0.00805723 0.46070732 0.10004475 0.47710772 0.13681802 0.42992269 0.17290359 0.44915252 0.20322819 0.52609532 0.15594576 0.51161838 0.11883333 0.53391001 0.09903667 0.58980632 0.06736484 0.58984375 0.06743396 0.58984375 0.00805723
0 0.91025230 0.00000000 0.80241603 0.08707201 0.84127710 0.15429433 0.99873439 0.02616576 0.98127538 0.00000000 0.91025230 0.00000000
0 0.58984375 0.86815625 0.52834021 0.87864189 0.52647146 0.88122307 0.54087502 0.96020485 0.58984375 0.95185625 0.58984375 0.86815625
0 0.53406765 0.96136542 0.51926392 0.88018929 0.37404325 0.90494772 0.38884698 0.98612385 0.53406765 0.96136542
0 0.30745639 1.00000000 0.36161811 0.99076606 0.34681437 0.90958993 0.34000701 0.91075050 0.33813826 0.91333169 0.08173286 0.95704582 0.07986383 0.95962647 0.04128962 0.96620293 0.04745304 1.00000000 0.30745639 1.00000000
0 0.02488559 0.87625160 0.03808883 0.94865142 0.19692423 0.92157183 0.19959323 0.92337881 0.34708283 0.89823355 0.34628269 0.89384596 0.34361358 0.89203842 0.32320862 0.78014800 0.32093969 0.78053482 0.31827011 0.77872795 0.03463612 0.82708423 0.04063753 0.85999289 0.03876866 0.86257409 0.03196141 0.86373465 0.03356171 0.87250984 0.03169284 0.87509104 0.02488559 0.87625160
0 0.58984375 0.72564121 0.50313407 0.74042420 0.52593967 0.86547854 0.58984375 0.85458364 0.58984375 0.72564121
0 0.37244296 0.89617253 0.49270368 0.87566948 0.49030304 0.86250557 0.49217189 0.85992495 0.50124818 0.85837754 0.50311762 0.85579682 0.51673177 0.85347577 0.49592653 0.73939042 0.39835624 0.75602502 0.39648749 0.75860620 0.37379705 0.76247466 0.37739791 0.78221996 0.37552848 0.78480068 0.35283804 0.78866914 0.37244296 0.89617253
0 0.00288013 0.75558486 0.01248250 0.80823938 0.04878767 0.80204977 0.04198602 0.76475296 0.04385488 0.76217175 0.04145434 0.74900841 0.00288013 0.75558486
0 0.49085698 0.72442010 0.47925415 0.66079603 0.33403347 0.68555446 0.34563631 0.74917853 0.49085698 0.72442010
0 0.58984375 0.70272428 0.57869319 0.64158025 0.48793026 0.65705427 0.50033335 0.72506649 0.58984375 0.70980602 0.58984375 0.70272428
0 0.31880751 0.75601454 0.31040546 0.70994197 0.30773646 0.70813500 0.30546695 0.70852193 0.30359809 0.71110255 0.25594771 0.71922638 0.25407885 0.72180701 0.24500198 0.72335451 0.24233298 0.72154754 0.23873211 0.70180224 0.11620246 0.72269211 0.11353278 0.72088468 0.04546087 0.73249014 0.05466317 0.78295086 0.05279420 0.78553150 0.05519485 0.79869541 0.05973293 0.79792172 0.06240211 0.79972867 0.31880751 0.75601454
0 0.61198862 0.73481125 0.61171043 0.73261745 0.61301008 0.73003679 0.61774356 0.72887625 0.61023175 0.66963978 0.61153141 0.66705912 0.60819283 0.64073187 0.59714799 0.64343983 0.59881724 0.65660317 0.59751763 0.65918382 0.60586409 0.72500224 0.60456444 0.72758290 0.60567729 0.73635865 0.61198862 0.73481125
0 0.58984375 0.59866931 0.59084048 0.60652930 0.59269656 0.60833681 0.59603513 0.63466407 0.60234646 0.63311667 0.60420247 0.63492362 0.60735818 0.63414991 0.60429780 0.61001645 0.60559741 0.60743581 0.60531922 0.60524201 0.60661876 0.60266080 0.60819662 0.60227395 0.60291059 0.56058954 0.60421025 0.55800889 0.59697664 0.50096622 0.59827624 0.49838546 0.59660695 0.48522178 0.59790655 0.48264102 0.59679369 0.47386527 0.58984375 0.47556925 0.58984375 0.58584018 0.59019258 0.58859095 0.58984375 0.58928380 0.58984375 0.59866931
