0 0.33705543 0.29969643 0.26160146 0.31277146 0.28570763 0.44497575 0.32004734 0.44148427 0.33065459 0.46329860 0.36593182 0.45644141 0.35726230 0.40930699 0.33705543 0.29969643
0 0.55141561 0.57657322 0.53996886 0.51652498 0.52568861 0.50957651 0.50246474 0.51597305 0.49868575 0.50067343 0.47572550 0.43987491 0.46319944 0.43984361 0.45222987 0.44150531 0.44143657 0.44407388 0.44531472 0.46402522 0.45076668 0.49449380 0.45654778 0.52955690 0.48274092 0.67249774 0.56249813 0.65699451 0.55310225 0.59977400 0.51583586 0.60654726 0.51006869 0.58413969 0.55141561 0.57657322
0 0.23892456 0.86708838 0.23756518 0.87290536 0.26686683 0.87406550 0.26610029 0.86840074 0.23892456 0.86708838
0 0.36435001 0.86214822 0.36511655 0.86781299 0.39571862 0.86724486 0.39495208 0.86158010 0.36435001 0.86214822
0 0.24365691 0.83406377 0.24229592 0.83988162 0.27159918 0.84104089 0.27083302 0.83537686 0.24365691 0.83406377
0 0.37061544 0.84045315 0.37138159 0.84611717 0.40198605 0.84554964 0.40121751 0.83988502 0.37061544 0.84045315
0 0.24306407 0.84554551 0.24170309 0.85136337 0.27100673 0.85252337 0.27024019 0.84685861 0.24306407 0.84554551
0 0.26923777 0.82813779 0.37965582 0.83244876 0.37888927 0.82678399 0.26847123 0.82247303 0.26923777 0.82813779
0 0.29481467 0.85162678 0.28329020 0.88432279 0.30792524 0.88500139 0.31691102 0.85167147 0.29481467 0.85162678
0 0.36748153 0.85130039 0.36825007 0.85696501 0.39885214 0.85639688 0.39808598 0.85073285 0.36748153 0.85130039
0 0.33599220 0.85438365 0.32027881 0.85388042 0.31389265 0.88375540 0.32960804 0.88425849 0.33599220 0.85438365
0 0.28991419 0.83808904 0.35531321 0.84073691 0.35413351 0.83428529 0.28914765 0.83242427 0.28991419 0.83808904
0 0.24939006 0.81976085 0.40228406 0.82510055 0.40151752 0.81943578 0.24820797 0.81330863 0.24939006 0.81976085
0 0.24205808 0.85624040 0.24069710 0.86205826 0.27000035 0.86321752 0.26923419 0.85755350 0.24205808 0.85624040
0 0.36334402 0.87284311 0.36411017 0.87850714 0.39471263 0.87793975 0.39394608 0.87227498 0.36334402 0.87284311
0 0.35808259 0.88384345 0.35885112 0.88950807 0.38945319 0.88893994 0.38868704 0.88327591 0.35808259 0.88384345
