0 0.00000000 0.00000000 0.00000000 0.08581897 0.15944169 0.11111977 0.17642325 0.08290916 0.22662083 0.08203534 0.24830913 0.02653707 0.20830974 0.01421312 0.20801045 0.00000000 0.00000000 0.00000000
0 0.76399029 0.28906250 0.43945312 0.25348964 0.43945312 0.26041605 0.70079953 0.28906250 0.76399029 0.28906250
0 0.43945312 0.23617392 0.79141011 0.27475230 0.79368634 0.26922999 0.79628321 0.26836033 0.80493301 0.24737522 0.80752988 0.24650557 0.81208233 0.23546095 0.54650124 0.20635033 0.54481438 0.20501083 0.51482963 0.20172417 0.51300863 0.20614208 0.51041175 0.20701173 0.50995642 0.20811642 0.50735900 0.20898602 0.49236689 0.20734272 0.48976947 0.20821231 0.47477737 0.20656901 0.47309040 0.20522980 0.47582184 0.19860309 0.45654589 0.19649023 0.45485947 0.19515078 0.43945312 0.19346207 0.43945312 0.23617392
0 0.25199551 1.00000000 0.25388516 0.98561777 0.23373594 0.97868908 0.23241382 0.97539548 0.23455529 0.95909665 0.21272708 0.95159060 0.21140454 0.94829686 0.21318904 0.93471497 0.19136082 0.92720892 0.19003871 0.92391532 0.19182330 0.91033273 0.19050118 0.90703914 0.16867297 0.89953309 0.16735043 0.89623935 0.16913502 0.88265676 0.14898580 0.87572806 0.14634157 0.86914087 0.14776919 0.85827522 0.14644707 0.85498163 0.11958145 0.84574336 0.11825900 0.84244892 0.12040038 0.82615079 0.11032598 0.82268652 0.10900387 0.81939292 0.10732444 0.81881542 0.10482618 0.83782979 0.10279022 0.83996937 0.09775280 0.83823716 0.09703904 0.84366964 0.09500307 0.84580922 0.09357555 0.85667418 0.09153958 0.85881376 0.09046885 0.86696317 0.08843297 0.86910206 0.08700536 0.87996771 0.08496905 0.88210645 0.08389831 0.89025586 0.08186244 0.89239475 0.08079171 0.90054416 0.07875583 0.90268305 0.07732821 0.91354870 0.07529191 0.91568744 0.07457805 0.92112061 0.07254218 0.92325950 0.07218530 0.92597574 0.07014933 0.92811532 0.06943557 0.93354779 0.06739969 0.93568668 0.06668584 0.94111985 0.06464996 0.94325874 0.06393611 0.94869191 0.06189980 0.95083065 0.20488830 1.00000000 0.25199551 1.00000000
0 0.00000000 0.88942390 0.00176853 0.88756605 0.00248229 0.88213357 0.00451839 0.87999403 0.00523215 0.87456155 0.00726821 0.87242200 0.00798197 0.86698952 0.01001793 0.86485067 0.01073178 0.85941749 0.01276757 0.85727858 0.01348143 0.85184540 0.01551773 0.84970667 0.01623149 0.84427419 0.01826737 0.84213530 0.01898122 0.83670213 0.02101710 0.83456324 0.02173095 0.82913007 0.02376726 0.82699133 0.02483799 0.81884192 0.02687387 0.81670303 0.02758772 0.81126986 0.02962360 0.80913097 0.03033736 0.80369849 0.03237324 0.80155961 0.03308709 0.79612644 0.03512296 0.79398755 0.03583682 0.78855438 0.03787313 0.78641564 0.03858689 0.78098316 0.04062285 0.77884358 0.04133662 0.77341110 0.04337258 0.77127152 0.04408635 0.76583904 0.04612265 0.76370030 0.04683650 0.75826713 0.04011967 0.75595741 0.03879755 0.75266382 0.01864842 0.74573515 0.01829154 0.74845139 0.01625549 0.75059094 0.01554172 0.75602342 0.01350576 0.75816228 0.01279191 0.76359545 0.01075591 0.76573429 0.01004205 0.77116747 0.00800605 0.77330631 0.00729229 0.77873879 0.00525632 0.78087764 0.00454247 0.78631082 0.00250651 0.78844967 0.00143577 0.79659909 0.00000000 0.79810738 0.00000000 0.88942390
0 0.39590277 1.00000000 0.40013740 0.96777003 0.39677899 0.96661517 0.39545687 0.96332158 0.39581385 0.96060465 0.39449173 0.95731105 0.39591935 0.94644540 0.36065832 0.93432021 0.35933578 0.93102647 0.36112028 0.91744458 0.34097106 0.91051588 0.33964894 0.90722229 0.34000592 0.90450535 0.33868380 0.90121176 0.34011142 0.89034611 0.31156680 0.88053049 0.31024426 0.87723675 0.31202885 0.86365416 0.27844681 0.85210633 0.27712470 0.84881273 0.27926608 0.83251460 0.27794406 0.82922031 0.26451124 0.82460118 0.26247528 0.82674076 0.25072146 0.82269898 0.24939944 0.81940469 0.25154081 0.80310656 0.22803318 0.79502301 0.22671106 0.79172941 0.22849556 0.77814752 0.21170433 0.77237353 0.21038231 0.76907924 0.20198691 0.76619232 0.20066479 0.76289873 0.20209241 0.75203307 0.19944776 0.74544574 0.16586572 0.73389791 0.16454370 0.73060362 0.16632820 0.71702173 0.13778358 0.70720611 0.13742670 0.70992235 0.13539039 0.71206108 0.13467654 0.71749426 0.13264066 0.71963314 0.13192681 0.72506632 0.12989093 0.72720520 0.12917717 0.73263768 0.12714077 0.73477711 0.12642701 0.74020959 0.12439104 0.74234917 0.12367728 0.74778165 0.12164141 0.74992054 0.12057067 0.75806995 0.11853480 0.76020884 0.11782094 0.76564201 0.11578507 0.76778090 0.11507130 0.77321338 0.13186211 0.77898722 0.13318413 0.78228151 0.13139963 0.79586340 0.15658626 0.80452431 0.15790837 0.80781790 0.15612379 0.82140049 0.17795243 0.82890669 0.17927454 0.83220028 0.17713316 0.84849842 0.20231980 0.85715932 0.20364182 0.86045361 0.20150044 0.87675175 0.22500765 0.88483515 0.22633019 0.88812889 0.22418872 0.90442772 0.24769593 0.91251113 0.24901804 0.91580472 0.24723354 0.92938662 0.26906176 0.93689267 0.27170632 0.94348070 0.26992182 0.95706259 0.29342903 0.96514600 0.29475158 0.96843974 0.29296699 0.98202233 0.30639980 0.98664146 0.30843577 0.98450188 0.31683117 0.98738880 0.31815319 0.99068309 0.31692906 1.00000000 0.39590277 1.00000000
0 0.18203198 0.59749954 0.17999610 0.59963842 0.17928225 0.60507160 0.17724594 0.60721034 0.17653218 0.61264282 0.17449621 0.61478240 0.17378245 0.62021487 0.17174648 0.62235445 0.17138960 0.62507069 0.16935330 0.62720943 0.16863954 0.63264191 0.16660357 0.63478149 0.16588981 0.64021397 0.16385384 0.64235355 0.16314008 0.64778603 0.16110420 0.64992491 0.16039035 0.65535809 0.18053957 0.66228679 0.18186168 0.66558038 0.18007718 0.67916227 0.20526381 0.68782318 0.20658593 0.69111678 0.20622896 0.69383371 0.20755107 0.69712731 0.20576657 0.71070920 0.23263220 0.71994746 0.23395474 0.72324120 0.23217015 0.73682379 0.25903578 0.74606206 0.26035789 0.74935565 0.25928716 0.75750506 0.26060927 0.76079866 0.25989541 0.76623183 0.28676104 0.77547009 0.28808315 0.77876369 0.28629866 0.79234558 0.29805247 0.79638736 0.29937459 0.79968095 0.31280740 0.80430008 0.31412942 0.80759437 0.31234493 0.82117627 0.33417357 0.82868247 0.33549568 0.83197606 0.33885367 0.83313077 0.34017621 0.83642451 0.33874860 0.84729016 0.36729322 0.85710578 0.36861533 0.86039938 0.36611698 0.87941444 0.36743952 0.88270819 0.39262572 0.89136895 0.39394817 0.89466338 0.39252056 0.90552904 0.40259495 0.90899331 0.40391707 0.91228691 0.40727548 0.91344176 0.42083788 0.81021771 0.40740507 0.80559858 0.40476042 0.79901124 0.40654491 0.78542935 0.37967929 0.77619108 0.37835727 0.77289679 0.38014176 0.75931490 0.37678335 0.75816005 0.37546123 0.75486645 0.35363302 0.74736040 0.35231091 0.74406681 0.35409540 0.73048491 0.33730417 0.72471093 0.33598215 0.72141664 0.33740977 0.71055098 0.33608765 0.70725739 0.31761743 0.70090604 0.31629532 0.69761245 0.30118308 0.69241582 0.29986096 0.68912222 0.30164555 0.67553964 0.28149633 0.66861094 0.28017422 0.66531734 0.27849523 0.66473999 0.27717269 0.66144625 0.27860030 0.65058059 0.27727828 0.64728630 0.25377107 0.63920290 0.25244853 0.63590915 0.25423303 0.62232726 0.23912122 0.61713078 0.23779911 0.61383718 0.23276169 0.61210497 0.23143967 0.60881068 0.23322417 0.59522879 0.21811236 0.59003230 0.21678982 0.58673856 0.19328261 0.57865515 0.19196050 0.57536156 0.19028107 0.57478406 0.18824520 0.57692294 0.18753134 0.58235612 0.18549547 0.58449500 0.18478171 0.58992748 0.18274583 0.59206636 0.18203198 0.59749954
0 0.43945312 0.59800519 0.40634204 0.58661931 0.40501950 0.58332557 0.40716088 0.56702743 0.37022086 0.55432489 0.36889884 0.55103061 0.37068333 0.53744871 0.36936079 0.53415497 0.33242077 0.52145243 0.33109866 0.51815884 0.33288324 0.50457625 0.28250998 0.48725443 0.28118787 0.48396084 0.28297237 0.47037895 0.28165034 0.46708466 0.28200723 0.46436842 0.23835037 0.44935616 0.23763651 0.45478934 0.23560064 0.45692822 0.23524376 0.45964446 0.23320736 0.46178390 0.23249360 0.46721638 0.23045772 0.46935526 0.23010084 0.47207150 0.22806488 0.47421108 0.22735111 0.47964356 0.22531515 0.48178314 0.22460138 0.48721562 0.22256551 0.48935450 0.22220863 0.49207074 0.22017223 0.49421017 0.21945847 0.49964265 0.21742250 0.50178223 0.21706562 0.50449847 0.21502974 0.50663736 0.21431598 0.51206984 0.21227958 0.51420927 0.21156582 0.51964175 0.20952986 0.52178133 0.20917297 0.52449757 0.20713710 0.52663645 0.23232373 0.53529736 0.23364584 0.53859096 0.23150437 0.55488979 0.25837000 0.56412805 0.26101422 0.57071524 0.25958661 0.58158089 0.28981065 0.59197401 0.29113268 0.59526830 0.28899130 0.61156643 0.31417793 0.62022734 0.31682249 0.62681537 0.31503800 0.64039727 0.34526161 0.65079024 0.34658372 0.65408383 0.34479922 0.66766572 0.34612134 0.67095932 0.36794998 0.67846552 0.36927200 0.68175981 0.36784439 0.69262546 0.37791921 0.69608988 0.37924133 0.69938348 0.39771112 0.70573467 0.40035578 0.71232201 0.39857119 0.72590460 0.41872041 0.73283330 0.42075628 0.73069441 0.42579370 0.73242662 0.42711581 0.73572021 0.42461746 0.75473528 0.42797588 0.75589014 0.43945312 0.66853627 0.43945312 0.59800519
0 0.12717256 0.41396449 0.12513660 0.41610407 0.12442283 0.42153655 0.12238687 0.42367613 0.12167311 0.42910861 0.11963723 0.43124749 0.11892338 0.43668067 0.11688750 0.43881955 0.11617365 0.44425273 0.11413734 0.44639147 0.11342358 0.45182395 0.11138770 0.45396283 0.11067385 0.45939600 0.10863797 0.46153489 0.10792412 0.46696806 0.10588781 0.46910680 0.10721036 0.47240054 0.10888935 0.47297790 0.11021146 0.47627149 0.10949761 0.48170467 0.10746173 0.48384355 0.10674788 0.48927672 0.10471201 0.49141561 0.10435513 0.49413185 0.10231882 0.49627059 0.10160497 0.50170376 0.09956909 0.50384264 0.09885524 0.50927582 0.09681936 0.51141471 0.09610560 0.51684719 0.09406963 0.51898677 0.09335587 0.52441924 0.09131990 0.52655883 0.09060614 0.53199130 0.08856984 0.53413004 0.08821295 0.53684628 0.08617699 0.53898586 0.08546322 0.54441834 0.08342726 0.54655792 0.08271350 0.55199040 0.08067719 0.55412913 0.07996334 0.55956231 0.07792746 0.56170119 0.07721361 0.56713437 0.07517773 0.56927325 0.07446397 0.57470573 0.07242809 0.57684462 0.07207112 0.57956155 0.07003525 0.58170044 0.06932139 0.58713361 0.06728509 0.58927235 0.06657132 0.59470483 0.06453545 0.59684371 0.06382160 0.60227689 0.06178572 0.60441577 0.06142875 0.60713271 0.05939244 0.60927144 0.05867868 0.61470392 0.05664280 0.61684281 0.05592895 0.62227598 0.05389308 0.62441487 0.05317922 0.62984804 0.05114335 0.63198693 0.05042958 0.63741941 0.04839362 0.63955899 0.04767985 0.64499146 0.04564346 0.64713090 0.04492970 0.65256338 0.04289382 0.65470226 0.04253694 0.65741850 0.04050097 0.65955808 0.03978721 0.66499056 0.03775081 0.66712999 0.03703705 0.67256247 0.03500126 0.67470139 0.03428741 0.68013456 0.03225145 0.68227342 0.03153759 0.68770659 0.02950163 0.68984545 0.02878787 0.69527792 0.02675186 0.69741677 0.02639489 0.70013370 0.02435889 0.70227254 0.02400200 0.70498878 0.03575574 0.70903053 0.03779162 0.70689164 0.05961983 0.71439769 0.06033368 0.70896452 0.06236999 0.70682579 0.06308375 0.70139331 0.06511963 0.69925442 0.06583348 0.69382125 0.06786935 0.69168236 0.06858321 0.68624919 0.07061951 0.68411045 0.07097639 0.68139421 0.07301227 0.67925533 0.07372612 0.67382215 0.07576200 0.67168327 0.07647585 0.66625009 0.07851173 0.66411121 0.07922549 0.65867873 0.08126146 0.65653915 0.08197522 0.65110667 0.08401162 0.64896724 0.08472538 0.64353476 0.08676125 0.64139587 0.08747511 0.63596270 0.08951098 0.63382381 0.09022484 0.62839064 0.09226114 0.62625190 0.09297491 0.62081942 0.09501078 0.61868054 0.09572463 0.61324736 0.09776051 0.61110848 0.09847436 0.60567530 0.10051024 0.60353642 0.10086712 0.60082018 0.10290300 0.59868129 0.10361685 0.59324812 0.10565315 0.59110938 0.10636701 0.58567621 0.10840288 0.58353732 0.10911664 0.57810484 0.11115261 0.57596526 0.11186638 0.57053278 0.11390277 0.56839335 0.11461654 0.56296087 0.11665241 0.56082199 0.11736626 0.55538881 0.11940214 0.55324993 0.12011599 0.54781675 0.12215187 0.54567787 0.12286563 0.54024539 0.12490151 0.53810651 0.12525848 0.53538957 0.12729478 0.53325083 0.12800864 0.52781766 0.13004451 0.52567877 0.13075828 0.52024629 0.13279415 0.51810741 0.13350801 0.51267424 0.13554431 0.51053550 0.13625816 0.50510233 0.13829404 0.50296344 0.13900780 0.49753096 0.14104377 0.49539138 0.14175753 0.48995890 0.14379350 0.48781932 0.14415038 0.48510308 0.14618626 0.48296420 0.15290309 0.48527391 0.15493897 0.48313503 0.15661796 0.48371238 0.15865384 0.48157349 0.15936769 0.47614032 0.16140356 0.47400143 0.16211742 0.46856826 0.16415372 0.46642953 0.16486749 0.46099705 0.16690345 0.45885747 0.16726033 0.45614123 0.16929621 0.45400234 0.17001006 0.44856917 0.17204637 0.44643043 0.17276013 0.44099795 0.17479610 0.43885837 0.17550986 0.43342589 0.17754583 0.43128631 0.17861647 0.42313759 0.17190006 0.42082803 0.17057795 0.41753443 0.16721953 0.41637958 0.16589751 0.41308529 0.16732513 0.40221963 0.16936100 0.40008075 0.13745839 0.38911042 0.13338621 0.39338804 0.13267236 0.39882122 0.13063648 0.40096010 0.12992263 0.40639328 0.12788632 0.40853201 0.12717256 0.41396449
0 0.43945312 0.38506975 0.41799759 0.37769185 0.41667550 0.37439805 0.41738930 0.36896529 0.41606722 0.36567149 0.41678102 0.36023866 0.35633337 0.33945257 0.35501127 0.33615883 0.35608199 0.32800956 0.29395490 0.30664596 0.29359800 0.30936238 0.29156210 0.31150143 0.29084829 0.31693426 0.28881240 0.31907329 0.28809858 0.32450618 0.28606269 0.32664521 0.28534888 0.33207803 0.28331255 0.33421698 0.28224184 0.34236618 0.28020594 0.34450528 0.27949214 0.34993803 0.27745624 0.35207713 0.27674243 0.35750995 0.27470610 0.35964883 0.27399229 0.36508173 0.27195639 0.36722075 0.27088566 0.37537017 0.26884978 0.37750905 0.26813593 0.38294222 0.26610005 0.38508111 0.26538629 0.39051359 0.26335041 0.39265247 0.26263656 0.39808565 0.26060026 0.40022439 0.27067508 0.40368881 0.27199710 0.40698310 0.28878833 0.41275709 0.29011045 0.41605068 0.30690125 0.42182452 0.30954590 0.42841186 0.30740443 0.44471068 0.35274029 0.46030029 0.35406240 0.46359389 0.35192093 0.47989271 0.36871173 0.48566655 0.37003384 0.48896015 0.39186249 0.49646635 0.39318460 0.49975994 0.39140010 0.51334183 0.43841495 0.52950879 0.43945312 0.53209578 0.43945312 0.38506975
0 0.18219262 0.28906250 0.18195817 0.29084686 0.17992228 0.29298588 0.17920846 0.29841878 0.17717257 0.30055780 0.17681567 0.30327418 0.17477934 0.30541313 0.17406553 0.31084596 0.17202963 0.31298498 0.17167272 0.31570143 0.17335172 0.31627878 0.17467423 0.31957273 0.18306963 0.32245965 0.18439173 0.32575339 0.19110814 0.32806295 0.19243023 0.33135669 0.20250505 0.33482111 0.20286196 0.33210473 0.20489785 0.32996571 0.20561167 0.32453281 0.20764756 0.32239379 0.20836137 0.31696096 0.21039727 0.31482186 0.21111107 0.30938911 0.21314740 0.30725016 0.21386121 0.30181733 0.21589710 0.29967831 0.21625401 0.29696186 0.21828992 0.29482277 0.21900371 0.28939001 0.21931552 0.28906250 0.18219262 0.28906250
0 0.92778792 0.79081423 0.89424187 0.78240246 0.89033936 0.81126999 0.92392400 0.82029344 0.92778792 0.79081423
0 0.63677505 0.30300943 0.59827891 0.29277289 0.57755638 0.42713647 0.61631992 0.43743302 0.63677505 0.30300943
0 0.75617110 0.37962964 0.71386175 0.36296204 0.69744040 0.46396422 0.74048379 0.47906749 0.75617110 0.37962964
0 0.72511460 0.28906250 0.71709091 0.33925842 0.76068228 0.35680989 0.76827171 0.30091066 0.72744164 0.28906250 0.72511460 0.28906250
