0 0.14927485 0.67968750 0.27403471 0.60200123 0.26154015 0.56423362 0.12217938 0.64857557 0.12932482 0.67968750 0.14927485 0.67968750
0 0.52994792 0.34327489 0.46423448 0.38780160 0.46745643 0.40873533 0.47672904 0.42556921 0.50717810 0.41502463 0.51654943 0.44986482 0.52994792 0.44671243 0.52994792 0.34327489
0 0.77581930 0.00000000 0.67647705 0.05875909 0.52994792 0.12277979 0.52994792 0.24390503 0.63316408 0.67968750 0.89504372 0.67968750 0.96953588 0.63442840 0.82323953 0.00000000 0.77581930 0.00000000
0 0.52994792 0.65983562 0.53049608 0.66318812 0.59959029 0.62075108 0.52994792 0.31988300 0.52994792 0.65983562
0 0.15290805 1.00000000 0.15374825 0.99918729 0.15048851 0.99065315 0.14800594 0.98971552 0.14754030 0.98849645 0.10719874 0.99412579 0.10813002 0.99656394 0.10657885 0.99806444 0.10731816 1.00000000 0.15290805 1.00000000
0 0.08819714 1.00000000 0.08423437 0.98962532 0.08020027 0.99018824 0.07771755 0.98925064 0.05149589 0.99290966 0.05420415 1.00000000 0.08819714 1.00000000
0 0.00000000 0.85809125 0.04730486 0.98193737 0.04932192 0.98165591 0.05180461 0.98259352 0.10223105 0.97555691 0.10471362 0.97649454 0.14707158 0.97058383 0.13403273 0.93644757 0.13558401 0.93494705 0.11975107 0.89349573 0.12130286 0.89199514 0.10593568 0.85176320 0.10748696 0.85026268 0.09631080 0.82100303 0.08622567 0.82241033 0.08374310 0.82147270 0.02323127 0.82991664 0.02074848 0.82897871 0.00000000 0.83187400 0.00000000 0.85809125
0 0.09506798 0.81218745 0.09413669 0.80974929 0.09568837 0.80824839 0.08590926 0.78264628 0.07985798 0.78349069 0.07737489 0.78255313 0.02896564 0.78930825 0.02989692 0.79174640 0.02834575 0.79324691 0.03812498 0.81884933 0.07241463 0.81406449 0.07489771 0.81500204 0.09506798 0.81218745
0 0.06014797 0.75413782 0.06433900 0.76511011 0.06278772 0.76661063 0.05068514 0.76829945 0.04913386 0.76979996 0.05146232 0.77589596 0.05394489 0.77683359 0.08218388 0.77289306 0.08078683 0.76923553 0.08233811 0.76773501 0.09444016 0.76604627 0.08605798 0.74410137 0.08760978 0.74260078 0.08295308 0.73040936 0.08450433 0.72890874 0.09660638 0.72722000 0.09194965 0.71502848 0.09350142 0.71352782 0.09117305 0.70743205 0.09272430 0.70593144 0.10482635 0.70424269 0.10249799 0.69814695 0.03190103 0.70799818 0.03034978 0.70949878 0.04338860 0.74363496 0.04183744 0.74513579 0.04556283 0.75488901 0.05766540 0.75320019 0.06014797 0.75413782
0 0.78358991 1.00000000 0.90688411 0.98060300 0.89697111 0.95134335 0.81646258 0.96400918 0.81687560 0.96522826 0.81549965 0.96672878 0.78866332 0.97095075 0.79320681 0.98436150 0.85045739 0.97535467 0.85265983 0.97629222 0.85389899 0.97994976 0.85252258 0.98145035 0.84536625 0.98257620 0.84316427 0.98163857 0.78412472 0.99092685 0.78137236 0.99392796 0.76705971 0.99617967 0.76835402 1.00000000 0.78358991 1.00000000
0 0.65682149 0.98784034 0.65888668 0.99393602 0.67319932 0.99168431 0.67540130 0.99262194 0.67622744 0.99506040 0.69411848 0.99224573 0.68750981 0.97273930 0.67677510 0.97442812 0.67457301 0.97349017 0.67374698 0.97105203 0.65227801 0.97442959 0.65007592 0.97349165 0.64966290 0.97227257 0.64746046 0.97133502 0.64567150 0.97161646 0.64429555 0.97311698 0.64759988 0.98287020 0.65117782 0.98230730 0.65338025 0.98324486 0.65461941 0.98690240 0.65682149 0.98784034
0 0.65791896 0.96326907 0.66012094 0.96420670 0.67085566 0.96251788 0.67305764 0.96345551 0.67347076 0.96467490 0.68241651 0.96326753 0.67745990 0.94863739 0.67883585 0.94713687 0.67759680 0.94347965 0.65433841 0.94713873 0.65213632 0.94620079 0.65131029 0.94376264 0.62984132 0.94714020 0.63521084 0.96298910 0.63741328 0.96392665 0.63920225 0.96364521 0.64140423 0.96458284 0.64181735 0.96580222 0.65791896 0.96326907
0 0.75149665 0.91130738 0.75190967 0.91252646 0.75053372 0.91402697 0.73622107 0.91627868 0.73663409 0.91749776 0.73525768 0.91899835 0.72989078 0.91984268 0.72851494 0.92134352 0.70346758 0.92528404 0.70470673 0.92894157 0.70828466 0.92837868 0.71048710 0.92931624 0.71833482 0.95247989 0.82746863 0.93531064 0.82705561 0.93409157 0.82843156 0.93259105 0.83022053 0.93230960 0.83159694 0.93080901 0.88884752 0.92180218 0.89104951 0.92273981 0.89641686 0.92189540 0.88443868 0.88654007 0.88223659 0.88560213 0.88086029 0.88710304 0.82718809 0.89554690 0.82760111 0.89676598 0.82622516 0.89826650 0.75287250 0.90980655 0.75149665 0.91130738
0 0.65062095 0.93616613 0.65282350 0.93710400 0.65323652 0.93832307 0.67470548 0.93494551 0.66809682 0.91543908 0.64662785 0.91881664 0.64442541 0.91787908 0.64359927 0.91544062 0.62034133 0.91909963 0.62158049 0.92275716 0.62378292 0.92369472 0.62873943 0.93832454 0.64126265 0.93635435 0.64346509 0.93729191 0.65062095 0.93616613
0 0.77420035 0.87820043 0.77006988 0.86600875 0.75933516 0.86769757 0.76429167 0.88232739 0.76649365 0.88326502 0.76979798 0.89301824 0.78053270 0.89132942 0.77640233 0.87913806 0.77420035 0.87820043
0 0.75217668 0.85213012 0.75589403 0.86310241 0.76841771 0.86113215 0.76759168 0.85869400 0.76538924 0.85775644 0.76291094 0.85044137 0.75217668 0.85213012
0 0.65185579 0.90643705 0.65405777 0.90737468 0.65447078 0.90859375 0.66520550 0.90690493 0.65942286 0.88983665 0.65722088 0.88889902 0.64854702 0.86329691 0.62171070 0.86751888 0.61950872 0.86658125 0.59267239 0.87080322 0.60630274 0.91103515 0.61703700 0.90934641 0.61923944 0.91028397 0.64070795 0.90690648 0.64291050 0.90784435 0.65185579 0.90643705
0 0.77378029 0.82690120 0.77667161 0.83543534 0.77529566 0.83693586 0.76992830 0.83778027 0.77281962 0.84631441 0.77818698 0.84547000 0.78038896 0.84640763 0.78369329 0.85616085 0.78906019 0.85531651 0.79126263 0.85625407 0.79497998 0.86722636 0.79360357 0.86872695 0.78823667 0.86957128 0.79236714 0.88176296 0.79594508 0.88120007 0.79814706 0.88213770 0.80103838 0.89067184 0.82966367 0.88616842 0.82925066 0.88494935 0.83062696 0.88344845 0.88072122 0.87556747 0.85759088 0.80729496 0.84148926 0.80982811 0.84231540 0.81226657 0.84093899 0.81376716 0.78368841 0.82277399 0.78410153 0.82399338 0.78272558 0.82549390 0.77378029 0.82690120
0 0.56789670 0.84773429 0.57078791 0.85626812 0.57299013 0.85720604 0.57464220 0.86208234 0.60326758 0.85757891 0.59831118 0.84294940 0.56789670 0.84773429
0 0.72450990 0.82052702 0.77997106 0.81180170 0.77914492 0.80936324 0.78052133 0.80786265 0.80377926 0.80420364 0.80598125 0.80514127 0.81313757 0.80401542 0.81231154 0.80157727 0.81368749 0.80007675 0.85841439 0.79304019 0.85387091 0.77962944 0.66243961 0.80974597 0.66987441 0.83169086 0.70565603 0.82606159 0.70785801 0.82699922 0.72217066 0.82474751 0.72175764 0.82352844 0.72450990 0.82052702
0 0.54876208 0.81350450 0.55743604 0.83910693 0.63794479 0.82644106 0.63009697 0.80327709 0.62651857 0.80384005 0.62431649 0.80290212 0.62349046 0.80046397 0.62170149 0.80074541 0.62032508 0.80224600 0.61812310 0.80130837 0.61729707 0.79887023 0.60656281 0.80055897 0.60436027 0.79962110 0.60394725 0.79840203 0.59321300 0.80009077 0.59362601 0.80130985 0.59225017 0.80281068 0.56541384 0.80703265 0.56623987 0.80947079 0.56486392 0.81097132 0.54876208 0.81350450
0 0.66463943 0.79399029 0.66326302 0.79549088 0.65968509 0.79605377 0.66092424 0.79971131 0.85772335 0.76875029 0.85235384 0.75290140 0.65555472 0.78386241 0.65596774 0.78508148 0.65459179 0.78658200 0.65500480 0.78780108 0.65858274 0.78723819 0.66298726 0.78911368 0.66463943 0.79399029
0 0.84781035 0.73949065 0.84450602 0.72973743 0.81766969 0.73395940 0.81546771 0.73302177 0.75284977 0.74287301 0.75147336 0.74437360 0.75188637 0.74559267 0.75051053 0.74709351 0.74156524 0.74850080 0.73936315 0.74756286 0.73853712 0.74512472 0.64550492 0.75976081 0.64715709 0.76463742 0.64935907 0.76557505 0.65307642 0.77654734 0.84808611 0.74586785 0.84643394 0.74099124 0.84781035 0.73949065
0 0.52994792 0.78578284 0.53403412 0.79784385 0.53623624 0.79878146 0.54518167 0.79737414 0.54476865 0.79615506 0.54752063 0.79315369 0.61192745 0.78302102 0.61412943 0.78395864 0.62486414 0.78226983 0.62624009 0.78076931 0.61963142 0.76126288 0.60352981 0.76379603 0.60435595 0.76623449 0.60298000 0.76773501 0.56361999 0.77392724 0.56527216 0.77880385 0.56389621 0.78030437 0.52994792 0.78564521 0.52994792 0.78578284
