0 0.13568002 0.21740889 0.12757157 0.21196642 0.05150409 0.21595295 0.05814830 0.34273209 0.09140814 0.34294482 0.09920164 0.37969668 0.14016105 0.37755009 0.13568002 0.21740889
0 0.37768148 0.46875000 0.37328659 0.38489055 0.33407319 0.38303403 0.32802570 0.34227905 0.26941003 0.34339516 0.26755351 0.38260857 0.24845790 0.39143255 0.25019562 0.42459017 0.18993616 0.43165984 0.19187997 0.46875000 0.37768148 0.46875000
0 0.68735124 0.22908379 0.68143691 0.23565233 0.76573759 0.29173520 0.76957275 0.28527563 0.68735124 0.22908379
0 0.70596658 0.22602332 0.76870041 0.26863051 0.77636683 0.25571157 0.71571607 0.21299521 0.70596658 0.22602332
0 0.89043067 0.40202644 0.83196806 0.36128029 0.82232959 0.37638942 0.88068313 0.41505444 0.89043067 0.40202644
0 0.66062396 0.27638140 0.65284653 0.28721930 0.70266143 0.32216008 0.71043691 0.31132228 0.66062396 0.27638140
0 0.59960938 0.79318583 0.58009906 0.79409175 0.57763699 0.79212763 0.52150065 0.79473421 0.51903921 0.79277059 0.46524173 0.79526856 0.46278029 0.79330494 0.46044143 0.79341354 0.46080919 0.79963073 0.45859230 0.80181158 0.46202461 0.85983742 0.45980832 0.86201823 0.46324063 0.92004407 0.46102437 0.92222542 0.46237275 0.94502089 0.46015646 0.94720171 0.42740997 0.94872222 0.42998422 0.99224200 0.59960938 0.98436580 0.59960938 0.79318583
0 0.26290458 1.00000000 0.37150902 0.99495718 0.36819928 0.93900356 0.37041557 0.93682274 0.36845425 0.90366512 0.37067051 0.90148377 0.40341701 0.89996325 0.40563330 0.89778243 0.40797216 0.89767383 0.40184305 0.79405653 0.39248759 0.79449093 0.39002555 0.79252734 0.32219429 0.79567695 0.31973282 0.79371280 0.25190096 0.79686243 0.24943952 0.79489881 0.21903249 0.79631070 0.21657105 0.79434708 0.21878731 0.79216573 0.21780665 0.77558692 0.11021229 0.78058285 0.11156071 0.80337884 0.10934385 0.80556022 0.11240841 0.85736887 0.11019212 0.85954969 0.11166311 0.88441791 0.10944682 0.88659872 0.03927621 0.88985696 0.04185044 0.93337620 0.03963406 0.93555755 0.03729508 0.93566616 0.03483343 0.93370202 0.01144329 0.93478809 0.01530066 1.00000000 0.26290458 1.00000000
0 0.45591567 0.67725327 0.45947056 0.73735133 0.45725430 0.73953268 0.45737687 0.74160489 0.48310618 0.74041021 0.48556762 0.74237382 0.56977213 0.73846396 0.57223357 0.74042758 0.57260132 0.74664476 0.57038503 0.74882559 0.57099794 0.75918721 0.57333680 0.75907861 0.57579827 0.76104276 0.59918871 0.75995667 0.58668528 0.54857657 0.56563430 0.54955403 0.56317226 0.54759044 0.56194642 0.52686666 0.51750500 0.52893021 0.51504356 0.52696659 0.45422950 0.52979036 0.45557791 0.55258636 0.45336162 0.55476718 0.45679393 0.61279302 0.45457704 0.61497387 0.45813196 0.67507245 0.45591567 0.67725327
0 0.00000000 0.72959356 0.02971479 0.72821382 0.03217641 0.73017743 0.06726147 0.72854832 0.06972351 0.73051191 0.07082675 0.74916294 0.07784334 0.74883714 0.08030481 0.75080129 0.13878061 0.74808609 0.14124205 0.75004970 0.19737839 0.74744313 0.19983983 0.74940675 0.21387422 0.74875509 0.21264841 0.72803184 0.21486467 0.72585049 0.24059397 0.72465580 0.24305544 0.72661995 0.25007263 0.72629412 0.25253407 0.72825774 0.25375992 0.74898152 0.34264215 0.74485446 0.34510419 0.74681804 0.40124053 0.74421147 0.39756304 0.68204066 0.39977933 0.67985985 0.39597927 0.61561682 0.39819555 0.61343600 0.39746004 0.60100163 0.39278231 0.60121883 0.39032028 0.59925524 0.36225270 0.60055850 0.35979067 0.59859491 0.35721644 0.55507566 0.35943330 0.55289429 0.35833006 0.53424326 0.35599060 0.53435188 0.35352916 0.53238827 0.29271449 0.53521207 0.29025305 0.53324845 0.21540460 0.53672389 0.21294316 0.53476027 0.13809471 0.53823571 0.13563324 0.53627155 0.06078478 0.53974699 0.05832334 0.53778337 0.00000000 0.54049150 0.00000000 0.72959356
