0 0.25000000 0.16753520 0.24682762 0.16694609 0.22083491 0.20745512 0.21646614 0.22659161 0.25000000 0.23109129 0.25000000 0.16753520
0 0.25000000 0.33484212 0.04513583 0.28726094 0.02979790 0.28924853 0.02505646 0.30710686 0.02958242 0.31580554 0.16032303 0.34794207 0.25000000 0.36554624 0.25000000 0.33484212
0 0.58982189 0.43880208 0.57852497 0.38308590 0.53980749 0.38677672 0.53453618 0.37552173 0.48889508 0.38276267 0.50359459 0.43880208 0.58982189 0.43880208
0 0.10908260 0.64337004 0.02375812 0.54075240 0.01455030 0.57743688 0.10059975 0.68132135 0.10908260 0.64337004
0 0.09758174 0.69035896 0.01202058 0.58784322 0.00381372 0.62360856 0.08892330 0.72747025 0.09758174 0.69035896
0 0.14311271 0.63107327 0.03463945 0.49828859 0.02804166 0.52219951 0.13755103 0.65386283 0.14311271 0.63107327
0 0.23898470 0.74773622 0.15055860 0.63999083 0.14594196 0.65982285 0.23275342 0.77161641 0.23898470 0.74773622
0 0.22557184 0.79431433 0.16150051 0.71290324 0.15090266 0.74772466 0.21785789 0.83203184 0.22557184 0.79431433
0 0.25000000 0.70376375 0.16200094 0.59258768 0.15736928 0.61308041 0.24478939 0.72730747 0.25000000 0.70691274 0.25000000 0.70376375
0 0.05363257 0.46469090 0.04346121 0.46999215 0.03747166 0.48912728 0.14776609 0.62128085 0.15574690 0.58340705 0.05699630 0.46322316 0.05363257 0.46469090
0 0.10451990 0.44263772 0.07417419 0.45572770 0.16240601 0.56407871 0.17246367 0.52487129 0.10451990 0.44263772
0 0.13294193 0.43880208 0.12957086 0.45342607 0.17738950 0.50912615 0.18220233 0.48539489 0.14176946 0.43880208 0.13294193 0.43880208
0 0.18336135 0.51773453 0.24151804 0.59442898 0.23858585 0.56056664 0.18819566 0.49579970 0.18336135 0.51773453
0 0.17846428 0.53577728 0.17023612 0.57186937 0.24853211 0.67772838 0.24766395 0.66540470 0.24380615 0.62085302 0.17846428 0.53577728
0 0.22884571 0.85772309 0.14870036 0.75421986 0.13949015 0.79082017 0.21964479 0.89775368 0.22884571 0.85772309
0 0.00000000 0.68484022 0.10045716 0.80436952 0.10885045 0.76773125 0.00000000 0.63660509 0.00000000 0.68484022
0 0.00000000 0.74035213 0.00103377 0.74988819 0.08554942 0.85674660 0.09555619 0.81835847 0.00000000 0.70109532 0.00000000 0.74035213
0 0.08212246 0.86958802 0.00200672 0.76959415 0.00817377 0.82245308 0.07411496 0.90474276 0.08212246 0.86958802
0 0.07012450 0.91710031 0.00857756 0.84460762 0.01399364 0.89520646 0.06023954 0.95311275 0.07012450 0.91710031
0 0.05668879 0.96279236 0.01484333 0.91783708 0.01564096 0.92704855 0.05370432 0.97634634 0.05668879 0.96279236
0 0.21553774 0.90782445 0.11464768 0.77602689 0.10545133 0.81504264 0.20726487 0.94559893 0.21553774 0.90782445
0 0.20134673 0.95642422 0.10184404 0.82730034 0.09198427 0.86631147 0.18081123 0.98089903 0.19500058 0.97470760 0.20134673 0.95642422
0 0.17288293 0.98402179 0.08938571 0.87437447 0.07984345 0.90923278 0.14574047 0.99620192 0.16669562 0.98705828 0.17288293 0.98402179
0 0.13365644 1.00000000 0.13371144 0.99997335 0.07614091 0.92447712 0.06534359 0.96059357 0.09663756 1.00000000 0.13365644 1.00000000
0 0.25000000 0.60645308 0.25810192 0.60527468 0.26153686 0.60700871 0.26728858 0.60617214 0.27072345 0.60790561 0.27647510 0.60706904 0.27990997 0.60880252 0.28853752 0.60754766 0.29197203 0.60928118 0.30059979 0.60802630 0.30403518 0.60975969 0.32991774 0.60599513 0.34150185 0.59314434 0.34437752 0.59272608 0.35132822 0.58501535 0.35420390 0.58459709 0.35883804 0.57945693 0.36171371 0.57903867 0.36403042 0.57646864 0.36690683 0.57605027 0.37154009 0.57090967 0.37441577 0.57049141 0.37673247 0.56792138 0.37960888 0.56750302 0.38192558 0.56493299 0.38480126 0.56451473 0.38711856 0.56194405 0.38999423 0.56152578 0.39231093 0.55895576 0.39518661 0.55853750 0.39750331 0.55596747 0.40037973 0.55554910 0.40269643 0.55297908 0.40557211 0.55256082 0.42874090 0.52685858 0.43161658 0.52644032 0.43624998 0.52130027 0.43912640 0.52088190 0.44144296 0.51831133 0.44431863 0.51789307 0.44663610 0.51532304 0.44951178 0.51490478 0.47267992 0.48920299 0.47156189 0.48489913 0.45438772 0.47623105 0.45382872 0.47407917 0.42978442 0.46194387 0.25000000 0.48809311 0.25000000 0.60645308
