0 0.52379288 0.45014891 0.51785027 0.45284661 0.51722238 0.45468884 0.51127978 0.45738654 0.56517933 0.46874058 0.56580722 0.46689834 0.57175043 0.46420077 0.57237832 0.46235853 0.58129214 0.45831222 0.58192004 0.45646998 0.58489186 0.45512150 0.58146055 0.45044917 0.58740375 0.44775160 0.58803165 0.44590936 0.58568772 0.44541561 0.58397228 0.44307974 0.58460018 0.44123750 0.54944785 0.43383260 0.54053419 0.43787844 0.53990613 0.43972115 0.53396309 0.44241825 0.53333503 0.44426096 0.52442077 0.44830667 0.52379288 0.45014891
0 0.63658346 0.37715158 0.63064086 0.37984928 0.63001296 0.38169152 0.62406976 0.38438909 0.62344187 0.38623133 0.61452820 0.39027717 0.61390015 0.39211988 0.60795710 0.39481698 0.60732905 0.39665969 0.60138601 0.39935679 0.60075811 0.40119903 0.59481551 0.40389673 0.59418762 0.40573897 0.58527319 0.40978515 0.58464530 0.41162739 0.59636254 0.41409565 0.60322532 0.42343984 0.60259743 0.42528208 0.60431271 0.42761841 0.61602995 0.43008667 0.62197315 0.42738910 0.62260104 0.42554686 0.63151487 0.42150055 0.63214276 0.41965831 0.63808597 0.41696074 0.63871386 0.41511850 0.64762828 0.41107232 0.64825618 0.40923008 0.65717000 0.40518377 0.65779790 0.40334153 0.66671232 0.39929535 0.66734021 0.39745311 0.67328326 0.39475601 0.67391131 0.39291330 0.68282513 0.38886699 0.68345303 0.38702475 0.68642425 0.38567613 0.68705214 0.38383389 0.68362143 0.37916169 0.68127811 0.37866806 0.67956267 0.37633220 0.67487541 0.37534482 0.67144410 0.37067249 0.67207199 0.36883025 0.66864112 0.36415852 0.65926721 0.36218388 0.65332417 0.36488098 0.65269627 0.36672322 0.64675367 0.36942092 0.64612578 0.37126316 0.63721135 0.37530935 0.63658346 0.37715158
0 0.09289908 0.71333922 0.08927372 0.71616641 0.08889067 0.71809708 0.08707757 0.71951079 0.08669452 0.72144145 0.08955404 0.72247623 0.09164745 0.72737234 0.09126440 0.72930300 0.09698271 0.73137229 0.09907602 0.73626888 0.09869297 0.73819955 0.09973940 0.74064804 0.10545807 0.74271745 0.11089643 0.73847705 0.11127959 0.73654589 0.11490521 0.73371933 0.11528827 0.73178866 0.12072626 0.72754813 0.12110932 0.72561746 0.12836031 0.71996371 0.12874336 0.71803305 0.13055646 0.71661934 0.13093951 0.71468867 0.12807999 0.71365390 0.12703347 0.71120591 0.12417395 0.71017114 0.12312752 0.70772265 0.11883842 0.70617056 0.11779190 0.70372257 0.11493238 0.70268780 0.11388585 0.70023981 0.10959712 0.69868785 0.10855023 0.69623973 0.10492497 0.69906642 0.10454191 0.70099709 0.10091618 0.70382414 0.10053313 0.70575481 0.09328214 0.71140856 0.09289908 0.71333922
0 0.14066661 0.71200023 0.13704088 0.71482729 0.13808777 0.71727541 0.13770471 0.71920608 0.13589162 0.72061978 0.13446204 0.72010246 0.13407899 0.72203313 0.12682799 0.72768688 0.12644494 0.72961754 0.12100658 0.73385794 0.12062353 0.73578861 0.11337290 0.74144249 0.11298985 0.74337316 0.10936412 0.74620021 0.10898106 0.74813088 0.11002759 0.75057887 0.11288711 0.75161364 0.11393363 0.75406163 0.11679279 0.75509627 0.11783958 0.75754488 0.12355826 0.75961430 0.12460478 0.76206229 0.12603436 0.76257961 0.12812767 0.76747621 0.13384635 0.76954562 0.13537876 0.76182196 0.13900403 0.75899527 0.13938708 0.75706461 0.14663807 0.75141086 0.14702123 0.74947970 0.15427212 0.74382645 0.15465527 0.74189529 0.15828090 0.73906872 0.15542138 0.73803395 0.15437495 0.73558547 0.15618759 0.73417212 0.16047669 0.73572422 0.16410231 0.73289766 0.16448537 0.73096699 0.16811073 0.72813980 0.16849379 0.72620914 0.17211915 0.72338195 0.17250220 0.72145128 0.17612783 0.71862472 0.17651098 0.71669356 0.18013661 0.71386700 0.18051977 0.71193584 0.18233240 0.71052249 0.18271545 0.70859183 0.17985593 0.70755705 0.17880941 0.70510907 0.17594989 0.70407429 0.17490336 0.70162630 0.17061463 0.70007434 0.16956784 0.69762573 0.16527874 0.69607363 0.16423221 0.69362565 0.15994348 0.69207368 0.15631775 0.69490074 0.15593470 0.69683141 0.14868371 0.70248515 0.14830065 0.70441582 0.14104966 0.71006957 0.14066661 0.71200023
0 0.12057611 0.68196693 0.12019306 0.68389760 0.11656743 0.68672416 0.11618438 0.68865482 0.11255901 0.69148201 0.11217596 0.69341268 0.11322238 0.69586116 0.11608154 0.69689580 0.11712843 0.69934392 0.11998759 0.70037856 0.12103447 0.70282668 0.12532321 0.70437864 0.12636973 0.70682663 0.12922925 0.70786140 0.13027578 0.71030939 0.13313530 0.71134416 0.13857319 0.70710413 0.13895625 0.70517346 0.14439461 0.70093306 0.14477776 0.69900190 0.15021602 0.69476199 0.15059908 0.69283132 0.15603744 0.68859092 0.15680364 0.68472909 0.15394412 0.68369432 0.15289760 0.68124633 0.14860850 0.67969424 0.14756197 0.67724625 0.14470246 0.67621148 0.14365593 0.67376349 0.13936720 0.67221153 0.13832040 0.66976291 0.13260173 0.66769350 0.13221857 0.66962466 0.12859331 0.67245136 0.12821026 0.67438202 0.12277190 0.67862242 0.12238884 0.68055309 0.12057611 0.68196693
0 0.02959052 0.60765318 0.02997357 0.60572252 0.03359902 0.60289589 0.03398207 0.60096522 0.02969304 0.59941316 0.02864654 0.59696465 0.02578721 0.59592994 0.02474059 0.59348192 0.02331092 0.59296457 0.01794787 0.61999538 0.01976059 0.61858207 0.02014365 0.61665141 0.02558192 0.61241097 0.02596497 0.61048030 0.02959052 0.60765318
0 0.09954157 0.64124453 0.09410330 0.64548443 0.09372025 0.64741510 0.09009489 0.65024229 0.08971183 0.65217296 0.08427347 0.65641336 0.08389042 0.65834402 0.07845206 0.66258442 0.07806900 0.66451509 0.07263064 0.66875549 0.07224759 0.67068616 0.06680960 0.67492669 0.06642654 0.67685736 0.06280081 0.67968441 0.06241776 0.68161508 0.05879250 0.68444177 0.05774561 0.68199365 0.05812866 0.68006298 0.05669908 0.67954566 0.05565256 0.67709768 0.05279340 0.67606303 0.05174651 0.67361491 0.04888736 0.67258027 0.04784057 0.67013166 0.04498141 0.66909702 0.04393481 0.66664900 0.04107544 0.66561428 0.04002884 0.66316627 0.03716950 0.66213156 0.03354406 0.66495819 0.03316091 0.66688935 0.03134820 0.66830267 0.03096514 0.67023334 0.03525413 0.67178539 0.03630077 0.67423342 0.03773042 0.67475077 0.03877702 0.67719878 0.04592520 0.67978549 0.04697199 0.68223410 0.04658894 0.68416477 0.05373719 0.68675150 0.05478371 0.68919949 0.05115835 0.69202668 0.05258793 0.69254400 0.05363445 0.69499199 0.05649397 0.69602676 0.05754050 0.69847475 0.06040002 0.69950952 0.06144654 0.70195751 0.06287612 0.70247483 0.06392255 0.70492331 0.06678207 0.70595808 0.06782859 0.70840607 0.07068811 0.70944085 0.07173464 0.71188883 0.07316421 0.71240615 0.07421064 0.71485463 0.07707016 0.71588941 0.07888289 0.71447557 0.08031247 0.71499289 0.08575083 0.71075249 0.08613388 0.70882182 0.09157215 0.70458192 0.09195530 0.70265075 0.09739366 0.69841036 0.09777671 0.69647969 0.10140198 0.69365299 0.10178503 0.69172233 0.10722339 0.68748193 0.10760654 0.68555077 0.11123181 0.68272407 0.11161486 0.68079341 0.11705322 0.67655301 0.11743628 0.67462234 0.12106164 0.67179515 0.12144469 0.66986449 0.12507032 0.66703793 0.12545347 0.66510677 0.13089183 0.66086636 0.13127489 0.65893570 0.13490015 0.65610900 0.13528321 0.65417834 0.14072157 0.64993794 0.14110472 0.64800678 0.14291735 0.64659343 0.14148777 0.64607611 0.14044125 0.64362812 0.13758173 0.64259335 0.13653520 0.64014536 0.13367605 0.63911072 0.13262916 0.63666260 0.12977000 0.63562796 0.12872321 0.63317934 0.12586405 0.63214470 0.12481753 0.62969671 0.12195801 0.62866194 0.12091149 0.62621395 0.11805197 0.62517918 0.11700554 0.62273070 0.11156755 0.62697123 0.11118439 0.62890239 0.10574613 0.63314230 0.10536308 0.63507296 0.09992472 0.63931337 0.09954157 0.64124453
0 0.07725548 0.61455474 0.07181712 0.61879514 0.07143407 0.62072581 0.06780834 0.62355286 0.06704223 0.62741420 0.06990175 0.62844897 0.07094818 0.63089745 0.07380770 0.63193223 0.07485422 0.63438021 0.07771338 0.63541486 0.07875990 0.63786284 0.08018985 0.63838029 0.08123637 0.64082828 0.07942374 0.64224163 0.07656422 0.64120686 0.07551769 0.63875887 0.07122860 0.63720677 0.07018207 0.63475879 0.06732255 0.63372401 0.06627603 0.63127603 0.06341687 0.63024138 0.05797861 0.63448129 0.05759546 0.63641245 0.05396983 0.63923901 0.05358667 0.64117017 0.04996141 0.64399686 0.04957836 0.64592753 0.04414007 0.65016796 0.04375702 0.65209863 0.04013151 0.65492576 0.03936540 0.65878709 0.04222470 0.65982179 0.04327133 0.66226981 0.04613067 0.66330452 0.04717717 0.66575303 0.05003662 0.66678778 0.05108314 0.66923577 0.05394266 0.67027054 0.05498919 0.67271853 0.06070787 0.67478794 0.06614622 0.67054754 0.06652928 0.66861687 0.07196718 0.66437683 0.07235033 0.66244567 0.07597596 0.65961911 0.07635911 0.65768795 0.08179737 0.65344805 0.08218043 0.65151738 0.08580579 0.64869019 0.08437621 0.64817287 0.08332969 0.64572488 0.08514242 0.64431104 0.08800157 0.64534568 0.08981421 0.64393234 0.09124415 0.64444979 0.09162720 0.64251913 0.09706556 0.63827872 0.09744862 0.63634806 0.10107398 0.63352087 0.10145703 0.63159021 0.10508230 0.62876351 0.10546535 0.62683285 0.10909108 0.62400579 0.10947413 0.62207513 0.11128686 0.62066128 0.11166992 0.61873062 0.10881076 0.61769597 0.10776387 0.61524786 0.10490472 0.61421321 0.10385819 0.61176523 0.10099867 0.61073045 0.09995215 0.60828246 0.09709263 0.60724769 0.09604620 0.60479921 0.09318704 0.60376457 0.09214052 0.60131658 0.08928100 0.60028181 0.08746837 0.60169515 0.08708522 0.60362631 0.08164695 0.60786622 0.08126390 0.60979689 0.07763854 0.61262407 0.07725548 0.61455474
0 0.05277308 0.59120980 0.04914760 0.59403641 0.04876454 0.59596708 0.04513903 0.59879421 0.04475598 0.60072488 0.04113040 0.60355198 0.04074734 0.60548265 0.03893464 0.60689597 0.03750499 0.60637863 0.03569225 0.60779193 0.03530919 0.60972260 0.03168365 0.61254972 0.03130059 0.61448039 0.02586230 0.61872081 0.02547925 0.62065148 0.02185374 0.62347862 0.02147069 0.62540928 0.01603240 0.62964971 0.01411703 0.63930354 0.01516365 0.64175156 0.01802300 0.64278627 0.01906950 0.64523478 0.02192884 0.64626949 0.02297548 0.64871752 0.02726446 0.65026957 0.02831110 0.65271760 0.03260009 0.65426965 0.03622554 0.65144303 0.03660869 0.64951186 0.04204697 0.64527144 0.04243003 0.64334077 0.04786818 0.63910082 0.04825133 0.63716966 0.05368958 0.63292922 0.05407264 0.63099856 0.05951083 0.62675862 0.05989398 0.62482746 0.05846440 0.62431014 0.05741751 0.62186202 0.05923051 0.62044881 0.06351961 0.62200090 0.06533234 0.62058706 0.06571539 0.61865639 0.07115329 0.61441636 0.07153644 0.61248519 0.07516207 0.60965863 0.07554522 0.60772747 0.08098348 0.60348757 0.08136654 0.60155690 0.08499190 0.59872971 0.08537496 0.59679905 0.08432853 0.59435056 0.08146937 0.59331592 0.08042248 0.59086780 0.07756333 0.58983316 0.07651644 0.58738504 0.07365728 0.58635040 0.07261076 0.58390241 0.07118118 0.58338509 0.07013429 0.58093697 0.06727514 0.57990233 0.06622835 0.57745372 0.06479884 0.57693642 0.06298604 0.57835024 0.06260298 0.58028090 0.05716479 0.58452084 0.05678164 0.58645200 0.05315623 0.58927864 0.05277308 0.59120980
0 0.02407713 0.58910274 0.02693647 0.59013745 0.02798300 0.59258597 0.03084230 0.59362066 0.03188894 0.59606869 0.03903730 0.59865546 0.03942036 0.59672480 0.04304587 0.59389766 0.04342892 0.59196700 0.04705440 0.58914038 0.04743756 0.58720922 0.05106297 0.58438258 0.05144612 0.58245142 0.05507160 0.57962481 0.05545466 0.57769414 0.05908016 0.57486701 0.05946322 0.57293634 0.05841662 0.57048833 0.05555728 0.56945362 0.05451075 0.56700510 0.05165145 0.56597040 0.05060481 0.56352238 0.04917513 0.56300502 0.04812853 0.56055700 0.04383950 0.55900493 0.04279290 0.55655692 0.04136326 0.55603957 0.04031662 0.55359155 0.03669117 0.55641817 0.03630812 0.55834884 0.03086985 0.56258927 0.03048680 0.56451994 0.02867398 0.56593375 0.02407713 0.58910274
0 0.03097250 0.55434876 0.03459795 0.55152213 0.03498110 0.54959097 0.03355143 0.54907362 0.03250481 0.54662560 0.03097250 0.55434876
0 0.11810702 0.56311639 0.11629429 0.56453023 0.11772387 0.56504755 0.11877076 0.56749567 0.11695776 0.56890888 0.11266903 0.56735692 0.11085640 0.56877027 0.11047334 0.57070094 0.10684761 0.57352799 0.10646456 0.57545866 0.10102620 0.57969906 0.10064314 0.58162972 0.09520515 0.58587026 0.09482210 0.58780092 0.09119637 0.59062798 0.09081331 0.59255864 0.09367284 0.59359342 0.09471936 0.59604141 0.09757852 0.59707605 0.09862504 0.59952404 0.10148456 0.60055881 0.10253099 0.60300729 0.10539051 0.60404206 0.10643703 0.60649005 0.10929619 0.60752469 0.11034308 0.60997281 0.11320223 0.61100745 0.11424902 0.61345607 0.11710818 0.61449071 0.11815470 0.61693870 0.12244380 0.61849079 0.12788216 0.61425039 0.12826522 0.61231972 0.13189058 0.60949254 0.13227363 0.60756187 0.13589926 0.60473531 0.13628241 0.60280415 0.14172077 0.59856375 0.14210383 0.59663308 0.14572909 0.59380639 0.14429952 0.59328907 0.14325299 0.59084108 0.13896389 0.58928899 0.13791710 0.58684037 0.13505795 0.58580573 0.13401142 0.58335774 0.13115190 0.58232297 0.13010538 0.57987498 0.13191811 0.57846114 0.14049630 0.58156533 0.14087936 0.57963466 0.14450462 0.57680797 0.14488768 0.57487730 0.14670077 0.57346360 0.14708383 0.57153293 0.14889646 0.57011958 0.14927961 0.56818842 0.14785004 0.56767110 0.14680314 0.56522298 0.14394399 0.56418834 0.14289710 0.56174022 0.14146752 0.56122290 0.14042100 0.55877491 0.13756184 0.55774027 0.13651495 0.55529215 0.13079628 0.55322273 0.12974985 0.55077425 0.12832027 0.55025693 0.12469454 0.55308399 0.12431149 0.55501465 0.12068623 0.55784135 0.12030307 0.55977251 0.11849008 0.56118572 0.11810702 0.56311639
0 0.13442200 0.55039568 0.13728116 0.55143032 0.13909416 0.55001711 0.13947731 0.54808595 0.14128994 0.54667260 0.14271952 0.54718992 0.14348563 0.54332859 0.13490743 0.54022440 0.13452438 0.54215507 0.13271174 0.54356841 0.13232869 0.54549908 0.13051596 0.54691292 0.13337511 0.54794756 0.13442200 0.55039568
0 0.09362506 0.53977160 0.09181243 0.54118495 0.09285895 0.54363294 0.09571811 0.54466758 0.09676463 0.54711557 0.09495200 0.54852891 0.09066326 0.54697695 0.08961637 0.54452883 0.08675722 0.54349419 0.08637416 0.54542486 0.08274844 0.54825191 0.08236538 0.55018258 0.07692739 0.55442311 0.07654433 0.55635378 0.07291861 0.55918083 0.07253555 0.56111150 0.06709727 0.56535193 0.06671421 0.56728259 0.06490150 0.56869591 0.06451845 0.57062658 0.06880755 0.57217867 0.06985398 0.57462716 0.07414308 0.57617925 0.07518960 0.57862724 0.07947870 0.58017933 0.08052522 0.58262732 0.08481432 0.58417941 0.08586075 0.58662790 0.08729032 0.58714522 0.08767348 0.58521406 0.09311184 0.58097365 0.09349489 0.57904299 0.10255852 0.57197590 0.10294157 0.57004523 0.10837993 0.56580483 0.10914604 0.56194349 0.10628652 0.56090872 0.10524009 0.55846024 0.10705272 0.55704689 0.11420134 0.55963376 0.11458440 0.55770309 0.12183539 0.55204935 0.12221844 0.55011868 0.12403117 0.54870484 0.12479728 0.54484351 0.12336770 0.54432619 0.12232091 0.54187757 0.11803218 0.54032561 0.11698566 0.53787762 0.11412613 0.53684285 0.11307961 0.53439486 0.11022009 0.53336009 0.10917356 0.53091210 0.10202531 0.52832536 0.10021231 0.52973858 0.09982926 0.53166924 0.09801663 0.53308259 0.09763347 0.53501375 0.09400821 0.53784044 0.09362506 0.53977160
0 0.10746367 0.52408496 0.10851020 0.52653295 0.11279893 0.52808491 0.11384572 0.53053353 0.12528307 0.53467236 0.12890844 0.53184517 0.12967464 0.52798334 0.12395596 0.52591393 0.12290944 0.52346594 0.11862034 0.52191385 0.11757382 0.51946586 0.11795687 0.51753519 0.11223820 0.51546578 0.11042556 0.51687912 0.10899599 0.51636180 0.10822988 0.52022313 0.10641678 0.52163684 0.10603373 0.52356751 0.10746367 0.52408496
0 0.04502579 0.48828125 0.04542679 0.48921948 0.04504374 0.49115015 0.04323102 0.49256346 0.04246491 0.49642480 0.04351143 0.49887331 0.04494110 0.49939066 0.04598773 0.50183869 0.04417499 0.50325200 0.04131565 0.50221729 0.03365407 0.54083310 0.03508374 0.54135046 0.03613036 0.54379847 0.03651341 0.54186781 0.04195156 0.53762786 0.04233471 0.53569670 0.04596020 0.53287009 0.04634335 0.53093893 0.04996876 0.52811229 0.05035182 0.52618162 0.05397740 0.52335451 0.05436045 0.52142385 0.05979870 0.51718340 0.05693936 0.51614870 0.05589277 0.51370068 0.05951818 0.51087404 0.06380720 0.51242611 0.06562001 0.51101230 0.06600306 0.50908163 0.06781580 0.50766832 0.06819895 0.50573716 0.07182440 0.50291054 0.07220746 0.50097987 0.07583300 0.49815275 0.07687954 0.50060127 0.07973884 0.50163597 0.08078529 0.50408393 0.07897273 0.50549730 0.07754308 0.50497995 0.07391763 0.50780658 0.07353448 0.50973774 0.06990903 0.51256437 0.06952588 0.51449553 0.06590043 0.51732215 0.06551738 0.51925282 0.06837672 0.52028753 0.06942331 0.52273554 0.06761051 0.52414936 0.06189183 0.52207994 0.06150878 0.52401061 0.05607049 0.52825103 0.05568744 0.53018170 0.05024919 0.53442214 0.04986613 0.53635281 0.04442788 0.54059325 0.04404483 0.54252392 0.04041935 0.54535053 0.04003620 0.54728169 0.04108283 0.54972972 0.04537182 0.55128177 0.04641845 0.55372980 0.04927779 0.55476451 0.05032429 0.55721302 0.05318366 0.55824773 0.05423026 0.56069575 0.06137859 0.56328251 0.06500417 0.56045540 0.06538722 0.55852474 0.06901273 0.55569761 0.06939579 0.55376694 0.07302134 0.55094035 0.07340440 0.54900968 0.07884276 0.54476928 0.07922591 0.54283812 0.08285117 0.54001143 0.08180465 0.53756344 0.07894513 0.53652867 0.07789861 0.53408068 0.07646903 0.53356336 0.07542223 0.53111475 0.07723523 0.52970153 0.08009439 0.53073617 0.08114128 0.53318429 0.08828953 0.53577103 0.09010217 0.53435768 0.09048522 0.53242702 0.09592358 0.52818662 0.09630663 0.52625595 0.09993200 0.52342876 0.09850242 0.52291144 0.09745589 0.52046345 0.09926853 0.51905011 0.10355763 0.52060220 0.10394078 0.51867104 0.10575341 0.51725769 0.10613646 0.51532703 0.10508994 0.51287904 0.10223042 0.51184427 0.10118390 0.50939628 0.09832474 0.50836164 0.09727795 0.50591302 0.09441879 0.50487838 0.09337190 0.50243026 0.08908317 0.50087830 0.08803665 0.49843031 0.08517713 0.49739554 0.08413070 0.49494706 0.08127125 0.49391231 0.08022463 0.49146439 0.07736529 0.49042969 0.07644680 0.48828125 0.07593433 0.48828125 0.07450596 0.48939498 0.07164662 0.48836027 0.07161284 0.48828125 0.04502579 0.48828125
0 0.89049585 0.72039612 0.90650030 0.69839819 0.91559941 0.66443986 0.90832401 0.64631423 0.44362217 0.50157752 0.42104615 0.54810091 0.42100986 0.57842154 0.43131829 0.58522772 0.87816540 0.72113623 0.89049585 0.72039612
