0 0.88006879 0.16209561 0.88132268 0.16776745 0.88002356 0.16946093 0.88127745 0.17513276 0.88450261 0.17458155 0.88642905 0.17572374 0.88512959 0.17741765 0.88638340 0.18308912 0.88508436 0.18478296 0.88633825 0.19045480 0.88503913 0.19214827 0.88629302 0.19782011 0.88499390 0.19951358 0.88593434 0.20376755 0.88463522 0.20546103 0.88588911 0.21113286 0.88329053 0.21452024 0.88391744 0.21735598 0.88261831 0.21904946 0.88387229 0.22472166 0.88257275 0.22641520 0.88351311 0.23066881 0.88221407 0.23236264 0.88346796 0.23803448 0.88216884 0.23972795 0.89345769 0.23779857 0.89538372 0.23894083 0.91634844 0.23535775 0.91603499 0.23393988 0.91733452 0.23224634 0.91608064 0.22657450 0.91737968 0.22488066 0.91612586 0.21920919 0.91742491 0.21751535 0.91617102 0.21184352 0.91747014 0.21015004 0.91715668 0.20873217 0.91975526 0.20534479 0.93588185 0.20258859 0.93718138 0.20089505 0.93655440 0.19805895 0.92687811 0.19971272 0.92495209 0.19857046 0.92432518 0.19573472 0.92562430 0.19404125 0.93691316 0.19211187 0.93565919 0.18643967 0.93695831 0.18474620 0.93601795 0.18049259 0.93731699 0.17879875 0.93637655 0.17454478 0.93315140 0.17509599 0.93122537 0.17395373 0.93091192 0.17253586 0.93221104 0.17084239 0.93189759 0.16942452 0.93319663 0.16773068 0.93803477 0.16690380 0.93678088 0.16123196 0.93808000 0.15953848 0.93713957 0.15528452 0.93843869 0.15359104 0.93749825 0.14933708 0.93879778 0.14764353 0.93754389 0.14197169 0.93431833 0.14252298 0.93239230 0.14138071 0.93145186 0.13712674 0.89274757 0.14374170 0.89082112 0.14259951 0.88114526 0.14425322 0.88145871 0.14567108 0.88015959 0.14736456 0.88141348 0.15303640 0.88011402 0.15473030 0.88136784 0.16040178 0.88006879 0.16209561
0 0.96406412 0.12566683 0.96531801 0.13133867 0.96401889 0.13303215 0.94466674 0.13633963 0.94274030 0.13519743 0.94144118 0.13689091 0.94238162 0.14114488 0.94108249 0.14283835 0.94233639 0.14851019 0.94103727 0.15020366 0.94229124 0.15587586 0.94099211 0.15756934 0.94193247 0.16182294 0.94063302 0.16351685 0.94188691 0.16918868 0.94058779 0.17088216 0.94184168 0.17655400 0.94054256 0.17824747 0.94179645 0.18391931 0.94049691 0.18561285 0.94175089 0.19128505 0.94045176 0.19297853 0.94139212 0.19723213 0.94009308 0.19892597 0.94134697 0.20459780 0.94295955 0.20432220 0.94488558 0.20546446 0.94649856 0.20518879 0.94842460 0.20633105 0.96938932 0.20274796 0.97131535 0.20389023 0.97454091 0.20333894 0.97360055 0.19908534 0.97489967 0.19739186 0.97395923 0.19313789 0.97525869 0.19144399 0.98654713 0.18951468 0.98592023 0.18667894 0.98721976 0.18498539 0.98690631 0.18356753 0.98820535 0.18187369 0.98789190 0.18045582 0.98596587 0.17931356 0.98565234 0.17789533 0.98695146 0.17620185 0.98569757 0.17053002 0.98699669 0.16883654 0.98636970 0.16600044 0.98766883 0.16430697 0.98641493 0.15863513 0.98771406 0.15694166 0.98646017 0.15126982 0.98775970 0.14957628 0.98650581 0.14390444 0.98780485 0.14221060 0.98655104 0.13653913 0.98785008 0.13484529 0.98659619 0.12917345 0.98789573 0.12747991 0.98632838 0.12039020 0.98762742 0.11869637 0.98355229 0.10026299 0.96903829 0.10274358 0.96711185 0.10160139 0.96388669 0.10215260 0.96451368 0.10498870 0.96321414 0.10668224 0.96540848 0.11660805 0.96410935 0.11830152 0.96536324 0.12397336 0.96406412 0.12566683
0 0.88634591 0.08450297 0.88504678 0.08619645 0.88343380 0.08647212 0.88150777 0.08532986 0.88020864 0.08702334 0.88146254 0.09269517 0.88016300 0.09438872 0.88141689 0.10006055 0.88011777 0.10175403 0.88105821 0.10600800 0.87975917 0.10770183 0.88038607 0.11053757 0.88361122 0.10998636 0.88553767 0.11112855 0.88679156 0.11680039 0.88549210 0.11849430 0.88065438 0.11932111 0.88096783 0.12073898 0.87966870 0.12243246 0.88060914 0.12668642 0.87930961 0.12837997 0.88056350 0.13405181 0.87926438 0.13574528 0.88051827 0.14141712 0.93051142 0.13287278 0.93243753 0.13401540 0.95985297 0.12932982 0.95891253 0.12507585 0.96021199 0.12338195 0.95895817 0.11771047 0.96025721 0.11601664 0.95900332 0.11034480 0.96030245 0.10865133 0.95936201 0.10439736 0.95743598 0.10325509 0.95582340 0.10353070 0.95389696 0.10238851 0.95295652 0.09813454 0.95425606 0.09644099 0.95331562 0.09218703 0.95461474 0.09049355 0.95398775 0.08765745 0.95528688 0.08596398 0.95465997 0.08312824 0.95143482 0.08367945 0.94950830 0.08253690 0.94856786 0.07828293 0.94986739 0.07658938 0.95470512 0.07576257 0.95376476 0.07150896 0.95506380 0.06981512 0.95443690 0.06697939 0.95251079 0.06583676 0.93799678 0.06831735 0.93607076 0.06717509 0.91510562 0.07075825 0.91317959 0.06961599 0.88415158 0.07457717 0.88222555 0.07343491 0.88092601 0.07512845 0.88186645 0.07938242 0.88509201 0.07883114 0.88701804 0.07997340 0.88571892 0.08166687 0.88634591 0.08450297
0 0.83084240 0.09840342 0.83209637 0.10407562 0.83079725 0.10576909 0.83173761 0.11002269 0.83043815 0.11171660 0.83169204 0.11738844 0.83039292 0.11908191 0.83164681 0.12475375 0.83034769 0.12644722 0.83160158 0.13211906 0.83482674 0.13156785 0.83612627 0.12987430 0.84096441 0.12904742 0.84289044 0.13018968 0.85095373 0.12881158 0.85287976 0.12995384 0.85319329 0.13137207 0.85704576 0.13365653 0.85735930 0.13507476 0.85928532 0.13621702 0.86251048 0.13566581 0.86443692 0.13680801 0.86537736 0.14106197 0.86860251 0.14051076 0.87052895 0.14165295 0.87084240 0.14307082 0.86954295 0.14476473 0.87115594 0.14448905 0.87308196 0.14563132 0.87469454 0.14535571 0.87599366 0.14366224 0.87505322 0.13940827 0.87635227 0.13771443 0.87509846 0.13204296 0.87639791 0.13034905 0.87514402 0.12467721 0.87644314 0.12298374 0.87518925 0.11731190 0.87648837 0.11561843 0.87554793 0.11136446 0.87684747 0.10967091 0.87559358 0.10399908 0.87689262 0.10230524 0.87563881 0.09663377 0.87693785 0.09493993 0.87568396 0.08926809 0.87698308 0.08757462 0.87604264 0.08332065 0.87734176 0.08162718 0.87608787 0.07595534 0.87286272 0.07650655 0.87093669 0.07536429 0.84513383 0.07977426 0.84320780 0.07863200 0.84289427 0.07721377 0.83160541 0.07914315 0.83254585 0.08339712 0.83124673 0.08509059 0.83218717 0.08934456 0.83088763 0.09103810 0.83214152 0.09670994 0.83084240 0.09840342
0 0.97258072 0.05063433 0.96819214 0.03078308 0.96657956 0.03105868 0.96720655 0.03389479 0.96590701 0.03558833 0.96716090 0.04126017 0.96586178 0.04295364 0.96774258 0.05146121 0.97258072 0.05063433
0 0.88666319 0.03294493 0.88858922 0.03408720 0.88952965 0.03834116 0.88823053 0.04003464 0.88339239 0.04086152 0.88370585 0.04227939 0.88240639 0.04397330 0.88366028 0.04964514 0.88236116 0.05133861 0.88361505 0.05701045 0.88231593 0.05870392 0.88715407 0.05787704 0.88908018 0.05901966 0.90843232 0.05571218 0.91035835 0.05685444 0.93132349 0.05327129 0.93324952 0.05441355 0.95743980 0.05027918 0.96003805 0.04689223 0.95972452 0.04547400 0.96102364 0.04378053 0.96008320 0.03952656 0.96138232 0.03783308 0.96044188 0.03357912 0.96174142 0.03188557 0.96080098 0.02763160 0.96210010 0.02593813 0.96115966 0.02168416 0.96245879 0.01999069 0.96120490 0.01431885 0.95959232 0.01459446 0.95766629 0.01345219 0.93670157 0.01703528 0.93477512 0.01589309 0.91219783 0.01975178 0.91027172 0.01860915 0.88769401 0.02246792 0.88576798 0.02132565 0.88415540 0.02160126 0.88285587 0.02329480 0.88379631 0.02754877 0.88249718 0.02924224 0.88312417 0.03207835 0.88505020 0.03322061 0.88666319 0.03294493
0 0.84500155 0.04889435 0.84625552 0.05456655 0.84495599 0.05626010 0.84620988 0.06193193 0.85588616 0.06027816 0.85781219 0.06142042 0.87877732 0.05783727 0.87752343 0.05216543 0.87882255 0.05047195 0.87788211 0.04621799 0.87918124 0.04452451 0.87792735 0.03885268 0.87922647 0.03715920 0.87828603 0.03290523 0.87958507 0.03121140 0.87833126 0.02553992 0.87963071 0.02384601 0.87479257 0.02467290 0.87286655 0.02353064 0.84545111 0.02821622 0.84639155 0.03247019 0.84509201 0.03416373 0.84634590 0.03983557 0.84504678 0.04152904 0.84630067 0.04720088 0.84500155 0.04889435
0 0.64709150 0.06211791 0.64834539 0.06778974 0.64704585 0.06948329 0.64829974 0.07515513 0.64700070 0.07684896 0.64825451 0.08252044 0.64695547 0.08421427 0.64758238 0.08705001 0.65080753 0.08649880 0.65273405 0.08764135 0.66724806 0.08516076 0.66917409 0.08630302 0.66948754 0.08772089 0.69206525 0.08386213 0.69399128 0.08500439 0.69430473 0.08642226 0.70398060 0.08476856 0.70590712 0.08591111 0.71074526 0.08508423 0.71334343 0.08169691 0.72624486 0.07949193 0.72817089 0.08063419 0.72848442 0.08205242 0.73816070 0.08039865 0.74008673 0.08154091 0.74040018 0.08295878 0.76297789 0.07910001 0.76490400 0.08024264 0.78103059 0.07748644 0.78071705 0.07606821 0.77749190 0.07661942 0.77556587 0.07547716 0.77525242 0.07405929 0.75589986 0.07736684 0.75397375 0.07622422 0.74268489 0.07815360 0.74075887 0.07701133 0.73981851 0.07275773 0.74111755 0.07106389 0.73986366 0.06539206 0.74116319 0.06369851 0.73990930 0.05802667 0.74120842 0.05633320 0.73964108 0.04924349 0.74094012 0.04754966 0.73937278 0.04045995 0.74067230 0.03876633 0.73941840 0.03309450 0.73619284 0.03364578 0.73426679 0.03250341 0.73556588 0.03080983 0.71782631 0.03384170 0.71590027 0.03269936 0.67397082 0.03986554 0.67011831 0.03758090 0.64754101 0.04143959 0.64816796 0.04427551 0.64686844 0.04596913 0.64843581 0.05305894 0.64713671 0.05475252 0.64839062 0.06042443 0.64709150 0.06211791
0 0.57942708 0.09281231 0.59472276 0.09019812 0.59664887 0.09134037 0.59696240 0.09275860 0.62115261 0.08862425 0.62307864 0.08976651 0.64243078 0.08645903 0.64211733 0.08504116 0.64341679 0.08334725 0.64149035 0.08220506 0.63987777 0.08248067 0.63795174 0.08133840 0.63701130 0.07708444 0.63831042 0.07539096 0.64314856 0.07456408 0.64252158 0.07172798 0.64382070 0.07003450 0.64256681 0.06436266 0.64386593 0.06266919 0.64292551 0.05841529 0.63970036 0.05896651 0.63777431 0.05782417 0.63714737 0.05498825 0.63844646 0.05329467 0.64005904 0.05301906 0.64135815 0.05132552 0.64297072 0.05104991 0.64427024 0.04935629 0.64270287 0.04226648 0.62657588 0.04502275 0.62464982 0.04388038 0.62303725 0.04415598 0.62111120 0.04301365 0.60820977 0.04521863 0.60628331 0.04407637 0.57942708 0.04866638 0.57942708 0.09281231
0 0.57942708 0.81173299 0.56872436 0.81399571 0.56693454 0.81688177 0.57038954 0.83621395 0.56859916 0.83910013 0.55526863 0.84191842 0.55742798 0.85400087 0.55563827 0.85688755 0.54230717 0.85970596 0.54533021 0.87662115 0.54354051 0.87950783 0.53020941 0.88232623 0.53323245 0.89924142 0.53144275 0.90212810 0.51811165 0.90494651 0.52199850 0.92669505 0.52020868 0.92958111 0.50465592 0.93286921 0.50681527 0.94495167 0.50502557 0.94783835 0.49169504 0.95065663 0.49342254 0.96032272 0.57942708 0.94214000 0.57942708 0.81173299
0 0.57942708 0.66745559 0.54424259 0.47058341 0.48203213 0.48373569 0.48024175 0.48662187 0.35804305 0.51245662 0.35977055 0.52212271 0.35798028 0.52500951 0.36100332 0.54192470 0.35921362 0.54481138 0.34810475 0.54715997 0.34631493 0.55004603 0.34409271 0.55051584 0.35013890 0.58434684 0.34834919 0.58723352 0.35180419 0.60656570 0.36957861 0.60280790 0.37223211 0.60475458 0.37309581 0.60958731 0.38864857 0.60629921 0.39130207 0.60824589 0.39346153 0.62032896 0.39568376 0.61985915 0.39833727 0.62180582 0.40500281 0.62039661 0.40765632 0.62234329 0.41209964 0.62140390 0.41475372 0.62335045 0.41561752 0.62818381 0.43116971 0.62489583 0.43382379 0.62684238 0.43511944 0.63409210 0.43777294 0.63603877 0.45332570 0.63275067 0.45597921 0.63469735 0.45727486 0.64194707 0.47282762 0.63865897 0.47548124 0.64060626 0.47764058 0.65268871 0.48208447 0.65174920 0.48473798 0.65369588 0.49362519 0.65181698 0.49893231 0.65571094 0.49936416 0.65812731 0.51491692 0.65483921 0.51757042 0.65678589 0.51929792 0.66645197 0.53707234 0.66269418 0.53972642 0.66464073 0.54145392 0.67430682 0.55700610 0.67101884 0.55966018 0.67296539 0.56009214 0.67538238 0.56274564 0.67732905 0.56317749 0.67974542 0.57873025 0.67645732 0.57942708 0.67696867 0.57942708 0.66745559
0 0.67494329 1.00000000 0.65478121 0.84457322 0.60478806 0.85913470 0.60286195 0.85718805 0.59802389 0.85859723 0.61636676 1.00000000 0.67494329 1.00000000
0 0.57942708 0.71523691 0.58454453 0.75468663 0.74419985 0.70818389 0.74612588 0.71013057 0.77031616 0.70308467 0.74743265 0.52667872 0.57942708 0.57561363 0.57942708 0.71523691
