0 0.26882904 0.34895833 0.27734504 0.33545417 0.27589532 0.32513888 0.23634871 0.30571408 0.22182366 0.29592153 0.22073637 0.28818506 0.19184658 0.27909646 0.18153129 0.28054618 0.18402648 0.31701213 0.24652542 0.34895833 0.26882904 0.34895833
0 0.32020227 0.27552092 0.32476050 0.21439584 0.34974719 0.15828900 0.35786700 0.15057344 0.35863367 0.13731689 0.36729712 0.13346956 0.38392007 0.11141017 0.41321411 0.10466340 0.42818521 0.08020639 0.43227648 0.06253797 0.39677932 0.04385893 0.36718557 0.02040559 0.34655499 0.02330503 0.23393714 0.23241975 0.23611172 0.24789268 0.25726504 0.25806858 0.25371743 0.27960523 0.29251827 0.30307948 0.30706422 0.30366494 0.32020227 0.27552092
0 0.63575479 0.19358785 0.66582614 0.18968361 0.66507410 0.18622799 0.63500275 0.19013222 0.63575479 0.19358785
0 0.69955297 0.16078157 0.70785483 0.19056800 0.69180166 0.19202497 0.65509629 0.19888019 0.66088983 0.21714875 0.69581263 0.21045532 0.72995207 0.20853075 0.71739038 0.15916266 0.69955297 0.16078157
0 0.62391551 0.15589971 0.65398686 0.15199548 0.65323482 0.14853986 0.62316347 0.15244409 0.62391551 0.15589971
0 0.66978951 0.14938736 0.70011161 0.14663536 0.69935957 0.14317973 0.66903747 0.14593173 0.66978951 0.14938736
0 0.61903634 0.16691417 0.65777671 0.16104926 0.65602186 0.15298578 0.61728149 0.15885070 0.61903634 0.16691417
0 0.34898313 0.80108390 0.35484852 0.79999660 0.34371340 0.72076612 0.31318435 0.62134951 0.31044043 0.62151030 0.16273621 0.64272110 0.23778870 0.85733841 0.33768973 0.84329823 0.33264015 0.81954062 0.35167780 0.81376457 0.34898313 0.80108390
0 0.73354495 1.00000000 0.77130631 0.99360601 0.77071874 0.98856892 0.73518451 0.99458580 0.73280064 0.99242149 0.73221307 0.98738441 0.70922011 0.99127772 0.70683623 0.98911341 0.70654249 0.98659519 0.70027158 0.98765702 0.69788771 0.98549271 0.67071451 0.99009385 0.66833010 0.98792963 0.66774253 0.98289255 0.65938204 0.98430820 0.65758512 0.98718042 0.64504385 0.98930399 0.64265998 0.98713968 0.64207241 0.98210260 0.58981558 0.99095105 0.59087113 1.00000000 0.73354495 1.00000000
0 0.63878407 0.82600398 0.64054671 0.84111459 0.63875033 0.84398673 0.64198178 0.87168909 0.64018541 0.87456122 0.62973426 0.87633088 0.63208439 0.89647794 0.63028748 0.89935016 0.61356542 0.90218164 0.61176905 0.90505378 0.61382543 0.92268261 0.61202905 0.92555474 0.60575815 0.92661657 0.60840210 0.94928249 0.61258235 0.94857467 0.61496676 0.95073889 0.62959815 0.94826141 0.63198256 0.95042562 0.63407268 0.95007171 0.63113505 0.92488821 0.63293136 0.92201543 0.63920226 0.92095361 0.64158621 0.92311856 0.64599265 0.96089380 0.64419635 0.96376658 0.64449009 0.96628480 0.68002433 0.96026792 0.67855552 0.94767617 0.68035189 0.94480404 0.67741419 0.91961990 0.68100740 0.91387490 0.67865727 0.89372784 0.68045364 0.89085571 0.67780976 0.86819043 0.67960667 0.86531821 0.75485539 0.85257662 0.75723980 0.85474084 0.77187120 0.85226336 0.77366811 0.84939113 0.78620938 0.84726756 0.77533996 0.75408695 0.71681277 0.76399714 0.71442890 0.76183283 0.65590170 0.77174303 0.65825183 0.79189008 0.65645546 0.79476222 0.65018455 0.79582405 0.65312226 0.82100819 0.65132588 0.82388032 0.63878407 0.82600398
