0 0.36681298 0.34853592 0.52723205 0.32510551 0.50594039 0.17818998 0.34907394 0.19908025 0.35153618 0.25208198 0.36681298 0.34853592
0 0.57812500 0.20825553 0.60979753 0.20066121 0.61527699 0.18924372 0.61501921 0.18677978 0.62323857 0.16965319 0.62298079 0.16718925 0.63119980 0.15006339 0.63094195 0.14759882 0.62443131 0.14915991 0.62254597 0.14708622 0.62228820 0.14462229 0.62365791 0.14176746 0.62528546 0.14137722 0.62502768 0.13891328 0.62639746 0.13605909 0.62613968 0.13359515 0.62750987 0.13074086 0.64053115 0.12761867 0.64601055 0.11620055 0.64575277 0.11373661 0.65260200 0.09946494 0.65234422 0.09700100 0.65919342 0.08272901 0.65893562 0.08026488 0.66578526 0.06599298 0.66552746 0.06352891 0.67237668 0.04925705 0.67211888 0.04679292 0.67896810 0.03252112 0.67871031 0.03005706 0.68008006 0.02720268 0.67194187 0.02915403 0.67005651 0.02708018 0.66979872 0.02461608 0.63561796 0.03281182 0.63587575 0.03527592 0.62765636 0.05240223 0.62791415 0.05486629 0.61969476 0.07199257 0.61995256 0.07445670 0.61173358 0.09158282 0.61199138 0.09404695 0.60514218 0.10831894 0.60539996 0.11078287 0.59718061 0.12790881 0.59743846 0.13037338 0.58921928 0.14749929 0.58947706 0.14996323 0.58125787 0.16708978 0.58151565 0.16955372 0.57812500 0.17661896 0.57812500 0.20825553
0 0.57812500 0.10974500 0.58021156 0.10924470 0.58209696 0.11131824 0.59349061 0.10858631 0.59323284 0.10612250 0.59597237 0.10041387 0.59571457 0.09794974 0.59708474 0.09509526 0.59871229 0.09470501 0.59845450 0.09224095 0.59982427 0.08938663 0.59956647 0.08692251 0.60093664 0.08406803 0.60256420 0.08367778 0.60393396 0.08082346 0.60556152 0.08043321 0.60504592 0.07550502 0.60641568 0.07265064 0.60615789 0.07018658 0.60752807 0.06733216 0.60915562 0.06694191 0.60889782 0.06447779 0.61026758 0.06162341 0.61189555 0.06123306 0.61163776 0.05876899 0.61300753 0.05591468 0.61463508 0.05552443 0.61437728 0.05306030 0.61574704 0.05020592 0.61548924 0.04774186 0.61685901 0.04488754 0.61848698 0.04449719 0.61822918 0.04203306 0.61959894 0.03917872 0.62122650 0.03878847 0.62096870 0.03632437 0.57812500 0.04659728 0.57812500 0.10974500
0 0.22671222 0.96126612 0.22929640 0.96243925 0.27390578 0.95802335 0.27319927 0.95523541 0.22635897 0.95987214 0.22671222 0.96126612
0 0.19630279 0.95856023 0.22976040 0.95524825 0.23234400 0.95642144 0.24126600 0.95553825 0.24314310 0.95392349 0.24572728 0.95509662 0.27472360 0.95222627 0.27119079 0.93828548 0.27306789 0.93667073 0.27200813 0.93248881 0.26754685 0.93293044 0.26496315 0.93175689 0.24265847 0.93396484 0.24078146 0.93557995 0.23855053 0.93580079 0.23596683 0.93462725 0.17574326 0.94058879 0.17315965 0.93941561 0.14416333 0.94228596 0.14228566 0.94390077 0.14546521 0.95644759 0.14804939 0.95762072 0.19265933 0.95320477 0.19524294 0.95437796 0.19630279 0.95856023
0 0.30310343 0.91083299 0.30122633 0.91244775 0.30193293 0.91523605 0.30005526 0.91685086 0.30358806 0.93079165 0.31474098 0.92968762 0.31732459 0.93086080 0.32085730 0.94480123 0.31898029 0.94641635 0.31228866 0.94707875 0.30970496 0.94590521 0.29409133 0.94745081 0.29515118 0.95163308 0.29327417 0.95324819 0.29610038 0.96440068 0.29422271 0.96601549 0.29528247 0.97019740 0.29340546 0.97181252 0.28894475 0.97225408 0.29565702 0.99874133 0.35364966 0.99300062 0.35623327 0.99417381 0.38969087 0.99086183 0.38262535 0.96298061 0.38450237 0.96136550 0.42465160 0.95739112 0.42041238 0.94066274 0.42228939 0.93904763 0.42193614 0.93765366 0.41747543 0.93809523 0.41489125 0.93692210 0.41135844 0.92298131 0.41323612 0.92136650 0.43108009 0.91960012 0.42719404 0.90426536 0.42907113 0.90265060 0.43130149 0.90242982 0.42706218 0.88570109 0.42893985 0.88408628 0.42540704 0.87014549 0.39641015 0.87301590 0.39711675 0.87580420 0.39523965 0.87741896 0.37070403 0.87984774 0.36812042 0.87867455 0.36706057 0.87449228 0.30237629 0.88089540 0.30343614 0.88507767 0.30155904 0.88669242 0.29932812 0.88691327 0.30180107 0.89667178 0.29992397 0.89828654 0.30310343 0.91083299
0 0.24393971 0.92097681 0.24769439 0.91774689 0.27892107 0.91465575 0.27114904 0.88398659 0.26222705 0.88486978 0.25964345 0.88369659 0.24179947 0.88546297 0.23992237 0.88707773 0.23733819 0.88590460 0.14365758 0.89517807 0.14895666 0.91608871 0.14707965 0.91770382 0.15237872 0.93861447 0.24382897 0.92956178 0.24641267 0.93073533 0.24393971 0.92097681
0 0.24566489 0.87364808 0.24707800 0.87922432 0.24520090 0.88083908 0.24261672 0.87966595 0.23943726 0.86711949 0.19482731 0.87153544 0.19836002 0.88547587 0.20282130 0.88503425 0.20540491 0.88620744 0.27678083 0.87914191 0.27466122 0.87077773 0.24566489 0.87364808
0 0.14434346 0.87081636 0.14928937 0.89033339 0.19389931 0.88591744 0.19001326 0.87058268 0.19189036 0.86896792 0.19118376 0.86617962 0.14434346 0.87081636
0 0.21724322 0.86074211 0.28415786 0.85411821 0.27850544 0.83181324 0.28038311 0.83019843 0.29376581 0.82887367 0.28740679 0.80378040 0.24279685 0.80819635 0.24844927 0.83050132 0.24657225 0.83211643 0.24398855 0.83094289 0.23833614 0.80863791 0.23164450 0.80930032 0.22906090 0.80812713 0.14430171 0.81651747 0.15525329 0.85973344 0.19986324 0.85531749 0.20244742 0.85649062 0.20350727 0.86067289 0.21465961 0.85956892 0.21724322 0.86074211
0 0.32026854 0.78909515 0.32556771 0.81000615 0.32369061 0.81162090 0.31030734 0.81294572 0.31313354 0.82409821 0.31125654 0.82571332 0.30902618 0.82593410 0.31715146 0.85799723 0.36176141 0.85358128 0.36434511 0.85475483 0.36505162 0.85754277 0.36763579 0.85871590 0.37655721 0.85783277 0.37914139 0.85900590 0.44605603 0.85238200 0.43969710 0.82728908 0.44157420 0.82567433 0.43874799 0.81452184 0.42313494 0.81606738 0.42055076 0.81489425 0.41162935 0.81577738 0.40904507 0.81460390 0.40763197 0.80902765 0.40950964 0.80741284 0.45634995 0.80277611 0.44963768 0.77628886 0.43625441 0.77761368 0.43367080 0.77644049 0.43261095 0.77225821 0.40361463 0.77512857 0.39844684 0.77278225 0.39774024 0.76999395 0.35313029 0.77440990 0.35560325 0.78416842 0.35372615 0.78578317 0.34034288 0.78710798 0.33775927 0.78593480 0.32214564 0.78748039 0.32026854 0.78909515
