0 0.00000000 0.14395426 0.08631131 0.13881955 0.06454002 0.06590458 0.04903304 0.05265752 0.00000000 0.05141910 0.00000000 0.14395426
0 0.81250071 0.25081443 0.73737757 0.25237028 0.72646264 0.22310374 0.65019148 0.22866446 0.65244799 0.26509754 0.60730792 0.26838858 0.61213281 0.29940618 0.56442435 0.30811270 0.57094198 0.34031395 0.76226197 0.32505828 0.87987919 0.30994785 0.87139646 0.27396870 0.81989399 0.27641655 0.81250071 0.25081443
0 0.31337573 0.65253627 0.29999094 0.68321592 0.31783773 0.69772998 0.33122408 0.66705209 0.31337573 0.65253627
0 0.29081917 0.63650046 0.28538437 0.64753574 0.30170670 0.66223011 0.30700812 0.64913369 0.29081917 0.63650046
0 0.84450687 0.37890625 0.86057357 0.42958014 0.88875272 0.41786783 0.89178489 0.43345300 0.86900644 0.44445264 0.87755872 0.46501912 0.93451225 0.44285686 0.93444872 0.43980167 0.91587279 0.37890625 0.84450687 0.37890625
0 0.63495730 0.37890625 0.67298870 0.45193790 0.69599458 0.45026061 0.94219135 0.39010360 0.94101579 0.37890625 0.63495730 0.37890625
0 0.79396525 0.51318132 0.87218596 0.70013346 0.87484922 0.69993928 0.95972145 0.67659636 0.95622691 0.64331075 0.88658771 0.48864727 0.88268698 0.48893167 0.79396525 0.51318132
0 1.00000000 0.46827792 0.99636162 0.46103811 0.90205995 0.48478618 0.90210715 0.48504154 0.99067741 0.66796755 1.00000000 0.66728786 1.00000000 0.46827792
0 1.00000000 0.78091480 0.91285126 0.80328863 0.91291808 0.80396996 0.93749682 0.85483279 0.94748990 0.85410422 1.00000000 0.83970061 1.00000000 0.78091480
0 1.00000000 0.77277115 0.81636781 0.81796794 0.85218242 0.89372925 0.87146035 0.89232375 1.00000000 0.85834646 1.00000000 0.77277115
