0 0.25237031 0.06029117 0.33324081 0.08128422 0.33765269 0.07629733 0.34035001 0.03347493 0.25543006 0.01360053 0.25237031 0.06029117
0 0.58387043 0.00000000 0.57461867 0.05919356 0.54588918 0.05708171 0.53773451 0.14411698 0.56316031 0.15342167 0.56598307 0.19346313 0.58919247 0.19835593 0.61007401 0.00355373 0.59772756 0.00000000 0.58387043 0.00000000
0 1.00000000 0.15693457 0.98004340 0.15282384 0.97466501 0.20891312 0.99973811 0.21407776 1.00000000 0.21134657 1.00000000 0.15693457
0 1.00000000 0.09776473 0.98824673 0.09534375 0.98674139 0.09700587 0.98637044 0.10087435 0.98486545 0.10253654 0.98430905 0.10833902 0.98280405 0.11000121 0.98224765 0.11580368 0.98074265 0.11746587 0.97944440 0.13100481 0.97793941 0.13266700 0.97661952 0.13239513 0.97550673 0.14400008 0.97946570 0.14481556 0.98059980 0.14702136 1.00000000 0.15101748 1.00000000 0.09776473
0 0.14143098 0.50000000 0.16210587 0.64233365 0.19839061 0.64801056 0.22314031 0.81890291 0.23438258 0.82521755 0.28720664 0.80874098 0.28883758 0.79133393 0.26527970 0.67789009 0.26076329 0.61382376 0.24404843 0.50000000 0.14143098 0.50000000
0 0.91042403 0.84557681 0.90382596 0.84421772 0.89455287 0.94092334 0.90642948 0.94336972 0.90756352 0.94557602 0.90737807 0.94751001 0.91265660 0.94859730 0.91379070 0.95080310 0.91341975 0.95467158 0.92001783 0.95603068 0.92762177 0.87673199 0.92912715 0.87506938 0.93895663 0.77256128 0.94046163 0.77089909 0.94621097 0.71094133 0.94093244 0.70985404 0.93979835 0.70764824 0.94016929 0.70377976 0.93489077 0.70269247 0.93338538 0.70435509 0.92678731 0.70299599 0.91788512 0.79583362 0.91638012 0.79749581 0.91192903 0.84391463 0.91042403 0.84557681
0 0.88425246 0.73959748 0.88258327 0.75700491 0.88107827 0.75866710 0.87579974 0.75757981 0.87431604 0.77305275 0.87281071 0.77471487 0.87114156 0.79212180 0.86963656 0.79378399 0.86778192 0.81312541 0.86627692 0.81478760 0.86460773 0.83219503 0.86310273 0.83385721 0.86124813 0.85319814 0.85974313 0.85486033 0.85807393 0.87226775 0.85656860 0.87392987 0.85489945 0.89133680 0.85339440 0.89299949 0.85209621 0.90653794 0.86001383 0.90816884 0.86114822 0.91037520 0.86906584 0.91200610 0.87019994 0.91421190 0.87811790 0.91584287 0.87848885 0.91197439 0.87999385 0.91031220 0.88203394 0.88903679 0.88353894 0.88737460 0.88557904 0.86609918 0.88708437 0.86443706 0.88745532 0.86056858 0.88613543 0.86029671 0.88500134 0.85809091 0.88518679 0.85615691 0.88669179 0.85449473 0.88801167 0.85476660 0.88912447 0.84316165 0.89062947 0.84149946 0.89266956 0.82022405 0.89417456 0.81856186 0.89621466 0.79728644 0.89771999 0.79562432 0.89976009 0.77434891 0.90126509 0.77268672 0.90330518 0.75141131 0.90481018 0.74974912 0.90685028 0.72847371 0.90835527 0.72681152 0.91039537 0.70553610 0.91190037 0.70387391 0.91375497 0.68453299 0.89396074 0.68045570 0.89284799 0.69206016 0.89134265 0.69372228 0.88930256 0.71499769 0.88779756 0.71665988 0.88575746 0.73793529 0.88425246 0.73959748
0 0.85328049 0.69771627 0.85177516 0.69937839 0.85066241 0.71098285 0.84915736 0.71264553 0.84804461 0.72424999 0.84653962 0.72591217 0.83994154 0.72455308 0.83938514 0.73035555 0.83787976 0.73201817 0.83676701 0.74362262 0.83526201 0.74528481 0.83414921 0.75688977 0.83264421 0.75855195 0.83153146 0.77015641 0.83002608 0.77181903 0.82909878 0.78148949 0.82759379 0.78315168 0.82648099 0.79475663 0.82497599 0.79641882 0.82386319 0.80802377 0.82235820 0.80968596 0.82124545 0.82129041 0.81974040 0.82295310 0.81862765 0.83455755 0.81712232 0.83621967 0.81600952 0.84782462 0.81450452 0.84948681 0.81320627 0.86302576 0.81170127 0.86468795 0.81095943 0.87242441 0.82283603 0.87487080 0.82397013 0.87707660 0.82359918 0.88094508 0.82887771 0.88203237 0.83001181 0.88423817 0.82982636 0.88617216 0.83114624 0.88644404 0.83228029 0.88865033 0.83491972 0.88919401 0.83584707 0.87952305 0.83735207 0.87786086 0.83846487 0.86625591 0.83996986 0.86459372 0.84089716 0.85492326 0.84240216 0.85326107 0.84351496 0.84165612 0.84501996 0.83999393 0.84613271 0.82838947 0.84763809 0.82672686 0.84875084 0.81512240 0.85025584 0.81346022 0.85118318 0.80378926 0.85268818 0.80212707 0.85380098 0.79052212 0.85530631 0.78886000 0.85641906 0.77725554 0.85792411 0.77559286 0.85885141 0.76592240 0.86035640 0.76426021 0.86128370 0.75458975 0.86278870 0.75292756 0.86390150 0.74132261 0.86540650 0.73966042 0.86633384 0.72998946 0.86783918 0.72832734 0.86895193 0.71672288 0.87045698 0.71506020 0.87156973 0.70345574 0.87307472 0.70179355 0.87400202 0.69212309 0.87550740 0.69046048 0.87662015 0.67885602 0.87812515 0.67719383 0.87905250 0.66752287 0.88055750 0.66586069 0.88092840 0.66199270 0.87564987 0.66090541 0.87451582 0.65869912 0.87470127 0.65676512 0.86150478 0.65404686 0.85999978 0.65570905 0.85888698 0.66731400 0.85738199 0.66897619 0.85608374 0.68251514 0.85457874 0.68417733 0.85328049 0.69771627
0 0.82267913 0.65196651 0.82117414 0.65362869 0.82043229 0.66136516 0.81892695 0.66302728 0.81818510 0.67076375 0.81668010 0.67242594 0.81612371 0.67822842 0.81461866 0.67989110 0.81387686 0.68762707 0.81237181 0.68928976 0.81218636 0.69122375 0.81068136 0.69288594 0.80540250 0.69179858 0.80389745 0.69346126 0.80315565 0.70119724 0.80165061 0.70285992 0.80090876 0.71059639 0.79940376 0.71225858 0.79884736 0.71806105 0.79734236 0.71972324 0.79660051 0.72745971 0.79509518 0.72912183 0.79435333 0.73685830 0.79284828 0.73852098 0.79229193 0.74432296 0.79078693 0.74598515 0.79004504 0.75372212 0.78853970 0.75538424 0.78779785 0.76312071 0.78629286 0.76478289 0.78573646 0.77058537 0.78423146 0.77224756 0.78348961 0.77998403 0.78198461 0.78164622 0.78124276 0.78938269 0.77973777 0.79104487 0.77918137 0.79684735 0.77767598 0.79850996 0.77107791 0.79715087 0.77070701 0.80101886 0.76920201 0.80268104 0.76846016 0.81041751 0.76695511 0.81208020 0.76621331 0.81981617 0.76470793 0.82147879 0.76396608 0.82921525 0.76246108 0.83087744 0.76227563 0.83281144 0.76755416 0.83389873 0.76868826 0.83610453 0.76850276 0.83803901 0.77378129 0.83912630 0.77491573 0.84133217 0.77341039 0.84299429 0.77322489 0.84492878 0.78510183 0.84737523 0.78623593 0.84958103 0.78605048 0.85151503 0.78737003 0.85178683 0.78850413 0.85399263 0.79246311 0.85480812 0.79396811 0.85314593 0.79470995 0.84540946 0.79621529 0.84374734 0.79677169 0.83794486 0.79827669 0.83628267 0.79901854 0.82854621 0.80052358 0.82688352 0.80126538 0.81914755 0.80277043 0.81748486 0.80351228 0.80974839 0.80501727 0.80808621 0.80557367 0.80228373 0.80707901 0.80062161 0.80782086 0.79288514 0.80932586 0.79122295 0.81006770 0.78348648 0.81157275 0.78182380 0.81212910 0.77602182 0.81363444 0.77435970 0.81437633 0.76662274 0.81588133 0.76496055 0.81662318 0.75722408 0.81812818 0.75556189 0.81887003 0.74782542 0.82037502 0.74616323 0.82093142 0.74036076 0.82243642 0.73869857 0.82317827 0.73096210 0.82468361 0.72929998 0.82542550 0.72156302 0.82693050 0.71990083 0.82748685 0.71409885 0.82899190 0.71243616 0.82973375 0.70469969 0.83123908 0.70303757 0.83198093 0.69530111 0.83348593 0.69363892 0.83422778 0.68590245 0.83573277 0.68424026 0.83628917 0.67843778 0.83779422 0.67677510 0.83853602 0.66903913 0.84004107 0.66737644 0.84078291 0.65963997 0.84228825 0.65797785 0.84284465 0.65217538 0.84434965 0.65051319 0.84509149 0.64277672 0.84659649 0.64111453 0.84715289 0.63531205 0.84319391 0.63449657 0.84205981 0.63229077 0.84243076 0.62842229 0.82923461 0.62570410 0.82772961 0.62736629 0.82698771 0.63510325 0.82548238 0.63676537 0.82474053 0.64450184 0.82323553 0.64616403 0.82267913 0.65196651
0 0.79115047 0.61588720 0.78964548 0.61754939 0.78927453 0.62141787 0.78776953 0.62308006 0.78721313 0.62888254 0.78570813 0.63054473 0.78533723 0.63441271 0.78383219 0.63607540 0.78346129 0.63994338 0.78195590 0.64160600 0.78139955 0.64740798 0.77989455 0.64907017 0.77952361 0.65293865 0.77801861 0.65460084 0.77764766 0.65846932 0.77614232 0.66013144 0.77577142 0.66399943 0.77426638 0.66566211 0.76766830 0.66430302 0.76729740 0.66817100 0.76579236 0.66983369 0.76523601 0.67563567 0.76373067 0.67729779 0.76335972 0.68116627 0.76185472 0.68282846 0.76129832 0.68863093 0.75979333 0.69029312 0.75942238 0.69416160 0.75791738 0.69582379 0.75736098 0.70162627 0.75585598 0.70328846 0.75548508 0.70715644 0.75397970 0.70881906 0.75360880 0.71268704 0.75210375 0.71434973 0.75154740 0.72015171 0.75004240 0.72181390 0.74967146 0.72568238 0.74816612 0.72734450 0.74779517 0.73121298 0.74629017 0.73287517 0.74573378 0.73867764 0.74422878 0.74033983 0.74385783 0.74420831 0.74235283 0.74587050 0.74179648 0.75167248 0.74029143 0.75333517 0.73992054 0.75720315 0.73841515 0.75886577 0.73804425 0.76273375 0.73653925 0.76439594 0.73598285 0.77019842 0.73447786 0.77186061 0.73410691 0.77572909 0.73260157 0.77739121 0.73204517 0.78319368 0.73054018 0.78485587 0.72998378 0.79065835 0.72847878 0.79232054 0.72810788 0.79618852 0.72660283 0.79785121 0.72604643 0.80365368 0.73000508 0.80446910 0.73113951 0.80667497 0.73076861 0.81054295 0.73472759 0.81135844 0.73586169 0.81356424 0.73567619 0.81549873 0.73699574 0.81577053 0.73812984 0.81797633 0.74868689 0.82015091 0.75019189 0.81848872 0.75074829 0.81268624 0.75225363 0.81102413 0.75262458 0.80715564 0.75412957 0.80549346 0.75450052 0.80162497 0.75600552 0.79996279 0.75656187 0.79416080 0.75806725 0.79249819 0.75843815 0.78863020 0.75994320 0.78696752 0.76049955 0.78116554 0.76200455 0.77950335 0.76237550 0.77563487 0.76388050 0.77397268 0.76425144 0.77010420 0.76575644 0.76844201 0.76631284 0.76263953 0.76781818 0.76097741 0.76818912 0.75710893 0.76969412 0.75544674 0.77006502 0.75157876 0.77157002 0.74991657 0.77212642 0.74411409 0.77363180 0.74245148 0.77400270 0.73858349 0.77550770 0.73692130 0.77587865 0.73305282 0.77738365 0.73139063 0.77794005 0.72558816 0.77944504 0.72392597 0.77981594 0.72005798 0.78132099 0.71839530 0.78169189 0.71452731 0.78319727 0.71286470 0.78375363 0.70706271 0.78525862 0.70540053 0.78562957 0.70153204 0.78713457 0.69986986 0.78769097 0.69406738 0.78919630 0.69240526 0.78956725 0.68853678 0.79107225 0.68687459 0.79144320 0.68300611 0.79294820 0.68134392 0.79350455 0.67554194 0.79500959 0.67387926 0.79538049 0.67001127 0.79688554 0.66834859 0.79725644 0.66448060 0.79876177 0.66281848 0.79931817 0.65701600 0.80082317 0.65535381 0.80119412 0.65148533 0.80269912 0.64982314 0.80325552 0.64402067 0.80476085 0.64235855 0.80513180 0.63849007 0.80663680 0.63682788 0.80700770 0.63295989 0.80851270 0.63129770 0.80906910 0.62549523 0.81057414 0.62383254 0.81094504 0.61996456 0.81245004 0.61830237 0.81282099 0.61443389 0.81432632 0.61277177 0.81469727 0.60890329 0.81073829 0.60808780 0.80847010 0.60367620 0.80865555 0.60174221 0.79677860 0.59929576 0.79527361 0.60095794 0.79508815 0.60289194 0.79358316 0.60455413 0.79302676 0.61035660 0.79152137 0.61201922 0.79115047 0.61588720
0 1.00000000 0.59579254 0.99503025 0.59476885 0.99484480 0.59670285 0.99333980 0.59836504 0.99241246 0.60803599 0.99090746 0.60969818 0.99204156 0.61190398 0.99336111 0.61217579 0.99449520 0.61438158 0.99430970 0.61631607 0.99280471 0.61797826 0.99206286 0.62571473 0.99055786 0.62737692 0.98659888 0.62656143 0.98509388 0.62822362 0.98472293 0.63209210 0.98321760 0.63375422 0.98266120 0.63955670 0.98115620 0.64121889 0.98078525 0.64508737 0.98191935 0.64729317 0.98719822 0.64838053 0.98833231 0.65058633 0.98814682 0.65252081 0.98928091 0.65472661 0.99323989 0.65554210 0.99437399 0.65774790 0.99418854 0.65968189 0.99532264 0.66188769 1.00000000 0.66285115 1.00000000 0.59579254
0 0.81780713 0.54840234 0.81743623 0.55227033 0.81593118 0.55393301 0.81574573 0.55586700 0.81424074 0.55752919 0.81386983 0.56139718 0.81236479 0.56305986 0.81217934 0.56499386 0.81613798 0.56580927 0.81954057 0.57242723 0.82745819 0.57405813 0.82859262 0.57626400 0.82822172 0.58013199 0.83745889 0.58203469 0.83859328 0.58424106 0.83822238 0.58810904 0.84350091 0.58919633 0.84463496 0.59140263 0.84444951 0.59333662 0.85236747 0.59496759 0.85350157 0.59717339 0.85331612 0.59910738 0.85991420 0.60046648 0.86104829 0.60267228 0.86236818 0.60294415 0.86463633 0.60735624 0.86859530 0.60817173 0.86972940 0.61037753 0.86954390 0.61231202 0.88274039 0.61503028 0.88387449 0.61723607 0.88350359 0.62110406 0.88878212 0.62219135 0.88991622 0.62439715 0.88973072 0.62633164 0.89500925 0.62741893 0.89614335 0.62962473 0.89878278 0.63016841 0.89991688 0.63237420 0.89973138 0.63430869 0.90896889 0.63621147 0.91010299 0.63841727 0.90991754 0.64035126 0.91387652 0.64116674 0.91614471 0.64557834 0.91595921 0.64751283 0.92519672 0.64941561 0.92633082 0.65162140 0.92614537 0.65355540 0.93538288 0.65545817 0.93651693 0.65766446 0.93614603 0.66153245 0.94670308 0.66370703 0.94783718 0.66591283 0.94765173 0.66784682 0.95556969 0.66947779 0.95612604 0.66367581 0.95763104 0.66201362 0.95818744 0.65621115 0.95969249 0.65454846 0.96006339 0.65068048 0.96156872 0.64901836 0.96193967 0.64514988 0.95666114 0.64406259 0.95552705 0.64185679 0.95589799 0.63798831 0.94666048 0.63608553 0.94552639 0.63387973 0.94589729 0.63001175 0.93402035 0.62756529 0.93061776 0.62094733 0.93080321 0.61901334 0.92966916 0.61680704 0.92175154 0.61517614 0.91834891 0.60855868 0.91702936 0.60828687 0.91589526 0.60608107 0.91457538 0.60580920 0.91344133 0.60360291 0.91212178 0.60333110 0.91098735 0.60112523 0.90966780 0.60085343 0.90853370 0.59864763 0.90061574 0.59701666 0.89948169 0.59481037 0.89966714 0.59287637 0.89570850 0.59206096 0.89230587 0.58544349 0.88966643 0.58489981 0.88853238 0.58269352 0.88589329 0.58214991 0.88475885 0.57994404 0.88211976 0.57940043 0.88098532 0.57719456 0.87966577 0.57692276 0.87853173 0.57471646 0.87721218 0.57444466 0.87607808 0.57223886 0.87475820 0.57196698 0.87362410 0.56976119 0.87230455 0.56948938 0.87117011 0.56728351 0.85929351 0.56483713 0.85815941 0.56263133 0.85683986 0.56235953 0.85457138 0.55794736 0.85475683 0.55601337 0.85362278 0.55380708 0.85098335 0.55326340 0.84984924 0.55105770 0.84852969 0.55078589 0.84739561 0.54857999 0.84758106 0.54664590 0.83834355 0.54474313 0.83720947 0.54253718 0.83758040 0.53866895 0.83230187 0.53758165 0.83116744 0.53537569 0.83135291 0.53344154 0.82343528 0.53181064 0.82306436 0.53567888 0.82155935 0.53734117 0.82118842 0.54120945 0.81968308 0.54287167 0.81931218 0.54673966 0.81780713 0.54840234
0 1.00000000 0.53267832 0.99040799 0.53070252 0.98985160 0.53650490 0.98834659 0.53816718 0.98593558 0.56331068 0.98857468 0.56385429 0.98970876 0.56606024 0.98915238 0.57186257 0.99838989 0.57376534 0.99952397 0.57597129 0.99933851 0.57790543 1.00000000 0.57804169 1.00000000 0.53267832
0 0.80213349 0.50000000 0.80077320 0.50150245 0.80040227 0.50537074 0.79889726 0.50703302 0.79852634 0.51090126 0.79702133 0.51256359 0.79665041 0.51643178 0.79514539 0.51809412 0.79477447 0.52196235 0.79326913 0.52362457 0.79289820 0.52749285 0.79139319 0.52915514 0.79102226 0.53302337 0.78951725 0.53468571 0.78914633 0.53855390 0.78764100 0.54021592 0.78727006 0.54408440 0.79254892 0.54517176 0.79405392 0.54350957 0.79669302 0.54405318 0.79706395 0.54018480 0.79856896 0.53852251 0.79893989 0.53465428 0.80044524 0.53299201 0.80081616 0.52912382 0.80232117 0.52746149 0.80269209 0.52359325 0.80419710 0.52193096 0.80456803 0.51806268 0.80607337 0.51640046 0.80662976 0.51059809 0.80813477 0.50893580 0.80850570 0.50506756 0.81001071 0.50340523 0.81033724 0.50000000 0.80213349 0.50000000
