0 0.37409845 0.28296744 0.40277437 0.28937052 0.41528189 0.27059508 0.45161247 0.27331531 0.52348815 0.05480974 0.50478495 0.04254539 0.45991158 0.03117755 0.45266133 0.03360269 0.44346838 0.05716228 0.42718383 0.11283879 0.45957872 0.12276831 0.45693558 0.14105034 0.41758648 0.13765610 0.36746932 0.27339912 0.37409845 0.28296744
0 0.66875000 0.26415627 0.66961527 0.26325277 0.67211500 0.26446388 0.67302988 0.26732982 0.68677830 0.27399093 0.68912261 0.25817107 0.69070732 0.25651680 0.69640065 0.21809708 0.69798536 0.21644281 0.69923523 0.21704837 0.70081998 0.21539412 0.73456622 0.23174415 0.73490109 0.22948434 0.73648574 0.22783004 0.74552800 0.16681102 0.74711274 0.16515614 0.73711390 0.16031171 0.73619900 0.15744638 0.72744993 0.15320747 0.72108686 0.19614682 0.71950220 0.19780112 0.71700233 0.19658993 0.71608743 0.19372460 0.68109149 0.17676909 0.66875000 0.26005199 0.66875000 0.26415627
0 0.75283238 0.00000000 0.75138292 0.00978128 0.74979828 0.01143546 0.74678414 0.03177552 0.74519949 0.03342982 0.72645165 0.02434650 0.72544693 0.03112652 0.72636192 0.03399190 0.72401762 0.04981175 0.72243287 0.05146600 0.70118535 0.04117159 0.69046862 0.11349026 0.69171848 0.11409581 0.69330321 0.11244155 0.69497776 0.10114133 0.69656251 0.09948707 0.70406161 0.10312038 0.70497660 0.10598576 0.74497181 0.12536341 0.74588694 0.12822947 0.75088637 0.13065169 0.75557498 0.09901198 0.75715963 0.09735768 0.76586701 0.03859848 0.76745166 0.03694418 0.77292633 0.00000000 0.75283238 0.00000000
0 0.00000000 0.93436282 0.06078300 0.94793511 0.16087670 0.87608848 0.16165237 0.87373146 0.04062567 0.76242259 0.00000000 0.79107030 0.00000000 0.93436282
0 0.34998540 0.70785847 0.29491093 0.87515295 0.29394215 0.87930285 0.38902993 0.90934438 0.47157735 0.92777648 0.52328899 0.76695108 0.34998540 0.70785847
0 0.64938166 0.88794564 0.58167177 0.87282663 0.57397308 0.87142437 0.55731097 0.91268446 0.54823370 0.94091515 0.60968352 0.95608411 0.62397554 0.95868901 0.64930967 0.88816951 0.64938166 0.88794564
0 0.91055891 1.00000000 0.91404188 0.98426270 0.91562685 0.98315514 0.92562569 0.98639880 0.92763503 0.97731986 0.92921977 0.97621181 0.93055928 0.97015944 0.91181137 0.96407755 0.91089655 0.96215864 0.88589945 0.95404948 0.88498455 0.95213096 0.88123491 0.95091455 0.87922556 0.95999350 0.87764082 0.96110155 0.87264140 0.95947971 0.87172659 0.95756080 0.85922788 0.95350617 0.85788820 0.95955932 0.85630355 0.96066698 0.84759840 1.00000000 0.90118203 1.00000000 0.90127427 0.99958323 0.90285901 0.99847518 0.90755937 1.00000000 0.91055891 1.00000000
0 0.94906849 0.88047574 0.92032174 0.87115018 0.91864727 0.87871603 0.91706262 0.87982369 0.89956448 0.87414723 0.89788993 0.88171346 0.89630528 0.88282113 0.87880747 0.87714477 0.87722250 0.87825233 0.87286885 0.89792369 0.89036698 0.90360015 0.89128179 0.90551907 0.88793286 0.92065077 0.88634821 0.92175843 0.88509811 0.92135289 0.88418321 0.91943437 0.86918495 0.91456887 0.86449634 0.93575372 0.87949460 0.94061921 0.88040950 0.94253774 0.91415567 0.95348513 0.91507089 0.95540376 0.94131777 0.96391834 0.94466670 0.94878664 0.94625144 0.94767860 0.95500051 0.95051683 0.95868440 0.93387165 0.96026906 0.93276399 0.96901812 0.93560222 0.97270193 0.91895742 0.97428667 0.91784937 0.97803631 0.91906577 0.98573890 0.88426271 0.97574006 0.88101904 0.97482524 0.87910013 0.96232653 0.87504550 0.96165669 0.87807207 0.96007204 0.87917973 0.95906733 0.88371940 0.95748236 0.88482696 0.94998338 0.88239426 0.94906849 0.88047574
0 1.00000000 0.64561412 0.89598981 0.61187281 0.88828716 0.64667619 0.88920204 0.64859479 0.88350880 0.67431891 0.88192415 0.67542657 0.88024960 0.68299281 0.88116450 0.68491134 0.87949003 0.69247719 0.88040484 0.69439610 0.87839550 0.70347504 0.87931040 0.70539357 0.87797081 0.71144632 0.88422033 0.71347369 0.88513522 0.71539221 0.93637921 0.73201596 0.93771871 0.72596359 0.93930345 0.72485555 0.97554949 0.73661390 0.97755883 0.72753496 0.97914349 0.72642730 0.98164304 0.72723816 0.98255825 0.72915679 1.00000000 0.73481496 1.00000000 0.64561412
0 0.70728647 0.59895833 0.70553900 0.60685403 0.74803392 0.62063955 0.74894913 0.62255818 0.74760954 0.62861094 0.74852444 0.63052946 0.74718485 0.63658222 0.74809967 0.63850113 0.74676016 0.64455350 0.74767529 0.64647252 0.74667058 0.65101218 0.74758548 0.65293071 0.74624589 0.65898346 0.74716079 0.66090199 0.74582120 0.66695475 0.74673609 0.66887327 0.74539650 0.67492603 0.74631132 0.67684494 0.74497181 0.68289731 0.74588694 0.68481633 0.74488223 0.68935599 0.74579713 0.69127452 0.74412266 0.69884037 0.74503756 0.70075889 0.74403285 0.70529856 0.78402821 0.71827321 0.78536780 0.71222045 0.78695277 0.71111290 0.79320197 0.71314016 0.79387181 0.71011359 0.79295659 0.70819496 0.79429618 0.70214220 0.79338128 0.70022367 0.79472087 0.69417092 0.79380597 0.69225239 0.79514565 0.68619925 0.79423075 0.68428072 0.79557034 0.67822796 0.79465544 0.67630944 0.79599503 0.67025668 0.79507982 0.66833805 0.79641941 0.66228530 0.79550459 0.66036638 0.79684410 0.65431401 0.79592928 0.65239510 0.79726887 0.64634234 0.79635366 0.64442372 0.79769325 0.63837096 0.79677835 0.63645243 0.79811794 0.63039968 0.79720304 0.62848115 0.79854272 0.62242801 0.79762780 0.62050956 0.79896739 0.61445680 0.79805251 0.61253820 0.79905721 0.60799861 0.79814200 0.60607990 0.79948160 0.60002715 0.79897193 0.59895833 0.70728647 0.59895833
